case_id,task,question,questionnaire,expected_answer,prompt,Response,Correct
case_1,multi_hop_relational_inference,Which respondent numbers have Gender Male and Medical Condition Cancer?,"<!DOCTYPE html>
<html>
<head>
<title>Survey Data</title>
</head>
<body>
<h1>Questions</h1>
<ul>
  <li><strong>Name:</strong> What is your name? [Open-ended]</li>
  <li><strong>Age:</strong> What is your age? [Open-ended]</li>
  <li><strong>Gender:</strong> What is your gender? [MCQ: A. Female B. Male]</li>
  <li><strong>Blood Type:</strong> What is your blood type? [MCQ: A. A+ B. A- C. AB+ D. AB- E. B+ F. B- G. O+ H. O-]</li>
  <li><strong>Medical Condition:</strong> What is your medical condition? [MCQ: A. Arthritis B. Asthma C. Cancer D. Diabetes E. Hypertension F. Obesity]</li>
  <li><strong>Date of Admission:</strong> What is your date of admission? [Open-ended]</li>
  <li><strong>Doctor:</strong> What is your doctor? [Open-ended]</li>
  <li><strong>Hospital:</strong> What is your hospital? [Open-ended]</li>
  <li><strong>Insurance Provider:</strong> What is your insurance provider? [MCQ: A. Aetna B. Blue Cross C. Cigna D. Medicare E. UnitedHealthcare]</li>
  <li><strong>Billing Amount:</strong> What is your billing amount? [Open-ended]</li>
  <li><strong>Room Number:</strong> What is your room number? [Open-ended]</li>
  <li><strong>Admission Type:</strong> What is your admission type? [MCQ: A. Elective B. Emergency C. Urgent]</li>
  <li><strong>Discharge Date:</strong> What is your discharge date? [Open-ended]</li>
  <li><strong>Medication:</strong> What is your medication? [MCQ: A. Aspirin B. Ibuprofen C. Lipitor D. Paracetamol E. Penicillin]</li>
  <li><strong>Test Results:</strong> What is your test results? [MCQ: A. Abnormal B. Inconclusive C. Normal]</li>
</ul>
<h1>Responses</h1>
<h2>Respondent 133</h2>
<ul>
  <li><strong>Name:</strong> ashLEy ERIcKSoN</li>
  <li><strong>Age:</strong> 32</li>
  <li><strong>Gender:</strong> a</li>
  <li><strong>Blood Type:</strong> d</li>
  <li><strong>Medical Condition:</strong> c</li>
  <li><strong>Date of Admission:</strong> 2019-11-05</li>
  <li><strong>Doctor:</strong> Gerald Hooper</li>
  <li><strong>Hospital:</strong> and Johnson Moore, Branch</li>
  <li><strong>Insurance Provider:</strong> a</li>
  <li><strong>Billing Amount:</strong> -503</li>
  <li><strong>Room Number:</strong> 376</li>
  <li><strong>Admission Type:</strong> c</li>
  <li><strong>Discharge Date:</strong> 2019-11-23</li>
  <li><strong>Medication:</strong> e</li>
  <li><strong>Test Results:</strong> c</li>
</ul>
<h2>Respondent 63</h2>
<ul>
  <li><strong>Name:</strong> tRAvIs carTeR</li>
  <li><strong>Age:</strong> 18</li>
  <li><strong>Gender:</strong> b</li>
  <li><strong>Blood Type:</strong> a</li>
  <li><strong>Medical Condition:</strong> c</li>
  <li><strong>Date of Admission:</strong> 2022-07-06</li>
  <li><strong>Doctor:</strong> Megan Hahn</li>
  <li><strong>Hospital:</strong> Moss and Ferguson, Baker</li>
  <li><strong>Insurance Provider:</strong> e</li>
  <li><strong>Billing Amount:</strong> 48407</li>
  <li><strong>Room Number:</strong> 325</li>
  <li><strong>Admission Type:</strong> b</li>
  <li><strong>Discharge Date:</strong> 2022-07-18</li>
  <li><strong>Medication:</strong> a</li>
  <li><strong>Test Results:</strong> c</li>
</ul>
<h2>Respondent 116</h2>
<ul>
  <li><strong>Name:</strong> reBEcCA PARsONs</li>
  <li><strong>Age:</strong> 37</li>
  <li><strong>Gender:</strong> a</li>
  <li><strong>Blood Type:</strong> g</li>
  <li><strong>Medical Condition:</strong> b</li>
  <li><strong>Date of Admission:</strong> 2019-12-02</li>
  <li><strong>Doctor:</strong> Steven Adams</li>
  <li><strong>Hospital:</strong> Group White</li>
  <li><strong>Insurance Provider:</strong> a</li>
  <li><strong>Billing Amount:</strong> 8521</li>
  <li><strong>Room Number:</strong> 476</li>
  <li><strong>Admission Type:</strong> a</li>
  <li><strong>Discharge Date:</strong> 2019-12-13</li>
  <li><strong>Medication:</strong> e</li>
  <li><strong>Test Results:</strong> a</li>
</ul>
</body>
</html>",63,"Which respondent numbers have Gender Male and Medical Condition Cancer?

DATA:

<!DOCTYPE html>
<html>
<head>
<title>Survey Data</title>
</head>
<body>
<h1>Questions</h1>
<ul>
  <li><strong>Name:</strong> What is your name? [Open-ended]</li>
  <li><strong>Age:</strong> What is your age? [Open-ended]</li>
  <li><strong>Gender:</strong> What is your gender? [MCQ: A. Female B. Male]</li>
  <li><strong>Blood Type:</strong> What is your blood type? [MCQ: A. A+ B. A- C. AB+ D. AB- E. B+ F. B- G. O+ H. O-]</li>
  <li><strong>Medical Condition:</strong> What is your medical condition? [MCQ: A. Arthritis B. Asthma C. Cancer D. Diabetes E. Hypertension F. Obesity]</li>
  <li><strong>Date of Admission:</strong> What is your date of admission? [Open-ended]</li>
  <li><strong>Doctor:</strong> What is your doctor? [Open-ended]</li>
  <li><strong>Hospital:</strong> What is your hospital? [Open-ended]</li>
  <li><strong>Insurance Provider:</strong> What is your insurance provider? [MCQ: A. Aetna B. Blue Cross C. Cigna D. Medicare E. UnitedHealthcare]</li>
  <li><strong>Billing Amount:</strong> What is your billing amount? [Open-ended]</li>
  <li><strong>Room Number:</strong> What is your room number? [Open-ended]</li>
  <li><strong>Admission Type:</strong> What is your admission type? [MCQ: A. Elective B. Emergency C. Urgent]</li>
  <li><strong>Discharge Date:</strong> What is your discharge date? [Open-ended]</li>
  <li><strong>Medication:</strong> What is your medication? [MCQ: A. Aspirin B. Ibuprofen C. Lipitor D. Paracetamol E. Penicillin]</li>
  <li><strong>Test Results:</strong> What is your test results? [MCQ: A. Abnormal B. Inconclusive C. Normal]</li>
</ul>
<h1>Responses</h1>
<h2>Respondent 133</h2>
<ul>
  <li><strong>Name:</strong> ashLEy ERIcKSoN</li>
  <li><strong>Age:</strong> 32</li>
  <li><strong>Gender:</strong> a</li>
  <li><strong>Blood Type:</strong> d</li>
  <li><strong>Medical Condition:</strong> c</li>
  <li><strong>Date of Admission:</strong> 2019-11-05</li>
  <li><strong>Doctor:</strong> Gerald Hooper</li>
  <li><strong>Hospital:</strong> and Johnson Moore, Branch</li>
  <li><strong>Insurance Provider:</strong> a</li>
  <li><strong>Billing Amount:</strong> -503</li>
  <li><strong>Room Number:</strong> 376</li>
  <li><strong>Admission Type:</strong> c</li>
  <li><strong>Discharge Date:</strong> 2019-11-23</li>
  <li><strong>Medication:</strong> e</li>
  <li><strong>Test Results:</strong> c</li>
</ul>
<h2>Respondent 63</h2>
<ul>
  <li><strong>Name:</strong> tRAvIs carTeR</li>
  <li><strong>Age:</strong> 18</li>
  <li><strong>Gender:</strong> b</li>
  <li><strong>Blood Type:</strong> a</li>
  <li><strong>Medical Condition:</strong> c</li>
  <li><strong>Date of Admission:</strong> 2022-07-06</li>
  <li><strong>Doctor:</strong> Megan Hahn</li>
  <li><strong>Hospital:</strong> Moss and Ferguson, Baker</li>
  <li><strong>Insurance Provider:</strong> e</li>
  <li><strong>Billing Amount:</strong> 48407</li>
  <li><strong>Room Number:</strong> 325</li>
  <li><strong>Admission Type:</strong> b</li>
  <li><strong>Discharge Date:</strong> 2022-07-18</li>
  <li><strong>Medication:</strong> a</li>
  <li><strong>Test Results:</strong> c</li>
</ul>
<h2>Respondent 116</h2>
<ul>
  <li><strong>Name:</strong> reBEcCA PARsONs</li>
  <li><strong>Age:</strong> 37</li>
  <li><strong>Gender:</strong> a</li>
  <li><strong>Blood Type:</strong> g</li>
  <li><strong>Medical Condition:</strong> b</li>
  <li><strong>Date of Admission:</strong> 2019-12-02</li>
  <li><strong>Doctor:</strong> Steven Adams</li>
  <li><strong>Hospital:</strong> Group White</li>
  <li><strong>Insurance Provider:</strong> a</li>
  <li><strong>Billing Amount:</strong> 8521</li>
  <li><strong>Room Number:</strong> 476</li>
  <li><strong>Admission Type:</strong> a</li>
  <li><strong>Discharge Date:</strong> 2019-12-13</li>
  <li><strong>Medication:</strong> e</li>
  <li><strong>Test Results:</strong> a</li>
</ul>
</body>
</html>

Answer: 63

<!DOCTYPE html>
<html>
<head>
<title>Survey Data</title>
</head>
<body>
<h1>Questions</h1>
<ul>
  <li><strong>Name:</strong> What is your name? [Open-ended]</li>
  <li><strong>Age:</strong> What is your age? [Open-ended]</li>
  <li><strong>Gender:</strong> What is your gender? [MCQ: A. Female B. Male]</li>
  <li><strong>Blood Type:</strong> What is your blood type? [MCQ: A. A+ B. A- C. AB+ D. AB- E. B+ F. B- G. O+ H. O-]</li>
  <li><strong>Medical Condition:</strong> What is your medical condition? [MCQ: A. Arthritis B. Asthma C. Cancer D. Diabetes E. Hypertension F. Obesity]</li>
  <li><strong>Date of Admission:</strong> What is your date of admission? [Open-ended]</li>
  <li><strong>Doctor:</strong> What is your doctor? [Open-ended]</li>
  <li><strong>Hospital:</strong> What is your hospital? [Open-ended]</li>
  <li><strong>Insurance Provider:</strong> What is your insurance provider? [MCQ: A. Aetna B. Blue Cross C. Cigna D. Medicare E. UnitedHealthcare]</li>
  <li><strong>Billing Amount:</strong> What is your billing amount? [Open-ended]</li>
  <li><strong>Room Number:</strong> What is your room number? [Open-ended]</li>
  <li><strong>Admission Type:</strong> What is your admission type? [MCQ: A. Elective B. Emergency C. Urgent]</li>
  <li><strong>Discharge Date:</strong> What is your discharge date? [Open-ended]</li>
  <li><strong>Medication:</strong> What is your medication? [MCQ: A. Aspirin B. Ibuprofen C. Lipitor D. Paracetamol E. Penicillin]</li>
  <li><strong>Test Results:</strong> What is your test results? [MCQ: A. Abnormal B. Inconclusive C. Normal]</li>
</ul>
<h1>Responses</h1>
<h2>Respondent 133</h2>
<ul>
  <li><strong>Name:</strong> ashLEy ERIcKSoN</li>
  <li><strong>Age:</strong> 32</li>
  <li><strong>Gender:</strong> a</li>
  <li><strong>Blood Type:</strong> d</li>
  <li><strong>Medical Condition:</strong> c</li>
  <li><strong>Date of Admission:</strong> 2019-11-05</li>
  <li><strong>Doctor:</strong> Gerald Hooper</li>
  <li><strong>Hospital:</strong> and Johnson Moore, Branch</li>
  <li><strong>Insurance Provider:</strong> a</li>
  <li><strong>Billing Amount:</strong> -503</li>
  <li><strong>Room Number:</strong> 376</li>
  <li><strong>Admission Type:</strong> c</li>
  <li><strong>Discharge Date:</strong> 2019-11-23</li>
  <li><strong>Medication:</strong> e</li>
  <li><strong>Test Results:</strong> c</li>
</ul>
<h2>Respondent 63</h2>
<ul>
  <li><strong>Name:</strong> tRAvIs carTeR</li>
  <li><strong>Age:</strong> 18</li>
  <li><strong>Gender:</strong> b</li>
  <li><strong>Blood Type:</strong> a</li>
  <li><strong>Medical Condition:</strong> c</li>
  <li><strong>Date of Admission:</strong> 2022-07-06</li>
  <li><strong>Doctor:</strong> Megan Hahn</li>
  <li><strong>Hospital:</strong> Moss and Ferguson, Baker</li>
  <li><strong>Insurance Provider:</strong> e</li>
  <li><strong>Billing Amount:</strong> 48407</li>
  <li><strong>Room Number:</strong> 325</li>
  <li><strong>Admission Type:</strong> b</li>
  <li><strong>Discharge Date:</strong> 2022-07-18</li>
  <li><strong>Medication:</strong> a</li>
  <li><strong>Test Results:</strong> c</li>
</ul>
<h2>Respondent 116</h2>
<ul>
  <li><strong>Name:</strong> reBEcCA PARsONs</li>
  <li><strong>Age:</strong> 37</li>
  <li><strong>Gender:</strong> a</li>
  <li><strong>Blood Type:</strong> g</li>
  <li><strong>Medical Condition:</strong> b</li>
  <li><strong>Date of Admission:</strong> 2019-12-02</li>
  <li><strong>Doctor:</strong> Steven Adams</li>
  <li><strong>Hospital:</strong> Group White</li>
  <li><strong>Insurance Provider:</strong> a</li>
  <li><strong>Billing Amount:</strong> 8521</li>
  <li><strong>Room Number:</strong> 476</li>
  <li><strong>Admission Type:</strong> a</li>
  <li><strong>Discharge Date:</strong> 2019-12-13</li>
  <li><strong>Medication:</strong> e</li>
  <li><strong>Test Results:</strong> a</li>
</ul>
</body>
</html>

You are a meticulous data analyst AI. Your primary function is to accurately analyze structured data and provide precise, verifiable answers.

You will be given a dataset with two key parts:

A 'questions' section: This is your data dictionary or schema. It is the single source of truth for understanding what each field and score means. Refer to it carefully.

A 'responses' section: This contains the raw data from each individual respondent.

To answer the question correctly, you must first use the 'questions' schema to fully understand the context and meaning of the data points within the 'responses'. Do not rely on any prior knowledge outside of this provided data. Base your entire analysis on the information given.

Provide your final answer directly and concisely. Output must be the human-readable value, not an option code.

Rules:
- For MCQ fields, map any letter codes in the Responses (case-insensitive) to the corresponding option text from the Questions schema, and output only that text. Do NOT include the letter or both.
  Example: If the schema is ""[MCQ: A. Abnormal B. Inconclusive C. Normal]"" and the response is ""a"", output ""Abnormal"".
- For open-ended fields, output the exact text value.
- If the question asks for a count, provide only the number (e.g., ""42"").
- If the question asks for a list of names or IDs, provide a simple comma-separated list (e.g., ""17, 21, 23"").
- Preserve capitalization exactly as in the schema (e.g., output ""Abnormal"", not ""abnormal"" or ""A"").

Which respondent numbers have Gender Male and Medical Condition Cancer?",,
case_2,multi_hop_relational_inference,Which respondent numbers have Gender Female and Blood Type O+?,"<!DOCTYPE html>
<html>
<head>
<title>Survey Data</title>
</head>
<body>
<h1>Questions</h1>
<ul>
  <li><strong>Name:</strong> What is your name? [Open-ended]</li>
  <li><strong>Age:</strong> What is your age? [Open-ended]</li>
  <li><strong>Gender:</strong> What is your gender? [MCQ: A. Female B. Male]</li>
  <li><strong>Blood Type:</strong> What is your blood type? [MCQ: A. A+ B. A- C. AB+ D. AB- E. B+ F. B- G. O+ H. O-]</li>
  <li><strong>Medical Condition:</strong> What is your medical condition? [MCQ: A. Arthritis B. Asthma C. Cancer D. Diabetes E. Hypertension F. Obesity]</li>
  <li><strong>Date of Admission:</strong> What is your date of admission? [Open-ended]</li>
  <li><strong>Doctor:</strong> What is your doctor? [Open-ended]</li>
  <li><strong>Hospital:</strong> What is your hospital? [Open-ended]</li>
  <li><strong>Insurance Provider:</strong> What is your insurance provider? [MCQ: A. Aetna B. Blue Cross C. Cigna D. Medicare E. UnitedHealthcare]</li>
  <li><strong>Billing Amount:</strong> What is your billing amount? [Open-ended]</li>
  <li><strong>Room Number:</strong> What is your room number? [Open-ended]</li>
  <li><strong>Admission Type:</strong> What is your admission type? [MCQ: A. Elective B. Emergency C. Urgent]</li>
  <li><strong>Discharge Date:</strong> What is your discharge date? [Open-ended]</li>
  <li><strong>Medication:</strong> What is your medication? [MCQ: A. Aspirin B. Ibuprofen C. Lipitor D. Paracetamol E. Penicillin]</li>
  <li><strong>Test Results:</strong> What is your test results? [MCQ: A. Abnormal B. Inconclusive C. Normal]</li>
</ul>
<h1>Responses</h1>
<h2>Respondent 54</h2>
<ul>
  <li><strong>Name:</strong> PeGGY LEe</li>
  <li><strong>Age:</strong> 24</li>
  <li><strong>Gender:</strong> a</li>
  <li><strong>Blood Type:</strong> b</li>
  <li><strong>Medical Condition:</strong> f</li>
  <li><strong>Date of Admission:</strong> 2022-04-08</li>
  <li><strong>Doctor:</strong> Patrick Burns</li>
  <li><strong>Hospital:</strong> Nelson Walker Myers, and</li>
  <li><strong>Insurance Provider:</strong> e</li>
  <li><strong>Billing Amount:</strong> 6768</li>
  <li><strong>Room Number:</strong> 180</li>
  <li><strong>Admission Type:</strong> a</li>
  <li><strong>Discharge Date:</strong> 2022-04-13</li>
  <li><strong>Medication:</strong> c</li>
  <li><strong>Test Results:</strong> a</li>
</ul>
<h2>Respondent 116</h2>
<ul>
  <li><strong>Name:</strong> reBEcCA PARsONs</li>
  <li><strong>Age:</strong> 37</li>
  <li><strong>Gender:</strong> a</li>
  <li><strong>Blood Type:</strong> g</li>
  <li><strong>Medical Condition:</strong> b</li>
  <li><strong>Date of Admission:</strong> 2019-12-02</li>
  <li><strong>Doctor:</strong> Steven Adams</li>
  <li><strong>Hospital:</strong> Group White</li>
  <li><strong>Insurance Provider:</strong> a</li>
  <li><strong>Billing Amount:</strong> 8521</li>
  <li><strong>Room Number:</strong> 476</li>
  <li><strong>Admission Type:</strong> a</li>
  <li><strong>Discharge Date:</strong> 2019-12-13</li>
  <li><strong>Medication:</strong> e</li>
  <li><strong>Test Results:</strong> a</li>
</ul>
<h2>Respondent 22</h2>
<ul>
  <li><strong>Name:</strong> ChRISToPHEr BRiGhT</li>
  <li><strong>Age:</strong> 48</li>
  <li><strong>Gender:</strong> b</li>
  <li><strong>Blood Type:</strong> e</li>
  <li><strong>Medical Condition:</strong> b</li>
  <li><strong>Date of Admission:</strong> 2020-01-21</li>
  <li><strong>Doctor:</strong> Gregory Smith</li>
  <li><strong>Hospital:</strong> Williams-Davis</li>
  <li><strong>Insurance Provider:</strong> a</li>
  <li><strong>Billing Amount:</strong> 17696</li>
  <li><strong>Room Number:</strong> 295</li>
  <li><strong>Admission Type:</strong> c</li>
  <li><strong>Discharge Date:</strong> 2020-02-09</li>
  <li><strong>Medication:</strong> c</li>
  <li><strong>Test Results:</strong> c</li>
</ul>
</body>
</html>",116,"Which respondent numbers have Gender Male and Medical Condition Cancer?

DATA:

<!DOCTYPE html>
<html>
<head>
<title>Survey Data</title>
</head>
<body>
<h1>Questions</h1>
<ul>
  <li><strong>Name:</strong> What is your name? [Open-ended]</li>
  <li><strong>Age:</strong> What is your age? [Open-ended]</li>
  <li><strong>Gender:</strong> What is your gender? [MCQ: A. Female B. Male]</li>
  <li><strong>Blood Type:</strong> What is your blood type? [MCQ: A. A+ B. A- C. AB+ D. AB- E. B+ F. B- G. O+ H. O-]</li>
  <li><strong>Medical Condition:</strong> What is your medical condition? [MCQ: A. Arthritis B. Asthma C. Cancer D. Diabetes E. Hypertension F. Obesity]</li>
  <li><strong>Date of Admission:</strong> What is your date of admission? [Open-ended]</li>
  <li><strong>Doctor:</strong> What is your doctor? [Open-ended]</li>
  <li><strong>Hospital:</strong> What is your hospital? [Open-ended]</li>
  <li><strong>Insurance Provider:</strong> What is your insurance provider? [MCQ: A. Aetna B. Blue Cross C. Cigna D. Medicare E. UnitedHealthcare]</li>
  <li><strong>Billing Amount:</strong> What is your billing amount? [Open-ended]</li>
  <li><strong>Room Number:</strong> What is your room number? [Open-ended]</li>
  <li><strong>Admission Type:</strong> What is your admission type? [MCQ: A. Elective B. Emergency C. Urgent]</li>
  <li><strong>Discharge Date:</strong> What is your discharge date? [Open-ended]</li>
  <li><strong>Medication:</strong> What is your medication? [MCQ: A. Aspirin B. Ibuprofen C. Lipitor D. Paracetamol E. Penicillin]</li>
  <li><strong>Test Results:</strong> What is your test results? [MCQ: A. Abnormal B. Inconclusive C. Normal]</li>
</ul>
<h1>Responses</h1>
<h2>Respondent 133</h2>
<ul>
  <li><strong>Name:</strong> ashLEy ERIcKSoN</li>
  <li><strong>Age:</strong> 32</li>
  <li><strong>Gender:</strong> a</li>
  <li><strong>Blood Type:</strong> d</li>
  <li><strong>Medical Condition:</strong> c</li>
  <li><strong>Date of Admission:</strong> 2019-11-05</li>
  <li><strong>Doctor:</strong> Gerald Hooper</li>
  <li><strong>Hospital:</strong> and Johnson Moore, Branch</li>
  <li><strong>Insurance Provider:</strong> a</li>
  <li><strong>Billing Amount:</strong> -503</li>
  <li><strong>Room Number:</strong> 376</li>
  <li><strong>Admission Type:</strong> c</li>
  <li><strong>Discharge Date:</strong> 2019-11-23</li>
  <li><strong>Medication:</strong> e</li>
  <li><strong>Test Results:</strong> c</li>
</ul>
<h2>Respondent 63</h2>
<ul>
  <li><strong>Name:</strong> tRAvIs carTeR</li>
  <li><strong>Age:</strong> 18</li>
  <li><strong>Gender:</strong> b</li>
  <li><strong>Blood Type:</strong> a</li>
  <li><strong>Medical Condition:</strong> c</li>
  <li><strong>Date of Admission:</strong> 2022-07-06</li>
  <li><strong>Doctor:</strong> Megan Hahn</li>
  <li><strong>Hospital:</strong> Moss and Ferguson, Baker</li>
  <li><strong>Insurance Provider:</strong> e</li>
  <li><strong>Billing Amount:</strong> 48407</li>
  <li><strong>Room Number:</strong> 325</li>
  <li><strong>Admission Type:</strong> b</li>
  <li><strong>Discharge Date:</strong> 2022-07-18</li>
  <li><strong>Medication:</strong> a</li>
  <li><strong>Test Results:</strong> c</li>
</ul>
<h2>Respondent 116</h2>
<ul>
  <li><strong>Name:</strong> reBEcCA PARsONs</li>
  <li><strong>Age:</strong> 37</li>
  <li><strong>Gender:</strong> a</li>
  <li><strong>Blood Type:</strong> g</li>
  <li><strong>Medical Condition:</strong> b</li>
  <li><strong>Date of Admission:</strong> 2019-12-02</li>
  <li><strong>Doctor:</strong> Steven Adams</li>
  <li><strong>Hospital:</strong> Group White</li>
  <li><strong>Insurance Provider:</strong> a</li>
  <li><strong>Billing Amount:</strong> 8521</li>
  <li><strong>Room Number:</strong> 476</li>
  <li><strong>Admission Type:</strong> a</li>
  <li><strong>Discharge Date:</strong> 2019-12-13</li>
  <li><strong>Medication:</strong> e</li>
  <li><strong>Test Results:</strong> a</li>
</ul>
</body>
</html>

Answer: 63

<!DOCTYPE html>
<html>
<head>
<title>Survey Data</title>
</head>
<body>
<h1>Questions</h1>
<ul>
  <li><strong>Name:</strong> What is your name? [Open-ended]</li>
  <li><strong>Age:</strong> What is your age? [Open-ended]</li>
  <li><strong>Gender:</strong> What is your gender? [MCQ: A. Female B. Male]</li>
  <li><strong>Blood Type:</strong> What is your blood type? [MCQ: A. A+ B. A- C. AB+ D. AB- E. B+ F. B- G. O+ H. O-]</li>
  <li><strong>Medical Condition:</strong> What is your medical condition? [MCQ: A. Arthritis B. Asthma C. Cancer D. Diabetes E. Hypertension F. Obesity]</li>
  <li><strong>Date of Admission:</strong> What is your date of admission? [Open-ended]</li>
  <li><strong>Doctor:</strong> What is your doctor? [Open-ended]</li>
  <li><strong>Hospital:</strong> What is your hospital? [Open-ended]</li>
  <li><strong>Insurance Provider:</strong> What is your insurance provider? [MCQ: A. Aetna B. Blue Cross C. Cigna D. Medicare E. UnitedHealthcare]</li>
  <li><strong>Billing Amount:</strong> What is your billing amount? [Open-ended]</li>
  <li><strong>Room Number:</strong> What is your room number? [Open-ended]</li>
  <li><strong>Admission Type:</strong> What is your admission type? [MCQ: A. Elective B. Emergency C. Urgent]</li>
  <li><strong>Discharge Date:</strong> What is your discharge date? [Open-ended]</li>
  <li><strong>Medication:</strong> What is your medication? [MCQ: A. Aspirin B. Ibuprofen C. Lipitor D. Paracetamol E. Penicillin]</li>
  <li><strong>Test Results:</strong> What is your test results? [MCQ: A. Abnormal B. Inconclusive C. Normal]</li>
</ul>
<h1>Responses</h1>
<h2>Respondent 54</h2>
<ul>
  <li><strong>Name:</strong> PeGGY LEe</li>
  <li><strong>Age:</strong> 24</li>
  <li><strong>Gender:</strong> a</li>
  <li><strong>Blood Type:</strong> b</li>
  <li><strong>Medical Condition:</strong> f</li>
  <li><strong>Date of Admission:</strong> 2022-04-08</li>
  <li><strong>Doctor:</strong> Patrick Burns</li>
  <li><strong>Hospital:</strong> Nelson Walker Myers, and</li>
  <li><strong>Insurance Provider:</strong> e</li>
  <li><strong>Billing Amount:</strong> 6768</li>
  <li><strong>Room Number:</strong> 180</li>
  <li><strong>Admission Type:</strong> a</li>
  <li><strong>Discharge Date:</strong> 2022-04-13</li>
  <li><strong>Medication:</strong> c</li>
  <li><strong>Test Results:</strong> a</li>
</ul>
<h2>Respondent 116</h2>
<ul>
  <li><strong>Name:</strong> reBEcCA PARsONs</li>
  <li><strong>Age:</strong> 37</li>
  <li><strong>Gender:</strong> a</li>
  <li><strong>Blood Type:</strong> g</li>
  <li><strong>Medical Condition:</strong> b</li>
  <li><strong>Date of Admission:</strong> 2019-12-02</li>
  <li><strong>Doctor:</strong> Steven Adams</li>
  <li><strong>Hospital:</strong> Group White</li>
  <li><strong>Insurance Provider:</strong> a</li>
  <li><strong>Billing Amount:</strong> 8521</li>
  <li><strong>Room Number:</strong> 476</li>
  <li><strong>Admission Type:</strong> a</li>
  <li><strong>Discharge Date:</strong> 2019-12-13</li>
  <li><strong>Medication:</strong> e</li>
  <li><strong>Test Results:</strong> a</li>
</ul>
<h2>Respondent 22</h2>
<ul>
  <li><strong>Name:</strong> ChRISToPHEr BRiGhT</li>
  <li><strong>Age:</strong> 48</li>
  <li><strong>Gender:</strong> b</li>
  <li><strong>Blood Type:</strong> e</li>
  <li><strong>Medical Condition:</strong> b</li>
  <li><strong>Date of Admission:</strong> 2020-01-21</li>
  <li><strong>Doctor:</strong> Gregory Smith</li>
  <li><strong>Hospital:</strong> Williams-Davis</li>
  <li><strong>Insurance Provider:</strong> a</li>
  <li><strong>Billing Amount:</strong> 17696</li>
  <li><strong>Room Number:</strong> 295</li>
  <li><strong>Admission Type:</strong> c</li>
  <li><strong>Discharge Date:</strong> 2020-02-09</li>
  <li><strong>Medication:</strong> c</li>
  <li><strong>Test Results:</strong> c</li>
</ul>
</body>
</html>

You are a meticulous data analyst AI. Your primary function is to accurately analyze structured data and provide precise, verifiable answers.

You will be given a dataset with two key parts:

A 'questions' section: This is your data dictionary or schema. It is the single source of truth for understanding what each field and score means. Refer to it carefully.

A 'responses' section: This contains the raw data from each individual respondent.

To answer the question correctly, you must first use the 'questions' schema to fully understand the context and meaning of the data points within the 'responses'. Do not rely on any prior knowledge outside of this provided data. Base your entire analysis on the information given.

Provide your final answer directly and concisely. Output must be the human-readable value, not an option code.

Rules:
- For MCQ fields, map any letter codes in the Responses (case-insensitive) to the corresponding option text from the Questions schema, and output only that text. Do NOT include the letter or both.
  Example: If the schema is ""[MCQ: A. Abnormal B. Inconclusive C. Normal]"" and the response is ""a"", output ""Abnormal"".
- For open-ended fields, output the exact text value.
- If the question asks for a count, provide only the number (e.g., ""42"").
- If the question asks for a list of names or IDs, provide a simple comma-separated list (e.g., ""17, 21, 23"").
- Preserve capitalization exactly as in the schema (e.g., output ""Abnormal"", not ""abnormal"" or ""A"").

Which respondent numbers have Gender Female and Blood Type O+?",,
case_3,multi_hop_relational_inference,Which respondent numbers have Blood Type O+ and Test Results Normal?,"<!DOCTYPE html>
<html>
<head>
<title>Survey Data</title>
</head>
<body>
<h1>Questions</h1>
<ul>
  <li><strong>Name:</strong> What is your name? [Open-ended]</li>
  <li><strong>Age:</strong> What is your age? [Open-ended]</li>
  <li><strong>Gender:</strong> What is your gender? [MCQ: A. Female B. Male]</li>
  <li><strong>Blood Type:</strong> What is your blood type? [MCQ: A. A+ B. A- C. AB+ D. AB- E. B+ F. B- G. O+ H. O-]</li>
  <li><strong>Medical Condition:</strong> What is your medical condition? [MCQ: A. Arthritis B. Asthma C. Cancer D. Diabetes E. Hypertension F. Obesity]</li>
  <li><strong>Date of Admission:</strong> What is your date of admission? [Open-ended]</li>
  <li><strong>Doctor:</strong> What is your doctor? [Open-ended]</li>
  <li><strong>Hospital:</strong> What is your hospital? [Open-ended]</li>
  <li><strong>Insurance Provider:</strong> What is your insurance provider? [MCQ: A. Aetna B. Blue Cross C. Cigna D. Medicare E. UnitedHealthcare]</li>
  <li><strong>Billing Amount:</strong> What is your billing amount? [Open-ended]</li>
  <li><strong>Room Number:</strong> What is your room number? [Open-ended]</li>
  <li><strong>Admission Type:</strong> What is your admission type? [MCQ: A. Elective B. Emergency C. Urgent]</li>
  <li><strong>Discharge Date:</strong> What is your discharge date? [Open-ended]</li>
  <li><strong>Medication:</strong> What is your medication? [MCQ: A. Aspirin B. Ibuprofen C. Lipitor D. Paracetamol E. Penicillin]</li>
  <li><strong>Test Results:</strong> What is your test results? [MCQ: A. Abnormal B. Inconclusive C. Normal]</li>
</ul>
<h1>Responses</h1>
<h2>Respondent 120</h2>
<ul>
  <li><strong>Name:</strong> SaRA COOk</li>
  <li><strong>Age:</strong> 33</li>
  <li><strong>Gender:</strong> b</li>
  <li><strong>Blood Type:</strong> h</li>
  <li><strong>Medical Condition:</strong> a</li>
  <li><strong>Date of Admission:</strong> 2021-12-26</li>
  <li><strong>Doctor:</strong> Douglas Fleming</li>
  <li><strong>Hospital:</strong> Jarvis Scott, Fleming and</li>
  <li><strong>Insurance Provider:</strong> d</li>
  <li><strong>Billing Amount:</strong> 6176</li>
  <li><strong>Room Number:</strong> 138</li>
  <li><strong>Admission Type:</strong> c</li>
  <li><strong>Discharge Date:</strong> 2022-01-12</li>
  <li><strong>Medication:</strong> a</li>
  <li><strong>Test Results:</strong> a</li>
</ul>
<h2>Respondent 94</h2>
<ul>
  <li><strong>Name:</strong> mIcHAeL MaRTIn</li>
  <li><strong>Age:</strong> 84</li>
  <li><strong>Gender:</strong> b</li>
  <li><strong>Blood Type:</strong> a</li>
  <li><strong>Medical Condition:</strong> b</li>
  <li><strong>Date of Admission:</strong> 2022-09-06</li>
  <li><strong>Doctor:</strong> John Summers</li>
  <li><strong>Hospital:</strong> Sons Horn and</li>
  <li><strong>Insurance Provider:</strong> c</li>
  <li><strong>Billing Amount:</strong> 23685</li>
  <li><strong>Room Number:</strong> 162</li>
  <li><strong>Admission Type:</strong> c</li>
  <li><strong>Discharge Date:</strong> 2022-09-27</li>
  <li><strong>Medication:</strong> b</li>
  <li><strong>Test Results:</strong> b</li>
</ul>
<h2>Respondent 47</h2>
<ul>
  <li><strong>Name:</strong> chRIsTOpHEr CHaPmAN</li>
  <li><strong>Age:</strong> 31</li>
  <li><strong>Gender:</strong> a</li>
  <li><strong>Blood Type:</strong> g</li>
  <li><strong>Medical Condition:</strong> e</li>
  <li><strong>Date of Admission:</strong> 2021-12-01</li>
  <li><strong>Doctor:</strong> Emily Patterson</li>
  <li><strong>Hospital:</strong> Ltd Schwartz</li>
  <li><strong>Insurance Provider:</strong> c</li>
  <li><strong>Billing Amount:</strong> 29615</li>
  <li><strong>Room Number:</strong> 211</li>
  <li><strong>Admission Type:</strong> a</li>
  <li><strong>Discharge Date:</strong> 2021-12-09</li>
  <li><strong>Medication:</strong> d</li>
  <li><strong>Test Results:</strong> c</li>
</ul>
</body>
</html>",47,"Which respondent numbers have Gender Male and Medical Condition Cancer?

DATA:

<!DOCTYPE html>
<html>
<head>
<title>Survey Data</title>
</head>
<body>
<h1>Questions</h1>
<ul>
  <li><strong>Name:</strong> What is your name? [Open-ended]</li>
  <li><strong>Age:</strong> What is your age? [Open-ended]</li>
  <li><strong>Gender:</strong> What is your gender? [MCQ: A. Female B. Male]</li>
  <li><strong>Blood Type:</strong> What is your blood type? [MCQ: A. A+ B. A- C. AB+ D. AB- E. B+ F. B- G. O+ H. O-]</li>
  <li><strong>Medical Condition:</strong> What is your medical condition? [MCQ: A. Arthritis B. Asthma C. Cancer D. Diabetes E. Hypertension F. Obesity]</li>
  <li><strong>Date of Admission:</strong> What is your date of admission? [Open-ended]</li>
  <li><strong>Doctor:</strong> What is your doctor? [Open-ended]</li>
  <li><strong>Hospital:</strong> What is your hospital? [Open-ended]</li>
  <li><strong>Insurance Provider:</strong> What is your insurance provider? [MCQ: A. Aetna B. Blue Cross C. Cigna D. Medicare E. UnitedHealthcare]</li>
  <li><strong>Billing Amount:</strong> What is your billing amount? [Open-ended]</li>
  <li><strong>Room Number:</strong> What is your room number? [Open-ended]</li>
  <li><strong>Admission Type:</strong> What is your admission type? [MCQ: A. Elective B. Emergency C. Urgent]</li>
  <li><strong>Discharge Date:</strong> What is your discharge date? [Open-ended]</li>
  <li><strong>Medication:</strong> What is your medication? [MCQ: A. Aspirin B. Ibuprofen C. Lipitor D. Paracetamol E. Penicillin]</li>
  <li><strong>Test Results:</strong> What is your test results? [MCQ: A. Abnormal B. Inconclusive C. Normal]</li>
</ul>
<h1>Responses</h1>
<h2>Respondent 133</h2>
<ul>
  <li><strong>Name:</strong> ashLEy ERIcKSoN</li>
  <li><strong>Age:</strong> 32</li>
  <li><strong>Gender:</strong> a</li>
  <li><strong>Blood Type:</strong> d</li>
  <li><strong>Medical Condition:</strong> c</li>
  <li><strong>Date of Admission:</strong> 2019-11-05</li>
  <li><strong>Doctor:</strong> Gerald Hooper</li>
  <li><strong>Hospital:</strong> and Johnson Moore, Branch</li>
  <li><strong>Insurance Provider:</strong> a</li>
  <li><strong>Billing Amount:</strong> -503</li>
  <li><strong>Room Number:</strong> 376</li>
  <li><strong>Admission Type:</strong> c</li>
  <li><strong>Discharge Date:</strong> 2019-11-23</li>
  <li><strong>Medication:</strong> e</li>
  <li><strong>Test Results:</strong> c</li>
</ul>
<h2>Respondent 63</h2>
<ul>
  <li><strong>Name:</strong> tRAvIs carTeR</li>
  <li><strong>Age:</strong> 18</li>
  <li><strong>Gender:</strong> b</li>
  <li><strong>Blood Type:</strong> a</li>
  <li><strong>Medical Condition:</strong> c</li>
  <li><strong>Date of Admission:</strong> 2022-07-06</li>
  <li><strong>Doctor:</strong> Megan Hahn</li>
  <li><strong>Hospital:</strong> Moss and Ferguson, Baker</li>
  <li><strong>Insurance Provider:</strong> e</li>
  <li><strong>Billing Amount:</strong> 48407</li>
  <li><strong>Room Number:</strong> 325</li>
  <li><strong>Admission Type:</strong> b</li>
  <li><strong>Discharge Date:</strong> 2022-07-18</li>
  <li><strong>Medication:</strong> a</li>
  <li><strong>Test Results:</strong> c</li>
</ul>
<h2>Respondent 116</h2>
<ul>
  <li><strong>Name:</strong> reBEcCA PARsONs</li>
  <li><strong>Age:</strong> 37</li>
  <li><strong>Gender:</strong> a</li>
  <li><strong>Blood Type:</strong> g</li>
  <li><strong>Medical Condition:</strong> b</li>
  <li><strong>Date of Admission:</strong> 2019-12-02</li>
  <li><strong>Doctor:</strong> Steven Adams</li>
  <li><strong>Hospital:</strong> Group White</li>
  <li><strong>Insurance Provider:</strong> a</li>
  <li><strong>Billing Amount:</strong> 8521</li>
  <li><strong>Room Number:</strong> 476</li>
  <li><strong>Admission Type:</strong> a</li>
  <li><strong>Discharge Date:</strong> 2019-12-13</li>
  <li><strong>Medication:</strong> e</li>
  <li><strong>Test Results:</strong> a</li>
</ul>
</body>
</html>

Answer: 63

<!DOCTYPE html>
<html>
<head>
<title>Survey Data</title>
</head>
<body>
<h1>Questions</h1>
<ul>
  <li><strong>Name:</strong> What is your name? [Open-ended]</li>
  <li><strong>Age:</strong> What is your age? [Open-ended]</li>
  <li><strong>Gender:</strong> What is your gender? [MCQ: A. Female B. Male]</li>
  <li><strong>Blood Type:</strong> What is your blood type? [MCQ: A. A+ B. A- C. AB+ D. AB- E. B+ F. B- G. O+ H. O-]</li>
  <li><strong>Medical Condition:</strong> What is your medical condition? [MCQ: A. Arthritis B. Asthma C. Cancer D. Diabetes E. Hypertension F. Obesity]</li>
  <li><strong>Date of Admission:</strong> What is your date of admission? [Open-ended]</li>
  <li><strong>Doctor:</strong> What is your doctor? [Open-ended]</li>
  <li><strong>Hospital:</strong> What is your hospital? [Open-ended]</li>
  <li><strong>Insurance Provider:</strong> What is your insurance provider? [MCQ: A. Aetna B. Blue Cross C. Cigna D. Medicare E. UnitedHealthcare]</li>
  <li><strong>Billing Amount:</strong> What is your billing amount? [Open-ended]</li>
  <li><strong>Room Number:</strong> What is your room number? [Open-ended]</li>
  <li><strong>Admission Type:</strong> What is your admission type? [MCQ: A. Elective B. Emergency C. Urgent]</li>
  <li><strong>Discharge Date:</strong> What is your discharge date? [Open-ended]</li>
  <li><strong>Medication:</strong> What is your medication? [MCQ: A. Aspirin B. Ibuprofen C. Lipitor D. Paracetamol E. Penicillin]</li>
  <li><strong>Test Results:</strong> What is your test results? [MCQ: A. Abnormal B. Inconclusive C. Normal]</li>
</ul>
<h1>Responses</h1>
<h2>Respondent 120</h2>
<ul>
  <li><strong>Name:</strong> SaRA COOk</li>
  <li><strong>Age:</strong> 33</li>
  <li><strong>Gender:</strong> b</li>
  <li><strong>Blood Type:</strong> h</li>
  <li><strong>Medical Condition:</strong> a</li>
  <li><strong>Date of Admission:</strong> 2021-12-26</li>
  <li><strong>Doctor:</strong> Douglas Fleming</li>
  <li><strong>Hospital:</strong> Jarvis Scott, Fleming and</li>
  <li><strong>Insurance Provider:</strong> d</li>
  <li><strong>Billing Amount:</strong> 6176</li>
  <li><strong>Room Number:</strong> 138</li>
  <li><strong>Admission Type:</strong> c</li>
  <li><strong>Discharge Date:</strong> 2022-01-12</li>
  <li><strong>Medication:</strong> a</li>
  <li><strong>Test Results:</strong> a</li>
</ul>
<h2>Respondent 94</h2>
<ul>
  <li><strong>Name:</strong> mIcHAeL MaRTIn</li>
  <li><strong>Age:</strong> 84</li>
  <li><strong>Gender:</strong> b</li>
  <li><strong>Blood Type:</strong> a</li>
  <li><strong>Medical Condition:</strong> b</li>
  <li><strong>Date of Admission:</strong> 2022-09-06</li>
  <li><strong>Doctor:</strong> John Summers</li>
  <li><strong>Hospital:</strong> Sons Horn and</li>
  <li><strong>Insurance Provider:</strong> c</li>
  <li><strong>Billing Amount:</strong> 23685</li>
  <li><strong>Room Number:</strong> 162</li>
  <li><strong>Admission Type:</strong> c</li>
  <li><strong>Discharge Date:</strong> 2022-09-27</li>
  <li><strong>Medication:</strong> b</li>
  <li><strong>Test Results:</strong> b</li>
</ul>
<h2>Respondent 47</h2>
<ul>
  <li><strong>Name:</strong> chRIsTOpHEr CHaPmAN</li>
  <li><strong>Age:</strong> 31</li>
  <li><strong>Gender:</strong> a</li>
  <li><strong>Blood Type:</strong> g</li>
  <li><strong>Medical Condition:</strong> e</li>
  <li><strong>Date of Admission:</strong> 2021-12-01</li>
  <li><strong>Doctor:</strong> Emily Patterson</li>
  <li><strong>Hospital:</strong> Ltd Schwartz</li>
  <li><strong>Insurance Provider:</strong> c</li>
  <li><strong>Billing Amount:</strong> 29615</li>
  <li><strong>Room Number:</strong> 211</li>
  <li><strong>Admission Type:</strong> a</li>
  <li><strong>Discharge Date:</strong> 2021-12-09</li>
  <li><strong>Medication:</strong> d</li>
  <li><strong>Test Results:</strong> c</li>
</ul>
</body>
</html>

You are a meticulous data analyst AI. Your primary function is to accurately analyze structured data and provide precise, verifiable answers.

You will be given a dataset with two key parts:

A 'questions' section: This is your data dictionary or schema. It is the single source of truth for understanding what each field and score means. Refer to it carefully.

A 'responses' section: This contains the raw data from each individual respondent.

To answer the question correctly, you must first use the 'questions' schema to fully understand the context and meaning of the data points within the 'responses'. Do not rely on any prior knowledge outside of this provided data. Base your entire analysis on the information given.

Provide your final answer directly and concisely. Output must be the human-readable value, not an option code.

Rules:
- For MCQ fields, map any letter codes in the Responses (case-insensitive) to the corresponding option text from the Questions schema, and output only that text. Do NOT include the letter or both.
  Example: If the schema is ""[MCQ: A. Abnormal B. Inconclusive C. Normal]"" and the response is ""a"", output ""Abnormal"".
- For open-ended fields, output the exact text value.
- If the question asks for a count, provide only the number (e.g., ""42"").
- If the question asks for a list of names or IDs, provide a simple comma-separated list (e.g., ""17, 21, 23"").
- Preserve capitalization exactly as in the schema (e.g., output ""Abnormal"", not ""abnormal"" or ""A"").

Which respondent numbers have Blood Type O+ and Test Results Normal?",,
case_4,multi_hop_relational_inference,Which respondent numbers have Insurance Provider Medicare and Admission Type Elective?,"<!DOCTYPE html>
<html>
<head>
<title>Survey Data</title>
</head>
<body>
<h1>Questions</h1>
<ul>
  <li><strong>Name:</strong> What is your name? [Open-ended]</li>
  <li><strong>Age:</strong> What is your age? [Open-ended]</li>
  <li><strong>Gender:</strong> What is your gender? [MCQ: A. Female B. Male]</li>
  <li><strong>Blood Type:</strong> What is your blood type? [MCQ: A. A+ B. A- C. AB+ D. AB- E. B+ F. B- G. O+ H. O-]</li>
  <li><strong>Medical Condition:</strong> What is your medical condition? [MCQ: A. Arthritis B. Asthma C. Cancer D. Diabetes E. Hypertension F. Obesity]</li>
  <li><strong>Date of Admission:</strong> What is your date of admission? [Open-ended]</li>
  <li><strong>Doctor:</strong> What is your doctor? [Open-ended]</li>
  <li><strong>Hospital:</strong> What is your hospital? [Open-ended]</li>
  <li><strong>Insurance Provider:</strong> What is your insurance provider? [MCQ: A. Aetna B. Blue Cross C. Cigna D. Medicare E. UnitedHealthcare]</li>
  <li><strong>Billing Amount:</strong> What is your billing amount? [Open-ended]</li>
  <li><strong>Room Number:</strong> What is your room number? [Open-ended]</li>
  <li><strong>Admission Type:</strong> What is your admission type? [MCQ: A. Elective B. Emergency C. Urgent]</li>
  <li><strong>Discharge Date:</strong> What is your discharge date? [Open-ended]</li>
  <li><strong>Medication:</strong> What is your medication? [MCQ: A. Aspirin B. Ibuprofen C. Lipitor D. Paracetamol E. Penicillin]</li>
  <li><strong>Test Results:</strong> What is your test results? [MCQ: A. Abnormal B. Inconclusive C. Normal]</li>
</ul>
<h1>Responses</h1>
<h2>Respondent 81</h2>
<ul>
  <li><strong>Name:</strong> NICOLE HUGhes</li>
  <li><strong>Age:</strong> 20</li>
  <li><strong>Gender:</strong> b</li>
  <li><strong>Blood Type:</strong> g</li>
  <li><strong>Medical Condition:</strong> a</li>
  <li><strong>Date of Admission:</strong> 2020-12-04</li>
  <li><strong>Doctor:</strong> Lori Sanchez</li>
  <li><strong>Hospital:</strong> Shaw-Young</li>
  <li><strong>Insurance Provider:</strong> b</li>
  <li><strong>Billing Amount:</strong> 34618</li>
  <li><strong>Room Number:</strong> 320</li>
  <li><strong>Admission Type:</strong> b</li>
  <li><strong>Discharge Date:</strong> 2020-12-08</li>
  <li><strong>Medication:</strong> b</li>
  <li><strong>Test Results:</strong> a</li>
</ul>
<h2>Respondent 33</h2>
<ul>
  <li><strong>Name:</strong> WilLIAM cOOPEr</li>
  <li><strong>Age:</strong> 78</li>
  <li><strong>Gender:</strong> b</li>
  <li><strong>Blood Type:</strong> d</li>
  <li><strong>Medical Condition:</strong> a</li>
  <li><strong>Date of Admission:</strong> 2023-05-18</li>
  <li><strong>Doctor:</strong> John Hartman</li>
  <li><strong>Hospital:</strong> Group Duncan</li>
  <li><strong>Insurance Provider:</strong> d</li>
  <li><strong>Billing Amount:</strong> 17993</li>
  <li><strong>Room Number:</strong> 245</li>
  <li><strong>Admission Type:</strong> a</li>
  <li><strong>Discharge Date:</strong> 2023-06-15</li>
  <li><strong>Medication:</strong> e</li>
  <li><strong>Test Results:</strong> c</li>
</ul>
<h2>Respondent 129</h2>
<ul>
  <li><strong>Name:</strong> ANthONy reYEs</li>
  <li><strong>Age:</strong> 82</li>
  <li><strong>Gender:</strong> b</li>
  <li><strong>Blood Type:</strong> c</li>
  <li><strong>Medical Condition:</strong> f</li>
  <li><strong>Date of Admission:</strong> 2023-10-15</li>
  <li><strong>Doctor:</strong> Michael Cole</li>
  <li><strong>Hospital:</strong> Dudley-Atkinson</li>
  <li><strong>Insurance Provider:</strong> e</li>
  <li><strong>Billing Amount:</strong> 16399</li>
  <li><strong>Room Number:</strong> 133</li>
  <li><strong>Admission Type:</strong> b</li>
  <li><strong>Discharge Date:</strong> 2023-11-08</li>
  <li><strong>Medication:</strong> e</li>
  <li><strong>Test Results:</strong> a</li>
</ul>
</body>
</html>",33,"Which respondent numbers have Gender Male and Medical Condition Cancer?

DATA:

<!DOCTYPE html>
<html>
<head>
<title>Survey Data</title>
</head>
<body>
<h1>Questions</h1>
<ul>
  <li><strong>Name:</strong> What is your name? [Open-ended]</li>
  <li><strong>Age:</strong> What is your age? [Open-ended]</li>
  <li><strong>Gender:</strong> What is your gender? [MCQ: A. Female B. Male]</li>
  <li><strong>Blood Type:</strong> What is your blood type? [MCQ: A. A+ B. A- C. AB+ D. AB- E. B+ F. B- G. O+ H. O-]</li>
  <li><strong>Medical Condition:</strong> What is your medical condition? [MCQ: A. Arthritis B. Asthma C. Cancer D. Diabetes E. Hypertension F. Obesity]</li>
  <li><strong>Date of Admission:</strong> What is your date of admission? [Open-ended]</li>
  <li><strong>Doctor:</strong> What is your doctor? [Open-ended]</li>
  <li><strong>Hospital:</strong> What is your hospital? [Open-ended]</li>
  <li><strong>Insurance Provider:</strong> What is your insurance provider? [MCQ: A. Aetna B. Blue Cross C. Cigna D. Medicare E. UnitedHealthcare]</li>
  <li><strong>Billing Amount:</strong> What is your billing amount? [Open-ended]</li>
  <li><strong>Room Number:</strong> What is your room number? [Open-ended]</li>
  <li><strong>Admission Type:</strong> What is your admission type? [MCQ: A. Elective B. Emergency C. Urgent]</li>
  <li><strong>Discharge Date:</strong> What is your discharge date? [Open-ended]</li>
  <li><strong>Medication:</strong> What is your medication? [MCQ: A. Aspirin B. Ibuprofen C. Lipitor D. Paracetamol E. Penicillin]</li>
  <li><strong>Test Results:</strong> What is your test results? [MCQ: A. Abnormal B. Inconclusive C. Normal]</li>
</ul>
<h1>Responses</h1>
<h2>Respondent 133</h2>
<ul>
  <li><strong>Name:</strong> ashLEy ERIcKSoN</li>
  <li><strong>Age:</strong> 32</li>
  <li><strong>Gender:</strong> a</li>
  <li><strong>Blood Type:</strong> d</li>
  <li><strong>Medical Condition:</strong> c</li>
  <li><strong>Date of Admission:</strong> 2019-11-05</li>
  <li><strong>Doctor:</strong> Gerald Hooper</li>
  <li><strong>Hospital:</strong> and Johnson Moore, Branch</li>
  <li><strong>Insurance Provider:</strong> a</li>
  <li><strong>Billing Amount:</strong> -503</li>
  <li><strong>Room Number:</strong> 376</li>
  <li><strong>Admission Type:</strong> c</li>
  <li><strong>Discharge Date:</strong> 2019-11-23</li>
  <li><strong>Medication:</strong> e</li>
  <li><strong>Test Results:</strong> c</li>
</ul>
<h2>Respondent 63</h2>
<ul>
  <li><strong>Name:</strong> tRAvIs carTeR</li>
  <li><strong>Age:</strong> 18</li>
  <li><strong>Gender:</strong> b</li>
  <li><strong>Blood Type:</strong> a</li>
  <li><strong>Medical Condition:</strong> c</li>
  <li><strong>Date of Admission:</strong> 2022-07-06</li>
  <li><strong>Doctor:</strong> Megan Hahn</li>
  <li><strong>Hospital:</strong> Moss and Ferguson, Baker</li>
  <li><strong>Insurance Provider:</strong> e</li>
  <li><strong>Billing Amount:</strong> 48407</li>
  <li><strong>Room Number:</strong> 325</li>
  <li><strong>Admission Type:</strong> b</li>
  <li><strong>Discharge Date:</strong> 2022-07-18</li>
  <li><strong>Medication:</strong> a</li>
  <li><strong>Test Results:</strong> c</li>
</ul>
<h2>Respondent 116</h2>
<ul>
  <li><strong>Name:</strong> reBEcCA PARsONs</li>
  <li><strong>Age:</strong> 37</li>
  <li><strong>Gender:</strong> a</li>
  <li><strong>Blood Type:</strong> g</li>
  <li><strong>Medical Condition:</strong> b</li>
  <li><strong>Date of Admission:</strong> 2019-12-02</li>
  <li><strong>Doctor:</strong> Steven Adams</li>
  <li><strong>Hospital:</strong> Group White</li>
  <li><strong>Insurance Provider:</strong> a</li>
  <li><strong>Billing Amount:</strong> 8521</li>
  <li><strong>Room Number:</strong> 476</li>
  <li><strong>Admission Type:</strong> a</li>
  <li><strong>Discharge Date:</strong> 2019-12-13</li>
  <li><strong>Medication:</strong> e</li>
  <li><strong>Test Results:</strong> a</li>
</ul>
</body>
</html>

Answer: 63

<!DOCTYPE html>
<html>
<head>
<title>Survey Data</title>
</head>
<body>
<h1>Questions</h1>
<ul>
  <li><strong>Name:</strong> What is your name? [Open-ended]</li>
  <li><strong>Age:</strong> What is your age? [Open-ended]</li>
  <li><strong>Gender:</strong> What is your gender? [MCQ: A. Female B. Male]</li>
  <li><strong>Blood Type:</strong> What is your blood type? [MCQ: A. A+ B. A- C. AB+ D. AB- E. B+ F. B- G. O+ H. O-]</li>
  <li><strong>Medical Condition:</strong> What is your medical condition? [MCQ: A. Arthritis B. Asthma C. Cancer D. Diabetes E. Hypertension F. Obesity]</li>
  <li><strong>Date of Admission:</strong> What is your date of admission? [Open-ended]</li>
  <li><strong>Doctor:</strong> What is your doctor? [Open-ended]</li>
  <li><strong>Hospital:</strong> What is your hospital? [Open-ended]</li>
  <li><strong>Insurance Provider:</strong> What is your insurance provider? [MCQ: A. Aetna B. Blue Cross C. Cigna D. Medicare E. UnitedHealthcare]</li>
  <li><strong>Billing Amount:</strong> What is your billing amount? [Open-ended]</li>
  <li><strong>Room Number:</strong> What is your room number? [Open-ended]</li>
  <li><strong>Admission Type:</strong> What is your admission type? [MCQ: A. Elective B. Emergency C. Urgent]</li>
  <li><strong>Discharge Date:</strong> What is your discharge date? [Open-ended]</li>
  <li><strong>Medication:</strong> What is your medication? [MCQ: A. Aspirin B. Ibuprofen C. Lipitor D. Paracetamol E. Penicillin]</li>
  <li><strong>Test Results:</strong> What is your test results? [MCQ: A. Abnormal B. Inconclusive C. Normal]</li>
</ul>
<h1>Responses</h1>
<h2>Respondent 81</h2>
<ul>
  <li><strong>Name:</strong> NICOLE HUGhes</li>
  <li><strong>Age:</strong> 20</li>
  <li><strong>Gender:</strong> b</li>
  <li><strong>Blood Type:</strong> g</li>
  <li><strong>Medical Condition:</strong> a</li>
  <li><strong>Date of Admission:</strong> 2020-12-04</li>
  <li><strong>Doctor:</strong> Lori Sanchez</li>
  <li><strong>Hospital:</strong> Shaw-Young</li>
  <li><strong>Insurance Provider:</strong> b</li>
  <li><strong>Billing Amount:</strong> 34618</li>
  <li><strong>Room Number:</strong> 320</li>
  <li><strong>Admission Type:</strong> b</li>
  <li><strong>Discharge Date:</strong> 2020-12-08</li>
  <li><strong>Medication:</strong> b</li>
  <li><strong>Test Results:</strong> a</li>
</ul>
<h2>Respondent 33</h2>
<ul>
  <li><strong>Name:</strong> WilLIAM cOOPEr</li>
  <li><strong>Age:</strong> 78</li>
  <li><strong>Gender:</strong> b</li>
  <li><strong>Blood Type:</strong> d</li>
  <li><strong>Medical Condition:</strong> a</li>
  <li><strong>Date of Admission:</strong> 2023-05-18</li>
  <li><strong>Doctor:</strong> John Hartman</li>
  <li><strong>Hospital:</strong> Group Duncan</li>
  <li><strong>Insurance Provider:</strong> d</li>
  <li><strong>Billing Amount:</strong> 17993</li>
  <li><strong>Room Number:</strong> 245</li>
  <li><strong>Admission Type:</strong> a</li>
  <li><strong>Discharge Date:</strong> 2023-06-15</li>
  <li><strong>Medication:</strong> e</li>
  <li><strong>Test Results:</strong> c</li>
</ul>
<h2>Respondent 129</h2>
<ul>
  <li><strong>Name:</strong> ANthONy reYEs</li>
  <li><strong>Age:</strong> 82</li>
  <li><strong>Gender:</strong> b</li>
  <li><strong>Blood Type:</strong> c</li>
  <li><strong>Medical Condition:</strong> f</li>
  <li><strong>Date of Admission:</strong> 2023-10-15</li>
  <li><strong>Doctor:</strong> Michael Cole</li>
  <li><strong>Hospital:</strong> Dudley-Atkinson</li>
  <li><strong>Insurance Provider:</strong> e</li>
  <li><strong>Billing Amount:</strong> 16399</li>
  <li><strong>Room Number:</strong> 133</li>
  <li><strong>Admission Type:</strong> b</li>
  <li><strong>Discharge Date:</strong> 2023-11-08</li>
  <li><strong>Medication:</strong> e</li>
  <li><strong>Test Results:</strong> a</li>
</ul>
</body>
</html>

You are a meticulous data analyst AI. Your primary function is to accurately analyze structured data and provide precise, verifiable answers.

You will be given a dataset with two key parts:

A 'questions' section: This is your data dictionary or schema. It is the single source of truth for understanding what each field and score means. Refer to it carefully.

A 'responses' section: This contains the raw data from each individual respondent.

To answer the question correctly, you must first use the 'questions' schema to fully understand the context and meaning of the data points within the 'responses'. Do not rely on any prior knowledge outside of this provided data. Base your entire analysis on the information given.

Provide your final answer directly and concisely. Output must be the human-readable value, not an option code.

Rules:
- For MCQ fields, map any letter codes in the Responses (case-insensitive) to the corresponding option text from the Questions schema, and output only that text. Do NOT include the letter or both.
  Example: If the schema is ""[MCQ: A. Abnormal B. Inconclusive C. Normal]"" and the response is ""a"", output ""Abnormal"".
- For open-ended fields, output the exact text value.
- If the question asks for a count, provide only the number (e.g., ""42"").
- If the question asks for a list of names or IDs, provide a simple comma-separated list (e.g., ""17, 21, 23"").
- Preserve capitalization exactly as in the schema (e.g., output ""Abnormal"", not ""abnormal"" or ""A"").

Which respondent numbers have Insurance Provider Medicare and Admission Type Elective?",,
case_5,multi_hop_relational_inference,Which respondent numbers have Gender Male and Admission Type Emergency?,"<!DOCTYPE html>
<html>
<head>
<title>Survey Data</title>
</head>
<body>
<h1>Questions</h1>
<ul>
  <li><strong>Name:</strong> What is your name? [Open-ended]</li>
  <li><strong>Age:</strong> What is your age? [Open-ended]</li>
  <li><strong>Gender:</strong> What is your gender? [MCQ: A. Female B. Male]</li>
  <li><strong>Blood Type:</strong> What is your blood type? [MCQ: A. A+ B. A- C. AB+ D. AB- E. B+ F. B- G. O+ H. O-]</li>
  <li><strong>Medical Condition:</strong> What is your medical condition? [MCQ: A. Arthritis B. Asthma C. Cancer D. Diabetes E. Hypertension F. Obesity]</li>
  <li><strong>Date of Admission:</strong> What is your date of admission? [Open-ended]</li>
  <li><strong>Doctor:</strong> What is your doctor? [Open-ended]</li>
  <li><strong>Hospital:</strong> What is your hospital? [Open-ended]</li>
  <li><strong>Insurance Provider:</strong> What is your insurance provider? [MCQ: A. Aetna B. Blue Cross C. Cigna D. Medicare E. UnitedHealthcare]</li>
  <li><strong>Billing Amount:</strong> What is your billing amount? [Open-ended]</li>
  <li><strong>Room Number:</strong> What is your room number? [Open-ended]</li>
  <li><strong>Admission Type:</strong> What is your admission type? [MCQ: A. Elective B. Emergency C. Urgent]</li>
  <li><strong>Discharge Date:</strong> What is your discharge date? [Open-ended]</li>
  <li><strong>Medication:</strong> What is your medication? [MCQ: A. Aspirin B. Ibuprofen C. Lipitor D. Paracetamol E. Penicillin]</li>
  <li><strong>Test Results:</strong> What is your test results? [MCQ: A. Abnormal B. Inconclusive C. Normal]</li>
</ul>
<h1>Responses</h1>
<h2>Respondent 147</h2>
<ul>
  <li><strong>Name:</strong> aLExiS wilsOn</li>
  <li><strong>Age:</strong> 68</li>
  <li><strong>Gender:</strong> a</li>
  <li><strong>Blood Type:</strong> e</li>
  <li><strong>Medical Condition:</strong> a</li>
  <li><strong>Date of Admission:</strong> 2019-08-16</li>
  <li><strong>Doctor:</strong> Brian Walton</li>
  <li><strong>Hospital:</strong> Thomas-Kelley</li>
  <li><strong>Insurance Provider:</strong> a</li>
  <li><strong>Billing Amount:</strong> 2679</li>
  <li><strong>Room Number:</strong> 427</li>
  <li><strong>Admission Type:</strong> c</li>
  <li><strong>Discharge Date:</strong> 2019-08-21</li>
  <li><strong>Medication:</strong> d</li>
  <li><strong>Test Results:</strong> a</li>
</ul>
<h2>Respondent 46</h2>
<ul>
  <li><strong>Name:</strong> lYNn MaRtinez</li>
  <li><strong>Age:</strong> 65</li>
  <li><strong>Gender:</strong> b</li>
  <li><strong>Blood Type:</strong> g</li>
  <li><strong>Medical Condition:</strong> c</li>
  <li><strong>Date of Admission:</strong> 2022-10-12</li>
  <li><strong>Doctor:</strong> Daniel Murphy</li>
  <li><strong>Hospital:</strong> Group Armstrong</li>
  <li><strong>Insurance Provider:</strong> d</li>
  <li><strong>Billing Amount:</strong> 45586</li>
  <li><strong>Room Number:</strong> 300</li>
  <li><strong>Admission Type:</strong> b</li>
  <li><strong>Discharge Date:</strong> 2022-11-02</li>
  <li><strong>Medication:</strong> e</li>
  <li><strong>Test Results:</strong> c</li>
</ul>
<h2>Respondent 43</h2>
<ul>
  <li><strong>Name:</strong> Mr. eRiC Lane</li>
  <li><strong>Age:</strong> 49</li>
  <li><strong>Gender:</strong> a</li>
  <li><strong>Blood Type:</strong> b</li>
  <li><strong>Medical Condition:</strong> b</li>
  <li><strong>Date of Admission:</strong> 2022-06-24</li>
  <li><strong>Doctor:</strong> Matthew Thomas</li>
  <li><strong>Hospital:</strong> and Howell Brooks, Rogers</li>
  <li><strong>Insurance Provider:</strong> c</li>
  <li><strong>Billing Amount:</strong> 25966</li>
  <li><strong>Room Number:</strong> 418</li>
  <li><strong>Admission Type:</strong> a</li>
  <li><strong>Discharge Date:</strong> 2022-07-18</li>
  <li><strong>Medication:</strong> d</li>
  <li><strong>Test Results:</strong> c</li>
</ul>
</body>
</html>",46,"Which respondent numbers have Gender Male and Medical Condition Cancer?

DATA:

<!DOCTYPE html>
<html>
<head>
<title>Survey Data</title>
</head>
<body>
<h1>Questions</h1>
<ul>
  <li><strong>Name:</strong> What is your name? [Open-ended]</li>
  <li><strong>Age:</strong> What is your age? [Open-ended]</li>
  <li><strong>Gender:</strong> What is your gender? [MCQ: A. Female B. Male]</li>
  <li><strong>Blood Type:</strong> What is your blood type? [MCQ: A. A+ B. A- C. AB+ D. AB- E. B+ F. B- G. O+ H. O-]</li>
  <li><strong>Medical Condition:</strong> What is your medical condition? [MCQ: A. Arthritis B. Asthma C. Cancer D. Diabetes E. Hypertension F. Obesity]</li>
  <li><strong>Date of Admission:</strong> What is your date of admission? [Open-ended]</li>
  <li><strong>Doctor:</strong> What is your doctor? [Open-ended]</li>
  <li><strong>Hospital:</strong> What is your hospital? [Open-ended]</li>
  <li><strong>Insurance Provider:</strong> What is your insurance provider? [MCQ: A. Aetna B. Blue Cross C. Cigna D. Medicare E. UnitedHealthcare]</li>
  <li><strong>Billing Amount:</strong> What is your billing amount? [Open-ended]</li>
  <li><strong>Room Number:</strong> What is your room number? [Open-ended]</li>
  <li><strong>Admission Type:</strong> What is your admission type? [MCQ: A. Elective B. Emergency C. Urgent]</li>
  <li><strong>Discharge Date:</strong> What is your discharge date? [Open-ended]</li>
  <li><strong>Medication:</strong> What is your medication? [MCQ: A. Aspirin B. Ibuprofen C. Lipitor D. Paracetamol E. Penicillin]</li>
  <li><strong>Test Results:</strong> What is your test results? [MCQ: A. Abnormal B. Inconclusive C. Normal]</li>
</ul>
<h1>Responses</h1>
<h2>Respondent 133</h2>
<ul>
  <li><strong>Name:</strong> ashLEy ERIcKSoN</li>
  <li><strong>Age:</strong> 32</li>
  <li><strong>Gender:</strong> a</li>
  <li><strong>Blood Type:</strong> d</li>
  <li><strong>Medical Condition:</strong> c</li>
  <li><strong>Date of Admission:</strong> 2019-11-05</li>
  <li><strong>Doctor:</strong> Gerald Hooper</li>
  <li><strong>Hospital:</strong> and Johnson Moore, Branch</li>
  <li><strong>Insurance Provider:</strong> a</li>
  <li><strong>Billing Amount:</strong> -503</li>
  <li><strong>Room Number:</strong> 376</li>
  <li><strong>Admission Type:</strong> c</li>
  <li><strong>Discharge Date:</strong> 2019-11-23</li>
  <li><strong>Medication:</strong> e</li>
  <li><strong>Test Results:</strong> c</li>
</ul>
<h2>Respondent 63</h2>
<ul>
  <li><strong>Name:</strong> tRAvIs carTeR</li>
  <li><strong>Age:</strong> 18</li>
  <li><strong>Gender:</strong> b</li>
  <li><strong>Blood Type:</strong> a</li>
  <li><strong>Medical Condition:</strong> c</li>
  <li><strong>Date of Admission:</strong> 2022-07-06</li>
  <li><strong>Doctor:</strong> Megan Hahn</li>
  <li><strong>Hospital:</strong> Moss and Ferguson, Baker</li>
  <li><strong>Insurance Provider:</strong> e</li>
  <li><strong>Billing Amount:</strong> 48407</li>
  <li><strong>Room Number:</strong> 325</li>
  <li><strong>Admission Type:</strong> b</li>
  <li><strong>Discharge Date:</strong> 2022-07-18</li>
  <li><strong>Medication:</strong> a</li>
  <li><strong>Test Results:</strong> c</li>
</ul>
<h2>Respondent 116</h2>
<ul>
  <li><strong>Name:</strong> reBEcCA PARsONs</li>
  <li><strong>Age:</strong> 37</li>
  <li><strong>Gender:</strong> a</li>
  <li><strong>Blood Type:</strong> g</li>
  <li><strong>Medical Condition:</strong> b</li>
  <li><strong>Date of Admission:</strong> 2019-12-02</li>
  <li><strong>Doctor:</strong> Steven Adams</li>
  <li><strong>Hospital:</strong> Group White</li>
  <li><strong>Insurance Provider:</strong> a</li>
  <li><strong>Billing Amount:</strong> 8521</li>
  <li><strong>Room Number:</strong> 476</li>
  <li><strong>Admission Type:</strong> a</li>
  <li><strong>Discharge Date:</strong> 2019-12-13</li>
  <li><strong>Medication:</strong> e</li>
  <li><strong>Test Results:</strong> a</li>
</ul>
</body>
</html>

Answer: 63

<!DOCTYPE html>
<html>
<head>
<title>Survey Data</title>
</head>
<body>
<h1>Questions</h1>
<ul>
  <li><strong>Name:</strong> What is your name? [Open-ended]</li>
  <li><strong>Age:</strong> What is your age? [Open-ended]</li>
  <li><strong>Gender:</strong> What is your gender? [MCQ: A. Female B. Male]</li>
  <li><strong>Blood Type:</strong> What is your blood type? [MCQ: A. A+ B. A- C. AB+ D. AB- E. B+ F. B- G. O+ H. O-]</li>
  <li><strong>Medical Condition:</strong> What is your medical condition? [MCQ: A. Arthritis B. Asthma C. Cancer D. Diabetes E. Hypertension F. Obesity]</li>
  <li><strong>Date of Admission:</strong> What is your date of admission? [Open-ended]</li>
  <li><strong>Doctor:</strong> What is your doctor? [Open-ended]</li>
  <li><strong>Hospital:</strong> What is your hospital? [Open-ended]</li>
  <li><strong>Insurance Provider:</strong> What is your insurance provider? [MCQ: A. Aetna B. Blue Cross C. Cigna D. Medicare E. UnitedHealthcare]</li>
  <li><strong>Billing Amount:</strong> What is your billing amount? [Open-ended]</li>
  <li><strong>Room Number:</strong> What is your room number? [Open-ended]</li>
  <li><strong>Admission Type:</strong> What is your admission type? [MCQ: A. Elective B. Emergency C. Urgent]</li>
  <li><strong>Discharge Date:</strong> What is your discharge date? [Open-ended]</li>
  <li><strong>Medication:</strong> What is your medication? [MCQ: A. Aspirin B. Ibuprofen C. Lipitor D. Paracetamol E. Penicillin]</li>
  <li><strong>Test Results:</strong> What is your test results? [MCQ: A. Abnormal B. Inconclusive C. Normal]</li>
</ul>
<h1>Responses</h1>
<h2>Respondent 147</h2>
<ul>
  <li><strong>Name:</strong> aLExiS wilsOn</li>
  <li><strong>Age:</strong> 68</li>
  <li><strong>Gender:</strong> a</li>
  <li><strong>Blood Type:</strong> e</li>
  <li><strong>Medical Condition:</strong> a</li>
  <li><strong>Date of Admission:</strong> 2019-08-16</li>
  <li><strong>Doctor:</strong> Brian Walton</li>
  <li><strong>Hospital:</strong> Thomas-Kelley</li>
  <li><strong>Insurance Provider:</strong> a</li>
  <li><strong>Billing Amount:</strong> 2679</li>
  <li><strong>Room Number:</strong> 427</li>
  <li><strong>Admission Type:</strong> c</li>
  <li><strong>Discharge Date:</strong> 2019-08-21</li>
  <li><strong>Medication:</strong> d</li>
  <li><strong>Test Results:</strong> a</li>
</ul>
<h2>Respondent 46</h2>
<ul>
  <li><strong>Name:</strong> lYNn MaRtinez</li>
  <li><strong>Age:</strong> 65</li>
  <li><strong>Gender:</strong> b</li>
  <li><strong>Blood Type:</strong> g</li>
  <li><strong>Medical Condition:</strong> c</li>
  <li><strong>Date of Admission:</strong> 2022-10-12</li>
  <li><strong>Doctor:</strong> Daniel Murphy</li>
  <li><strong>Hospital:</strong> Group Armstrong</li>
  <li><strong>Insurance Provider:</strong> d</li>
  <li><strong>Billing Amount:</strong> 45586</li>
  <li><strong>Room Number:</strong> 300</li>
  <li><strong>Admission Type:</strong> b</li>
  <li><strong>Discharge Date:</strong> 2022-11-02</li>
  <li><strong>Medication:</strong> e</li>
  <li><strong>Test Results:</strong> c</li>
</ul>
<h2>Respondent 43</h2>
<ul>
  <li><strong>Name:</strong> Mr. eRiC Lane</li>
  <li><strong>Age:</strong> 49</li>
  <li><strong>Gender:</strong> a</li>
  <li><strong>Blood Type:</strong> b</li>
  <li><strong>Medical Condition:</strong> b</li>
  <li><strong>Date of Admission:</strong> 2022-06-24</li>
  <li><strong>Doctor:</strong> Matthew Thomas</li>
  <li><strong>Hospital:</strong> and Howell Brooks, Rogers</li>
  <li><strong>Insurance Provider:</strong> c</li>
  <li><strong>Billing Amount:</strong> 25966</li>
  <li><strong>Room Number:</strong> 418</li>
  <li><strong>Admission Type:</strong> a</li>
  <li><strong>Discharge Date:</strong> 2022-07-18</li>
  <li><strong>Medication:</strong> d</li>
  <li><strong>Test Results:</strong> c</li>
</ul>
</body>
</html>

You are a meticulous data analyst AI. Your primary function is to accurately analyze structured data and provide precise, verifiable answers.

You will be given a dataset with two key parts:

A 'questions' section: This is your data dictionary or schema. It is the single source of truth for understanding what each field and score means. Refer to it carefully.

A 'responses' section: This contains the raw data from each individual respondent.

To answer the question correctly, you must first use the 'questions' schema to fully understand the context and meaning of the data points within the 'responses'. Do not rely on any prior knowledge outside of this provided data. Base your entire analysis on the information given.

Provide your final answer directly and concisely. Output must be the human-readable value, not an option code.

Rules:
- For MCQ fields, map any letter codes in the Responses (case-insensitive) to the corresponding option text from the Questions schema, and output only that text. Do NOT include the letter or both.
  Example: If the schema is ""[MCQ: A. Abnormal B. Inconclusive C. Normal]"" and the response is ""a"", output ""Abnormal"".
- For open-ended fields, output the exact text value.
- If the question asks for a count, provide only the number (e.g., ""42"").
- If the question asks for a list of names or IDs, provide a simple comma-separated list (e.g., ""17, 21, 23"").
- Preserve capitalization exactly as in the schema (e.g., output ""Abnormal"", not ""abnormal"" or ""A"").

Which respondent numbers have Gender Male and Admission Type Emergency?",,
case_6,multi_hop_relational_inference,Which respondent numbers have Medical Condition Diabetes and Medication Aspirin?,"<!DOCTYPE html>
<html>
<head>
<title>Survey Data</title>
</head>
<body>
<h1>Questions</h1>
<ul>
  <li><strong>Name:</strong> What is your name? [Open-ended]</li>
  <li><strong>Age:</strong> What is your age? [Open-ended]</li>
  <li><strong>Gender:</strong> What is your gender? [MCQ: A. Female B. Male]</li>
  <li><strong>Blood Type:</strong> What is your blood type? [MCQ: A. A+ B. A- C. AB+ D. AB- E. B+ F. B- G. O+ H. O-]</li>
  <li><strong>Medical Condition:</strong> What is your medical condition? [MCQ: A. Arthritis B. Asthma C. Cancer D. Diabetes E. Hypertension F. Obesity]</li>
  <li><strong>Date of Admission:</strong> What is your date of admission? [Open-ended]</li>
  <li><strong>Doctor:</strong> What is your doctor? [Open-ended]</li>
  <li><strong>Hospital:</strong> What is your hospital? [Open-ended]</li>
  <li><strong>Insurance Provider:</strong> What is your insurance provider? [MCQ: A. Aetna B. Blue Cross C. Cigna D. Medicare E. UnitedHealthcare]</li>
  <li><strong>Billing Amount:</strong> What is your billing amount? [Open-ended]</li>
  <li><strong>Room Number:</strong> What is your room number? [Open-ended]</li>
  <li><strong>Admission Type:</strong> What is your admission type? [MCQ: A. Elective B. Emergency C. Urgent]</li>
  <li><strong>Discharge Date:</strong> What is your discharge date? [Open-ended]</li>
  <li><strong>Medication:</strong> What is your medication? [MCQ: A. Aspirin B. Ibuprofen C. Lipitor D. Paracetamol E. Penicillin]</li>
  <li><strong>Test Results:</strong> What is your test results? [MCQ: A. Abnormal B. Inconclusive C. Normal]</li>
</ul>
<h1>Responses</h1>
<h2>Respondent 133</h2>
<ul>
  <li><strong>Name:</strong> ashLEy ERIcKSoN</li>
  <li><strong>Age:</strong> 32</li>
  <li><strong>Gender:</strong> a</li>
  <li><strong>Blood Type:</strong> d</li>
  <li><strong>Medical Condition:</strong> c</li>
  <li><strong>Date of Admission:</strong> 2019-11-05</li>
  <li><strong>Doctor:</strong> Gerald Hooper</li>
  <li><strong>Hospital:</strong> and Johnson Moore, Branch</li>
  <li><strong>Insurance Provider:</strong> a</li>
  <li><strong>Billing Amount:</strong> -503</li>
  <li><strong>Room Number:</strong> 376</li>
  <li><strong>Admission Type:</strong> c</li>
  <li><strong>Discharge Date:</strong> 2019-11-23</li>
  <li><strong>Medication:</strong> e</li>
  <li><strong>Test Results:</strong> c</li>
</ul>
<h2>Respondent 134</h2>
<ul>
  <li><strong>Name:</strong> SEaN carDenaS</li>
  <li><strong>Age:</strong> 55</li>
  <li><strong>Gender:</strong> b</li>
  <li><strong>Blood Type:</strong> f</li>
  <li><strong>Medical Condition:</strong> d</li>
  <li><strong>Date of Admission:</strong> 2021-02-07</li>
  <li><strong>Doctor:</strong> Todd Sanchez</li>
  <li><strong>Hospital:</strong> Holmes and Hughes, Phillips</li>
  <li><strong>Insurance Provider:</strong> c</li>
  <li><strong>Billing Amount:</strong> 34758</li>
  <li><strong>Room Number:</strong> 331</li>
  <li><strong>Admission Type:</strong> b</li>
  <li><strong>Discharge Date:</strong> 2021-03-05</li>
  <li><strong>Medication:</strong> a</li>
  <li><strong>Test Results:</strong> c</li>
</ul>
<h2>Respondent 120</h2>
<ul>
  <li><strong>Name:</strong> SaRA COOk</li>
  <li><strong>Age:</strong> 33</li>
  <li><strong>Gender:</strong> b</li>
  <li><strong>Blood Type:</strong> h</li>
  <li><strong>Medical Condition:</strong> a</li>
  <li><strong>Date of Admission:</strong> 2021-12-26</li>
  <li><strong>Doctor:</strong> Douglas Fleming</li>
  <li><strong>Hospital:</strong> Jarvis Scott, Fleming and</li>
  <li><strong>Insurance Provider:</strong> d</li>
  <li><strong>Billing Amount:</strong> 6176</li>
  <li><strong>Room Number:</strong> 138</li>
  <li><strong>Admission Type:</strong> c</li>
  <li><strong>Discharge Date:</strong> 2022-01-12</li>
  <li><strong>Medication:</strong> a</li>
  <li><strong>Test Results:</strong> a</li>
</ul>
</body>
</html>",134,"Which respondent numbers have Gender Male and Medical Condition Cancer?

DATA:

<!DOCTYPE html>
<html>
<head>
<title>Survey Data</title>
</head>
<body>
<h1>Questions</h1>
<ul>
  <li><strong>Name:</strong> What is your name? [Open-ended]</li>
  <li><strong>Age:</strong> What is your age? [Open-ended]</li>
  <li><strong>Gender:</strong> What is your gender? [MCQ: A. Female B. Male]</li>
  <li><strong>Blood Type:</strong> What is your blood type? [MCQ: A. A+ B. A- C. AB+ D. AB- E. B+ F. B- G. O+ H. O-]</li>
  <li><strong>Medical Condition:</strong> What is your medical condition? [MCQ: A. Arthritis B. Asthma C. Cancer D. Diabetes E. Hypertension F. Obesity]</li>
  <li><strong>Date of Admission:</strong> What is your date of admission? [Open-ended]</li>
  <li><strong>Doctor:</strong> What is your doctor? [Open-ended]</li>
  <li><strong>Hospital:</strong> What is your hospital? [Open-ended]</li>
  <li><strong>Insurance Provider:</strong> What is your insurance provider? [MCQ: A. Aetna B. Blue Cross C. Cigna D. Medicare E. UnitedHealthcare]</li>
  <li><strong>Billing Amount:</strong> What is your billing amount? [Open-ended]</li>
  <li><strong>Room Number:</strong> What is your room number? [Open-ended]</li>
  <li><strong>Admission Type:</strong> What is your admission type? [MCQ: A. Elective B. Emergency C. Urgent]</li>
  <li><strong>Discharge Date:</strong> What is your discharge date? [Open-ended]</li>
  <li><strong>Medication:</strong> What is your medication? [MCQ: A. Aspirin B. Ibuprofen C. Lipitor D. Paracetamol E. Penicillin]</li>
  <li><strong>Test Results:</strong> What is your test results? [MCQ: A. Abnormal B. Inconclusive C. Normal]</li>
</ul>
<h1>Responses</h1>
<h2>Respondent 133</h2>
<ul>
  <li><strong>Name:</strong> ashLEy ERIcKSoN</li>
  <li><strong>Age:</strong> 32</li>
  <li><strong>Gender:</strong> a</li>
  <li><strong>Blood Type:</strong> d</li>
  <li><strong>Medical Condition:</strong> c</li>
  <li><strong>Date of Admission:</strong> 2019-11-05</li>
  <li><strong>Doctor:</strong> Gerald Hooper</li>
  <li><strong>Hospital:</strong> and Johnson Moore, Branch</li>
  <li><strong>Insurance Provider:</strong> a</li>
  <li><strong>Billing Amount:</strong> -503</li>
  <li><strong>Room Number:</strong> 376</li>
  <li><strong>Admission Type:</strong> c</li>
  <li><strong>Discharge Date:</strong> 2019-11-23</li>
  <li><strong>Medication:</strong> e</li>
  <li><strong>Test Results:</strong> c</li>
</ul>
<h2>Respondent 63</h2>
<ul>
  <li><strong>Name:</strong> tRAvIs carTeR</li>
  <li><strong>Age:</strong> 18</li>
  <li><strong>Gender:</strong> b</li>
  <li><strong>Blood Type:</strong> a</li>
  <li><strong>Medical Condition:</strong> c</li>
  <li><strong>Date of Admission:</strong> 2022-07-06</li>
  <li><strong>Doctor:</strong> Megan Hahn</li>
  <li><strong>Hospital:</strong> Moss and Ferguson, Baker</li>
  <li><strong>Insurance Provider:</strong> e</li>
  <li><strong>Billing Amount:</strong> 48407</li>
  <li><strong>Room Number:</strong> 325</li>
  <li><strong>Admission Type:</strong> b</li>
  <li><strong>Discharge Date:</strong> 2022-07-18</li>
  <li><strong>Medication:</strong> a</li>
  <li><strong>Test Results:</strong> c</li>
</ul>
<h2>Respondent 116</h2>
<ul>
  <li><strong>Name:</strong> reBEcCA PARsONs</li>
  <li><strong>Age:</strong> 37</li>
  <li><strong>Gender:</strong> a</li>
  <li><strong>Blood Type:</strong> g</li>
  <li><strong>Medical Condition:</strong> b</li>
  <li><strong>Date of Admission:</strong> 2019-12-02</li>
  <li><strong>Doctor:</strong> Steven Adams</li>
  <li><strong>Hospital:</strong> Group White</li>
  <li><strong>Insurance Provider:</strong> a</li>
  <li><strong>Billing Amount:</strong> 8521</li>
  <li><strong>Room Number:</strong> 476</li>
  <li><strong>Admission Type:</strong> a</li>
  <li><strong>Discharge Date:</strong> 2019-12-13</li>
  <li><strong>Medication:</strong> e</li>
  <li><strong>Test Results:</strong> a</li>
</ul>
</body>
</html>

Answer: 63

<!DOCTYPE html>
<html>
<head>
<title>Survey Data</title>
</head>
<body>
<h1>Questions</h1>
<ul>
  <li><strong>Name:</strong> What is your name? [Open-ended]</li>
  <li><strong>Age:</strong> What is your age? [Open-ended]</li>
  <li><strong>Gender:</strong> What is your gender? [MCQ: A. Female B. Male]</li>
  <li><strong>Blood Type:</strong> What is your blood type? [MCQ: A. A+ B. A- C. AB+ D. AB- E. B+ F. B- G. O+ H. O-]</li>
  <li><strong>Medical Condition:</strong> What is your medical condition? [MCQ: A. Arthritis B. Asthma C. Cancer D. Diabetes E. Hypertension F. Obesity]</li>
  <li><strong>Date of Admission:</strong> What is your date of admission? [Open-ended]</li>
  <li><strong>Doctor:</strong> What is your doctor? [Open-ended]</li>
  <li><strong>Hospital:</strong> What is your hospital? [Open-ended]</li>
  <li><strong>Insurance Provider:</strong> What is your insurance provider? [MCQ: A. Aetna B. Blue Cross C. Cigna D. Medicare E. UnitedHealthcare]</li>
  <li><strong>Billing Amount:</strong> What is your billing amount? [Open-ended]</li>
  <li><strong>Room Number:</strong> What is your room number? [Open-ended]</li>
  <li><strong>Admission Type:</strong> What is your admission type? [MCQ: A. Elective B. Emergency C. Urgent]</li>
  <li><strong>Discharge Date:</strong> What is your discharge date? [Open-ended]</li>
  <li><strong>Medication:</strong> What is your medication? [MCQ: A. Aspirin B. Ibuprofen C. Lipitor D. Paracetamol E. Penicillin]</li>
  <li><strong>Test Results:</strong> What is your test results? [MCQ: A. Abnormal B. Inconclusive C. Normal]</li>
</ul>
<h1>Responses</h1>
<h2>Respondent 133</h2>
<ul>
  <li><strong>Name:</strong> ashLEy ERIcKSoN</li>
  <li><strong>Age:</strong> 32</li>
  <li><strong>Gender:</strong> a</li>
  <li><strong>Blood Type:</strong> d</li>
  <li><strong>Medical Condition:</strong> c</li>
  <li><strong>Date of Admission:</strong> 2019-11-05</li>
  <li><strong>Doctor:</strong> Gerald Hooper</li>
  <li><strong>Hospital:</strong> and Johnson Moore, Branch</li>
  <li><strong>Insurance Provider:</strong> a</li>
  <li><strong>Billing Amount:</strong> -503</li>
  <li><strong>Room Number:</strong> 376</li>
  <li><strong>Admission Type:</strong> c</li>
  <li><strong>Discharge Date:</strong> 2019-11-23</li>
  <li><strong>Medication:</strong> e</li>
  <li><strong>Test Results:</strong> c</li>
</ul>
<h2>Respondent 134</h2>
<ul>
  <li><strong>Name:</strong> SEaN carDenaS</li>
  <li><strong>Age:</strong> 55</li>
  <li><strong>Gender:</strong> b</li>
  <li><strong>Blood Type:</strong> f</li>
  <li><strong>Medical Condition:</strong> d</li>
  <li><strong>Date of Admission:</strong> 2021-02-07</li>
  <li><strong>Doctor:</strong> Todd Sanchez</li>
  <li><strong>Hospital:</strong> Holmes and Hughes, Phillips</li>
  <li><strong>Insurance Provider:</strong> c</li>
  <li><strong>Billing Amount:</strong> 34758</li>
  <li><strong>Room Number:</strong> 331</li>
  <li><strong>Admission Type:</strong> b</li>
  <li><strong>Discharge Date:</strong> 2021-03-05</li>
  <li><strong>Medication:</strong> a</li>
  <li><strong>Test Results:</strong> c</li>
</ul>
<h2>Respondent 120</h2>
<ul>
  <li><strong>Name:</strong> SaRA COOk</li>
  <li><strong>Age:</strong> 33</li>
  <li><strong>Gender:</strong> b</li>
  <li><strong>Blood Type:</strong> h</li>
  <li><strong>Medical Condition:</strong> a</li>
  <li><strong>Date of Admission:</strong> 2021-12-26</li>
  <li><strong>Doctor:</strong> Douglas Fleming</li>
  <li><strong>Hospital:</strong> Jarvis Scott, Fleming and</li>
  <li><strong>Insurance Provider:</strong> d</li>
  <li><strong>Billing Amount:</strong> 6176</li>
  <li><strong>Room Number:</strong> 138</li>
  <li><strong>Admission Type:</strong> c</li>
  <li><strong>Discharge Date:</strong> 2022-01-12</li>
  <li><strong>Medication:</strong> a</li>
  <li><strong>Test Results:</strong> a</li>
</ul>
</body>
</html>

You are a meticulous data analyst AI. Your primary function is to accurately analyze structured data and provide precise, verifiable answers.

You will be given a dataset with two key parts:

A 'questions' section: This is your data dictionary or schema. It is the single source of truth for understanding what each field and score means. Refer to it carefully.

A 'responses' section: This contains the raw data from each individual respondent.

To answer the question correctly, you must first use the 'questions' schema to fully understand the context and meaning of the data points within the 'responses'. Do not rely on any prior knowledge outside of this provided data. Base your entire analysis on the information given.

Provide your final answer directly and concisely. Output must be the human-readable value, not an option code.

Rules:
- For MCQ fields, map any letter codes in the Responses (case-insensitive) to the corresponding option text from the Questions schema, and output only that text. Do NOT include the letter or both.
  Example: If the schema is ""[MCQ: A. Abnormal B. Inconclusive C. Normal]"" and the response is ""a"", output ""Abnormal"".
- For open-ended fields, output the exact text value.
- If the question asks for a count, provide only the number (e.g., ""42"").
- If the question asks for a list of names or IDs, provide a simple comma-separated list (e.g., ""17, 21, 23"").
- Preserve capitalization exactly as in the schema (e.g., output ""Abnormal"", not ""abnormal"" or ""A"").

Which respondent numbers have Medical Condition Diabetes and Medication Aspirin?",,
case_7,multi_hop_relational_inference,Which respondent numbers have Medication Penicillin and Test Results Normal?,"<!DOCTYPE html>
<html>
<head>
<title>Survey Data</title>
</head>
<body>
<h1>Questions</h1>
<ul>
  <li><strong>Name:</strong> What is your name? [Open-ended]</li>
  <li><strong>Age:</strong> What is your age? [Open-ended]</li>
  <li><strong>Gender:</strong> What is your gender? [MCQ: A. Female B. Male]</li>
  <li><strong>Blood Type:</strong> What is your blood type? [MCQ: A. A+ B. A- C. AB+ D. AB- E. B+ F. B- G. O+ H. O-]</li>
  <li><strong>Medical Condition:</strong> What is your medical condition? [MCQ: A. Arthritis B. Asthma C. Cancer D. Diabetes E. Hypertension F. Obesity]</li>
  <li><strong>Date of Admission:</strong> What is your date of admission? [Open-ended]</li>
  <li><strong>Doctor:</strong> What is your doctor? [Open-ended]</li>
  <li><strong>Hospital:</strong> What is your hospital? [Open-ended]</li>
  <li><strong>Insurance Provider:</strong> What is your insurance provider? [MCQ: A. Aetna B. Blue Cross C. Cigna D. Medicare E. UnitedHealthcare]</li>
  <li><strong>Billing Amount:</strong> What is your billing amount? [Open-ended]</li>
  <li><strong>Room Number:</strong> What is your room number? [Open-ended]</li>
  <li><strong>Admission Type:</strong> What is your admission type? [MCQ: A. Elective B. Emergency C. Urgent]</li>
  <li><strong>Discharge Date:</strong> What is your discharge date? [Open-ended]</li>
  <li><strong>Medication:</strong> What is your medication? [MCQ: A. Aspirin B. Ibuprofen C. Lipitor D. Paracetamol E. Penicillin]</li>
  <li><strong>Test Results:</strong> What is your test results? [MCQ: A. Abnormal B. Inconclusive C. Normal]</li>
</ul>
<h1>Responses</h1>
<h2>Respondent 81</h2>
<ul>
  <li><strong>Name:</strong> NICOLE HUGhes</li>
  <li><strong>Age:</strong> 20</li>
  <li><strong>Gender:</strong> b</li>
  <li><strong>Blood Type:</strong> g</li>
  <li><strong>Medical Condition:</strong> a</li>
  <li><strong>Date of Admission:</strong> 2020-12-04</li>
  <li><strong>Doctor:</strong> Lori Sanchez</li>
  <li><strong>Hospital:</strong> Shaw-Young</li>
  <li><strong>Insurance Provider:</strong> b</li>
  <li><strong>Billing Amount:</strong> 34618</li>
  <li><strong>Room Number:</strong> 320</li>
  <li><strong>Admission Type:</strong> b</li>
  <li><strong>Discharge Date:</strong> 2020-12-08</li>
  <li><strong>Medication:</strong> b</li>
  <li><strong>Test Results:</strong> a</li>
</ul>
<h2>Respondent 98</h2>
<ul>
  <li><strong>Name:</strong> TOdd coopeR</li>
  <li><strong>Age:</strong> 55</li>
  <li><strong>Gender:</strong> a</li>
  <li><strong>Blood Type:</strong> a</li>
  <li><strong>Medical Condition:</strong> d</li>
  <li><strong>Date of Admission:</strong> 2022-12-10</li>
  <li><strong>Doctor:</strong> Jason Price</li>
  <li><strong>Hospital:</strong> Henderson-Taylor</li>
  <li><strong>Insurance Provider:</strong> e</li>
  <li><strong>Billing Amount:</strong> 21772</li>
  <li><strong>Room Number:</strong> 459</li>
  <li><strong>Admission Type:</strong> a</li>
  <li><strong>Discharge Date:</strong> 2022-12-31</li>
  <li><strong>Medication:</strong> b</li>
  <li><strong>Test Results:</strong> c</li>
</ul>
<h2>Respondent 33</h2>
<ul>
  <li><strong>Name:</strong> WilLIAM cOOPEr</li>
  <li><strong>Age:</strong> 78</li>
  <li><strong>Gender:</strong> b</li>
  <li><strong>Blood Type:</strong> d</li>
  <li><strong>Medical Condition:</strong> a</li>
  <li><strong>Date of Admission:</strong> 2023-05-18</li>
  <li><strong>Doctor:</strong> John Hartman</li>
  <li><strong>Hospital:</strong> Group Duncan</li>
  <li><strong>Insurance Provider:</strong> d</li>
  <li><strong>Billing Amount:</strong> 17993</li>
  <li><strong>Room Number:</strong> 245</li>
  <li><strong>Admission Type:</strong> a</li>
  <li><strong>Discharge Date:</strong> 2023-06-15</li>
  <li><strong>Medication:</strong> e</li>
  <li><strong>Test Results:</strong> c</li>
</ul>
</body>
</html>",33,"Which respondent numbers have Gender Male and Medical Condition Cancer?

DATA:

<!DOCTYPE html>
<html>
<head>
<title>Survey Data</title>
</head>
<body>
<h1>Questions</h1>
<ul>
  <li><strong>Name:</strong> What is your name? [Open-ended]</li>
  <li><strong>Age:</strong> What is your age? [Open-ended]</li>
  <li><strong>Gender:</strong> What is your gender? [MCQ: A. Female B. Male]</li>
  <li><strong>Blood Type:</strong> What is your blood type? [MCQ: A. A+ B. A- C. AB+ D. AB- E. B+ F. B- G. O+ H. O-]</li>
  <li><strong>Medical Condition:</strong> What is your medical condition? [MCQ: A. Arthritis B. Asthma C. Cancer D. Diabetes E. Hypertension F. Obesity]</li>
  <li><strong>Date of Admission:</strong> What is your date of admission? [Open-ended]</li>
  <li><strong>Doctor:</strong> What is your doctor? [Open-ended]</li>
  <li><strong>Hospital:</strong> What is your hospital? [Open-ended]</li>
  <li><strong>Insurance Provider:</strong> What is your insurance provider? [MCQ: A. Aetna B. Blue Cross C. Cigna D. Medicare E. UnitedHealthcare]</li>
  <li><strong>Billing Amount:</strong> What is your billing amount? [Open-ended]</li>
  <li><strong>Room Number:</strong> What is your room number? [Open-ended]</li>
  <li><strong>Admission Type:</strong> What is your admission type? [MCQ: A. Elective B. Emergency C. Urgent]</li>
  <li><strong>Discharge Date:</strong> What is your discharge date? [Open-ended]</li>
  <li><strong>Medication:</strong> What is your medication? [MCQ: A. Aspirin B. Ibuprofen C. Lipitor D. Paracetamol E. Penicillin]</li>
  <li><strong>Test Results:</strong> What is your test results? [MCQ: A. Abnormal B. Inconclusive C. Normal]</li>
</ul>
<h1>Responses</h1>
<h2>Respondent 133</h2>
<ul>
  <li><strong>Name:</strong> ashLEy ERIcKSoN</li>
  <li><strong>Age:</strong> 32</li>
  <li><strong>Gender:</strong> a</li>
  <li><strong>Blood Type:</strong> d</li>
  <li><strong>Medical Condition:</strong> c</li>
  <li><strong>Date of Admission:</strong> 2019-11-05</li>
  <li><strong>Doctor:</strong> Gerald Hooper</li>
  <li><strong>Hospital:</strong> and Johnson Moore, Branch</li>
  <li><strong>Insurance Provider:</strong> a</li>
  <li><strong>Billing Amount:</strong> -503</li>
  <li><strong>Room Number:</strong> 376</li>
  <li><strong>Admission Type:</strong> c</li>
  <li><strong>Discharge Date:</strong> 2019-11-23</li>
  <li><strong>Medication:</strong> e</li>
  <li><strong>Test Results:</strong> c</li>
</ul>
<h2>Respondent 63</h2>
<ul>
  <li><strong>Name:</strong> tRAvIs carTeR</li>
  <li><strong>Age:</strong> 18</li>
  <li><strong>Gender:</strong> b</li>
  <li><strong>Blood Type:</strong> a</li>
  <li><strong>Medical Condition:</strong> c</li>
  <li><strong>Date of Admission:</strong> 2022-07-06</li>
  <li><strong>Doctor:</strong> Megan Hahn</li>
  <li><strong>Hospital:</strong> Moss and Ferguson, Baker</li>
  <li><strong>Insurance Provider:</strong> e</li>
  <li><strong>Billing Amount:</strong> 48407</li>
  <li><strong>Room Number:</strong> 325</li>
  <li><strong>Admission Type:</strong> b</li>
  <li><strong>Discharge Date:</strong> 2022-07-18</li>
  <li><strong>Medication:</strong> a</li>
  <li><strong>Test Results:</strong> c</li>
</ul>
<h2>Respondent 116</h2>
<ul>
  <li><strong>Name:</strong> reBEcCA PARsONs</li>
  <li><strong>Age:</strong> 37</li>
  <li><strong>Gender:</strong> a</li>
  <li><strong>Blood Type:</strong> g</li>
  <li><strong>Medical Condition:</strong> b</li>
  <li><strong>Date of Admission:</strong> 2019-12-02</li>
  <li><strong>Doctor:</strong> Steven Adams</li>
  <li><strong>Hospital:</strong> Group White</li>
  <li><strong>Insurance Provider:</strong> a</li>
  <li><strong>Billing Amount:</strong> 8521</li>
  <li><strong>Room Number:</strong> 476</li>
  <li><strong>Admission Type:</strong> a</li>
  <li><strong>Discharge Date:</strong> 2019-12-13</li>
  <li><strong>Medication:</strong> e</li>
  <li><strong>Test Results:</strong> a</li>
</ul>
</body>
</html>

Answer: 63

<!DOCTYPE html>
<html>
<head>
<title>Survey Data</title>
</head>
<body>
<h1>Questions</h1>
<ul>
  <li><strong>Name:</strong> What is your name? [Open-ended]</li>
  <li><strong>Age:</strong> What is your age? [Open-ended]</li>
  <li><strong>Gender:</strong> What is your gender? [MCQ: A. Female B. Male]</li>
  <li><strong>Blood Type:</strong> What is your blood type? [MCQ: A. A+ B. A- C. AB+ D. AB- E. B+ F. B- G. O+ H. O-]</li>
  <li><strong>Medical Condition:</strong> What is your medical condition? [MCQ: A. Arthritis B. Asthma C. Cancer D. Diabetes E. Hypertension F. Obesity]</li>
  <li><strong>Date of Admission:</strong> What is your date of admission? [Open-ended]</li>
  <li><strong>Doctor:</strong> What is your doctor? [Open-ended]</li>
  <li><strong>Hospital:</strong> What is your hospital? [Open-ended]</li>
  <li><strong>Insurance Provider:</strong> What is your insurance provider? [MCQ: A. Aetna B. Blue Cross C. Cigna D. Medicare E. UnitedHealthcare]</li>
  <li><strong>Billing Amount:</strong> What is your billing amount? [Open-ended]</li>
  <li><strong>Room Number:</strong> What is your room number? [Open-ended]</li>
  <li><strong>Admission Type:</strong> What is your admission type? [MCQ: A. Elective B. Emergency C. Urgent]</li>
  <li><strong>Discharge Date:</strong> What is your discharge date? [Open-ended]</li>
  <li><strong>Medication:</strong> What is your medication? [MCQ: A. Aspirin B. Ibuprofen C. Lipitor D. Paracetamol E. Penicillin]</li>
  <li><strong>Test Results:</strong> What is your test results? [MCQ: A. Abnormal B. Inconclusive C. Normal]</li>
</ul>
<h1>Responses</h1>
<h2>Respondent 81</h2>
<ul>
  <li><strong>Name:</strong> NICOLE HUGhes</li>
  <li><strong>Age:</strong> 20</li>
  <li><strong>Gender:</strong> b</li>
  <li><strong>Blood Type:</strong> g</li>
  <li><strong>Medical Condition:</strong> a</li>
  <li><strong>Date of Admission:</strong> 2020-12-04</li>
  <li><strong>Doctor:</strong> Lori Sanchez</li>
  <li><strong>Hospital:</strong> Shaw-Young</li>
  <li><strong>Insurance Provider:</strong> b</li>
  <li><strong>Billing Amount:</strong> 34618</li>
  <li><strong>Room Number:</strong> 320</li>
  <li><strong>Admission Type:</strong> b</li>
  <li><strong>Discharge Date:</strong> 2020-12-08</li>
  <li><strong>Medication:</strong> b</li>
  <li><strong>Test Results:</strong> a</li>
</ul>
<h2>Respondent 98</h2>
<ul>
  <li><strong>Name:</strong> TOdd coopeR</li>
  <li><strong>Age:</strong> 55</li>
  <li><strong>Gender:</strong> a</li>
  <li><strong>Blood Type:</strong> a</li>
  <li><strong>Medical Condition:</strong> d</li>
  <li><strong>Date of Admission:</strong> 2022-12-10</li>
  <li><strong>Doctor:</strong> Jason Price</li>
  <li><strong>Hospital:</strong> Henderson-Taylor</li>
  <li><strong>Insurance Provider:</strong> e</li>
  <li><strong>Billing Amount:</strong> 21772</li>
  <li><strong>Room Number:</strong> 459</li>
  <li><strong>Admission Type:</strong> a</li>
  <li><strong>Discharge Date:</strong> 2022-12-31</li>
  <li><strong>Medication:</strong> b</li>
  <li><strong>Test Results:</strong> c</li>
</ul>
<h2>Respondent 33</h2>
<ul>
  <li><strong>Name:</strong> WilLIAM cOOPEr</li>
  <li><strong>Age:</strong> 78</li>
  <li><strong>Gender:</strong> b</li>
  <li><strong>Blood Type:</strong> d</li>
  <li><strong>Medical Condition:</strong> a</li>
  <li><strong>Date of Admission:</strong> 2023-05-18</li>
  <li><strong>Doctor:</strong> John Hartman</li>
  <li><strong>Hospital:</strong> Group Duncan</li>
  <li><strong>Insurance Provider:</strong> d</li>
  <li><strong>Billing Amount:</strong> 17993</li>
  <li><strong>Room Number:</strong> 245</li>
  <li><strong>Admission Type:</strong> a</li>
  <li><strong>Discharge Date:</strong> 2023-06-15</li>
  <li><strong>Medication:</strong> e</li>
  <li><strong>Test Results:</strong> c</li>
</ul>
</body>
</html>

You are a meticulous data analyst AI. Your primary function is to accurately analyze structured data and provide precise, verifiable answers.

You will be given a dataset with two key parts:

A 'questions' section: This is your data dictionary or schema. It is the single source of truth for understanding what each field and score means. Refer to it carefully.

A 'responses' section: This contains the raw data from each individual respondent.

To answer the question correctly, you must first use the 'questions' schema to fully understand the context and meaning of the data points within the 'responses'. Do not rely on any prior knowledge outside of this provided data. Base your entire analysis on the information given.

Provide your final answer directly and concisely. Output must be the human-readable value, not an option code.

Rules:
- For MCQ fields, map any letter codes in the Responses (case-insensitive) to the corresponding option text from the Questions schema, and output only that text. Do NOT include the letter or both.
  Example: If the schema is ""[MCQ: A. Abnormal B. Inconclusive C. Normal]"" and the response is ""a"", output ""Abnormal"".
- For open-ended fields, output the exact text value.
- If the question asks for a count, provide only the number (e.g., ""42"").
- If the question asks for a list of names or IDs, provide a simple comma-separated list (e.g., ""17, 21, 23"").
- Preserve capitalization exactly as in the schema (e.g., output ""Abnormal"", not ""abnormal"" or ""A"").

Which respondent numbers have Medication Penicillin and Test Results Normal?",,
case_8,multi_hop_relational_inference,Which respondent numbers have Blood Type B+ and Medication Paracetamol?,"<!DOCTYPE html>
<html>
<head>
<title>Survey Data</title>
</head>
<body>
<h1>Questions</h1>
<ul>
  <li><strong>Name:</strong> What is your name? [Open-ended]</li>
  <li><strong>Age:</strong> What is your age? [Open-ended]</li>
  <li><strong>Gender:</strong> What is your gender? [MCQ: A. Female B. Male]</li>
  <li><strong>Blood Type:</strong> What is your blood type? [MCQ: A. A+ B. A- C. AB+ D. AB- E. B+ F. B- G. O+ H. O-]</li>
  <li><strong>Medical Condition:</strong> What is your medical condition? [MCQ: A. Arthritis B. Asthma C. Cancer D. Diabetes E. Hypertension F. Obesity]</li>
  <li><strong>Date of Admission:</strong> What is your date of admission? [Open-ended]</li>
  <li><strong>Doctor:</strong> What is your doctor? [Open-ended]</li>
  <li><strong>Hospital:</strong> What is your hospital? [Open-ended]</li>
  <li><strong>Insurance Provider:</strong> What is your insurance provider? [MCQ: A. Aetna B. Blue Cross C. Cigna D. Medicare E. UnitedHealthcare]</li>
  <li><strong>Billing Amount:</strong> What is your billing amount? [Open-ended]</li>
  <li><strong>Room Number:</strong> What is your room number? [Open-ended]</li>
  <li><strong>Admission Type:</strong> What is your admission type? [MCQ: A. Elective B. Emergency C. Urgent]</li>
  <li><strong>Discharge Date:</strong> What is your discharge date? [Open-ended]</li>
  <li><strong>Medication:</strong> What is your medication? [MCQ: A. Aspirin B. Ibuprofen C. Lipitor D. Paracetamol E. Penicillin]</li>
  <li><strong>Test Results:</strong> What is your test results? [MCQ: A. Abnormal B. Inconclusive C. Normal]</li>
</ul>
<h1>Responses</h1>
<h2>Respondent 147</h2>
<ul>
  <li><strong>Name:</strong> aLExiS wilsOn</li>
  <li><strong>Age:</strong> 68</li>
  <li><strong>Gender:</strong> a</li>
  <li><strong>Blood Type:</strong> e</li>
  <li><strong>Medical Condition:</strong> a</li>
  <li><strong>Date of Admission:</strong> 2019-08-16</li>
  <li><strong>Doctor:</strong> Brian Walton</li>
  <li><strong>Hospital:</strong> Thomas-Kelley</li>
  <li><strong>Insurance Provider:</strong> a</li>
  <li><strong>Billing Amount:</strong> 2679</li>
  <li><strong>Room Number:</strong> 427</li>
  <li><strong>Admission Type:</strong> c</li>
  <li><strong>Discharge Date:</strong> 2019-08-21</li>
  <li><strong>Medication:</strong> d</li>
  <li><strong>Test Results:</strong> a</li>
</ul>
<h2>Respondent 108</h2>
<ul>
  <li><strong>Name:</strong> DAVid higgInS</li>
  <li><strong>Age:</strong> 49</li>
  <li><strong>Gender:</strong> a</li>
  <li><strong>Blood Type:</strong> f</li>
  <li><strong>Medical Condition:</strong> a</li>
  <li><strong>Date of Admission:</strong> 2021-03-05</li>
  <li><strong>Doctor:</strong> Erin Henderson MD</li>
  <li><strong>Hospital:</strong> Evans and Hall Schneider,</li>
  <li><strong>Insurance Provider:</strong> d</li>
  <li><strong>Billing Amount:</strong> 24948</li>
  <li><strong>Room Number:</strong> 361</li>
  <li><strong>Admission Type:</strong> b</li>
  <li><strong>Discharge Date:</strong> 2021-03-20</li>
  <li><strong>Medication:</strong> e</li>
  <li><strong>Test Results:</strong> a</li>
</ul>
<h2>Respondent 105</h2>
<ul>
  <li><strong>Name:</strong> HunTeR mckAy</li>
  <li><strong>Age:</strong> 85</li>
  <li><strong>Gender:</strong> b</li>
  <li><strong>Blood Type:</strong> b</li>
  <li><strong>Medical Condition:</strong> a</li>
  <li><strong>Date of Admission:</strong> 2021-05-14</li>
  <li><strong>Doctor:</strong> Dominic Mitchell</li>
  <li><strong>Hospital:</strong> Newton-White</li>
  <li><strong>Insurance Provider:</strong> e</li>
  <li><strong>Billing Amount:</strong> 40015</li>
  <li><strong>Room Number:</strong> 425</li>
  <li><strong>Admission Type:</strong> b</li>
  <li><strong>Discharge Date:</strong> 2021-06-03</li>
  <li><strong>Medication:</strong> a</li>
  <li><strong>Test Results:</strong> a</li>
</ul>
</body>
</html>",147,"Which respondent numbers have Gender Male and Medical Condition Cancer?

DATA:

<!DOCTYPE html>
<html>
<head>
<title>Survey Data</title>
</head>
<body>
<h1>Questions</h1>
<ul>
  <li><strong>Name:</strong> What is your name? [Open-ended]</li>
  <li><strong>Age:</strong> What is your age? [Open-ended]</li>
  <li><strong>Gender:</strong> What is your gender? [MCQ: A. Female B. Male]</li>
  <li><strong>Blood Type:</strong> What is your blood type? [MCQ: A. A+ B. A- C. AB+ D. AB- E. B+ F. B- G. O+ H. O-]</li>
  <li><strong>Medical Condition:</strong> What is your medical condition? [MCQ: A. Arthritis B. Asthma C. Cancer D. Diabetes E. Hypertension F. Obesity]</li>
  <li><strong>Date of Admission:</strong> What is your date of admission? [Open-ended]</li>
  <li><strong>Doctor:</strong> What is your doctor? [Open-ended]</li>
  <li><strong>Hospital:</strong> What is your hospital? [Open-ended]</li>
  <li><strong>Insurance Provider:</strong> What is your insurance provider? [MCQ: A. Aetna B. Blue Cross C. Cigna D. Medicare E. UnitedHealthcare]</li>
  <li><strong>Billing Amount:</strong> What is your billing amount? [Open-ended]</li>
  <li><strong>Room Number:</strong> What is your room number? [Open-ended]</li>
  <li><strong>Admission Type:</strong> What is your admission type? [MCQ: A. Elective B. Emergency C. Urgent]</li>
  <li><strong>Discharge Date:</strong> What is your discharge date? [Open-ended]</li>
  <li><strong>Medication:</strong> What is your medication? [MCQ: A. Aspirin B. Ibuprofen C. Lipitor D. Paracetamol E. Penicillin]</li>
  <li><strong>Test Results:</strong> What is your test results? [MCQ: A. Abnormal B. Inconclusive C. Normal]</li>
</ul>
<h1>Responses</h1>
<h2>Respondent 133</h2>
<ul>
  <li><strong>Name:</strong> ashLEy ERIcKSoN</li>
  <li><strong>Age:</strong> 32</li>
  <li><strong>Gender:</strong> a</li>
  <li><strong>Blood Type:</strong> d</li>
  <li><strong>Medical Condition:</strong> c</li>
  <li><strong>Date of Admission:</strong> 2019-11-05</li>
  <li><strong>Doctor:</strong> Gerald Hooper</li>
  <li><strong>Hospital:</strong> and Johnson Moore, Branch</li>
  <li><strong>Insurance Provider:</strong> a</li>
  <li><strong>Billing Amount:</strong> -503</li>
  <li><strong>Room Number:</strong> 376</li>
  <li><strong>Admission Type:</strong> c</li>
  <li><strong>Discharge Date:</strong> 2019-11-23</li>
  <li><strong>Medication:</strong> e</li>
  <li><strong>Test Results:</strong> c</li>
</ul>
<h2>Respondent 63</h2>
<ul>
  <li><strong>Name:</strong> tRAvIs carTeR</li>
  <li><strong>Age:</strong> 18</li>
  <li><strong>Gender:</strong> b</li>
  <li><strong>Blood Type:</strong> a</li>
  <li><strong>Medical Condition:</strong> c</li>
  <li><strong>Date of Admission:</strong> 2022-07-06</li>
  <li><strong>Doctor:</strong> Megan Hahn</li>
  <li><strong>Hospital:</strong> Moss and Ferguson, Baker</li>
  <li><strong>Insurance Provider:</strong> e</li>
  <li><strong>Billing Amount:</strong> 48407</li>
  <li><strong>Room Number:</strong> 325</li>
  <li><strong>Admission Type:</strong> b</li>
  <li><strong>Discharge Date:</strong> 2022-07-18</li>
  <li><strong>Medication:</strong> a</li>
  <li><strong>Test Results:</strong> c</li>
</ul>
<h2>Respondent 116</h2>
<ul>
  <li><strong>Name:</strong> reBEcCA PARsONs</li>
  <li><strong>Age:</strong> 37</li>
  <li><strong>Gender:</strong> a</li>
  <li><strong>Blood Type:</strong> g</li>
  <li><strong>Medical Condition:</strong> b</li>
  <li><strong>Date of Admission:</strong> 2019-12-02</li>
  <li><strong>Doctor:</strong> Steven Adams</li>
  <li><strong>Hospital:</strong> Group White</li>
  <li><strong>Insurance Provider:</strong> a</li>
  <li><strong>Billing Amount:</strong> 8521</li>
  <li><strong>Room Number:</strong> 476</li>
  <li><strong>Admission Type:</strong> a</li>
  <li><strong>Discharge Date:</strong> 2019-12-13</li>
  <li><strong>Medication:</strong> e</li>
  <li><strong>Test Results:</strong> a</li>
</ul>
</body>
</html>

Answer: 63

<!DOCTYPE html>
<html>
<head>
<title>Survey Data</title>
</head>
<body>
<h1>Questions</h1>
<ul>
  <li><strong>Name:</strong> What is your name? [Open-ended]</li>
  <li><strong>Age:</strong> What is your age? [Open-ended]</li>
  <li><strong>Gender:</strong> What is your gender? [MCQ: A. Female B. Male]</li>
  <li><strong>Blood Type:</strong> What is your blood type? [MCQ: A. A+ B. A- C. AB+ D. AB- E. B+ F. B- G. O+ H. O-]</li>
  <li><strong>Medical Condition:</strong> What is your medical condition? [MCQ: A. Arthritis B. Asthma C. Cancer D. Diabetes E. Hypertension F. Obesity]</li>
  <li><strong>Date of Admission:</strong> What is your date of admission? [Open-ended]</li>
  <li><strong>Doctor:</strong> What is your doctor? [Open-ended]</li>
  <li><strong>Hospital:</strong> What is your hospital? [Open-ended]</li>
  <li><strong>Insurance Provider:</strong> What is your insurance provider? [MCQ: A. Aetna B. Blue Cross C. Cigna D. Medicare E. UnitedHealthcare]</li>
  <li><strong>Billing Amount:</strong> What is your billing amount? [Open-ended]</li>
  <li><strong>Room Number:</strong> What is your room number? [Open-ended]</li>
  <li><strong>Admission Type:</strong> What is your admission type? [MCQ: A. Elective B. Emergency C. Urgent]</li>
  <li><strong>Discharge Date:</strong> What is your discharge date? [Open-ended]</li>
  <li><strong>Medication:</strong> What is your medication? [MCQ: A. Aspirin B. Ibuprofen C. Lipitor D. Paracetamol E. Penicillin]</li>
  <li><strong>Test Results:</strong> What is your test results? [MCQ: A. Abnormal B. Inconclusive C. Normal]</li>
</ul>
<h1>Responses</h1>
<h2>Respondent 147</h2>
<ul>
  <li><strong>Name:</strong> aLExiS wilsOn</li>
  <li><strong>Age:</strong> 68</li>
  <li><strong>Gender:</strong> a</li>
  <li><strong>Blood Type:</strong> e</li>
  <li><strong>Medical Condition:</strong> a</li>
  <li><strong>Date of Admission:</strong> 2019-08-16</li>
  <li><strong>Doctor:</strong> Brian Walton</li>
  <li><strong>Hospital:</strong> Thomas-Kelley</li>
  <li><strong>Insurance Provider:</strong> a</li>
  <li><strong>Billing Amount:</strong> 2679</li>
  <li><strong>Room Number:</strong> 427</li>
  <li><strong>Admission Type:</strong> c</li>
  <li><strong>Discharge Date:</strong> 2019-08-21</li>
  <li><strong>Medication:</strong> d</li>
  <li><strong>Test Results:</strong> a</li>
</ul>
<h2>Respondent 108</h2>
<ul>
  <li><strong>Name:</strong> DAVid higgInS</li>
  <li><strong>Age:</strong> 49</li>
  <li><strong>Gender:</strong> a</li>
  <li><strong>Blood Type:</strong> f</li>
  <li><strong>Medical Condition:</strong> a</li>
  <li><strong>Date of Admission:</strong> 2021-03-05</li>
  <li><strong>Doctor:</strong> Erin Henderson MD</li>
  <li><strong>Hospital:</strong> Evans and Hall Schneider,</li>
  <li><strong>Insurance Provider:</strong> d</li>
  <li><strong>Billing Amount:</strong> 24948</li>
  <li><strong>Room Number:</strong> 361</li>
  <li><strong>Admission Type:</strong> b</li>
  <li><strong>Discharge Date:</strong> 2021-03-20</li>
  <li><strong>Medication:</strong> e</li>
  <li><strong>Test Results:</strong> a</li>
</ul>
<h2>Respondent 105</h2>
<ul>
  <li><strong>Name:</strong> HunTeR mckAy</li>
  <li><strong>Age:</strong> 85</li>
  <li><strong>Gender:</strong> b</li>
  <li><strong>Blood Type:</strong> b</li>
  <li><strong>Medical Condition:</strong> a</li>
  <li><strong>Date of Admission:</strong> 2021-05-14</li>
  <li><strong>Doctor:</strong> Dominic Mitchell</li>
  <li><strong>Hospital:</strong> Newton-White</li>
  <li><strong>Insurance Provider:</strong> e</li>
  <li><strong>Billing Amount:</strong> 40015</li>
  <li><strong>Room Number:</strong> 425</li>
  <li><strong>Admission Type:</strong> b</li>
  <li><strong>Discharge Date:</strong> 2021-06-03</li>
  <li><strong>Medication:</strong> a</li>
  <li><strong>Test Results:</strong> a</li>
</ul>
</body>
</html>

You are a meticulous data analyst AI. Your primary function is to accurately analyze structured data and provide precise, verifiable answers.

You will be given a dataset with two key parts:

A 'questions' section: This is your data dictionary or schema. It is the single source of truth for understanding what each field and score means. Refer to it carefully.

A 'responses' section: This contains the raw data from each individual respondent.

To answer the question correctly, you must first use the 'questions' schema to fully understand the context and meaning of the data points within the 'responses'. Do not rely on any prior knowledge outside of this provided data. Base your entire analysis on the information given.

Provide your final answer directly and concisely. Output must be the human-readable value, not an option code.

Rules:
- For MCQ fields, map any letter codes in the Responses (case-insensitive) to the corresponding option text from the Questions schema, and output only that text. Do NOT include the letter or both.
  Example: If the schema is ""[MCQ: A. Abnormal B. Inconclusive C. Normal]"" and the response is ""a"", output ""Abnormal"".
- For open-ended fields, output the exact text value.
- If the question asks for a count, provide only the number (e.g., ""42"").
- If the question asks for a list of names or IDs, provide a simple comma-separated list (e.g., ""17, 21, 23"").
- Preserve capitalization exactly as in the schema (e.g., output ""Abnormal"", not ""abnormal"" or ""A"").

Which respondent numbers have Blood Type B+ and Medication Paracetamol?",,
case_9,multi_hop_relational_inference,Which respondent numbers have Blood Type A- and Admission Type Urgent?,"<!DOCTYPE html>
<html>
<head>
<title>Survey Data</title>
</head>
<body>
<h1>Questions</h1>
<ul>
  <li><strong>Name:</strong> What is your name? [Open-ended]</li>
  <li><strong>Age:</strong> What is your age? [Open-ended]</li>
  <li><strong>Gender:</strong> What is your gender? [MCQ: A. Female B. Male]</li>
  <li><strong>Blood Type:</strong> What is your blood type? [MCQ: A. A+ B. A- C. AB+ D. AB- E. B+ F. B- G. O+ H. O-]</li>
  <li><strong>Medical Condition:</strong> What is your medical condition? [MCQ: A. Arthritis B. Asthma C. Cancer D. Diabetes E. Hypertension F. Obesity]</li>
  <li><strong>Date of Admission:</strong> What is your date of admission? [Open-ended]</li>
  <li><strong>Doctor:</strong> What is your doctor? [Open-ended]</li>
  <li><strong>Hospital:</strong> What is your hospital? [Open-ended]</li>
  <li><strong>Insurance Provider:</strong> What is your insurance provider? [MCQ: A. Aetna B. Blue Cross C. Cigna D. Medicare E. UnitedHealthcare]</li>
  <li><strong>Billing Amount:</strong> What is your billing amount? [Open-ended]</li>
  <li><strong>Room Number:</strong> What is your room number? [Open-ended]</li>
  <li><strong>Admission Type:</strong> What is your admission type? [MCQ: A. Elective B. Emergency C. Urgent]</li>
  <li><strong>Discharge Date:</strong> What is your discharge date? [Open-ended]</li>
  <li><strong>Medication:</strong> What is your medication? [MCQ: A. Aspirin B. Ibuprofen C. Lipitor D. Paracetamol E. Penicillin]</li>
  <li><strong>Test Results:</strong> What is your test results? [MCQ: A. Abnormal B. Inconclusive C. Normal]</li>
</ul>
<h1>Responses</h1>
<h2>Respondent 19</h2>
<ul>
  <li><strong>Name:</strong> LuKE BuRgEss</li>
  <li><strong>Age:</strong> 34</li>
  <li><strong>Gender:</strong> a</li>
  <li><strong>Blood Type:</strong> b</li>
  <li><strong>Medical Condition:</strong> e</li>
  <li><strong>Date of Admission:</strong> 2021-03-04</li>
  <li><strong>Doctor:</strong> Justin Moore Jr.</li>
  <li><strong>Hospital:</strong> Houston PLC</li>
  <li><strong>Insurance Provider:</strong> b</li>
  <li><strong>Billing Amount:</strong> 18843</li>
  <li><strong>Room Number:</strong> 260</li>
  <li><strong>Admission Type:</strong> a</li>
  <li><strong>Discharge Date:</strong> 2021-03-14</li>
  <li><strong>Medication:</strong> a</li>
  <li><strong>Test Results:</strong> a</li>
</ul>
<h2>Respondent 139</h2>
<ul>
  <li><strong>Name:</strong> mELIssa sCOtt</li>
  <li><strong>Age:</strong> 38</li>
  <li><strong>Gender:</strong> a</li>
  <li><strong>Blood Type:</strong> c</li>
  <li><strong>Medical Condition:</strong> b</li>
  <li><strong>Date of Admission:</strong> 2020-01-24</li>
  <li><strong>Doctor:</strong> Kari Moore</li>
  <li><strong>Hospital:</strong> Gordon-Ward</li>
  <li><strong>Insurance Provider:</strong> d</li>
  <li><strong>Billing Amount:</strong> 17979</li>
  <li><strong>Room Number:</strong> 384</li>
  <li><strong>Admission Type:</strong> a</li>
  <li><strong>Discharge Date:</strong> 2020-02-12</li>
  <li><strong>Medication:</strong> b</li>
  <li><strong>Test Results:</strong> a</li>
</ul>
<h2>Respondent 48</h2>
<ul>
  <li><strong>Name:</strong> CHRis fRYe</li>
  <li><strong>Age:</strong> 58</li>
  <li><strong>Gender:</strong> b</li>
  <li><strong>Blood Type:</strong> b</li>
  <li><strong>Medical Condition:</strong> d</li>
  <li><strong>Date of Admission:</strong> 2020-05-04</li>
  <li><strong>Doctor:</strong> Heather Smith</li>
  <li><strong>Hospital:</strong> Nelson-Phillips</li>
  <li><strong>Insurance Provider:</strong> c</li>
  <li><strong>Billing Amount:</strong> 36992</li>
  <li><strong>Room Number:</strong> 413</li>
  <li><strong>Admission Type:</strong> c</li>
  <li><strong>Discharge Date:</strong> 2020-05-13</li>
  <li><strong>Medication:</strong> a</li>
  <li><strong>Test Results:</strong> c</li>
</ul>
</body>
</html>",48,"Which respondent numbers have Gender Male and Medical Condition Cancer?

DATA:

<!DOCTYPE html>
<html>
<head>
<title>Survey Data</title>
</head>
<body>
<h1>Questions</h1>
<ul>
  <li><strong>Name:</strong> What is your name? [Open-ended]</li>
  <li><strong>Age:</strong> What is your age? [Open-ended]</li>
  <li><strong>Gender:</strong> What is your gender? [MCQ: A. Female B. Male]</li>
  <li><strong>Blood Type:</strong> What is your blood type? [MCQ: A. A+ B. A- C. AB+ D. AB- E. B+ F. B- G. O+ H. O-]</li>
  <li><strong>Medical Condition:</strong> What is your medical condition? [MCQ: A. Arthritis B. Asthma C. Cancer D. Diabetes E. Hypertension F. Obesity]</li>
  <li><strong>Date of Admission:</strong> What is your date of admission? [Open-ended]</li>
  <li><strong>Doctor:</strong> What is your doctor? [Open-ended]</li>
  <li><strong>Hospital:</strong> What is your hospital? [Open-ended]</li>
  <li><strong>Insurance Provider:</strong> What is your insurance provider? [MCQ: A. Aetna B. Blue Cross C. Cigna D. Medicare E. UnitedHealthcare]</li>
  <li><strong>Billing Amount:</strong> What is your billing amount? [Open-ended]</li>
  <li><strong>Room Number:</strong> What is your room number? [Open-ended]</li>
  <li><strong>Admission Type:</strong> What is your admission type? [MCQ: A. Elective B. Emergency C. Urgent]</li>
  <li><strong>Discharge Date:</strong> What is your discharge date? [Open-ended]</li>
  <li><strong>Medication:</strong> What is your medication? [MCQ: A. Aspirin B. Ibuprofen C. Lipitor D. Paracetamol E. Penicillin]</li>
  <li><strong>Test Results:</strong> What is your test results? [MCQ: A. Abnormal B. Inconclusive C. Normal]</li>
</ul>
<h1>Responses</h1>
<h2>Respondent 133</h2>
<ul>
  <li><strong>Name:</strong> ashLEy ERIcKSoN</li>
  <li><strong>Age:</strong> 32</li>
  <li><strong>Gender:</strong> a</li>
  <li><strong>Blood Type:</strong> d</li>
  <li><strong>Medical Condition:</strong> c</li>
  <li><strong>Date of Admission:</strong> 2019-11-05</li>
  <li><strong>Doctor:</strong> Gerald Hooper</li>
  <li><strong>Hospital:</strong> and Johnson Moore, Branch</li>
  <li><strong>Insurance Provider:</strong> a</li>
  <li><strong>Billing Amount:</strong> -503</li>
  <li><strong>Room Number:</strong> 376</li>
  <li><strong>Admission Type:</strong> c</li>
  <li><strong>Discharge Date:</strong> 2019-11-23</li>
  <li><strong>Medication:</strong> e</li>
  <li><strong>Test Results:</strong> c</li>
</ul>
<h2>Respondent 63</h2>
<ul>
  <li><strong>Name:</strong> tRAvIs carTeR</li>
  <li><strong>Age:</strong> 18</li>
  <li><strong>Gender:</strong> b</li>
  <li><strong>Blood Type:</strong> a</li>
  <li><strong>Medical Condition:</strong> c</li>
  <li><strong>Date of Admission:</strong> 2022-07-06</li>
  <li><strong>Doctor:</strong> Megan Hahn</li>
  <li><strong>Hospital:</strong> Moss and Ferguson, Baker</li>
  <li><strong>Insurance Provider:</strong> e</li>
  <li><strong>Billing Amount:</strong> 48407</li>
  <li><strong>Room Number:</strong> 325</li>
  <li><strong>Admission Type:</strong> b</li>
  <li><strong>Discharge Date:</strong> 2022-07-18</li>
  <li><strong>Medication:</strong> a</li>
  <li><strong>Test Results:</strong> c</li>
</ul>
<h2>Respondent 116</h2>
<ul>
  <li><strong>Name:</strong> reBEcCA PARsONs</li>
  <li><strong>Age:</strong> 37</li>
  <li><strong>Gender:</strong> a</li>
  <li><strong>Blood Type:</strong> g</li>
  <li><strong>Medical Condition:</strong> b</li>
  <li><strong>Date of Admission:</strong> 2019-12-02</li>
  <li><strong>Doctor:</strong> Steven Adams</li>
  <li><strong>Hospital:</strong> Group White</li>
  <li><strong>Insurance Provider:</strong> a</li>
  <li><strong>Billing Amount:</strong> 8521</li>
  <li><strong>Room Number:</strong> 476</li>
  <li><strong>Admission Type:</strong> a</li>
  <li><strong>Discharge Date:</strong> 2019-12-13</li>
  <li><strong>Medication:</strong> e</li>
  <li><strong>Test Results:</strong> a</li>
</ul>
</body>
</html>

Answer: 63

<!DOCTYPE html>
<html>
<head>
<title>Survey Data</title>
</head>
<body>
<h1>Questions</h1>
<ul>
  <li><strong>Name:</strong> What is your name? [Open-ended]</li>
  <li><strong>Age:</strong> What is your age? [Open-ended]</li>
  <li><strong>Gender:</strong> What is your gender? [MCQ: A. Female B. Male]</li>
  <li><strong>Blood Type:</strong> What is your blood type? [MCQ: A. A+ B. A- C. AB+ D. AB- E. B+ F. B- G. O+ H. O-]</li>
  <li><strong>Medical Condition:</strong> What is your medical condition? [MCQ: A. Arthritis B. Asthma C. Cancer D. Diabetes E. Hypertension F. Obesity]</li>
  <li><strong>Date of Admission:</strong> What is your date of admission? [Open-ended]</li>
  <li><strong>Doctor:</strong> What is your doctor? [Open-ended]</li>
  <li><strong>Hospital:</strong> What is your hospital? [Open-ended]</li>
  <li><strong>Insurance Provider:</strong> What is your insurance provider? [MCQ: A. Aetna B. Blue Cross C. Cigna D. Medicare E. UnitedHealthcare]</li>
  <li><strong>Billing Amount:</strong> What is your billing amount? [Open-ended]</li>
  <li><strong>Room Number:</strong> What is your room number? [Open-ended]</li>
  <li><strong>Admission Type:</strong> What is your admission type? [MCQ: A. Elective B. Emergency C. Urgent]</li>
  <li><strong>Discharge Date:</strong> What is your discharge date? [Open-ended]</li>
  <li><strong>Medication:</strong> What is your medication? [MCQ: A. Aspirin B. Ibuprofen C. Lipitor D. Paracetamol E. Penicillin]</li>
  <li><strong>Test Results:</strong> What is your test results? [MCQ: A. Abnormal B. Inconclusive C. Normal]</li>
</ul>
<h1>Responses</h1>
<h2>Respondent 19</h2>
<ul>
  <li><strong>Name:</strong> LuKE BuRgEss</li>
  <li><strong>Age:</strong> 34</li>
  <li><strong>Gender:</strong> a</li>
  <li><strong>Blood Type:</strong> b</li>
  <li><strong>Medical Condition:</strong> e</li>
  <li><strong>Date of Admission:</strong> 2021-03-04</li>
  <li><strong>Doctor:</strong> Justin Moore Jr.</li>
  <li><strong>Hospital:</strong> Houston PLC</li>
  <li><strong>Insurance Provider:</strong> b</li>
  <li><strong>Billing Amount:</strong> 18843</li>
  <li><strong>Room Number:</strong> 260</li>
  <li><strong>Admission Type:</strong> a</li>
  <li><strong>Discharge Date:</strong> 2021-03-14</li>
  <li><strong>Medication:</strong> a</li>
  <li><strong>Test Results:</strong> a</li>
</ul>
<h2>Respondent 139</h2>
<ul>
  <li><strong>Name:</strong> mELIssa sCOtt</li>
  <li><strong>Age:</strong> 38</li>
  <li><strong>Gender:</strong> a</li>
  <li><strong>Blood Type:</strong> c</li>
  <li><strong>Medical Condition:</strong> b</li>
  <li><strong>Date of Admission:</strong> 2020-01-24</li>
  <li><strong>Doctor:</strong> Kari Moore</li>
  <li><strong>Hospital:</strong> Gordon-Ward</li>
  <li><strong>Insurance Provider:</strong> d</li>
  <li><strong>Billing Amount:</strong> 17979</li>
  <li><strong>Room Number:</strong> 384</li>
  <li><strong>Admission Type:</strong> a</li>
  <li><strong>Discharge Date:</strong> 2020-02-12</li>
  <li><strong>Medication:</strong> b</li>
  <li><strong>Test Results:</strong> a</li>
</ul>
<h2>Respondent 48</h2>
<ul>
  <li><strong>Name:</strong> CHRis fRYe</li>
  <li><strong>Age:</strong> 58</li>
  <li><strong>Gender:</strong> b</li>
  <li><strong>Blood Type:</strong> b</li>
  <li><strong>Medical Condition:</strong> d</li>
  <li><strong>Date of Admission:</strong> 2020-05-04</li>
  <li><strong>Doctor:</strong> Heather Smith</li>
  <li><strong>Hospital:</strong> Nelson-Phillips</li>
  <li><strong>Insurance Provider:</strong> c</li>
  <li><strong>Billing Amount:</strong> 36992</li>
  <li><strong>Room Number:</strong> 413</li>
  <li><strong>Admission Type:</strong> c</li>
  <li><strong>Discharge Date:</strong> 2020-05-13</li>
  <li><strong>Medication:</strong> a</li>
  <li><strong>Test Results:</strong> c</li>
</ul>
</body>
</html>

You are a meticulous data analyst AI. Your primary function is to accurately analyze structured data and provide precise, verifiable answers.

You will be given a dataset with two key parts:

A 'questions' section: This is your data dictionary or schema. It is the single source of truth for understanding what each field and score means. Refer to it carefully.

A 'responses' section: This contains the raw data from each individual respondent.

To answer the question correctly, you must first use the 'questions' schema to fully understand the context and meaning of the data points within the 'responses'. Do not rely on any prior knowledge outside of this provided data. Base your entire analysis on the information given.

Provide your final answer directly and concisely. Output must be the human-readable value, not an option code.

Rules:
- For MCQ fields, map any letter codes in the Responses (case-insensitive) to the corresponding option text from the Questions schema, and output only that text. Do NOT include the letter or both.
  Example: If the schema is ""[MCQ: A. Abnormal B. Inconclusive C. Normal]"" and the response is ""a"", output ""Abnormal"".
- For open-ended fields, output the exact text value.
- If the question asks for a count, provide only the number (e.g., ""42"").
- If the question asks for a list of names or IDs, provide a simple comma-separated list (e.g., ""17, 21, 23"").
- Preserve capitalization exactly as in the schema (e.g., output ""Abnormal"", not ""abnormal"" or ""A"").

Which respondent numbers have Blood Type A- and Admission Type Urgent?",,
case_10,multi_hop_relational_inference,Which respondent numbers have Medical Condition Arthritis and Test Results Inconclusive?,"<!DOCTYPE html>
<html>
<head>
<title>Survey Data</title>
</head>
<body>
<h1>Questions</h1>
<ul>
  <li><strong>Name:</strong> What is your name? [Open-ended]</li>
  <li><strong>Age:</strong> What is your age? [Open-ended]</li>
  <li><strong>Gender:</strong> What is your gender? [MCQ: A. Female B. Male]</li>
  <li><strong>Blood Type:</strong> What is your blood type? [MCQ: A. A+ B. A- C. AB+ D. AB- E. B+ F. B- G. O+ H. O-]</li>
  <li><strong>Medical Condition:</strong> What is your medical condition? [MCQ: A. Arthritis B. Asthma C. Cancer D. Diabetes E. Hypertension F. Obesity]</li>
  <li><strong>Date of Admission:</strong> What is your date of admission? [Open-ended]</li>
  <li><strong>Doctor:</strong> What is your doctor? [Open-ended]</li>
  <li><strong>Hospital:</strong> What is your hospital? [Open-ended]</li>
  <li><strong>Insurance Provider:</strong> What is your insurance provider? [MCQ: A. Aetna B. Blue Cross C. Cigna D. Medicare E. UnitedHealthcare]</li>
  <li><strong>Billing Amount:</strong> What is your billing amount? [Open-ended]</li>
  <li><strong>Room Number:</strong> What is your room number? [Open-ended]</li>
  <li><strong>Admission Type:</strong> What is your admission type? [MCQ: A. Elective B. Emergency C. Urgent]</li>
  <li><strong>Discharge Date:</strong> What is your discharge date? [Open-ended]</li>
  <li><strong>Medication:</strong> What is your medication? [MCQ: A. Aspirin B. Ibuprofen C. Lipitor D. Paracetamol E. Penicillin]</li>
  <li><strong>Test Results:</strong> What is your test results? [MCQ: A. Abnormal B. Inconclusive C. Normal]</li>
</ul>
<h1>Responses</h1>
<h2>Respondent 65</h2>
<ul>
  <li><strong>Name:</strong> Nancy glOVeR</li>
  <li><strong>Age:</strong> 58</li>
  <li><strong>Gender:</strong> b</li>
  <li><strong>Blood Type:</strong> b</li>
  <li><strong>Medical Condition:</strong> e</li>
  <li><strong>Date of Admission:</strong> 2020-05-08</li>
  <li><strong>Doctor:</strong> Jennifer Larson</li>
  <li><strong>Hospital:</strong> Khan, and Rodriguez Fischer</li>
  <li><strong>Insurance Provider:</strong> d</li>
  <li><strong>Billing Amount:</strong> 19183</li>
  <li><strong>Room Number:</strong> 378</li>
  <li><strong>Admission Type:</strong> b</li>
  <li><strong>Discharge Date:</strong> 2020-06-01</li>
  <li><strong>Medication:</strong> a</li>
  <li><strong>Test Results:</strong> a</li>
</ul>
<h2>Respondent 138</h2>
<ul>
  <li><strong>Name:</strong> cHristina wooDS</li>
  <li><strong>Age:</strong> 57</li>
  <li><strong>Gender:</strong> b</li>
  <li><strong>Blood Type:</strong> f</li>
  <li><strong>Medical Condition:</strong> a</li>
  <li><strong>Date of Admission:</strong> 2021-08-01</li>
  <li><strong>Doctor:</strong> Melissa Fernandez</li>
  <li><strong>Hospital:</strong> Jones Ltd</li>
  <li><strong>Insurance Provider:</strong> c</li>
  <li><strong>Billing Amount:</strong> 46430</li>
  <li><strong>Room Number:</strong> 233</li>
  <li><strong>Admission Type:</strong> a</li>
  <li><strong>Discharge Date:</strong> 2021-08-19</li>
  <li><strong>Medication:</strong> d</li>
  <li><strong>Test Results:</strong> b</li>
</ul>
<h2>Respondent 34</h2>
<ul>
  <li><strong>Name:</strong> Erin oRTEga</li>
  <li><strong>Age:</strong> 43</li>
  <li><strong>Gender:</strong> b</li>
  <li><strong>Blood Type:</strong> d</li>
  <li><strong>Medical Condition:</strong> c</li>
  <li><strong>Date of Admission:</strong> 2023-05-24</li>
  <li><strong>Doctor:</strong> Heather Garcia</li>
  <li><strong>Hospital:</strong> Lopez-Phillips</li>
  <li><strong>Insurance Provider:</strong> d</li>
  <li><strong>Billing Amount:</strong> 21186</li>
  <li><strong>Room Number:</strong> 494</li>
  <li><strong>Admission Type:</strong> a</li>
  <li><strong>Discharge Date:</strong> 2023-06-03</li>
  <li><strong>Medication:</strong> b</li>
  <li><strong>Test Results:</strong> c</li>
</ul>
</body>
</html>",138,"Which respondent numbers have Gender Male and Medical Condition Cancer?

DATA:

<!DOCTYPE html>
<html>
<head>
<title>Survey Data</title>
</head>
<body>
<h1>Questions</h1>
<ul>
  <li><strong>Name:</strong> What is your name? [Open-ended]</li>
  <li><strong>Age:</strong> What is your age? [Open-ended]</li>
  <li><strong>Gender:</strong> What is your gender? [MCQ: A. Female B. Male]</li>
  <li><strong>Blood Type:</strong> What is your blood type? [MCQ: A. A+ B. A- C. AB+ D. AB- E. B+ F. B- G. O+ H. O-]</li>
  <li><strong>Medical Condition:</strong> What is your medical condition? [MCQ: A. Arthritis B. Asthma C. Cancer D. Diabetes E. Hypertension F. Obesity]</li>
  <li><strong>Date of Admission:</strong> What is your date of admission? [Open-ended]</li>
  <li><strong>Doctor:</strong> What is your doctor? [Open-ended]</li>
  <li><strong>Hospital:</strong> What is your hospital? [Open-ended]</li>
  <li><strong>Insurance Provider:</strong> What is your insurance provider? [MCQ: A. Aetna B. Blue Cross C. Cigna D. Medicare E. UnitedHealthcare]</li>
  <li><strong>Billing Amount:</strong> What is your billing amount? [Open-ended]</li>
  <li><strong>Room Number:</strong> What is your room number? [Open-ended]</li>
  <li><strong>Admission Type:</strong> What is your admission type? [MCQ: A. Elective B. Emergency C. Urgent]</li>
  <li><strong>Discharge Date:</strong> What is your discharge date? [Open-ended]</li>
  <li><strong>Medication:</strong> What is your medication? [MCQ: A. Aspirin B. Ibuprofen C. Lipitor D. Paracetamol E. Penicillin]</li>
  <li><strong>Test Results:</strong> What is your test results? [MCQ: A. Abnormal B. Inconclusive C. Normal]</li>
</ul>
<h1>Responses</h1>
<h2>Respondent 133</h2>
<ul>
  <li><strong>Name:</strong> ashLEy ERIcKSoN</li>
  <li><strong>Age:</strong> 32</li>
  <li><strong>Gender:</strong> a</li>
  <li><strong>Blood Type:</strong> d</li>
  <li><strong>Medical Condition:</strong> c</li>
  <li><strong>Date of Admission:</strong> 2019-11-05</li>
  <li><strong>Doctor:</strong> Gerald Hooper</li>
  <li><strong>Hospital:</strong> and Johnson Moore, Branch</li>
  <li><strong>Insurance Provider:</strong> a</li>
  <li><strong>Billing Amount:</strong> -503</li>
  <li><strong>Room Number:</strong> 376</li>
  <li><strong>Admission Type:</strong> c</li>
  <li><strong>Discharge Date:</strong> 2019-11-23</li>
  <li><strong>Medication:</strong> e</li>
  <li><strong>Test Results:</strong> c</li>
</ul>
<h2>Respondent 63</h2>
<ul>
  <li><strong>Name:</strong> tRAvIs carTeR</li>
  <li><strong>Age:</strong> 18</li>
  <li><strong>Gender:</strong> b</li>
  <li><strong>Blood Type:</strong> a</li>
  <li><strong>Medical Condition:</strong> c</li>
  <li><strong>Date of Admission:</strong> 2022-07-06</li>
  <li><strong>Doctor:</strong> Megan Hahn</li>
  <li><strong>Hospital:</strong> Moss and Ferguson, Baker</li>
  <li><strong>Insurance Provider:</strong> e</li>
  <li><strong>Billing Amount:</strong> 48407</li>
  <li><strong>Room Number:</strong> 325</li>
  <li><strong>Admission Type:</strong> b</li>
  <li><strong>Discharge Date:</strong> 2022-07-18</li>
  <li><strong>Medication:</strong> a</li>
  <li><strong>Test Results:</strong> c</li>
</ul>
<h2>Respondent 116</h2>
<ul>
  <li><strong>Name:</strong> reBEcCA PARsONs</li>
  <li><strong>Age:</strong> 37</li>
  <li><strong>Gender:</strong> a</li>
  <li><strong>Blood Type:</strong> g</li>
  <li><strong>Medical Condition:</strong> b</li>
  <li><strong>Date of Admission:</strong> 2019-12-02</li>
  <li><strong>Doctor:</strong> Steven Adams</li>
  <li><strong>Hospital:</strong> Group White</li>
  <li><strong>Insurance Provider:</strong> a</li>
  <li><strong>Billing Amount:</strong> 8521</li>
  <li><strong>Room Number:</strong> 476</li>
  <li><strong>Admission Type:</strong> a</li>
  <li><strong>Discharge Date:</strong> 2019-12-13</li>
  <li><strong>Medication:</strong> e</li>
  <li><strong>Test Results:</strong> a</li>
</ul>
</body>
</html>

Answer: 63

<!DOCTYPE html>
<html>
<head>
<title>Survey Data</title>
</head>
<body>
<h1>Questions</h1>
<ul>
  <li><strong>Name:</strong> What is your name? [Open-ended]</li>
  <li><strong>Age:</strong> What is your age? [Open-ended]</li>
  <li><strong>Gender:</strong> What is your gender? [MCQ: A. Female B. Male]</li>
  <li><strong>Blood Type:</strong> What is your blood type? [MCQ: A. A+ B. A- C. AB+ D. AB- E. B+ F. B- G. O+ H. O-]</li>
  <li><strong>Medical Condition:</strong> What is your medical condition? [MCQ: A. Arthritis B. Asthma C. Cancer D. Diabetes E. Hypertension F. Obesity]</li>
  <li><strong>Date of Admission:</strong> What is your date of admission? [Open-ended]</li>
  <li><strong>Doctor:</strong> What is your doctor? [Open-ended]</li>
  <li><strong>Hospital:</strong> What is your hospital? [Open-ended]</li>
  <li><strong>Insurance Provider:</strong> What is your insurance provider? [MCQ: A. Aetna B. Blue Cross C. Cigna D. Medicare E. UnitedHealthcare]</li>
  <li><strong>Billing Amount:</strong> What is your billing amount? [Open-ended]</li>
  <li><strong>Room Number:</strong> What is your room number? [Open-ended]</li>
  <li><strong>Admission Type:</strong> What is your admission type? [MCQ: A. Elective B. Emergency C. Urgent]</li>
  <li><strong>Discharge Date:</strong> What is your discharge date? [Open-ended]</li>
  <li><strong>Medication:</strong> What is your medication? [MCQ: A. Aspirin B. Ibuprofen C. Lipitor D. Paracetamol E. Penicillin]</li>
  <li><strong>Test Results:</strong> What is your test results? [MCQ: A. Abnormal B. Inconclusive C. Normal]</li>
</ul>
<h1>Responses</h1>
<h2>Respondent 65</h2>
<ul>
  <li><strong>Name:</strong> Nancy glOVeR</li>
  <li><strong>Age:</strong> 58</li>
  <li><strong>Gender:</strong> b</li>
  <li><strong>Blood Type:</strong> b</li>
  <li><strong>Medical Condition:</strong> e</li>
  <li><strong>Date of Admission:</strong> 2020-05-08</li>
  <li><strong>Doctor:</strong> Jennifer Larson</li>
  <li><strong>Hospital:</strong> Khan, and Rodriguez Fischer</li>
  <li><strong>Insurance Provider:</strong> d</li>
  <li><strong>Billing Amount:</strong> 19183</li>
  <li><strong>Room Number:</strong> 378</li>
  <li><strong>Admission Type:</strong> b</li>
  <li><strong>Discharge Date:</strong> 2020-06-01</li>
  <li><strong>Medication:</strong> a</li>
  <li><strong>Test Results:</strong> a</li>
</ul>
<h2>Respondent 138</h2>
<ul>
  <li><strong>Name:</strong> cHristina wooDS</li>
  <li><strong>Age:</strong> 57</li>
  <li><strong>Gender:</strong> b</li>
  <li><strong>Blood Type:</strong> f</li>
  <li><strong>Medical Condition:</strong> a</li>
  <li><strong>Date of Admission:</strong> 2021-08-01</li>
  <li><strong>Doctor:</strong> Melissa Fernandez</li>
  <li><strong>Hospital:</strong> Jones Ltd</li>
  <li><strong>Insurance Provider:</strong> c</li>
  <li><strong>Billing Amount:</strong> 46430</li>
  <li><strong>Room Number:</strong> 233</li>
  <li><strong>Admission Type:</strong> a</li>
  <li><strong>Discharge Date:</strong> 2021-08-19</li>
  <li><strong>Medication:</strong> d</li>
  <li><strong>Test Results:</strong> b</li>
</ul>
<h2>Respondent 34</h2>
<ul>
  <li><strong>Name:</strong> Erin oRTEga</li>
  <li><strong>Age:</strong> 43</li>
  <li><strong>Gender:</strong> b</li>
  <li><strong>Blood Type:</strong> d</li>
  <li><strong>Medical Condition:</strong> c</li>
  <li><strong>Date of Admission:</strong> 2023-05-24</li>
  <li><strong>Doctor:</strong> Heather Garcia</li>
  <li><strong>Hospital:</strong> Lopez-Phillips</li>
  <li><strong>Insurance Provider:</strong> d</li>
  <li><strong>Billing Amount:</strong> 21186</li>
  <li><strong>Room Number:</strong> 494</li>
  <li><strong>Admission Type:</strong> a</li>
  <li><strong>Discharge Date:</strong> 2023-06-03</li>
  <li><strong>Medication:</strong> b</li>
  <li><strong>Test Results:</strong> c</li>
</ul>
</body>
</html>

You are a meticulous data analyst AI. Your primary function is to accurately analyze structured data and provide precise, verifiable answers.

You will be given a dataset with two key parts:

A 'questions' section: This is your data dictionary or schema. It is the single source of truth for understanding what each field and score means. Refer to it carefully.

A 'responses' section: This contains the raw data from each individual respondent.

To answer the question correctly, you must first use the 'questions' schema to fully understand the context and meaning of the data points within the 'responses'. Do not rely on any prior knowledge outside of this provided data. Base your entire analysis on the information given.

Provide your final answer directly and concisely. Output must be the human-readable value, not an option code.

Rules:
- For MCQ fields, map any letter codes in the Responses (case-insensitive) to the corresponding option text from the Questions schema, and output only that text. Do NOT include the letter or both.
  Example: If the schema is ""[MCQ: A. Abnormal B. Inconclusive C. Normal]"" and the response is ""a"", output ""Abnormal"".
- For open-ended fields, output the exact text value.
- If the question asks for a count, provide only the number (e.g., ""42"").
- If the question asks for a list of names or IDs, provide a simple comma-separated list (e.g., ""17, 21, 23"").
- Preserve capitalization exactly as in the schema (e.g., output ""Abnormal"", not ""abnormal"" or ""A"").

Which respondent numbers have Medical Condition Arthritis and Test Results Inconclusive?",,
case_11,multi_hop_relational_inference,Which respondent numbers have Medical Condition Hypertension and Medication Lipitor?,"<!DOCTYPE html>
<html>
<head>
<title>Survey Data</title>
</head>
<body>
<h1>Questions</h1>
<ul>
  <li><strong>Name:</strong> What is your name? [Open-ended]</li>
  <li><strong>Age:</strong> What is your age? [Open-ended]</li>
  <li><strong>Gender:</strong> What is your gender? [MCQ: A. Female B. Male]</li>
  <li><strong>Blood Type:</strong> What is your blood type? [MCQ: A. A+ B. A- C. AB+ D. AB- E. B+ F. B- G. O+ H. O-]</li>
  <li><strong>Medical Condition:</strong> What is your medical condition? [MCQ: A. Arthritis B. Asthma C. Cancer D. Diabetes E. Hypertension F. Obesity]</li>
  <li><strong>Date of Admission:</strong> What is your date of admission? [Open-ended]</li>
  <li><strong>Doctor:</strong> What is your doctor? [Open-ended]</li>
  <li><strong>Hospital:</strong> What is your hospital? [Open-ended]</li>
  <li><strong>Insurance Provider:</strong> What is your insurance provider? [MCQ: A. Aetna B. Blue Cross C. Cigna D. Medicare E. UnitedHealthcare]</li>
  <li><strong>Billing Amount:</strong> What is your billing amount? [Open-ended]</li>
  <li><strong>Room Number:</strong> What is your room number? [Open-ended]</li>
  <li><strong>Admission Type:</strong> What is your admission type? [MCQ: A. Elective B. Emergency C. Urgent]</li>
  <li><strong>Discharge Date:</strong> What is your discharge date? [Open-ended]</li>
  <li><strong>Medication:</strong> What is your medication? [MCQ: A. Aspirin B. Ibuprofen C. Lipitor D. Paracetamol E. Penicillin]</li>
  <li><strong>Test Results:</strong> What is your test results? [MCQ: A. Abnormal B. Inconclusive C. Normal]</li>
</ul>
<h1>Responses</h1>
<h2>Respondent 96</h2>
<ul>
  <li><strong>Name:</strong> cathERinE gArDnEr</li>
  <li><strong>Age:</strong> 79</li>
  <li><strong>Gender:</strong> a</li>
  <li><strong>Blood Type:</strong> b</li>
  <li><strong>Medical Condition:</strong> e</li>
  <li><strong>Date of Admission:</strong> 2019-08-19</li>
  <li><strong>Doctor:</strong> David Ruiz</li>
  <li><strong>Hospital:</strong> James Ltd</li>
  <li><strong>Insurance Provider:</strong> d</li>
  <li><strong>Billing Amount:</strong> 25504</li>
  <li><strong>Room Number:</strong> 144</li>
  <li><strong>Admission Type:</strong> a</li>
  <li><strong>Discharge Date:</strong> 2019-08-26</li>
  <li><strong>Medication:</strong> c</li>
  <li><strong>Test Results:</strong> a</li>
</ul>
<h2>Respondent 1</h2>
<ul>
  <li><strong>Name:</strong> Bobby JacksOn</li>
  <li><strong>Age:</strong> 30</li>
  <li><strong>Blood Type:</strong> f</li>
  <li><strong>Medical Condition:</strong> c</li>
  <li><strong>Date of Admission:</strong> 2024-01-31</li>
  <li><strong>Doctor:</strong> Matthew Smith</li>
  <li><strong>Hospital:</strong> Sons and Miller</li>
  <li><strong>Insurance Provider:</strong> b</li>
  <li><strong>Billing Amount:</strong> 18856</li>
  <li><strong>Room Number:</strong> 328</li>
  <li><strong>Admission Type:</strong> c</li>
  <li><strong>Discharge Date:</strong> 2024-02-02</li>
  <li><strong>Medication:</strong> d</li>
  <li><strong>Test Results:</strong> c</li>
</ul>
<h2>Respondent 146</h2>
<ul>
  <li><strong>Name:</strong> MATTHeW wHite</li>
  <li><strong>Age:</strong> 45</li>
  <li><strong>Gender:</strong> a</li>
  <li><strong>Blood Type:</strong> c</li>
  <li><strong>Medical Condition:</strong> d</li>
  <li><strong>Date of Admission:</strong> 2020-06-03</li>
  <li><strong>Doctor:</strong> Ryan Ross</li>
  <li><strong>Hospital:</strong> Hampton-Thomas</li>
  <li><strong>Insurance Provider:</strong> d</li>
  <li><strong>Billing Amount:</strong> 22951</li>
  <li><strong>Room Number:</strong> 233</li>
  <li><strong>Admission Type:</strong> a</li>
  <li><strong>Discharge Date:</strong> 2020-06-22</li>
  <li><strong>Medication:</strong> b</li>
  <li><strong>Test Results:</strong> a</li>
</ul>
</body>
</html>",96,"Which respondent numbers have Gender Male and Medical Condition Cancer?

DATA:

<!DOCTYPE html>
<html>
<head>
<title>Survey Data</title>
</head>
<body>
<h1>Questions</h1>
<ul>
  <li><strong>Name:</strong> What is your name? [Open-ended]</li>
  <li><strong>Age:</strong> What is your age? [Open-ended]</li>
  <li><strong>Gender:</strong> What is your gender? [MCQ: A. Female B. Male]</li>
  <li><strong>Blood Type:</strong> What is your blood type? [MCQ: A. A+ B. A- C. AB+ D. AB- E. B+ F. B- G. O+ H. O-]</li>
  <li><strong>Medical Condition:</strong> What is your medical condition? [MCQ: A. Arthritis B. Asthma C. Cancer D. Diabetes E. Hypertension F. Obesity]</li>
  <li><strong>Date of Admission:</strong> What is your date of admission? [Open-ended]</li>
  <li><strong>Doctor:</strong> What is your doctor? [Open-ended]</li>
  <li><strong>Hospital:</strong> What is your hospital? [Open-ended]</li>
  <li><strong>Insurance Provider:</strong> What is your insurance provider? [MCQ: A. Aetna B. Blue Cross C. Cigna D. Medicare E. UnitedHealthcare]</li>
  <li><strong>Billing Amount:</strong> What is your billing amount? [Open-ended]</li>
  <li><strong>Room Number:</strong> What is your room number? [Open-ended]</li>
  <li><strong>Admission Type:</strong> What is your admission type? [MCQ: A. Elective B. Emergency C. Urgent]</li>
  <li><strong>Discharge Date:</strong> What is your discharge date? [Open-ended]</li>
  <li><strong>Medication:</strong> What is your medication? [MCQ: A. Aspirin B. Ibuprofen C. Lipitor D. Paracetamol E. Penicillin]</li>
  <li><strong>Test Results:</strong> What is your test results? [MCQ: A. Abnormal B. Inconclusive C. Normal]</li>
</ul>
<h1>Responses</h1>
<h2>Respondent 133</h2>
<ul>
  <li><strong>Name:</strong> ashLEy ERIcKSoN</li>
  <li><strong>Age:</strong> 32</li>
  <li><strong>Gender:</strong> a</li>
  <li><strong>Blood Type:</strong> d</li>
  <li><strong>Medical Condition:</strong> c</li>
  <li><strong>Date of Admission:</strong> 2019-11-05</li>
  <li><strong>Doctor:</strong> Gerald Hooper</li>
  <li><strong>Hospital:</strong> and Johnson Moore, Branch</li>
  <li><strong>Insurance Provider:</strong> a</li>
  <li><strong>Billing Amount:</strong> -503</li>
  <li><strong>Room Number:</strong> 376</li>
  <li><strong>Admission Type:</strong> c</li>
  <li><strong>Discharge Date:</strong> 2019-11-23</li>
  <li><strong>Medication:</strong> e</li>
  <li><strong>Test Results:</strong> c</li>
</ul>
<h2>Respondent 63</h2>
<ul>
  <li><strong>Name:</strong> tRAvIs carTeR</li>
  <li><strong>Age:</strong> 18</li>
  <li><strong>Gender:</strong> b</li>
  <li><strong>Blood Type:</strong> a</li>
  <li><strong>Medical Condition:</strong> c</li>
  <li><strong>Date of Admission:</strong> 2022-07-06</li>
  <li><strong>Doctor:</strong> Megan Hahn</li>
  <li><strong>Hospital:</strong> Moss and Ferguson, Baker</li>
  <li><strong>Insurance Provider:</strong> e</li>
  <li><strong>Billing Amount:</strong> 48407</li>
  <li><strong>Room Number:</strong> 325</li>
  <li><strong>Admission Type:</strong> b</li>
  <li><strong>Discharge Date:</strong> 2022-07-18</li>
  <li><strong>Medication:</strong> a</li>
  <li><strong>Test Results:</strong> c</li>
</ul>
<h2>Respondent 116</h2>
<ul>
  <li><strong>Name:</strong> reBEcCA PARsONs</li>
  <li><strong>Age:</strong> 37</li>
  <li><strong>Gender:</strong> a</li>
  <li><strong>Blood Type:</strong> g</li>
  <li><strong>Medical Condition:</strong> b</li>
  <li><strong>Date of Admission:</strong> 2019-12-02</li>
  <li><strong>Doctor:</strong> Steven Adams</li>
  <li><strong>Hospital:</strong> Group White</li>
  <li><strong>Insurance Provider:</strong> a</li>
  <li><strong>Billing Amount:</strong> 8521</li>
  <li><strong>Room Number:</strong> 476</li>
  <li><strong>Admission Type:</strong> a</li>
  <li><strong>Discharge Date:</strong> 2019-12-13</li>
  <li><strong>Medication:</strong> e</li>
  <li><strong>Test Results:</strong> a</li>
</ul>
</body>
</html>

Answer: 63

<!DOCTYPE html>
<html>
<head>
<title>Survey Data</title>
</head>
<body>
<h1>Questions</h1>
<ul>
  <li><strong>Name:</strong> What is your name? [Open-ended]</li>
  <li><strong>Age:</strong> What is your age? [Open-ended]</li>
  <li><strong>Gender:</strong> What is your gender? [MCQ: A. Female B. Male]</li>
  <li><strong>Blood Type:</strong> What is your blood type? [MCQ: A. A+ B. A- C. AB+ D. AB- E. B+ F. B- G. O+ H. O-]</li>
  <li><strong>Medical Condition:</strong> What is your medical condition? [MCQ: A. Arthritis B. Asthma C. Cancer D. Diabetes E. Hypertension F. Obesity]</li>
  <li><strong>Date of Admission:</strong> What is your date of admission? [Open-ended]</li>
  <li><strong>Doctor:</strong> What is your doctor? [Open-ended]</li>
  <li><strong>Hospital:</strong> What is your hospital? [Open-ended]</li>
  <li><strong>Insurance Provider:</strong> What is your insurance provider? [MCQ: A. Aetna B. Blue Cross C. Cigna D. Medicare E. UnitedHealthcare]</li>
  <li><strong>Billing Amount:</strong> What is your billing amount? [Open-ended]</li>
  <li><strong>Room Number:</strong> What is your room number? [Open-ended]</li>
  <li><strong>Admission Type:</strong> What is your admission type? [MCQ: A. Elective B. Emergency C. Urgent]</li>
  <li><strong>Discharge Date:</strong> What is your discharge date? [Open-ended]</li>
  <li><strong>Medication:</strong> What is your medication? [MCQ: A. Aspirin B. Ibuprofen C. Lipitor D. Paracetamol E. Penicillin]</li>
  <li><strong>Test Results:</strong> What is your test results? [MCQ: A. Abnormal B. Inconclusive C. Normal]</li>
</ul>
<h1>Responses</h1>
<h2>Respondent 96</h2>
<ul>
  <li><strong>Name:</strong> cathERinE gArDnEr</li>
  <li><strong>Age:</strong> 79</li>
  <li><strong>Gender:</strong> a</li>
  <li><strong>Blood Type:</strong> b</li>
  <li><strong>Medical Condition:</strong> e</li>
  <li><strong>Date of Admission:</strong> 2019-08-19</li>
  <li><strong>Doctor:</strong> David Ruiz</li>
  <li><strong>Hospital:</strong> James Ltd</li>
  <li><strong>Insurance Provider:</strong> d</li>
  <li><strong>Billing Amount:</strong> 25504</li>
  <li><strong>Room Number:</strong> 144</li>
  <li><strong>Admission Type:</strong> a</li>
  <li><strong>Discharge Date:</strong> 2019-08-26</li>
  <li><strong>Medication:</strong> c</li>
  <li><strong>Test Results:</strong> a</li>
</ul>
<h2>Respondent 1</h2>
<ul>
  <li><strong>Name:</strong> Bobby JacksOn</li>
  <li><strong>Age:</strong> 30</li>
  <li><strong>Blood Type:</strong> f</li>
  <li><strong>Medical Condition:</strong> c</li>
  <li><strong>Date of Admission:</strong> 2024-01-31</li>
  <li><strong>Doctor:</strong> Matthew Smith</li>
  <li><strong>Hospital:</strong> Sons and Miller</li>
  <li><strong>Insurance Provider:</strong> b</li>
  <li><strong>Billing Amount:</strong> 18856</li>
  <li><strong>Room Number:</strong> 328</li>
  <li><strong>Admission Type:</strong> c</li>
  <li><strong>Discharge Date:</strong> 2024-02-02</li>
  <li><strong>Medication:</strong> d</li>
  <li><strong>Test Results:</strong> c</li>
</ul>
<h2>Respondent 146</h2>
<ul>
  <li><strong>Name:</strong> MATTHeW wHite</li>
  <li><strong>Age:</strong> 45</li>
  <li><strong>Gender:</strong> a</li>
  <li><strong>Blood Type:</strong> c</li>
  <li><strong>Medical Condition:</strong> d</li>
  <li><strong>Date of Admission:</strong> 2020-06-03</li>
  <li><strong>Doctor:</strong> Ryan Ross</li>
  <li><strong>Hospital:</strong> Hampton-Thomas</li>
  <li><strong>Insurance Provider:</strong> d</li>
  <li><strong>Billing Amount:</strong> 22951</li>
  <li><strong>Room Number:</strong> 233</li>
  <li><strong>Admission Type:</strong> a</li>
  <li><strong>Discharge Date:</strong> 2020-06-22</li>
  <li><strong>Medication:</strong> b</li>
  <li><strong>Test Results:</strong> a</li>
</ul>
</body>
</html>

You are a meticulous data analyst AI. Your primary function is to accurately analyze structured data and provide precise, verifiable answers.

You will be given a dataset with two key parts:

A 'questions' section: This is your data dictionary or schema. It is the single source of truth for understanding what each field and score means. Refer to it carefully.

A 'responses' section: This contains the raw data from each individual respondent.

To answer the question correctly, you must first use the 'questions' schema to fully understand the context and meaning of the data points within the 'responses'. Do not rely on any prior knowledge outside of this provided data. Base your entire analysis on the information given.

Provide your final answer directly and concisely. Output must be the human-readable value, not an option code.

Rules:
- For MCQ fields, map any letter codes in the Responses (case-insensitive) to the corresponding option text from the Questions schema, and output only that text. Do NOT include the letter or both.
  Example: If the schema is ""[MCQ: A. Abnormal B. Inconclusive C. Normal]"" and the response is ""a"", output ""Abnormal"".
- For open-ended fields, output the exact text value.
- If the question asks for a count, provide only the number (e.g., ""42"").
- If the question asks for a list of names or IDs, provide a simple comma-separated list (e.g., ""17, 21, 23"").
- Preserve capitalization exactly as in the schema (e.g., output ""Abnormal"", not ""abnormal"" or ""A"").

Which respondent numbers have Medical Condition Hypertension and Medication Lipitor?",,
case_12,multi_hop_relational_inference,Which respondent numbers have Blood Type A- and Medication Lipitor?,"<!DOCTYPE html>
<html>
<head>
<title>Survey Data</title>
</head>
<body>
<h1>Questions</h1>
<ul>
  <li><strong>Name:</strong> What is your name? [Open-ended]</li>
  <li><strong>Age:</strong> What is your age? [Open-ended]</li>
  <li><strong>Gender:</strong> What is your gender? [MCQ: A. Female B. Male]</li>
  <li><strong>Blood Type:</strong> What is your blood type? [MCQ: A. A+ B. A- C. AB+ D. AB- E. B+ F. B- G. O+ H. O-]</li>
  <li><strong>Medical Condition:</strong> What is your medical condition? [MCQ: A. Arthritis B. Asthma C. Cancer D. Diabetes E. Hypertension F. Obesity]</li>
  <li><strong>Date of Admission:</strong> What is your date of admission? [Open-ended]</li>
  <li><strong>Doctor:</strong> What is your doctor? [Open-ended]</li>
  <li><strong>Hospital:</strong> What is your hospital? [Open-ended]</li>
  <li><strong>Insurance Provider:</strong> What is your insurance provider? [MCQ: A. Aetna B. Blue Cross C. Cigna D. Medicare E. UnitedHealthcare]</li>
  <li><strong>Billing Amount:</strong> What is your billing amount? [Open-ended]</li>
  <li><strong>Room Number:</strong> What is your room number? [Open-ended]</li>
  <li><strong>Admission Type:</strong> What is your admission type? [MCQ: A. Elective B. Emergency C. Urgent]</li>
  <li><strong>Discharge Date:</strong> What is your discharge date? [Open-ended]</li>
  <li><strong>Medication:</strong> What is your medication? [MCQ: A. Aspirin B. Ibuprofen C. Lipitor D. Paracetamol E. Penicillin]</li>
  <li><strong>Test Results:</strong> What is your test results? [MCQ: A. Abnormal B. Inconclusive C. Normal]</li>
</ul>
<h1>Responses</h1>
<h2>Respondent 14</h2>
<ul>
  <li><strong>Name:</strong> rObeRt bAuer</li>
  <li><strong>Age:</strong> 68</li>
  <li><strong>Gender:</strong> a</li>
  <li><strong>Blood Type:</strong> c</li>
  <li><strong>Medical Condition:</strong> b</li>
  <li><strong>Date of Admission:</strong> 2020-05-22</li>
  <li><strong>Doctor:</strong> Theresa Freeman</li>
  <li><strong>Hospital:</strong> Rivera-Gutierrez</li>
  <li><strong>Insurance Provider:</strong> e</li>
  <li><strong>Billing Amount:</strong> 33208</li>
  <li><strong>Room Number:</strong> 309</li>
  <li><strong>Admission Type:</strong> c</li>
  <li><strong>Discharge Date:</strong> 2020-06-19</li>
  <li><strong>Medication:</strong> c</li>
  <li><strong>Test Results:</strong> c</li>
</ul>
<h2>Respondent 12</h2>
<ul>
  <li><strong>Name:</strong> aaRon MARtiNeZ</li>
  <li><strong>Age:</strong> 38</li>
  <li><strong>Gender:</strong> a</li>
  <li><strong>Blood Type:</strong> b</li>
  <li><strong>Medical Condition:</strong> e</li>
  <li><strong>Date of Admission:</strong> 2023-08-13</li>
  <li><strong>Doctor:</strong> Douglas Mayo</li>
  <li><strong>Hospital:</strong> Lyons-Blair</li>
  <li><strong>Insurance Provider:</strong> d</li>
  <li><strong>Billing Amount:</strong> 8000</li>
  <li><strong>Room Number:</strong> 288</li>
  <li><strong>Admission Type:</strong> c</li>
  <li><strong>Discharge Date:</strong> 2023-09-05</li>
  <li><strong>Medication:</strong> c</li>
  <li><strong>Test Results:</strong> b</li>
</ul>
<h2>Respondent 25</h2>
<ul>
  <li><strong>Name:</strong> PAUl hEndERsOn</li>
  <li><strong>Age:</strong> 72</li>
  <li><strong>Gender:</strong> a</li>
  <li><strong>Blood Type:</strong> c</li>
  <li><strong>Medical Condition:</strong> e</li>
  <li><strong>Date of Admission:</strong> 2020-05-15</li>
  <li><strong>Doctor:</strong> Stephanie Kramer</li>
  <li><strong>Hospital:</strong> Wilson Group</li>
  <li><strong>Insurance Provider:</strong> d</li>
  <li><strong>Billing Amount:</strong> 33211</li>
  <li><strong>Room Number:</strong> 109</li>
  <li><strong>Admission Type:</strong> b</li>
  <li><strong>Discharge Date:</strong> 2020-06-08</li>
  <li><strong>Medication:</strong> d</li>
  <li><strong>Test Results:</strong> b</li>
</ul>
</body>
</html>",12,"Which respondent numbers have Gender Male and Medical Condition Cancer?

DATA:

<!DOCTYPE html>
<html>
<head>
<title>Survey Data</title>
</head>
<body>
<h1>Questions</h1>
<ul>
  <li><strong>Name:</strong> What is your name? [Open-ended]</li>
  <li><strong>Age:</strong> What is your age? [Open-ended]</li>
  <li><strong>Gender:</strong> What is your gender? [MCQ: A. Female B. Male]</li>
  <li><strong>Blood Type:</strong> What is your blood type? [MCQ: A. A+ B. A- C. AB+ D. AB- E. B+ F. B- G. O+ H. O-]</li>
  <li><strong>Medical Condition:</strong> What is your medical condition? [MCQ: A. Arthritis B. Asthma C. Cancer D. Diabetes E. Hypertension F. Obesity]</li>
  <li><strong>Date of Admission:</strong> What is your date of admission? [Open-ended]</li>
  <li><strong>Doctor:</strong> What is your doctor? [Open-ended]</li>
  <li><strong>Hospital:</strong> What is your hospital? [Open-ended]</li>
  <li><strong>Insurance Provider:</strong> What is your insurance provider? [MCQ: A. Aetna B. Blue Cross C. Cigna D. Medicare E. UnitedHealthcare]</li>
  <li><strong>Billing Amount:</strong> What is your billing amount? [Open-ended]</li>
  <li><strong>Room Number:</strong> What is your room number? [Open-ended]</li>
  <li><strong>Admission Type:</strong> What is your admission type? [MCQ: A. Elective B. Emergency C. Urgent]</li>
  <li><strong>Discharge Date:</strong> What is your discharge date? [Open-ended]</li>
  <li><strong>Medication:</strong> What is your medication? [MCQ: A. Aspirin B. Ibuprofen C. Lipitor D. Paracetamol E. Penicillin]</li>
  <li><strong>Test Results:</strong> What is your test results? [MCQ: A. Abnormal B. Inconclusive C. Normal]</li>
</ul>
<h1>Responses</h1>
<h2>Respondent 133</h2>
<ul>
  <li><strong>Name:</strong> ashLEy ERIcKSoN</li>
  <li><strong>Age:</strong> 32</li>
  <li><strong>Gender:</strong> a</li>
  <li><strong>Blood Type:</strong> d</li>
  <li><strong>Medical Condition:</strong> c</li>
  <li><strong>Date of Admission:</strong> 2019-11-05</li>
  <li><strong>Doctor:</strong> Gerald Hooper</li>
  <li><strong>Hospital:</strong> and Johnson Moore, Branch</li>
  <li><strong>Insurance Provider:</strong> a</li>
  <li><strong>Billing Amount:</strong> -503</li>
  <li><strong>Room Number:</strong> 376</li>
  <li><strong>Admission Type:</strong> c</li>
  <li><strong>Discharge Date:</strong> 2019-11-23</li>
  <li><strong>Medication:</strong> e</li>
  <li><strong>Test Results:</strong> c</li>
</ul>
<h2>Respondent 63</h2>
<ul>
  <li><strong>Name:</strong> tRAvIs carTeR</li>
  <li><strong>Age:</strong> 18</li>
  <li><strong>Gender:</strong> b</li>
  <li><strong>Blood Type:</strong> a</li>
  <li><strong>Medical Condition:</strong> c</li>
  <li><strong>Date of Admission:</strong> 2022-07-06</li>
  <li><strong>Doctor:</strong> Megan Hahn</li>
  <li><strong>Hospital:</strong> Moss and Ferguson, Baker</li>
  <li><strong>Insurance Provider:</strong> e</li>
  <li><strong>Billing Amount:</strong> 48407</li>
  <li><strong>Room Number:</strong> 325</li>
  <li><strong>Admission Type:</strong> b</li>
  <li><strong>Discharge Date:</strong> 2022-07-18</li>
  <li><strong>Medication:</strong> a</li>
  <li><strong>Test Results:</strong> c</li>
</ul>
<h2>Respondent 116</h2>
<ul>
  <li><strong>Name:</strong> reBEcCA PARsONs</li>
  <li><strong>Age:</strong> 37</li>
  <li><strong>Gender:</strong> a</li>
  <li><strong>Blood Type:</strong> g</li>
  <li><strong>Medical Condition:</strong> b</li>
  <li><strong>Date of Admission:</strong> 2019-12-02</li>
  <li><strong>Doctor:</strong> Steven Adams</li>
  <li><strong>Hospital:</strong> Group White</li>
  <li><strong>Insurance Provider:</strong> a</li>
  <li><strong>Billing Amount:</strong> 8521</li>
  <li><strong>Room Number:</strong> 476</li>
  <li><strong>Admission Type:</strong> a</li>
  <li><strong>Discharge Date:</strong> 2019-12-13</li>
  <li><strong>Medication:</strong> e</li>
  <li><strong>Test Results:</strong> a</li>
</ul>
</body>
</html>

Answer: 63

<!DOCTYPE html>
<html>
<head>
<title>Survey Data</title>
</head>
<body>
<h1>Questions</h1>
<ul>
  <li><strong>Name:</strong> What is your name? [Open-ended]</li>
  <li><strong>Age:</strong> What is your age? [Open-ended]</li>
  <li><strong>Gender:</strong> What is your gender? [MCQ: A. Female B. Male]</li>
  <li><strong>Blood Type:</strong> What is your blood type? [MCQ: A. A+ B. A- C. AB+ D. AB- E. B+ F. B- G. O+ H. O-]</li>
  <li><strong>Medical Condition:</strong> What is your medical condition? [MCQ: A. Arthritis B. Asthma C. Cancer D. Diabetes E. Hypertension F. Obesity]</li>
  <li><strong>Date of Admission:</strong> What is your date of admission? [Open-ended]</li>
  <li><strong>Doctor:</strong> What is your doctor? [Open-ended]</li>
  <li><strong>Hospital:</strong> What is your hospital? [Open-ended]</li>
  <li><strong>Insurance Provider:</strong> What is your insurance provider? [MCQ: A. Aetna B. Blue Cross C. Cigna D. Medicare E. UnitedHealthcare]</li>
  <li><strong>Billing Amount:</strong> What is your billing amount? [Open-ended]</li>
  <li><strong>Room Number:</strong> What is your room number? [Open-ended]</li>
  <li><strong>Admission Type:</strong> What is your admission type? [MCQ: A. Elective B. Emergency C. Urgent]</li>
  <li><strong>Discharge Date:</strong> What is your discharge date? [Open-ended]</li>
  <li><strong>Medication:</strong> What is your medication? [MCQ: A. Aspirin B. Ibuprofen C. Lipitor D. Paracetamol E. Penicillin]</li>
  <li><strong>Test Results:</strong> What is your test results? [MCQ: A. Abnormal B. Inconclusive C. Normal]</li>
</ul>
<h1>Responses</h1>
<h2>Respondent 14</h2>
<ul>
  <li><strong>Name:</strong> rObeRt bAuer</li>
  <li><strong>Age:</strong> 68</li>
  <li><strong>Gender:</strong> a</li>
  <li><strong>Blood Type:</strong> c</li>
  <li><strong>Medical Condition:</strong> b</li>
  <li><strong>Date of Admission:</strong> 2020-05-22</li>
  <li><strong>Doctor:</strong> Theresa Freeman</li>
  <li><strong>Hospital:</strong> Rivera-Gutierrez</li>
  <li><strong>Insurance Provider:</strong> e</li>
  <li><strong>Billing Amount:</strong> 33208</li>
  <li><strong>Room Number:</strong> 309</li>
  <li><strong>Admission Type:</strong> c</li>
  <li><strong>Discharge Date:</strong> 2020-06-19</li>
  <li><strong>Medication:</strong> c</li>
  <li><strong>Test Results:</strong> c</li>
</ul>
<h2>Respondent 12</h2>
<ul>
  <li><strong>Name:</strong> aaRon MARtiNeZ</li>
  <li><strong>Age:</strong> 38</li>
  <li><strong>Gender:</strong> a</li>
  <li><strong>Blood Type:</strong> b</li>
  <li><strong>Medical Condition:</strong> e</li>
  <li><strong>Date of Admission:</strong> 2023-08-13</li>
  <li><strong>Doctor:</strong> Douglas Mayo</li>
  <li><strong>Hospital:</strong> Lyons-Blair</li>
  <li><strong>Insurance Provider:</strong> d</li>
  <li><strong>Billing Amount:</strong> 8000</li>
  <li><strong>Room Number:</strong> 288</li>
  <li><strong>Admission Type:</strong> c</li>
  <li><strong>Discharge Date:</strong> 2023-09-05</li>
  <li><strong>Medication:</strong> c</li>
  <li><strong>Test Results:</strong> b</li>
</ul>
<h2>Respondent 25</h2>
<ul>
  <li><strong>Name:</strong> PAUl hEndERsOn</li>
  <li><strong>Age:</strong> 72</li>
  <li><strong>Gender:</strong> a</li>
  <li><strong>Blood Type:</strong> c</li>
  <li><strong>Medical Condition:</strong> e</li>
  <li><strong>Date of Admission:</strong> 2020-05-15</li>
  <li><strong>Doctor:</strong> Stephanie Kramer</li>
  <li><strong>Hospital:</strong> Wilson Group</li>
  <li><strong>Insurance Provider:</strong> d</li>
  <li><strong>Billing Amount:</strong> 33211</li>
  <li><strong>Room Number:</strong> 109</li>
  <li><strong>Admission Type:</strong> b</li>
  <li><strong>Discharge Date:</strong> 2020-06-08</li>
  <li><strong>Medication:</strong> d</li>
  <li><strong>Test Results:</strong> b</li>
</ul>
</body>
</html>

You are a meticulous data analyst AI. Your primary function is to accurately analyze structured data and provide precise, verifiable answers.

You will be given a dataset with two key parts:

A 'questions' section: This is your data dictionary or schema. It is the single source of truth for understanding what each field and score means. Refer to it carefully.

A 'responses' section: This contains the raw data from each individual respondent.

To answer the question correctly, you must first use the 'questions' schema to fully understand the context and meaning of the data points within the 'responses'. Do not rely on any prior knowledge outside of this provided data. Base your entire analysis on the information given.

Provide your final answer directly and concisely. Output must be the human-readable value, not an option code.

Rules:
- For MCQ fields, map any letter codes in the Responses (case-insensitive) to the corresponding option text from the Questions schema, and output only that text. Do NOT include the letter or both.
  Example: If the schema is ""[MCQ: A. Abnormal B. Inconclusive C. Normal]"" and the response is ""a"", output ""Abnormal"".
- For open-ended fields, output the exact text value.
- If the question asks for a count, provide only the number (e.g., ""42"").
- If the question asks for a list of names or IDs, provide a simple comma-separated list (e.g., ""17, 21, 23"").
- Preserve capitalization exactly as in the schema (e.g., output ""Abnormal"", not ""abnormal"" or ""A"").

Which respondent numbers have Blood Type A- and Medication Lipitor?",,
case_13,multi_hop_relational_inference,Which respondent numbers have Insurance Provider Medicare and Medical Condition Hypertension?,"<!DOCTYPE html>
<html>
<head>
<title>Survey Data</title>
</head>
<body>
<h1>Questions</h1>
<ul>
  <li><strong>Name:</strong> What is your name? [Open-ended]</li>
  <li><strong>Age:</strong> What is your age? [Open-ended]</li>
  <li><strong>Gender:</strong> What is your gender? [MCQ: A. Female B. Male]</li>
  <li><strong>Blood Type:</strong> What is your blood type? [MCQ: A. A+ B. A- C. AB+ D. AB- E. B+ F. B- G. O+ H. O-]</li>
  <li><strong>Medical Condition:</strong> What is your medical condition? [MCQ: A. Arthritis B. Asthma C. Cancer D. Diabetes E. Hypertension F. Obesity]</li>
  <li><strong>Date of Admission:</strong> What is your date of admission? [Open-ended]</li>
  <li><strong>Doctor:</strong> What is your doctor? [Open-ended]</li>
  <li><strong>Hospital:</strong> What is your hospital? [Open-ended]</li>
  <li><strong>Insurance Provider:</strong> What is your insurance provider? [MCQ: A. Aetna B. Blue Cross C. Cigna D. Medicare E. UnitedHealthcare]</li>
  <li><strong>Billing Amount:</strong> What is your billing amount? [Open-ended]</li>
  <li><strong>Room Number:</strong> What is your room number? [Open-ended]</li>
  <li><strong>Admission Type:</strong> What is your admission type? [MCQ: A. Elective B. Emergency C. Urgent]</li>
  <li><strong>Discharge Date:</strong> What is your discharge date? [Open-ended]</li>
  <li><strong>Medication:</strong> What is your medication? [MCQ: A. Aspirin B. Ibuprofen C. Lipitor D. Paracetamol E. Penicillin]</li>
  <li><strong>Test Results:</strong> What is your test results? [MCQ: A. Abnormal B. Inconclusive C. Normal]</li>
</ul>
<h1>Responses</h1>
<h2>Respondent 49</h2>
<ul>
  <li><strong>Name:</strong> kyLE bEnneTT</li>
  <li><strong>Age:</strong> 22</li>
  <li><strong>Gender:</strong> b</li>
  <li><strong>Blood Type:</strong> g</li>
  <li><strong>Medical Condition:</strong> e</li>
  <li><strong>Date of Admission:</strong> 2023-09-09</li>
  <li><strong>Doctor:</strong> John Smith</li>
  <li><strong>Hospital:</strong> Knight and Nguyen, Riggs</li>
  <li><strong>Insurance Provider:</strong> e</li>
  <li><strong>Billing Amount:</strong> 28051</li>
  <li><strong>Room Number:</strong> 157</li>
  <li><strong>Admission Type:</strong> c</li>
  <li><strong>Discharge Date:</strong> 2023-09-23</li>
  <li><strong>Medication:</strong> b</li>
  <li><strong>Test Results:</strong> a</li>
</ul>
<h2>Respondent 51</h2>
<ul>
  <li><strong>Name:</strong> mIchael LiU</li>
  <li><strong>Age:</strong> 30</li>
  <li><strong>Gender:</strong> b</li>
  <li><strong>Blood Type:</strong> d</li>
  <li><strong>Medical Condition:</strong> e</li>
  <li><strong>Date of Admission:</strong> 2024-04-05</li>
  <li><strong>Doctor:</strong> Vicki Nguyen</li>
  <li><strong>Hospital:</strong> Fernandez and Phillips, Singh</li>
  <li><strong>Insurance Provider:</strong> d</li>
  <li><strong>Billing Amount:</strong> 30591</li>
  <li><strong>Room Number:</strong> 456</li>
  <li><strong>Admission Type:</strong> b</li>
  <li><strong>Discharge Date:</strong> 2024-04-22</li>
  <li><strong>Medication:</strong> d</li>
  <li><strong>Test Results:</strong> b</li>
</ul>
<h2>Respondent 76</h2>
<ul>
  <li><strong>Name:</strong> johN THoMaS</li>
  <li><strong>Age:</strong> 74</li>
  <li><strong>Gender:</strong> a</li>
  <li><strong>Blood Type:</strong> a</li>
  <li><strong>Medical Condition:</strong> a</li>
  <li><strong>Date of Admission:</strong> 2021-11-13</li>
  <li><strong>Doctor:</strong> Mark Padilla</li>
  <li><strong>Hospital:</strong> Simpson-Mccall</li>
  <li><strong>Insurance Provider:</strong> e</li>
  <li><strong>Billing Amount:</strong> 29851</li>
  <li><strong>Room Number:</strong> 131</li>
  <li><strong>Admission Type:</strong> b</li>
  <li><strong>Discharge Date:</strong> 2021-12-07</li>
  <li><strong>Medication:</strong> d</li>
  <li><strong>Test Results:</strong> b</li>
</ul>
</body>
</html>",51,"Which respondent numbers have Gender Male and Medical Condition Cancer?

DATA:

<!DOCTYPE html>
<html>
<head>
<title>Survey Data</title>
</head>
<body>
<h1>Questions</h1>
<ul>
  <li><strong>Name:</strong> What is your name? [Open-ended]</li>
  <li><strong>Age:</strong> What is your age? [Open-ended]</li>
  <li><strong>Gender:</strong> What is your gender? [MCQ: A. Female B. Male]</li>
  <li><strong>Blood Type:</strong> What is your blood type? [MCQ: A. A+ B. A- C. AB+ D. AB- E. B+ F. B- G. O+ H. O-]</li>
  <li><strong>Medical Condition:</strong> What is your medical condition? [MCQ: A. Arthritis B. Asthma C. Cancer D. Diabetes E. Hypertension F. Obesity]</li>
  <li><strong>Date of Admission:</strong> What is your date of admission? [Open-ended]</li>
  <li><strong>Doctor:</strong> What is your doctor? [Open-ended]</li>
  <li><strong>Hospital:</strong> What is your hospital? [Open-ended]</li>
  <li><strong>Insurance Provider:</strong> What is your insurance provider? [MCQ: A. Aetna B. Blue Cross C. Cigna D. Medicare E. UnitedHealthcare]</li>
  <li><strong>Billing Amount:</strong> What is your billing amount? [Open-ended]</li>
  <li><strong>Room Number:</strong> What is your room number? [Open-ended]</li>
  <li><strong>Admission Type:</strong> What is your admission type? [MCQ: A. Elective B. Emergency C. Urgent]</li>
  <li><strong>Discharge Date:</strong> What is your discharge date? [Open-ended]</li>
  <li><strong>Medication:</strong> What is your medication? [MCQ: A. Aspirin B. Ibuprofen C. Lipitor D. Paracetamol E. Penicillin]</li>
  <li><strong>Test Results:</strong> What is your test results? [MCQ: A. Abnormal B. Inconclusive C. Normal]</li>
</ul>
<h1>Responses</h1>
<h2>Respondent 133</h2>
<ul>
  <li><strong>Name:</strong> ashLEy ERIcKSoN</li>
  <li><strong>Age:</strong> 32</li>
  <li><strong>Gender:</strong> a</li>
  <li><strong>Blood Type:</strong> d</li>
  <li><strong>Medical Condition:</strong> c</li>
  <li><strong>Date of Admission:</strong> 2019-11-05</li>
  <li><strong>Doctor:</strong> Gerald Hooper</li>
  <li><strong>Hospital:</strong> and Johnson Moore, Branch</li>
  <li><strong>Insurance Provider:</strong> a</li>
  <li><strong>Billing Amount:</strong> -503</li>
  <li><strong>Room Number:</strong> 376</li>
  <li><strong>Admission Type:</strong> c</li>
  <li><strong>Discharge Date:</strong> 2019-11-23</li>
  <li><strong>Medication:</strong> e</li>
  <li><strong>Test Results:</strong> c</li>
</ul>
<h2>Respondent 63</h2>
<ul>
  <li><strong>Name:</strong> tRAvIs carTeR</li>
  <li><strong>Age:</strong> 18</li>
  <li><strong>Gender:</strong> b</li>
  <li><strong>Blood Type:</strong> a</li>
  <li><strong>Medical Condition:</strong> c</li>
  <li><strong>Date of Admission:</strong> 2022-07-06</li>
  <li><strong>Doctor:</strong> Megan Hahn</li>
  <li><strong>Hospital:</strong> Moss and Ferguson, Baker</li>
  <li><strong>Insurance Provider:</strong> e</li>
  <li><strong>Billing Amount:</strong> 48407</li>
  <li><strong>Room Number:</strong> 325</li>
  <li><strong>Admission Type:</strong> b</li>
  <li><strong>Discharge Date:</strong> 2022-07-18</li>
  <li><strong>Medication:</strong> a</li>
  <li><strong>Test Results:</strong> c</li>
</ul>
<h2>Respondent 116</h2>
<ul>
  <li><strong>Name:</strong> reBEcCA PARsONs</li>
  <li><strong>Age:</strong> 37</li>
  <li><strong>Gender:</strong> a</li>
  <li><strong>Blood Type:</strong> g</li>
  <li><strong>Medical Condition:</strong> b</li>
  <li><strong>Date of Admission:</strong> 2019-12-02</li>
  <li><strong>Doctor:</strong> Steven Adams</li>
  <li><strong>Hospital:</strong> Group White</li>
  <li><strong>Insurance Provider:</strong> a</li>
  <li><strong>Billing Amount:</strong> 8521</li>
  <li><strong>Room Number:</strong> 476</li>
  <li><strong>Admission Type:</strong> a</li>
  <li><strong>Discharge Date:</strong> 2019-12-13</li>
  <li><strong>Medication:</strong> e</li>
  <li><strong>Test Results:</strong> a</li>
</ul>
</body>
</html>

Answer: 63

<!DOCTYPE html>
<html>
<head>
<title>Survey Data</title>
</head>
<body>
<h1>Questions</h1>
<ul>
  <li><strong>Name:</strong> What is your name? [Open-ended]</li>
  <li><strong>Age:</strong> What is your age? [Open-ended]</li>
  <li><strong>Gender:</strong> What is your gender? [MCQ: A. Female B. Male]</li>
  <li><strong>Blood Type:</strong> What is your blood type? [MCQ: A. A+ B. A- C. AB+ D. AB- E. B+ F. B- G. O+ H. O-]</li>
  <li><strong>Medical Condition:</strong> What is your medical condition? [MCQ: A. Arthritis B. Asthma C. Cancer D. Diabetes E. Hypertension F. Obesity]</li>
  <li><strong>Date of Admission:</strong> What is your date of admission? [Open-ended]</li>
  <li><strong>Doctor:</strong> What is your doctor? [Open-ended]</li>
  <li><strong>Hospital:</strong> What is your hospital? [Open-ended]</li>
  <li><strong>Insurance Provider:</strong> What is your insurance provider? [MCQ: A. Aetna B. Blue Cross C. Cigna D. Medicare E. UnitedHealthcare]</li>
  <li><strong>Billing Amount:</strong> What is your billing amount? [Open-ended]</li>
  <li><strong>Room Number:</strong> What is your room number? [Open-ended]</li>
  <li><strong>Admission Type:</strong> What is your admission type? [MCQ: A. Elective B. Emergency C. Urgent]</li>
  <li><strong>Discharge Date:</strong> What is your discharge date? [Open-ended]</li>
  <li><strong>Medication:</strong> What is your medication? [MCQ: A. Aspirin B. Ibuprofen C. Lipitor D. Paracetamol E. Penicillin]</li>
  <li><strong>Test Results:</strong> What is your test results? [MCQ: A. Abnormal B. Inconclusive C. Normal]</li>
</ul>
<h1>Responses</h1>
<h2>Respondent 49</h2>
<ul>
  <li><strong>Name:</strong> kyLE bEnneTT</li>
  <li><strong>Age:</strong> 22</li>
  <li><strong>Gender:</strong> b</li>
  <li><strong>Blood Type:</strong> g</li>
  <li><strong>Medical Condition:</strong> e</li>
  <li><strong>Date of Admission:</strong> 2023-09-09</li>
  <li><strong>Doctor:</strong> John Smith</li>
  <li><strong>Hospital:</strong> Knight and Nguyen, Riggs</li>
  <li><strong>Insurance Provider:</strong> e</li>
  <li><strong>Billing Amount:</strong> 28051</li>
  <li><strong>Room Number:</strong> 157</li>
  <li><strong>Admission Type:</strong> c</li>
  <li><strong>Discharge Date:</strong> 2023-09-23</li>
  <li><strong>Medication:</strong> b</li>
  <li><strong>Test Results:</strong> a</li>
</ul>
<h2>Respondent 51</h2>
<ul>
  <li><strong>Name:</strong> mIchael LiU</li>
  <li><strong>Age:</strong> 30</li>
  <li><strong>Gender:</strong> b</li>
  <li><strong>Blood Type:</strong> d</li>
  <li><strong>Medical Condition:</strong> e</li>
  <li><strong>Date of Admission:</strong> 2024-04-05</li>
  <li><strong>Doctor:</strong> Vicki Nguyen</li>
  <li><strong>Hospital:</strong> Fernandez and Phillips, Singh</li>
  <li><strong>Insurance Provider:</strong> d</li>
  <li><strong>Billing Amount:</strong> 30591</li>
  <li><strong>Room Number:</strong> 456</li>
  <li><strong>Admission Type:</strong> b</li>
  <li><strong>Discharge Date:</strong> 2024-04-22</li>
  <li><strong>Medication:</strong> d</li>
  <li><strong>Test Results:</strong> b</li>
</ul>
<h2>Respondent 76</h2>
<ul>
  <li><strong>Name:</strong> johN THoMaS</li>
  <li><strong>Age:</strong> 74</li>
  <li><strong>Gender:</strong> a</li>
  <li><strong>Blood Type:</strong> a</li>
  <li><strong>Medical Condition:</strong> a</li>
  <li><strong>Date of Admission:</strong> 2021-11-13</li>
  <li><strong>Doctor:</strong> Mark Padilla</li>
  <li><strong>Hospital:</strong> Simpson-Mccall</li>
  <li><strong>Insurance Provider:</strong> e</li>
  <li><strong>Billing Amount:</strong> 29851</li>
  <li><strong>Room Number:</strong> 131</li>
  <li><strong>Admission Type:</strong> b</li>
  <li><strong>Discharge Date:</strong> 2021-12-07</li>
  <li><strong>Medication:</strong> d</li>
  <li><strong>Test Results:</strong> b</li>
</ul>
</body>
</html>

You are a meticulous data analyst AI. Your primary function is to accurately analyze structured data and provide precise, verifiable answers.

You will be given a dataset with two key parts:

A 'questions' section: This is your data dictionary or schema. It is the single source of truth for understanding what each field and score means. Refer to it carefully.

A 'responses' section: This contains the raw data from each individual respondent.

To answer the question correctly, you must first use the 'questions' schema to fully understand the context and meaning of the data points within the 'responses'. Do not rely on any prior knowledge outside of this provided data. Base your entire analysis on the information given.

Provide your final answer directly and concisely. Output must be the human-readable value, not an option code.

Rules:
- For MCQ fields, map any letter codes in the Responses (case-insensitive) to the corresponding option text from the Questions schema, and output only that text. Do NOT include the letter or both.
  Example: If the schema is ""[MCQ: A. Abnormal B. Inconclusive C. Normal]"" and the response is ""a"", output ""Abnormal"".
- For open-ended fields, output the exact text value.
- If the question asks for a count, provide only the number (e.g., ""42"").
- If the question asks for a list of names or IDs, provide a simple comma-separated list (e.g., ""17, 21, 23"").
- Preserve capitalization exactly as in the schema (e.g., output ""Abnormal"", not ""abnormal"" or ""A"").

Which respondent numbers have Insurance Provider Medicare and Medical Condition Hypertension?",,
case_14,multi_hop_relational_inference,Which respondent numbers have Medical Condition Cancer and Test Results Abnormal?,"<!DOCTYPE html>
<html>
<head>
<title>Survey Data</title>
</head>
<body>
<h1>Questions</h1>
<ul>
  <li><strong>Name:</strong> What is your name? [Open-ended]</li>
  <li><strong>Age:</strong> What is your age? [Open-ended]</li>
  <li><strong>Gender:</strong> What is your gender? [MCQ: A. Female B. Male]</li>
  <li><strong>Blood Type:</strong> What is your blood type? [MCQ: A. A+ B. A- C. AB+ D. AB- E. B+ F. B- G. O+ H. O-]</li>
  <li><strong>Medical Condition:</strong> What is your medical condition? [MCQ: A. Arthritis B. Asthma C. Cancer D. Diabetes E. Hypertension F. Obesity]</li>
  <li><strong>Date of Admission:</strong> What is your date of admission? [Open-ended]</li>
  <li><strong>Doctor:</strong> What is your doctor? [Open-ended]</li>
  <li><strong>Hospital:</strong> What is your hospital? [Open-ended]</li>
  <li><strong>Insurance Provider:</strong> What is your insurance provider? [MCQ: A. Aetna B. Blue Cross C. Cigna D. Medicare E. UnitedHealthcare]</li>
  <li><strong>Billing Amount:</strong> What is your billing amount? [Open-ended]</li>
  <li><strong>Room Number:</strong> What is your room number? [Open-ended]</li>
  <li><strong>Admission Type:</strong> What is your admission type? [MCQ: A. Elective B. Emergency C. Urgent]</li>
  <li><strong>Discharge Date:</strong> What is your discharge date? [Open-ended]</li>
  <li><strong>Medication:</strong> What is your medication? [MCQ: A. Aspirin B. Ibuprofen C. Lipitor D. Paracetamol E. Penicillin]</li>
  <li><strong>Test Results:</strong> What is your test results? [MCQ: A. Abnormal B. Inconclusive C. Normal]</li>
</ul>
<h1>Responses</h1>
<h2>Respondent 102</h2>
<ul>
  <li><strong>Name:</strong> KaTiE hENry</li>
  <li><strong>Age:</strong> 70</li>
  <li><strong>Gender:</strong> b</li>
  <li><strong>Blood Type:</strong> e</li>
  <li><strong>Medical Condition:</strong> d</li>
  <li><strong>Date of Admission:</strong> 2022-07-08</li>
  <li><strong>Doctor:</strong> Roberto Petersen</li>
  <li><strong>Hospital:</strong> Reed LLC</li>
  <li><strong>Insurance Provider:</strong> a</li>
  <li><strong>Billing Amount:</strong> 7187</li>
  <li><strong>Room Number:</strong> 402</li>
  <li><strong>Admission Type:</strong> b</li>
  <li><strong>Discharge Date:</strong> 2022-07-25</li>
  <li><strong>Medication:</strong> a</li>
  <li><strong>Test Results:</strong> c</li>
</ul>
<h2>Respondent 66</h2>
<ul>
  <li><strong>Name:</strong> JessIca king</li>
  <li><strong>Age:</strong> 27</li>
  <li><strong>Gender:</strong> b</li>
  <li><strong>Blood Type:</strong> d</li>
  <li><strong>Medical Condition:</strong> c</li>
  <li><strong>Date of Admission:</strong> 2019-12-09</li>
  <li><strong>Doctor:</strong> William Hess</li>
  <li><strong>Hospital:</strong> Sons Watson and</li>
  <li><strong>Insurance Provider:</strong> d</li>
  <li><strong>Billing Amount:</strong> 8321</li>
  <li><strong>Room Number:</strong> 468</li>
  <li><strong>Admission Type:</strong> c</li>
  <li><strong>Discharge Date:</strong> 2019-12-21</li>
  <li><strong>Medication:</strong> c</li>
  <li><strong>Test Results:</strong> a</li>
</ul>
<h2>Respondent 92</h2>
<ul>
  <li><strong>Name:</strong> MR. TYler TAYLOR Phd</li>
  <li><strong>Age:</strong> 80</li>
  <li><strong>Gender:</strong> b</li>
  <li><strong>Blood Type:</strong> a</li>
  <li><strong>Medical Condition:</strong> d</li>
  <li><strong>Date of Admission:</strong> 2022-11-05</li>
  <li><strong>Doctor:</strong> Robert Salazar</li>
  <li><strong>Hospital:</strong> Dean-Hawkins</li>
  <li><strong>Insurance Provider:</strong> e</li>
  <li><strong>Billing Amount:</strong> 10662</li>
  <li><strong>Room Number:</strong> 120</li>
  <li><strong>Admission Type:</strong> b</li>
  <li><strong>Discharge Date:</strong> 2022-11-25</li>
  <li><strong>Medication:</strong> c</li>
  <li><strong>Test Results:</strong> a</li>
</ul>
</body>
</html>",66,"Which respondent numbers have Gender Male and Medical Condition Cancer?

DATA:

<!DOCTYPE html>
<html>
<head>
<title>Survey Data</title>
</head>
<body>
<h1>Questions</h1>
<ul>
  <li><strong>Name:</strong> What is your name? [Open-ended]</li>
  <li><strong>Age:</strong> What is your age? [Open-ended]</li>
  <li><strong>Gender:</strong> What is your gender? [MCQ: A. Female B. Male]</li>
  <li><strong>Blood Type:</strong> What is your blood type? [MCQ: A. A+ B. A- C. AB+ D. AB- E. B+ F. B- G. O+ H. O-]</li>
  <li><strong>Medical Condition:</strong> What is your medical condition? [MCQ: A. Arthritis B. Asthma C. Cancer D. Diabetes E. Hypertension F. Obesity]</li>
  <li><strong>Date of Admission:</strong> What is your date of admission? [Open-ended]</li>
  <li><strong>Doctor:</strong> What is your doctor? [Open-ended]</li>
  <li><strong>Hospital:</strong> What is your hospital? [Open-ended]</li>
  <li><strong>Insurance Provider:</strong> What is your insurance provider? [MCQ: A. Aetna B. Blue Cross C. Cigna D. Medicare E. UnitedHealthcare]</li>
  <li><strong>Billing Amount:</strong> What is your billing amount? [Open-ended]</li>
  <li><strong>Room Number:</strong> What is your room number? [Open-ended]</li>
  <li><strong>Admission Type:</strong> What is your admission type? [MCQ: A. Elective B. Emergency C. Urgent]</li>
  <li><strong>Discharge Date:</strong> What is your discharge date? [Open-ended]</li>
  <li><strong>Medication:</strong> What is your medication? [MCQ: A. Aspirin B. Ibuprofen C. Lipitor D. Paracetamol E. Penicillin]</li>
  <li><strong>Test Results:</strong> What is your test results? [MCQ: A. Abnormal B. Inconclusive C. Normal]</li>
</ul>
<h1>Responses</h1>
<h2>Respondent 133</h2>
<ul>
  <li><strong>Name:</strong> ashLEy ERIcKSoN</li>
  <li><strong>Age:</strong> 32</li>
  <li><strong>Gender:</strong> a</li>
  <li><strong>Blood Type:</strong> d</li>
  <li><strong>Medical Condition:</strong> c</li>
  <li><strong>Date of Admission:</strong> 2019-11-05</li>
  <li><strong>Doctor:</strong> Gerald Hooper</li>
  <li><strong>Hospital:</strong> and Johnson Moore, Branch</li>
  <li><strong>Insurance Provider:</strong> a</li>
  <li><strong>Billing Amount:</strong> -503</li>
  <li><strong>Room Number:</strong> 376</li>
  <li><strong>Admission Type:</strong> c</li>
  <li><strong>Discharge Date:</strong> 2019-11-23</li>
  <li><strong>Medication:</strong> e</li>
  <li><strong>Test Results:</strong> c</li>
</ul>
<h2>Respondent 63</h2>
<ul>
  <li><strong>Name:</strong> tRAvIs carTeR</li>
  <li><strong>Age:</strong> 18</li>
  <li><strong>Gender:</strong> b</li>
  <li><strong>Blood Type:</strong> a</li>
  <li><strong>Medical Condition:</strong> c</li>
  <li><strong>Date of Admission:</strong> 2022-07-06</li>
  <li><strong>Doctor:</strong> Megan Hahn</li>
  <li><strong>Hospital:</strong> Moss and Ferguson, Baker</li>
  <li><strong>Insurance Provider:</strong> e</li>
  <li><strong>Billing Amount:</strong> 48407</li>
  <li><strong>Room Number:</strong> 325</li>
  <li><strong>Admission Type:</strong> b</li>
  <li><strong>Discharge Date:</strong> 2022-07-18</li>
  <li><strong>Medication:</strong> a</li>
  <li><strong>Test Results:</strong> c</li>
</ul>
<h2>Respondent 116</h2>
<ul>
  <li><strong>Name:</strong> reBEcCA PARsONs</li>
  <li><strong>Age:</strong> 37</li>
  <li><strong>Gender:</strong> a</li>
  <li><strong>Blood Type:</strong> g</li>
  <li><strong>Medical Condition:</strong> b</li>
  <li><strong>Date of Admission:</strong> 2019-12-02</li>
  <li><strong>Doctor:</strong> Steven Adams</li>
  <li><strong>Hospital:</strong> Group White</li>
  <li><strong>Insurance Provider:</strong> a</li>
  <li><strong>Billing Amount:</strong> 8521</li>
  <li><strong>Room Number:</strong> 476</li>
  <li><strong>Admission Type:</strong> a</li>
  <li><strong>Discharge Date:</strong> 2019-12-13</li>
  <li><strong>Medication:</strong> e</li>
  <li><strong>Test Results:</strong> a</li>
</ul>
</body>
</html>

Answer: 63

<!DOCTYPE html>
<html>
<head>
<title>Survey Data</title>
</head>
<body>
<h1>Questions</h1>
<ul>
  <li><strong>Name:</strong> What is your name? [Open-ended]</li>
  <li><strong>Age:</strong> What is your age? [Open-ended]</li>
  <li><strong>Gender:</strong> What is your gender? [MCQ: A. Female B. Male]</li>
  <li><strong>Blood Type:</strong> What is your blood type? [MCQ: A. A+ B. A- C. AB+ D. AB- E. B+ F. B- G. O+ H. O-]</li>
  <li><strong>Medical Condition:</strong> What is your medical condition? [MCQ: A. Arthritis B. Asthma C. Cancer D. Diabetes E. Hypertension F. Obesity]</li>
  <li><strong>Date of Admission:</strong> What is your date of admission? [Open-ended]</li>
  <li><strong>Doctor:</strong> What is your doctor? [Open-ended]</li>
  <li><strong>Hospital:</strong> What is your hospital? [Open-ended]</li>
  <li><strong>Insurance Provider:</strong> What is your insurance provider? [MCQ: A. Aetna B. Blue Cross C. Cigna D. Medicare E. UnitedHealthcare]</li>
  <li><strong>Billing Amount:</strong> What is your billing amount? [Open-ended]</li>
  <li><strong>Room Number:</strong> What is your room number? [Open-ended]</li>
  <li><strong>Admission Type:</strong> What is your admission type? [MCQ: A. Elective B. Emergency C. Urgent]</li>
  <li><strong>Discharge Date:</strong> What is your discharge date? [Open-ended]</li>
  <li><strong>Medication:</strong> What is your medication? [MCQ: A. Aspirin B. Ibuprofen C. Lipitor D. Paracetamol E. Penicillin]</li>
  <li><strong>Test Results:</strong> What is your test results? [MCQ: A. Abnormal B. Inconclusive C. Normal]</li>
</ul>
<h1>Responses</h1>
<h2>Respondent 102</h2>
<ul>
  <li><strong>Name:</strong> KaTiE hENry</li>
  <li><strong>Age:</strong> 70</li>
  <li><strong>Gender:</strong> b</li>
  <li><strong>Blood Type:</strong> e</li>
  <li><strong>Medical Condition:</strong> d</li>
  <li><strong>Date of Admission:</strong> 2022-07-08</li>
  <li><strong>Doctor:</strong> Roberto Petersen</li>
  <li><strong>Hospital:</strong> Reed LLC</li>
  <li><strong>Insurance Provider:</strong> a</li>
  <li><strong>Billing Amount:</strong> 7187</li>
  <li><strong>Room Number:</strong> 402</li>
  <li><strong>Admission Type:</strong> b</li>
  <li><strong>Discharge Date:</strong> 2022-07-25</li>
  <li><strong>Medication:</strong> a</li>
  <li><strong>Test Results:</strong> c</li>
</ul>
<h2>Respondent 66</h2>
<ul>
  <li><strong>Name:</strong> JessIca king</li>
  <li><strong>Age:</strong> 27</li>
  <li><strong>Gender:</strong> b</li>
  <li><strong>Blood Type:</strong> d</li>
  <li><strong>Medical Condition:</strong> c</li>
  <li><strong>Date of Admission:</strong> 2019-12-09</li>
  <li><strong>Doctor:</strong> William Hess</li>
  <li><strong>Hospital:</strong> Sons Watson and</li>
  <li><strong>Insurance Provider:</strong> d</li>
  <li><strong>Billing Amount:</strong> 8321</li>
  <li><strong>Room Number:</strong> 468</li>
  <li><strong>Admission Type:</strong> c</li>
  <li><strong>Discharge Date:</strong> 2019-12-21</li>
  <li><strong>Medication:</strong> c</li>
  <li><strong>Test Results:</strong> a</li>
</ul>
<h2>Respondent 92</h2>
<ul>
  <li><strong>Name:</strong> MR. TYler TAYLOR Phd</li>
  <li><strong>Age:</strong> 80</li>
  <li><strong>Gender:</strong> b</li>
  <li><strong>Blood Type:</strong> a</li>
  <li><strong>Medical Condition:</strong> d</li>
  <li><strong>Date of Admission:</strong> 2022-11-05</li>
  <li><strong>Doctor:</strong> Robert Salazar</li>
  <li><strong>Hospital:</strong> Dean-Hawkins</li>
  <li><strong>Insurance Provider:</strong> e</li>
  <li><strong>Billing Amount:</strong> 10662</li>
  <li><strong>Room Number:</strong> 120</li>
  <li><strong>Admission Type:</strong> b</li>
  <li><strong>Discharge Date:</strong> 2022-11-25</li>
  <li><strong>Medication:</strong> c</li>
  <li><strong>Test Results:</strong> a</li>
</ul>
</body>
</html>

You are a meticulous data analyst AI. Your primary function is to accurately analyze structured data and provide precise, verifiable answers.

You will be given a dataset with two key parts:

A 'questions' section: This is your data dictionary or schema. It is the single source of truth for understanding what each field and score means. Refer to it carefully.

A 'responses' section: This contains the raw data from each individual respondent.

To answer the question correctly, you must first use the 'questions' schema to fully understand the context and meaning of the data points within the 'responses'. Do not rely on any prior knowledge outside of this provided data. Base your entire analysis on the information given.

Provide your final answer directly and concisely. Output must be the human-readable value, not an option code.

Rules:
- For MCQ fields, map any letter codes in the Responses (case-insensitive) to the corresponding option text from the Questions schema, and output only that text. Do NOT include the letter or both.
  Example: If the schema is ""[MCQ: A. Abnormal B. Inconclusive C. Normal]"" and the response is ""a"", output ""Abnormal"".
- For open-ended fields, output the exact text value.
- If the question asks for a count, provide only the number (e.g., ""42"").
- If the question asks for a list of names or IDs, provide a simple comma-separated list (e.g., ""17, 21, 23"").
- Preserve capitalization exactly as in the schema (e.g., output ""Abnormal"", not ""abnormal"" or ""A"").

Which respondent numbers have Medical Condition Cancer and Test Results Abnormal?",,
case_15,multi_hop_relational_inference,Which respondent numbers have Gender Female and Insurance Provider Medicare?,"<!DOCTYPE html>
<html>
<head>
<title>Survey Data</title>
</head>
<body>
<h1>Questions</h1>
<ul>
  <li><strong>Name:</strong> What is your name? [Open-ended]</li>
  <li><strong>Age:</strong> What is your age? [Open-ended]</li>
  <li><strong>Gender:</strong> What is your gender? [MCQ: A. Female B. Male]</li>
  <li><strong>Blood Type:</strong> What is your blood type? [MCQ: A. A+ B. A- C. AB+ D. AB- E. B+ F. B- G. O+ H. O-]</li>
  <li><strong>Medical Condition:</strong> What is your medical condition? [MCQ: A. Arthritis B. Asthma C. Cancer D. Diabetes E. Hypertension F. Obesity]</li>
  <li><strong>Date of Admission:</strong> What is your date of admission? [Open-ended]</li>
  <li><strong>Doctor:</strong> What is your doctor? [Open-ended]</li>
  <li><strong>Hospital:</strong> What is your hospital? [Open-ended]</li>
  <li><strong>Insurance Provider:</strong> What is your insurance provider? [MCQ: A. Aetna B. Blue Cross C. Cigna D. Medicare E. UnitedHealthcare]</li>
  <li><strong>Billing Amount:</strong> What is your billing amount? [Open-ended]</li>
  <li><strong>Room Number:</strong> What is your room number? [Open-ended]</li>
  <li><strong>Admission Type:</strong> What is your admission type? [MCQ: A. Elective B. Emergency C. Urgent]</li>
  <li><strong>Discharge Date:</strong> What is your discharge date? [Open-ended]</li>
  <li><strong>Medication:</strong> What is your medication? [MCQ: A. Aspirin B. Ibuprofen C. Lipitor D. Paracetamol E. Penicillin]</li>
  <li><strong>Test Results:</strong> What is your test results? [MCQ: A. Abnormal B. Inconclusive C. Normal]</li>
</ul>
<h1>Responses</h1>
<h2>Respondent 102</h2>
<ul>
  <li><strong>Name:</strong> KaTiE hENry</li>
  <li><strong>Age:</strong> 70</li>
  <li><strong>Gender:</strong> b</li>
  <li><strong>Blood Type:</strong> e</li>
  <li><strong>Medical Condition:</strong> d</li>
  <li><strong>Date of Admission:</strong> 2022-07-08</li>
  <li><strong>Doctor:</strong> Roberto Petersen</li>
  <li><strong>Hospital:</strong> Reed LLC</li>
  <li><strong>Insurance Provider:</strong> a</li>
  <li><strong>Billing Amount:</strong> 7187</li>
  <li><strong>Room Number:</strong> 402</li>
  <li><strong>Admission Type:</strong> b</li>
  <li><strong>Discharge Date:</strong> 2022-07-25</li>
  <li><strong>Medication:</strong> a</li>
  <li><strong>Test Results:</strong> c</li>
</ul>
<h2>Respondent 89</h2>
<ul>
  <li><strong>Name:</strong> wILLIAM hIlL</li>
  <li><strong>Age:</strong> 38</li>
  <li><strong>Gender:</strong> a</li>
  <li><strong>Blood Type:</strong> a</li>
  <li><strong>Medical Condition:</strong> c</li>
  <li><strong>Date of Admission:</strong> 2023-05-16</li>
  <li><strong>Doctor:</strong> Matthew Walker</li>
  <li><strong>Hospital:</strong> Lindsey Inc</li>
  <li><strong>Insurance Provider:</strong> c</li>
  <li><strong>Billing Amount:</strong> 39477</li>
  <li><strong>Room Number:</strong> 428</li>
  <li><strong>Admission Type:</strong> a</li>
  <li><strong>Discharge Date:</strong> 2023-06-01</li>
  <li><strong>Medication:</strong> a</li>
  <li><strong>Test Results:</strong> a</li>
</ul>
<h2>Respondent 25</h2>
<ul>
  <li><strong>Name:</strong> PAUl hEndERsOn</li>
  <li><strong>Age:</strong> 72</li>
  <li><strong>Gender:</strong> a</li>
  <li><strong>Blood Type:</strong> c</li>
  <li><strong>Medical Condition:</strong> e</li>
  <li><strong>Date of Admission:</strong> 2020-05-15</li>
  <li><strong>Doctor:</strong> Stephanie Kramer</li>
  <li><strong>Hospital:</strong> Wilson Group</li>
  <li><strong>Insurance Provider:</strong> d</li>
  <li><strong>Billing Amount:</strong> 33211</li>
  <li><strong>Room Number:</strong> 109</li>
  <li><strong>Admission Type:</strong> b</li>
  <li><strong>Discharge Date:</strong> 2020-06-08</li>
  <li><strong>Medication:</strong> d</li>
  <li><strong>Test Results:</strong> b</li>
</ul>
</body>
</html>",25,"Which respondent numbers have Gender Male and Medical Condition Cancer?

DATA:

<!DOCTYPE html>
<html>
<head>
<title>Survey Data</title>
</head>
<body>
<h1>Questions</h1>
<ul>
  <li><strong>Name:</strong> What is your name? [Open-ended]</li>
  <li><strong>Age:</strong> What is your age? [Open-ended]</li>
  <li><strong>Gender:</strong> What is your gender? [MCQ: A. Female B. Male]</li>
  <li><strong>Blood Type:</strong> What is your blood type? [MCQ: A. A+ B. A- C. AB+ D. AB- E. B+ F. B- G. O+ H. O-]</li>
  <li><strong>Medical Condition:</strong> What is your medical condition? [MCQ: A. Arthritis B. Asthma C. Cancer D. Diabetes E. Hypertension F. Obesity]</li>
  <li><strong>Date of Admission:</strong> What is your date of admission? [Open-ended]</li>
  <li><strong>Doctor:</strong> What is your doctor? [Open-ended]</li>
  <li><strong>Hospital:</strong> What is your hospital? [Open-ended]</li>
  <li><strong>Insurance Provider:</strong> What is your insurance provider? [MCQ: A. Aetna B. Blue Cross C. Cigna D. Medicare E. UnitedHealthcare]</li>
  <li><strong>Billing Amount:</strong> What is your billing amount? [Open-ended]</li>
  <li><strong>Room Number:</strong> What is your room number? [Open-ended]</li>
  <li><strong>Admission Type:</strong> What is your admission type? [MCQ: A. Elective B. Emergency C. Urgent]</li>
  <li><strong>Discharge Date:</strong> What is your discharge date? [Open-ended]</li>
  <li><strong>Medication:</strong> What is your medication? [MCQ: A. Aspirin B. Ibuprofen C. Lipitor D. Paracetamol E. Penicillin]</li>
  <li><strong>Test Results:</strong> What is your test results? [MCQ: A. Abnormal B. Inconclusive C. Normal]</li>
</ul>
<h1>Responses</h1>
<h2>Respondent 133</h2>
<ul>
  <li><strong>Name:</strong> ashLEy ERIcKSoN</li>
  <li><strong>Age:</strong> 32</li>
  <li><strong>Gender:</strong> a</li>
  <li><strong>Blood Type:</strong> d</li>
  <li><strong>Medical Condition:</strong> c</li>
  <li><strong>Date of Admission:</strong> 2019-11-05</li>
  <li><strong>Doctor:</strong> Gerald Hooper</li>
  <li><strong>Hospital:</strong> and Johnson Moore, Branch</li>
  <li><strong>Insurance Provider:</strong> a</li>
  <li><strong>Billing Amount:</strong> -503</li>
  <li><strong>Room Number:</strong> 376</li>
  <li><strong>Admission Type:</strong> c</li>
  <li><strong>Discharge Date:</strong> 2019-11-23</li>
  <li><strong>Medication:</strong> e</li>
  <li><strong>Test Results:</strong> c</li>
</ul>
<h2>Respondent 63</h2>
<ul>
  <li><strong>Name:</strong> tRAvIs carTeR</li>
  <li><strong>Age:</strong> 18</li>
  <li><strong>Gender:</strong> b</li>
  <li><strong>Blood Type:</strong> a</li>
  <li><strong>Medical Condition:</strong> c</li>
  <li><strong>Date of Admission:</strong> 2022-07-06</li>
  <li><strong>Doctor:</strong> Megan Hahn</li>
  <li><strong>Hospital:</strong> Moss and Ferguson, Baker</li>
  <li><strong>Insurance Provider:</strong> e</li>
  <li><strong>Billing Amount:</strong> 48407</li>
  <li><strong>Room Number:</strong> 325</li>
  <li><strong>Admission Type:</strong> b</li>
  <li><strong>Discharge Date:</strong> 2022-07-18</li>
  <li><strong>Medication:</strong> a</li>
  <li><strong>Test Results:</strong> c</li>
</ul>
<h2>Respondent 116</h2>
<ul>
  <li><strong>Name:</strong> reBEcCA PARsONs</li>
  <li><strong>Age:</strong> 37</li>
  <li><strong>Gender:</strong> a</li>
  <li><strong>Blood Type:</strong> g</li>
  <li><strong>Medical Condition:</strong> b</li>
  <li><strong>Date of Admission:</strong> 2019-12-02</li>
  <li><strong>Doctor:</strong> Steven Adams</li>
  <li><strong>Hospital:</strong> Group White</li>
  <li><strong>Insurance Provider:</strong> a</li>
  <li><strong>Billing Amount:</strong> 8521</li>
  <li><strong>Room Number:</strong> 476</li>
  <li><strong>Admission Type:</strong> a</li>
  <li><strong>Discharge Date:</strong> 2019-12-13</li>
  <li><strong>Medication:</strong> e</li>
  <li><strong>Test Results:</strong> a</li>
</ul>
</body>
</html>

Answer: 63

<!DOCTYPE html>
<html>
<head>
<title>Survey Data</title>
</head>
<body>
<h1>Questions</h1>
<ul>
  <li><strong>Name:</strong> What is your name? [Open-ended]</li>
  <li><strong>Age:</strong> What is your age? [Open-ended]</li>
  <li><strong>Gender:</strong> What is your gender? [MCQ: A. Female B. Male]</li>
  <li><strong>Blood Type:</strong> What is your blood type? [MCQ: A. A+ B. A- C. AB+ D. AB- E. B+ F. B- G. O+ H. O-]</li>
  <li><strong>Medical Condition:</strong> What is your medical condition? [MCQ: A. Arthritis B. Asthma C. Cancer D. Diabetes E. Hypertension F. Obesity]</li>
  <li><strong>Date of Admission:</strong> What is your date of admission? [Open-ended]</li>
  <li><strong>Doctor:</strong> What is your doctor? [Open-ended]</li>
  <li><strong>Hospital:</strong> What is your hospital? [Open-ended]</li>
  <li><strong>Insurance Provider:</strong> What is your insurance provider? [MCQ: A. Aetna B. Blue Cross C. Cigna D. Medicare E. UnitedHealthcare]</li>
  <li><strong>Billing Amount:</strong> What is your billing amount? [Open-ended]</li>
  <li><strong>Room Number:</strong> What is your room number? [Open-ended]</li>
  <li><strong>Admission Type:</strong> What is your admission type? [MCQ: A. Elective B. Emergency C. Urgent]</li>
  <li><strong>Discharge Date:</strong> What is your discharge date? [Open-ended]</li>
  <li><strong>Medication:</strong> What is your medication? [MCQ: A. Aspirin B. Ibuprofen C. Lipitor D. Paracetamol E. Penicillin]</li>
  <li><strong>Test Results:</strong> What is your test results? [MCQ: A. Abnormal B. Inconclusive C. Normal]</li>
</ul>
<h1>Responses</h1>
<h2>Respondent 102</h2>
<ul>
  <li><strong>Name:</strong> KaTiE hENry</li>
  <li><strong>Age:</strong> 70</li>
  <li><strong>Gender:</strong> b</li>
  <li><strong>Blood Type:</strong> e</li>
  <li><strong>Medical Condition:</strong> d</li>
  <li><strong>Date of Admission:</strong> 2022-07-08</li>
  <li><strong>Doctor:</strong> Roberto Petersen</li>
  <li><strong>Hospital:</strong> Reed LLC</li>
  <li><strong>Insurance Provider:</strong> a</li>
  <li><strong>Billing Amount:</strong> 7187</li>
  <li><strong>Room Number:</strong> 402</li>
  <li><strong>Admission Type:</strong> b</li>
  <li><strong>Discharge Date:</strong> 2022-07-25</li>
  <li><strong>Medication:</strong> a</li>
  <li><strong>Test Results:</strong> c</li>
</ul>
<h2>Respondent 89</h2>
<ul>
  <li><strong>Name:</strong> wILLIAM hIlL</li>
  <li><strong>Age:</strong> 38</li>
  <li><strong>Gender:</strong> a</li>
  <li><strong>Blood Type:</strong> a</li>
  <li><strong>Medical Condition:</strong> c</li>
  <li><strong>Date of Admission:</strong> 2023-05-16</li>
  <li><strong>Doctor:</strong> Matthew Walker</li>
  <li><strong>Hospital:</strong> Lindsey Inc</li>
  <li><strong>Insurance Provider:</strong> c</li>
  <li><strong>Billing Amount:</strong> 39477</li>
  <li><strong>Room Number:</strong> 428</li>
  <li><strong>Admission Type:</strong> a</li>
  <li><strong>Discharge Date:</strong> 2023-06-01</li>
  <li><strong>Medication:</strong> a</li>
  <li><strong>Test Results:</strong> a</li>
</ul>
<h2>Respondent 25</h2>
<ul>
  <li><strong>Name:</strong> PAUl hEndERsOn</li>
  <li><strong>Age:</strong> 72</li>
  <li><strong>Gender:</strong> a</li>
  <li><strong>Blood Type:</strong> c</li>
  <li><strong>Medical Condition:</strong> e</li>
  <li><strong>Date of Admission:</strong> 2020-05-15</li>
  <li><strong>Doctor:</strong> Stephanie Kramer</li>
  <li><strong>Hospital:</strong> Wilson Group</li>
  <li><strong>Insurance Provider:</strong> d</li>
  <li><strong>Billing Amount:</strong> 33211</li>
  <li><strong>Room Number:</strong> 109</li>
  <li><strong>Admission Type:</strong> b</li>
  <li><strong>Discharge Date:</strong> 2020-06-08</li>
  <li><strong>Medication:</strong> d</li>
  <li><strong>Test Results:</strong> b</li>
</ul>
</body>
</html>

You are a meticulous data analyst AI. Your primary function is to accurately analyze structured data and provide precise, verifiable answers.

You will be given a dataset with two key parts:

A 'questions' section: This is your data dictionary or schema. It is the single source of truth for understanding what each field and score means. Refer to it carefully.

A 'responses' section: This contains the raw data from each individual respondent.

To answer the question correctly, you must first use the 'questions' schema to fully understand the context and meaning of the data points within the 'responses'. Do not rely on any prior knowledge outside of this provided data. Base your entire analysis on the information given.

Provide your final answer directly and concisely. Output must be the human-readable value, not an option code.

Rules:
- For MCQ fields, map any letter codes in the Responses (case-insensitive) to the corresponding option text from the Questions schema, and output only that text. Do NOT include the letter or both.
  Example: If the schema is ""[MCQ: A. Abnormal B. Inconclusive C. Normal]"" and the response is ""a"", output ""Abnormal"".
- For open-ended fields, output the exact text value.
- If the question asks for a count, provide only the number (e.g., ""42"").
- If the question asks for a list of names or IDs, provide a simple comma-separated list (e.g., ""17, 21, 23"").
- Preserve capitalization exactly as in the schema (e.g., output ""Abnormal"", not ""abnormal"" or ""A"").

Which respondent numbers have Gender Female and Insurance Provider Medicare?",,
case_16,multi_hop_relational_inference,Which respondent numbers have Gender Female and Blood Type O-?,"<!DOCTYPE html>
<html>
<head>
<title>Survey Data</title>
</head>
<body>
<h1>Questions</h1>
<ul>
  <li><strong>Name:</strong> What is your name? [Open-ended]</li>
  <li><strong>Age:</strong> What is your age? [Open-ended]</li>
  <li><strong>Gender:</strong> What is your gender? [MCQ: A. Female B. Male]</li>
  <li><strong>Blood Type:</strong> What is your blood type? [MCQ: A. A+ B. A- C. AB+ D. AB- E. B+ F. B- G. O+ H. O-]</li>
  <li><strong>Medical Condition:</strong> What is your medical condition? [MCQ: A. Arthritis B. Asthma C. Cancer D. Diabetes E. Hypertension F. Obesity]</li>
  <li><strong>Date of Admission:</strong> What is your date of admission? [Open-ended]</li>
  <li><strong>Doctor:</strong> What is your doctor? [Open-ended]</li>
  <li><strong>Hospital:</strong> What is your hospital? [Open-ended]</li>
  <li><strong>Insurance Provider:</strong> What is your insurance provider? [MCQ: A. Aetna B. Blue Cross C. Cigna D. Medicare E. UnitedHealthcare]</li>
  <li><strong>Billing Amount:</strong> What is your billing amount? [Open-ended]</li>
  <li><strong>Room Number:</strong> What is your room number? [Open-ended]</li>
  <li><strong>Admission Type:</strong> What is your admission type? [MCQ: A. Elective B. Emergency C. Urgent]</li>
  <li><strong>Discharge Date:</strong> What is your discharge date? [Open-ended]</li>
  <li><strong>Medication:</strong> What is your medication? [MCQ: A. Aspirin B. Ibuprofen C. Lipitor D. Paracetamol E. Penicillin]</li>
  <li><strong>Test Results:</strong> What is your test results? [MCQ: A. Abnormal B. Inconclusive C. Normal]</li>
</ul>
<h1>Responses</h1>
<h2>Respondent 143</h2>
<ul>
  <li><strong>Name:</strong> kIm PenA</li>
  <li><strong>Age:</strong> 44</li>
  <li><strong>Gender:</strong> a</li>
  <li><strong>Blood Type:</strong> h</li>
  <li><strong>Medical Condition:</strong> e</li>
  <li><strong>Date of Admission:</strong> 2020-08-11</li>
  <li><strong>Doctor:</strong> Cindy White</li>
  <li><strong>Hospital:</strong> Jackson-Copeland</li>
  <li><strong>Insurance Provider:</strong> e</li>
  <li><strong>Billing Amount:</strong> 4532</li>
  <li><strong>Room Number:</strong> 213</li>
  <li><strong>Admission Type:</strong> b</li>
  <li><strong>Discharge Date:</strong> 2020-09-04</li>
  <li><strong>Medication:</strong> c</li>
  <li><strong>Test Results:</strong> b</li>
</ul>
<h2>Respondent 133</h2>
<ul>
  <li><strong>Name:</strong> ashLEy ERIcKSoN</li>
  <li><strong>Age:</strong> 32</li>
  <li><strong>Gender:</strong> a</li>
  <li><strong>Blood Type:</strong> d</li>
  <li><strong>Medical Condition:</strong> c</li>
  <li><strong>Date of Admission:</strong> 2019-11-05</li>
  <li><strong>Doctor:</strong> Gerald Hooper</li>
  <li><strong>Hospital:</strong> and Johnson Moore, Branch</li>
  <li><strong>Insurance Provider:</strong> a</li>
  <li><strong>Billing Amount:</strong> -503</li>
  <li><strong>Room Number:</strong> 376</li>
  <li><strong>Admission Type:</strong> c</li>
  <li><strong>Discharge Date:</strong> 2019-11-23</li>
  <li><strong>Medication:</strong> e</li>
  <li><strong>Test Results:</strong> c</li>
</ul>
<h2>Respondent 132</h2>
<ul>
  <li><strong>Name:</strong> DenisE rOdRIGuEZ</li>
  <li><strong>Age:</strong> 19</li>
  <li><strong>Gender:</strong> a</li>
  <li><strong>Blood Type:</strong> b</li>
  <li><strong>Medical Condition:</strong> e</li>
  <li><strong>Date of Admission:</strong> 2020-03-02</li>
  <li><strong>Doctor:</strong> Susan Gibson</li>
  <li><strong>Hospital:</strong> Rodriguez Ltd</li>
  <li><strong>Insurance Provider:</strong> c</li>
  <li><strong>Billing Amount:</strong> 22565</li>
  <li><strong>Room Number:</strong> 408</li>
  <li><strong>Admission Type:</strong> a</li>
  <li><strong>Discharge Date:</strong> 2020-03-07</li>
  <li><strong>Medication:</strong> d</li>
  <li><strong>Test Results:</strong> c</li>
</ul>
</body>
</html>",143,"Which respondent numbers have Gender Male and Medical Condition Cancer?

DATA:

<!DOCTYPE html>
<html>
<head>
<title>Survey Data</title>
</head>
<body>
<h1>Questions</h1>
<ul>
  <li><strong>Name:</strong> What is your name? [Open-ended]</li>
  <li><strong>Age:</strong> What is your age? [Open-ended]</li>
  <li><strong>Gender:</strong> What is your gender? [MCQ: A. Female B. Male]</li>
  <li><strong>Blood Type:</strong> What is your blood type? [MCQ: A. A+ B. A- C. AB+ D. AB- E. B+ F. B- G. O+ H. O-]</li>
  <li><strong>Medical Condition:</strong> What is your medical condition? [MCQ: A. Arthritis B. Asthma C. Cancer D. Diabetes E. Hypertension F. Obesity]</li>
  <li><strong>Date of Admission:</strong> What is your date of admission? [Open-ended]</li>
  <li><strong>Doctor:</strong> What is your doctor? [Open-ended]</li>
  <li><strong>Hospital:</strong> What is your hospital? [Open-ended]</li>
  <li><strong>Insurance Provider:</strong> What is your insurance provider? [MCQ: A. Aetna B. Blue Cross C. Cigna D. Medicare E. UnitedHealthcare]</li>
  <li><strong>Billing Amount:</strong> What is your billing amount? [Open-ended]</li>
  <li><strong>Room Number:</strong> What is your room number? [Open-ended]</li>
  <li><strong>Admission Type:</strong> What is your admission type? [MCQ: A. Elective B. Emergency C. Urgent]</li>
  <li><strong>Discharge Date:</strong> What is your discharge date? [Open-ended]</li>
  <li><strong>Medication:</strong> What is your medication? [MCQ: A. Aspirin B. Ibuprofen C. Lipitor D. Paracetamol E. Penicillin]</li>
  <li><strong>Test Results:</strong> What is your test results? [MCQ: A. Abnormal B. Inconclusive C. Normal]</li>
</ul>
<h1>Responses</h1>
<h2>Respondent 133</h2>
<ul>
  <li><strong>Name:</strong> ashLEy ERIcKSoN</li>
  <li><strong>Age:</strong> 32</li>
  <li><strong>Gender:</strong> a</li>
  <li><strong>Blood Type:</strong> d</li>
  <li><strong>Medical Condition:</strong> c</li>
  <li><strong>Date of Admission:</strong> 2019-11-05</li>
  <li><strong>Doctor:</strong> Gerald Hooper</li>
  <li><strong>Hospital:</strong> and Johnson Moore, Branch</li>
  <li><strong>Insurance Provider:</strong> a</li>
  <li><strong>Billing Amount:</strong> -503</li>
  <li><strong>Room Number:</strong> 376</li>
  <li><strong>Admission Type:</strong> c</li>
  <li><strong>Discharge Date:</strong> 2019-11-23</li>
  <li><strong>Medication:</strong> e</li>
  <li><strong>Test Results:</strong> c</li>
</ul>
<h2>Respondent 63</h2>
<ul>
  <li><strong>Name:</strong> tRAvIs carTeR</li>
  <li><strong>Age:</strong> 18</li>
  <li><strong>Gender:</strong> b</li>
  <li><strong>Blood Type:</strong> a</li>
  <li><strong>Medical Condition:</strong> c</li>
  <li><strong>Date of Admission:</strong> 2022-07-06</li>
  <li><strong>Doctor:</strong> Megan Hahn</li>
  <li><strong>Hospital:</strong> Moss and Ferguson, Baker</li>
  <li><strong>Insurance Provider:</strong> e</li>
  <li><strong>Billing Amount:</strong> 48407</li>
  <li><strong>Room Number:</strong> 325</li>
  <li><strong>Admission Type:</strong> b</li>
  <li><strong>Discharge Date:</strong> 2022-07-18</li>
  <li><strong>Medication:</strong> a</li>
  <li><strong>Test Results:</strong> c</li>
</ul>
<h2>Respondent 116</h2>
<ul>
  <li><strong>Name:</strong> reBEcCA PARsONs</li>
  <li><strong>Age:</strong> 37</li>
  <li><strong>Gender:</strong> a</li>
  <li><strong>Blood Type:</strong> g</li>
  <li><strong>Medical Condition:</strong> b</li>
  <li><strong>Date of Admission:</strong> 2019-12-02</li>
  <li><strong>Doctor:</strong> Steven Adams</li>
  <li><strong>Hospital:</strong> Group White</li>
  <li><strong>Insurance Provider:</strong> a</li>
  <li><strong>Billing Amount:</strong> 8521</li>
  <li><strong>Room Number:</strong> 476</li>
  <li><strong>Admission Type:</strong> a</li>
  <li><strong>Discharge Date:</strong> 2019-12-13</li>
  <li><strong>Medication:</strong> e</li>
  <li><strong>Test Results:</strong> a</li>
</ul>
</body>
</html>

Answer: 63

<!DOCTYPE html>
<html>
<head>
<title>Survey Data</title>
</head>
<body>
<h1>Questions</h1>
<ul>
  <li><strong>Name:</strong> What is your name? [Open-ended]</li>
  <li><strong>Age:</strong> What is your age? [Open-ended]</li>
  <li><strong>Gender:</strong> What is your gender? [MCQ: A. Female B. Male]</li>
  <li><strong>Blood Type:</strong> What is your blood type? [MCQ: A. A+ B. A- C. AB+ D. AB- E. B+ F. B- G. O+ H. O-]</li>
  <li><strong>Medical Condition:</strong> What is your medical condition? [MCQ: A. Arthritis B. Asthma C. Cancer D. Diabetes E. Hypertension F. Obesity]</li>
  <li><strong>Date of Admission:</strong> What is your date of admission? [Open-ended]</li>
  <li><strong>Doctor:</strong> What is your doctor? [Open-ended]</li>
  <li><strong>Hospital:</strong> What is your hospital? [Open-ended]</li>
  <li><strong>Insurance Provider:</strong> What is your insurance provider? [MCQ: A. Aetna B. Blue Cross C. Cigna D. Medicare E. UnitedHealthcare]</li>
  <li><strong>Billing Amount:</strong> What is your billing amount? [Open-ended]</li>
  <li><strong>Room Number:</strong> What is your room number? [Open-ended]</li>
  <li><strong>Admission Type:</strong> What is your admission type? [MCQ: A. Elective B. Emergency C. Urgent]</li>
  <li><strong>Discharge Date:</strong> What is your discharge date? [Open-ended]</li>
  <li><strong>Medication:</strong> What is your medication? [MCQ: A. Aspirin B. Ibuprofen C. Lipitor D. Paracetamol E. Penicillin]</li>
  <li><strong>Test Results:</strong> What is your test results? [MCQ: A. Abnormal B. Inconclusive C. Normal]</li>
</ul>
<h1>Responses</h1>
<h2>Respondent 143</h2>
<ul>
  <li><strong>Name:</strong> kIm PenA</li>
  <li><strong>Age:</strong> 44</li>
  <li><strong>Gender:</strong> a</li>
  <li><strong>Blood Type:</strong> h</li>
  <li><strong>Medical Condition:</strong> e</li>
  <li><strong>Date of Admission:</strong> 2020-08-11</li>
  <li><strong>Doctor:</strong> Cindy White</li>
  <li><strong>Hospital:</strong> Jackson-Copeland</li>
  <li><strong>Insurance Provider:</strong> e</li>
  <li><strong>Billing Amount:</strong> 4532</li>
  <li><strong>Room Number:</strong> 213</li>
  <li><strong>Admission Type:</strong> b</li>
  <li><strong>Discharge Date:</strong> 2020-09-04</li>
  <li><strong>Medication:</strong> c</li>
  <li><strong>Test Results:</strong> b</li>
</ul>
<h2>Respondent 133</h2>
<ul>
  <li><strong>Name:</strong> ashLEy ERIcKSoN</li>
  <li><strong>Age:</strong> 32</li>
  <li><strong>Gender:</strong> a</li>
  <li><strong>Blood Type:</strong> d</li>
  <li><strong>Medical Condition:</strong> c</li>
  <li><strong>Date of Admission:</strong> 2019-11-05</li>
  <li><strong>Doctor:</strong> Gerald Hooper</li>
  <li><strong>Hospital:</strong> and Johnson Moore, Branch</li>
  <li><strong>Insurance Provider:</strong> a</li>
  <li><strong>Billing Amount:</strong> -503</li>
  <li><strong>Room Number:</strong> 376</li>
  <li><strong>Admission Type:</strong> c</li>
  <li><strong>Discharge Date:</strong> 2019-11-23</li>
  <li><strong>Medication:</strong> e</li>
  <li><strong>Test Results:</strong> c</li>
</ul>
<h2>Respondent 132</h2>
<ul>
  <li><strong>Name:</strong> DenisE rOdRIGuEZ</li>
  <li><strong>Age:</strong> 19</li>
  <li><strong>Gender:</strong> a</li>
  <li><strong>Blood Type:</strong> b</li>
  <li><strong>Medical Condition:</strong> e</li>
  <li><strong>Date of Admission:</strong> 2020-03-02</li>
  <li><strong>Doctor:</strong> Susan Gibson</li>
  <li><strong>Hospital:</strong> Rodriguez Ltd</li>
  <li><strong>Insurance Provider:</strong> c</li>
  <li><strong>Billing Amount:</strong> 22565</li>
  <li><strong>Room Number:</strong> 408</li>
  <li><strong>Admission Type:</strong> a</li>
  <li><strong>Discharge Date:</strong> 2020-03-07</li>
  <li><strong>Medication:</strong> d</li>
  <li><strong>Test Results:</strong> c</li>
</ul>
</body>
</html>

You are a meticulous data analyst AI. Your primary function is to accurately analyze structured data and provide precise, verifiable answers.

You will be given a dataset with two key parts:

A 'questions' section: This is your data dictionary or schema. It is the single source of truth for understanding what each field and score means. Refer to it carefully.

A 'responses' section: This contains the raw data from each individual respondent.

To answer the question correctly, you must first use the 'questions' schema to fully understand the context and meaning of the data points within the 'responses'. Do not rely on any prior knowledge outside of this provided data. Base your entire analysis on the information given.

Provide your final answer directly and concisely. Output must be the human-readable value, not an option code.

Rules:
- For MCQ fields, map any letter codes in the Responses (case-insensitive) to the corresponding option text from the Questions schema, and output only that text. Do NOT include the letter or both.
  Example: If the schema is ""[MCQ: A. Abnormal B. Inconclusive C. Normal]"" and the response is ""a"", output ""Abnormal"".
- For open-ended fields, output the exact text value.
- If the question asks for a count, provide only the number (e.g., ""42"").
- If the question asks for a list of names or IDs, provide a simple comma-separated list (e.g., ""17, 21, 23"").
- Preserve capitalization exactly as in the schema (e.g., output ""Abnormal"", not ""abnormal"" or ""A"").

Which respondent numbers have Gender Female and Blood Type O-?",,
case_17,multi_hop_relational_inference,Which respondent numbers have Blood Type AB- and Admission Type Urgent?,"<!DOCTYPE html>
<html>
<head>
<title>Survey Data</title>
</head>
<body>
<h1>Questions</h1>
<ul>
  <li><strong>Name:</strong> What is your name? [Open-ended]</li>
  <li><strong>Age:</strong> What is your age? [Open-ended]</li>
  <li><strong>Gender:</strong> What is your gender? [MCQ: A. Female B. Male]</li>
  <li><strong>Blood Type:</strong> What is your blood type? [MCQ: A. A+ B. A- C. AB+ D. AB- E. B+ F. B- G. O+ H. O-]</li>
  <li><strong>Medical Condition:</strong> What is your medical condition? [MCQ: A. Arthritis B. Asthma C. Cancer D. Diabetes E. Hypertension F. Obesity]</li>
  <li><strong>Date of Admission:</strong> What is your date of admission? [Open-ended]</li>
  <li><strong>Doctor:</strong> What is your doctor? [Open-ended]</li>
  <li><strong>Hospital:</strong> What is your hospital? [Open-ended]</li>
  <li><strong>Insurance Provider:</strong> What is your insurance provider? [MCQ: A. Aetna B. Blue Cross C. Cigna D. Medicare E. UnitedHealthcare]</li>
  <li><strong>Billing Amount:</strong> What is your billing amount? [Open-ended]</li>
  <li><strong>Room Number:</strong> What is your room number? [Open-ended]</li>
  <li><strong>Admission Type:</strong> What is your admission type? [MCQ: A. Elective B. Emergency C. Urgent]</li>
  <li><strong>Discharge Date:</strong> What is your discharge date? [Open-ended]</li>
  <li><strong>Medication:</strong> What is your medication? [MCQ: A. Aspirin B. Ibuprofen C. Lipitor D. Paracetamol E. Penicillin]</li>
  <li><strong>Test Results:</strong> What is your test results? [MCQ: A. Abnormal B. Inconclusive C. Normal]</li>
</ul>
<h1>Responses</h1>
<h2>Respondent 66</h2>
<ul>
  <li><strong>Name:</strong> JessIca king</li>
  <li><strong>Age:</strong> 27</li>
  <li><strong>Gender:</strong> b</li>
  <li><strong>Blood Type:</strong> d</li>
  <li><strong>Medical Condition:</strong> c</li>
  <li><strong>Date of Admission:</strong> 2019-12-09</li>
  <li><strong>Doctor:</strong> William Hess</li>
  <li><strong>Hospital:</strong> Sons Watson and</li>
  <li><strong>Insurance Provider:</strong> d</li>
  <li><strong>Billing Amount:</strong> 8321</li>
  <li><strong>Room Number:</strong> 468</li>
  <li><strong>Admission Type:</strong> c</li>
  <li><strong>Discharge Date:</strong> 2019-12-21</li>
  <li><strong>Medication:</strong> c</li>
  <li><strong>Test Results:</strong> a</li>
</ul>
<h2>Respondent 82</h2>
<ul>
  <li><strong>Name:</strong> ChAd MorEnO</li>
  <li><strong>Age:</strong> 67</li>
  <li><strong>Gender:</strong> b</li>
  <li><strong>Blood Type:</strong> c</li>
  <li><strong>Medical Condition:</strong> e</li>
  <li><strong>Date of Admission:</strong> 2020-08-26</li>
  <li><strong>Doctor:</strong> Connie Boyd</li>
  <li><strong>Hospital:</strong> Inc Skinner</li>
  <li><strong>Insurance Provider:</strong> a</li>
  <li><strong>Billing Amount:</strong> 46814</li>
  <li><strong>Room Number:</strong> 134</li>
  <li><strong>Admission Type:</strong> c</li>
  <li><strong>Discharge Date:</strong> 2020-08-27</li>
  <li><strong>Medication:</strong> e</li>
  <li><strong>Test Results:</strong> a</li>
</ul>
<h2>Respondent 104</h2>
<ul>
  <li><strong>Name:</strong> KaTRina maRTin</li>
  <li><strong>Age:</strong> 47</li>
  <li><strong>Gender:</strong> b</li>
  <li><strong>Blood Type:</strong> b</li>
  <li><strong>Medical Condition:</strong> d</li>
  <li><strong>Date of Admission:</strong> 2019-07-09</li>
  <li><strong>Doctor:</strong> Patricia Colon</li>
  <li><strong>Hospital:</strong> Group Nguyen</li>
  <li><strong>Insurance Provider:</strong> d</li>
  <li><strong>Billing Amount:</strong> 31516</li>
  <li><strong>Room Number:</strong> 418</li>
  <li><strong>Admission Type:</strong> a</li>
  <li><strong>Discharge Date:</strong> 2019-08-05</li>
  <li><strong>Medication:</strong> e</li>
  <li><strong>Test Results:</strong> b</li>
</ul>
</body>
</html>",66,"Which respondent numbers have Gender Male and Medical Condition Cancer?

DATA:

<!DOCTYPE html>
<html>
<head>
<title>Survey Data</title>
</head>
<body>
<h1>Questions</h1>
<ul>
  <li><strong>Name:</strong> What is your name? [Open-ended]</li>
  <li><strong>Age:</strong> What is your age? [Open-ended]</li>
  <li><strong>Gender:</strong> What is your gender? [MCQ: A. Female B. Male]</li>
  <li><strong>Blood Type:</strong> What is your blood type? [MCQ: A. A+ B. A- C. AB+ D. AB- E. B+ F. B- G. O+ H. O-]</li>
  <li><strong>Medical Condition:</strong> What is your medical condition? [MCQ: A. Arthritis B. Asthma C. Cancer D. Diabetes E. Hypertension F. Obesity]</li>
  <li><strong>Date of Admission:</strong> What is your date of admission? [Open-ended]</li>
  <li><strong>Doctor:</strong> What is your doctor? [Open-ended]</li>
  <li><strong>Hospital:</strong> What is your hospital? [Open-ended]</li>
  <li><strong>Insurance Provider:</strong> What is your insurance provider? [MCQ: A. Aetna B. Blue Cross C. Cigna D. Medicare E. UnitedHealthcare]</li>
  <li><strong>Billing Amount:</strong> What is your billing amount? [Open-ended]</li>
  <li><strong>Room Number:</strong> What is your room number? [Open-ended]</li>
  <li><strong>Admission Type:</strong> What is your admission type? [MCQ: A. Elective B. Emergency C. Urgent]</li>
  <li><strong>Discharge Date:</strong> What is your discharge date? [Open-ended]</li>
  <li><strong>Medication:</strong> What is your medication? [MCQ: A. Aspirin B. Ibuprofen C. Lipitor D. Paracetamol E. Penicillin]</li>
  <li><strong>Test Results:</strong> What is your test results? [MCQ: A. Abnormal B. Inconclusive C. Normal]</li>
</ul>
<h1>Responses</h1>
<h2>Respondent 133</h2>
<ul>
  <li><strong>Name:</strong> ashLEy ERIcKSoN</li>
  <li><strong>Age:</strong> 32</li>
  <li><strong>Gender:</strong> a</li>
  <li><strong>Blood Type:</strong> d</li>
  <li><strong>Medical Condition:</strong> c</li>
  <li><strong>Date of Admission:</strong> 2019-11-05</li>
  <li><strong>Doctor:</strong> Gerald Hooper</li>
  <li><strong>Hospital:</strong> and Johnson Moore, Branch</li>
  <li><strong>Insurance Provider:</strong> a</li>
  <li><strong>Billing Amount:</strong> -503</li>
  <li><strong>Room Number:</strong> 376</li>
  <li><strong>Admission Type:</strong> c</li>
  <li><strong>Discharge Date:</strong> 2019-11-23</li>
  <li><strong>Medication:</strong> e</li>
  <li><strong>Test Results:</strong> c</li>
</ul>
<h2>Respondent 63</h2>
<ul>
  <li><strong>Name:</strong> tRAvIs carTeR</li>
  <li><strong>Age:</strong> 18</li>
  <li><strong>Gender:</strong> b</li>
  <li><strong>Blood Type:</strong> a</li>
  <li><strong>Medical Condition:</strong> c</li>
  <li><strong>Date of Admission:</strong> 2022-07-06</li>
  <li><strong>Doctor:</strong> Megan Hahn</li>
  <li><strong>Hospital:</strong> Moss and Ferguson, Baker</li>
  <li><strong>Insurance Provider:</strong> e</li>
  <li><strong>Billing Amount:</strong> 48407</li>
  <li><strong>Room Number:</strong> 325</li>
  <li><strong>Admission Type:</strong> b</li>
  <li><strong>Discharge Date:</strong> 2022-07-18</li>
  <li><strong>Medication:</strong> a</li>
  <li><strong>Test Results:</strong> c</li>
</ul>
<h2>Respondent 116</h2>
<ul>
  <li><strong>Name:</strong> reBEcCA PARsONs</li>
  <li><strong>Age:</strong> 37</li>
  <li><strong>Gender:</strong> a</li>
  <li><strong>Blood Type:</strong> g</li>
  <li><strong>Medical Condition:</strong> b</li>
  <li><strong>Date of Admission:</strong> 2019-12-02</li>
  <li><strong>Doctor:</strong> Steven Adams</li>
  <li><strong>Hospital:</strong> Group White</li>
  <li><strong>Insurance Provider:</strong> a</li>
  <li><strong>Billing Amount:</strong> 8521</li>
  <li><strong>Room Number:</strong> 476</li>
  <li><strong>Admission Type:</strong> a</li>
  <li><strong>Discharge Date:</strong> 2019-12-13</li>
  <li><strong>Medication:</strong> e</li>
  <li><strong>Test Results:</strong> a</li>
</ul>
</body>
</html>

Answer: 63

<!DOCTYPE html>
<html>
<head>
<title>Survey Data</title>
</head>
<body>
<h1>Questions</h1>
<ul>
  <li><strong>Name:</strong> What is your name? [Open-ended]</li>
  <li><strong>Age:</strong> What is your age? [Open-ended]</li>
  <li><strong>Gender:</strong> What is your gender? [MCQ: A. Female B. Male]</li>
  <li><strong>Blood Type:</strong> What is your blood type? [MCQ: A. A+ B. A- C. AB+ D. AB- E. B+ F. B- G. O+ H. O-]</li>
  <li><strong>Medical Condition:</strong> What is your medical condition? [MCQ: A. Arthritis B. Asthma C. Cancer D. Diabetes E. Hypertension F. Obesity]</li>
  <li><strong>Date of Admission:</strong> What is your date of admission? [Open-ended]</li>
  <li><strong>Doctor:</strong> What is your doctor? [Open-ended]</li>
  <li><strong>Hospital:</strong> What is your hospital? [Open-ended]</li>
  <li><strong>Insurance Provider:</strong> What is your insurance provider? [MCQ: A. Aetna B. Blue Cross C. Cigna D. Medicare E. UnitedHealthcare]</li>
  <li><strong>Billing Amount:</strong> What is your billing amount? [Open-ended]</li>
  <li><strong>Room Number:</strong> What is your room number? [Open-ended]</li>
  <li><strong>Admission Type:</strong> What is your admission type? [MCQ: A. Elective B. Emergency C. Urgent]</li>
  <li><strong>Discharge Date:</strong> What is your discharge date? [Open-ended]</li>
  <li><strong>Medication:</strong> What is your medication? [MCQ: A. Aspirin B. Ibuprofen C. Lipitor D. Paracetamol E. Penicillin]</li>
  <li><strong>Test Results:</strong> What is your test results? [MCQ: A. Abnormal B. Inconclusive C. Normal]</li>
</ul>
<h1>Responses</h1>
<h2>Respondent 66</h2>
<ul>
  <li><strong>Name:</strong> JessIca king</li>
  <li><strong>Age:</strong> 27</li>
  <li><strong>Gender:</strong> b</li>
  <li><strong>Blood Type:</strong> d</li>
  <li><strong>Medical Condition:</strong> c</li>
  <li><strong>Date of Admission:</strong> 2019-12-09</li>
  <li><strong>Doctor:</strong> William Hess</li>
  <li><strong>Hospital:</strong> Sons Watson and</li>
  <li><strong>Insurance Provider:</strong> d</li>
  <li><strong>Billing Amount:</strong> 8321</li>
  <li><strong>Room Number:</strong> 468</li>
  <li><strong>Admission Type:</strong> c</li>
  <li><strong>Discharge Date:</strong> 2019-12-21</li>
  <li><strong>Medication:</strong> c</li>
  <li><strong>Test Results:</strong> a</li>
</ul>
<h2>Respondent 82</h2>
<ul>
  <li><strong>Name:</strong> ChAd MorEnO</li>
  <li><strong>Age:</strong> 67</li>
  <li><strong>Gender:</strong> b</li>
  <li><strong>Blood Type:</strong> c</li>
  <li><strong>Medical Condition:</strong> e</li>
  <li><strong>Date of Admission:</strong> 2020-08-26</li>
  <li><strong>Doctor:</strong> Connie Boyd</li>
  <li><strong>Hospital:</strong> Inc Skinner</li>
  <li><strong>Insurance Provider:</strong> a</li>
  <li><strong>Billing Amount:</strong> 46814</li>
  <li><strong>Room Number:</strong> 134</li>
  <li><strong>Admission Type:</strong> c</li>
  <li><strong>Discharge Date:</strong> 2020-08-27</li>
  <li><strong>Medication:</strong> e</li>
  <li><strong>Test Results:</strong> a</li>
</ul>
<h2>Respondent 104</h2>
<ul>
  <li><strong>Name:</strong> KaTRina maRTin</li>
  <li><strong>Age:</strong> 47</li>
  <li><strong>Gender:</strong> b</li>
  <li><strong>Blood Type:</strong> b</li>
  <li><strong>Medical Condition:</strong> d</li>
  <li><strong>Date of Admission:</strong> 2019-07-09</li>
  <li><strong>Doctor:</strong> Patricia Colon</li>
  <li><strong>Hospital:</strong> Group Nguyen</li>
  <li><strong>Insurance Provider:</strong> d</li>
  <li><strong>Billing Amount:</strong> 31516</li>
  <li><strong>Room Number:</strong> 418</li>
  <li><strong>Admission Type:</strong> a</li>
  <li><strong>Discharge Date:</strong> 2019-08-05</li>
  <li><strong>Medication:</strong> e</li>
  <li><strong>Test Results:</strong> b</li>
</ul>
</body>
</html>

You are a meticulous data analyst AI. Your primary function is to accurately analyze structured data and provide precise, verifiable answers.

You will be given a dataset with two key parts:

A 'questions' section: This is your data dictionary or schema. It is the single source of truth for understanding what each field and score means. Refer to it carefully.

A 'responses' section: This contains the raw data from each individual respondent.

To answer the question correctly, you must first use the 'questions' schema to fully understand the context and meaning of the data points within the 'responses'. Do not rely on any prior knowledge outside of this provided data. Base your entire analysis on the information given.

Provide your final answer directly and concisely. Output must be the human-readable value, not an option code.

Rules:
- For MCQ fields, map any letter codes in the Responses (case-insensitive) to the corresponding option text from the Questions schema, and output only that text. Do NOT include the letter or both.
  Example: If the schema is ""[MCQ: A. Abnormal B. Inconclusive C. Normal]"" and the response is ""a"", output ""Abnormal"".
- For open-ended fields, output the exact text value.
- If the question asks for a count, provide only the number (e.g., ""42"").
- If the question asks for a list of names or IDs, provide a simple comma-separated list (e.g., ""17, 21, 23"").
- Preserve capitalization exactly as in the schema (e.g., output ""Abnormal"", not ""abnormal"" or ""A"").

Which respondent numbers have Blood Type AB- and Admission Type Urgent?",,
case_18,multi_hop_relational_inference,Which respondent numbers have Medical Condition Cancer and Blood Type A+?,"<!DOCTYPE html>
<html>
<head>
<title>Survey Data</title>
</head>
<body>
<h1>Questions</h1>
<ul>
  <li><strong>Name:</strong> What is your name? [Open-ended]</li>
  <li><strong>Age:</strong> What is your age? [Open-ended]</li>
  <li><strong>Gender:</strong> What is your gender? [MCQ: A. Female B. Male]</li>
  <li><strong>Blood Type:</strong> What is your blood type? [MCQ: A. A+ B. A- C. AB+ D. AB- E. B+ F. B- G. O+ H. O-]</li>
  <li><strong>Medical Condition:</strong> What is your medical condition? [MCQ: A. Arthritis B. Asthma C. Cancer D. Diabetes E. Hypertension F. Obesity]</li>
  <li><strong>Date of Admission:</strong> What is your date of admission? [Open-ended]</li>
  <li><strong>Doctor:</strong> What is your doctor? [Open-ended]</li>
  <li><strong>Hospital:</strong> What is your hospital? [Open-ended]</li>
  <li><strong>Insurance Provider:</strong> What is your insurance provider? [MCQ: A. Aetna B. Blue Cross C. Cigna D. Medicare E. UnitedHealthcare]</li>
  <li><strong>Billing Amount:</strong> What is your billing amount? [Open-ended]</li>
  <li><strong>Room Number:</strong> What is your room number? [Open-ended]</li>
  <li><strong>Admission Type:</strong> What is your admission type? [MCQ: A. Elective B. Emergency C. Urgent]</li>
  <li><strong>Discharge Date:</strong> What is your discharge date? [Open-ended]</li>
  <li><strong>Medication:</strong> What is your medication? [MCQ: A. Aspirin B. Ibuprofen C. Lipitor D. Paracetamol E. Penicillin]</li>
  <li><strong>Test Results:</strong> What is your test results? [MCQ: A. Abnormal B. Inconclusive C. Normal]</li>
</ul>
<h1>Responses</h1>
<h2>Respondent 68</h2>
<ul>
  <li><strong>Name:</strong> jOhN hARTmAN</li>
  <li><strong>Age:</strong> 27</li>
  <li><strong>Gender:</strong> b</li>
  <li><strong>Blood Type:</strong> f</li>
  <li><strong>Medical Condition:</strong> e</li>
  <li><strong>Date of Admission:</strong> 2023-01-07</li>
  <li><strong>Doctor:</strong> Jack Jackson</li>
  <li><strong>Hospital:</strong> Bullock-Ramsey</li>
  <li><strong>Insurance Provider:</strong> c</li>
  <li><strong>Billing Amount:</strong> 49402</li>
  <li><strong>Room Number:</strong> 263</li>
  <li><strong>Admission Type:</strong> a</li>
  <li><strong>Discharge Date:</strong> 2023-01-27</li>
  <li><strong>Medication:</strong> c</li>
  <li><strong>Test Results:</strong> b</li>
</ul>
<h2>Respondent 92</h2>
<ul>
  <li><strong>Name:</strong> MR. TYler TAYLOR Phd</li>
  <li><strong>Age:</strong> 80</li>
  <li><strong>Gender:</strong> b</li>
  <li><strong>Blood Type:</strong> a</li>
  <li><strong>Medical Condition:</strong> d</li>
  <li><strong>Date of Admission:</strong> 2022-11-05</li>
  <li><strong>Doctor:</strong> Robert Salazar</li>
  <li><strong>Hospital:</strong> Dean-Hawkins</li>
  <li><strong>Insurance Provider:</strong> e</li>
  <li><strong>Billing Amount:</strong> 10662</li>
  <li><strong>Room Number:</strong> 120</li>
  <li><strong>Admission Type:</strong> b</li>
  <li><strong>Discharge Date:</strong> 2022-11-25</li>
  <li><strong>Medication:</strong> c</li>
  <li><strong>Test Results:</strong> a</li>
</ul>
<h2>Respondent 57</h2>
<ul>
  <li><strong>Name:</strong> beThaNY MoOrE</li>
  <li><strong>Age:</strong> 55</li>
  <li><strong>Gender:</strong> a</li>
  <li><strong>Blood Type:</strong> a</li>
  <li><strong>Medical Condition:</strong> c</li>
  <li><strong>Date of Admission:</strong> 2023-04-09</li>
  <li><strong>Doctor:</strong> Penny Pruitt</li>
  <li><strong>Hospital:</strong> and Montes Graves, Thomas</li>
  <li><strong>Insurance Provider:</strong> c</li>
  <li><strong>Billing Amount:</strong> 10301</li>
  <li><strong>Room Number:</strong> 330</li>
  <li><strong>Admission Type:</strong> b</li>
  <li><strong>Discharge Date:</strong> 2023-04-21</li>
  <li><strong>Medication:</strong> d</li>
  <li><strong>Test Results:</strong> c</li>
</ul>
</body>
</html>",57,"Which respondent numbers have Gender Male and Medical Condition Cancer?

DATA:

<!DOCTYPE html>
<html>
<head>
<title>Survey Data</title>
</head>
<body>
<h1>Questions</h1>
<ul>
  <li><strong>Name:</strong> What is your name? [Open-ended]</li>
  <li><strong>Age:</strong> What is your age? [Open-ended]</li>
  <li><strong>Gender:</strong> What is your gender? [MCQ: A. Female B. Male]</li>
  <li><strong>Blood Type:</strong> What is your blood type? [MCQ: A. A+ B. A- C. AB+ D. AB- E. B+ F. B- G. O+ H. O-]</li>
  <li><strong>Medical Condition:</strong> What is your medical condition? [MCQ: A. Arthritis B. Asthma C. Cancer D. Diabetes E. Hypertension F. Obesity]</li>
  <li><strong>Date of Admission:</strong> What is your date of admission? [Open-ended]</li>
  <li><strong>Doctor:</strong> What is your doctor? [Open-ended]</li>
  <li><strong>Hospital:</strong> What is your hospital? [Open-ended]</li>
  <li><strong>Insurance Provider:</strong> What is your insurance provider? [MCQ: A. Aetna B. Blue Cross C. Cigna D. Medicare E. UnitedHealthcare]</li>
  <li><strong>Billing Amount:</strong> What is your billing amount? [Open-ended]</li>
  <li><strong>Room Number:</strong> What is your room number? [Open-ended]</li>
  <li><strong>Admission Type:</strong> What is your admission type? [MCQ: A. Elective B. Emergency C. Urgent]</li>
  <li><strong>Discharge Date:</strong> What is your discharge date? [Open-ended]</li>
  <li><strong>Medication:</strong> What is your medication? [MCQ: A. Aspirin B. Ibuprofen C. Lipitor D. Paracetamol E. Penicillin]</li>
  <li><strong>Test Results:</strong> What is your test results? [MCQ: A. Abnormal B. Inconclusive C. Normal]</li>
</ul>
<h1>Responses</h1>
<h2>Respondent 133</h2>
<ul>
  <li><strong>Name:</strong> ashLEy ERIcKSoN</li>
  <li><strong>Age:</strong> 32</li>
  <li><strong>Gender:</strong> a</li>
  <li><strong>Blood Type:</strong> d</li>
  <li><strong>Medical Condition:</strong> c</li>
  <li><strong>Date of Admission:</strong> 2019-11-05</li>
  <li><strong>Doctor:</strong> Gerald Hooper</li>
  <li><strong>Hospital:</strong> and Johnson Moore, Branch</li>
  <li><strong>Insurance Provider:</strong> a</li>
  <li><strong>Billing Amount:</strong> -503</li>
  <li><strong>Room Number:</strong> 376</li>
  <li><strong>Admission Type:</strong> c</li>
  <li><strong>Discharge Date:</strong> 2019-11-23</li>
  <li><strong>Medication:</strong> e</li>
  <li><strong>Test Results:</strong> c</li>
</ul>
<h2>Respondent 63</h2>
<ul>
  <li><strong>Name:</strong> tRAvIs carTeR</li>
  <li><strong>Age:</strong> 18</li>
  <li><strong>Gender:</strong> b</li>
  <li><strong>Blood Type:</strong> a</li>
  <li><strong>Medical Condition:</strong> c</li>
  <li><strong>Date of Admission:</strong> 2022-07-06</li>
  <li><strong>Doctor:</strong> Megan Hahn</li>
  <li><strong>Hospital:</strong> Moss and Ferguson, Baker</li>
  <li><strong>Insurance Provider:</strong> e</li>
  <li><strong>Billing Amount:</strong> 48407</li>
  <li><strong>Room Number:</strong> 325</li>
  <li><strong>Admission Type:</strong> b</li>
  <li><strong>Discharge Date:</strong> 2022-07-18</li>
  <li><strong>Medication:</strong> a</li>
  <li><strong>Test Results:</strong> c</li>
</ul>
<h2>Respondent 116</h2>
<ul>
  <li><strong>Name:</strong> reBEcCA PARsONs</li>
  <li><strong>Age:</strong> 37</li>
  <li><strong>Gender:</strong> a</li>
  <li><strong>Blood Type:</strong> g</li>
  <li><strong>Medical Condition:</strong> b</li>
  <li><strong>Date of Admission:</strong> 2019-12-02</li>
  <li><strong>Doctor:</strong> Steven Adams</li>
  <li><strong>Hospital:</strong> Group White</li>
  <li><strong>Insurance Provider:</strong> a</li>
  <li><strong>Billing Amount:</strong> 8521</li>
  <li><strong>Room Number:</strong> 476</li>
  <li><strong>Admission Type:</strong> a</li>
  <li><strong>Discharge Date:</strong> 2019-12-13</li>
  <li><strong>Medication:</strong> e</li>
  <li><strong>Test Results:</strong> a</li>
</ul>
</body>
</html>

Answer: 63

<!DOCTYPE html>
<html>
<head>
<title>Survey Data</title>
</head>
<body>
<h1>Questions</h1>
<ul>
  <li><strong>Name:</strong> What is your name? [Open-ended]</li>
  <li><strong>Age:</strong> What is your age? [Open-ended]</li>
  <li><strong>Gender:</strong> What is your gender? [MCQ: A. Female B. Male]</li>
  <li><strong>Blood Type:</strong> What is your blood type? [MCQ: A. A+ B. A- C. AB+ D. AB- E. B+ F. B- G. O+ H. O-]</li>
  <li><strong>Medical Condition:</strong> What is your medical condition? [MCQ: A. Arthritis B. Asthma C. Cancer D. Diabetes E. Hypertension F. Obesity]</li>
  <li><strong>Date of Admission:</strong> What is your date of admission? [Open-ended]</li>
  <li><strong>Doctor:</strong> What is your doctor? [Open-ended]</li>
  <li><strong>Hospital:</strong> What is your hospital? [Open-ended]</li>
  <li><strong>Insurance Provider:</strong> What is your insurance provider? [MCQ: A. Aetna B. Blue Cross C. Cigna D. Medicare E. UnitedHealthcare]</li>
  <li><strong>Billing Amount:</strong> What is your billing amount? [Open-ended]</li>
  <li><strong>Room Number:</strong> What is your room number? [Open-ended]</li>
  <li><strong>Admission Type:</strong> What is your admission type? [MCQ: A. Elective B. Emergency C. Urgent]</li>
  <li><strong>Discharge Date:</strong> What is your discharge date? [Open-ended]</li>
  <li><strong>Medication:</strong> What is your medication? [MCQ: A. Aspirin B. Ibuprofen C. Lipitor D. Paracetamol E. Penicillin]</li>
  <li><strong>Test Results:</strong> What is your test results? [MCQ: A. Abnormal B. Inconclusive C. Normal]</li>
</ul>
<h1>Responses</h1>
<h2>Respondent 68</h2>
<ul>
  <li><strong>Name:</strong> jOhN hARTmAN</li>
  <li><strong>Age:</strong> 27</li>
  <li><strong>Gender:</strong> b</li>
  <li><strong>Blood Type:</strong> f</li>
  <li><strong>Medical Condition:</strong> e</li>
  <li><strong>Date of Admission:</strong> 2023-01-07</li>
  <li><strong>Doctor:</strong> Jack Jackson</li>
  <li><strong>Hospital:</strong> Bullock-Ramsey</li>
  <li><strong>Insurance Provider:</strong> c</li>
  <li><strong>Billing Amount:</strong> 49402</li>
  <li><strong>Room Number:</strong> 263</li>
  <li><strong>Admission Type:</strong> a</li>
  <li><strong>Discharge Date:</strong> 2023-01-27</li>
  <li><strong>Medication:</strong> c</li>
  <li><strong>Test Results:</strong> b</li>
</ul>
<h2>Respondent 92</h2>
<ul>
  <li><strong>Name:</strong> MR. TYler TAYLOR Phd</li>
  <li><strong>Age:</strong> 80</li>
  <li><strong>Gender:</strong> b</li>
  <li><strong>Blood Type:</strong> a</li>
  <li><strong>Medical Condition:</strong> d</li>
  <li><strong>Date of Admission:</strong> 2022-11-05</li>
  <li><strong>Doctor:</strong> Robert Salazar</li>
  <li><strong>Hospital:</strong> Dean-Hawkins</li>
  <li><strong>Insurance Provider:</strong> e</li>
  <li><strong>Billing Amount:</strong> 10662</li>
  <li><strong>Room Number:</strong> 120</li>
  <li><strong>Admission Type:</strong> b</li>
  <li><strong>Discharge Date:</strong> 2022-11-25</li>
  <li><strong>Medication:</strong> c</li>
  <li><strong>Test Results:</strong> a</li>
</ul>
<h2>Respondent 57</h2>
<ul>
  <li><strong>Name:</strong> beThaNY MoOrE</li>
  <li><strong>Age:</strong> 55</li>
  <li><strong>Gender:</strong> a</li>
  <li><strong>Blood Type:</strong> a</li>
  <li><strong>Medical Condition:</strong> c</li>
  <li><strong>Date of Admission:</strong> 2023-04-09</li>
  <li><strong>Doctor:</strong> Penny Pruitt</li>
  <li><strong>Hospital:</strong> and Montes Graves, Thomas</li>
  <li><strong>Insurance Provider:</strong> c</li>
  <li><strong>Billing Amount:</strong> 10301</li>
  <li><strong>Room Number:</strong> 330</li>
  <li><strong>Admission Type:</strong> b</li>
  <li><strong>Discharge Date:</strong> 2023-04-21</li>
  <li><strong>Medication:</strong> d</li>
  <li><strong>Test Results:</strong> c</li>
</ul>
</body>
</html>

You are a meticulous data analyst AI. Your primary function is to accurately analyze structured data and provide precise, verifiable answers.

You will be given a dataset with two key parts:

A 'questions' section: This is your data dictionary or schema. It is the single source of truth for understanding what each field and score means. Refer to it carefully.

A 'responses' section: This contains the raw data from each individual respondent.

To answer the question correctly, you must first use the 'questions' schema to fully understand the context and meaning of the data points within the 'responses'. Do not rely on any prior knowledge outside of this provided data. Base your entire analysis on the information given.

Provide your final answer directly and concisely. Output must be the human-readable value, not an option code.

Rules:
- For MCQ fields, map any letter codes in the Responses (case-insensitive) to the corresponding option text from the Questions schema, and output only that text. Do NOT include the letter or both.
  Example: If the schema is ""[MCQ: A. Abnormal B. Inconclusive C. Normal]"" and the response is ""a"", output ""Abnormal"".
- For open-ended fields, output the exact text value.
- If the question asks for a count, provide only the number (e.g., ""42"").
- If the question asks for a list of names or IDs, provide a simple comma-separated list (e.g., ""17, 21, 23"").
- Preserve capitalization exactly as in the schema (e.g., output ""Abnormal"", not ""abnormal"" or ""A"").

Which respondent numbers have Medical Condition Cancer and Blood Type A+?",,
case_19,multi_hop_relational_inference,Which respondent numbers have Insurance Provider Blue Cross and Medication Lipitor?,"<!DOCTYPE html>
<html>
<head>
<title>Survey Data</title>
</head>
<body>
<h1>Questions</h1>
<ul>
  <li><strong>Name:</strong> What is your name? [Open-ended]</li>
  <li><strong>Age:</strong> What is your age? [Open-ended]</li>
  <li><strong>Gender:</strong> What is your gender? [MCQ: A. Female B. Male]</li>
  <li><strong>Blood Type:</strong> What is your blood type? [MCQ: A. A+ B. A- C. AB+ D. AB- E. B+ F. B- G. O+ H. O-]</li>
  <li><strong>Medical Condition:</strong> What is your medical condition? [MCQ: A. Arthritis B. Asthma C. Cancer D. Diabetes E. Hypertension F. Obesity]</li>
  <li><strong>Date of Admission:</strong> What is your date of admission? [Open-ended]</li>
  <li><strong>Doctor:</strong> What is your doctor? [Open-ended]</li>
  <li><strong>Hospital:</strong> What is your hospital? [Open-ended]</li>
  <li><strong>Insurance Provider:</strong> What is your insurance provider? [MCQ: A. Aetna B. Blue Cross C. Cigna D. Medicare E. UnitedHealthcare]</li>
  <li><strong>Billing Amount:</strong> What is your billing amount? [Open-ended]</li>
  <li><strong>Room Number:</strong> What is your room number? [Open-ended]</li>
  <li><strong>Admission Type:</strong> What is your admission type? [MCQ: A. Elective B. Emergency C. Urgent]</li>
  <li><strong>Discharge Date:</strong> What is your discharge date? [Open-ended]</li>
  <li><strong>Medication:</strong> What is your medication? [MCQ: A. Aspirin B. Ibuprofen C. Lipitor D. Paracetamol E. Penicillin]</li>
  <li><strong>Test Results:</strong> What is your test results? [MCQ: A. Abnormal B. Inconclusive C. Normal]</li>
</ul>
<h1>Responses</h1>
<h2>Respondent 35</h2>
<ul>
  <li><strong>Name:</strong> NicOlE RodriGUEz</li>
  <li><strong>Age:</strong> 30</li>
  <li><strong>Gender:</strong> a</li>
  <li><strong>Blood Type:</strong> c</li>
  <li><strong>Medical Condition:</strong> d</li>
  <li><strong>Date of Admission:</strong> 2020-01-17</li>
  <li><strong>Doctor:</strong> Lynn Young</li>
  <li><strong>Hospital:</strong> Poole Inc</li>
  <li><strong>Insurance Provider:</strong> b</li>
  <li><strong>Billing Amount:</strong> 8409</li>
  <li><strong>Room Number:</strong> 285</li>
  <li><strong>Admission Type:</strong> b</li>
  <li><strong>Discharge Date:</strong> 2020-02-10</li>
  <li><strong>Medication:</strong> c</li>
  <li><strong>Test Results:</strong> c</li>
</ul>
<h2>Respondent 44</h2>
<ul>
  <li><strong>Name:</strong> KAThEriNE SmiTH</li>
  <li><strong>Age:</strong> 26</li>
  <li><strong>Gender:</strong> a</li>
  <li><strong>Blood Type:</strong> c</li>
  <li><strong>Medical Condition:</strong> f</li>
  <li><strong>Date of Admission:</strong> 2021-06-09</li>
  <li><strong>Doctor:</strong> Mary Logan</li>
  <li><strong>Hospital:</strong> and Mcclure White Boone,</li>
  <li><strong>Insurance Provider:</strong> e</li>
  <li><strong>Billing Amount:</strong> 21784</li>
  <li><strong>Room Number:</strong> 410</li>
  <li><strong>Admission Type:</strong> c</li>
  <li><strong>Discharge Date:</strong> 2021-07-01</li>
  <li><strong>Medication:</strong> d</li>
  <li><strong>Test Results:</strong> c</li>
</ul>
<h2>Respondent 18</h2>
<ul>
  <li><strong>Name:</strong> mRS. jamiE cAMPBELl</li>
  <li><strong>Age:</strong> 38</li>
  <li><strong>Gender:</strong> b</li>
  <li><strong>Blood Type:</strong> d</li>
  <li><strong>Medical Condition:</strong> f</li>
  <li><strong>Date of Admission:</strong> 2020-03-08</li>
  <li><strong>Doctor:</strong> Justin Kim</li>
  <li><strong>Hospital:</strong> Torres, and Harrison Jones</li>
  <li><strong>Insurance Provider:</strong> c</li>
  <li><strong>Billing Amount:</strong> 17440</li>
  <li><strong>Room Number:</strong> 449</li>
  <li><strong>Admission Type:</strong> c</li>
  <li><strong>Discharge Date:</strong> 2020-04-02</li>
  <li><strong>Medication:</strong> d</li>
  <li><strong>Test Results:</strong> a</li>
</ul>
</body>
</html>",35,"Which respondent numbers have Gender Male and Medical Condition Cancer?

DATA:

<!DOCTYPE html>
<html>
<head>
<title>Survey Data</title>
</head>
<body>
<h1>Questions</h1>
<ul>
  <li><strong>Name:</strong> What is your name? [Open-ended]</li>
  <li><strong>Age:</strong> What is your age? [Open-ended]</li>
  <li><strong>Gender:</strong> What is your gender? [MCQ: A. Female B. Male]</li>
  <li><strong>Blood Type:</strong> What is your blood type? [MCQ: A. A+ B. A- C. AB+ D. AB- E. B+ F. B- G. O+ H. O-]</li>
  <li><strong>Medical Condition:</strong> What is your medical condition? [MCQ: A. Arthritis B. Asthma C. Cancer D. Diabetes E. Hypertension F. Obesity]</li>
  <li><strong>Date of Admission:</strong> What is your date of admission? [Open-ended]</li>
  <li><strong>Doctor:</strong> What is your doctor? [Open-ended]</li>
  <li><strong>Hospital:</strong> What is your hospital? [Open-ended]</li>
  <li><strong>Insurance Provider:</strong> What is your insurance provider? [MCQ: A. Aetna B. Blue Cross C. Cigna D. Medicare E. UnitedHealthcare]</li>
  <li><strong>Billing Amount:</strong> What is your billing amount? [Open-ended]</li>
  <li><strong>Room Number:</strong> What is your room number? [Open-ended]</li>
  <li><strong>Admission Type:</strong> What is your admission type? [MCQ: A. Elective B. Emergency C. Urgent]</li>
  <li><strong>Discharge Date:</strong> What is your discharge date? [Open-ended]</li>
  <li><strong>Medication:</strong> What is your medication? [MCQ: A. Aspirin B. Ibuprofen C. Lipitor D. Paracetamol E. Penicillin]</li>
  <li><strong>Test Results:</strong> What is your test results? [MCQ: A. Abnormal B. Inconclusive C. Normal]</li>
</ul>
<h1>Responses</h1>
<h2>Respondent 133</h2>
<ul>
  <li><strong>Name:</strong> ashLEy ERIcKSoN</li>
  <li><strong>Age:</strong> 32</li>
  <li><strong>Gender:</strong> a</li>
  <li><strong>Blood Type:</strong> d</li>
  <li><strong>Medical Condition:</strong> c</li>
  <li><strong>Date of Admission:</strong> 2019-11-05</li>
  <li><strong>Doctor:</strong> Gerald Hooper</li>
  <li><strong>Hospital:</strong> and Johnson Moore, Branch</li>
  <li><strong>Insurance Provider:</strong> a</li>
  <li><strong>Billing Amount:</strong> -503</li>
  <li><strong>Room Number:</strong> 376</li>
  <li><strong>Admission Type:</strong> c</li>
  <li><strong>Discharge Date:</strong> 2019-11-23</li>
  <li><strong>Medication:</strong> e</li>
  <li><strong>Test Results:</strong> c</li>
</ul>
<h2>Respondent 63</h2>
<ul>
  <li><strong>Name:</strong> tRAvIs carTeR</li>
  <li><strong>Age:</strong> 18</li>
  <li><strong>Gender:</strong> b</li>
  <li><strong>Blood Type:</strong> a</li>
  <li><strong>Medical Condition:</strong> c</li>
  <li><strong>Date of Admission:</strong> 2022-07-06</li>
  <li><strong>Doctor:</strong> Megan Hahn</li>
  <li><strong>Hospital:</strong> Moss and Ferguson, Baker</li>
  <li><strong>Insurance Provider:</strong> e</li>
  <li><strong>Billing Amount:</strong> 48407</li>
  <li><strong>Room Number:</strong> 325</li>
  <li><strong>Admission Type:</strong> b</li>
  <li><strong>Discharge Date:</strong> 2022-07-18</li>
  <li><strong>Medication:</strong> a</li>
  <li><strong>Test Results:</strong> c</li>
</ul>
<h2>Respondent 116</h2>
<ul>
  <li><strong>Name:</strong> reBEcCA PARsONs</li>
  <li><strong>Age:</strong> 37</li>
  <li><strong>Gender:</strong> a</li>
  <li><strong>Blood Type:</strong> g</li>
  <li><strong>Medical Condition:</strong> b</li>
  <li><strong>Date of Admission:</strong> 2019-12-02</li>
  <li><strong>Doctor:</strong> Steven Adams</li>
  <li><strong>Hospital:</strong> Group White</li>
  <li><strong>Insurance Provider:</strong> a</li>
  <li><strong>Billing Amount:</strong> 8521</li>
  <li><strong>Room Number:</strong> 476</li>
  <li><strong>Admission Type:</strong> a</li>
  <li><strong>Discharge Date:</strong> 2019-12-13</li>
  <li><strong>Medication:</strong> e</li>
  <li><strong>Test Results:</strong> a</li>
</ul>
</body>
</html>

Answer: 63

<!DOCTYPE html>
<html>
<head>
<title>Survey Data</title>
</head>
<body>
<h1>Questions</h1>
<ul>
  <li><strong>Name:</strong> What is your name? [Open-ended]</li>
  <li><strong>Age:</strong> What is your age? [Open-ended]</li>
  <li><strong>Gender:</strong> What is your gender? [MCQ: A. Female B. Male]</li>
  <li><strong>Blood Type:</strong> What is your blood type? [MCQ: A. A+ B. A- C. AB+ D. AB- E. B+ F. B- G. O+ H. O-]</li>
  <li><strong>Medical Condition:</strong> What is your medical condition? [MCQ: A. Arthritis B. Asthma C. Cancer D. Diabetes E. Hypertension F. Obesity]</li>
  <li><strong>Date of Admission:</strong> What is your date of admission? [Open-ended]</li>
  <li><strong>Doctor:</strong> What is your doctor? [Open-ended]</li>
  <li><strong>Hospital:</strong> What is your hospital? [Open-ended]</li>
  <li><strong>Insurance Provider:</strong> What is your insurance provider? [MCQ: A. Aetna B. Blue Cross C. Cigna D. Medicare E. UnitedHealthcare]</li>
  <li><strong>Billing Amount:</strong> What is your billing amount? [Open-ended]</li>
  <li><strong>Room Number:</strong> What is your room number? [Open-ended]</li>
  <li><strong>Admission Type:</strong> What is your admission type? [MCQ: A. Elective B. Emergency C. Urgent]</li>
  <li><strong>Discharge Date:</strong> What is your discharge date? [Open-ended]</li>
  <li><strong>Medication:</strong> What is your medication? [MCQ: A. Aspirin B. Ibuprofen C. Lipitor D. Paracetamol E. Penicillin]</li>
  <li><strong>Test Results:</strong> What is your test results? [MCQ: A. Abnormal B. Inconclusive C. Normal]</li>
</ul>
<h1>Responses</h1>
<h2>Respondent 35</h2>
<ul>
  <li><strong>Name:</strong> NicOlE RodriGUEz</li>
  <li><strong>Age:</strong> 30</li>
  <li><strong>Gender:</strong> a</li>
  <li><strong>Blood Type:</strong> c</li>
  <li><strong>Medical Condition:</strong> d</li>
  <li><strong>Date of Admission:</strong> 2020-01-17</li>
  <li><strong>Doctor:</strong> Lynn Young</li>
  <li><strong>Hospital:</strong> Poole Inc</li>
  <li><strong>Insurance Provider:</strong> b</li>
  <li><strong>Billing Amount:</strong> 8409</li>
  <li><strong>Room Number:</strong> 285</li>
  <li><strong>Admission Type:</strong> b</li>
  <li><strong>Discharge Date:</strong> 2020-02-10</li>
  <li><strong>Medication:</strong> c</li>
  <li><strong>Test Results:</strong> c</li>
</ul>
<h2>Respondent 44</h2>
<ul>
  <li><strong>Name:</strong> KAThEriNE SmiTH</li>
  <li><strong>Age:</strong> 26</li>
  <li><strong>Gender:</strong> a</li>
  <li><strong>Blood Type:</strong> c</li>
  <li><strong>Medical Condition:</strong> f</li>
  <li><strong>Date of Admission:</strong> 2021-06-09</li>
  <li><strong>Doctor:</strong> Mary Logan</li>
  <li><strong>Hospital:</strong> and Mcclure White Boone,</li>
  <li><strong>Insurance Provider:</strong> e</li>
  <li><strong>Billing Amount:</strong> 21784</li>
  <li><strong>Room Number:</strong> 410</li>
  <li><strong>Admission Type:</strong> c</li>
  <li><strong>Discharge Date:</strong> 2021-07-01</li>
  <li><strong>Medication:</strong> d</li>
  <li><strong>Test Results:</strong> c</li>
</ul>
<h2>Respondent 18</h2>
<ul>
  <li><strong>Name:</strong> mRS. jamiE cAMPBELl</li>
  <li><strong>Age:</strong> 38</li>
  <li><strong>Gender:</strong> b</li>
  <li><strong>Blood Type:</strong> d</li>
  <li><strong>Medical Condition:</strong> f</li>
  <li><strong>Date of Admission:</strong> 2020-03-08</li>
  <li><strong>Doctor:</strong> Justin Kim</li>
  <li><strong>Hospital:</strong> Torres, and Harrison Jones</li>
  <li><strong>Insurance Provider:</strong> c</li>
  <li><strong>Billing Amount:</strong> 17440</li>
  <li><strong>Room Number:</strong> 449</li>
  <li><strong>Admission Type:</strong> c</li>
  <li><strong>Discharge Date:</strong> 2020-04-02</li>
  <li><strong>Medication:</strong> d</li>
  <li><strong>Test Results:</strong> a</li>
</ul>
</body>
</html>

You are a meticulous data analyst AI. Your primary function is to accurately analyze structured data and provide precise, verifiable answers.

You will be given a dataset with two key parts:

A 'questions' section: This is your data dictionary or schema. It is the single source of truth for understanding what each field and score means. Refer to it carefully.

A 'responses' section: This contains the raw data from each individual respondent.

To answer the question correctly, you must first use the 'questions' schema to fully understand the context and meaning of the data points within the 'responses'. Do not rely on any prior knowledge outside of this provided data. Base your entire analysis on the information given.

Provide your final answer directly and concisely. Output must be the human-readable value, not an option code.

Rules:
- For MCQ fields, map any letter codes in the Responses (case-insensitive) to the corresponding option text from the Questions schema, and output only that text. Do NOT include the letter or both.
  Example: If the schema is ""[MCQ: A. Abnormal B. Inconclusive C. Normal]"" and the response is ""a"", output ""Abnormal"".
- For open-ended fields, output the exact text value.
- If the question asks for a count, provide only the number (e.g., ""42"").
- If the question asks for a list of names or IDs, provide a simple comma-separated list (e.g., ""17, 21, 23"").
- Preserve capitalization exactly as in the schema (e.g., output ""Abnormal"", not ""abnormal"" or ""A"").

Which respondent numbers have Insurance Provider Blue Cross and Medication Lipitor?",,
case_20,multi_hop_relational_inference,Which respondent numbers have Blood Type B- and Medical Condition Asthma?,"<!DOCTYPE html>
<html>
<head>
<title>Survey Data</title>
</head>
<body>
<h1>Questions</h1>
<ul>
  <li><strong>Name:</strong> What is your name? [Open-ended]</li>
  <li><strong>Age:</strong> What is your age? [Open-ended]</li>
  <li><strong>Gender:</strong> What is your gender? [MCQ: A. Female B. Male]</li>
  <li><strong>Blood Type:</strong> What is your blood type? [MCQ: A. A+ B. A- C. AB+ D. AB- E. B+ F. B- G. O+ H. O-]</li>
  <li><strong>Medical Condition:</strong> What is your medical condition? [MCQ: A. Arthritis B. Asthma C. Cancer D. Diabetes E. Hypertension F. Obesity]</li>
  <li><strong>Date of Admission:</strong> What is your date of admission? [Open-ended]</li>
  <li><strong>Doctor:</strong> What is your doctor? [Open-ended]</li>
  <li><strong>Hospital:</strong> What is your hospital? [Open-ended]</li>
  <li><strong>Insurance Provider:</strong> What is your insurance provider? [MCQ: A. Aetna B. Blue Cross C. Cigna D. Medicare E. UnitedHealthcare]</li>
  <li><strong>Billing Amount:</strong> What is your billing amount? [Open-ended]</li>
  <li><strong>Room Number:</strong> What is your room number? [Open-ended]</li>
  <li><strong>Admission Type:</strong> What is your admission type? [MCQ: A. Elective B. Emergency C. Urgent]</li>
  <li><strong>Discharge Date:</strong> What is your discharge date? [Open-ended]</li>
  <li><strong>Medication:</strong> What is your medication? [MCQ: A. Aspirin B. Ibuprofen C. Lipitor D. Paracetamol E. Penicillin]</li>
  <li><strong>Test Results:</strong> What is your test results? [MCQ: A. Abnormal B. Inconclusive C. Normal]</li>
</ul>
<h1>Responses</h1>
<h2>Respondent 85</h2>
<ul>
  <li><strong>Name:</strong> cindY OROzco</li>
  <li><strong>Age:</strong> 26</li>
  <li><strong>Gender:</strong> a</li>
  <li><strong>Blood Type:</strong> f</li>
  <li><strong>Medical Condition:</strong> b</li>
  <li><strong>Date of Admission:</strong> 2023-05-12</li>
  <li><strong>Doctor:</strong> Julie Finley</li>
  <li><strong>Hospital:</strong> Kemp LLC</li>
  <li><strong>Insurance Provider:</strong> d</li>
  <li><strong>Billing Amount:</strong> 10284</li>
  <li><strong>Room Number:</strong> 273</li>
  <li><strong>Admission Type:</strong> b</li>
  <li><strong>Discharge Date:</strong> 2023-06-10</li>
  <li><strong>Medication:</strong> b</li>
  <li><strong>Test Results:</strong> a</li>
</ul>
<h2>Respondent 38</h2>
<ul>
  <li><strong>Name:</strong> CasSAndrA Robinson</li>
  <li><strong>Age:</strong> 26</li>
  <li><strong>Gender:</strong> a</li>
  <li><strong>Blood Type:</strong> f</li>
  <li><strong>Medical Condition:</strong> e</li>
  <li><strong>Date of Admission:</strong> 2021-12-19</li>
  <li><strong>Doctor:</strong> Travis Parsons</li>
  <li><strong>Hospital:</strong> Espinoza-Stone</li>
  <li><strong>Insurance Provider:</strong> a</li>
  <li><strong>Billing Amount:</strong> 9380</li>
  <li><strong>Room Number:</strong> 212</li>
  <li><strong>Admission Type:</strong> c</li>
  <li><strong>Discharge Date:</strong> 2022-01-16</li>
  <li><strong>Medication:</strong> b</li>
  <li><strong>Test Results:</strong> c</li>
</ul>
<h2>Respondent 91</h2>
<ul>
  <li><strong>Name:</strong> TInA GriFfin</li>
  <li><strong>Age:</strong> 49</li>
  <li><strong>Gender:</strong> b</li>
  <li><strong>Blood Type:</strong> e</li>
  <li><strong>Medical Condition:</strong> c</li>
  <li><strong>Date of Admission:</strong> 2022-06-17</li>
  <li><strong>Doctor:</strong> Jessica Cruz</li>
  <li><strong>Hospital:</strong> Inc Ford</li>
  <li><strong>Insurance Provider:</strong> d</li>
  <li><strong>Billing Amount:</strong> 25302</li>
  <li><strong>Room Number:</strong> 268</li>
  <li><strong>Admission Type:</strong> a</li>
  <li><strong>Discharge Date:</strong> 2022-06-28</li>
  <li><strong>Medication:</strong> e</li>
  <li><strong>Test Results:</strong> a</li>
</ul>
</body>
</html>",85,"Which respondent numbers have Gender Male and Medical Condition Cancer?

DATA:

<!DOCTYPE html>
<html>
<head>
<title>Survey Data</title>
</head>
<body>
<h1>Questions</h1>
<ul>
  <li><strong>Name:</strong> What is your name? [Open-ended]</li>
  <li><strong>Age:</strong> What is your age? [Open-ended]</li>
  <li><strong>Gender:</strong> What is your gender? [MCQ: A. Female B. Male]</li>
  <li><strong>Blood Type:</strong> What is your blood type? [MCQ: A. A+ B. A- C. AB+ D. AB- E. B+ F. B- G. O+ H. O-]</li>
  <li><strong>Medical Condition:</strong> What is your medical condition? [MCQ: A. Arthritis B. Asthma C. Cancer D. Diabetes E. Hypertension F. Obesity]</li>
  <li><strong>Date of Admission:</strong> What is your date of admission? [Open-ended]</li>
  <li><strong>Doctor:</strong> What is your doctor? [Open-ended]</li>
  <li><strong>Hospital:</strong> What is your hospital? [Open-ended]</li>
  <li><strong>Insurance Provider:</strong> What is your insurance provider? [MCQ: A. Aetna B. Blue Cross C. Cigna D. Medicare E. UnitedHealthcare]</li>
  <li><strong>Billing Amount:</strong> What is your billing amount? [Open-ended]</li>
  <li><strong>Room Number:</strong> What is your room number? [Open-ended]</li>
  <li><strong>Admission Type:</strong> What is your admission type? [MCQ: A. Elective B. Emergency C. Urgent]</li>
  <li><strong>Discharge Date:</strong> What is your discharge date? [Open-ended]</li>
  <li><strong>Medication:</strong> What is your medication? [MCQ: A. Aspirin B. Ibuprofen C. Lipitor D. Paracetamol E. Penicillin]</li>
  <li><strong>Test Results:</strong> What is your test results? [MCQ: A. Abnormal B. Inconclusive C. Normal]</li>
</ul>
<h1>Responses</h1>
<h2>Respondent 133</h2>
<ul>
  <li><strong>Name:</strong> ashLEy ERIcKSoN</li>
  <li><strong>Age:</strong> 32</li>
  <li><strong>Gender:</strong> a</li>
  <li><strong>Blood Type:</strong> d</li>
  <li><strong>Medical Condition:</strong> c</li>
  <li><strong>Date of Admission:</strong> 2019-11-05</li>
  <li><strong>Doctor:</strong> Gerald Hooper</li>
  <li><strong>Hospital:</strong> and Johnson Moore, Branch</li>
  <li><strong>Insurance Provider:</strong> a</li>
  <li><strong>Billing Amount:</strong> -503</li>
  <li><strong>Room Number:</strong> 376</li>
  <li><strong>Admission Type:</strong> c</li>
  <li><strong>Discharge Date:</strong> 2019-11-23</li>
  <li><strong>Medication:</strong> e</li>
  <li><strong>Test Results:</strong> c</li>
</ul>
<h2>Respondent 63</h2>
<ul>
  <li><strong>Name:</strong> tRAvIs carTeR</li>
  <li><strong>Age:</strong> 18</li>
  <li><strong>Gender:</strong> b</li>
  <li><strong>Blood Type:</strong> a</li>
  <li><strong>Medical Condition:</strong> c</li>
  <li><strong>Date of Admission:</strong> 2022-07-06</li>
  <li><strong>Doctor:</strong> Megan Hahn</li>
  <li><strong>Hospital:</strong> Moss and Ferguson, Baker</li>
  <li><strong>Insurance Provider:</strong> e</li>
  <li><strong>Billing Amount:</strong> 48407</li>
  <li><strong>Room Number:</strong> 325</li>
  <li><strong>Admission Type:</strong> b</li>
  <li><strong>Discharge Date:</strong> 2022-07-18</li>
  <li><strong>Medication:</strong> a</li>
  <li><strong>Test Results:</strong> c</li>
</ul>
<h2>Respondent 116</h2>
<ul>
  <li><strong>Name:</strong> reBEcCA PARsONs</li>
  <li><strong>Age:</strong> 37</li>
  <li><strong>Gender:</strong> a</li>
  <li><strong>Blood Type:</strong> g</li>
  <li><strong>Medical Condition:</strong> b</li>
  <li><strong>Date of Admission:</strong> 2019-12-02</li>
  <li><strong>Doctor:</strong> Steven Adams</li>
  <li><strong>Hospital:</strong> Group White</li>
  <li><strong>Insurance Provider:</strong> a</li>
  <li><strong>Billing Amount:</strong> 8521</li>
  <li><strong>Room Number:</strong> 476</li>
  <li><strong>Admission Type:</strong> a</li>
  <li><strong>Discharge Date:</strong> 2019-12-13</li>
  <li><strong>Medication:</strong> e</li>
  <li><strong>Test Results:</strong> a</li>
</ul>
</body>
</html>

Answer: 63

<!DOCTYPE html>
<html>
<head>
<title>Survey Data</title>
</head>
<body>
<h1>Questions</h1>
<ul>
  <li><strong>Name:</strong> What is your name? [Open-ended]</li>
  <li><strong>Age:</strong> What is your age? [Open-ended]</li>
  <li><strong>Gender:</strong> What is your gender? [MCQ: A. Female B. Male]</li>
  <li><strong>Blood Type:</strong> What is your blood type? [MCQ: A. A+ B. A- C. AB+ D. AB- E. B+ F. B- G. O+ H. O-]</li>
  <li><strong>Medical Condition:</strong> What is your medical condition? [MCQ: A. Arthritis B. Asthma C. Cancer D. Diabetes E. Hypertension F. Obesity]</li>
  <li><strong>Date of Admission:</strong> What is your date of admission? [Open-ended]</li>
  <li><strong>Doctor:</strong> What is your doctor? [Open-ended]</li>
  <li><strong>Hospital:</strong> What is your hospital? [Open-ended]</li>
  <li><strong>Insurance Provider:</strong> What is your insurance provider? [MCQ: A. Aetna B. Blue Cross C. Cigna D. Medicare E. UnitedHealthcare]</li>
  <li><strong>Billing Amount:</strong> What is your billing amount? [Open-ended]</li>
  <li><strong>Room Number:</strong> What is your room number? [Open-ended]</li>
  <li><strong>Admission Type:</strong> What is your admission type? [MCQ: A. Elective B. Emergency C. Urgent]</li>
  <li><strong>Discharge Date:</strong> What is your discharge date? [Open-ended]</li>
  <li><strong>Medication:</strong> What is your medication? [MCQ: A. Aspirin B. Ibuprofen C. Lipitor D. Paracetamol E. Penicillin]</li>
  <li><strong>Test Results:</strong> What is your test results? [MCQ: A. Abnormal B. Inconclusive C. Normal]</li>
</ul>
<h1>Responses</h1>
<h2>Respondent 85</h2>
<ul>
  <li><strong>Name:</strong> cindY OROzco</li>
  <li><strong>Age:</strong> 26</li>
  <li><strong>Gender:</strong> a</li>
  <li><strong>Blood Type:</strong> f</li>
  <li><strong>Medical Condition:</strong> b</li>
  <li><strong>Date of Admission:</strong> 2023-05-12</li>
  <li><strong>Doctor:</strong> Julie Finley</li>
  <li><strong>Hospital:</strong> Kemp LLC</li>
  <li><strong>Insurance Provider:</strong> d</li>
  <li><strong>Billing Amount:</strong> 10284</li>
  <li><strong>Room Number:</strong> 273</li>
  <li><strong>Admission Type:</strong> b</li>
  <li><strong>Discharge Date:</strong> 2023-06-10</li>
  <li><strong>Medication:</strong> b</li>
  <li><strong>Test Results:</strong> a</li>
</ul>
<h2>Respondent 38</h2>
<ul>
  <li><strong>Name:</strong> CasSAndrA Robinson</li>
  <li><strong>Age:</strong> 26</li>
  <li><strong>Gender:</strong> a</li>
  <li><strong>Blood Type:</strong> f</li>
  <li><strong>Medical Condition:</strong> e</li>
  <li><strong>Date of Admission:</strong> 2021-12-19</li>
  <li><strong>Doctor:</strong> Travis Parsons</li>
  <li><strong>Hospital:</strong> Espinoza-Stone</li>
  <li><strong>Insurance Provider:</strong> a</li>
  <li><strong>Billing Amount:</strong> 9380</li>
  <li><strong>Room Number:</strong> 212</li>
  <li><strong>Admission Type:</strong> c</li>
  <li><strong>Discharge Date:</strong> 2022-01-16</li>
  <li><strong>Medication:</strong> b</li>
  <li><strong>Test Results:</strong> c</li>
</ul>
<h2>Respondent 91</h2>
<ul>
  <li><strong>Name:</strong> TInA GriFfin</li>
  <li><strong>Age:</strong> 49</li>
  <li><strong>Gender:</strong> b</li>
  <li><strong>Blood Type:</strong> e</li>
  <li><strong>Medical Condition:</strong> c</li>
  <li><strong>Date of Admission:</strong> 2022-06-17</li>
  <li><strong>Doctor:</strong> Jessica Cruz</li>
  <li><strong>Hospital:</strong> Inc Ford</li>
  <li><strong>Insurance Provider:</strong> d</li>
  <li><strong>Billing Amount:</strong> 25302</li>
  <li><strong>Room Number:</strong> 268</li>
  <li><strong>Admission Type:</strong> a</li>
  <li><strong>Discharge Date:</strong> 2022-06-28</li>
  <li><strong>Medication:</strong> e</li>
  <li><strong>Test Results:</strong> a</li>
</ul>
</body>
</html>

You are a meticulous data analyst AI. Your primary function is to accurately analyze structured data and provide precise, verifiable answers.

You will be given a dataset with two key parts:

A 'questions' section: This is your data dictionary or schema. It is the single source of truth for understanding what each field and score means. Refer to it carefully.

A 'responses' section: This contains the raw data from each individual respondent.

To answer the question correctly, you must first use the 'questions' schema to fully understand the context and meaning of the data points within the 'responses'. Do not rely on any prior knowledge outside of this provided data. Base your entire analysis on the information given.

Provide your final answer directly and concisely. Output must be the human-readable value, not an option code.

Rules:
- For MCQ fields, map any letter codes in the Responses (case-insensitive) to the corresponding option text from the Questions schema, and output only that text. Do NOT include the letter or both.
  Example: If the schema is ""[MCQ: A. Abnormal B. Inconclusive C. Normal]"" and the response is ""a"", output ""Abnormal"".
- For open-ended fields, output the exact text value.
- If the question asks for a count, provide only the number (e.g., ""42"").
- If the question asks for a list of names or IDs, provide a simple comma-separated list (e.g., ""17, 21, 23"").
- Preserve capitalization exactly as in the schema (e.g., output ""Abnormal"", not ""abnormal"" or ""A"").

Which respondent numbers have Blood Type B- and Medical Condition Asthma?",,
case_21,multi_hop_relational_inference,Which respondent numbers have Medication Aspirin and Gender Male?,"<!DOCTYPE html>
<html>
<head>
<title>Survey Data</title>
</head>
<body>
<h1>Questions</h1>
<ul>
  <li><strong>Name:</strong> What is your name? [Open-ended]</li>
  <li><strong>Age:</strong> What is your age? [Open-ended]</li>
  <li><strong>Gender:</strong> What is your gender? [MCQ: A. Female B. Male]</li>
  <li><strong>Blood Type:</strong> What is your blood type? [MCQ: A. A+ B. A- C. AB+ D. AB- E. B+ F. B- G. O+ H. O-]</li>
  <li><strong>Medical Condition:</strong> What is your medical condition? [MCQ: A. Arthritis B. Asthma C. Cancer D. Diabetes E. Hypertension F. Obesity]</li>
  <li><strong>Date of Admission:</strong> What is your date of admission? [Open-ended]</li>
  <li><strong>Doctor:</strong> What is your doctor? [Open-ended]</li>
  <li><strong>Hospital:</strong> What is your hospital? [Open-ended]</li>
  <li><strong>Insurance Provider:</strong> What is your insurance provider? [MCQ: A. Aetna B. Blue Cross C. Cigna D. Medicare E. UnitedHealthcare]</li>
  <li><strong>Billing Amount:</strong> What is your billing amount? [Open-ended]</li>
  <li><strong>Room Number:</strong> What is your room number? [Open-ended]</li>
  <li><strong>Admission Type:</strong> What is your admission type? [MCQ: A. Elective B. Emergency C. Urgent]</li>
  <li><strong>Discharge Date:</strong> What is your discharge date? [Open-ended]</li>
  <li><strong>Medication:</strong> What is your medication? [MCQ: A. Aspirin B. Ibuprofen C. Lipitor D. Paracetamol E. Penicillin]</li>
  <li><strong>Test Results:</strong> What is your test results? [MCQ: A. Abnormal B. Inconclusive C. Normal]</li>
</ul>
<h1>Responses</h1>
<h2>Respondent 112</h2>
<ul>
  <li><strong>Name:</strong> MARK priCE</li>
  <li><strong>Age:</strong> 18</li>
  <li><strong>Gender:</strong> b</li>
  <li><strong>Blood Type:</strong> f</li>
  <li><strong>Medical Condition:</strong> a</li>
  <li><strong>Date of Admission:</strong> 2022-09-22</li>
  <li><strong>Doctor:</strong> Krystal Fox</li>
  <li><strong>Hospital:</strong> Hall Roberts and Duarte,</li>
  <li><strong>Insurance Provider:</strong> d</li>
  <li><strong>Billing Amount:</strong> 31486</li>
  <li><strong>Room Number:</strong> 440</li>
  <li><strong>Admission Type:</strong> b</li>
  <li><strong>Discharge Date:</strong> 2022-10-14</li>
  <li><strong>Medication:</strong> b</li>
  <li><strong>Test Results:</strong> c</li>
</ul>
<h2>Respondent 89</h2>
<ul>
  <li><strong>Name:</strong> wILLIAM hIlL</li>
  <li><strong>Age:</strong> 38</li>
  <li><strong>Gender:</strong> a</li>
  <li><strong>Blood Type:</strong> a</li>
  <li><strong>Medical Condition:</strong> c</li>
  <li><strong>Date of Admission:</strong> 2023-05-16</li>
  <li><strong>Doctor:</strong> Matthew Walker</li>
  <li><strong>Hospital:</strong> Lindsey Inc</li>
  <li><strong>Insurance Provider:</strong> c</li>
  <li><strong>Billing Amount:</strong> 39477</li>
  <li><strong>Room Number:</strong> 428</li>
  <li><strong>Admission Type:</strong> a</li>
  <li><strong>Discharge Date:</strong> 2023-06-01</li>
  <li><strong>Medication:</strong> a</li>
  <li><strong>Test Results:</strong> a</li>
</ul>
<h2>Respondent 65</h2>
<ul>
  <li><strong>Name:</strong> Nancy glOVeR</li>
  <li><strong>Age:</strong> 58</li>
  <li><strong>Gender:</strong> b</li>
  <li><strong>Blood Type:</strong> b</li>
  <li><strong>Medical Condition:</strong> e</li>
  <li><strong>Date of Admission:</strong> 2020-05-08</li>
  <li><strong>Doctor:</strong> Jennifer Larson</li>
  <li><strong>Hospital:</strong> Khan, and Rodriguez Fischer</li>
  <li><strong>Insurance Provider:</strong> d</li>
  <li><strong>Billing Amount:</strong> 19183</li>
  <li><strong>Room Number:</strong> 378</li>
  <li><strong>Admission Type:</strong> b</li>
  <li><strong>Discharge Date:</strong> 2020-06-01</li>
  <li><strong>Medication:</strong> a</li>
  <li><strong>Test Results:</strong> a</li>
</ul>
</body>
</html>",65,"Which respondent numbers have Gender Male and Medical Condition Cancer?

DATA:

<!DOCTYPE html>
<html>
<head>
<title>Survey Data</title>
</head>
<body>
<h1>Questions</h1>
<ul>
  <li><strong>Name:</strong> What is your name? [Open-ended]</li>
  <li><strong>Age:</strong> What is your age? [Open-ended]</li>
  <li><strong>Gender:</strong> What is your gender? [MCQ: A. Female B. Male]</li>
  <li><strong>Blood Type:</strong> What is your blood type? [MCQ: A. A+ B. A- C. AB+ D. AB- E. B+ F. B- G. O+ H. O-]</li>
  <li><strong>Medical Condition:</strong> What is your medical condition? [MCQ: A. Arthritis B. Asthma C. Cancer D. Diabetes E. Hypertension F. Obesity]</li>
  <li><strong>Date of Admission:</strong> What is your date of admission? [Open-ended]</li>
  <li><strong>Doctor:</strong> What is your doctor? [Open-ended]</li>
  <li><strong>Hospital:</strong> What is your hospital? [Open-ended]</li>
  <li><strong>Insurance Provider:</strong> What is your insurance provider? [MCQ: A. Aetna B. Blue Cross C. Cigna D. Medicare E. UnitedHealthcare]</li>
  <li><strong>Billing Amount:</strong> What is your billing amount? [Open-ended]</li>
  <li><strong>Room Number:</strong> What is your room number? [Open-ended]</li>
  <li><strong>Admission Type:</strong> What is your admission type? [MCQ: A. Elective B. Emergency C. Urgent]</li>
  <li><strong>Discharge Date:</strong> What is your discharge date? [Open-ended]</li>
  <li><strong>Medication:</strong> What is your medication? [MCQ: A. Aspirin B. Ibuprofen C. Lipitor D. Paracetamol E. Penicillin]</li>
  <li><strong>Test Results:</strong> What is your test results? [MCQ: A. Abnormal B. Inconclusive C. Normal]</li>
</ul>
<h1>Responses</h1>
<h2>Respondent 133</h2>
<ul>
  <li><strong>Name:</strong> ashLEy ERIcKSoN</li>
  <li><strong>Age:</strong> 32</li>
  <li><strong>Gender:</strong> a</li>
  <li><strong>Blood Type:</strong> d</li>
  <li><strong>Medical Condition:</strong> c</li>
  <li><strong>Date of Admission:</strong> 2019-11-05</li>
  <li><strong>Doctor:</strong> Gerald Hooper</li>
  <li><strong>Hospital:</strong> and Johnson Moore, Branch</li>
  <li><strong>Insurance Provider:</strong> a</li>
  <li><strong>Billing Amount:</strong> -503</li>
  <li><strong>Room Number:</strong> 376</li>
  <li><strong>Admission Type:</strong> c</li>
  <li><strong>Discharge Date:</strong> 2019-11-23</li>
  <li><strong>Medication:</strong> e</li>
  <li><strong>Test Results:</strong> c</li>
</ul>
<h2>Respondent 63</h2>
<ul>
  <li><strong>Name:</strong> tRAvIs carTeR</li>
  <li><strong>Age:</strong> 18</li>
  <li><strong>Gender:</strong> b</li>
  <li><strong>Blood Type:</strong> a</li>
  <li><strong>Medical Condition:</strong> c</li>
  <li><strong>Date of Admission:</strong> 2022-07-06</li>
  <li><strong>Doctor:</strong> Megan Hahn</li>
  <li><strong>Hospital:</strong> Moss and Ferguson, Baker</li>
  <li><strong>Insurance Provider:</strong> e</li>
  <li><strong>Billing Amount:</strong> 48407</li>
  <li><strong>Room Number:</strong> 325</li>
  <li><strong>Admission Type:</strong> b</li>
  <li><strong>Discharge Date:</strong> 2022-07-18</li>
  <li><strong>Medication:</strong> a</li>
  <li><strong>Test Results:</strong> c</li>
</ul>
<h2>Respondent 116</h2>
<ul>
  <li><strong>Name:</strong> reBEcCA PARsONs</li>
  <li><strong>Age:</strong> 37</li>
  <li><strong>Gender:</strong> a</li>
  <li><strong>Blood Type:</strong> g</li>
  <li><strong>Medical Condition:</strong> b</li>
  <li><strong>Date of Admission:</strong> 2019-12-02</li>
  <li><strong>Doctor:</strong> Steven Adams</li>
  <li><strong>Hospital:</strong> Group White</li>
  <li><strong>Insurance Provider:</strong> a</li>
  <li><strong>Billing Amount:</strong> 8521</li>
  <li><strong>Room Number:</strong> 476</li>
  <li><strong>Admission Type:</strong> a</li>
  <li><strong>Discharge Date:</strong> 2019-12-13</li>
  <li><strong>Medication:</strong> e</li>
  <li><strong>Test Results:</strong> a</li>
</ul>
</body>
</html>

Answer: 63

<!DOCTYPE html>
<html>
<head>
<title>Survey Data</title>
</head>
<body>
<h1>Questions</h1>
<ul>
  <li><strong>Name:</strong> What is your name? [Open-ended]</li>
  <li><strong>Age:</strong> What is your age? [Open-ended]</li>
  <li><strong>Gender:</strong> What is your gender? [MCQ: A. Female B. Male]</li>
  <li><strong>Blood Type:</strong> What is your blood type? [MCQ: A. A+ B. A- C. AB+ D. AB- E. B+ F. B- G. O+ H. O-]</li>
  <li><strong>Medical Condition:</strong> What is your medical condition? [MCQ: A. Arthritis B. Asthma C. Cancer D. Diabetes E. Hypertension F. Obesity]</li>
  <li><strong>Date of Admission:</strong> What is your date of admission? [Open-ended]</li>
  <li><strong>Doctor:</strong> What is your doctor? [Open-ended]</li>
  <li><strong>Hospital:</strong> What is your hospital? [Open-ended]</li>
  <li><strong>Insurance Provider:</strong> What is your insurance provider? [MCQ: A. Aetna B. Blue Cross C. Cigna D. Medicare E. UnitedHealthcare]</li>
  <li><strong>Billing Amount:</strong> What is your billing amount? [Open-ended]</li>
  <li><strong>Room Number:</strong> What is your room number? [Open-ended]</li>
  <li><strong>Admission Type:</strong> What is your admission type? [MCQ: A. Elective B. Emergency C. Urgent]</li>
  <li><strong>Discharge Date:</strong> What is your discharge date? [Open-ended]</li>
  <li><strong>Medication:</strong> What is your medication? [MCQ: A. Aspirin B. Ibuprofen C. Lipitor D. Paracetamol E. Penicillin]</li>
  <li><strong>Test Results:</strong> What is your test results? [MCQ: A. Abnormal B. Inconclusive C. Normal]</li>
</ul>
<h1>Responses</h1>
<h2>Respondent 112</h2>
<ul>
  <li><strong>Name:</strong> MARK priCE</li>
  <li><strong>Age:</strong> 18</li>
  <li><strong>Gender:</strong> b</li>
  <li><strong>Blood Type:</strong> f</li>
  <li><strong>Medical Condition:</strong> a</li>
  <li><strong>Date of Admission:</strong> 2022-09-22</li>
  <li><strong>Doctor:</strong> Krystal Fox</li>
  <li><strong>Hospital:</strong> Hall Roberts and Duarte,</li>
  <li><strong>Insurance Provider:</strong> d</li>
  <li><strong>Billing Amount:</strong> 31486</li>
  <li><strong>Room Number:</strong> 440</li>
  <li><strong>Admission Type:</strong> b</li>
  <li><strong>Discharge Date:</strong> 2022-10-14</li>
  <li><strong>Medication:</strong> b</li>
  <li><strong>Test Results:</strong> c</li>
</ul>
<h2>Respondent 89</h2>
<ul>
  <li><strong>Name:</strong> wILLIAM hIlL</li>
  <li><strong>Age:</strong> 38</li>
  <li><strong>Gender:</strong> a</li>
  <li><strong>Blood Type:</strong> a</li>
  <li><strong>Medical Condition:</strong> c</li>
  <li><strong>Date of Admission:</strong> 2023-05-16</li>
  <li><strong>Doctor:</strong> Matthew Walker</li>
  <li><strong>Hospital:</strong> Lindsey Inc</li>
  <li><strong>Insurance Provider:</strong> c</li>
  <li><strong>Billing Amount:</strong> 39477</li>
  <li><strong>Room Number:</strong> 428</li>
  <li><strong>Admission Type:</strong> a</li>
  <li><strong>Discharge Date:</strong> 2023-06-01</li>
  <li><strong>Medication:</strong> a</li>
  <li><strong>Test Results:</strong> a</li>
</ul>
<h2>Respondent 65</h2>
<ul>
  <li><strong>Name:</strong> Nancy glOVeR</li>
  <li><strong>Age:</strong> 58</li>
  <li><strong>Gender:</strong> b</li>
  <li><strong>Blood Type:</strong> b</li>
  <li><strong>Medical Condition:</strong> e</li>
  <li><strong>Date of Admission:</strong> 2020-05-08</li>
  <li><strong>Doctor:</strong> Jennifer Larson</li>
  <li><strong>Hospital:</strong> Khan, and Rodriguez Fischer</li>
  <li><strong>Insurance Provider:</strong> d</li>
  <li><strong>Billing Amount:</strong> 19183</li>
  <li><strong>Room Number:</strong> 378</li>
  <li><strong>Admission Type:</strong> b</li>
  <li><strong>Discharge Date:</strong> 2020-06-01</li>
  <li><strong>Medication:</strong> a</li>
  <li><strong>Test Results:</strong> a</li>
</ul>
</body>
</html>

You are a meticulous data analyst AI. Your primary function is to accurately analyze structured data and provide precise, verifiable answers.

You will be given a dataset with two key parts:

A 'questions' section: This is your data dictionary or schema. It is the single source of truth for understanding what each field and score means. Refer to it carefully.

A 'responses' section: This contains the raw data from each individual respondent.

To answer the question correctly, you must first use the 'questions' schema to fully understand the context and meaning of the data points within the 'responses'. Do not rely on any prior knowledge outside of this provided data. Base your entire analysis on the information given.

Provide your final answer directly and concisely. Output must be the human-readable value, not an option code.

Rules:
- For MCQ fields, map any letter codes in the Responses (case-insensitive) to the corresponding option text from the Questions schema, and output only that text. Do NOT include the letter or both.
  Example: If the schema is ""[MCQ: A. Abnormal B. Inconclusive C. Normal]"" and the response is ""a"", output ""Abnormal"".
- For open-ended fields, output the exact text value.
- If the question asks for a count, provide only the number (e.g., ""42"").
- If the question asks for a list of names or IDs, provide a simple comma-separated list (e.g., ""17, 21, 23"").
- Preserve capitalization exactly as in the schema (e.g., output ""Abnormal"", not ""abnormal"" or ""A"").

Which respondent numbers have Medication Aspirin and Gender Male?",,
case_22,multi_hop_relational_inference,Which respondent numbers have Test Results Abnormal and Admission Type Urgent?,"<!DOCTYPE html>
<html>
<head>
<title>Survey Data</title>
</head>
<body>
<h1>Questions</h1>
<ul>
  <li><strong>Name:</strong> What is your name? [Open-ended]</li>
  <li><strong>Age:</strong> What is your age? [Open-ended]</li>
  <li><strong>Gender:</strong> What is your gender? [MCQ: A. Female B. Male]</li>
  <li><strong>Blood Type:</strong> What is your blood type? [MCQ: A. A+ B. A- C. AB+ D. AB- E. B+ F. B- G. O+ H. O-]</li>
  <li><strong>Medical Condition:</strong> What is your medical condition? [MCQ: A. Arthritis B. Asthma C. Cancer D. Diabetes E. Hypertension F. Obesity]</li>
  <li><strong>Date of Admission:</strong> What is your date of admission? [Open-ended]</li>
  <li><strong>Doctor:</strong> What is your doctor? [Open-ended]</li>
  <li><strong>Hospital:</strong> What is your hospital? [Open-ended]</li>
  <li><strong>Insurance Provider:</strong> What is your insurance provider? [MCQ: A. Aetna B. Blue Cross C. Cigna D. Medicare E. UnitedHealthcare]</li>
  <li><strong>Billing Amount:</strong> What is your billing amount? [Open-ended]</li>
  <li><strong>Room Number:</strong> What is your room number? [Open-ended]</li>
  <li><strong>Admission Type:</strong> What is your admission type? [MCQ: A. Elective B. Emergency C. Urgent]</li>
  <li><strong>Discharge Date:</strong> What is your discharge date? [Open-ended]</li>
  <li><strong>Medication:</strong> What is your medication? [MCQ: A. Aspirin B. Ibuprofen C. Lipitor D. Paracetamol E. Penicillin]</li>
  <li><strong>Test Results:</strong> What is your test results? [MCQ: A. Abnormal B. Inconclusive C. Normal]</li>
</ul>
<h1>Responses</h1>
<h2>Respondent 96</h2>
<ul>
  <li><strong>Name:</strong> cathERinE gArDnEr</li>
  <li><strong>Age:</strong> 79</li>
  <li><strong>Gender:</strong> a</li>
  <li><strong>Blood Type:</strong> b</li>
  <li><strong>Medical Condition:</strong> e</li>
  <li><strong>Date of Admission:</strong> 2019-08-19</li>
  <li><strong>Doctor:</strong> David Ruiz</li>
  <li><strong>Hospital:</strong> James Ltd</li>
  <li><strong>Insurance Provider:</strong> d</li>
  <li><strong>Billing Amount:</strong> 25504</li>
  <li><strong>Room Number:</strong> 144</li>
  <li><strong>Admission Type:</strong> a</li>
  <li><strong>Discharge Date:</strong> 2019-08-26</li>
  <li><strong>Medication:</strong> c</li>
  <li><strong>Test Results:</strong> a</li>
</ul>
<h2>Respondent 147</h2>
<ul>
  <li><strong>Name:</strong> aLExiS wilsOn</li>
  <li><strong>Age:</strong> 68</li>
  <li><strong>Gender:</strong> a</li>
  <li><strong>Blood Type:</strong> e</li>
  <li><strong>Medical Condition:</strong> a</li>
  <li><strong>Date of Admission:</strong> 2019-08-16</li>
  <li><strong>Doctor:</strong> Brian Walton</li>
  <li><strong>Hospital:</strong> Thomas-Kelley</li>
  <li><strong>Insurance Provider:</strong> a</li>
  <li><strong>Billing Amount:</strong> 2679</li>
  <li><strong>Room Number:</strong> 427</li>
  <li><strong>Admission Type:</strong> c</li>
  <li><strong>Discharge Date:</strong> 2019-08-21</li>
  <li><strong>Medication:</strong> d</li>
  <li><strong>Test Results:</strong> a</li>
</ul>
<h2>Respondent 108</h2>
<ul>
  <li><strong>Name:</strong> DAVid higgInS</li>
  <li><strong>Age:</strong> 49</li>
  <li><strong>Gender:</strong> a</li>
  <li><strong>Blood Type:</strong> f</li>
  <li><strong>Medical Condition:</strong> a</li>
  <li><strong>Date of Admission:</strong> 2021-03-05</li>
  <li><strong>Doctor:</strong> Erin Henderson MD</li>
  <li><strong>Hospital:</strong> Evans and Hall Schneider,</li>
  <li><strong>Insurance Provider:</strong> d</li>
  <li><strong>Billing Amount:</strong> 24948</li>
  <li><strong>Room Number:</strong> 361</li>
  <li><strong>Admission Type:</strong> b</li>
  <li><strong>Discharge Date:</strong> 2021-03-20</li>
  <li><strong>Medication:</strong> e</li>
  <li><strong>Test Results:</strong> a</li>
</ul>
</body>
</html>",147,"Which respondent numbers have Gender Male and Medical Condition Cancer?

DATA:

<!DOCTYPE html>
<html>
<head>
<title>Survey Data</title>
</head>
<body>
<h1>Questions</h1>
<ul>
  <li><strong>Name:</strong> What is your name? [Open-ended]</li>
  <li><strong>Age:</strong> What is your age? [Open-ended]</li>
  <li><strong>Gender:</strong> What is your gender? [MCQ: A. Female B. Male]</li>
  <li><strong>Blood Type:</strong> What is your blood type? [MCQ: A. A+ B. A- C. AB+ D. AB- E. B+ F. B- G. O+ H. O-]</li>
  <li><strong>Medical Condition:</strong> What is your medical condition? [MCQ: A. Arthritis B. Asthma C. Cancer D. Diabetes E. Hypertension F. Obesity]</li>
  <li><strong>Date of Admission:</strong> What is your date of admission? [Open-ended]</li>
  <li><strong>Doctor:</strong> What is your doctor? [Open-ended]</li>
  <li><strong>Hospital:</strong> What is your hospital? [Open-ended]</li>
  <li><strong>Insurance Provider:</strong> What is your insurance provider? [MCQ: A. Aetna B. Blue Cross C. Cigna D. Medicare E. UnitedHealthcare]</li>
  <li><strong>Billing Amount:</strong> What is your billing amount? [Open-ended]</li>
  <li><strong>Room Number:</strong> What is your room number? [Open-ended]</li>
  <li><strong>Admission Type:</strong> What is your admission type? [MCQ: A. Elective B. Emergency C. Urgent]</li>
  <li><strong>Discharge Date:</strong> What is your discharge date? [Open-ended]</li>
  <li><strong>Medication:</strong> What is your medication? [MCQ: A. Aspirin B. Ibuprofen C. Lipitor D. Paracetamol E. Penicillin]</li>
  <li><strong>Test Results:</strong> What is your test results? [MCQ: A. Abnormal B. Inconclusive C. Normal]</li>
</ul>
<h1>Responses</h1>
<h2>Respondent 133</h2>
<ul>
  <li><strong>Name:</strong> ashLEy ERIcKSoN</li>
  <li><strong>Age:</strong> 32</li>
  <li><strong>Gender:</strong> a</li>
  <li><strong>Blood Type:</strong> d</li>
  <li><strong>Medical Condition:</strong> c</li>
  <li><strong>Date of Admission:</strong> 2019-11-05</li>
  <li><strong>Doctor:</strong> Gerald Hooper</li>
  <li><strong>Hospital:</strong> and Johnson Moore, Branch</li>
  <li><strong>Insurance Provider:</strong> a</li>
  <li><strong>Billing Amount:</strong> -503</li>
  <li><strong>Room Number:</strong> 376</li>
  <li><strong>Admission Type:</strong> c</li>
  <li><strong>Discharge Date:</strong> 2019-11-23</li>
  <li><strong>Medication:</strong> e</li>
  <li><strong>Test Results:</strong> c</li>
</ul>
<h2>Respondent 63</h2>
<ul>
  <li><strong>Name:</strong> tRAvIs carTeR</li>
  <li><strong>Age:</strong> 18</li>
  <li><strong>Gender:</strong> b</li>
  <li><strong>Blood Type:</strong> a</li>
  <li><strong>Medical Condition:</strong> c</li>
  <li><strong>Date of Admission:</strong> 2022-07-06</li>
  <li><strong>Doctor:</strong> Megan Hahn</li>
  <li><strong>Hospital:</strong> Moss and Ferguson, Baker</li>
  <li><strong>Insurance Provider:</strong> e</li>
  <li><strong>Billing Amount:</strong> 48407</li>
  <li><strong>Room Number:</strong> 325</li>
  <li><strong>Admission Type:</strong> b</li>
  <li><strong>Discharge Date:</strong> 2022-07-18</li>
  <li><strong>Medication:</strong> a</li>
  <li><strong>Test Results:</strong> c</li>
</ul>
<h2>Respondent 116</h2>
<ul>
  <li><strong>Name:</strong> reBEcCA PARsONs</li>
  <li><strong>Age:</strong> 37</li>
  <li><strong>Gender:</strong> a</li>
  <li><strong>Blood Type:</strong> g</li>
  <li><strong>Medical Condition:</strong> b</li>
  <li><strong>Date of Admission:</strong> 2019-12-02</li>
  <li><strong>Doctor:</strong> Steven Adams</li>
  <li><strong>Hospital:</strong> Group White</li>
  <li><strong>Insurance Provider:</strong> a</li>
  <li><strong>Billing Amount:</strong> 8521</li>
  <li><strong>Room Number:</strong> 476</li>
  <li><strong>Admission Type:</strong> a</li>
  <li><strong>Discharge Date:</strong> 2019-12-13</li>
  <li><strong>Medication:</strong> e</li>
  <li><strong>Test Results:</strong> a</li>
</ul>
</body>
</html>

Answer: 63

<!DOCTYPE html>
<html>
<head>
<title>Survey Data</title>
</head>
<body>
<h1>Questions</h1>
<ul>
  <li><strong>Name:</strong> What is your name? [Open-ended]</li>
  <li><strong>Age:</strong> What is your age? [Open-ended]</li>
  <li><strong>Gender:</strong> What is your gender? [MCQ: A. Female B. Male]</li>
  <li><strong>Blood Type:</strong> What is your blood type? [MCQ: A. A+ B. A- C. AB+ D. AB- E. B+ F. B- G. O+ H. O-]</li>
  <li><strong>Medical Condition:</strong> What is your medical condition? [MCQ: A. Arthritis B. Asthma C. Cancer D. Diabetes E. Hypertension F. Obesity]</li>
  <li><strong>Date of Admission:</strong> What is your date of admission? [Open-ended]</li>
  <li><strong>Doctor:</strong> What is your doctor? [Open-ended]</li>
  <li><strong>Hospital:</strong> What is your hospital? [Open-ended]</li>
  <li><strong>Insurance Provider:</strong> What is your insurance provider? [MCQ: A. Aetna B. Blue Cross C. Cigna D. Medicare E. UnitedHealthcare]</li>
  <li><strong>Billing Amount:</strong> What is your billing amount? [Open-ended]</li>
  <li><strong>Room Number:</strong> What is your room number? [Open-ended]</li>
  <li><strong>Admission Type:</strong> What is your admission type? [MCQ: A. Elective B. Emergency C. Urgent]</li>
  <li><strong>Discharge Date:</strong> What is your discharge date? [Open-ended]</li>
  <li><strong>Medication:</strong> What is your medication? [MCQ: A. Aspirin B. Ibuprofen C. Lipitor D. Paracetamol E. Penicillin]</li>
  <li><strong>Test Results:</strong> What is your test results? [MCQ: A. Abnormal B. Inconclusive C. Normal]</li>
</ul>
<h1>Responses</h1>
<h2>Respondent 96</h2>
<ul>
  <li><strong>Name:</strong> cathERinE gArDnEr</li>
  <li><strong>Age:</strong> 79</li>
  <li><strong>Gender:</strong> a</li>
  <li><strong>Blood Type:</strong> b</li>
  <li><strong>Medical Condition:</strong> e</li>
  <li><strong>Date of Admission:</strong> 2019-08-19</li>
  <li><strong>Doctor:</strong> David Ruiz</li>
  <li><strong>Hospital:</strong> James Ltd</li>
  <li><strong>Insurance Provider:</strong> d</li>
  <li><strong>Billing Amount:</strong> 25504</li>
  <li><strong>Room Number:</strong> 144</li>
  <li><strong>Admission Type:</strong> a</li>
  <li><strong>Discharge Date:</strong> 2019-08-26</li>
  <li><strong>Medication:</strong> c</li>
  <li><strong>Test Results:</strong> a</li>
</ul>
<h2>Respondent 147</h2>
<ul>
  <li><strong>Name:</strong> aLExiS wilsOn</li>
  <li><strong>Age:</strong> 68</li>
  <li><strong>Gender:</strong> a</li>
  <li><strong>Blood Type:</strong> e</li>
  <li><strong>Medical Condition:</strong> a</li>
  <li><strong>Date of Admission:</strong> 2019-08-16</li>
  <li><strong>Doctor:</strong> Brian Walton</li>
  <li><strong>Hospital:</strong> Thomas-Kelley</li>
  <li><strong>Insurance Provider:</strong> a</li>
  <li><strong>Billing Amount:</strong> 2679</li>
  <li><strong>Room Number:</strong> 427</li>
  <li><strong>Admission Type:</strong> c</li>
  <li><strong>Discharge Date:</strong> 2019-08-21</li>
  <li><strong>Medication:</strong> d</li>
  <li><strong>Test Results:</strong> a</li>
</ul>
<h2>Respondent 108</h2>
<ul>
  <li><strong>Name:</strong> DAVid higgInS</li>
  <li><strong>Age:</strong> 49</li>
  <li><strong>Gender:</strong> a</li>
  <li><strong>Blood Type:</strong> f</li>
  <li><strong>Medical Condition:</strong> a</li>
  <li><strong>Date of Admission:</strong> 2021-03-05</li>
  <li><strong>Doctor:</strong> Erin Henderson MD</li>
  <li><strong>Hospital:</strong> Evans and Hall Schneider,</li>
  <li><strong>Insurance Provider:</strong> d</li>
  <li><strong>Billing Amount:</strong> 24948</li>
  <li><strong>Room Number:</strong> 361</li>
  <li><strong>Admission Type:</strong> b</li>
  <li><strong>Discharge Date:</strong> 2021-03-20</li>
  <li><strong>Medication:</strong> e</li>
  <li><strong>Test Results:</strong> a</li>
</ul>
</body>
</html>

You are a meticulous data analyst AI. Your primary function is to accurately analyze structured data and provide precise, verifiable answers.

You will be given a dataset with two key parts:

A 'questions' section: This is your data dictionary or schema. It is the single source of truth for understanding what each field and score means. Refer to it carefully.

A 'responses' section: This contains the raw data from each individual respondent.

To answer the question correctly, you must first use the 'questions' schema to fully understand the context and meaning of the data points within the 'responses'. Do not rely on any prior knowledge outside of this provided data. Base your entire analysis on the information given.

Provide your final answer directly and concisely. Output must be the human-readable value, not an option code.

Rules:
- For MCQ fields, map any letter codes in the Responses (case-insensitive) to the corresponding option text from the Questions schema, and output only that text. Do NOT include the letter or both.
  Example: If the schema is ""[MCQ: A. Abnormal B. Inconclusive C. Normal]"" and the response is ""a"", output ""Abnormal"".
- For open-ended fields, output the exact text value.
- If the question asks for a count, provide only the number (e.g., ""42"").
- If the question asks for a list of names or IDs, provide a simple comma-separated list (e.g., ""17, 21, 23"").
- Preserve capitalization exactly as in the schema (e.g., output ""Abnormal"", not ""abnormal"" or ""A"").

Which respondent numbers have Test Results Abnormal and Admission Type Urgent?",,
case_23,multi_hop_relational_inference,Which respondent numbers have Insurance Provider Cigna and Test Results Abnormal?,"<!DOCTYPE html>
<html>
<head>
<title>Survey Data</title>
</head>
<body>
<h1>Questions</h1>
<ul>
  <li><strong>Name:</strong> What is your name? [Open-ended]</li>
  <li><strong>Age:</strong> What is your age? [Open-ended]</li>
  <li><strong>Gender:</strong> What is your gender? [MCQ: A. Female B. Male]</li>
  <li><strong>Blood Type:</strong> What is your blood type? [MCQ: A. A+ B. A- C. AB+ D. AB- E. B+ F. B- G. O+ H. O-]</li>
  <li><strong>Medical Condition:</strong> What is your medical condition? [MCQ: A. Arthritis B. Asthma C. Cancer D. Diabetes E. Hypertension F. Obesity]</li>
  <li><strong>Date of Admission:</strong> What is your date of admission? [Open-ended]</li>
  <li><strong>Doctor:</strong> What is your doctor? [Open-ended]</li>
  <li><strong>Hospital:</strong> What is your hospital? [Open-ended]</li>
  <li><strong>Insurance Provider:</strong> What is your insurance provider? [MCQ: A. Aetna B. Blue Cross C. Cigna D. Medicare E. UnitedHealthcare]</li>
  <li><strong>Billing Amount:</strong> What is your billing amount? [Open-ended]</li>
  <li><strong>Room Number:</strong> What is your room number? [Open-ended]</li>
  <li><strong>Admission Type:</strong> What is your admission type? [MCQ: A. Elective B. Emergency C. Urgent]</li>
  <li><strong>Discharge Date:</strong> What is your discharge date? [Open-ended]</li>
  <li><strong>Medication:</strong> What is your medication? [MCQ: A. Aspirin B. Ibuprofen C. Lipitor D. Paracetamol E. Penicillin]</li>
  <li><strong>Test Results:</strong> What is your test results? [MCQ: A. Abnormal B. Inconclusive C. Normal]</li>
</ul>
<h1>Responses</h1>
<h2>Respondent 103</h2>
<ul>
  <li><strong>Name:</strong> wilLIAm morTON</li>
  <li><strong>Age:</strong> 21</li>
  <li><strong>Gender:</strong> b</li>
  <li><strong>Blood Type:</strong> a</li>
  <li><strong>Medical Condition:</strong> d</li>
  <li><strong>Date of Admission:</strong> 2023-06-25</li>
  <li><strong>Doctor:</strong> Christina Hammond</li>
  <li><strong>Hospital:</strong> Thompson-Walker</li>
  <li><strong>Insurance Provider:</strong> e</li>
  <li><strong>Billing Amount:</strong> 3126</li>
  <li><strong>Room Number:</strong> 442</li>
  <li><strong>Admission Type:</strong> c</li>
  <li><strong>Discharge Date:</strong> 2023-07-11</li>
  <li><strong>Medication:</strong> b</li>
  <li><strong>Test Results:</strong> c</li>
</ul>
<h2>Respondent 73</h2>
<ul>
  <li><strong>Name:</strong> kEVIn SiMmoNs Jr.</li>
  <li><strong>Age:</strong> 24</li>
  <li><strong>Gender:</strong> b</li>
  <li><strong>Blood Type:</strong> d</li>
  <li><strong>Medical Condition:</strong> c</li>
  <li><strong>Date of Admission:</strong> 2023-12-28</li>
  <li><strong>Doctor:</strong> Amanda Garcia</li>
  <li><strong>Hospital:</strong> Evans Ltd</li>
  <li><strong>Insurance Provider:</strong> c</li>
  <li><strong>Billing Amount:</strong> 10710</li>
  <li><strong>Room Number:</strong> 407</li>
  <li><strong>Admission Type:</strong> b</li>
  <li><strong>Discharge Date:</strong> 2024-01-02</li>
  <li><strong>Medication:</strong> d</li>
  <li><strong>Test Results:</strong> a</li>
</ul>
<h2>Respondent 90</h2>
<ul>
  <li><strong>Name:</strong> CARL BEst</li>
  <li><strong>Age:</strong> 60</li>
  <li><strong>Gender:</strong> b</li>
  <li><strong>Blood Type:</strong> e</li>
  <li><strong>Medical Condition:</strong> e</li>
  <li><strong>Date of Admission:</strong> 2022-08-22</li>
  <li><strong>Doctor:</strong> Gregory Hansen</li>
  <li><strong>Hospital:</strong> Ltd Wang</li>
  <li><strong>Insurance Provider:</strong> b</li>
  <li><strong>Billing Amount:</strong> 26062</li>
  <li><strong>Room Number:</strong> 482</li>
  <li><strong>Admission Type:</strong> a</li>
  <li><strong>Discharge Date:</strong> 2022-09-07</li>
  <li><strong>Medication:</strong> d</li>
  <li><strong>Test Results:</strong> b</li>
</ul>
</body>
</html>",73,"Which respondent numbers have Gender Male and Medical Condition Cancer?

DATA:

<!DOCTYPE html>
<html>
<head>
<title>Survey Data</title>
</head>
<body>
<h1>Questions</h1>
<ul>
  <li><strong>Name:</strong> What is your name? [Open-ended]</li>
  <li><strong>Age:</strong> What is your age? [Open-ended]</li>
  <li><strong>Gender:</strong> What is your gender? [MCQ: A. Female B. Male]</li>
  <li><strong>Blood Type:</strong> What is your blood type? [MCQ: A. A+ B. A- C. AB+ D. AB- E. B+ F. B- G. O+ H. O-]</li>
  <li><strong>Medical Condition:</strong> What is your medical condition? [MCQ: A. Arthritis B. Asthma C. Cancer D. Diabetes E. Hypertension F. Obesity]</li>
  <li><strong>Date of Admission:</strong> What is your date of admission? [Open-ended]</li>
  <li><strong>Doctor:</strong> What is your doctor? [Open-ended]</li>
  <li><strong>Hospital:</strong> What is your hospital? [Open-ended]</li>
  <li><strong>Insurance Provider:</strong> What is your insurance provider? [MCQ: A. Aetna B. Blue Cross C. Cigna D. Medicare E. UnitedHealthcare]</li>
  <li><strong>Billing Amount:</strong> What is your billing amount? [Open-ended]</li>
  <li><strong>Room Number:</strong> What is your room number? [Open-ended]</li>
  <li><strong>Admission Type:</strong> What is your admission type? [MCQ: A. Elective B. Emergency C. Urgent]</li>
  <li><strong>Discharge Date:</strong> What is your discharge date? [Open-ended]</li>
  <li><strong>Medication:</strong> What is your medication? [MCQ: A. Aspirin B. Ibuprofen C. Lipitor D. Paracetamol E. Penicillin]</li>
  <li><strong>Test Results:</strong> What is your test results? [MCQ: A. Abnormal B. Inconclusive C. Normal]</li>
</ul>
<h1>Responses</h1>
<h2>Respondent 133</h2>
<ul>
  <li><strong>Name:</strong> ashLEy ERIcKSoN</li>
  <li><strong>Age:</strong> 32</li>
  <li><strong>Gender:</strong> a</li>
  <li><strong>Blood Type:</strong> d</li>
  <li><strong>Medical Condition:</strong> c</li>
  <li><strong>Date of Admission:</strong> 2019-11-05</li>
  <li><strong>Doctor:</strong> Gerald Hooper</li>
  <li><strong>Hospital:</strong> and Johnson Moore, Branch</li>
  <li><strong>Insurance Provider:</strong> a</li>
  <li><strong>Billing Amount:</strong> -503</li>
  <li><strong>Room Number:</strong> 376</li>
  <li><strong>Admission Type:</strong> c</li>
  <li><strong>Discharge Date:</strong> 2019-11-23</li>
  <li><strong>Medication:</strong> e</li>
  <li><strong>Test Results:</strong> c</li>
</ul>
<h2>Respondent 63</h2>
<ul>
  <li><strong>Name:</strong> tRAvIs carTeR</li>
  <li><strong>Age:</strong> 18</li>
  <li><strong>Gender:</strong> b</li>
  <li><strong>Blood Type:</strong> a</li>
  <li><strong>Medical Condition:</strong> c</li>
  <li><strong>Date of Admission:</strong> 2022-07-06</li>
  <li><strong>Doctor:</strong> Megan Hahn</li>
  <li><strong>Hospital:</strong> Moss and Ferguson, Baker</li>
  <li><strong>Insurance Provider:</strong> e</li>
  <li><strong>Billing Amount:</strong> 48407</li>
  <li><strong>Room Number:</strong> 325</li>
  <li><strong>Admission Type:</strong> b</li>
  <li><strong>Discharge Date:</strong> 2022-07-18</li>
  <li><strong>Medication:</strong> a</li>
  <li><strong>Test Results:</strong> c</li>
</ul>
<h2>Respondent 116</h2>
<ul>
  <li><strong>Name:</strong> reBEcCA PARsONs</li>
  <li><strong>Age:</strong> 37</li>
  <li><strong>Gender:</strong> a</li>
  <li><strong>Blood Type:</strong> g</li>
  <li><strong>Medical Condition:</strong> b</li>
  <li><strong>Date of Admission:</strong> 2019-12-02</li>
  <li><strong>Doctor:</strong> Steven Adams</li>
  <li><strong>Hospital:</strong> Group White</li>
  <li><strong>Insurance Provider:</strong> a</li>
  <li><strong>Billing Amount:</strong> 8521</li>
  <li><strong>Room Number:</strong> 476</li>
  <li><strong>Admission Type:</strong> a</li>
  <li><strong>Discharge Date:</strong> 2019-12-13</li>
  <li><strong>Medication:</strong> e</li>
  <li><strong>Test Results:</strong> a</li>
</ul>
</body>
</html>

Answer: 63

<!DOCTYPE html>
<html>
<head>
<title>Survey Data</title>
</head>
<body>
<h1>Questions</h1>
<ul>
  <li><strong>Name:</strong> What is your name? [Open-ended]</li>
  <li><strong>Age:</strong> What is your age? [Open-ended]</li>
  <li><strong>Gender:</strong> What is your gender? [MCQ: A. Female B. Male]</li>
  <li><strong>Blood Type:</strong> What is your blood type? [MCQ: A. A+ B. A- C. AB+ D. AB- E. B+ F. B- G. O+ H. O-]</li>
  <li><strong>Medical Condition:</strong> What is your medical condition? [MCQ: A. Arthritis B. Asthma C. Cancer D. Diabetes E. Hypertension F. Obesity]</li>
  <li><strong>Date of Admission:</strong> What is your date of admission? [Open-ended]</li>
  <li><strong>Doctor:</strong> What is your doctor? [Open-ended]</li>
  <li><strong>Hospital:</strong> What is your hospital? [Open-ended]</li>
  <li><strong>Insurance Provider:</strong> What is your insurance provider? [MCQ: A. Aetna B. Blue Cross C. Cigna D. Medicare E. UnitedHealthcare]</li>
  <li><strong>Billing Amount:</strong> What is your billing amount? [Open-ended]</li>
  <li><strong>Room Number:</strong> What is your room number? [Open-ended]</li>
  <li><strong>Admission Type:</strong> What is your admission type? [MCQ: A. Elective B. Emergency C. Urgent]</li>
  <li><strong>Discharge Date:</strong> What is your discharge date? [Open-ended]</li>
  <li><strong>Medication:</strong> What is your medication? [MCQ: A. Aspirin B. Ibuprofen C. Lipitor D. Paracetamol E. Penicillin]</li>
  <li><strong>Test Results:</strong> What is your test results? [MCQ: A. Abnormal B. Inconclusive C. Normal]</li>
</ul>
<h1>Responses</h1>
<h2>Respondent 103</h2>
<ul>
  <li><strong>Name:</strong> wilLIAm morTON</li>
  <li><strong>Age:</strong> 21</li>
  <li><strong>Gender:</strong> b</li>
  <li><strong>Blood Type:</strong> a</li>
  <li><strong>Medical Condition:</strong> d</li>
  <li><strong>Date of Admission:</strong> 2023-06-25</li>
  <li><strong>Doctor:</strong> Christina Hammond</li>
  <li><strong>Hospital:</strong> Thompson-Walker</li>
  <li><strong>Insurance Provider:</strong> e</li>
  <li><strong>Billing Amount:</strong> 3126</li>
  <li><strong>Room Number:</strong> 442</li>
  <li><strong>Admission Type:</strong> c</li>
  <li><strong>Discharge Date:</strong> 2023-07-11</li>
  <li><strong>Medication:</strong> b</li>
  <li><strong>Test Results:</strong> c</li>
</ul>
<h2>Respondent 73</h2>
<ul>
  <li><strong>Name:</strong> kEVIn SiMmoNs Jr.</li>
  <li><strong>Age:</strong> 24</li>
  <li><strong>Gender:</strong> b</li>
  <li><strong>Blood Type:</strong> d</li>
  <li><strong>Medical Condition:</strong> c</li>
  <li><strong>Date of Admission:</strong> 2023-12-28</li>
  <li><strong>Doctor:</strong> Amanda Garcia</li>
  <li><strong>Hospital:</strong> Evans Ltd</li>
  <li><strong>Insurance Provider:</strong> c</li>
  <li><strong>Billing Amount:</strong> 10710</li>
  <li><strong>Room Number:</strong> 407</li>
  <li><strong>Admission Type:</strong> b</li>
  <li><strong>Discharge Date:</strong> 2024-01-02</li>
  <li><strong>Medication:</strong> d</li>
  <li><strong>Test Results:</strong> a</li>
</ul>
<h2>Respondent 90</h2>
<ul>
  <li><strong>Name:</strong> CARL BEst</li>
  <li><strong>Age:</strong> 60</li>
  <li><strong>Gender:</strong> b</li>
  <li><strong>Blood Type:</strong> e</li>
  <li><strong>Medical Condition:</strong> e</li>
  <li><strong>Date of Admission:</strong> 2022-08-22</li>
  <li><strong>Doctor:</strong> Gregory Hansen</li>
  <li><strong>Hospital:</strong> Ltd Wang</li>
  <li><strong>Insurance Provider:</strong> b</li>
  <li><strong>Billing Amount:</strong> 26062</li>
  <li><strong>Room Number:</strong> 482</li>
  <li><strong>Admission Type:</strong> a</li>
  <li><strong>Discharge Date:</strong> 2022-09-07</li>
  <li><strong>Medication:</strong> d</li>
  <li><strong>Test Results:</strong> b</li>
</ul>
</body>
</html>

You are a meticulous data analyst AI. Your primary function is to accurately analyze structured data and provide precise, verifiable answers.

You will be given a dataset with two key parts:

A 'questions' section: This is your data dictionary or schema. It is the single source of truth for understanding what each field and score means. Refer to it carefully.

A 'responses' section: This contains the raw data from each individual respondent.

To answer the question correctly, you must first use the 'questions' schema to fully understand the context and meaning of the data points within the 'responses'. Do not rely on any prior knowledge outside of this provided data. Base your entire analysis on the information given.

Provide your final answer directly and concisely. Output must be the human-readable value, not an option code.

Rules:
- For MCQ fields, map any letter codes in the Responses (case-insensitive) to the corresponding option text from the Questions schema, and output only that text. Do NOT include the letter or both.
  Example: If the schema is ""[MCQ: A. Abnormal B. Inconclusive C. Normal]"" and the response is ""a"", output ""Abnormal"".
- For open-ended fields, output the exact text value.
- If the question asks for a count, provide only the number (e.g., ""42"").
- If the question asks for a list of names or IDs, provide a simple comma-separated list (e.g., ""17, 21, 23"").
- Preserve capitalization exactly as in the schema (e.g., output ""Abnormal"", not ""abnormal"" or ""A"").

Which respondent numbers have Insurance Provider Cigna and Test Results Abnormal?",,
case_24,multi_hop_relational_inference,Which respondent numbers have Blood Type A+ and Admission Type Urgent?,"<!DOCTYPE html>
<html>
<head>
<title>Survey Data</title>
</head>
<body>
<h1>Questions</h1>
<ul>
  <li><strong>Name:</strong> What is your name? [Open-ended]</li>
  <li><strong>Age:</strong> What is your age? [Open-ended]</li>
  <li><strong>Gender:</strong> What is your gender? [MCQ: A. Female B. Male]</li>
  <li><strong>Blood Type:</strong> What is your blood type? [MCQ: A. A+ B. A- C. AB+ D. AB- E. B+ F. B- G. O+ H. O-]</li>
  <li><strong>Medical Condition:</strong> What is your medical condition? [MCQ: A. Arthritis B. Asthma C. Cancer D. Diabetes E. Hypertension F. Obesity]</li>
  <li><strong>Date of Admission:</strong> What is your date of admission? [Open-ended]</li>
  <li><strong>Doctor:</strong> What is your doctor? [Open-ended]</li>
  <li><strong>Hospital:</strong> What is your hospital? [Open-ended]</li>
  <li><strong>Insurance Provider:</strong> What is your insurance provider? [MCQ: A. Aetna B. Blue Cross C. Cigna D. Medicare E. UnitedHealthcare]</li>
  <li><strong>Billing Amount:</strong> What is your billing amount? [Open-ended]</li>
  <li><strong>Room Number:</strong> What is your room number? [Open-ended]</li>
  <li><strong>Admission Type:</strong> What is your admission type? [MCQ: A. Elective B. Emergency C. Urgent]</li>
  <li><strong>Discharge Date:</strong> What is your discharge date? [Open-ended]</li>
  <li><strong>Medication:</strong> What is your medication? [MCQ: A. Aspirin B. Ibuprofen C. Lipitor D. Paracetamol E. Penicillin]</li>
  <li><strong>Test Results:</strong> What is your test results? [MCQ: A. Abnormal B. Inconclusive C. Normal]</li>
</ul>
<h1>Responses</h1>
<h2>Respondent 88</h2>
<ul>
  <li><strong>Name:</strong> JUan klEiN</li>
  <li><strong>Age:</strong> 58</li>
  <li><strong>Gender:</strong> a</li>
  <li><strong>Blood Type:</strong> f</li>
  <li><strong>Medical Condition:</strong> a</li>
  <li><strong>Date of Admission:</strong> 2023-08-19</li>
  <li><strong>Doctor:</strong> Lisa Edwards</li>
  <li><strong>Hospital:</strong> Group Hood</li>
  <li><strong>Insurance Provider:</strong> e</li>
  <li><strong>Billing Amount:</strong> 24870</li>
  <li><strong>Room Number:</strong> 321</li>
  <li><strong>Admission Type:</strong> b</li>
  <li><strong>Discharge Date:</strong> 2023-08-25</li>
  <li><strong>Medication:</strong> b</li>
  <li><strong>Test Results:</strong> b</li>
</ul>
<h2>Respondent 22</h2>
<ul>
  <li><strong>Name:</strong> ChRISToPHEr BRiGhT</li>
  <li><strong>Age:</strong> 48</li>
  <li><strong>Gender:</strong> b</li>
  <li><strong>Blood Type:</strong> e</li>
  <li><strong>Medical Condition:</strong> b</li>
  <li><strong>Date of Admission:</strong> 2020-01-21</li>
  <li><strong>Doctor:</strong> Gregory Smith</li>
  <li><strong>Hospital:</strong> Williams-Davis</li>
  <li><strong>Insurance Provider:</strong> a</li>
  <li><strong>Billing Amount:</strong> 17696</li>
  <li><strong>Room Number:</strong> 295</li>
  <li><strong>Admission Type:</strong> c</li>
  <li><strong>Discharge Date:</strong> 2020-02-09</li>
  <li><strong>Medication:</strong> c</li>
  <li><strong>Test Results:</strong> c</li>
</ul>
<h2>Respondent 119</h2>
<ul>
  <li><strong>Name:</strong> JAMEs Ross</li>
  <li><strong>Age:</strong> 83</li>
  <li><strong>Gender:</strong> a</li>
  <li><strong>Blood Type:</strong> a</li>
  <li><strong>Medical Condition:</strong> d</li>
  <li><strong>Date of Admission:</strong> 2024-01-13</li>
  <li><strong>Doctor:</strong> Michael Baker</li>
  <li><strong>Hospital:</strong> Cox-Hester</li>
  <li><strong>Insurance Provider:</strong> b</li>
  <li><strong>Billing Amount:</strong> 10352</li>
  <li><strong>Room Number:</strong> 394</li>
  <li><strong>Admission Type:</strong> c</li>
  <li><strong>Discharge Date:</strong> 2024-01-22</li>
  <li><strong>Medication:</strong> a</li>
  <li><strong>Test Results:</strong> a</li>
</ul>
</body>
</html>",119,"Which respondent numbers have Gender Male and Medical Condition Cancer?

DATA:

<!DOCTYPE html>
<html>
<head>
<title>Survey Data</title>
</head>
<body>
<h1>Questions</h1>
<ul>
  <li><strong>Name:</strong> What is your name? [Open-ended]</li>
  <li><strong>Age:</strong> What is your age? [Open-ended]</li>
  <li><strong>Gender:</strong> What is your gender? [MCQ: A. Female B. Male]</li>
  <li><strong>Blood Type:</strong> What is your blood type? [MCQ: A. A+ B. A- C. AB+ D. AB- E. B+ F. B- G. O+ H. O-]</li>
  <li><strong>Medical Condition:</strong> What is your medical condition? [MCQ: A. Arthritis B. Asthma C. Cancer D. Diabetes E. Hypertension F. Obesity]</li>
  <li><strong>Date of Admission:</strong> What is your date of admission? [Open-ended]</li>
  <li><strong>Doctor:</strong> What is your doctor? [Open-ended]</li>
  <li><strong>Hospital:</strong> What is your hospital? [Open-ended]</li>
  <li><strong>Insurance Provider:</strong> What is your insurance provider? [MCQ: A. Aetna B. Blue Cross C. Cigna D. Medicare E. UnitedHealthcare]</li>
  <li><strong>Billing Amount:</strong> What is your billing amount? [Open-ended]</li>
  <li><strong>Room Number:</strong> What is your room number? [Open-ended]</li>
  <li><strong>Admission Type:</strong> What is your admission type? [MCQ: A. Elective B. Emergency C. Urgent]</li>
  <li><strong>Discharge Date:</strong> What is your discharge date? [Open-ended]</li>
  <li><strong>Medication:</strong> What is your medication? [MCQ: A. Aspirin B. Ibuprofen C. Lipitor D. Paracetamol E. Penicillin]</li>
  <li><strong>Test Results:</strong> What is your test results? [MCQ: A. Abnormal B. Inconclusive C. Normal]</li>
</ul>
<h1>Responses</h1>
<h2>Respondent 133</h2>
<ul>
  <li><strong>Name:</strong> ashLEy ERIcKSoN</li>
  <li><strong>Age:</strong> 32</li>
  <li><strong>Gender:</strong> a</li>
  <li><strong>Blood Type:</strong> d</li>
  <li><strong>Medical Condition:</strong> c</li>
  <li><strong>Date of Admission:</strong> 2019-11-05</li>
  <li><strong>Doctor:</strong> Gerald Hooper</li>
  <li><strong>Hospital:</strong> and Johnson Moore, Branch</li>
  <li><strong>Insurance Provider:</strong> a</li>
  <li><strong>Billing Amount:</strong> -503</li>
  <li><strong>Room Number:</strong> 376</li>
  <li><strong>Admission Type:</strong> c</li>
  <li><strong>Discharge Date:</strong> 2019-11-23</li>
  <li><strong>Medication:</strong> e</li>
  <li><strong>Test Results:</strong> c</li>
</ul>
<h2>Respondent 63</h2>
<ul>
  <li><strong>Name:</strong> tRAvIs carTeR</li>
  <li><strong>Age:</strong> 18</li>
  <li><strong>Gender:</strong> b</li>
  <li><strong>Blood Type:</strong> a</li>
  <li><strong>Medical Condition:</strong> c</li>
  <li><strong>Date of Admission:</strong> 2022-07-06</li>
  <li><strong>Doctor:</strong> Megan Hahn</li>
  <li><strong>Hospital:</strong> Moss and Ferguson, Baker</li>
  <li><strong>Insurance Provider:</strong> e</li>
  <li><strong>Billing Amount:</strong> 48407</li>
  <li><strong>Room Number:</strong> 325</li>
  <li><strong>Admission Type:</strong> b</li>
  <li><strong>Discharge Date:</strong> 2022-07-18</li>
  <li><strong>Medication:</strong> a</li>
  <li><strong>Test Results:</strong> c</li>
</ul>
<h2>Respondent 116</h2>
<ul>
  <li><strong>Name:</strong> reBEcCA PARsONs</li>
  <li><strong>Age:</strong> 37</li>
  <li><strong>Gender:</strong> a</li>
  <li><strong>Blood Type:</strong> g</li>
  <li><strong>Medical Condition:</strong> b</li>
  <li><strong>Date of Admission:</strong> 2019-12-02</li>
  <li><strong>Doctor:</strong> Steven Adams</li>
  <li><strong>Hospital:</strong> Group White</li>
  <li><strong>Insurance Provider:</strong> a</li>
  <li><strong>Billing Amount:</strong> 8521</li>
  <li><strong>Room Number:</strong> 476</li>
  <li><strong>Admission Type:</strong> a</li>
  <li><strong>Discharge Date:</strong> 2019-12-13</li>
  <li><strong>Medication:</strong> e</li>
  <li><strong>Test Results:</strong> a</li>
</ul>
</body>
</html>

Answer: 63

<!DOCTYPE html>
<html>
<head>
<title>Survey Data</title>
</head>
<body>
<h1>Questions</h1>
<ul>
  <li><strong>Name:</strong> What is your name? [Open-ended]</li>
  <li><strong>Age:</strong> What is your age? [Open-ended]</li>
  <li><strong>Gender:</strong> What is your gender? [MCQ: A. Female B. Male]</li>
  <li><strong>Blood Type:</strong> What is your blood type? [MCQ: A. A+ B. A- C. AB+ D. AB- E. B+ F. B- G. O+ H. O-]</li>
  <li><strong>Medical Condition:</strong> What is your medical condition? [MCQ: A. Arthritis B. Asthma C. Cancer D. Diabetes E. Hypertension F. Obesity]</li>
  <li><strong>Date of Admission:</strong> What is your date of admission? [Open-ended]</li>
  <li><strong>Doctor:</strong> What is your doctor? [Open-ended]</li>
  <li><strong>Hospital:</strong> What is your hospital? [Open-ended]</li>
  <li><strong>Insurance Provider:</strong> What is your insurance provider? [MCQ: A. Aetna B. Blue Cross C. Cigna D. Medicare E. UnitedHealthcare]</li>
  <li><strong>Billing Amount:</strong> What is your billing amount? [Open-ended]</li>
  <li><strong>Room Number:</strong> What is your room number? [Open-ended]</li>
  <li><strong>Admission Type:</strong> What is your admission type? [MCQ: A. Elective B. Emergency C. Urgent]</li>
  <li><strong>Discharge Date:</strong> What is your discharge date? [Open-ended]</li>
  <li><strong>Medication:</strong> What is your medication? [MCQ: A. Aspirin B. Ibuprofen C. Lipitor D. Paracetamol E. Penicillin]</li>
  <li><strong>Test Results:</strong> What is your test results? [MCQ: A. Abnormal B. Inconclusive C. Normal]</li>
</ul>
<h1>Responses</h1>
<h2>Respondent 88</h2>
<ul>
  <li><strong>Name:</strong> JUan klEiN</li>
  <li><strong>Age:</strong> 58</li>
  <li><strong>Gender:</strong> a</li>
  <li><strong>Blood Type:</strong> f</li>
  <li><strong>Medical Condition:</strong> a</li>
  <li><strong>Date of Admission:</strong> 2023-08-19</li>
  <li><strong>Doctor:</strong> Lisa Edwards</li>
  <li><strong>Hospital:</strong> Group Hood</li>
  <li><strong>Insurance Provider:</strong> e</li>
  <li><strong>Billing Amount:</strong> 24870</li>
  <li><strong>Room Number:</strong> 321</li>
  <li><strong>Admission Type:</strong> b</li>
  <li><strong>Discharge Date:</strong> 2023-08-25</li>
  <li><strong>Medication:</strong> b</li>
  <li><strong>Test Results:</strong> b</li>
</ul>
<h2>Respondent 22</h2>
<ul>
  <li><strong>Name:</strong> ChRISToPHEr BRiGhT</li>
  <li><strong>Age:</strong> 48</li>
  <li><strong>Gender:</strong> b</li>
  <li><strong>Blood Type:</strong> e</li>
  <li><strong>Medical Condition:</strong> b</li>
  <li><strong>Date of Admission:</strong> 2020-01-21</li>
  <li><strong>Doctor:</strong> Gregory Smith</li>
  <li><strong>Hospital:</strong> Williams-Davis</li>
  <li><strong>Insurance Provider:</strong> a</li>
  <li><strong>Billing Amount:</strong> 17696</li>
  <li><strong>Room Number:</strong> 295</li>
  <li><strong>Admission Type:</strong> c</li>
  <li><strong>Discharge Date:</strong> 2020-02-09</li>
  <li><strong>Medication:</strong> c</li>
  <li><strong>Test Results:</strong> c</li>
</ul>
<h2>Respondent 119</h2>
<ul>
  <li><strong>Name:</strong> JAMEs Ross</li>
  <li><strong>Age:</strong> 83</li>
  <li><strong>Gender:</strong> a</li>
  <li><strong>Blood Type:</strong> a</li>
  <li><strong>Medical Condition:</strong> d</li>
  <li><strong>Date of Admission:</strong> 2024-01-13</li>
  <li><strong>Doctor:</strong> Michael Baker</li>
  <li><strong>Hospital:</strong> Cox-Hester</li>
  <li><strong>Insurance Provider:</strong> b</li>
  <li><strong>Billing Amount:</strong> 10352</li>
  <li><strong>Room Number:</strong> 394</li>
  <li><strong>Admission Type:</strong> c</li>
  <li><strong>Discharge Date:</strong> 2024-01-22</li>
  <li><strong>Medication:</strong> a</li>
  <li><strong>Test Results:</strong> a</li>
</ul>
</body>
</html>

You are a meticulous data analyst AI. Your primary function is to accurately analyze structured data and provide precise, verifiable answers.

You will be given a dataset with two key parts:

A 'questions' section: This is your data dictionary or schema. It is the single source of truth for understanding what each field and score means. Refer to it carefully.

A 'responses' section: This contains the raw data from each individual respondent.

To answer the question correctly, you must first use the 'questions' schema to fully understand the context and meaning of the data points within the 'responses'. Do not rely on any prior knowledge outside of this provided data. Base your entire analysis on the information given.

Provide your final answer directly and concisely. Output must be the human-readable value, not an option code.

Rules:
- For MCQ fields, map any letter codes in the Responses (case-insensitive) to the corresponding option text from the Questions schema, and output only that text. Do NOT include the letter or both.
  Example: If the schema is ""[MCQ: A. Abnormal B. Inconclusive C. Normal]"" and the response is ""a"", output ""Abnormal"".
- For open-ended fields, output the exact text value.
- If the question asks for a count, provide only the number (e.g., ""42"").
- If the question asks for a list of names or IDs, provide a simple comma-separated list (e.g., ""17, 21, 23"").
- Preserve capitalization exactly as in the schema (e.g., output ""Abnormal"", not ""abnormal"" or ""A"").

Which respondent numbers have Blood Type A+ and Admission Type Urgent?",,
case_25,multi_hop_relational_inference,Which respondent numbers have Medical Condition Hypertension and Medication Aspirin?,"<!DOCTYPE html>
<html>
<head>
<title>Survey Data</title>
</head>
<body>
<h1>Questions</h1>
<ul>
  <li><strong>Name:</strong> What is your name? [Open-ended]</li>
  <li><strong>Age:</strong> What is your age? [Open-ended]</li>
  <li><strong>Gender:</strong> What is your gender? [MCQ: A. Female B. Male]</li>
  <li><strong>Blood Type:</strong> What is your blood type? [MCQ: A. A+ B. A- C. AB+ D. AB- E. B+ F. B- G. O+ H. O-]</li>
  <li><strong>Medical Condition:</strong> What is your medical condition? [MCQ: A. Arthritis B. Asthma C. Cancer D. Diabetes E. Hypertension F. Obesity]</li>
  <li><strong>Date of Admission:</strong> What is your date of admission? [Open-ended]</li>
  <li><strong>Doctor:</strong> What is your doctor? [Open-ended]</li>
  <li><strong>Hospital:</strong> What is your hospital? [Open-ended]</li>
  <li><strong>Insurance Provider:</strong> What is your insurance provider? [MCQ: A. Aetna B. Blue Cross C. Cigna D. Medicare E. UnitedHealthcare]</li>
  <li><strong>Billing Amount:</strong> What is your billing amount? [Open-ended]</li>
  <li><strong>Room Number:</strong> What is your room number? [Open-ended]</li>
  <li><strong>Admission Type:</strong> What is your admission type? [MCQ: A. Elective B. Emergency C. Urgent]</li>
  <li><strong>Discharge Date:</strong> What is your discharge date? [Open-ended]</li>
  <li><strong>Medication:</strong> What is your medication? [MCQ: A. Aspirin B. Ibuprofen C. Lipitor D. Paracetamol E. Penicillin]</li>
  <li><strong>Test Results:</strong> What is your test results? [MCQ: A. Abnormal B. Inconclusive C. Normal]</li>
</ul>
<h1>Responses</h1>
<h2>Respondent 125</h2>
<ul>
  <li><strong>Name:</strong> terRY THoMaS</li>
  <li><strong>Age:</strong> 50</li>
  <li><strong>Gender:</strong> a</li>
  <li><strong>Blood Type:</strong> f</li>
  <li><strong>Medical Condition:</strong> b</li>
  <li><strong>Date of Admission:</strong> 2021-06-03</li>
  <li><strong>Doctor:</strong> Lucas Cole</li>
  <li><strong>Hospital:</strong> Cantu-Berry</li>
  <li><strong>Insurance Provider:</strong> a</li>
  <li><strong>Billing Amount:</strong> 48175</li>
  <li><strong>Room Number:</strong> 368</li>
  <li><strong>Admission Type:</strong> c</li>
  <li><strong>Discharge Date:</strong> 2021-07-01</li>
  <li><strong>Medication:</strong> d</li>
  <li><strong>Test Results:</strong> b</li>
</ul>
<h2>Respondent 42</h2>
<ul>
  <li><strong>Name:</strong> ThomAS morsE</li>
  <li><strong>Age:</strong> 81</li>
  <li><strong>Gender:</strong> b</li>
  <li><strong>Blood Type:</strong> a</li>
  <li><strong>Medical Condition:</strong> e</li>
  <li><strong>Date of Admission:</strong> 2020-01-27</li>
  <li><strong>Doctor:</strong> Jennifer Carter</li>
  <li><strong>Hospital:</strong> Meadows Group</li>
  <li><strong>Insurance Provider:</strong> c</li>
  <li><strong>Billing Amount:</strong> 35634</li>
  <li><strong>Room Number:</strong> 196</li>
  <li><strong>Admission Type:</strong> c</li>
  <li><strong>Discharge Date:</strong> 2020-02-09</li>
  <li><strong>Medication:</strong> a</li>
  <li><strong>Test Results:</strong> c</li>
</ul>
<h2>Respondent 98</h2>
<ul>
  <li><strong>Name:</strong> TOdd coopeR</li>
  <li><strong>Age:</strong> 55</li>
  <li><strong>Gender:</strong> a</li>
  <li><strong>Blood Type:</strong> a</li>
  <li><strong>Medical Condition:</strong> d</li>
  <li><strong>Date of Admission:</strong> 2022-12-10</li>
  <li><strong>Doctor:</strong> Jason Price</li>
  <li><strong>Hospital:</strong> Henderson-Taylor</li>
  <li><strong>Insurance Provider:</strong> e</li>
  <li><strong>Billing Amount:</strong> 21772</li>
  <li><strong>Room Number:</strong> 459</li>
  <li><strong>Admission Type:</strong> a</li>
  <li><strong>Discharge Date:</strong> 2022-12-31</li>
  <li><strong>Medication:</strong> b</li>
  <li><strong>Test Results:</strong> c</li>
</ul>
</body>
</html>",42,"Which respondent numbers have Gender Male and Medical Condition Cancer?

DATA:

<!DOCTYPE html>
<html>
<head>
<title>Survey Data</title>
</head>
<body>
<h1>Questions</h1>
<ul>
  <li><strong>Name:</strong> What is your name? [Open-ended]</li>
  <li><strong>Age:</strong> What is your age? [Open-ended]</li>
  <li><strong>Gender:</strong> What is your gender? [MCQ: A. Female B. Male]</li>
  <li><strong>Blood Type:</strong> What is your blood type? [MCQ: A. A+ B. A- C. AB+ D. AB- E. B+ F. B- G. O+ H. O-]</li>
  <li><strong>Medical Condition:</strong> What is your medical condition? [MCQ: A. Arthritis B. Asthma C. Cancer D. Diabetes E. Hypertension F. Obesity]</li>
  <li><strong>Date of Admission:</strong> What is your date of admission? [Open-ended]</li>
  <li><strong>Doctor:</strong> What is your doctor? [Open-ended]</li>
  <li><strong>Hospital:</strong> What is your hospital? [Open-ended]</li>
  <li><strong>Insurance Provider:</strong> What is your insurance provider? [MCQ: A. Aetna B. Blue Cross C. Cigna D. Medicare E. UnitedHealthcare]</li>
  <li><strong>Billing Amount:</strong> What is your billing amount? [Open-ended]</li>
  <li><strong>Room Number:</strong> What is your room number? [Open-ended]</li>
  <li><strong>Admission Type:</strong> What is your admission type? [MCQ: A. Elective B. Emergency C. Urgent]</li>
  <li><strong>Discharge Date:</strong> What is your discharge date? [Open-ended]</li>
  <li><strong>Medication:</strong> What is your medication? [MCQ: A. Aspirin B. Ibuprofen C. Lipitor D. Paracetamol E. Penicillin]</li>
  <li><strong>Test Results:</strong> What is your test results? [MCQ: A. Abnormal B. Inconclusive C. Normal]</li>
</ul>
<h1>Responses</h1>
<h2>Respondent 133</h2>
<ul>
  <li><strong>Name:</strong> ashLEy ERIcKSoN</li>
  <li><strong>Age:</strong> 32</li>
  <li><strong>Gender:</strong> a</li>
  <li><strong>Blood Type:</strong> d</li>
  <li><strong>Medical Condition:</strong> c</li>
  <li><strong>Date of Admission:</strong> 2019-11-05</li>
  <li><strong>Doctor:</strong> Gerald Hooper</li>
  <li><strong>Hospital:</strong> and Johnson Moore, Branch</li>
  <li><strong>Insurance Provider:</strong> a</li>
  <li><strong>Billing Amount:</strong> -503</li>
  <li><strong>Room Number:</strong> 376</li>
  <li><strong>Admission Type:</strong> c</li>
  <li><strong>Discharge Date:</strong> 2019-11-23</li>
  <li><strong>Medication:</strong> e</li>
  <li><strong>Test Results:</strong> c</li>
</ul>
<h2>Respondent 63</h2>
<ul>
  <li><strong>Name:</strong> tRAvIs carTeR</li>
  <li><strong>Age:</strong> 18</li>
  <li><strong>Gender:</strong> b</li>
  <li><strong>Blood Type:</strong> a</li>
  <li><strong>Medical Condition:</strong> c</li>
  <li><strong>Date of Admission:</strong> 2022-07-06</li>
  <li><strong>Doctor:</strong> Megan Hahn</li>
  <li><strong>Hospital:</strong> Moss and Ferguson, Baker</li>
  <li><strong>Insurance Provider:</strong> e</li>
  <li><strong>Billing Amount:</strong> 48407</li>
  <li><strong>Room Number:</strong> 325</li>
  <li><strong>Admission Type:</strong> b</li>
  <li><strong>Discharge Date:</strong> 2022-07-18</li>
  <li><strong>Medication:</strong> a</li>
  <li><strong>Test Results:</strong> c</li>
</ul>
<h2>Respondent 116</h2>
<ul>
  <li><strong>Name:</strong> reBEcCA PARsONs</li>
  <li><strong>Age:</strong> 37</li>
  <li><strong>Gender:</strong> a</li>
  <li><strong>Blood Type:</strong> g</li>
  <li><strong>Medical Condition:</strong> b</li>
  <li><strong>Date of Admission:</strong> 2019-12-02</li>
  <li><strong>Doctor:</strong> Steven Adams</li>
  <li><strong>Hospital:</strong> Group White</li>
  <li><strong>Insurance Provider:</strong> a</li>
  <li><strong>Billing Amount:</strong> 8521</li>
  <li><strong>Room Number:</strong> 476</li>
  <li><strong>Admission Type:</strong> a</li>
  <li><strong>Discharge Date:</strong> 2019-12-13</li>
  <li><strong>Medication:</strong> e</li>
  <li><strong>Test Results:</strong> a</li>
</ul>
</body>
</html>

Answer: 63

<!DOCTYPE html>
<html>
<head>
<title>Survey Data</title>
</head>
<body>
<h1>Questions</h1>
<ul>
  <li><strong>Name:</strong> What is your name? [Open-ended]</li>
  <li><strong>Age:</strong> What is your age? [Open-ended]</li>
  <li><strong>Gender:</strong> What is your gender? [MCQ: A. Female B. Male]</li>
  <li><strong>Blood Type:</strong> What is your blood type? [MCQ: A. A+ B. A- C. AB+ D. AB- E. B+ F. B- G. O+ H. O-]</li>
  <li><strong>Medical Condition:</strong> What is your medical condition? [MCQ: A. Arthritis B. Asthma C. Cancer D. Diabetes E. Hypertension F. Obesity]</li>
  <li><strong>Date of Admission:</strong> What is your date of admission? [Open-ended]</li>
  <li><strong>Doctor:</strong> What is your doctor? [Open-ended]</li>
  <li><strong>Hospital:</strong> What is your hospital? [Open-ended]</li>
  <li><strong>Insurance Provider:</strong> What is your insurance provider? [MCQ: A. Aetna B. Blue Cross C. Cigna D. Medicare E. UnitedHealthcare]</li>
  <li><strong>Billing Amount:</strong> What is your billing amount? [Open-ended]</li>
  <li><strong>Room Number:</strong> What is your room number? [Open-ended]</li>
  <li><strong>Admission Type:</strong> What is your admission type? [MCQ: A. Elective B. Emergency C. Urgent]</li>
  <li><strong>Discharge Date:</strong> What is your discharge date? [Open-ended]</li>
  <li><strong>Medication:</strong> What is your medication? [MCQ: A. Aspirin B. Ibuprofen C. Lipitor D. Paracetamol E. Penicillin]</li>
  <li><strong>Test Results:</strong> What is your test results? [MCQ: A. Abnormal B. Inconclusive C. Normal]</li>
</ul>
<h1>Responses</h1>
<h2>Respondent 125</h2>
<ul>
  <li><strong>Name:</strong> terRY THoMaS</li>
  <li><strong>Age:</strong> 50</li>
  <li><strong>Gender:</strong> a</li>
  <li><strong>Blood Type:</strong> f</li>
  <li><strong>Medical Condition:</strong> b</li>
  <li><strong>Date of Admission:</strong> 2021-06-03</li>
  <li><strong>Doctor:</strong> Lucas Cole</li>
  <li><strong>Hospital:</strong> Cantu-Berry</li>
  <li><strong>Insurance Provider:</strong> a</li>
  <li><strong>Billing Amount:</strong> 48175</li>
  <li><strong>Room Number:</strong> 368</li>
  <li><strong>Admission Type:</strong> c</li>
  <li><strong>Discharge Date:</strong> 2021-07-01</li>
  <li><strong>Medication:</strong> d</li>
  <li><strong>Test Results:</strong> b</li>
</ul>
<h2>Respondent 42</h2>
<ul>
  <li><strong>Name:</strong> ThomAS morsE</li>
  <li><strong>Age:</strong> 81</li>
  <li><strong>Gender:</strong> b</li>
  <li><strong>Blood Type:</strong> a</li>
  <li><strong>Medical Condition:</strong> e</li>
  <li><strong>Date of Admission:</strong> 2020-01-27</li>
  <li><strong>Doctor:</strong> Jennifer Carter</li>
  <li><strong>Hospital:</strong> Meadows Group</li>
  <li><strong>Insurance Provider:</strong> c</li>
  <li><strong>Billing Amount:</strong> 35634</li>
  <li><strong>Room Number:</strong> 196</li>
  <li><strong>Admission Type:</strong> c</li>
  <li><strong>Discharge Date:</strong> 2020-02-09</li>
  <li><strong>Medication:</strong> a</li>
  <li><strong>Test Results:</strong> c</li>
</ul>
<h2>Respondent 98</h2>
<ul>
  <li><strong>Name:</strong> TOdd coopeR</li>
  <li><strong>Age:</strong> 55</li>
  <li><strong>Gender:</strong> a</li>
  <li><strong>Blood Type:</strong> a</li>
  <li><strong>Medical Condition:</strong> d</li>
  <li><strong>Date of Admission:</strong> 2022-12-10</li>
  <li><strong>Doctor:</strong> Jason Price</li>
  <li><strong>Hospital:</strong> Henderson-Taylor</li>
  <li><strong>Insurance Provider:</strong> e</li>
  <li><strong>Billing Amount:</strong> 21772</li>
  <li><strong>Room Number:</strong> 459</li>
  <li><strong>Admission Type:</strong> a</li>
  <li><strong>Discharge Date:</strong> 2022-12-31</li>
  <li><strong>Medication:</strong> b</li>
  <li><strong>Test Results:</strong> c</li>
</ul>
</body>
</html>

You are a meticulous data analyst AI. Your primary function is to accurately analyze structured data and provide precise, verifiable answers.

You will be given a dataset with two key parts:

A 'questions' section: This is your data dictionary or schema. It is the single source of truth for understanding what each field and score means. Refer to it carefully.

A 'responses' section: This contains the raw data from each individual respondent.

To answer the question correctly, you must first use the 'questions' schema to fully understand the context and meaning of the data points within the 'responses'. Do not rely on any prior knowledge outside of this provided data. Base your entire analysis on the information given.

Provide your final answer directly and concisely. Output must be the human-readable value, not an option code.

Rules:
- For MCQ fields, map any letter codes in the Responses (case-insensitive) to the corresponding option text from the Questions schema, and output only that text. Do NOT include the letter or both.
  Example: If the schema is ""[MCQ: A. Abnormal B. Inconclusive C. Normal]"" and the response is ""a"", output ""Abnormal"".
- For open-ended fields, output the exact text value.
- If the question asks for a count, provide only the number (e.g., ""42"").
- If the question asks for a list of names or IDs, provide a simple comma-separated list (e.g., ""17, 21, 23"").
- Preserve capitalization exactly as in the schema (e.g., output ""Abnormal"", not ""abnormal"" or ""A"").

Which respondent numbers have Medical Condition Hypertension and Medication Aspirin?",,
case_26,multi_hop_relational_inference,Which respondent numbers have Blood Type B- and Test Results Normal?,"<!DOCTYPE html>
<html>
<head>
<title>Survey Data</title>
</head>
<body>
<h1>Questions</h1>
<ul>
  <li><strong>Name:</strong> What is your name? [Open-ended]</li>
  <li><strong>Age:</strong> What is your age? [Open-ended]</li>
  <li><strong>Gender:</strong> What is your gender? [MCQ: A. Female B. Male]</li>
  <li><strong>Blood Type:</strong> What is your blood type? [MCQ: A. A+ B. A- C. AB+ D. AB- E. B+ F. B- G. O+ H. O-]</li>
  <li><strong>Medical Condition:</strong> What is your medical condition? [MCQ: A. Arthritis B. Asthma C. Cancer D. Diabetes E. Hypertension F. Obesity]</li>
  <li><strong>Date of Admission:</strong> What is your date of admission? [Open-ended]</li>
  <li><strong>Doctor:</strong> What is your doctor? [Open-ended]</li>
  <li><strong>Hospital:</strong> What is your hospital? [Open-ended]</li>
  <li><strong>Insurance Provider:</strong> What is your insurance provider? [MCQ: A. Aetna B. Blue Cross C. Cigna D. Medicare E. UnitedHealthcare]</li>
  <li><strong>Billing Amount:</strong> What is your billing amount? [Open-ended]</li>
  <li><strong>Room Number:</strong> What is your room number? [Open-ended]</li>
  <li><strong>Admission Type:</strong> What is your admission type? [MCQ: A. Elective B. Emergency C. Urgent]</li>
  <li><strong>Discharge Date:</strong> What is your discharge date? [Open-ended]</li>
  <li><strong>Medication:</strong> What is your medication? [MCQ: A. Aspirin B. Ibuprofen C. Lipitor D. Paracetamol E. Penicillin]</li>
  <li><strong>Test Results:</strong> What is your test results? [MCQ: A. Abnormal B. Inconclusive C. Normal]</li>
</ul>
<h1>Responses</h1>
<h2>Respondent 60</h2>
<ul>
  <li><strong>Name:</strong> jACqUeLINE jORdaN</li>
  <li><strong>Age:</strong> 51</li>
  <li><strong>Gender:</strong> b</li>
  <li><strong>Blood Type:</strong> g</li>
  <li><strong>Medical Condition:</strong> e</li>
  <li><strong>Date of Admission:</strong> 2020-07-10</li>
  <li><strong>Doctor:</strong> Jacob Daniel</li>
  <li><strong>Hospital:</strong> Hunter-Grant</li>
  <li><strong>Insurance Provider:</strong> a</li>
  <li><strong>Billing Amount:</strong> 17840</li>
  <li><strong>Room Number:</strong> 306</li>
  <li><strong>Admission Type:</strong> a</li>
  <li><strong>Discharge Date:</strong> 2020-07-20</li>
  <li><strong>Medication:</strong> d</li>
  <li><strong>Test Results:</strong> a</li>
</ul>
<h2>Respondent 1</h2>
<ul>
  <li><strong>Name:</strong> Bobby JacksOn</li>
  <li><strong>Age:</strong> 30</li>
  <li><strong>Blood Type:</strong> f</li>
  <li><strong>Medical Condition:</strong> c</li>
  <li><strong>Date of Admission:</strong> 2024-01-31</li>
  <li><strong>Doctor:</strong> Matthew Smith</li>
  <li><strong>Hospital:</strong> Sons and Miller</li>
  <li><strong>Insurance Provider:</strong> b</li>
  <li><strong>Billing Amount:</strong> 18856</li>
  <li><strong>Room Number:</strong> 328</li>
  <li><strong>Admission Type:</strong> c</li>
  <li><strong>Discharge Date:</strong> 2024-02-02</li>
  <li><strong>Medication:</strong> d</li>
  <li><strong>Test Results:</strong> c</li>
</ul>
<h2>Respondent 50</h2>
<ul>
  <li><strong>Name:</strong> BRandOn coLLINS</li>
  <li><strong>Age:</strong> 77</li>
  <li><strong>Gender:</strong> a</li>
  <li><strong>Blood Type:</strong> g</li>
  <li><strong>Medical Condition:</strong> b</li>
  <li><strong>Date of Admission:</strong> 2019-07-19</li>
  <li><strong>Doctor:</strong> Cameron Young</li>
  <li><strong>Hospital:</strong> Lopez PLC</li>
  <li><strong>Insurance Provider:</strong> c</li>
  <li><strong>Billing Amount:</strong> 16320</li>
  <li><strong>Room Number:</strong> 138</li>
  <li><strong>Admission Type:</strong> c</li>
  <li><strong>Discharge Date:</strong> 2019-07-29</li>
  <li><strong>Medication:</strong> b</li>
  <li><strong>Test Results:</strong> a</li>
</ul>
</body>
</html>",1,"Which respondent numbers have Gender Male and Medical Condition Cancer?

DATA:

<!DOCTYPE html>
<html>
<head>
<title>Survey Data</title>
</head>
<body>
<h1>Questions</h1>
<ul>
  <li><strong>Name:</strong> What is your name? [Open-ended]</li>
  <li><strong>Age:</strong> What is your age? [Open-ended]</li>
  <li><strong>Gender:</strong> What is your gender? [MCQ: A. Female B. Male]</li>
  <li><strong>Blood Type:</strong> What is your blood type? [MCQ: A. A+ B. A- C. AB+ D. AB- E. B+ F. B- G. O+ H. O-]</li>
  <li><strong>Medical Condition:</strong> What is your medical condition? [MCQ: A. Arthritis B. Asthma C. Cancer D. Diabetes E. Hypertension F. Obesity]</li>
  <li><strong>Date of Admission:</strong> What is your date of admission? [Open-ended]</li>
  <li><strong>Doctor:</strong> What is your doctor? [Open-ended]</li>
  <li><strong>Hospital:</strong> What is your hospital? [Open-ended]</li>
  <li><strong>Insurance Provider:</strong> What is your insurance provider? [MCQ: A. Aetna B. Blue Cross C. Cigna D. Medicare E. UnitedHealthcare]</li>
  <li><strong>Billing Amount:</strong> What is your billing amount? [Open-ended]</li>
  <li><strong>Room Number:</strong> What is your room number? [Open-ended]</li>
  <li><strong>Admission Type:</strong> What is your admission type? [MCQ: A. Elective B. Emergency C. Urgent]</li>
  <li><strong>Discharge Date:</strong> What is your discharge date? [Open-ended]</li>
  <li><strong>Medication:</strong> What is your medication? [MCQ: A. Aspirin B. Ibuprofen C. Lipitor D. Paracetamol E. Penicillin]</li>
  <li><strong>Test Results:</strong> What is your test results? [MCQ: A. Abnormal B. Inconclusive C. Normal]</li>
</ul>
<h1>Responses</h1>
<h2>Respondent 133</h2>
<ul>
  <li><strong>Name:</strong> ashLEy ERIcKSoN</li>
  <li><strong>Age:</strong> 32</li>
  <li><strong>Gender:</strong> a</li>
  <li><strong>Blood Type:</strong> d</li>
  <li><strong>Medical Condition:</strong> c</li>
  <li><strong>Date of Admission:</strong> 2019-11-05</li>
  <li><strong>Doctor:</strong> Gerald Hooper</li>
  <li><strong>Hospital:</strong> and Johnson Moore, Branch</li>
  <li><strong>Insurance Provider:</strong> a</li>
  <li><strong>Billing Amount:</strong> -503</li>
  <li><strong>Room Number:</strong> 376</li>
  <li><strong>Admission Type:</strong> c</li>
  <li><strong>Discharge Date:</strong> 2019-11-23</li>
  <li><strong>Medication:</strong> e</li>
  <li><strong>Test Results:</strong> c</li>
</ul>
<h2>Respondent 63</h2>
<ul>
  <li><strong>Name:</strong> tRAvIs carTeR</li>
  <li><strong>Age:</strong> 18</li>
  <li><strong>Gender:</strong> b</li>
  <li><strong>Blood Type:</strong> a</li>
  <li><strong>Medical Condition:</strong> c</li>
  <li><strong>Date of Admission:</strong> 2022-07-06</li>
  <li><strong>Doctor:</strong> Megan Hahn</li>
  <li><strong>Hospital:</strong> Moss and Ferguson, Baker</li>
  <li><strong>Insurance Provider:</strong> e</li>
  <li><strong>Billing Amount:</strong> 48407</li>
  <li><strong>Room Number:</strong> 325</li>
  <li><strong>Admission Type:</strong> b</li>
  <li><strong>Discharge Date:</strong> 2022-07-18</li>
  <li><strong>Medication:</strong> a</li>
  <li><strong>Test Results:</strong> c</li>
</ul>
<h2>Respondent 116</h2>
<ul>
  <li><strong>Name:</strong> reBEcCA PARsONs</li>
  <li><strong>Age:</strong> 37</li>
  <li><strong>Gender:</strong> a</li>
  <li><strong>Blood Type:</strong> g</li>
  <li><strong>Medical Condition:</strong> b</li>
  <li><strong>Date of Admission:</strong> 2019-12-02</li>
  <li><strong>Doctor:</strong> Steven Adams</li>
  <li><strong>Hospital:</strong> Group White</li>
  <li><strong>Insurance Provider:</strong> a</li>
  <li><strong>Billing Amount:</strong> 8521</li>
  <li><strong>Room Number:</strong> 476</li>
  <li><strong>Admission Type:</strong> a</li>
  <li><strong>Discharge Date:</strong> 2019-12-13</li>
  <li><strong>Medication:</strong> e</li>
  <li><strong>Test Results:</strong> a</li>
</ul>
</body>
</html>

Answer: 63

<!DOCTYPE html>
<html>
<head>
<title>Survey Data</title>
</head>
<body>
<h1>Questions</h1>
<ul>
  <li><strong>Name:</strong> What is your name? [Open-ended]</li>
  <li><strong>Age:</strong> What is your age? [Open-ended]</li>
  <li><strong>Gender:</strong> What is your gender? [MCQ: A. Female B. Male]</li>
  <li><strong>Blood Type:</strong> What is your blood type? [MCQ: A. A+ B. A- C. AB+ D. AB- E. B+ F. B- G. O+ H. O-]</li>
  <li><strong>Medical Condition:</strong> What is your medical condition? [MCQ: A. Arthritis B. Asthma C. Cancer D. Diabetes E. Hypertension F. Obesity]</li>
  <li><strong>Date of Admission:</strong> What is your date of admission? [Open-ended]</li>
  <li><strong>Doctor:</strong> What is your doctor? [Open-ended]</li>
  <li><strong>Hospital:</strong> What is your hospital? [Open-ended]</li>
  <li><strong>Insurance Provider:</strong> What is your insurance provider? [MCQ: A. Aetna B. Blue Cross C. Cigna D. Medicare E. UnitedHealthcare]</li>
  <li><strong>Billing Amount:</strong> What is your billing amount? [Open-ended]</li>
  <li><strong>Room Number:</strong> What is your room number? [Open-ended]</li>
  <li><strong>Admission Type:</strong> What is your admission type? [MCQ: A. Elective B. Emergency C. Urgent]</li>
  <li><strong>Discharge Date:</strong> What is your discharge date? [Open-ended]</li>
  <li><strong>Medication:</strong> What is your medication? [MCQ: A. Aspirin B. Ibuprofen C. Lipitor D. Paracetamol E. Penicillin]</li>
  <li><strong>Test Results:</strong> What is your test results? [MCQ: A. Abnormal B. Inconclusive C. Normal]</li>
</ul>
<h1>Responses</h1>
<h2>Respondent 60</h2>
<ul>
  <li><strong>Name:</strong> jACqUeLINE jORdaN</li>
  <li><strong>Age:</strong> 51</li>
  <li><strong>Gender:</strong> b</li>
  <li><strong>Blood Type:</strong> g</li>
  <li><strong>Medical Condition:</strong> e</li>
  <li><strong>Date of Admission:</strong> 2020-07-10</li>
  <li><strong>Doctor:</strong> Jacob Daniel</li>
  <li><strong>Hospital:</strong> Hunter-Grant</li>
  <li><strong>Insurance Provider:</strong> a</li>
  <li><strong>Billing Amount:</strong> 17840</li>
  <li><strong>Room Number:</strong> 306</li>
  <li><strong>Admission Type:</strong> a</li>
  <li><strong>Discharge Date:</strong> 2020-07-20</li>
  <li><strong>Medication:</strong> d</li>
  <li><strong>Test Results:</strong> a</li>
</ul>
<h2>Respondent 1</h2>
<ul>
  <li><strong>Name:</strong> Bobby JacksOn</li>
  <li><strong>Age:</strong> 30</li>
  <li><strong>Blood Type:</strong> f</li>
  <li><strong>Medical Condition:</strong> c</li>
  <li><strong>Date of Admission:</strong> 2024-01-31</li>
  <li><strong>Doctor:</strong> Matthew Smith</li>
  <li><strong>Hospital:</strong> Sons and Miller</li>
  <li><strong>Insurance Provider:</strong> b</li>
  <li><strong>Billing Amount:</strong> 18856</li>
  <li><strong>Room Number:</strong> 328</li>
  <li><strong>Admission Type:</strong> c</li>
  <li><strong>Discharge Date:</strong> 2024-02-02</li>
  <li><strong>Medication:</strong> d</li>
  <li><strong>Test Results:</strong> c</li>
</ul>
<h2>Respondent 50</h2>
<ul>
  <li><strong>Name:</strong> BRandOn coLLINS</li>
  <li><strong>Age:</strong> 77</li>
  <li><strong>Gender:</strong> a</li>
  <li><strong>Blood Type:</strong> g</li>
  <li><strong>Medical Condition:</strong> b</li>
  <li><strong>Date of Admission:</strong> 2019-07-19</li>
  <li><strong>Doctor:</strong> Cameron Young</li>
  <li><strong>Hospital:</strong> Lopez PLC</li>
  <li><strong>Insurance Provider:</strong> c</li>
  <li><strong>Billing Amount:</strong> 16320</li>
  <li><strong>Room Number:</strong> 138</li>
  <li><strong>Admission Type:</strong> c</li>
  <li><strong>Discharge Date:</strong> 2019-07-29</li>
  <li><strong>Medication:</strong> b</li>
  <li><strong>Test Results:</strong> a</li>
</ul>
</body>
</html>

You are a meticulous data analyst AI. Your primary function is to accurately analyze structured data and provide precise, verifiable answers.

You will be given a dataset with two key parts:

A 'questions' section: This is your data dictionary or schema. It is the single source of truth for understanding what each field and score means. Refer to it carefully.

A 'responses' section: This contains the raw data from each individual respondent.

To answer the question correctly, you must first use the 'questions' schema to fully understand the context and meaning of the data points within the 'responses'. Do not rely on any prior knowledge outside of this provided data. Base your entire analysis on the information given.

Provide your final answer directly and concisely. Output must be the human-readable value, not an option code.

Rules:
- For MCQ fields, map any letter codes in the Responses (case-insensitive) to the corresponding option text from the Questions schema, and output only that text. Do NOT include the letter or both.
  Example: If the schema is ""[MCQ: A. Abnormal B. Inconclusive C. Normal]"" and the response is ""a"", output ""Abnormal"".
- For open-ended fields, output the exact text value.
- If the question asks for a count, provide only the number (e.g., ""42"").
- If the question asks for a list of names or IDs, provide a simple comma-separated list (e.g., ""17, 21, 23"").
- Preserve capitalization exactly as in the schema (e.g., output ""Abnormal"", not ""abnormal"" or ""A"").

Which respondent numbers have Blood Type B- and Test Results Normal?",,
case_27,multi_hop_relational_inference,Which respondent numbers have Admission Type Emergency and Test Results Abnormal?,"<!DOCTYPE html>
<html>
<head>
<title>Survey Data</title>
</head>
<body>
<h1>Questions</h1>
<ul>
  <li><strong>Name:</strong> What is your name? [Open-ended]</li>
  <li><strong>Age:</strong> What is your age? [Open-ended]</li>
  <li><strong>Gender:</strong> What is your gender? [MCQ: A. Female B. Male]</li>
  <li><strong>Blood Type:</strong> What is your blood type? [MCQ: A. A+ B. A- C. AB+ D. AB- E. B+ F. B- G. O+ H. O-]</li>
  <li><strong>Medical Condition:</strong> What is your medical condition? [MCQ: A. Arthritis B. Asthma C. Cancer D. Diabetes E. Hypertension F. Obesity]</li>
  <li><strong>Date of Admission:</strong> What is your date of admission? [Open-ended]</li>
  <li><strong>Doctor:</strong> What is your doctor? [Open-ended]</li>
  <li><strong>Hospital:</strong> What is your hospital? [Open-ended]</li>
  <li><strong>Insurance Provider:</strong> What is your insurance provider? [MCQ: A. Aetna B. Blue Cross C. Cigna D. Medicare E. UnitedHealthcare]</li>
  <li><strong>Billing Amount:</strong> What is your billing amount? [Open-ended]</li>
  <li><strong>Room Number:</strong> What is your room number? [Open-ended]</li>
  <li><strong>Admission Type:</strong> What is your admission type? [MCQ: A. Elective B. Emergency C. Urgent]</li>
  <li><strong>Discharge Date:</strong> What is your discharge date? [Open-ended]</li>
  <li><strong>Medication:</strong> What is your medication? [MCQ: A. Aspirin B. Ibuprofen C. Lipitor D. Paracetamol E. Penicillin]</li>
  <li><strong>Test Results:</strong> What is your test results? [MCQ: A. Abnormal B. Inconclusive C. Normal]</li>
</ul>
<h1>Responses</h1>
<h2>Respondent 92</h2>
<ul>
  <li><strong>Name:</strong> MR. TYler TAYLOR Phd</li>
  <li><strong>Age:</strong> 80</li>
  <li><strong>Gender:</strong> b</li>
  <li><strong>Blood Type:</strong> a</li>
  <li><strong>Medical Condition:</strong> d</li>
  <li><strong>Date of Admission:</strong> 2022-11-05</li>
  <li><strong>Doctor:</strong> Robert Salazar</li>
  <li><strong>Hospital:</strong> Dean-Hawkins</li>
  <li><strong>Insurance Provider:</strong> e</li>
  <li><strong>Billing Amount:</strong> 10662</li>
  <li><strong>Room Number:</strong> 120</li>
  <li><strong>Admission Type:</strong> b</li>
  <li><strong>Discharge Date:</strong> 2022-11-25</li>
  <li><strong>Medication:</strong> c</li>
  <li><strong>Test Results:</strong> a</li>
</ul>
<h2>Respondent 40</h2>
<ul>
  <li><strong>Name:</strong> PAmela fErNanDeZ</li>
  <li><strong>Age:</strong> 57</li>
  <li><strong>Gender:</strong> a</li>
  <li><strong>Blood Type:</strong> f</li>
  <li><strong>Medical Condition:</strong> f</li>
  <li><strong>Date of Admission:</strong> 2021-01-17</li>
  <li><strong>Doctor:</strong> Emily Taylor</li>
  <li><strong>Hospital:</strong> Walton-Meyer</li>
  <li><strong>Insurance Provider:</strong> d</li>
  <li><strong>Billing Amount:</strong> 32974</li>
  <li><strong>Room Number:</strong> 272</li>
  <li><strong>Admission Type:</strong> c</li>
  <li><strong>Discharge Date:</strong> 2021-01-29</li>
  <li><strong>Medication:</strong> e</li>
  <li><strong>Test Results:</strong> a</li>
</ul>
<h2>Respondent 117</h2>
<ul>
  <li><strong>Name:</strong> jUdy joHNsoN</li>
  <li><strong>Age:</strong> 52</li>
  <li><strong>Gender:</strong> a</li>
  <li><strong>Blood Type:</strong> d</li>
  <li><strong>Medical Condition:</strong> c</li>
  <li><strong>Date of Admission:</strong> 2020-08-21</li>
  <li><strong>Doctor:</strong> Victoria Patel</li>
  <li><strong>Hospital:</strong> Hughes and Erickson, Anderson</li>
  <li><strong>Insurance Provider:</strong> c</li>
  <li><strong>Billing Amount:</strong> 47985</li>
  <li><strong>Room Number:</strong> 388</li>
  <li><strong>Admission Type:</strong> a</li>
  <li><strong>Discharge Date:</strong> 2020-09-06</li>
  <li><strong>Medication:</strong> e</li>
  <li><strong>Test Results:</strong> b</li>
</ul>
</body>
</html>",92,"Which respondent numbers have Gender Male and Medical Condition Cancer?

DATA:

<!DOCTYPE html>
<html>
<head>
<title>Survey Data</title>
</head>
<body>
<h1>Questions</h1>
<ul>
  <li><strong>Name:</strong> What is your name? [Open-ended]</li>
  <li><strong>Age:</strong> What is your age? [Open-ended]</li>
  <li><strong>Gender:</strong> What is your gender? [MCQ: A. Female B. Male]</li>
  <li><strong>Blood Type:</strong> What is your blood type? [MCQ: A. A+ B. A- C. AB+ D. AB- E. B+ F. B- G. O+ H. O-]</li>
  <li><strong>Medical Condition:</strong> What is your medical condition? [MCQ: A. Arthritis B. Asthma C. Cancer D. Diabetes E. Hypertension F. Obesity]</li>
  <li><strong>Date of Admission:</strong> What is your date of admission? [Open-ended]</li>
  <li><strong>Doctor:</strong> What is your doctor? [Open-ended]</li>
  <li><strong>Hospital:</strong> What is your hospital? [Open-ended]</li>
  <li><strong>Insurance Provider:</strong> What is your insurance provider? [MCQ: A. Aetna B. Blue Cross C. Cigna D. Medicare E. UnitedHealthcare]</li>
  <li><strong>Billing Amount:</strong> What is your billing amount? [Open-ended]</li>
  <li><strong>Room Number:</strong> What is your room number? [Open-ended]</li>
  <li><strong>Admission Type:</strong> What is your admission type? [MCQ: A. Elective B. Emergency C. Urgent]</li>
  <li><strong>Discharge Date:</strong> What is your discharge date? [Open-ended]</li>
  <li><strong>Medication:</strong> What is your medication? [MCQ: A. Aspirin B. Ibuprofen C. Lipitor D. Paracetamol E. Penicillin]</li>
  <li><strong>Test Results:</strong> What is your test results? [MCQ: A. Abnormal B. Inconclusive C. Normal]</li>
</ul>
<h1>Responses</h1>
<h2>Respondent 133</h2>
<ul>
  <li><strong>Name:</strong> ashLEy ERIcKSoN</li>
  <li><strong>Age:</strong> 32</li>
  <li><strong>Gender:</strong> a</li>
  <li><strong>Blood Type:</strong> d</li>
  <li><strong>Medical Condition:</strong> c</li>
  <li><strong>Date of Admission:</strong> 2019-11-05</li>
  <li><strong>Doctor:</strong> Gerald Hooper</li>
  <li><strong>Hospital:</strong> and Johnson Moore, Branch</li>
  <li><strong>Insurance Provider:</strong> a</li>
  <li><strong>Billing Amount:</strong> -503</li>
  <li><strong>Room Number:</strong> 376</li>
  <li><strong>Admission Type:</strong> c</li>
  <li><strong>Discharge Date:</strong> 2019-11-23</li>
  <li><strong>Medication:</strong> e</li>
  <li><strong>Test Results:</strong> c</li>
</ul>
<h2>Respondent 63</h2>
<ul>
  <li><strong>Name:</strong> tRAvIs carTeR</li>
  <li><strong>Age:</strong> 18</li>
  <li><strong>Gender:</strong> b</li>
  <li><strong>Blood Type:</strong> a</li>
  <li><strong>Medical Condition:</strong> c</li>
  <li><strong>Date of Admission:</strong> 2022-07-06</li>
  <li><strong>Doctor:</strong> Megan Hahn</li>
  <li><strong>Hospital:</strong> Moss and Ferguson, Baker</li>
  <li><strong>Insurance Provider:</strong> e</li>
  <li><strong>Billing Amount:</strong> 48407</li>
  <li><strong>Room Number:</strong> 325</li>
  <li><strong>Admission Type:</strong> b</li>
  <li><strong>Discharge Date:</strong> 2022-07-18</li>
  <li><strong>Medication:</strong> a</li>
  <li><strong>Test Results:</strong> c</li>
</ul>
<h2>Respondent 116</h2>
<ul>
  <li><strong>Name:</strong> reBEcCA PARsONs</li>
  <li><strong>Age:</strong> 37</li>
  <li><strong>Gender:</strong> a</li>
  <li><strong>Blood Type:</strong> g</li>
  <li><strong>Medical Condition:</strong> b</li>
  <li><strong>Date of Admission:</strong> 2019-12-02</li>
  <li><strong>Doctor:</strong> Steven Adams</li>
  <li><strong>Hospital:</strong> Group White</li>
  <li><strong>Insurance Provider:</strong> a</li>
  <li><strong>Billing Amount:</strong> 8521</li>
  <li><strong>Room Number:</strong> 476</li>
  <li><strong>Admission Type:</strong> a</li>
  <li><strong>Discharge Date:</strong> 2019-12-13</li>
  <li><strong>Medication:</strong> e</li>
  <li><strong>Test Results:</strong> a</li>
</ul>
</body>
</html>

Answer: 63

<!DOCTYPE html>
<html>
<head>
<title>Survey Data</title>
</head>
<body>
<h1>Questions</h1>
<ul>
  <li><strong>Name:</strong> What is your name? [Open-ended]</li>
  <li><strong>Age:</strong> What is your age? [Open-ended]</li>
  <li><strong>Gender:</strong> What is your gender? [MCQ: A. Female B. Male]</li>
  <li><strong>Blood Type:</strong> What is your blood type? [MCQ: A. A+ B. A- C. AB+ D. AB- E. B+ F. B- G. O+ H. O-]</li>
  <li><strong>Medical Condition:</strong> What is your medical condition? [MCQ: A. Arthritis B. Asthma C. Cancer D. Diabetes E. Hypertension F. Obesity]</li>
  <li><strong>Date of Admission:</strong> What is your date of admission? [Open-ended]</li>
  <li><strong>Doctor:</strong> What is your doctor? [Open-ended]</li>
  <li><strong>Hospital:</strong> What is your hospital? [Open-ended]</li>
  <li><strong>Insurance Provider:</strong> What is your insurance provider? [MCQ: A. Aetna B. Blue Cross C. Cigna D. Medicare E. UnitedHealthcare]</li>
  <li><strong>Billing Amount:</strong> What is your billing amount? [Open-ended]</li>
  <li><strong>Room Number:</strong> What is your room number? [Open-ended]</li>
  <li><strong>Admission Type:</strong> What is your admission type? [MCQ: A. Elective B. Emergency C. Urgent]</li>
  <li><strong>Discharge Date:</strong> What is your discharge date? [Open-ended]</li>
  <li><strong>Medication:</strong> What is your medication? [MCQ: A. Aspirin B. Ibuprofen C. Lipitor D. Paracetamol E. Penicillin]</li>
  <li><strong>Test Results:</strong> What is your test results? [MCQ: A. Abnormal B. Inconclusive C. Normal]</li>
</ul>
<h1>Responses</h1>
<h2>Respondent 92</h2>
<ul>
  <li><strong>Name:</strong> MR. TYler TAYLOR Phd</li>
  <li><strong>Age:</strong> 80</li>
  <li><strong>Gender:</strong> b</li>
  <li><strong>Blood Type:</strong> a</li>
  <li><strong>Medical Condition:</strong> d</li>
  <li><strong>Date of Admission:</strong> 2022-11-05</li>
  <li><strong>Doctor:</strong> Robert Salazar</li>
  <li><strong>Hospital:</strong> Dean-Hawkins</li>
  <li><strong>Insurance Provider:</strong> e</li>
  <li><strong>Billing Amount:</strong> 10662</li>
  <li><strong>Room Number:</strong> 120</li>
  <li><strong>Admission Type:</strong> b</li>
  <li><strong>Discharge Date:</strong> 2022-11-25</li>
  <li><strong>Medication:</strong> c</li>
  <li><strong>Test Results:</strong> a</li>
</ul>
<h2>Respondent 40</h2>
<ul>
  <li><strong>Name:</strong> PAmela fErNanDeZ</li>
  <li><strong>Age:</strong> 57</li>
  <li><strong>Gender:</strong> a</li>
  <li><strong>Blood Type:</strong> f</li>
  <li><strong>Medical Condition:</strong> f</li>
  <li><strong>Date of Admission:</strong> 2021-01-17</li>
  <li><strong>Doctor:</strong> Emily Taylor</li>
  <li><strong>Hospital:</strong> Walton-Meyer</li>
  <li><strong>Insurance Provider:</strong> d</li>
  <li><strong>Billing Amount:</strong> 32974</li>
  <li><strong>Room Number:</strong> 272</li>
  <li><strong>Admission Type:</strong> c</li>
  <li><strong>Discharge Date:</strong> 2021-01-29</li>
  <li><strong>Medication:</strong> e</li>
  <li><strong>Test Results:</strong> a</li>
</ul>
<h2>Respondent 117</h2>
<ul>
  <li><strong>Name:</strong> jUdy joHNsoN</li>
  <li><strong>Age:</strong> 52</li>
  <li><strong>Gender:</strong> a</li>
  <li><strong>Blood Type:</strong> d</li>
  <li><strong>Medical Condition:</strong> c</li>
  <li><strong>Date of Admission:</strong> 2020-08-21</li>
  <li><strong>Doctor:</strong> Victoria Patel</li>
  <li><strong>Hospital:</strong> Hughes and Erickson, Anderson</li>
  <li><strong>Insurance Provider:</strong> c</li>
  <li><strong>Billing Amount:</strong> 47985</li>
  <li><strong>Room Number:</strong> 388</li>
  <li><strong>Admission Type:</strong> a</li>
  <li><strong>Discharge Date:</strong> 2020-09-06</li>
  <li><strong>Medication:</strong> e</li>
  <li><strong>Test Results:</strong> b</li>
</ul>
</body>
</html>

You are a meticulous data analyst AI. Your primary function is to accurately analyze structured data and provide precise, verifiable answers.

You will be given a dataset with two key parts:

A 'questions' section: This is your data dictionary or schema. It is the single source of truth for understanding what each field and score means. Refer to it carefully.

A 'responses' section: This contains the raw data from each individual respondent.

To answer the question correctly, you must first use the 'questions' schema to fully understand the context and meaning of the data points within the 'responses'. Do not rely on any prior knowledge outside of this provided data. Base your entire analysis on the information given.

Provide your final answer directly and concisely. Output must be the human-readable value, not an option code.

Rules:
- For MCQ fields, map any letter codes in the Responses (case-insensitive) to the corresponding option text from the Questions schema, and output only that text. Do NOT include the letter or both.
  Example: If the schema is ""[MCQ: A. Abnormal B. Inconclusive C. Normal]"" and the response is ""a"", output ""Abnormal"".
- For open-ended fields, output the exact text value.
- If the question asks for a count, provide only the number (e.g., ""42"").
- If the question asks for a list of names or IDs, provide a simple comma-separated list (e.g., ""17, 21, 23"").
- Preserve capitalization exactly as in the schema (e.g., output ""Abnormal"", not ""abnormal"" or ""A"").

Which respondent numbers have Admission Type Emergency and Test Results Abnormal?",,
case_28,multi_hop_relational_inference,Which respondent numbers have Medical Condition Cancer and Insurance Provider Medicare?,"<!DOCTYPE html>
<html>
<head>
<title>Survey Data</title>
</head>
<body>
<h1>Questions</h1>
<ul>
  <li><strong>Name:</strong> What is your name? [Open-ended]</li>
  <li><strong>Age:</strong> What is your age? [Open-ended]</li>
  <li><strong>Gender:</strong> What is your gender? [MCQ: A. Female B. Male]</li>
  <li><strong>Blood Type:</strong> What is your blood type? [MCQ: A. A+ B. A- C. AB+ D. AB- E. B+ F. B- G. O+ H. O-]</li>
  <li><strong>Medical Condition:</strong> What is your medical condition? [MCQ: A. Arthritis B. Asthma C. Cancer D. Diabetes E. Hypertension F. Obesity]</li>
  <li><strong>Date of Admission:</strong> What is your date of admission? [Open-ended]</li>
  <li><strong>Doctor:</strong> What is your doctor? [Open-ended]</li>
  <li><strong>Hospital:</strong> What is your hospital? [Open-ended]</li>
  <li><strong>Insurance Provider:</strong> What is your insurance provider? [MCQ: A. Aetna B. Blue Cross C. Cigna D. Medicare E. UnitedHealthcare]</li>
  <li><strong>Billing Amount:</strong> What is your billing amount? [Open-ended]</li>
  <li><strong>Room Number:</strong> What is your room number? [Open-ended]</li>
  <li><strong>Admission Type:</strong> What is your admission type? [MCQ: A. Elective B. Emergency C. Urgent]</li>
  <li><strong>Discharge Date:</strong> What is your discharge date? [Open-ended]</li>
  <li><strong>Medication:</strong> What is your medication? [MCQ: A. Aspirin B. Ibuprofen C. Lipitor D. Paracetamol E. Penicillin]</li>
  <li><strong>Test Results:</strong> What is your test results? [MCQ: A. Abnormal B. Inconclusive C. Normal]</li>
</ul>
<h1>Responses</h1>
<h2>Respondent 144</h2>
<ul>
  <li><strong>Name:</strong> jaSoN FOlEy</li>
  <li><strong>Age:</strong> 54</li>
  <li><strong>Gender:</strong> b</li>
  <li><strong>Blood Type:</strong> e</li>
  <li><strong>Medical Condition:</strong> d</li>
  <li><strong>Date of Admission:</strong> 2022-06-17</li>
  <li><strong>Doctor:</strong> Douglas Li</li>
  <li><strong>Hospital:</strong> Perez and Ochoa White,</li>
  <li><strong>Insurance Provider:</strong> d</li>
  <li><strong>Billing Amount:</strong> 35522</li>
  <li><strong>Room Number:</strong> 130</li>
  <li><strong>Admission Type:</strong> a</li>
  <li><strong>Discharge Date:</strong> 2022-06-24</li>
  <li><strong>Medication:</strong> d</li>
  <li><strong>Test Results:</strong> c</li>
</ul>
<h2>Respondent 46</h2>
<ul>
  <li><strong>Name:</strong> lYNn MaRtinez</li>
  <li><strong>Age:</strong> 65</li>
  <li><strong>Gender:</strong> b</li>
  <li><strong>Blood Type:</strong> g</li>
  <li><strong>Medical Condition:</strong> c</li>
  <li><strong>Date of Admission:</strong> 2022-10-12</li>
  <li><strong>Doctor:</strong> Daniel Murphy</li>
  <li><strong>Hospital:</strong> Group Armstrong</li>
  <li><strong>Insurance Provider:</strong> d</li>
  <li><strong>Billing Amount:</strong> 45586</li>
  <li><strong>Room Number:</strong> 300</li>
  <li><strong>Admission Type:</strong> b</li>
  <li><strong>Discharge Date:</strong> 2022-11-02</li>
  <li><strong>Medication:</strong> e</li>
  <li><strong>Test Results:</strong> c</li>
</ul>
<h2>Respondent 22</h2>
<ul>
  <li><strong>Name:</strong> ChRISToPHEr BRiGhT</li>
  <li><strong>Age:</strong> 48</li>
  <li><strong>Gender:</strong> b</li>
  <li><strong>Blood Type:</strong> e</li>
  <li><strong>Medical Condition:</strong> b</li>
  <li><strong>Date of Admission:</strong> 2020-01-21</li>
  <li><strong>Doctor:</strong> Gregory Smith</li>
  <li><strong>Hospital:</strong> Williams-Davis</li>
  <li><strong>Insurance Provider:</strong> a</li>
  <li><strong>Billing Amount:</strong> 17696</li>
  <li><strong>Room Number:</strong> 295</li>
  <li><strong>Admission Type:</strong> c</li>
  <li><strong>Discharge Date:</strong> 2020-02-09</li>
  <li><strong>Medication:</strong> c</li>
  <li><strong>Test Results:</strong> c</li>
</ul>
</body>
</html>",46,"Which respondent numbers have Gender Male and Medical Condition Cancer?

DATA:

<!DOCTYPE html>
<html>
<head>
<title>Survey Data</title>
</head>
<body>
<h1>Questions</h1>
<ul>
  <li><strong>Name:</strong> What is your name? [Open-ended]</li>
  <li><strong>Age:</strong> What is your age? [Open-ended]</li>
  <li><strong>Gender:</strong> What is your gender? [MCQ: A. Female B. Male]</li>
  <li><strong>Blood Type:</strong> What is your blood type? [MCQ: A. A+ B. A- C. AB+ D. AB- E. B+ F. B- G. O+ H. O-]</li>
  <li><strong>Medical Condition:</strong> What is your medical condition? [MCQ: A. Arthritis B. Asthma C. Cancer D. Diabetes E. Hypertension F. Obesity]</li>
  <li><strong>Date of Admission:</strong> What is your date of admission? [Open-ended]</li>
  <li><strong>Doctor:</strong> What is your doctor? [Open-ended]</li>
  <li><strong>Hospital:</strong> What is your hospital? [Open-ended]</li>
  <li><strong>Insurance Provider:</strong> What is your insurance provider? [MCQ: A. Aetna B. Blue Cross C. Cigna D. Medicare E. UnitedHealthcare]</li>
  <li><strong>Billing Amount:</strong> What is your billing amount? [Open-ended]</li>
  <li><strong>Room Number:</strong> What is your room number? [Open-ended]</li>
  <li><strong>Admission Type:</strong> What is your admission type? [MCQ: A. Elective B. Emergency C. Urgent]</li>
  <li><strong>Discharge Date:</strong> What is your discharge date? [Open-ended]</li>
  <li><strong>Medication:</strong> What is your medication? [MCQ: A. Aspirin B. Ibuprofen C. Lipitor D. Paracetamol E. Penicillin]</li>
  <li><strong>Test Results:</strong> What is your test results? [MCQ: A. Abnormal B. Inconclusive C. Normal]</li>
</ul>
<h1>Responses</h1>
<h2>Respondent 133</h2>
<ul>
  <li><strong>Name:</strong> ashLEy ERIcKSoN</li>
  <li><strong>Age:</strong> 32</li>
  <li><strong>Gender:</strong> a</li>
  <li><strong>Blood Type:</strong> d</li>
  <li><strong>Medical Condition:</strong> c</li>
  <li><strong>Date of Admission:</strong> 2019-11-05</li>
  <li><strong>Doctor:</strong> Gerald Hooper</li>
  <li><strong>Hospital:</strong> and Johnson Moore, Branch</li>
  <li><strong>Insurance Provider:</strong> a</li>
  <li><strong>Billing Amount:</strong> -503</li>
  <li><strong>Room Number:</strong> 376</li>
  <li><strong>Admission Type:</strong> c</li>
  <li><strong>Discharge Date:</strong> 2019-11-23</li>
  <li><strong>Medication:</strong> e</li>
  <li><strong>Test Results:</strong> c</li>
</ul>
<h2>Respondent 63</h2>
<ul>
  <li><strong>Name:</strong> tRAvIs carTeR</li>
  <li><strong>Age:</strong> 18</li>
  <li><strong>Gender:</strong> b</li>
  <li><strong>Blood Type:</strong> a</li>
  <li><strong>Medical Condition:</strong> c</li>
  <li><strong>Date of Admission:</strong> 2022-07-06</li>
  <li><strong>Doctor:</strong> Megan Hahn</li>
  <li><strong>Hospital:</strong> Moss and Ferguson, Baker</li>
  <li><strong>Insurance Provider:</strong> e</li>
  <li><strong>Billing Amount:</strong> 48407</li>
  <li><strong>Room Number:</strong> 325</li>
  <li><strong>Admission Type:</strong> b</li>
  <li><strong>Discharge Date:</strong> 2022-07-18</li>
  <li><strong>Medication:</strong> a</li>
  <li><strong>Test Results:</strong> c</li>
</ul>
<h2>Respondent 116</h2>
<ul>
  <li><strong>Name:</strong> reBEcCA PARsONs</li>
  <li><strong>Age:</strong> 37</li>
  <li><strong>Gender:</strong> a</li>
  <li><strong>Blood Type:</strong> g</li>
  <li><strong>Medical Condition:</strong> b</li>
  <li><strong>Date of Admission:</strong> 2019-12-02</li>
  <li><strong>Doctor:</strong> Steven Adams</li>
  <li><strong>Hospital:</strong> Group White</li>
  <li><strong>Insurance Provider:</strong> a</li>
  <li><strong>Billing Amount:</strong> 8521</li>
  <li><strong>Room Number:</strong> 476</li>
  <li><strong>Admission Type:</strong> a</li>
  <li><strong>Discharge Date:</strong> 2019-12-13</li>
  <li><strong>Medication:</strong> e</li>
  <li><strong>Test Results:</strong> a</li>
</ul>
</body>
</html>

Answer: 63

<!DOCTYPE html>
<html>
<head>
<title>Survey Data</title>
</head>
<body>
<h1>Questions</h1>
<ul>
  <li><strong>Name:</strong> What is your name? [Open-ended]</li>
  <li><strong>Age:</strong> What is your age? [Open-ended]</li>
  <li><strong>Gender:</strong> What is your gender? [MCQ: A. Female B. Male]</li>
  <li><strong>Blood Type:</strong> What is your blood type? [MCQ: A. A+ B. A- C. AB+ D. AB- E. B+ F. B- G. O+ H. O-]</li>
  <li><strong>Medical Condition:</strong> What is your medical condition? [MCQ: A. Arthritis B. Asthma C. Cancer D. Diabetes E. Hypertension F. Obesity]</li>
  <li><strong>Date of Admission:</strong> What is your date of admission? [Open-ended]</li>
  <li><strong>Doctor:</strong> What is your doctor? [Open-ended]</li>
  <li><strong>Hospital:</strong> What is your hospital? [Open-ended]</li>
  <li><strong>Insurance Provider:</strong> What is your insurance provider? [MCQ: A. Aetna B. Blue Cross C. Cigna D. Medicare E. UnitedHealthcare]</li>
  <li><strong>Billing Amount:</strong> What is your billing amount? [Open-ended]</li>
  <li><strong>Room Number:</strong> What is your room number? [Open-ended]</li>
  <li><strong>Admission Type:</strong> What is your admission type? [MCQ: A. Elective B. Emergency C. Urgent]</li>
  <li><strong>Discharge Date:</strong> What is your discharge date? [Open-ended]</li>
  <li><strong>Medication:</strong> What is your medication? [MCQ: A. Aspirin B. Ibuprofen C. Lipitor D. Paracetamol E. Penicillin]</li>
  <li><strong>Test Results:</strong> What is your test results? [MCQ: A. Abnormal B. Inconclusive C. Normal]</li>
</ul>
<h1>Responses</h1>
<h2>Respondent 144</h2>
<ul>
  <li><strong>Name:</strong> jaSoN FOlEy</li>
  <li><strong>Age:</strong> 54</li>
  <li><strong>Gender:</strong> b</li>
  <li><strong>Blood Type:</strong> e</li>
  <li><strong>Medical Condition:</strong> d</li>
  <li><strong>Date of Admission:</strong> 2022-06-17</li>
  <li><strong>Doctor:</strong> Douglas Li</li>
  <li><strong>Hospital:</strong> Perez and Ochoa White,</li>
  <li><strong>Insurance Provider:</strong> d</li>
  <li><strong>Billing Amount:</strong> 35522</li>
  <li><strong>Room Number:</strong> 130</li>
  <li><strong>Admission Type:</strong> a</li>
  <li><strong>Discharge Date:</strong> 2022-06-24</li>
  <li><strong>Medication:</strong> d</li>
  <li><strong>Test Results:</strong> c</li>
</ul>
<h2>Respondent 46</h2>
<ul>
  <li><strong>Name:</strong> lYNn MaRtinez</li>
  <li><strong>Age:</strong> 65</li>
  <li><strong>Gender:</strong> b</li>
  <li><strong>Blood Type:</strong> g</li>
  <li><strong>Medical Condition:</strong> c</li>
  <li><strong>Date of Admission:</strong> 2022-10-12</li>
  <li><strong>Doctor:</strong> Daniel Murphy</li>
  <li><strong>Hospital:</strong> Group Armstrong</li>
  <li><strong>Insurance Provider:</strong> d</li>
  <li><strong>Billing Amount:</strong> 45586</li>
  <li><strong>Room Number:</strong> 300</li>
  <li><strong>Admission Type:</strong> b</li>
  <li><strong>Discharge Date:</strong> 2022-11-02</li>
  <li><strong>Medication:</strong> e</li>
  <li><strong>Test Results:</strong> c</li>
</ul>
<h2>Respondent 22</h2>
<ul>
  <li><strong>Name:</strong> ChRISToPHEr BRiGhT</li>
  <li><strong>Age:</strong> 48</li>
  <li><strong>Gender:</strong> b</li>
  <li><strong>Blood Type:</strong> e</li>
  <li><strong>Medical Condition:</strong> b</li>
  <li><strong>Date of Admission:</strong> 2020-01-21</li>
  <li><strong>Doctor:</strong> Gregory Smith</li>
  <li><strong>Hospital:</strong> Williams-Davis</li>
  <li><strong>Insurance Provider:</strong> a</li>
  <li><strong>Billing Amount:</strong> 17696</li>
  <li><strong>Room Number:</strong> 295</li>
  <li><strong>Admission Type:</strong> c</li>
  <li><strong>Discharge Date:</strong> 2020-02-09</li>
  <li><strong>Medication:</strong> c</li>
  <li><strong>Test Results:</strong> c</li>
</ul>
</body>
</html>

You are a meticulous data analyst AI. Your primary function is to accurately analyze structured data and provide precise, verifiable answers.

You will be given a dataset with two key parts:

A 'questions' section: This is your data dictionary or schema. It is the single source of truth for understanding what each field and score means. Refer to it carefully.

A 'responses' section: This contains the raw data from each individual respondent.

To answer the question correctly, you must first use the 'questions' schema to fully understand the context and meaning of the data points within the 'responses'. Do not rely on any prior knowledge outside of this provided data. Base your entire analysis on the information given.

Provide your final answer directly and concisely. Output must be the human-readable value, not an option code.

Rules:
- For MCQ fields, map any letter codes in the Responses (case-insensitive) to the corresponding option text from the Questions schema, and output only that text. Do NOT include the letter or both.
  Example: If the schema is ""[MCQ: A. Abnormal B. Inconclusive C. Normal]"" and the response is ""a"", output ""Abnormal"".
- For open-ended fields, output the exact text value.
- If the question asks for a count, provide only the number (e.g., ""42"").
- If the question asks for a list of names or IDs, provide a simple comma-separated list (e.g., ""17, 21, 23"").
- Preserve capitalization exactly as in the schema (e.g., output ""Abnormal"", not ""abnormal"" or ""A"").

Which respondent numbers have Medical Condition Cancer and Insurance Provider Medicare?",,
case_29,multi_hop_relational_inference,Which respondent numbers have Gender Male and Test Results Normal?,"<!DOCTYPE html>
<html>
<head>
<title>Survey Data</title>
</head>
<body>
<h1>Questions</h1>
<ul>
  <li><strong>Name:</strong> What is your name? [Open-ended]</li>
  <li><strong>Age:</strong> What is your age? [Open-ended]</li>
  <li><strong>Gender:</strong> What is your gender? [MCQ: A. Female B. Male]</li>
  <li><strong>Blood Type:</strong> What is your blood type? [MCQ: A. A+ B. A- C. AB+ D. AB- E. B+ F. B- G. O+ H. O-]</li>
  <li><strong>Medical Condition:</strong> What is your medical condition? [MCQ: A. Arthritis B. Asthma C. Cancer D. Diabetes E. Hypertension F. Obesity]</li>
  <li><strong>Date of Admission:</strong> What is your date of admission? [Open-ended]</li>
  <li><strong>Doctor:</strong> What is your doctor? [Open-ended]</li>
  <li><strong>Hospital:</strong> What is your hospital? [Open-ended]</li>
  <li><strong>Insurance Provider:</strong> What is your insurance provider? [MCQ: A. Aetna B. Blue Cross C. Cigna D. Medicare E. UnitedHealthcare]</li>
  <li><strong>Billing Amount:</strong> What is your billing amount? [Open-ended]</li>
  <li><strong>Room Number:</strong> What is your room number? [Open-ended]</li>
  <li><strong>Admission Type:</strong> What is your admission type? [MCQ: A. Elective B. Emergency C. Urgent]</li>
  <li><strong>Discharge Date:</strong> What is your discharge date? [Open-ended]</li>
  <li><strong>Medication:</strong> What is your medication? [MCQ: A. Aspirin B. Ibuprofen C. Lipitor D. Paracetamol E. Penicillin]</li>
  <li><strong>Test Results:</strong> What is your test results? [MCQ: A. Abnormal B. Inconclusive C. Normal]</li>
</ul>
<h1>Responses</h1>
<h2>Respondent 148</h2>
<ul>
  <li><strong>Name:</strong> JaCQueLiNE maRshAll</li>
  <li><strong>Age:</strong> 27</li>
  <li><strong>Gender:</strong> b</li>
  <li><strong>Blood Type:</strong> a</li>
  <li><strong>Medical Condition:</strong> e</li>
  <li><strong>Date of Admission:</strong> 2024-02-22</li>
  <li><strong>Doctor:</strong> Michael Berg</li>
  <li><strong>Hospital:</strong> Myers-Monroe</li>
  <li><strong>Insurance Provider:</strong> e</li>
  <li><strong>Billing Amount:</strong> 39616</li>
  <li><strong>Room Number:</strong> 500</li>
  <li><strong>Admission Type:</strong> c</li>
  <li><strong>Discharge Date:</strong> 2024-02-24</li>
  <li><strong>Medication:</strong> e</li>
  <li><strong>Test Results:</strong> b</li>
</ul>
<h2>Respondent 34</h2>
<ul>
  <li><strong>Name:</strong> Erin oRTEga</li>
  <li><strong>Age:</strong> 43</li>
  <li><strong>Gender:</strong> b</li>
  <li><strong>Blood Type:</strong> d</li>
  <li><strong>Medical Condition:</strong> c</li>
  <li><strong>Date of Admission:</strong> 2023-05-24</li>
  <li><strong>Doctor:</strong> Heather Garcia</li>
  <li><strong>Hospital:</strong> Lopez-Phillips</li>
  <li><strong>Insurance Provider:</strong> d</li>
  <li><strong>Billing Amount:</strong> 21186</li>
  <li><strong>Room Number:</strong> 494</li>
  <li><strong>Admission Type:</strong> a</li>
  <li><strong>Discharge Date:</strong> 2023-06-03</li>
  <li><strong>Medication:</strong> b</li>
  <li><strong>Test Results:</strong> c</li>
</ul>
<h2>Respondent 100</h2>
<ul>
  <li><strong>Name:</strong> MaRk foRD</li>
  <li><strong>Age:</strong> 18</li>
  <li><strong>Gender:</strong> b</li>
  <li><strong>Blood Type:</strong> e</li>
  <li><strong>Medical Condition:</strong> b</li>
  <li><strong>Date of Admission:</strong> 2022-10-18</li>
  <li><strong>Doctor:</strong> Steven James</li>
  <li><strong>Hospital:</strong> Luna Inc</li>
  <li><strong>Insurance Provider:</strong> e</li>
  <li><strong>Billing Amount:</strong> 28838</li>
  <li><strong>Room Number:</strong> 227</li>
  <li><strong>Admission Type:</strong> a</li>
  <li><strong>Discharge Date:</strong> 2022-11-11</li>
  <li><strong>Medication:</strong> a</li>
  <li><strong>Test Results:</strong> a</li>
</ul>
</body>
</html>",34,"Which respondent numbers have Gender Male and Medical Condition Cancer?

DATA:

<!DOCTYPE html>
<html>
<head>
<title>Survey Data</title>
</head>
<body>
<h1>Questions</h1>
<ul>
  <li><strong>Name:</strong> What is your name? [Open-ended]</li>
  <li><strong>Age:</strong> What is your age? [Open-ended]</li>
  <li><strong>Gender:</strong> What is your gender? [MCQ: A. Female B. Male]</li>
  <li><strong>Blood Type:</strong> What is your blood type? [MCQ: A. A+ B. A- C. AB+ D. AB- E. B+ F. B- G. O+ H. O-]</li>
  <li><strong>Medical Condition:</strong> What is your medical condition? [MCQ: A. Arthritis B. Asthma C. Cancer D. Diabetes E. Hypertension F. Obesity]</li>
  <li><strong>Date of Admission:</strong> What is your date of admission? [Open-ended]</li>
  <li><strong>Doctor:</strong> What is your doctor? [Open-ended]</li>
  <li><strong>Hospital:</strong> What is your hospital? [Open-ended]</li>
  <li><strong>Insurance Provider:</strong> What is your insurance provider? [MCQ: A. Aetna B. Blue Cross C. Cigna D. Medicare E. UnitedHealthcare]</li>
  <li><strong>Billing Amount:</strong> What is your billing amount? [Open-ended]</li>
  <li><strong>Room Number:</strong> What is your room number? [Open-ended]</li>
  <li><strong>Admission Type:</strong> What is your admission type? [MCQ: A. Elective B. Emergency C. Urgent]</li>
  <li><strong>Discharge Date:</strong> What is your discharge date? [Open-ended]</li>
  <li><strong>Medication:</strong> What is your medication? [MCQ: A. Aspirin B. Ibuprofen C. Lipitor D. Paracetamol E. Penicillin]</li>
  <li><strong>Test Results:</strong> What is your test results? [MCQ: A. Abnormal B. Inconclusive C. Normal]</li>
</ul>
<h1>Responses</h1>
<h2>Respondent 133</h2>
<ul>
  <li><strong>Name:</strong> ashLEy ERIcKSoN</li>
  <li><strong>Age:</strong> 32</li>
  <li><strong>Gender:</strong> a</li>
  <li><strong>Blood Type:</strong> d</li>
  <li><strong>Medical Condition:</strong> c</li>
  <li><strong>Date of Admission:</strong> 2019-11-05</li>
  <li><strong>Doctor:</strong> Gerald Hooper</li>
  <li><strong>Hospital:</strong> and Johnson Moore, Branch</li>
  <li><strong>Insurance Provider:</strong> a</li>
  <li><strong>Billing Amount:</strong> -503</li>
  <li><strong>Room Number:</strong> 376</li>
  <li><strong>Admission Type:</strong> c</li>
  <li><strong>Discharge Date:</strong> 2019-11-23</li>
  <li><strong>Medication:</strong> e</li>
  <li><strong>Test Results:</strong> c</li>
</ul>
<h2>Respondent 63</h2>
<ul>
  <li><strong>Name:</strong> tRAvIs carTeR</li>
  <li><strong>Age:</strong> 18</li>
  <li><strong>Gender:</strong> b</li>
  <li><strong>Blood Type:</strong> a</li>
  <li><strong>Medical Condition:</strong> c</li>
  <li><strong>Date of Admission:</strong> 2022-07-06</li>
  <li><strong>Doctor:</strong> Megan Hahn</li>
  <li><strong>Hospital:</strong> Moss and Ferguson, Baker</li>
  <li><strong>Insurance Provider:</strong> e</li>
  <li><strong>Billing Amount:</strong> 48407</li>
  <li><strong>Room Number:</strong> 325</li>
  <li><strong>Admission Type:</strong> b</li>
  <li><strong>Discharge Date:</strong> 2022-07-18</li>
  <li><strong>Medication:</strong> a</li>
  <li><strong>Test Results:</strong> c</li>
</ul>
<h2>Respondent 116</h2>
<ul>
  <li><strong>Name:</strong> reBEcCA PARsONs</li>
  <li><strong>Age:</strong> 37</li>
  <li><strong>Gender:</strong> a</li>
  <li><strong>Blood Type:</strong> g</li>
  <li><strong>Medical Condition:</strong> b</li>
  <li><strong>Date of Admission:</strong> 2019-12-02</li>
  <li><strong>Doctor:</strong> Steven Adams</li>
  <li><strong>Hospital:</strong> Group White</li>
  <li><strong>Insurance Provider:</strong> a</li>
  <li><strong>Billing Amount:</strong> 8521</li>
  <li><strong>Room Number:</strong> 476</li>
  <li><strong>Admission Type:</strong> a</li>
  <li><strong>Discharge Date:</strong> 2019-12-13</li>
  <li><strong>Medication:</strong> e</li>
  <li><strong>Test Results:</strong> a</li>
</ul>
</body>
</html>

Answer: 63

<!DOCTYPE html>
<html>
<head>
<title>Survey Data</title>
</head>
<body>
<h1>Questions</h1>
<ul>
  <li><strong>Name:</strong> What is your name? [Open-ended]</li>
  <li><strong>Age:</strong> What is your age? [Open-ended]</li>
  <li><strong>Gender:</strong> What is your gender? [MCQ: A. Female B. Male]</li>
  <li><strong>Blood Type:</strong> What is your blood type? [MCQ: A. A+ B. A- C. AB+ D. AB- E. B+ F. B- G. O+ H. O-]</li>
  <li><strong>Medical Condition:</strong> What is your medical condition? [MCQ: A. Arthritis B. Asthma C. Cancer D. Diabetes E. Hypertension F. Obesity]</li>
  <li><strong>Date of Admission:</strong> What is your date of admission? [Open-ended]</li>
  <li><strong>Doctor:</strong> What is your doctor? [Open-ended]</li>
  <li><strong>Hospital:</strong> What is your hospital? [Open-ended]</li>
  <li><strong>Insurance Provider:</strong> What is your insurance provider? [MCQ: A. Aetna B. Blue Cross C. Cigna D. Medicare E. UnitedHealthcare]</li>
  <li><strong>Billing Amount:</strong> What is your billing amount? [Open-ended]</li>
  <li><strong>Room Number:</strong> What is your room number? [Open-ended]</li>
  <li><strong>Admission Type:</strong> What is your admission type? [MCQ: A. Elective B. Emergency C. Urgent]</li>
  <li><strong>Discharge Date:</strong> What is your discharge date? [Open-ended]</li>
  <li><strong>Medication:</strong> What is your medication? [MCQ: A. Aspirin B. Ibuprofen C. Lipitor D. Paracetamol E. Penicillin]</li>
  <li><strong>Test Results:</strong> What is your test results? [MCQ: A. Abnormal B. Inconclusive C. Normal]</li>
</ul>
<h1>Responses</h1>
<h2>Respondent 148</h2>
<ul>
  <li><strong>Name:</strong> JaCQueLiNE maRshAll</li>
  <li><strong>Age:</strong> 27</li>
  <li><strong>Gender:</strong> b</li>
  <li><strong>Blood Type:</strong> a</li>
  <li><strong>Medical Condition:</strong> e</li>
  <li><strong>Date of Admission:</strong> 2024-02-22</li>
  <li><strong>Doctor:</strong> Michael Berg</li>
  <li><strong>Hospital:</strong> Myers-Monroe</li>
  <li><strong>Insurance Provider:</strong> e</li>
  <li><strong>Billing Amount:</strong> 39616</li>
  <li><strong>Room Number:</strong> 500</li>
  <li><strong>Admission Type:</strong> c</li>
  <li><strong>Discharge Date:</strong> 2024-02-24</li>
  <li><strong>Medication:</strong> e</li>
  <li><strong>Test Results:</strong> b</li>
</ul>
<h2>Respondent 34</h2>
<ul>
  <li><strong>Name:</strong> Erin oRTEga</li>
  <li><strong>Age:</strong> 43</li>
  <li><strong>Gender:</strong> b</li>
  <li><strong>Blood Type:</strong> d</li>
  <li><strong>Medical Condition:</strong> c</li>
  <li><strong>Date of Admission:</strong> 2023-05-24</li>
  <li><strong>Doctor:</strong> Heather Garcia</li>
  <li><strong>Hospital:</strong> Lopez-Phillips</li>
  <li><strong>Insurance Provider:</strong> d</li>
  <li><strong>Billing Amount:</strong> 21186</li>
  <li><strong>Room Number:</strong> 494</li>
  <li><strong>Admission Type:</strong> a</li>
  <li><strong>Discharge Date:</strong> 2023-06-03</li>
  <li><strong>Medication:</strong> b</li>
  <li><strong>Test Results:</strong> c</li>
</ul>
<h2>Respondent 100</h2>
<ul>
  <li><strong>Name:</strong> MaRk foRD</li>
  <li><strong>Age:</strong> 18</li>
  <li><strong>Gender:</strong> b</li>
  <li><strong>Blood Type:</strong> e</li>
  <li><strong>Medical Condition:</strong> b</li>
  <li><strong>Date of Admission:</strong> 2022-10-18</li>
  <li><strong>Doctor:</strong> Steven James</li>
  <li><strong>Hospital:</strong> Luna Inc</li>
  <li><strong>Insurance Provider:</strong> e</li>
  <li><strong>Billing Amount:</strong> 28838</li>
  <li><strong>Room Number:</strong> 227</li>
  <li><strong>Admission Type:</strong> a</li>
  <li><strong>Discharge Date:</strong> 2022-11-11</li>
  <li><strong>Medication:</strong> a</li>
  <li><strong>Test Results:</strong> a</li>
</ul>
</body>
</html>

You are a meticulous data analyst AI. Your primary function is to accurately analyze structured data and provide precise, verifiable answers.

You will be given a dataset with two key parts:

A 'questions' section: This is your data dictionary or schema. It is the single source of truth for understanding what each field and score means. Refer to it carefully.

A 'responses' section: This contains the raw data from each individual respondent.

To answer the question correctly, you must first use the 'questions' schema to fully understand the context and meaning of the data points within the 'responses'. Do not rely on any prior knowledge outside of this provided data. Base your entire analysis on the information given.

Provide your final answer directly and concisely. Output must be the human-readable value, not an option code.

Rules:
- For MCQ fields, map any letter codes in the Responses (case-insensitive) to the corresponding option text from the Questions schema, and output only that text. Do NOT include the letter or both.
  Example: If the schema is ""[MCQ: A. Abnormal B. Inconclusive C. Normal]"" and the response is ""a"", output ""Abnormal"".
- For open-ended fields, output the exact text value.
- If the question asks for a count, provide only the number (e.g., ""42"").
- If the question asks for a list of names or IDs, provide a simple comma-separated list (e.g., ""17, 21, 23"").
- Preserve capitalization exactly as in the schema (e.g., output ""Abnormal"", not ""abnormal"" or ""A"").

Which respondent numbers have Gender Male and Test Results Normal?",,
case_30,multi_hop_relational_inference,Which respondent numbers have Blood Type O+ and Test Results Abnormal?,"<!DOCTYPE html>
<html>
<head>
<title>Survey Data</title>
</head>
<body>
<h1>Questions</h1>
<ul>
  <li><strong>Name:</strong> What is your name? [Open-ended]</li>
  <li><strong>Age:</strong> What is your age? [Open-ended]</li>
  <li><strong>Gender:</strong> What is your gender? [MCQ: A. Female B. Male]</li>
  <li><strong>Blood Type:</strong> What is your blood type? [MCQ: A. A+ B. A- C. AB+ D. AB- E. B+ F. B- G. O+ H. O-]</li>
  <li><strong>Medical Condition:</strong> What is your medical condition? [MCQ: A. Arthritis B. Asthma C. Cancer D. Diabetes E. Hypertension F. Obesity]</li>
  <li><strong>Date of Admission:</strong> What is your date of admission? [Open-ended]</li>
  <li><strong>Doctor:</strong> What is your doctor? [Open-ended]</li>
  <li><strong>Hospital:</strong> What is your hospital? [Open-ended]</li>
  <li><strong>Insurance Provider:</strong> What is your insurance provider? [MCQ: A. Aetna B. Blue Cross C. Cigna D. Medicare E. UnitedHealthcare]</li>
  <li><strong>Billing Amount:</strong> What is your billing amount? [Open-ended]</li>
  <li><strong>Room Number:</strong> What is your room number? [Open-ended]</li>
  <li><strong>Admission Type:</strong> What is your admission type? [MCQ: A. Elective B. Emergency C. Urgent]</li>
  <li><strong>Discharge Date:</strong> What is your discharge date? [Open-ended]</li>
  <li><strong>Medication:</strong> What is your medication? [MCQ: A. Aspirin B. Ibuprofen C. Lipitor D. Paracetamol E. Penicillin]</li>
  <li><strong>Test Results:</strong> What is your test results? [MCQ: A. Abnormal B. Inconclusive C. Normal]</li>
</ul>
<h1>Responses</h1>
<h2>Respondent 142</h2>
<ul>
  <li><strong>Name:</strong> riTA archER</li>
  <li><strong>Age:</strong> 20</li>
  <li><strong>Gender:</strong> b</li>
  <li><strong>Blood Type:</strong> h</li>
  <li><strong>Medical Condition:</strong> d</li>
  <li><strong>Date of Admission:</strong> 2024-01-05</li>
  <li><strong>Doctor:</strong> Victoria Gonzales</li>
  <li><strong>Hospital:</strong> and Marquez Silva Smith,</li>
  <li><strong>Insurance Provider:</strong> d</li>
  <li><strong>Billing Amount:</strong> 48996</li>
  <li><strong>Room Number:</strong> 406</li>
  <li><strong>Admission Type:</strong> a</li>
  <li><strong>Discharge Date:</strong> 2024-02-04</li>
  <li><strong>Medication:</strong> c</li>
  <li><strong>Test Results:</strong> c</li>
</ul>
<h2>Respondent 97</h2>
<ul>
  <li><strong>Name:</strong> ANNE THOMPSoN</li>
  <li><strong>Age:</strong> 76</li>
  <li><strong>Gender:</strong> a</li>
  <li><strong>Blood Type:</strong> g</li>
  <li><strong>Medical Condition:</strong> d</li>
  <li><strong>Date of Admission:</strong> 2024-03-24</li>
  <li><strong>Doctor:</strong> Kyle Smith</li>
  <li><strong>Hospital:</strong> Kemp-Munoz</li>
  <li><strong>Insurance Provider:</strong> a</li>
  <li><strong>Billing Amount:</strong> 6313</li>
  <li><strong>Room Number:</strong> 226</li>
  <li><strong>Admission Type:</strong> a</li>
  <li><strong>Discharge Date:</strong> 2024-04-14</li>
  <li><strong>Medication:</strong> a</li>
  <li><strong>Test Results:</strong> a</li>
</ul>
<h2>Respondent 111</h2>
<ul>
  <li><strong>Name:</strong> coLtoN stRONg</li>
  <li><strong>Age:</strong> 55</li>
  <li><strong>Gender:</strong> b</li>
  <li><strong>Blood Type:</strong> d</li>
  <li><strong>Medical Condition:</strong> b</li>
  <li><strong>Date of Admission:</strong> 2022-05-13</li>
  <li><strong>Doctor:</strong> Benjamin Webb</li>
  <li><strong>Hospital:</strong> Stewart Sons and</li>
  <li><strong>Insurance Provider:</strong> a</li>
  <li><strong>Billing Amount:</strong> 37406</li>
  <li><strong>Room Number:</strong> 212</li>
  <li><strong>Admission Type:</strong> a</li>
  <li><strong>Discharge Date:</strong> 2022-05-20</li>
  <li><strong>Medication:</strong> d</li>
  <li><strong>Test Results:</strong> c</li>
</ul>
</body>
</html>",97,"Which respondent numbers have Gender Male and Medical Condition Cancer?

DATA:

<!DOCTYPE html>
<html>
<head>
<title>Survey Data</title>
</head>
<body>
<h1>Questions</h1>
<ul>
  <li><strong>Name:</strong> What is your name? [Open-ended]</li>
  <li><strong>Age:</strong> What is your age? [Open-ended]</li>
  <li><strong>Gender:</strong> What is your gender? [MCQ: A. Female B. Male]</li>
  <li><strong>Blood Type:</strong> What is your blood type? [MCQ: A. A+ B. A- C. AB+ D. AB- E. B+ F. B- G. O+ H. O-]</li>
  <li><strong>Medical Condition:</strong> What is your medical condition? [MCQ: A. Arthritis B. Asthma C. Cancer D. Diabetes E. Hypertension F. Obesity]</li>
  <li><strong>Date of Admission:</strong> What is your date of admission? [Open-ended]</li>
  <li><strong>Doctor:</strong> What is your doctor? [Open-ended]</li>
  <li><strong>Hospital:</strong> What is your hospital? [Open-ended]</li>
  <li><strong>Insurance Provider:</strong> What is your insurance provider? [MCQ: A. Aetna B. Blue Cross C. Cigna D. Medicare E. UnitedHealthcare]</li>
  <li><strong>Billing Amount:</strong> What is your billing amount? [Open-ended]</li>
  <li><strong>Room Number:</strong> What is your room number? [Open-ended]</li>
  <li><strong>Admission Type:</strong> What is your admission type? [MCQ: A. Elective B. Emergency C. Urgent]</li>
  <li><strong>Discharge Date:</strong> What is your discharge date? [Open-ended]</li>
  <li><strong>Medication:</strong> What is your medication? [MCQ: A. Aspirin B. Ibuprofen C. Lipitor D. Paracetamol E. Penicillin]</li>
  <li><strong>Test Results:</strong> What is your test results? [MCQ: A. Abnormal B. Inconclusive C. Normal]</li>
</ul>
<h1>Responses</h1>
<h2>Respondent 133</h2>
<ul>
  <li><strong>Name:</strong> ashLEy ERIcKSoN</li>
  <li><strong>Age:</strong> 32</li>
  <li><strong>Gender:</strong> a</li>
  <li><strong>Blood Type:</strong> d</li>
  <li><strong>Medical Condition:</strong> c</li>
  <li><strong>Date of Admission:</strong> 2019-11-05</li>
  <li><strong>Doctor:</strong> Gerald Hooper</li>
  <li><strong>Hospital:</strong> and Johnson Moore, Branch</li>
  <li><strong>Insurance Provider:</strong> a</li>
  <li><strong>Billing Amount:</strong> -503</li>
  <li><strong>Room Number:</strong> 376</li>
  <li><strong>Admission Type:</strong> c</li>
  <li><strong>Discharge Date:</strong> 2019-11-23</li>
  <li><strong>Medication:</strong> e</li>
  <li><strong>Test Results:</strong> c</li>
</ul>
<h2>Respondent 63</h2>
<ul>
  <li><strong>Name:</strong> tRAvIs carTeR</li>
  <li><strong>Age:</strong> 18</li>
  <li><strong>Gender:</strong> b</li>
  <li><strong>Blood Type:</strong> a</li>
  <li><strong>Medical Condition:</strong> c</li>
  <li><strong>Date of Admission:</strong> 2022-07-06</li>
  <li><strong>Doctor:</strong> Megan Hahn</li>
  <li><strong>Hospital:</strong> Moss and Ferguson, Baker</li>
  <li><strong>Insurance Provider:</strong> e</li>
  <li><strong>Billing Amount:</strong> 48407</li>
  <li><strong>Room Number:</strong> 325</li>
  <li><strong>Admission Type:</strong> b</li>
  <li><strong>Discharge Date:</strong> 2022-07-18</li>
  <li><strong>Medication:</strong> a</li>
  <li><strong>Test Results:</strong> c</li>
</ul>
<h2>Respondent 116</h2>
<ul>
  <li><strong>Name:</strong> reBEcCA PARsONs</li>
  <li><strong>Age:</strong> 37</li>
  <li><strong>Gender:</strong> a</li>
  <li><strong>Blood Type:</strong> g</li>
  <li><strong>Medical Condition:</strong> b</li>
  <li><strong>Date of Admission:</strong> 2019-12-02</li>
  <li><strong>Doctor:</strong> Steven Adams</li>
  <li><strong>Hospital:</strong> Group White</li>
  <li><strong>Insurance Provider:</strong> a</li>
  <li><strong>Billing Amount:</strong> 8521</li>
  <li><strong>Room Number:</strong> 476</li>
  <li><strong>Admission Type:</strong> a</li>
  <li><strong>Discharge Date:</strong> 2019-12-13</li>
  <li><strong>Medication:</strong> e</li>
  <li><strong>Test Results:</strong> a</li>
</ul>
</body>
</html>

Answer: 63

<!DOCTYPE html>
<html>
<head>
<title>Survey Data</title>
</head>
<body>
<h1>Questions</h1>
<ul>
  <li><strong>Name:</strong> What is your name? [Open-ended]</li>
  <li><strong>Age:</strong> What is your age? [Open-ended]</li>
  <li><strong>Gender:</strong> What is your gender? [MCQ: A. Female B. Male]</li>
  <li><strong>Blood Type:</strong> What is your blood type? [MCQ: A. A+ B. A- C. AB+ D. AB- E. B+ F. B- G. O+ H. O-]</li>
  <li><strong>Medical Condition:</strong> What is your medical condition? [MCQ: A. Arthritis B. Asthma C. Cancer D. Diabetes E. Hypertension F. Obesity]</li>
  <li><strong>Date of Admission:</strong> What is your date of admission? [Open-ended]</li>
  <li><strong>Doctor:</strong> What is your doctor? [Open-ended]</li>
  <li><strong>Hospital:</strong> What is your hospital? [Open-ended]</li>
  <li><strong>Insurance Provider:</strong> What is your insurance provider? [MCQ: A. Aetna B. Blue Cross C. Cigna D. Medicare E. UnitedHealthcare]</li>
  <li><strong>Billing Amount:</strong> What is your billing amount? [Open-ended]</li>
  <li><strong>Room Number:</strong> What is your room number? [Open-ended]</li>
  <li><strong>Admission Type:</strong> What is your admission type? [MCQ: A. Elective B. Emergency C. Urgent]</li>
  <li><strong>Discharge Date:</strong> What is your discharge date? [Open-ended]</li>
  <li><strong>Medication:</strong> What is your medication? [MCQ: A. Aspirin B. Ibuprofen C. Lipitor D. Paracetamol E. Penicillin]</li>
  <li><strong>Test Results:</strong> What is your test results? [MCQ: A. Abnormal B. Inconclusive C. Normal]</li>
</ul>
<h1>Responses</h1>
<h2>Respondent 142</h2>
<ul>
  <li><strong>Name:</strong> riTA archER</li>
  <li><strong>Age:</strong> 20</li>
  <li><strong>Gender:</strong> b</li>
  <li><strong>Blood Type:</strong> h</li>
  <li><strong>Medical Condition:</strong> d</li>
  <li><strong>Date of Admission:</strong> 2024-01-05</li>
  <li><strong>Doctor:</strong> Victoria Gonzales</li>
  <li><strong>Hospital:</strong> and Marquez Silva Smith,</li>
  <li><strong>Insurance Provider:</strong> d</li>
  <li><strong>Billing Amount:</strong> 48996</li>
  <li><strong>Room Number:</strong> 406</li>
  <li><strong>Admission Type:</strong> a</li>
  <li><strong>Discharge Date:</strong> 2024-02-04</li>
  <li><strong>Medication:</strong> c</li>
  <li><strong>Test Results:</strong> c</li>
</ul>
<h2>Respondent 97</h2>
<ul>
  <li><strong>Name:</strong> ANNE THOMPSoN</li>
  <li><strong>Age:</strong> 76</li>
  <li><strong>Gender:</strong> a</li>
  <li><strong>Blood Type:</strong> g</li>
  <li><strong>Medical Condition:</strong> d</li>
  <li><strong>Date of Admission:</strong> 2024-03-24</li>
  <li><strong>Doctor:</strong> Kyle Smith</li>
  <li><strong>Hospital:</strong> Kemp-Munoz</li>
  <li><strong>Insurance Provider:</strong> a</li>
  <li><strong>Billing Amount:</strong> 6313</li>
  <li><strong>Room Number:</strong> 226</li>
  <li><strong>Admission Type:</strong> a</li>
  <li><strong>Discharge Date:</strong> 2024-04-14</li>
  <li><strong>Medication:</strong> a</li>
  <li><strong>Test Results:</strong> a</li>
</ul>
<h2>Respondent 111</h2>
<ul>
  <li><strong>Name:</strong> coLtoN stRONg</li>
  <li><strong>Age:</strong> 55</li>
  <li><strong>Gender:</strong> b</li>
  <li><strong>Blood Type:</strong> d</li>
  <li><strong>Medical Condition:</strong> b</li>
  <li><strong>Date of Admission:</strong> 2022-05-13</li>
  <li><strong>Doctor:</strong> Benjamin Webb</li>
  <li><strong>Hospital:</strong> Stewart Sons and</li>
  <li><strong>Insurance Provider:</strong> a</li>
  <li><strong>Billing Amount:</strong> 37406</li>
  <li><strong>Room Number:</strong> 212</li>
  <li><strong>Admission Type:</strong> a</li>
  <li><strong>Discharge Date:</strong> 2022-05-20</li>
  <li><strong>Medication:</strong> d</li>
  <li><strong>Test Results:</strong> c</li>
</ul>
</body>
</html>

You are a meticulous data analyst AI. Your primary function is to accurately analyze structured data and provide precise, verifiable answers.

You will be given a dataset with two key parts:

A 'questions' section: This is your data dictionary or schema. It is the single source of truth for understanding what each field and score means. Refer to it carefully.

A 'responses' section: This contains the raw data from each individual respondent.

To answer the question correctly, you must first use the 'questions' schema to fully understand the context and meaning of the data points within the 'responses'. Do not rely on any prior knowledge outside of this provided data. Base your entire analysis on the information given.

Provide your final answer directly and concisely. Output must be the human-readable value, not an option code.

Rules:
- For MCQ fields, map any letter codes in the Responses (case-insensitive) to the corresponding option text from the Questions schema, and output only that text. Do NOT include the letter or both.
  Example: If the schema is ""[MCQ: A. Abnormal B. Inconclusive C. Normal]"" and the response is ""a"", output ""Abnormal"".
- For open-ended fields, output the exact text value.
- If the question asks for a count, provide only the number (e.g., ""42"").
- If the question asks for a list of names or IDs, provide a simple comma-separated list (e.g., ""17, 21, 23"").
- Preserve capitalization exactly as in the schema (e.g., output ""Abnormal"", not ""abnormal"" or ""A"").

Which respondent numbers have Blood Type O+ and Test Results Abnormal?",,
case_31,multi_hop_relational_inference,Which respondent numbers have Gender Female and Test Results Inconclusive?,"<!DOCTYPE html>
<html>
<head>
<title>Survey Data</title>
</head>
<body>
<h1>Questions</h1>
<ul>
  <li><strong>Name:</strong> What is your name? [Open-ended]</li>
  <li><strong>Age:</strong> What is your age? [Open-ended]</li>
  <li><strong>Gender:</strong> What is your gender? [MCQ: A. Female B. Male]</li>
  <li><strong>Blood Type:</strong> What is your blood type? [MCQ: A. A+ B. A- C. AB+ D. AB- E. B+ F. B- G. O+ H. O-]</li>
  <li><strong>Medical Condition:</strong> What is your medical condition? [MCQ: A. Arthritis B. Asthma C. Cancer D. Diabetes E. Hypertension F. Obesity]</li>
  <li><strong>Date of Admission:</strong> What is your date of admission? [Open-ended]</li>
  <li><strong>Doctor:</strong> What is your doctor? [Open-ended]</li>
  <li><strong>Hospital:</strong> What is your hospital? [Open-ended]</li>
  <li><strong>Insurance Provider:</strong> What is your insurance provider? [MCQ: A. Aetna B. Blue Cross C. Cigna D. Medicare E. UnitedHealthcare]</li>
  <li><strong>Billing Amount:</strong> What is your billing amount? [Open-ended]</li>
  <li><strong>Room Number:</strong> What is your room number? [Open-ended]</li>
  <li><strong>Admission Type:</strong> What is your admission type? [MCQ: A. Elective B. Emergency C. Urgent]</li>
  <li><strong>Discharge Date:</strong> What is your discharge date? [Open-ended]</li>
  <li><strong>Medication:</strong> What is your medication? [MCQ: A. Aspirin B. Ibuprofen C. Lipitor D. Paracetamol E. Penicillin]</li>
  <li><strong>Test Results:</strong> What is your test results? [MCQ: A. Abnormal B. Inconclusive C. Normal]</li>
</ul>
<h1>Responses</h1>
<h2>Respondent 8</h2>
<ul>
  <li><strong>Name:</strong> CHrisTInA MARtinez</li>
  <li><strong>Age:</strong> 20</li>
  <li><strong>Gender:</strong> a</li>
  <li><strong>Blood Type:</strong> a</li>
  <li><strong>Medical Condition:</strong> c</li>
  <li><strong>Date of Admission:</strong> 2021-12-28</li>
  <li><strong>Doctor:</strong> Suzanne Thomas</li>
  <li><strong>Hospital:</strong> Powell Robinson and Valdez,</li>
  <li><strong>Insurance Provider:</strong> c</li>
  <li><strong>Billing Amount:</strong> 45820</li>
  <li><strong>Room Number:</strong> 277</li>
  <li><strong>Admission Type:</strong> b</li>
  <li><strong>Discharge Date:</strong> 2022-01-07</li>
  <li><strong>Medication:</strong> d</li>
  <li><strong>Test Results:</strong> b</li>
</ul>
<h2>Respondent 92</h2>
<ul>
  <li><strong>Name:</strong> MR. TYler TAYLOR Phd</li>
  <li><strong>Age:</strong> 80</li>
  <li><strong>Gender:</strong> b</li>
  <li><strong>Blood Type:</strong> a</li>
  <li><strong>Medical Condition:</strong> d</li>
  <li><strong>Date of Admission:</strong> 2022-11-05</li>
  <li><strong>Doctor:</strong> Robert Salazar</li>
  <li><strong>Hospital:</strong> Dean-Hawkins</li>
  <li><strong>Insurance Provider:</strong> e</li>
  <li><strong>Billing Amount:</strong> 10662</li>
  <li><strong>Room Number:</strong> 120</li>
  <li><strong>Admission Type:</strong> b</li>
  <li><strong>Discharge Date:</strong> 2022-11-25</li>
  <li><strong>Medication:</strong> c</li>
  <li><strong>Test Results:</strong> a</li>
</ul>
<h2>Respondent 86</h2>
<ul>
  <li><strong>Name:</strong> pAtriCIa MEdinA</li>
  <li><strong>Age:</strong> 80</li>
  <li><strong>Gender:</strong> b</li>
  <li><strong>Blood Type:</strong> c</li>
  <li><strong>Medical Condition:</strong> c</li>
  <li><strong>Date of Admission:</strong> 2022-07-07</li>
  <li><strong>Doctor:</strong> Miguel Parker</li>
  <li><strong>Hospital:</strong> LLC Dixon</li>
  <li><strong>Insurance Provider:</strong> e</li>
  <li><strong>Billing Amount:</strong> 1586</li>
  <li><strong>Room Number:</strong> 395</li>
  <li><strong>Admission Type:</strong> b</li>
  <li><strong>Discharge Date:</strong> 2022-07-23</li>
  <li><strong>Medication:</strong> b</li>
  <li><strong>Test Results:</strong> c</li>
</ul>
</body>
</html>",8,"Which respondent numbers have Gender Male and Medical Condition Cancer?

DATA:

<!DOCTYPE html>
<html>
<head>
<title>Survey Data</title>
</head>
<body>
<h1>Questions</h1>
<ul>
  <li><strong>Name:</strong> What is your name? [Open-ended]</li>
  <li><strong>Age:</strong> What is your age? [Open-ended]</li>
  <li><strong>Gender:</strong> What is your gender? [MCQ: A. Female B. Male]</li>
  <li><strong>Blood Type:</strong> What is your blood type? [MCQ: A. A+ B. A- C. AB+ D. AB- E. B+ F. B- G. O+ H. O-]</li>
  <li><strong>Medical Condition:</strong> What is your medical condition? [MCQ: A. Arthritis B. Asthma C. Cancer D. Diabetes E. Hypertension F. Obesity]</li>
  <li><strong>Date of Admission:</strong> What is your date of admission? [Open-ended]</li>
  <li><strong>Doctor:</strong> What is your doctor? [Open-ended]</li>
  <li><strong>Hospital:</strong> What is your hospital? [Open-ended]</li>
  <li><strong>Insurance Provider:</strong> What is your insurance provider? [MCQ: A. Aetna B. Blue Cross C. Cigna D. Medicare E. UnitedHealthcare]</li>
  <li><strong>Billing Amount:</strong> What is your billing amount? [Open-ended]</li>
  <li><strong>Room Number:</strong> What is your room number? [Open-ended]</li>
  <li><strong>Admission Type:</strong> What is your admission type? [MCQ: A. Elective B. Emergency C. Urgent]</li>
  <li><strong>Discharge Date:</strong> What is your discharge date? [Open-ended]</li>
  <li><strong>Medication:</strong> What is your medication? [MCQ: A. Aspirin B. Ibuprofen C. Lipitor D. Paracetamol E. Penicillin]</li>
  <li><strong>Test Results:</strong> What is your test results? [MCQ: A. Abnormal B. Inconclusive C. Normal]</li>
</ul>
<h1>Responses</h1>
<h2>Respondent 133</h2>
<ul>
  <li><strong>Name:</strong> ashLEy ERIcKSoN</li>
  <li><strong>Age:</strong> 32</li>
  <li><strong>Gender:</strong> a</li>
  <li><strong>Blood Type:</strong> d</li>
  <li><strong>Medical Condition:</strong> c</li>
  <li><strong>Date of Admission:</strong> 2019-11-05</li>
  <li><strong>Doctor:</strong> Gerald Hooper</li>
  <li><strong>Hospital:</strong> and Johnson Moore, Branch</li>
  <li><strong>Insurance Provider:</strong> a</li>
  <li><strong>Billing Amount:</strong> -503</li>
  <li><strong>Room Number:</strong> 376</li>
  <li><strong>Admission Type:</strong> c</li>
  <li><strong>Discharge Date:</strong> 2019-11-23</li>
  <li><strong>Medication:</strong> e</li>
  <li><strong>Test Results:</strong> c</li>
</ul>
<h2>Respondent 63</h2>
<ul>
  <li><strong>Name:</strong> tRAvIs carTeR</li>
  <li><strong>Age:</strong> 18</li>
  <li><strong>Gender:</strong> b</li>
  <li><strong>Blood Type:</strong> a</li>
  <li><strong>Medical Condition:</strong> c</li>
  <li><strong>Date of Admission:</strong> 2022-07-06</li>
  <li><strong>Doctor:</strong> Megan Hahn</li>
  <li><strong>Hospital:</strong> Moss and Ferguson, Baker</li>
  <li><strong>Insurance Provider:</strong> e</li>
  <li><strong>Billing Amount:</strong> 48407</li>
  <li><strong>Room Number:</strong> 325</li>
  <li><strong>Admission Type:</strong> b</li>
  <li><strong>Discharge Date:</strong> 2022-07-18</li>
  <li><strong>Medication:</strong> a</li>
  <li><strong>Test Results:</strong> c</li>
</ul>
<h2>Respondent 116</h2>
<ul>
  <li><strong>Name:</strong> reBEcCA PARsONs</li>
  <li><strong>Age:</strong> 37</li>
  <li><strong>Gender:</strong> a</li>
  <li><strong>Blood Type:</strong> g</li>
  <li><strong>Medical Condition:</strong> b</li>
  <li><strong>Date of Admission:</strong> 2019-12-02</li>
  <li><strong>Doctor:</strong> Steven Adams</li>
  <li><strong>Hospital:</strong> Group White</li>
  <li><strong>Insurance Provider:</strong> a</li>
  <li><strong>Billing Amount:</strong> 8521</li>
  <li><strong>Room Number:</strong> 476</li>
  <li><strong>Admission Type:</strong> a</li>
  <li><strong>Discharge Date:</strong> 2019-12-13</li>
  <li><strong>Medication:</strong> e</li>
  <li><strong>Test Results:</strong> a</li>
</ul>
</body>
</html>

Answer: 63

<!DOCTYPE html>
<html>
<head>
<title>Survey Data</title>
</head>
<body>
<h1>Questions</h1>
<ul>
  <li><strong>Name:</strong> What is your name? [Open-ended]</li>
  <li><strong>Age:</strong> What is your age? [Open-ended]</li>
  <li><strong>Gender:</strong> What is your gender? [MCQ: A. Female B. Male]</li>
  <li><strong>Blood Type:</strong> What is your blood type? [MCQ: A. A+ B. A- C. AB+ D. AB- E. B+ F. B- G. O+ H. O-]</li>
  <li><strong>Medical Condition:</strong> What is your medical condition? [MCQ: A. Arthritis B. Asthma C. Cancer D. Diabetes E. Hypertension F. Obesity]</li>
  <li><strong>Date of Admission:</strong> What is your date of admission? [Open-ended]</li>
  <li><strong>Doctor:</strong> What is your doctor? [Open-ended]</li>
  <li><strong>Hospital:</strong> What is your hospital? [Open-ended]</li>
  <li><strong>Insurance Provider:</strong> What is your insurance provider? [MCQ: A. Aetna B. Blue Cross C. Cigna D. Medicare E. UnitedHealthcare]</li>
  <li><strong>Billing Amount:</strong> What is your billing amount? [Open-ended]</li>
  <li><strong>Room Number:</strong> What is your room number? [Open-ended]</li>
  <li><strong>Admission Type:</strong> What is your admission type? [MCQ: A. Elective B. Emergency C. Urgent]</li>
  <li><strong>Discharge Date:</strong> What is your discharge date? [Open-ended]</li>
  <li><strong>Medication:</strong> What is your medication? [MCQ: A. Aspirin B. Ibuprofen C. Lipitor D. Paracetamol E. Penicillin]</li>
  <li><strong>Test Results:</strong> What is your test results? [MCQ: A. Abnormal B. Inconclusive C. Normal]</li>
</ul>
<h1>Responses</h1>
<h2>Respondent 8</h2>
<ul>
  <li><strong>Name:</strong> CHrisTInA MARtinez</li>
  <li><strong>Age:</strong> 20</li>
  <li><strong>Gender:</strong> a</li>
  <li><strong>Blood Type:</strong> a</li>
  <li><strong>Medical Condition:</strong> c</li>
  <li><strong>Date of Admission:</strong> 2021-12-28</li>
  <li><strong>Doctor:</strong> Suzanne Thomas</li>
  <li><strong>Hospital:</strong> Powell Robinson and Valdez,</li>
  <li><strong>Insurance Provider:</strong> c</li>
  <li><strong>Billing Amount:</strong> 45820</li>
  <li><strong>Room Number:</strong> 277</li>
  <li><strong>Admission Type:</strong> b</li>
  <li><strong>Discharge Date:</strong> 2022-01-07</li>
  <li><strong>Medication:</strong> d</li>
  <li><strong>Test Results:</strong> b</li>
</ul>
<h2>Respondent 92</h2>
<ul>
  <li><strong>Name:</strong> MR. TYler TAYLOR Phd</li>
  <li><strong>Age:</strong> 80</li>
  <li><strong>Gender:</strong> b</li>
  <li><strong>Blood Type:</strong> a</li>
  <li><strong>Medical Condition:</strong> d</li>
  <li><strong>Date of Admission:</strong> 2022-11-05</li>
  <li><strong>Doctor:</strong> Robert Salazar</li>
  <li><strong>Hospital:</strong> Dean-Hawkins</li>
  <li><strong>Insurance Provider:</strong> e</li>
  <li><strong>Billing Amount:</strong> 10662</li>
  <li><strong>Room Number:</strong> 120</li>
  <li><strong>Admission Type:</strong> b</li>
  <li><strong>Discharge Date:</strong> 2022-11-25</li>
  <li><strong>Medication:</strong> c</li>
  <li><strong>Test Results:</strong> a</li>
</ul>
<h2>Respondent 86</h2>
<ul>
  <li><strong>Name:</strong> pAtriCIa MEdinA</li>
  <li><strong>Age:</strong> 80</li>
  <li><strong>Gender:</strong> b</li>
  <li><strong>Blood Type:</strong> c</li>
  <li><strong>Medical Condition:</strong> c</li>
  <li><strong>Date of Admission:</strong> 2022-07-07</li>
  <li><strong>Doctor:</strong> Miguel Parker</li>
  <li><strong>Hospital:</strong> LLC Dixon</li>
  <li><strong>Insurance Provider:</strong> e</li>
  <li><strong>Billing Amount:</strong> 1586</li>
  <li><strong>Room Number:</strong> 395</li>
  <li><strong>Admission Type:</strong> b</li>
  <li><strong>Discharge Date:</strong> 2022-07-23</li>
  <li><strong>Medication:</strong> b</li>
  <li><strong>Test Results:</strong> c</li>
</ul>
</body>
</html>

You are a meticulous data analyst AI. Your primary function is to accurately analyze structured data and provide precise, verifiable answers.

You will be given a dataset with two key parts:

A 'questions' section: This is your data dictionary or schema. It is the single source of truth for understanding what each field and score means. Refer to it carefully.

A 'responses' section: This contains the raw data from each individual respondent.

To answer the question correctly, you must first use the 'questions' schema to fully understand the context and meaning of the data points within the 'responses'. Do not rely on any prior knowledge outside of this provided data. Base your entire analysis on the information given.

Provide your final answer directly and concisely. Output must be the human-readable value, not an option code.

Rules:
- For MCQ fields, map any letter codes in the Responses (case-insensitive) to the corresponding option text from the Questions schema, and output only that text. Do NOT include the letter or both.
  Example: If the schema is ""[MCQ: A. Abnormal B. Inconclusive C. Normal]"" and the response is ""a"", output ""Abnormal"".
- For open-ended fields, output the exact text value.
- If the question asks for a count, provide only the number (e.g., ""42"").
- If the question asks for a list of names or IDs, provide a simple comma-separated list (e.g., ""17, 21, 23"").
- Preserve capitalization exactly as in the schema (e.g., output ""Abnormal"", not ""abnormal"" or ""A"").

Which respondent numbers have Gender Female and Test Results Inconclusive?",,
case_32,multi_hop_relational_inference,Which respondent numbers have Insurance Provider UnitedHealthcare and Blood Type A+?,"<!DOCTYPE html>
<html>
<head>
<title>Survey Data</title>
</head>
<body>
<h1>Questions</h1>
<ul>
  <li><strong>Name:</strong> What is your name? [Open-ended]</li>
  <li><strong>Age:</strong> What is your age? [Open-ended]</li>
  <li><strong>Gender:</strong> What is your gender? [MCQ: A. Female B. Male]</li>
  <li><strong>Blood Type:</strong> What is your blood type? [MCQ: A. A+ B. A- C. AB+ D. AB- E. B+ F. B- G. O+ H. O-]</li>
  <li><strong>Medical Condition:</strong> What is your medical condition? [MCQ: A. Arthritis B. Asthma C. Cancer D. Diabetes E. Hypertension F. Obesity]</li>
  <li><strong>Date of Admission:</strong> What is your date of admission? [Open-ended]</li>
  <li><strong>Doctor:</strong> What is your doctor? [Open-ended]</li>
  <li><strong>Hospital:</strong> What is your hospital? [Open-ended]</li>
  <li><strong>Insurance Provider:</strong> What is your insurance provider? [MCQ: A. Aetna B. Blue Cross C. Cigna D. Medicare E. UnitedHealthcare]</li>
  <li><strong>Billing Amount:</strong> What is your billing amount? [Open-ended]</li>
  <li><strong>Room Number:</strong> What is your room number? [Open-ended]</li>
  <li><strong>Admission Type:</strong> What is your admission type? [MCQ: A. Elective B. Emergency C. Urgent]</li>
  <li><strong>Discharge Date:</strong> What is your discharge date? [Open-ended]</li>
  <li><strong>Medication:</strong> What is your medication? [MCQ: A. Aspirin B. Ibuprofen C. Lipitor D. Paracetamol E. Penicillin]</li>
  <li><strong>Test Results:</strong> What is your test results? [MCQ: A. Abnormal B. Inconclusive C. Normal]</li>
</ul>
<h1>Responses</h1>
<h2>Respondent 71</h2>
<ul>
  <li><strong>Name:</strong> cAROl PaTtERSoN</li>
  <li><strong>Age:</strong> 29</li>
  <li><strong>Gender:</strong> a</li>
  <li><strong>Blood Type:</strong> g</li>
  <li><strong>Medical Condition:</strong> c</li>
  <li><strong>Date of Admission:</strong> 2022-10-24</li>
  <li><strong>Doctor:</strong> Jamie Baker</li>
  <li><strong>Hospital:</strong> Turner Cook, Banks and</li>
  <li><strong>Insurance Provider:</strong> b</li>
  <li><strong>Billing Amount:</strong> 19328</li>
  <li><strong>Room Number:</strong> 231</li>
  <li><strong>Admission Type:</strong> c</li>
  <li><strong>Discharge Date:</strong> 2022-11-07</li>
  <li><strong>Medication:</strong> b</li>
  <li><strong>Test Results:</strong> c</li>
</ul>
<h2>Respondent 82</h2>
<ul>
  <li><strong>Name:</strong> ChAd MorEnO</li>
  <li><strong>Age:</strong> 67</li>
  <li><strong>Gender:</strong> b</li>
  <li><strong>Blood Type:</strong> c</li>
  <li><strong>Medical Condition:</strong> e</li>
  <li><strong>Date of Admission:</strong> 2020-08-26</li>
  <li><strong>Doctor:</strong> Connie Boyd</li>
  <li><strong>Hospital:</strong> Inc Skinner</li>
  <li><strong>Insurance Provider:</strong> a</li>
  <li><strong>Billing Amount:</strong> 46814</li>
  <li><strong>Room Number:</strong> 134</li>
  <li><strong>Admission Type:</strong> c</li>
  <li><strong>Discharge Date:</strong> 2020-08-27</li>
  <li><strong>Medication:</strong> e</li>
  <li><strong>Test Results:</strong> a</li>
</ul>
<h2>Respondent 92</h2>
<ul>
  <li><strong>Name:</strong> MR. TYler TAYLOR Phd</li>
  <li><strong>Age:</strong> 80</li>
  <li><strong>Gender:</strong> b</li>
  <li><strong>Blood Type:</strong> a</li>
  <li><strong>Medical Condition:</strong> d</li>
  <li><strong>Date of Admission:</strong> 2022-11-05</li>
  <li><strong>Doctor:</strong> Robert Salazar</li>
  <li><strong>Hospital:</strong> Dean-Hawkins</li>
  <li><strong>Insurance Provider:</strong> e</li>
  <li><strong>Billing Amount:</strong> 10662</li>
  <li><strong>Room Number:</strong> 120</li>
  <li><strong>Admission Type:</strong> b</li>
  <li><strong>Discharge Date:</strong> 2022-11-25</li>
  <li><strong>Medication:</strong> c</li>
  <li><strong>Test Results:</strong> a</li>
</ul>
</body>
</html>",92,"Which respondent numbers have Gender Male and Medical Condition Cancer?

DATA:

<!DOCTYPE html>
<html>
<head>
<title>Survey Data</title>
</head>
<body>
<h1>Questions</h1>
<ul>
  <li><strong>Name:</strong> What is your name? [Open-ended]</li>
  <li><strong>Age:</strong> What is your age? [Open-ended]</li>
  <li><strong>Gender:</strong> What is your gender? [MCQ: A. Female B. Male]</li>
  <li><strong>Blood Type:</strong> What is your blood type? [MCQ: A. A+ B. A- C. AB+ D. AB- E. B+ F. B- G. O+ H. O-]</li>
  <li><strong>Medical Condition:</strong> What is your medical condition? [MCQ: A. Arthritis B. Asthma C. Cancer D. Diabetes E. Hypertension F. Obesity]</li>
  <li><strong>Date of Admission:</strong> What is your date of admission? [Open-ended]</li>
  <li><strong>Doctor:</strong> What is your doctor? [Open-ended]</li>
  <li><strong>Hospital:</strong> What is your hospital? [Open-ended]</li>
  <li><strong>Insurance Provider:</strong> What is your insurance provider? [MCQ: A. Aetna B. Blue Cross C. Cigna D. Medicare E. UnitedHealthcare]</li>
  <li><strong>Billing Amount:</strong> What is your billing amount? [Open-ended]</li>
  <li><strong>Room Number:</strong> What is your room number? [Open-ended]</li>
  <li><strong>Admission Type:</strong> What is your admission type? [MCQ: A. Elective B. Emergency C. Urgent]</li>
  <li><strong>Discharge Date:</strong> What is your discharge date? [Open-ended]</li>
  <li><strong>Medication:</strong> What is your medication? [MCQ: A. Aspirin B. Ibuprofen C. Lipitor D. Paracetamol E. Penicillin]</li>
  <li><strong>Test Results:</strong> What is your test results? [MCQ: A. Abnormal B. Inconclusive C. Normal]</li>
</ul>
<h1>Responses</h1>
<h2>Respondent 133</h2>
<ul>
  <li><strong>Name:</strong> ashLEy ERIcKSoN</li>
  <li><strong>Age:</strong> 32</li>
  <li><strong>Gender:</strong> a</li>
  <li><strong>Blood Type:</strong> d</li>
  <li><strong>Medical Condition:</strong> c</li>
  <li><strong>Date of Admission:</strong> 2019-11-05</li>
  <li><strong>Doctor:</strong> Gerald Hooper</li>
  <li><strong>Hospital:</strong> and Johnson Moore, Branch</li>
  <li><strong>Insurance Provider:</strong> a</li>
  <li><strong>Billing Amount:</strong> -503</li>
  <li><strong>Room Number:</strong> 376</li>
  <li><strong>Admission Type:</strong> c</li>
  <li><strong>Discharge Date:</strong> 2019-11-23</li>
  <li><strong>Medication:</strong> e</li>
  <li><strong>Test Results:</strong> c</li>
</ul>
<h2>Respondent 63</h2>
<ul>
  <li><strong>Name:</strong> tRAvIs carTeR</li>
  <li><strong>Age:</strong> 18</li>
  <li><strong>Gender:</strong> b</li>
  <li><strong>Blood Type:</strong> a</li>
  <li><strong>Medical Condition:</strong> c</li>
  <li><strong>Date of Admission:</strong> 2022-07-06</li>
  <li><strong>Doctor:</strong> Megan Hahn</li>
  <li><strong>Hospital:</strong> Moss and Ferguson, Baker</li>
  <li><strong>Insurance Provider:</strong> e</li>
  <li><strong>Billing Amount:</strong> 48407</li>
  <li><strong>Room Number:</strong> 325</li>
  <li><strong>Admission Type:</strong> b</li>
  <li><strong>Discharge Date:</strong> 2022-07-18</li>
  <li><strong>Medication:</strong> a</li>
  <li><strong>Test Results:</strong> c</li>
</ul>
<h2>Respondent 116</h2>
<ul>
  <li><strong>Name:</strong> reBEcCA PARsONs</li>
  <li><strong>Age:</strong> 37</li>
  <li><strong>Gender:</strong> a</li>
  <li><strong>Blood Type:</strong> g</li>
  <li><strong>Medical Condition:</strong> b</li>
  <li><strong>Date of Admission:</strong> 2019-12-02</li>
  <li><strong>Doctor:</strong> Steven Adams</li>
  <li><strong>Hospital:</strong> Group White</li>
  <li><strong>Insurance Provider:</strong> a</li>
  <li><strong>Billing Amount:</strong> 8521</li>
  <li><strong>Room Number:</strong> 476</li>
  <li><strong>Admission Type:</strong> a</li>
  <li><strong>Discharge Date:</strong> 2019-12-13</li>
  <li><strong>Medication:</strong> e</li>
  <li><strong>Test Results:</strong> a</li>
</ul>
</body>
</html>

Answer: 63

<!DOCTYPE html>
<html>
<head>
<title>Survey Data</title>
</head>
<body>
<h1>Questions</h1>
<ul>
  <li><strong>Name:</strong> What is your name? [Open-ended]</li>
  <li><strong>Age:</strong> What is your age? [Open-ended]</li>
  <li><strong>Gender:</strong> What is your gender? [MCQ: A. Female B. Male]</li>
  <li><strong>Blood Type:</strong> What is your blood type? [MCQ: A. A+ B. A- C. AB+ D. AB- E. B+ F. B- G. O+ H. O-]</li>
  <li><strong>Medical Condition:</strong> What is your medical condition? [MCQ: A. Arthritis B. Asthma C. Cancer D. Diabetes E. Hypertension F. Obesity]</li>
  <li><strong>Date of Admission:</strong> What is your date of admission? [Open-ended]</li>
  <li><strong>Doctor:</strong> What is your doctor? [Open-ended]</li>
  <li><strong>Hospital:</strong> What is your hospital? [Open-ended]</li>
  <li><strong>Insurance Provider:</strong> What is your insurance provider? [MCQ: A. Aetna B. Blue Cross C. Cigna D. Medicare E. UnitedHealthcare]</li>
  <li><strong>Billing Amount:</strong> What is your billing amount? [Open-ended]</li>
  <li><strong>Room Number:</strong> What is your room number? [Open-ended]</li>
  <li><strong>Admission Type:</strong> What is your admission type? [MCQ: A. Elective B. Emergency C. Urgent]</li>
  <li><strong>Discharge Date:</strong> What is your discharge date? [Open-ended]</li>
  <li><strong>Medication:</strong> What is your medication? [MCQ: A. Aspirin B. Ibuprofen C. Lipitor D. Paracetamol E. Penicillin]</li>
  <li><strong>Test Results:</strong> What is your test results? [MCQ: A. Abnormal B. Inconclusive C. Normal]</li>
</ul>
<h1>Responses</h1>
<h2>Respondent 71</h2>
<ul>
  <li><strong>Name:</strong> cAROl PaTtERSoN</li>
  <li><strong>Age:</strong> 29</li>
  <li><strong>Gender:</strong> a</li>
  <li><strong>Blood Type:</strong> g</li>
  <li><strong>Medical Condition:</strong> c</li>
  <li><strong>Date of Admission:</strong> 2022-10-24</li>
  <li><strong>Doctor:</strong> Jamie Baker</li>
  <li><strong>Hospital:</strong> Turner Cook, Banks and</li>
  <li><strong>Insurance Provider:</strong> b</li>
  <li><strong>Billing Amount:</strong> 19328</li>
  <li><strong>Room Number:</strong> 231</li>
  <li><strong>Admission Type:</strong> c</li>
  <li><strong>Discharge Date:</strong> 2022-11-07</li>
  <li><strong>Medication:</strong> b</li>
  <li><strong>Test Results:</strong> c</li>
</ul>
<h2>Respondent 82</h2>
<ul>
  <li><strong>Name:</strong> ChAd MorEnO</li>
  <li><strong>Age:</strong> 67</li>
  <li><strong>Gender:</strong> b</li>
  <li><strong>Blood Type:</strong> c</li>
  <li><strong>Medical Condition:</strong> e</li>
  <li><strong>Date of Admission:</strong> 2020-08-26</li>
  <li><strong>Doctor:</strong> Connie Boyd</li>
  <li><strong>Hospital:</strong> Inc Skinner</li>
  <li><strong>Insurance Provider:</strong> a</li>
  <li><strong>Billing Amount:</strong> 46814</li>
  <li><strong>Room Number:</strong> 134</li>
  <li><strong>Admission Type:</strong> c</li>
  <li><strong>Discharge Date:</strong> 2020-08-27</li>
  <li><strong>Medication:</strong> e</li>
  <li><strong>Test Results:</strong> a</li>
</ul>
<h2>Respondent 92</h2>
<ul>
  <li><strong>Name:</strong> MR. TYler TAYLOR Phd</li>
  <li><strong>Age:</strong> 80</li>
  <li><strong>Gender:</strong> b</li>
  <li><strong>Blood Type:</strong> a</li>
  <li><strong>Medical Condition:</strong> d</li>
  <li><strong>Date of Admission:</strong> 2022-11-05</li>
  <li><strong>Doctor:</strong> Robert Salazar</li>
  <li><strong>Hospital:</strong> Dean-Hawkins</li>
  <li><strong>Insurance Provider:</strong> e</li>
  <li><strong>Billing Amount:</strong> 10662</li>
  <li><strong>Room Number:</strong> 120</li>
  <li><strong>Admission Type:</strong> b</li>
  <li><strong>Discharge Date:</strong> 2022-11-25</li>
  <li><strong>Medication:</strong> c</li>
  <li><strong>Test Results:</strong> a</li>
</ul>
</body>
</html>

You are a meticulous data analyst AI. Your primary function is to accurately analyze structured data and provide precise, verifiable answers.

You will be given a dataset with two key parts:

A 'questions' section: This is your data dictionary or schema. It is the single source of truth for understanding what each field and score means. Refer to it carefully.

A 'responses' section: This contains the raw data from each individual respondent.

To answer the question correctly, you must first use the 'questions' schema to fully understand the context and meaning of the data points within the 'responses'. Do not rely on any prior knowledge outside of this provided data. Base your entire analysis on the information given.

Provide your final answer directly and concisely. Output must be the human-readable value, not an option code.

Rules:
- For MCQ fields, map any letter codes in the Responses (case-insensitive) to the corresponding option text from the Questions schema, and output only that text. Do NOT include the letter or both.
  Example: If the schema is ""[MCQ: A. Abnormal B. Inconclusive C. Normal]"" and the response is ""a"", output ""Abnormal"".
- For open-ended fields, output the exact text value.
- If the question asks for a count, provide only the number (e.g., ""42"").
- If the question asks for a list of names or IDs, provide a simple comma-separated list (e.g., ""17, 21, 23"").
- Preserve capitalization exactly as in the schema (e.g., output ""Abnormal"", not ""abnormal"" or ""A"").

Which respondent numbers have Insurance Provider UnitedHealthcare and Blood Type A+?",,
case_33,multi_hop_relational_inference,Which respondent numbers have Medical Condition Cancer and Medication Penicillin?,"<!DOCTYPE html>
<html>
<head>
<title>Survey Data</title>
</head>
<body>
<h1>Questions</h1>
<ul>
  <li><strong>Name:</strong> What is your name? [Open-ended]</li>
  <li><strong>Age:</strong> What is your age? [Open-ended]</li>
  <li><strong>Gender:</strong> What is your gender? [MCQ: A. Female B. Male]</li>
  <li><strong>Blood Type:</strong> What is your blood type? [MCQ: A. A+ B. A- C. AB+ D. AB- E. B+ F. B- G. O+ H. O-]</li>
  <li><strong>Medical Condition:</strong> What is your medical condition? [MCQ: A. Arthritis B. Asthma C. Cancer D. Diabetes E. Hypertension F. Obesity]</li>
  <li><strong>Date of Admission:</strong> What is your date of admission? [Open-ended]</li>
  <li><strong>Doctor:</strong> What is your doctor? [Open-ended]</li>
  <li><strong>Hospital:</strong> What is your hospital? [Open-ended]</li>
  <li><strong>Insurance Provider:</strong> What is your insurance provider? [MCQ: A. Aetna B. Blue Cross C. Cigna D. Medicare E. UnitedHealthcare]</li>
  <li><strong>Billing Amount:</strong> What is your billing amount? [Open-ended]</li>
  <li><strong>Room Number:</strong> What is your room number? [Open-ended]</li>
  <li><strong>Admission Type:</strong> What is your admission type? [MCQ: A. Elective B. Emergency C. Urgent]</li>
  <li><strong>Discharge Date:</strong> What is your discharge date? [Open-ended]</li>
  <li><strong>Medication:</strong> What is your medication? [MCQ: A. Aspirin B. Ibuprofen C. Lipitor D. Paracetamol E. Penicillin]</li>
  <li><strong>Test Results:</strong> What is your test results? [MCQ: A. Abnormal B. Inconclusive C. Normal]</li>
</ul>
<h1>Responses</h1>
<h2>Respondent 5</h2>
<ul>
  <li><strong>Name:</strong> adrIENNE bEll</li>
  <li><strong>Age:</strong> 43</li>
  <li><strong>Gender:</strong> a</li>
  <li><strong>Blood Type:</strong> c</li>
  <li><strong>Medical Condition:</strong> c</li>
  <li><strong>Date of Admission:</strong> 2022-09-19</li>
  <li><strong>Doctor:</strong> Kathleen Hanna</li>
  <li><strong>Hospital:</strong> White-White</li>
  <li><strong>Insurance Provider:</strong> a</li>
  <li><strong>Billing Amount:</strong> 14238</li>
  <li><strong>Room Number:</strong> 458</li>
  <li><strong>Admission Type:</strong> c</li>
  <li><strong>Discharge Date:</strong> 2022-10-09</li>
  <li><strong>Medication:</strong> e</li>
  <li><strong>Test Results:</strong> a</li>
</ul>
<h2>Respondent 6</h2>
<ul>
  <li><strong>Name:</strong> EMILY JOHNSOn</li>
  <li><strong>Age:</strong> 36</li>
  <li><strong>Gender:</strong> b</li>
  <li><strong>Blood Type:</strong> a</li>
  <li><strong>Medical Condition:</strong> b</li>
  <li><strong>Date of Admission:</strong> 2023-12-20</li>
  <li><strong>Doctor:</strong> Taylor Newton</li>
  <li><strong>Hospital:</strong> Nunez-Humphrey</li>
  <li><strong>Insurance Provider:</strong> e</li>
  <li><strong>Billing Amount:</strong> 48145</li>
  <li><strong>Room Number:</strong> 389</li>
  <li><strong>Admission Type:</strong> c</li>
  <li><strong>Discharge Date:</strong> 2023-12-24</li>
  <li><strong>Medication:</strong> b</li>
  <li><strong>Test Results:</strong> c</li>
</ul>
<h2>Respondent 146</h2>
<ul>
  <li><strong>Name:</strong> MATTHeW wHite</li>
  <li><strong>Age:</strong> 45</li>
  <li><strong>Gender:</strong> a</li>
  <li><strong>Blood Type:</strong> c</li>
  <li><strong>Medical Condition:</strong> d</li>
  <li><strong>Date of Admission:</strong> 2020-06-03</li>
  <li><strong>Doctor:</strong> Ryan Ross</li>
  <li><strong>Hospital:</strong> Hampton-Thomas</li>
  <li><strong>Insurance Provider:</strong> d</li>
  <li><strong>Billing Amount:</strong> 22951</li>
  <li><strong>Room Number:</strong> 233</li>
  <li><strong>Admission Type:</strong> a</li>
  <li><strong>Discharge Date:</strong> 2020-06-22</li>
  <li><strong>Medication:</strong> b</li>
  <li><strong>Test Results:</strong> a</li>
</ul>
</body>
</html>",5,"Which respondent numbers have Gender Male and Medical Condition Cancer?

DATA:

<!DOCTYPE html>
<html>
<head>
<title>Survey Data</title>
</head>
<body>
<h1>Questions</h1>
<ul>
  <li><strong>Name:</strong> What is your name? [Open-ended]</li>
  <li><strong>Age:</strong> What is your age? [Open-ended]</li>
  <li><strong>Gender:</strong> What is your gender? [MCQ: A. Female B. Male]</li>
  <li><strong>Blood Type:</strong> What is your blood type? [MCQ: A. A+ B. A- C. AB+ D. AB- E. B+ F. B- G. O+ H. O-]</li>
  <li><strong>Medical Condition:</strong> What is your medical condition? [MCQ: A. Arthritis B. Asthma C. Cancer D. Diabetes E. Hypertension F. Obesity]</li>
  <li><strong>Date of Admission:</strong> What is your date of admission? [Open-ended]</li>
  <li><strong>Doctor:</strong> What is your doctor? [Open-ended]</li>
  <li><strong>Hospital:</strong> What is your hospital? [Open-ended]</li>
  <li><strong>Insurance Provider:</strong> What is your insurance provider? [MCQ: A. Aetna B. Blue Cross C. Cigna D. Medicare E. UnitedHealthcare]</li>
  <li><strong>Billing Amount:</strong> What is your billing amount? [Open-ended]</li>
  <li><strong>Room Number:</strong> What is your room number? [Open-ended]</li>
  <li><strong>Admission Type:</strong> What is your admission type? [MCQ: A. Elective B. Emergency C. Urgent]</li>
  <li><strong>Discharge Date:</strong> What is your discharge date? [Open-ended]</li>
  <li><strong>Medication:</strong> What is your medication? [MCQ: A. Aspirin B. Ibuprofen C. Lipitor D. Paracetamol E. Penicillin]</li>
  <li><strong>Test Results:</strong> What is your test results? [MCQ: A. Abnormal B. Inconclusive C. Normal]</li>
</ul>
<h1>Responses</h1>
<h2>Respondent 133</h2>
<ul>
  <li><strong>Name:</strong> ashLEy ERIcKSoN</li>
  <li><strong>Age:</strong> 32</li>
  <li><strong>Gender:</strong> a</li>
  <li><strong>Blood Type:</strong> d</li>
  <li><strong>Medical Condition:</strong> c</li>
  <li><strong>Date of Admission:</strong> 2019-11-05</li>
  <li><strong>Doctor:</strong> Gerald Hooper</li>
  <li><strong>Hospital:</strong> and Johnson Moore, Branch</li>
  <li><strong>Insurance Provider:</strong> a</li>
  <li><strong>Billing Amount:</strong> -503</li>
  <li><strong>Room Number:</strong> 376</li>
  <li><strong>Admission Type:</strong> c</li>
  <li><strong>Discharge Date:</strong> 2019-11-23</li>
  <li><strong>Medication:</strong> e</li>
  <li><strong>Test Results:</strong> c</li>
</ul>
<h2>Respondent 63</h2>
<ul>
  <li><strong>Name:</strong> tRAvIs carTeR</li>
  <li><strong>Age:</strong> 18</li>
  <li><strong>Gender:</strong> b</li>
  <li><strong>Blood Type:</strong> a</li>
  <li><strong>Medical Condition:</strong> c</li>
  <li><strong>Date of Admission:</strong> 2022-07-06</li>
  <li><strong>Doctor:</strong> Megan Hahn</li>
  <li><strong>Hospital:</strong> Moss and Ferguson, Baker</li>
  <li><strong>Insurance Provider:</strong> e</li>
  <li><strong>Billing Amount:</strong> 48407</li>
  <li><strong>Room Number:</strong> 325</li>
  <li><strong>Admission Type:</strong> b</li>
  <li><strong>Discharge Date:</strong> 2022-07-18</li>
  <li><strong>Medication:</strong> a</li>
  <li><strong>Test Results:</strong> c</li>
</ul>
<h2>Respondent 116</h2>
<ul>
  <li><strong>Name:</strong> reBEcCA PARsONs</li>
  <li><strong>Age:</strong> 37</li>
  <li><strong>Gender:</strong> a</li>
  <li><strong>Blood Type:</strong> g</li>
  <li><strong>Medical Condition:</strong> b</li>
  <li><strong>Date of Admission:</strong> 2019-12-02</li>
  <li><strong>Doctor:</strong> Steven Adams</li>
  <li><strong>Hospital:</strong> Group White</li>
  <li><strong>Insurance Provider:</strong> a</li>
  <li><strong>Billing Amount:</strong> 8521</li>
  <li><strong>Room Number:</strong> 476</li>
  <li><strong>Admission Type:</strong> a</li>
  <li><strong>Discharge Date:</strong> 2019-12-13</li>
  <li><strong>Medication:</strong> e</li>
  <li><strong>Test Results:</strong> a</li>
</ul>
</body>
</html>

Answer: 63

<!DOCTYPE html>
<html>
<head>
<title>Survey Data</title>
</head>
<body>
<h1>Questions</h1>
<ul>
  <li><strong>Name:</strong> What is your name? [Open-ended]</li>
  <li><strong>Age:</strong> What is your age? [Open-ended]</li>
  <li><strong>Gender:</strong> What is your gender? [MCQ: A. Female B. Male]</li>
  <li><strong>Blood Type:</strong> What is your blood type? [MCQ: A. A+ B. A- C. AB+ D. AB- E. B+ F. B- G. O+ H. O-]</li>
  <li><strong>Medical Condition:</strong> What is your medical condition? [MCQ: A. Arthritis B. Asthma C. Cancer D. Diabetes E. Hypertension F. Obesity]</li>
  <li><strong>Date of Admission:</strong> What is your date of admission? [Open-ended]</li>
  <li><strong>Doctor:</strong> What is your doctor? [Open-ended]</li>
  <li><strong>Hospital:</strong> What is your hospital? [Open-ended]</li>
  <li><strong>Insurance Provider:</strong> What is your insurance provider? [MCQ: A. Aetna B. Blue Cross C. Cigna D. Medicare E. UnitedHealthcare]</li>
  <li><strong>Billing Amount:</strong> What is your billing amount? [Open-ended]</li>
  <li><strong>Room Number:</strong> What is your room number? [Open-ended]</li>
  <li><strong>Admission Type:</strong> What is your admission type? [MCQ: A. Elective B. Emergency C. Urgent]</li>
  <li><strong>Discharge Date:</strong> What is your discharge date? [Open-ended]</li>
  <li><strong>Medication:</strong> What is your medication? [MCQ: A. Aspirin B. Ibuprofen C. Lipitor D. Paracetamol E. Penicillin]</li>
  <li><strong>Test Results:</strong> What is your test results? [MCQ: A. Abnormal B. Inconclusive C. Normal]</li>
</ul>
<h1>Responses</h1>
<h2>Respondent 5</h2>
<ul>
  <li><strong>Name:</strong> adrIENNE bEll</li>
  <li><strong>Age:</strong> 43</li>
  <li><strong>Gender:</strong> a</li>
  <li><strong>Blood Type:</strong> c</li>
  <li><strong>Medical Condition:</strong> c</li>
  <li><strong>Date of Admission:</strong> 2022-09-19</li>
  <li><strong>Doctor:</strong> Kathleen Hanna</li>
  <li><strong>Hospital:</strong> White-White</li>
  <li><strong>Insurance Provider:</strong> a</li>
  <li><strong>Billing Amount:</strong> 14238</li>
  <li><strong>Room Number:</strong> 458</li>
  <li><strong>Admission Type:</strong> c</li>
  <li><strong>Discharge Date:</strong> 2022-10-09</li>
  <li><strong>Medication:</strong> e</li>
  <li><strong>Test Results:</strong> a</li>
</ul>
<h2>Respondent 6</h2>
<ul>
  <li><strong>Name:</strong> EMILY JOHNSOn</li>
  <li><strong>Age:</strong> 36</li>
  <li><strong>Gender:</strong> b</li>
  <li><strong>Blood Type:</strong> a</li>
  <li><strong>Medical Condition:</strong> b</li>
  <li><strong>Date of Admission:</strong> 2023-12-20</li>
  <li><strong>Doctor:</strong> Taylor Newton</li>
  <li><strong>Hospital:</strong> Nunez-Humphrey</li>
  <li><strong>Insurance Provider:</strong> e</li>
  <li><strong>Billing Amount:</strong> 48145</li>
  <li><strong>Room Number:</strong> 389</li>
  <li><strong>Admission Type:</strong> c</li>
  <li><strong>Discharge Date:</strong> 2023-12-24</li>
  <li><strong>Medication:</strong> b</li>
  <li><strong>Test Results:</strong> c</li>
</ul>
<h2>Respondent 146</h2>
<ul>
  <li><strong>Name:</strong> MATTHeW wHite</li>
  <li><strong>Age:</strong> 45</li>
  <li><strong>Gender:</strong> a</li>
  <li><strong>Blood Type:</strong> c</li>
  <li><strong>Medical Condition:</strong> d</li>
  <li><strong>Date of Admission:</strong> 2020-06-03</li>
  <li><strong>Doctor:</strong> Ryan Ross</li>
  <li><strong>Hospital:</strong> Hampton-Thomas</li>
  <li><strong>Insurance Provider:</strong> d</li>
  <li><strong>Billing Amount:</strong> 22951</li>
  <li><strong>Room Number:</strong> 233</li>
  <li><strong>Admission Type:</strong> a</li>
  <li><strong>Discharge Date:</strong> 2020-06-22</li>
  <li><strong>Medication:</strong> b</li>
  <li><strong>Test Results:</strong> a</li>
</ul>
</body>
</html>

You are a meticulous data analyst AI. Your primary function is to accurately analyze structured data and provide precise, verifiable answers.

You will be given a dataset with two key parts:

A 'questions' section: This is your data dictionary or schema. It is the single source of truth for understanding what each field and score means. Refer to it carefully.

A 'responses' section: This contains the raw data from each individual respondent.

To answer the question correctly, you must first use the 'questions' schema to fully understand the context and meaning of the data points within the 'responses'. Do not rely on any prior knowledge outside of this provided data. Base your entire analysis on the information given.

Provide your final answer directly and concisely. Output must be the human-readable value, not an option code.

Rules:
- For MCQ fields, map any letter codes in the Responses (case-insensitive) to the corresponding option text from the Questions schema, and output only that text. Do NOT include the letter or both.
  Example: If the schema is ""[MCQ: A. Abnormal B. Inconclusive C. Normal]"" and the response is ""a"", output ""Abnormal"".
- For open-ended fields, output the exact text value.
- If the question asks for a count, provide only the number (e.g., ""42"").
- If the question asks for a list of names or IDs, provide a simple comma-separated list (e.g., ""17, 21, 23"").
- Preserve capitalization exactly as in the schema (e.g., output ""Abnormal"", not ""abnormal"" or ""A"").

Which respondent numbers have Medical Condition Cancer and Medication Penicillin?",,
case_34,multi_hop_relational_inference,Which respondent numbers have Blood Type AB+ and Medication Ibuprofen?,"<!DOCTYPE html>
<html>
<head>
<title>Survey Data</title>
</head>
<body>
<h1>Questions</h1>
<ul>
  <li><strong>Name:</strong> What is your name? [Open-ended]</li>
  <li><strong>Age:</strong> What is your age? [Open-ended]</li>
  <li><strong>Gender:</strong> What is your gender? [MCQ: A. Female B. Male]</li>
  <li><strong>Blood Type:</strong> What is your blood type? [MCQ: A. A+ B. A- C. AB+ D. AB- E. B+ F. B- G. O+ H. O-]</li>
  <li><strong>Medical Condition:</strong> What is your medical condition? [MCQ: A. Arthritis B. Asthma C. Cancer D. Diabetes E. Hypertension F. Obesity]</li>
  <li><strong>Date of Admission:</strong> What is your date of admission? [Open-ended]</li>
  <li><strong>Doctor:</strong> What is your doctor? [Open-ended]</li>
  <li><strong>Hospital:</strong> What is your hospital? [Open-ended]</li>
  <li><strong>Insurance Provider:</strong> What is your insurance provider? [MCQ: A. Aetna B. Blue Cross C. Cigna D. Medicare E. UnitedHealthcare]</li>
  <li><strong>Billing Amount:</strong> What is your billing amount? [Open-ended]</li>
  <li><strong>Room Number:</strong> What is your room number? [Open-ended]</li>
  <li><strong>Admission Type:</strong> What is your admission type? [MCQ: A. Elective B. Emergency C. Urgent]</li>
  <li><strong>Discharge Date:</strong> What is your discharge date? [Open-ended]</li>
  <li><strong>Medication:</strong> What is your medication? [MCQ: A. Aspirin B. Ibuprofen C. Lipitor D. Paracetamol E. Penicillin]</li>
  <li><strong>Test Results:</strong> What is your test results? [MCQ: A. Abnormal B. Inconclusive C. Normal]</li>
</ul>
<h1>Responses</h1>
<h2>Respondent 149</h2>
<ul>
  <li><strong>Name:</strong> RoBErt hIGGInS</li>
  <li><strong>Age:</strong> 42</li>
  <li><strong>Gender:</strong> b</li>
  <li><strong>Blood Type:</strong> d</li>
  <li><strong>Medical Condition:</strong> b</li>
  <li><strong>Date of Admission:</strong> 2021-05-06</li>
  <li><strong>Doctor:</strong> Scott Davis</li>
  <li><strong>Hospital:</strong> and Ford Lee, Rodriguez</li>
  <li><strong>Insurance Provider:</strong> d</li>
  <li><strong>Billing Amount:</strong> 13356</li>
  <li><strong>Room Number:</strong> 451</li>
  <li><strong>Admission Type:</strong> a</li>
  <li><strong>Discharge Date:</strong> 2021-05-29</li>
  <li><strong>Medication:</strong> b</li>
  <li><strong>Test Results:</strong> b</li>
</ul>
<h2>Respondent 62</h2>
<ul>
  <li><strong>Name:</strong> Kim ScOtt</li>
  <li><strong>Age:</strong> 63</li>
  <li><strong>Gender:</strong> b</li>
  <li><strong>Blood Type:</strong> b</li>
  <li><strong>Medical Condition:</strong> b</li>
  <li><strong>Date of Admission:</strong> 2024-04-07</li>
  <li><strong>Doctor:</strong> Cindy Ellis</li>
  <li><strong>Hospital:</strong> Scott-Kelly</li>
  <li><strong>Insurance Provider:</strong> e</li>
  <li><strong>Billing Amount:</strong> 39723</li>
  <li><strong>Room Number:</strong> 244</li>
  <li><strong>Admission Type:</strong> b</li>
  <li><strong>Discharge Date:</strong> 2024-05-04</li>
  <li><strong>Medication:</strong> b</li>
  <li><strong>Test Results:</strong> b</li>
</ul>
<h2>Respondent 130</h2>
<ul>
  <li><strong>Name:</strong> LeaH cRoSs Dds</li>
  <li><strong>Age:</strong> 20</li>
  <li><strong>Gender:</strong> b</li>
  <li><strong>Blood Type:</strong> c</li>
  <li><strong>Medical Condition:</strong> d</li>
  <li><strong>Date of Admission:</strong> 2024-03-17</li>
  <li><strong>Doctor:</strong> Michael Larson</li>
  <li><strong>Hospital:</strong> Kelly-Allen</li>
  <li><strong>Insurance Provider:</strong> b</li>
  <li><strong>Billing Amount:</strong> 44940</li>
  <li><strong>Room Number:</strong> 430</li>
  <li><strong>Admission Type:</strong> b</li>
  <li><strong>Discharge Date:</strong> 2024-03-28</li>
  <li><strong>Medication:</strong> b</li>
  <li><strong>Test Results:</strong> b</li>
</ul>
</body>
</html>",130,"Which respondent numbers have Gender Male and Medical Condition Cancer?

DATA:

<!DOCTYPE html>
<html>
<head>
<title>Survey Data</title>
</head>
<body>
<h1>Questions</h1>
<ul>
  <li><strong>Name:</strong> What is your name? [Open-ended]</li>
  <li><strong>Age:</strong> What is your age? [Open-ended]</li>
  <li><strong>Gender:</strong> What is your gender? [MCQ: A. Female B. Male]</li>
  <li><strong>Blood Type:</strong> What is your blood type? [MCQ: A. A+ B. A- C. AB+ D. AB- E. B+ F. B- G. O+ H. O-]</li>
  <li><strong>Medical Condition:</strong> What is your medical condition? [MCQ: A. Arthritis B. Asthma C. Cancer D. Diabetes E. Hypertension F. Obesity]</li>
  <li><strong>Date of Admission:</strong> What is your date of admission? [Open-ended]</li>
  <li><strong>Doctor:</strong> What is your doctor? [Open-ended]</li>
  <li><strong>Hospital:</strong> What is your hospital? [Open-ended]</li>
  <li><strong>Insurance Provider:</strong> What is your insurance provider? [MCQ: A. Aetna B. Blue Cross C. Cigna D. Medicare E. UnitedHealthcare]</li>
  <li><strong>Billing Amount:</strong> What is your billing amount? [Open-ended]</li>
  <li><strong>Room Number:</strong> What is your room number? [Open-ended]</li>
  <li><strong>Admission Type:</strong> What is your admission type? [MCQ: A. Elective B. Emergency C. Urgent]</li>
  <li><strong>Discharge Date:</strong> What is your discharge date? [Open-ended]</li>
  <li><strong>Medication:</strong> What is your medication? [MCQ: A. Aspirin B. Ibuprofen C. Lipitor D. Paracetamol E. Penicillin]</li>
  <li><strong>Test Results:</strong> What is your test results? [MCQ: A. Abnormal B. Inconclusive C. Normal]</li>
</ul>
<h1>Responses</h1>
<h2>Respondent 133</h2>
<ul>
  <li><strong>Name:</strong> ashLEy ERIcKSoN</li>
  <li><strong>Age:</strong> 32</li>
  <li><strong>Gender:</strong> a</li>
  <li><strong>Blood Type:</strong> d</li>
  <li><strong>Medical Condition:</strong> c</li>
  <li><strong>Date of Admission:</strong> 2019-11-05</li>
  <li><strong>Doctor:</strong> Gerald Hooper</li>
  <li><strong>Hospital:</strong> and Johnson Moore, Branch</li>
  <li><strong>Insurance Provider:</strong> a</li>
  <li><strong>Billing Amount:</strong> -503</li>
  <li><strong>Room Number:</strong> 376</li>
  <li><strong>Admission Type:</strong> c</li>
  <li><strong>Discharge Date:</strong> 2019-11-23</li>
  <li><strong>Medication:</strong> e</li>
  <li><strong>Test Results:</strong> c</li>
</ul>
<h2>Respondent 63</h2>
<ul>
  <li><strong>Name:</strong> tRAvIs carTeR</li>
  <li><strong>Age:</strong> 18</li>
  <li><strong>Gender:</strong> b</li>
  <li><strong>Blood Type:</strong> a</li>
  <li><strong>Medical Condition:</strong> c</li>
  <li><strong>Date of Admission:</strong> 2022-07-06</li>
  <li><strong>Doctor:</strong> Megan Hahn</li>
  <li><strong>Hospital:</strong> Moss and Ferguson, Baker</li>
  <li><strong>Insurance Provider:</strong> e</li>
  <li><strong>Billing Amount:</strong> 48407</li>
  <li><strong>Room Number:</strong> 325</li>
  <li><strong>Admission Type:</strong> b</li>
  <li><strong>Discharge Date:</strong> 2022-07-18</li>
  <li><strong>Medication:</strong> a</li>
  <li><strong>Test Results:</strong> c</li>
</ul>
<h2>Respondent 116</h2>
<ul>
  <li><strong>Name:</strong> reBEcCA PARsONs</li>
  <li><strong>Age:</strong> 37</li>
  <li><strong>Gender:</strong> a</li>
  <li><strong>Blood Type:</strong> g</li>
  <li><strong>Medical Condition:</strong> b</li>
  <li><strong>Date of Admission:</strong> 2019-12-02</li>
  <li><strong>Doctor:</strong> Steven Adams</li>
  <li><strong>Hospital:</strong> Group White</li>
  <li><strong>Insurance Provider:</strong> a</li>
  <li><strong>Billing Amount:</strong> 8521</li>
  <li><strong>Room Number:</strong> 476</li>
  <li><strong>Admission Type:</strong> a</li>
  <li><strong>Discharge Date:</strong> 2019-12-13</li>
  <li><strong>Medication:</strong> e</li>
  <li><strong>Test Results:</strong> a</li>
</ul>
</body>
</html>

Answer: 63

<!DOCTYPE html>
<html>
<head>
<title>Survey Data</title>
</head>
<body>
<h1>Questions</h1>
<ul>
  <li><strong>Name:</strong> What is your name? [Open-ended]</li>
  <li><strong>Age:</strong> What is your age? [Open-ended]</li>
  <li><strong>Gender:</strong> What is your gender? [MCQ: A. Female B. Male]</li>
  <li><strong>Blood Type:</strong> What is your blood type? [MCQ: A. A+ B. A- C. AB+ D. AB- E. B+ F. B- G. O+ H. O-]</li>
  <li><strong>Medical Condition:</strong> What is your medical condition? [MCQ: A. Arthritis B. Asthma C. Cancer D. Diabetes E. Hypertension F. Obesity]</li>
  <li><strong>Date of Admission:</strong> What is your date of admission? [Open-ended]</li>
  <li><strong>Doctor:</strong> What is your doctor? [Open-ended]</li>
  <li><strong>Hospital:</strong> What is your hospital? [Open-ended]</li>
  <li><strong>Insurance Provider:</strong> What is your insurance provider? [MCQ: A. Aetna B. Blue Cross C. Cigna D. Medicare E. UnitedHealthcare]</li>
  <li><strong>Billing Amount:</strong> What is your billing amount? [Open-ended]</li>
  <li><strong>Room Number:</strong> What is your room number? [Open-ended]</li>
  <li><strong>Admission Type:</strong> What is your admission type? [MCQ: A. Elective B. Emergency C. Urgent]</li>
  <li><strong>Discharge Date:</strong> What is your discharge date? [Open-ended]</li>
  <li><strong>Medication:</strong> What is your medication? [MCQ: A. Aspirin B. Ibuprofen C. Lipitor D. Paracetamol E. Penicillin]</li>
  <li><strong>Test Results:</strong> What is your test results? [MCQ: A. Abnormal B. Inconclusive C. Normal]</li>
</ul>
<h1>Responses</h1>
<h2>Respondent 149</h2>
<ul>
  <li><strong>Name:</strong> RoBErt hIGGInS</li>
  <li><strong>Age:</strong> 42</li>
  <li><strong>Gender:</strong> b</li>
  <li><strong>Blood Type:</strong> d</li>
  <li><strong>Medical Condition:</strong> b</li>
  <li><strong>Date of Admission:</strong> 2021-05-06</li>
  <li><strong>Doctor:</strong> Scott Davis</li>
  <li><strong>Hospital:</strong> and Ford Lee, Rodriguez</li>
  <li><strong>Insurance Provider:</strong> d</li>
  <li><strong>Billing Amount:</strong> 13356</li>
  <li><strong>Room Number:</strong> 451</li>
  <li><strong>Admission Type:</strong> a</li>
  <li><strong>Discharge Date:</strong> 2021-05-29</li>
  <li><strong>Medication:</strong> b</li>
  <li><strong>Test Results:</strong> b</li>
</ul>
<h2>Respondent 62</h2>
<ul>
  <li><strong>Name:</strong> Kim ScOtt</li>
  <li><strong>Age:</strong> 63</li>
  <li><strong>Gender:</strong> b</li>
  <li><strong>Blood Type:</strong> b</li>
  <li><strong>Medical Condition:</strong> b</li>
  <li><strong>Date of Admission:</strong> 2024-04-07</li>
  <li><strong>Doctor:</strong> Cindy Ellis</li>
  <li><strong>Hospital:</strong> Scott-Kelly</li>
  <li><strong>Insurance Provider:</strong> e</li>
  <li><strong>Billing Amount:</strong> 39723</li>
  <li><strong>Room Number:</strong> 244</li>
  <li><strong>Admission Type:</strong> b</li>
  <li><strong>Discharge Date:</strong> 2024-05-04</li>
  <li><strong>Medication:</strong> b</li>
  <li><strong>Test Results:</strong> b</li>
</ul>
<h2>Respondent 130</h2>
<ul>
  <li><strong>Name:</strong> LeaH cRoSs Dds</li>
  <li><strong>Age:</strong> 20</li>
  <li><strong>Gender:</strong> b</li>
  <li><strong>Blood Type:</strong> c</li>
  <li><strong>Medical Condition:</strong> d</li>
  <li><strong>Date of Admission:</strong> 2024-03-17</li>
  <li><strong>Doctor:</strong> Michael Larson</li>
  <li><strong>Hospital:</strong> Kelly-Allen</li>
  <li><strong>Insurance Provider:</strong> b</li>
  <li><strong>Billing Amount:</strong> 44940</li>
  <li><strong>Room Number:</strong> 430</li>
  <li><strong>Admission Type:</strong> b</li>
  <li><strong>Discharge Date:</strong> 2024-03-28</li>
  <li><strong>Medication:</strong> b</li>
  <li><strong>Test Results:</strong> b</li>
</ul>
</body>
</html>

You are a meticulous data analyst AI. Your primary function is to accurately analyze structured data and provide precise, verifiable answers.

You will be given a dataset with two key parts:

A 'questions' section: This is your data dictionary or schema. It is the single source of truth for understanding what each field and score means. Refer to it carefully.

A 'responses' section: This contains the raw data from each individual respondent.

To answer the question correctly, you must first use the 'questions' schema to fully understand the context and meaning of the data points within the 'responses'. Do not rely on any prior knowledge outside of this provided data. Base your entire analysis on the information given.

Provide your final answer directly and concisely. Output must be the human-readable value, not an option code.

Rules:
- For MCQ fields, map any letter codes in the Responses (case-insensitive) to the corresponding option text from the Questions schema, and output only that text. Do NOT include the letter or both.
  Example: If the schema is ""[MCQ: A. Abnormal B. Inconclusive C. Normal]"" and the response is ""a"", output ""Abnormal"".
- For open-ended fields, output the exact text value.
- If the question asks for a count, provide only the number (e.g., ""42"").
- If the question asks for a list of names or IDs, provide a simple comma-separated list (e.g., ""17, 21, 23"").
- Preserve capitalization exactly as in the schema (e.g., output ""Abnormal"", not ""abnormal"" or ""A"").

Which respondent numbers have Blood Type AB+ and Medication Ibuprofen?",,
case_35,multi_hop_relational_inference,Which respondent numbers have Medical Condition Cancer and Admission Type Urgent?,"<!DOCTYPE html>
<html>
<head>
<title>Survey Data</title>
</head>
<body>
<h1>Questions</h1>
<ul>
  <li><strong>Name:</strong> What is your name? [Open-ended]</li>
  <li><strong>Age:</strong> What is your age? [Open-ended]</li>
  <li><strong>Gender:</strong> What is your gender? [MCQ: A. Female B. Male]</li>
  <li><strong>Blood Type:</strong> What is your blood type? [MCQ: A. A+ B. A- C. AB+ D. AB- E. B+ F. B- G. O+ H. O-]</li>
  <li><strong>Medical Condition:</strong> What is your medical condition? [MCQ: A. Arthritis B. Asthma C. Cancer D. Diabetes E. Hypertension F. Obesity]</li>
  <li><strong>Date of Admission:</strong> What is your date of admission? [Open-ended]</li>
  <li><strong>Doctor:</strong> What is your doctor? [Open-ended]</li>
  <li><strong>Hospital:</strong> What is your hospital? [Open-ended]</li>
  <li><strong>Insurance Provider:</strong> What is your insurance provider? [MCQ: A. Aetna B. Blue Cross C. Cigna D. Medicare E. UnitedHealthcare]</li>
  <li><strong>Billing Amount:</strong> What is your billing amount? [Open-ended]</li>
  <li><strong>Room Number:</strong> What is your room number? [Open-ended]</li>
  <li><strong>Admission Type:</strong> What is your admission type? [MCQ: A. Elective B. Emergency C. Urgent]</li>
  <li><strong>Discharge Date:</strong> What is your discharge date? [Open-ended]</li>
  <li><strong>Medication:</strong> What is your medication? [MCQ: A. Aspirin B. Ibuprofen C. Lipitor D. Paracetamol E. Penicillin]</li>
  <li><strong>Test Results:</strong> What is your test results? [MCQ: A. Abnormal B. Inconclusive C. Normal]</li>
</ul>
<h1>Responses</h1>
<h2>Respondent 92</h2>
<ul>
  <li><strong>Name:</strong> MR. TYler TAYLOR Phd</li>
  <li><strong>Age:</strong> 80</li>
  <li><strong>Gender:</strong> b</li>
  <li><strong>Blood Type:</strong> a</li>
  <li><strong>Medical Condition:</strong> d</li>
  <li><strong>Date of Admission:</strong> 2022-11-05</li>
  <li><strong>Doctor:</strong> Robert Salazar</li>
  <li><strong>Hospital:</strong> Dean-Hawkins</li>
  <li><strong>Insurance Provider:</strong> e</li>
  <li><strong>Billing Amount:</strong> 10662</li>
  <li><strong>Room Number:</strong> 120</li>
  <li><strong>Admission Type:</strong> b</li>
  <li><strong>Discharge Date:</strong> 2022-11-25</li>
  <li><strong>Medication:</strong> c</li>
  <li><strong>Test Results:</strong> a</li>
</ul>
<h2>Respondent 66</h2>
<ul>
  <li><strong>Name:</strong> JessIca king</li>
  <li><strong>Age:</strong> 27</li>
  <li><strong>Gender:</strong> b</li>
  <li><strong>Blood Type:</strong> d</li>
  <li><strong>Medical Condition:</strong> c</li>
  <li><strong>Date of Admission:</strong> 2019-12-09</li>
  <li><strong>Doctor:</strong> William Hess</li>
  <li><strong>Hospital:</strong> Sons Watson and</li>
  <li><strong>Insurance Provider:</strong> d</li>
  <li><strong>Billing Amount:</strong> 8321</li>
  <li><strong>Room Number:</strong> 468</li>
  <li><strong>Admission Type:</strong> c</li>
  <li><strong>Discharge Date:</strong> 2019-12-21</li>
  <li><strong>Medication:</strong> c</li>
  <li><strong>Test Results:</strong> a</li>
</ul>
<h2>Respondent 2</h2>
<ul>
  <li><strong>Name:</strong> LesLie TErRy</li>
  <li><strong>Age:</strong> 62</li>
  <li><strong>Gender:</strong> b</li>
  <li><strong>Blood Type:</strong> a</li>
  <li><strong>Medical Condition:</strong> f</li>
  <li><strong>Date of Admission:</strong> 2019-08-20</li>
  <li><strong>Doctor:</strong> Samantha Davies</li>
  <li><strong>Hospital:</strong> Kim Inc</li>
  <li><strong>Insurance Provider:</strong> d</li>
  <li><strong>Billing Amount:</strong> 33643</li>
  <li><strong>Room Number:</strong> 265</li>
  <li><strong>Admission Type:</strong> b</li>
  <li><strong>Discharge Date:</strong> 2019-08-26</li>
  <li><strong>Medication:</strong> b</li>
  <li><strong>Test Results:</strong> b</li>
</ul>
</body>
</html>",66,"Which respondent numbers have Gender Male and Medical Condition Cancer?

DATA:

<!DOCTYPE html>
<html>
<head>
<title>Survey Data</title>
</head>
<body>
<h1>Questions</h1>
<ul>
  <li><strong>Name:</strong> What is your name? [Open-ended]</li>
  <li><strong>Age:</strong> What is your age? [Open-ended]</li>
  <li><strong>Gender:</strong> What is your gender? [MCQ: A. Female B. Male]</li>
  <li><strong>Blood Type:</strong> What is your blood type? [MCQ: A. A+ B. A- C. AB+ D. AB- E. B+ F. B- G. O+ H. O-]</li>
  <li><strong>Medical Condition:</strong> What is your medical condition? [MCQ: A. Arthritis B. Asthma C. Cancer D. Diabetes E. Hypertension F. Obesity]</li>
  <li><strong>Date of Admission:</strong> What is your date of admission? [Open-ended]</li>
  <li><strong>Doctor:</strong> What is your doctor? [Open-ended]</li>
  <li><strong>Hospital:</strong> What is your hospital? [Open-ended]</li>
  <li><strong>Insurance Provider:</strong> What is your insurance provider? [MCQ: A. Aetna B. Blue Cross C. Cigna D. Medicare E. UnitedHealthcare]</li>
  <li><strong>Billing Amount:</strong> What is your billing amount? [Open-ended]</li>
  <li><strong>Room Number:</strong> What is your room number? [Open-ended]</li>
  <li><strong>Admission Type:</strong> What is your admission type? [MCQ: A. Elective B. Emergency C. Urgent]</li>
  <li><strong>Discharge Date:</strong> What is your discharge date? [Open-ended]</li>
  <li><strong>Medication:</strong> What is your medication? [MCQ: A. Aspirin B. Ibuprofen C. Lipitor D. Paracetamol E. Penicillin]</li>
  <li><strong>Test Results:</strong> What is your test results? [MCQ: A. Abnormal B. Inconclusive C. Normal]</li>
</ul>
<h1>Responses</h1>
<h2>Respondent 133</h2>
<ul>
  <li><strong>Name:</strong> ashLEy ERIcKSoN</li>
  <li><strong>Age:</strong> 32</li>
  <li><strong>Gender:</strong> a</li>
  <li><strong>Blood Type:</strong> d</li>
  <li><strong>Medical Condition:</strong> c</li>
  <li><strong>Date of Admission:</strong> 2019-11-05</li>
  <li><strong>Doctor:</strong> Gerald Hooper</li>
  <li><strong>Hospital:</strong> and Johnson Moore, Branch</li>
  <li><strong>Insurance Provider:</strong> a</li>
  <li><strong>Billing Amount:</strong> -503</li>
  <li><strong>Room Number:</strong> 376</li>
  <li><strong>Admission Type:</strong> c</li>
  <li><strong>Discharge Date:</strong> 2019-11-23</li>
  <li><strong>Medication:</strong> e</li>
  <li><strong>Test Results:</strong> c</li>
</ul>
<h2>Respondent 63</h2>
<ul>
  <li><strong>Name:</strong> tRAvIs carTeR</li>
  <li><strong>Age:</strong> 18</li>
  <li><strong>Gender:</strong> b</li>
  <li><strong>Blood Type:</strong> a</li>
  <li><strong>Medical Condition:</strong> c</li>
  <li><strong>Date of Admission:</strong> 2022-07-06</li>
  <li><strong>Doctor:</strong> Megan Hahn</li>
  <li><strong>Hospital:</strong> Moss and Ferguson, Baker</li>
  <li><strong>Insurance Provider:</strong> e</li>
  <li><strong>Billing Amount:</strong> 48407</li>
  <li><strong>Room Number:</strong> 325</li>
  <li><strong>Admission Type:</strong> b</li>
  <li><strong>Discharge Date:</strong> 2022-07-18</li>
  <li><strong>Medication:</strong> a</li>
  <li><strong>Test Results:</strong> c</li>
</ul>
<h2>Respondent 116</h2>
<ul>
  <li><strong>Name:</strong> reBEcCA PARsONs</li>
  <li><strong>Age:</strong> 37</li>
  <li><strong>Gender:</strong> a</li>
  <li><strong>Blood Type:</strong> g</li>
  <li><strong>Medical Condition:</strong> b</li>
  <li><strong>Date of Admission:</strong> 2019-12-02</li>
  <li><strong>Doctor:</strong> Steven Adams</li>
  <li><strong>Hospital:</strong> Group White</li>
  <li><strong>Insurance Provider:</strong> a</li>
  <li><strong>Billing Amount:</strong> 8521</li>
  <li><strong>Room Number:</strong> 476</li>
  <li><strong>Admission Type:</strong> a</li>
  <li><strong>Discharge Date:</strong> 2019-12-13</li>
  <li><strong>Medication:</strong> e</li>
  <li><strong>Test Results:</strong> a</li>
</ul>
</body>
</html>

Answer: 63

<!DOCTYPE html>
<html>
<head>
<title>Survey Data</title>
</head>
<body>
<h1>Questions</h1>
<ul>
  <li><strong>Name:</strong> What is your name? [Open-ended]</li>
  <li><strong>Age:</strong> What is your age? [Open-ended]</li>
  <li><strong>Gender:</strong> What is your gender? [MCQ: A. Female B. Male]</li>
  <li><strong>Blood Type:</strong> What is your blood type? [MCQ: A. A+ B. A- C. AB+ D. AB- E. B+ F. B- G. O+ H. O-]</li>
  <li><strong>Medical Condition:</strong> What is your medical condition? [MCQ: A. Arthritis B. Asthma C. Cancer D. Diabetes E. Hypertension F. Obesity]</li>
  <li><strong>Date of Admission:</strong> What is your date of admission? [Open-ended]</li>
  <li><strong>Doctor:</strong> What is your doctor? [Open-ended]</li>
  <li><strong>Hospital:</strong> What is your hospital? [Open-ended]</li>
  <li><strong>Insurance Provider:</strong> What is your insurance provider? [MCQ: A. Aetna B. Blue Cross C. Cigna D. Medicare E. UnitedHealthcare]</li>
  <li><strong>Billing Amount:</strong> What is your billing amount? [Open-ended]</li>
  <li><strong>Room Number:</strong> What is your room number? [Open-ended]</li>
  <li><strong>Admission Type:</strong> What is your admission type? [MCQ: A. Elective B. Emergency C. Urgent]</li>
  <li><strong>Discharge Date:</strong> What is your discharge date? [Open-ended]</li>
  <li><strong>Medication:</strong> What is your medication? [MCQ: A. Aspirin B. Ibuprofen C. Lipitor D. Paracetamol E. Penicillin]</li>
  <li><strong>Test Results:</strong> What is your test results? [MCQ: A. Abnormal B. Inconclusive C. Normal]</li>
</ul>
<h1>Responses</h1>
<h2>Respondent 92</h2>
<ul>
  <li><strong>Name:</strong> MR. TYler TAYLOR Phd</li>
  <li><strong>Age:</strong> 80</li>
  <li><strong>Gender:</strong> b</li>
  <li><strong>Blood Type:</strong> a</li>
  <li><strong>Medical Condition:</strong> d</li>
  <li><strong>Date of Admission:</strong> 2022-11-05</li>
  <li><strong>Doctor:</strong> Robert Salazar</li>
  <li><strong>Hospital:</strong> Dean-Hawkins</li>
  <li><strong>Insurance Provider:</strong> e</li>
  <li><strong>Billing Amount:</strong> 10662</li>
  <li><strong>Room Number:</strong> 120</li>
  <li><strong>Admission Type:</strong> b</li>
  <li><strong>Discharge Date:</strong> 2022-11-25</li>
  <li><strong>Medication:</strong> c</li>
  <li><strong>Test Results:</strong> a</li>
</ul>
<h2>Respondent 66</h2>
<ul>
  <li><strong>Name:</strong> JessIca king</li>
  <li><strong>Age:</strong> 27</li>
  <li><strong>Gender:</strong> b</li>
  <li><strong>Blood Type:</strong> d</li>
  <li><strong>Medical Condition:</strong> c</li>
  <li><strong>Date of Admission:</strong> 2019-12-09</li>
  <li><strong>Doctor:</strong> William Hess</li>
  <li><strong>Hospital:</strong> Sons Watson and</li>
  <li><strong>Insurance Provider:</strong> d</li>
  <li><strong>Billing Amount:</strong> 8321</li>
  <li><strong>Room Number:</strong> 468</li>
  <li><strong>Admission Type:</strong> c</li>
  <li><strong>Discharge Date:</strong> 2019-12-21</li>
  <li><strong>Medication:</strong> c</li>
  <li><strong>Test Results:</strong> a</li>
</ul>
<h2>Respondent 2</h2>
<ul>
  <li><strong>Name:</strong> LesLie TErRy</li>
  <li><strong>Age:</strong> 62</li>
  <li><strong>Gender:</strong> b</li>
  <li><strong>Blood Type:</strong> a</li>
  <li><strong>Medical Condition:</strong> f</li>
  <li><strong>Date of Admission:</strong> 2019-08-20</li>
  <li><strong>Doctor:</strong> Samantha Davies</li>
  <li><strong>Hospital:</strong> Kim Inc</li>
  <li><strong>Insurance Provider:</strong> d</li>
  <li><strong>Billing Amount:</strong> 33643</li>
  <li><strong>Room Number:</strong> 265</li>
  <li><strong>Admission Type:</strong> b</li>
  <li><strong>Discharge Date:</strong> 2019-08-26</li>
  <li><strong>Medication:</strong> b</li>
  <li><strong>Test Results:</strong> b</li>
</ul>
</body>
</html>

You are a meticulous data analyst AI. Your primary function is to accurately analyze structured data and provide precise, verifiable answers.

You will be given a dataset with two key parts:

A 'questions' section: This is your data dictionary or schema. It is the single source of truth for understanding what each field and score means. Refer to it carefully.

A 'responses' section: This contains the raw data from each individual respondent.

To answer the question correctly, you must first use the 'questions' schema to fully understand the context and meaning of the data points within the 'responses'. Do not rely on any prior knowledge outside of this provided data. Base your entire analysis on the information given.

Provide your final answer directly and concisely. Output must be the human-readable value, not an option code.

Rules:
- For MCQ fields, map any letter codes in the Responses (case-insensitive) to the corresponding option text from the Questions schema, and output only that text. Do NOT include the letter or both.
  Example: If the schema is ""[MCQ: A. Abnormal B. Inconclusive C. Normal]"" and the response is ""a"", output ""Abnormal"".
- For open-ended fields, output the exact text value.
- If the question asks for a count, provide only the number (e.g., ""42"").
- If the question asks for a list of names or IDs, provide a simple comma-separated list (e.g., ""17, 21, 23"").
- Preserve capitalization exactly as in the schema (e.g., output ""Abnormal"", not ""abnormal"" or ""A"").

Which respondent numbers have Medical Condition Cancer and Admission Type Urgent?",,
case_36,multi_hop_relational_inference,Which respondent numbers have Gender Female and Medication Lipitor?,"<!DOCTYPE html>
<html>
<head>
<title>Survey Data</title>
</head>
<body>
<h1>Questions</h1>
<ul>
  <li><strong>Name:</strong> What is your name? [Open-ended]</li>
  <li><strong>Age:</strong> What is your age? [Open-ended]</li>
  <li><strong>Gender:</strong> What is your gender? [MCQ: A. Female B. Male]</li>
  <li><strong>Blood Type:</strong> What is your blood type? [MCQ: A. A+ B. A- C. AB+ D. AB- E. B+ F. B- G. O+ H. O-]</li>
  <li><strong>Medical Condition:</strong> What is your medical condition? [MCQ: A. Arthritis B. Asthma C. Cancer D. Diabetes E. Hypertension F. Obesity]</li>
  <li><strong>Date of Admission:</strong> What is your date of admission? [Open-ended]</li>
  <li><strong>Doctor:</strong> What is your doctor? [Open-ended]</li>
  <li><strong>Hospital:</strong> What is your hospital? [Open-ended]</li>
  <li><strong>Insurance Provider:</strong> What is your insurance provider? [MCQ: A. Aetna B. Blue Cross C. Cigna D. Medicare E. UnitedHealthcare]</li>
  <li><strong>Billing Amount:</strong> What is your billing amount? [Open-ended]</li>
  <li><strong>Room Number:</strong> What is your room number? [Open-ended]</li>
  <li><strong>Admission Type:</strong> What is your admission type? [MCQ: A. Elective B. Emergency C. Urgent]</li>
  <li><strong>Discharge Date:</strong> What is your discharge date? [Open-ended]</li>
  <li><strong>Medication:</strong> What is your medication? [MCQ: A. Aspirin B. Ibuprofen C. Lipitor D. Paracetamol E. Penicillin]</li>
  <li><strong>Test Results:</strong> What is your test results? [MCQ: A. Abnormal B. Inconclusive C. Normal]</li>
</ul>
<h1>Responses</h1>
<h2>Respondent 59</h2>
<ul>
  <li><strong>Name:</strong> kyle Wiley</li>
  <li><strong>Age:</strong> 40</li>
  <li><strong>Gender:</strong> a</li>
  <li><strong>Blood Type:</strong> d</li>
  <li><strong>Medical Condition:</strong> c</li>
  <li><strong>Date of Admission:</strong> 2021-01-21</li>
  <li><strong>Doctor:</strong> Stephen Carr</li>
  <li><strong>Hospital:</strong> Taylor-Nguyen</li>
  <li><strong>Insurance Provider:</strong> a</li>
  <li><strong>Billing Amount:</strong> 6734</li>
  <li><strong>Room Number:</strong> 300</li>
  <li><strong>Admission Type:</strong> c</li>
  <li><strong>Discharge Date:</strong> 2021-02-06</li>
  <li><strong>Medication:</strong> b</li>
  <li><strong>Test Results:</strong> c</li>
</ul>
<h2>Respondent 41</h2>
<ul>
  <li><strong>Name:</strong> chRiSTOPHer LEe</li>
  <li><strong>Age:</strong> 74</li>
  <li><strong>Gender:</strong> a</li>
  <li><strong>Blood Type:</strong> f</li>
  <li><strong>Medical Condition:</strong> e</li>
  <li><strong>Date of Admission:</strong> 2021-09-15</li>
  <li><strong>Doctor:</strong> William Reynolds</li>
  <li><strong>Hospital:</strong> PLC Young</li>
  <li><strong>Insurance Provider:</strong> c</li>
  <li><strong>Billing Amount:</strong> 49943</li>
  <li><strong>Room Number:</strong> 478</li>
  <li><strong>Admission Type:</strong> b</li>
  <li><strong>Discharge Date:</strong> 2021-10-05</li>
  <li><strong>Medication:</strong> c</li>
  <li><strong>Test Results:</strong> c</li>
</ul>
<h2>Respondent 24</h2>
<ul>
  <li><strong>Name:</strong> dR. EilEEn thomPsoN</li>
  <li><strong>Age:</strong> 59</li>
  <li><strong>Gender:</strong> b</li>
  <li><strong>Blood Type:</strong> a</li>
  <li><strong>Medical Condition:</strong> b</li>
  <li><strong>Date of Admission:</strong> 2021-08-02</li>
  <li><strong>Doctor:</strong> Donna Martinez MD</li>
  <li><strong>Hospital:</strong> and Sons Smith</li>
  <li><strong>Insurance Provider:</strong> a</li>
  <li><strong>Billing Amount:</strong> 25250</li>
  <li><strong>Room Number:</strong> 119</li>
  <li><strong>Admission Type:</strong> c</li>
  <li><strong>Discharge Date:</strong> 2021-08-12</li>
  <li><strong>Medication:</strong> c</li>
  <li><strong>Test Results:</strong> b</li>
</ul>
</body>
</html>",41,"Which respondent numbers have Gender Male and Medical Condition Cancer?

DATA:

<!DOCTYPE html>
<html>
<head>
<title>Survey Data</title>
</head>
<body>
<h1>Questions</h1>
<ul>
  <li><strong>Name:</strong> What is your name? [Open-ended]</li>
  <li><strong>Age:</strong> What is your age? [Open-ended]</li>
  <li><strong>Gender:</strong> What is your gender? [MCQ: A. Female B. Male]</li>
  <li><strong>Blood Type:</strong> What is your blood type? [MCQ: A. A+ B. A- C. AB+ D. AB- E. B+ F. B- G. O+ H. O-]</li>
  <li><strong>Medical Condition:</strong> What is your medical condition? [MCQ: A. Arthritis B. Asthma C. Cancer D. Diabetes E. Hypertension F. Obesity]</li>
  <li><strong>Date of Admission:</strong> What is your date of admission? [Open-ended]</li>
  <li><strong>Doctor:</strong> What is your doctor? [Open-ended]</li>
  <li><strong>Hospital:</strong> What is your hospital? [Open-ended]</li>
  <li><strong>Insurance Provider:</strong> What is your insurance provider? [MCQ: A. Aetna B. Blue Cross C. Cigna D. Medicare E. UnitedHealthcare]</li>
  <li><strong>Billing Amount:</strong> What is your billing amount? [Open-ended]</li>
  <li><strong>Room Number:</strong> What is your room number? [Open-ended]</li>
  <li><strong>Admission Type:</strong> What is your admission type? [MCQ: A. Elective B. Emergency C. Urgent]</li>
  <li><strong>Discharge Date:</strong> What is your discharge date? [Open-ended]</li>
  <li><strong>Medication:</strong> What is your medication? [MCQ: A. Aspirin B. Ibuprofen C. Lipitor D. Paracetamol E. Penicillin]</li>
  <li><strong>Test Results:</strong> What is your test results? [MCQ: A. Abnormal B. Inconclusive C. Normal]</li>
</ul>
<h1>Responses</h1>
<h2>Respondent 133</h2>
<ul>
  <li><strong>Name:</strong> ashLEy ERIcKSoN</li>
  <li><strong>Age:</strong> 32</li>
  <li><strong>Gender:</strong> a</li>
  <li><strong>Blood Type:</strong> d</li>
  <li><strong>Medical Condition:</strong> c</li>
  <li><strong>Date of Admission:</strong> 2019-11-05</li>
  <li><strong>Doctor:</strong> Gerald Hooper</li>
  <li><strong>Hospital:</strong> and Johnson Moore, Branch</li>
  <li><strong>Insurance Provider:</strong> a</li>
  <li><strong>Billing Amount:</strong> -503</li>
  <li><strong>Room Number:</strong> 376</li>
  <li><strong>Admission Type:</strong> c</li>
  <li><strong>Discharge Date:</strong> 2019-11-23</li>
  <li><strong>Medication:</strong> e</li>
  <li><strong>Test Results:</strong> c</li>
</ul>
<h2>Respondent 63</h2>
<ul>
  <li><strong>Name:</strong> tRAvIs carTeR</li>
  <li><strong>Age:</strong> 18</li>
  <li><strong>Gender:</strong> b</li>
  <li><strong>Blood Type:</strong> a</li>
  <li><strong>Medical Condition:</strong> c</li>
  <li><strong>Date of Admission:</strong> 2022-07-06</li>
  <li><strong>Doctor:</strong> Megan Hahn</li>
  <li><strong>Hospital:</strong> Moss and Ferguson, Baker</li>
  <li><strong>Insurance Provider:</strong> e</li>
  <li><strong>Billing Amount:</strong> 48407</li>
  <li><strong>Room Number:</strong> 325</li>
  <li><strong>Admission Type:</strong> b</li>
  <li><strong>Discharge Date:</strong> 2022-07-18</li>
  <li><strong>Medication:</strong> a</li>
  <li><strong>Test Results:</strong> c</li>
</ul>
<h2>Respondent 116</h2>
<ul>
  <li><strong>Name:</strong> reBEcCA PARsONs</li>
  <li><strong>Age:</strong> 37</li>
  <li><strong>Gender:</strong> a</li>
  <li><strong>Blood Type:</strong> g</li>
  <li><strong>Medical Condition:</strong> b</li>
  <li><strong>Date of Admission:</strong> 2019-12-02</li>
  <li><strong>Doctor:</strong> Steven Adams</li>
  <li><strong>Hospital:</strong> Group White</li>
  <li><strong>Insurance Provider:</strong> a</li>
  <li><strong>Billing Amount:</strong> 8521</li>
  <li><strong>Room Number:</strong> 476</li>
  <li><strong>Admission Type:</strong> a</li>
  <li><strong>Discharge Date:</strong> 2019-12-13</li>
  <li><strong>Medication:</strong> e</li>
  <li><strong>Test Results:</strong> a</li>
</ul>
</body>
</html>

Answer: 63

<!DOCTYPE html>
<html>
<head>
<title>Survey Data</title>
</head>
<body>
<h1>Questions</h1>
<ul>
  <li><strong>Name:</strong> What is your name? [Open-ended]</li>
  <li><strong>Age:</strong> What is your age? [Open-ended]</li>
  <li><strong>Gender:</strong> What is your gender? [MCQ: A. Female B. Male]</li>
  <li><strong>Blood Type:</strong> What is your blood type? [MCQ: A. A+ B. A- C. AB+ D. AB- E. B+ F. B- G. O+ H. O-]</li>
  <li><strong>Medical Condition:</strong> What is your medical condition? [MCQ: A. Arthritis B. Asthma C. Cancer D. Diabetes E. Hypertension F. Obesity]</li>
  <li><strong>Date of Admission:</strong> What is your date of admission? [Open-ended]</li>
  <li><strong>Doctor:</strong> What is your doctor? [Open-ended]</li>
  <li><strong>Hospital:</strong> What is your hospital? [Open-ended]</li>
  <li><strong>Insurance Provider:</strong> What is your insurance provider? [MCQ: A. Aetna B. Blue Cross C. Cigna D. Medicare E. UnitedHealthcare]</li>
  <li><strong>Billing Amount:</strong> What is your billing amount? [Open-ended]</li>
  <li><strong>Room Number:</strong> What is your room number? [Open-ended]</li>
  <li><strong>Admission Type:</strong> What is your admission type? [MCQ: A. Elective B. Emergency C. Urgent]</li>
  <li><strong>Discharge Date:</strong> What is your discharge date? [Open-ended]</li>
  <li><strong>Medication:</strong> What is your medication? [MCQ: A. Aspirin B. Ibuprofen C. Lipitor D. Paracetamol E. Penicillin]</li>
  <li><strong>Test Results:</strong> What is your test results? [MCQ: A. Abnormal B. Inconclusive C. Normal]</li>
</ul>
<h1>Responses</h1>
<h2>Respondent 59</h2>
<ul>
  <li><strong>Name:</strong> kyle Wiley</li>
  <li><strong>Age:</strong> 40</li>
  <li><strong>Gender:</strong> a</li>
  <li><strong>Blood Type:</strong> d</li>
  <li><strong>Medical Condition:</strong> c</li>
  <li><strong>Date of Admission:</strong> 2021-01-21</li>
  <li><strong>Doctor:</strong> Stephen Carr</li>
  <li><strong>Hospital:</strong> Taylor-Nguyen</li>
  <li><strong>Insurance Provider:</strong> a</li>
  <li><strong>Billing Amount:</strong> 6734</li>
  <li><strong>Room Number:</strong> 300</li>
  <li><strong>Admission Type:</strong> c</li>
  <li><strong>Discharge Date:</strong> 2021-02-06</li>
  <li><strong>Medication:</strong> b</li>
  <li><strong>Test Results:</strong> c</li>
</ul>
<h2>Respondent 41</h2>
<ul>
  <li><strong>Name:</strong> chRiSTOPHer LEe</li>
  <li><strong>Age:</strong> 74</li>
  <li><strong>Gender:</strong> a</li>
  <li><strong>Blood Type:</strong> f</li>
  <li><strong>Medical Condition:</strong> e</li>
  <li><strong>Date of Admission:</strong> 2021-09-15</li>
  <li><strong>Doctor:</strong> William Reynolds</li>
  <li><strong>Hospital:</strong> PLC Young</li>
  <li><strong>Insurance Provider:</strong> c</li>
  <li><strong>Billing Amount:</strong> 49943</li>
  <li><strong>Room Number:</strong> 478</li>
  <li><strong>Admission Type:</strong> b</li>
  <li><strong>Discharge Date:</strong> 2021-10-05</li>
  <li><strong>Medication:</strong> c</li>
  <li><strong>Test Results:</strong> c</li>
</ul>
<h2>Respondent 24</h2>
<ul>
  <li><strong>Name:</strong> dR. EilEEn thomPsoN</li>
  <li><strong>Age:</strong> 59</li>
  <li><strong>Gender:</strong> b</li>
  <li><strong>Blood Type:</strong> a</li>
  <li><strong>Medical Condition:</strong> b</li>
  <li><strong>Date of Admission:</strong> 2021-08-02</li>
  <li><strong>Doctor:</strong> Donna Martinez MD</li>
  <li><strong>Hospital:</strong> and Sons Smith</li>
  <li><strong>Insurance Provider:</strong> a</li>
  <li><strong>Billing Amount:</strong> 25250</li>
  <li><strong>Room Number:</strong> 119</li>
  <li><strong>Admission Type:</strong> c</li>
  <li><strong>Discharge Date:</strong> 2021-08-12</li>
  <li><strong>Medication:</strong> c</li>
  <li><strong>Test Results:</strong> b</li>
</ul>
</body>
</html>

You are a meticulous data analyst AI. Your primary function is to accurately analyze structured data and provide precise, verifiable answers.

You will be given a dataset with two key parts:

A 'questions' section: This is your data dictionary or schema. It is the single source of truth for understanding what each field and score means. Refer to it carefully.

A 'responses' section: This contains the raw data from each individual respondent.

To answer the question correctly, you must first use the 'questions' schema to fully understand the context and meaning of the data points within the 'responses'. Do not rely on any prior knowledge outside of this provided data. Base your entire analysis on the information given.

Provide your final answer directly and concisely. Output must be the human-readable value, not an option code.

Rules:
- For MCQ fields, map any letter codes in the Responses (case-insensitive) to the corresponding option text from the Questions schema, and output only that text. Do NOT include the letter or both.
  Example: If the schema is ""[MCQ: A. Abnormal B. Inconclusive C. Normal]"" and the response is ""a"", output ""Abnormal"".
- For open-ended fields, output the exact text value.
- If the question asks for a count, provide only the number (e.g., ""42"").
- If the question asks for a list of names or IDs, provide a simple comma-separated list (e.g., ""17, 21, 23"").
- Preserve capitalization exactly as in the schema (e.g., output ""Abnormal"", not ""abnormal"" or ""A"").

Which respondent numbers have Gender Female and Medication Lipitor?",,
case_37,multi_hop_relational_inference,Which respondent numbers have Blood Type AB+ and Insurance Provider Cigna?,"<!DOCTYPE html>
<html>
<head>
<title>Survey Data</title>
</head>
<body>
<h1>Questions</h1>
<ul>
  <li><strong>Name:</strong> What is your name? [Open-ended]</li>
  <li><strong>Age:</strong> What is your age? [Open-ended]</li>
  <li><strong>Gender:</strong> What is your gender? [MCQ: A. Female B. Male]</li>
  <li><strong>Blood Type:</strong> What is your blood type? [MCQ: A. A+ B. A- C. AB+ D. AB- E. B+ F. B- G. O+ H. O-]</li>
  <li><strong>Medical Condition:</strong> What is your medical condition? [MCQ: A. Arthritis B. Asthma C. Cancer D. Diabetes E. Hypertension F. Obesity]</li>
  <li><strong>Date of Admission:</strong> What is your date of admission? [Open-ended]</li>
  <li><strong>Doctor:</strong> What is your doctor? [Open-ended]</li>
  <li><strong>Hospital:</strong> What is your hospital? [Open-ended]</li>
  <li><strong>Insurance Provider:</strong> What is your insurance provider? [MCQ: A. Aetna B. Blue Cross C. Cigna D. Medicare E. UnitedHealthcare]</li>
  <li><strong>Billing Amount:</strong> What is your billing amount? [Open-ended]</li>
  <li><strong>Room Number:</strong> What is your room number? [Open-ended]</li>
  <li><strong>Admission Type:</strong> What is your admission type? [MCQ: A. Elective B. Emergency C. Urgent]</li>
  <li><strong>Discharge Date:</strong> What is your discharge date? [Open-ended]</li>
  <li><strong>Medication:</strong> What is your medication? [MCQ: A. Aspirin B. Ibuprofen C. Lipitor D. Paracetamol E. Penicillin]</li>
  <li><strong>Test Results:</strong> What is your test results? [MCQ: A. Abnormal B. Inconclusive C. Normal]</li>
</ul>
<h1>Responses</h1>
<h2>Respondent 106</h2>
<ul>
  <li><strong>Name:</strong> dWAYnE DAViS</li>
  <li><strong>Age:</strong> 28</li>
  <li><strong>Gender:</strong> b</li>
  <li><strong>Blood Type:</strong> g</li>
  <li><strong>Medical Condition:</strong> c</li>
  <li><strong>Date of Admission:</strong> 2024-01-15</li>
  <li><strong>Doctor:</strong> Wendy Davis</li>
  <li><strong>Hospital:</strong> Ltd Thomas</li>
  <li><strong>Insurance Provider:</strong> d</li>
  <li><strong>Billing Amount:</strong> 40783</li>
  <li><strong>Room Number:</strong> 373</li>
  <li><strong>Admission Type:</strong> a</li>
  <li><strong>Discharge Date:</strong> 2024-02-07</li>
  <li><strong>Medication:</strong> b</li>
  <li><strong>Test Results:</strong> a</li>
</ul>
<h2>Respondent 13</h2>
<ul>
  <li><strong>Name:</strong> connOR HANsEn</li>
  <li><strong>Age:</strong> 75</li>
  <li><strong>Gender:</strong> a</li>
  <li><strong>Blood Type:</strong> a</li>
  <li><strong>Medical Condition:</strong> d</li>
  <li><strong>Date of Admission:</strong> 2019-12-12</li>
  <li><strong>Doctor:</strong> Kenneth Fletcher</li>
  <li><strong>Hospital:</strong> Powers Miller, and Flores</li>
  <li><strong>Insurance Provider:</strong> c</li>
  <li><strong>Billing Amount:</strong> 43282</li>
  <li><strong>Room Number:</strong> 134</li>
  <li><strong>Admission Type:</strong> b</li>
  <li><strong>Discharge Date:</strong> 2019-12-28</li>
  <li><strong>Medication:</strong> e</li>
  <li><strong>Test Results:</strong> a</li>
</ul>
<h2>Respondent 9</h2>
<ul>
  <li><strong>Name:</strong> JASmINe aGuIlaR</li>
  <li><strong>Age:</strong> 82</li>
  <li><strong>Gender:</strong> b</li>
  <li><strong>Blood Type:</strong> c</li>
  <li><strong>Medical Condition:</strong> b</li>
  <li><strong>Date of Admission:</strong> 2020-07-01</li>
  <li><strong>Doctor:</strong> Daniel Ferguson</li>
  <li><strong>Hospital:</strong> Sons Rich and</li>
  <li><strong>Insurance Provider:</strong> c</li>
  <li><strong>Billing Amount:</strong> 50119</li>
  <li><strong>Room Number:</strong> 316</li>
  <li><strong>Admission Type:</strong> a</li>
  <li><strong>Discharge Date:</strong> 2020-07-14</li>
  <li><strong>Medication:</strong> a</li>
  <li><strong>Test Results:</strong> a</li>
</ul>
</body>
</html>",9,"Which respondent numbers have Gender Male and Medical Condition Cancer?

DATA:

<!DOCTYPE html>
<html>
<head>
<title>Survey Data</title>
</head>
<body>
<h1>Questions</h1>
<ul>
  <li><strong>Name:</strong> What is your name? [Open-ended]</li>
  <li><strong>Age:</strong> What is your age? [Open-ended]</li>
  <li><strong>Gender:</strong> What is your gender? [MCQ: A. Female B. Male]</li>
  <li><strong>Blood Type:</strong> What is your blood type? [MCQ: A. A+ B. A- C. AB+ D. AB- E. B+ F. B- G. O+ H. O-]</li>
  <li><strong>Medical Condition:</strong> What is your medical condition? [MCQ: A. Arthritis B. Asthma C. Cancer D. Diabetes E. Hypertension F. Obesity]</li>
  <li><strong>Date of Admission:</strong> What is your date of admission? [Open-ended]</li>
  <li><strong>Doctor:</strong> What is your doctor? [Open-ended]</li>
  <li><strong>Hospital:</strong> What is your hospital? [Open-ended]</li>
  <li><strong>Insurance Provider:</strong> What is your insurance provider? [MCQ: A. Aetna B. Blue Cross C. Cigna D. Medicare E. UnitedHealthcare]</li>
  <li><strong>Billing Amount:</strong> What is your billing amount? [Open-ended]</li>
  <li><strong>Room Number:</strong> What is your room number? [Open-ended]</li>
  <li><strong>Admission Type:</strong> What is your admission type? [MCQ: A. Elective B. Emergency C. Urgent]</li>
  <li><strong>Discharge Date:</strong> What is your discharge date? [Open-ended]</li>
  <li><strong>Medication:</strong> What is your medication? [MCQ: A. Aspirin B. Ibuprofen C. Lipitor D. Paracetamol E. Penicillin]</li>
  <li><strong>Test Results:</strong> What is your test results? [MCQ: A. Abnormal B. Inconclusive C. Normal]</li>
</ul>
<h1>Responses</h1>
<h2>Respondent 133</h2>
<ul>
  <li><strong>Name:</strong> ashLEy ERIcKSoN</li>
  <li><strong>Age:</strong> 32</li>
  <li><strong>Gender:</strong> a</li>
  <li><strong>Blood Type:</strong> d</li>
  <li><strong>Medical Condition:</strong> c</li>
  <li><strong>Date of Admission:</strong> 2019-11-05</li>
  <li><strong>Doctor:</strong> Gerald Hooper</li>
  <li><strong>Hospital:</strong> and Johnson Moore, Branch</li>
  <li><strong>Insurance Provider:</strong> a</li>
  <li><strong>Billing Amount:</strong> -503</li>
  <li><strong>Room Number:</strong> 376</li>
  <li><strong>Admission Type:</strong> c</li>
  <li><strong>Discharge Date:</strong> 2019-11-23</li>
  <li><strong>Medication:</strong> e</li>
  <li><strong>Test Results:</strong> c</li>
</ul>
<h2>Respondent 63</h2>
<ul>
  <li><strong>Name:</strong> tRAvIs carTeR</li>
  <li><strong>Age:</strong> 18</li>
  <li><strong>Gender:</strong> b</li>
  <li><strong>Blood Type:</strong> a</li>
  <li><strong>Medical Condition:</strong> c</li>
  <li><strong>Date of Admission:</strong> 2022-07-06</li>
  <li><strong>Doctor:</strong> Megan Hahn</li>
  <li><strong>Hospital:</strong> Moss and Ferguson, Baker</li>
  <li><strong>Insurance Provider:</strong> e</li>
  <li><strong>Billing Amount:</strong> 48407</li>
  <li><strong>Room Number:</strong> 325</li>
  <li><strong>Admission Type:</strong> b</li>
  <li><strong>Discharge Date:</strong> 2022-07-18</li>
  <li><strong>Medication:</strong> a</li>
  <li><strong>Test Results:</strong> c</li>
</ul>
<h2>Respondent 116</h2>
<ul>
  <li><strong>Name:</strong> reBEcCA PARsONs</li>
  <li><strong>Age:</strong> 37</li>
  <li><strong>Gender:</strong> a</li>
  <li><strong>Blood Type:</strong> g</li>
  <li><strong>Medical Condition:</strong> b</li>
  <li><strong>Date of Admission:</strong> 2019-12-02</li>
  <li><strong>Doctor:</strong> Steven Adams</li>
  <li><strong>Hospital:</strong> Group White</li>
  <li><strong>Insurance Provider:</strong> a</li>
  <li><strong>Billing Amount:</strong> 8521</li>
  <li><strong>Room Number:</strong> 476</li>
  <li><strong>Admission Type:</strong> a</li>
  <li><strong>Discharge Date:</strong> 2019-12-13</li>
  <li><strong>Medication:</strong> e</li>
  <li><strong>Test Results:</strong> a</li>
</ul>
</body>
</html>

Answer: 63

<!DOCTYPE html>
<html>
<head>
<title>Survey Data</title>
</head>
<body>
<h1>Questions</h1>
<ul>
  <li><strong>Name:</strong> What is your name? [Open-ended]</li>
  <li><strong>Age:</strong> What is your age? [Open-ended]</li>
  <li><strong>Gender:</strong> What is your gender? [MCQ: A. Female B. Male]</li>
  <li><strong>Blood Type:</strong> What is your blood type? [MCQ: A. A+ B. A- C. AB+ D. AB- E. B+ F. B- G. O+ H. O-]</li>
  <li><strong>Medical Condition:</strong> What is your medical condition? [MCQ: A. Arthritis B. Asthma C. Cancer D. Diabetes E. Hypertension F. Obesity]</li>
  <li><strong>Date of Admission:</strong> What is your date of admission? [Open-ended]</li>
  <li><strong>Doctor:</strong> What is your doctor? [Open-ended]</li>
  <li><strong>Hospital:</strong> What is your hospital? [Open-ended]</li>
  <li><strong>Insurance Provider:</strong> What is your insurance provider? [MCQ: A. Aetna B. Blue Cross C. Cigna D. Medicare E. UnitedHealthcare]</li>
  <li><strong>Billing Amount:</strong> What is your billing amount? [Open-ended]</li>
  <li><strong>Room Number:</strong> What is your room number? [Open-ended]</li>
  <li><strong>Admission Type:</strong> What is your admission type? [MCQ: A. Elective B. Emergency C. Urgent]</li>
  <li><strong>Discharge Date:</strong> What is your discharge date? [Open-ended]</li>
  <li><strong>Medication:</strong> What is your medication? [MCQ: A. Aspirin B. Ibuprofen C. Lipitor D. Paracetamol E. Penicillin]</li>
  <li><strong>Test Results:</strong> What is your test results? [MCQ: A. Abnormal B. Inconclusive C. Normal]</li>
</ul>
<h1>Responses</h1>
<h2>Respondent 106</h2>
<ul>
  <li><strong>Name:</strong> dWAYnE DAViS</li>
  <li><strong>Age:</strong> 28</li>
  <li><strong>Gender:</strong> b</li>
  <li><strong>Blood Type:</strong> g</li>
  <li><strong>Medical Condition:</strong> c</li>
  <li><strong>Date of Admission:</strong> 2024-01-15</li>
  <li><strong>Doctor:</strong> Wendy Davis</li>
  <li><strong>Hospital:</strong> Ltd Thomas</li>
  <li><strong>Insurance Provider:</strong> d</li>
  <li><strong>Billing Amount:</strong> 40783</li>
  <li><strong>Room Number:</strong> 373</li>
  <li><strong>Admission Type:</strong> a</li>
  <li><strong>Discharge Date:</strong> 2024-02-07</li>
  <li><strong>Medication:</strong> b</li>
  <li><strong>Test Results:</strong> a</li>
</ul>
<h2>Respondent 13</h2>
<ul>
  <li><strong>Name:</strong> connOR HANsEn</li>
  <li><strong>Age:</strong> 75</li>
  <li><strong>Gender:</strong> a</li>
  <li><strong>Blood Type:</strong> a</li>
  <li><strong>Medical Condition:</strong> d</li>
  <li><strong>Date of Admission:</strong> 2019-12-12</li>
  <li><strong>Doctor:</strong> Kenneth Fletcher</li>
  <li><strong>Hospital:</strong> Powers Miller, and Flores</li>
  <li><strong>Insurance Provider:</strong> c</li>
  <li><strong>Billing Amount:</strong> 43282</li>
  <li><strong>Room Number:</strong> 134</li>
  <li><strong>Admission Type:</strong> b</li>
  <li><strong>Discharge Date:</strong> 2019-12-28</li>
  <li><strong>Medication:</strong> e</li>
  <li><strong>Test Results:</strong> a</li>
</ul>
<h2>Respondent 9</h2>
<ul>
  <li><strong>Name:</strong> JASmINe aGuIlaR</li>
  <li><strong>Age:</strong> 82</li>
  <li><strong>Gender:</strong> b</li>
  <li><strong>Blood Type:</strong> c</li>
  <li><strong>Medical Condition:</strong> b</li>
  <li><strong>Date of Admission:</strong> 2020-07-01</li>
  <li><strong>Doctor:</strong> Daniel Ferguson</li>
  <li><strong>Hospital:</strong> Sons Rich and</li>
  <li><strong>Insurance Provider:</strong> c</li>
  <li><strong>Billing Amount:</strong> 50119</li>
  <li><strong>Room Number:</strong> 316</li>
  <li><strong>Admission Type:</strong> a</li>
  <li><strong>Discharge Date:</strong> 2020-07-14</li>
  <li><strong>Medication:</strong> a</li>
  <li><strong>Test Results:</strong> a</li>
</ul>
</body>
</html>

You are a meticulous data analyst AI. Your primary function is to accurately analyze structured data and provide precise, verifiable answers.

You will be given a dataset with two key parts:

A 'questions' section: This is your data dictionary or schema. It is the single source of truth for understanding what each field and score means. Refer to it carefully.

A 'responses' section: This contains the raw data from each individual respondent.

To answer the question correctly, you must first use the 'questions' schema to fully understand the context and meaning of the data points within the 'responses'. Do not rely on any prior knowledge outside of this provided data. Base your entire analysis on the information given.

Provide your final answer directly and concisely. Output must be the human-readable value, not an option code.

Rules:
- For MCQ fields, map any letter codes in the Responses (case-insensitive) to the corresponding option text from the Questions schema, and output only that text. Do NOT include the letter or both.
  Example: If the schema is ""[MCQ: A. Abnormal B. Inconclusive C. Normal]"" and the response is ""a"", output ""Abnormal"".
- For open-ended fields, output the exact text value.
- If the question asks for a count, provide only the number (e.g., ""42"").
- If the question asks for a list of names or IDs, provide a simple comma-separated list (e.g., ""17, 21, 23"").
- Preserve capitalization exactly as in the schema (e.g., output ""Abnormal"", not ""abnormal"" or ""A"").

Which respondent numbers have Blood Type AB+ and Insurance Provider Cigna?",,
case_38,multi_hop_relational_inference,Which respondent numbers have Gender Male and Medical Condition Cancer?,"<!DOCTYPE html>
<html>
<head>
<title>Survey Data</title>
</head>
<body>
<h1>Questions</h1>
<ul>
  <li><strong>Name:</strong> What is your name? [Open-ended]</li>
  <li><strong>Age:</strong> What is your age? [Open-ended]</li>
  <li><strong>Gender:</strong> What is your gender? [MCQ: A. Female B. Male]</li>
  <li><strong>Blood Type:</strong> What is your blood type? [MCQ: A. A+ B. A- C. AB+ D. AB- E. B+ F. B- G. O+ H. O-]</li>
  <li><strong>Medical Condition:</strong> What is your medical condition? [MCQ: A. Arthritis B. Asthma C. Cancer D. Diabetes E. Hypertension F. Obesity]</li>
  <li><strong>Date of Admission:</strong> What is your date of admission? [Open-ended]</li>
  <li><strong>Doctor:</strong> What is your doctor? [Open-ended]</li>
  <li><strong>Hospital:</strong> What is your hospital? [Open-ended]</li>
  <li><strong>Insurance Provider:</strong> What is your insurance provider? [MCQ: A. Aetna B. Blue Cross C. Cigna D. Medicare E. UnitedHealthcare]</li>
  <li><strong>Billing Amount:</strong> What is your billing amount? [Open-ended]</li>
  <li><strong>Room Number:</strong> What is your room number? [Open-ended]</li>
  <li><strong>Admission Type:</strong> What is your admission type? [MCQ: A. Elective B. Emergency C. Urgent]</li>
  <li><strong>Discharge Date:</strong> What is your discharge date? [Open-ended]</li>
  <li><strong>Medication:</strong> What is your medication? [MCQ: A. Aspirin B. Ibuprofen C. Lipitor D. Paracetamol E. Penicillin]</li>
  <li><strong>Test Results:</strong> What is your test results? [MCQ: A. Abnormal B. Inconclusive C. Normal]</li>
</ul>
<h1>Responses</h1>
<h2>Respondent 27</h2>
<ul>
  <li><strong>Name:</strong> cathy sMaLl</li>
  <li><strong>Age:</strong> 51</li>
  <li><strong>Gender:</strong> a</li>
  <li><strong>Blood Type:</strong> h</li>
  <li><strong>Medical Condition:</strong> b</li>
  <li><strong>Date of Admission:</strong> 2023-12-23</li>
  <li><strong>Doctor:</strong> Wendy Glenn</li>
  <li><strong>Hospital:</strong> Brown, and Jones Weaver</li>
  <li><strong>Insurance Provider:</strong> b</li>
  <li><strong>Billing Amount:</strong> 26787</li>
  <li><strong>Room Number:</strong> 401</li>
  <li><strong>Admission Type:</strong> a</li>
  <li><strong>Discharge Date:</strong> 2024-01-19</li>
  <li><strong>Medication:</strong> b</li>
  <li><strong>Test Results:</strong> c</li>
</ul>
<h2>Respondent 10</h2>
<ul>
  <li><strong>Name:</strong> ChRISTopher BerG</li>
  <li><strong>Age:</strong> 58</li>
  <li><strong>Gender:</strong> a</li>
  <li><strong>Blood Type:</strong> d</li>
  <li><strong>Medical Condition:</strong> c</li>
  <li><strong>Date of Admission:</strong> 2021-05-23</li>
  <li><strong>Doctor:</strong> Heather Day</li>
  <li><strong>Hospital:</strong> Padilla-Walker</li>
  <li><strong>Insurance Provider:</strong> e</li>
  <li><strong>Billing Amount:</strong> 19785</li>
  <li><strong>Room Number:</strong> 249</li>
  <li><strong>Admission Type:</strong> a</li>
  <li><strong>Discharge Date:</strong> 2021-06-22</li>
  <li><strong>Medication:</strong> d</li>
  <li><strong>Test Results:</strong> b</li>
</ul>
<h2>Respondent 11</h2>
<ul>
  <li><strong>Name:</strong> mIchElLe daniELs</li>
  <li><strong>Age:</strong> 72</li>
  <li><strong>Gender:</strong> b</li>
  <li><strong>Blood Type:</strong> g</li>
  <li><strong>Medical Condition:</strong> c</li>
  <li><strong>Date of Admission:</strong> 2020-04-19</li>
  <li><strong>Doctor:</strong> John Duncan</li>
  <li><strong>Hospital:</strong> Schaefer-Porter</li>
  <li><strong>Insurance Provider:</strong> d</li>
  <li><strong>Billing Amount:</strong> 12577</li>
  <li><strong>Room Number:</strong> 394</li>
  <li><strong>Admission Type:</strong> c</li>
  <li><strong>Discharge Date:</strong> 2020-04-22</li>
  <li><strong>Medication:</strong> d</li>
  <li><strong>Test Results:</strong> c</li>
</ul>
</body>
</html>",11,"Which respondent numbers have Gender Male and Medical Condition Cancer?

DATA:

<!DOCTYPE html>
<html>
<head>
<title>Survey Data</title>
</head>
<body>
<h1>Questions</h1>
<ul>
  <li><strong>Name:</strong> What is your name? [Open-ended]</li>
  <li><strong>Age:</strong> What is your age? [Open-ended]</li>
  <li><strong>Gender:</strong> What is your gender? [MCQ: A. Female B. Male]</li>
  <li><strong>Blood Type:</strong> What is your blood type? [MCQ: A. A+ B. A- C. AB+ D. AB- E. B+ F. B- G. O+ H. O-]</li>
  <li><strong>Medical Condition:</strong> What is your medical condition? [MCQ: A. Arthritis B. Asthma C. Cancer D. Diabetes E. Hypertension F. Obesity]</li>
  <li><strong>Date of Admission:</strong> What is your date of admission? [Open-ended]</li>
  <li><strong>Doctor:</strong> What is your doctor? [Open-ended]</li>
  <li><strong>Hospital:</strong> What is your hospital? [Open-ended]</li>
  <li><strong>Insurance Provider:</strong> What is your insurance provider? [MCQ: A. Aetna B. Blue Cross C. Cigna D. Medicare E. UnitedHealthcare]</li>
  <li><strong>Billing Amount:</strong> What is your billing amount? [Open-ended]</li>
  <li><strong>Room Number:</strong> What is your room number? [Open-ended]</li>
  <li><strong>Admission Type:</strong> What is your admission type? [MCQ: A. Elective B. Emergency C. Urgent]</li>
  <li><strong>Discharge Date:</strong> What is your discharge date? [Open-ended]</li>
  <li><strong>Medication:</strong> What is your medication? [MCQ: A. Aspirin B. Ibuprofen C. Lipitor D. Paracetamol E. Penicillin]</li>
  <li><strong>Test Results:</strong> What is your test results? [MCQ: A. Abnormal B. Inconclusive C. Normal]</li>
</ul>
<h1>Responses</h1>
<h2>Respondent 133</h2>
<ul>
  <li><strong>Name:</strong> ashLEy ERIcKSoN</li>
  <li><strong>Age:</strong> 32</li>
  <li><strong>Gender:</strong> a</li>
  <li><strong>Blood Type:</strong> d</li>
  <li><strong>Medical Condition:</strong> c</li>
  <li><strong>Date of Admission:</strong> 2019-11-05</li>
  <li><strong>Doctor:</strong> Gerald Hooper</li>
  <li><strong>Hospital:</strong> and Johnson Moore, Branch</li>
  <li><strong>Insurance Provider:</strong> a</li>
  <li><strong>Billing Amount:</strong> -503</li>
  <li><strong>Room Number:</strong> 376</li>
  <li><strong>Admission Type:</strong> c</li>
  <li><strong>Discharge Date:</strong> 2019-11-23</li>
  <li><strong>Medication:</strong> e</li>
  <li><strong>Test Results:</strong> c</li>
</ul>
<h2>Respondent 63</h2>
<ul>
  <li><strong>Name:</strong> tRAvIs carTeR</li>
  <li><strong>Age:</strong> 18</li>
  <li><strong>Gender:</strong> b</li>
  <li><strong>Blood Type:</strong> a</li>
  <li><strong>Medical Condition:</strong> c</li>
  <li><strong>Date of Admission:</strong> 2022-07-06</li>
  <li><strong>Doctor:</strong> Megan Hahn</li>
  <li><strong>Hospital:</strong> Moss and Ferguson, Baker</li>
  <li><strong>Insurance Provider:</strong> e</li>
  <li><strong>Billing Amount:</strong> 48407</li>
  <li><strong>Room Number:</strong> 325</li>
  <li><strong>Admission Type:</strong> b</li>
  <li><strong>Discharge Date:</strong> 2022-07-18</li>
  <li><strong>Medication:</strong> a</li>
  <li><strong>Test Results:</strong> c</li>
</ul>
<h2>Respondent 116</h2>
<ul>
  <li><strong>Name:</strong> reBEcCA PARsONs</li>
  <li><strong>Age:</strong> 37</li>
  <li><strong>Gender:</strong> a</li>
  <li><strong>Blood Type:</strong> g</li>
  <li><strong>Medical Condition:</strong> b</li>
  <li><strong>Date of Admission:</strong> 2019-12-02</li>
  <li><strong>Doctor:</strong> Steven Adams</li>
  <li><strong>Hospital:</strong> Group White</li>
  <li><strong>Insurance Provider:</strong> a</li>
  <li><strong>Billing Amount:</strong> 8521</li>
  <li><strong>Room Number:</strong> 476</li>
  <li><strong>Admission Type:</strong> a</li>
  <li><strong>Discharge Date:</strong> 2019-12-13</li>
  <li><strong>Medication:</strong> e</li>
  <li><strong>Test Results:</strong> a</li>
</ul>
</body>
</html>

Answer: 63

<!DOCTYPE html>
<html>
<head>
<title>Survey Data</title>
</head>
<body>
<h1>Questions</h1>
<ul>
  <li><strong>Name:</strong> What is your name? [Open-ended]</li>
  <li><strong>Age:</strong> What is your age? [Open-ended]</li>
  <li><strong>Gender:</strong> What is your gender? [MCQ: A. Female B. Male]</li>
  <li><strong>Blood Type:</strong> What is your blood type? [MCQ: A. A+ B. A- C. AB+ D. AB- E. B+ F. B- G. O+ H. O-]</li>
  <li><strong>Medical Condition:</strong> What is your medical condition? [MCQ: A. Arthritis B. Asthma C. Cancer D. Diabetes E. Hypertension F. Obesity]</li>
  <li><strong>Date of Admission:</strong> What is your date of admission? [Open-ended]</li>
  <li><strong>Doctor:</strong> What is your doctor? [Open-ended]</li>
  <li><strong>Hospital:</strong> What is your hospital? [Open-ended]</li>
  <li><strong>Insurance Provider:</strong> What is your insurance provider? [MCQ: A. Aetna B. Blue Cross C. Cigna D. Medicare E. UnitedHealthcare]</li>
  <li><strong>Billing Amount:</strong> What is your billing amount? [Open-ended]</li>
  <li><strong>Room Number:</strong> What is your room number? [Open-ended]</li>
  <li><strong>Admission Type:</strong> What is your admission type? [MCQ: A. Elective B. Emergency C. Urgent]</li>
  <li><strong>Discharge Date:</strong> What is your discharge date? [Open-ended]</li>
  <li><strong>Medication:</strong> What is your medication? [MCQ: A. Aspirin B. Ibuprofen C. Lipitor D. Paracetamol E. Penicillin]</li>
  <li><strong>Test Results:</strong> What is your test results? [MCQ: A. Abnormal B. Inconclusive C. Normal]</li>
</ul>
<h1>Responses</h1>
<h2>Respondent 27</h2>
<ul>
  <li><strong>Name:</strong> cathy sMaLl</li>
  <li><strong>Age:</strong> 51</li>
  <li><strong>Gender:</strong> a</li>
  <li><strong>Blood Type:</strong> h</li>
  <li><strong>Medical Condition:</strong> b</li>
  <li><strong>Date of Admission:</strong> 2023-12-23</li>
  <li><strong>Doctor:</strong> Wendy Glenn</li>
  <li><strong>Hospital:</strong> Brown, and Jones Weaver</li>
  <li><strong>Insurance Provider:</strong> b</li>
  <li><strong>Billing Amount:</strong> 26787</li>
  <li><strong>Room Number:</strong> 401</li>
  <li><strong>Admission Type:</strong> a</li>
  <li><strong>Discharge Date:</strong> 2024-01-19</li>
  <li><strong>Medication:</strong> b</li>
  <li><strong>Test Results:</strong> c</li>
</ul>
<h2>Respondent 10</h2>
<ul>
  <li><strong>Name:</strong> ChRISTopher BerG</li>
  <li><strong>Age:</strong> 58</li>
  <li><strong>Gender:</strong> a</li>
  <li><strong>Blood Type:</strong> d</li>
  <li><strong>Medical Condition:</strong> c</li>
  <li><strong>Date of Admission:</strong> 2021-05-23</li>
  <li><strong>Doctor:</strong> Heather Day</li>
  <li><strong>Hospital:</strong> Padilla-Walker</li>
  <li><strong>Insurance Provider:</strong> e</li>
  <li><strong>Billing Amount:</strong> 19785</li>
  <li><strong>Room Number:</strong> 249</li>
  <li><strong>Admission Type:</strong> a</li>
  <li><strong>Discharge Date:</strong> 2021-06-22</li>
  <li><strong>Medication:</strong> d</li>
  <li><strong>Test Results:</strong> b</li>
</ul>
<h2>Respondent 11</h2>
<ul>
  <li><strong>Name:</strong> mIchElLe daniELs</li>
  <li><strong>Age:</strong> 72</li>
  <li><strong>Gender:</strong> b</li>
  <li><strong>Blood Type:</strong> g</li>
  <li><strong>Medical Condition:</strong> c</li>
  <li><strong>Date of Admission:</strong> 2020-04-19</li>
  <li><strong>Doctor:</strong> John Duncan</li>
  <li><strong>Hospital:</strong> Schaefer-Porter</li>
  <li><strong>Insurance Provider:</strong> d</li>
  <li><strong>Billing Amount:</strong> 12577</li>
  <li><strong>Room Number:</strong> 394</li>
  <li><strong>Admission Type:</strong> c</li>
  <li><strong>Discharge Date:</strong> 2020-04-22</li>
  <li><strong>Medication:</strong> d</li>
  <li><strong>Test Results:</strong> c</li>
</ul>
</body>
</html>

You are a meticulous data analyst AI. Your primary function is to accurately analyze structured data and provide precise, verifiable answers.

You will be given a dataset with two key parts:

A 'questions' section: This is your data dictionary or schema. It is the single source of truth for understanding what each field and score means. Refer to it carefully.

A 'responses' section: This contains the raw data from each individual respondent.

To answer the question correctly, you must first use the 'questions' schema to fully understand the context and meaning of the data points within the 'responses'. Do not rely on any prior knowledge outside of this provided data. Base your entire analysis on the information given.

Provide your final answer directly and concisely. Output must be the human-readable value, not an option code.

Rules:
- For MCQ fields, map any letter codes in the Responses (case-insensitive) to the corresponding option text from the Questions schema, and output only that text. Do NOT include the letter or both.
  Example: If the schema is ""[MCQ: A. Abnormal B. Inconclusive C. Normal]"" and the response is ""a"", output ""Abnormal"".
- For open-ended fields, output the exact text value.
- If the question asks for a count, provide only the number (e.g., ""42"").
- If the question asks for a list of names or IDs, provide a simple comma-separated list (e.g., ""17, 21, 23"").
- Preserve capitalization exactly as in the schema (e.g., output ""Abnormal"", not ""abnormal"" or ""A"").

Which respondent numbers have Gender Male and Medical Condition Cancer?",,
case_39,multi_hop_relational_inference,Which respondent numbers have Blood Type B- and Admission Type Urgent?,"<!DOCTYPE html>
<html>
<head>
<title>Survey Data</title>
</head>
<body>
<h1>Questions</h1>
<ul>
  <li><strong>Name:</strong> What is your name? [Open-ended]</li>
  <li><strong>Age:</strong> What is your age? [Open-ended]</li>
  <li><strong>Gender:</strong> What is your gender? [MCQ: A. Female B. Male]</li>
  <li><strong>Blood Type:</strong> What is your blood type? [MCQ: A. A+ B. A- C. AB+ D. AB- E. B+ F. B- G. O+ H. O-]</li>
  <li><strong>Medical Condition:</strong> What is your medical condition? [MCQ: A. Arthritis B. Asthma C. Cancer D. Diabetes E. Hypertension F. Obesity]</li>
  <li><strong>Date of Admission:</strong> What is your date of admission? [Open-ended]</li>
  <li><strong>Doctor:</strong> What is your doctor? [Open-ended]</li>
  <li><strong>Hospital:</strong> What is your hospital? [Open-ended]</li>
  <li><strong>Insurance Provider:</strong> What is your insurance provider? [MCQ: A. Aetna B. Blue Cross C. Cigna D. Medicare E. UnitedHealthcare]</li>
  <li><strong>Billing Amount:</strong> What is your billing amount? [Open-ended]</li>
  <li><strong>Room Number:</strong> What is your room number? [Open-ended]</li>
  <li><strong>Admission Type:</strong> What is your admission type? [MCQ: A. Elective B. Emergency C. Urgent]</li>
  <li><strong>Discharge Date:</strong> What is your discharge date? [Open-ended]</li>
  <li><strong>Medication:</strong> What is your medication? [MCQ: A. Aspirin B. Ibuprofen C. Lipitor D. Paracetamol E. Penicillin]</li>
  <li><strong>Test Results:</strong> What is your test results? [MCQ: A. Abnormal B. Inconclusive C. Normal]</li>
</ul>
<h1>Responses</h1>
<h2>Respondent 24</h2>
<ul>
  <li><strong>Name:</strong> dR. EilEEn thomPsoN</li>
  <li><strong>Age:</strong> 59</li>
  <li><strong>Gender:</strong> b</li>
  <li><strong>Blood Type:</strong> a</li>
  <li><strong>Medical Condition:</strong> b</li>
  <li><strong>Date of Admission:</strong> 2021-08-02</li>
  <li><strong>Doctor:</strong> Donna Martinez MD</li>
  <li><strong>Hospital:</strong> and Sons Smith</li>
  <li><strong>Insurance Provider:</strong> a</li>
  <li><strong>Billing Amount:</strong> 25250</li>
  <li><strong>Room Number:</strong> 119</li>
  <li><strong>Admission Type:</strong> c</li>
  <li><strong>Discharge Date:</strong> 2021-08-12</li>
  <li><strong>Medication:</strong> c</li>
  <li><strong>Test Results:</strong> b</li>
</ul>
<h2>Respondent 45</h2>
<ul>
  <li><strong>Name:</strong> pAUL wILLiAmS</li>
  <li><strong>Age:</strong> 81</li>
  <li><strong>Gender:</strong> a</li>
  <li><strong>Blood Type:</strong> d</li>
  <li><strong>Medical Condition:</strong> c</li>
  <li><strong>Date of Admission:</strong> 2020-08-23</li>
  <li><strong>Doctor:</strong> Kristin Martinez</li>
  <li><strong>Hospital:</strong> Gates Brown, and Stuart</li>
  <li><strong>Insurance Provider:</strong> d</li>
  <li><strong>Billing Amount:</strong> 42685</li>
  <li><strong>Room Number:</strong> 328</li>
  <li><strong>Admission Type:</strong> c</li>
  <li><strong>Discharge Date:</strong> 2020-09-08</li>
  <li><strong>Medication:</strong> e</li>
  <li><strong>Test Results:</strong> a</li>
</ul>
<h2>Respondent 1</h2>
<ul>
  <li><strong>Name:</strong> Bobby JacksOn</li>
  <li><strong>Age:</strong> 30</li>
  <li><strong>Blood Type:</strong> f</li>
  <li><strong>Medical Condition:</strong> c</li>
  <li><strong>Date of Admission:</strong> 2024-01-31</li>
  <li><strong>Doctor:</strong> Matthew Smith</li>
  <li><strong>Hospital:</strong> Sons and Miller</li>
  <li><strong>Insurance Provider:</strong> b</li>
  <li><strong>Billing Amount:</strong> 18856</li>
  <li><strong>Room Number:</strong> 328</li>
  <li><strong>Admission Type:</strong> c</li>
  <li><strong>Discharge Date:</strong> 2024-02-02</li>
  <li><strong>Medication:</strong> d</li>
  <li><strong>Test Results:</strong> c</li>
</ul>
</body>
</html>",1,"Which respondent numbers have Gender Male and Medical Condition Cancer?

DATA:

<!DOCTYPE html>
<html>
<head>
<title>Survey Data</title>
</head>
<body>
<h1>Questions</h1>
<ul>
  <li><strong>Name:</strong> What is your name? [Open-ended]</li>
  <li><strong>Age:</strong> What is your age? [Open-ended]</li>
  <li><strong>Gender:</strong> What is your gender? [MCQ: A. Female B. Male]</li>
  <li><strong>Blood Type:</strong> What is your blood type? [MCQ: A. A+ B. A- C. AB+ D. AB- E. B+ F. B- G. O+ H. O-]</li>
  <li><strong>Medical Condition:</strong> What is your medical condition? [MCQ: A. Arthritis B. Asthma C. Cancer D. Diabetes E. Hypertension F. Obesity]</li>
  <li><strong>Date of Admission:</strong> What is your date of admission? [Open-ended]</li>
  <li><strong>Doctor:</strong> What is your doctor? [Open-ended]</li>
  <li><strong>Hospital:</strong> What is your hospital? [Open-ended]</li>
  <li><strong>Insurance Provider:</strong> What is your insurance provider? [MCQ: A. Aetna B. Blue Cross C. Cigna D. Medicare E. UnitedHealthcare]</li>
  <li><strong>Billing Amount:</strong> What is your billing amount? [Open-ended]</li>
  <li><strong>Room Number:</strong> What is your room number? [Open-ended]</li>
  <li><strong>Admission Type:</strong> What is your admission type? [MCQ: A. Elective B. Emergency C. Urgent]</li>
  <li><strong>Discharge Date:</strong> What is your discharge date? [Open-ended]</li>
  <li><strong>Medication:</strong> What is your medication? [MCQ: A. Aspirin B. Ibuprofen C. Lipitor D. Paracetamol E. Penicillin]</li>
  <li><strong>Test Results:</strong> What is your test results? [MCQ: A. Abnormal B. Inconclusive C. Normal]</li>
</ul>
<h1>Responses</h1>
<h2>Respondent 133</h2>
<ul>
  <li><strong>Name:</strong> ashLEy ERIcKSoN</li>
  <li><strong>Age:</strong> 32</li>
  <li><strong>Gender:</strong> a</li>
  <li><strong>Blood Type:</strong> d</li>
  <li><strong>Medical Condition:</strong> c</li>
  <li><strong>Date of Admission:</strong> 2019-11-05</li>
  <li><strong>Doctor:</strong> Gerald Hooper</li>
  <li><strong>Hospital:</strong> and Johnson Moore, Branch</li>
  <li><strong>Insurance Provider:</strong> a</li>
  <li><strong>Billing Amount:</strong> -503</li>
  <li><strong>Room Number:</strong> 376</li>
  <li><strong>Admission Type:</strong> c</li>
  <li><strong>Discharge Date:</strong> 2019-11-23</li>
  <li><strong>Medication:</strong> e</li>
  <li><strong>Test Results:</strong> c</li>
</ul>
<h2>Respondent 63</h2>
<ul>
  <li><strong>Name:</strong> tRAvIs carTeR</li>
  <li><strong>Age:</strong> 18</li>
  <li><strong>Gender:</strong> b</li>
  <li><strong>Blood Type:</strong> a</li>
  <li><strong>Medical Condition:</strong> c</li>
  <li><strong>Date of Admission:</strong> 2022-07-06</li>
  <li><strong>Doctor:</strong> Megan Hahn</li>
  <li><strong>Hospital:</strong> Moss and Ferguson, Baker</li>
  <li><strong>Insurance Provider:</strong> e</li>
  <li><strong>Billing Amount:</strong> 48407</li>
  <li><strong>Room Number:</strong> 325</li>
  <li><strong>Admission Type:</strong> b</li>
  <li><strong>Discharge Date:</strong> 2022-07-18</li>
  <li><strong>Medication:</strong> a</li>
  <li><strong>Test Results:</strong> c</li>
</ul>
<h2>Respondent 116</h2>
<ul>
  <li><strong>Name:</strong> reBEcCA PARsONs</li>
  <li><strong>Age:</strong> 37</li>
  <li><strong>Gender:</strong> a</li>
  <li><strong>Blood Type:</strong> g</li>
  <li><strong>Medical Condition:</strong> b</li>
  <li><strong>Date of Admission:</strong> 2019-12-02</li>
  <li><strong>Doctor:</strong> Steven Adams</li>
  <li><strong>Hospital:</strong> Group White</li>
  <li><strong>Insurance Provider:</strong> a</li>
  <li><strong>Billing Amount:</strong> 8521</li>
  <li><strong>Room Number:</strong> 476</li>
  <li><strong>Admission Type:</strong> a</li>
  <li><strong>Discharge Date:</strong> 2019-12-13</li>
  <li><strong>Medication:</strong> e</li>
  <li><strong>Test Results:</strong> a</li>
</ul>
</body>
</html>

Answer: 63

<!DOCTYPE html>
<html>
<head>
<title>Survey Data</title>
</head>
<body>
<h1>Questions</h1>
<ul>
  <li><strong>Name:</strong> What is your name? [Open-ended]</li>
  <li><strong>Age:</strong> What is your age? [Open-ended]</li>
  <li><strong>Gender:</strong> What is your gender? [MCQ: A. Female B. Male]</li>
  <li><strong>Blood Type:</strong> What is your blood type? [MCQ: A. A+ B. A- C. AB+ D. AB- E. B+ F. B- G. O+ H. O-]</li>
  <li><strong>Medical Condition:</strong> What is your medical condition? [MCQ: A. Arthritis B. Asthma C. Cancer D. Diabetes E. Hypertension F. Obesity]</li>
  <li><strong>Date of Admission:</strong> What is your date of admission? [Open-ended]</li>
  <li><strong>Doctor:</strong> What is your doctor? [Open-ended]</li>
  <li><strong>Hospital:</strong> What is your hospital? [Open-ended]</li>
  <li><strong>Insurance Provider:</strong> What is your insurance provider? [MCQ: A. Aetna B. Blue Cross C. Cigna D. Medicare E. UnitedHealthcare]</li>
  <li><strong>Billing Amount:</strong> What is your billing amount? [Open-ended]</li>
  <li><strong>Room Number:</strong> What is your room number? [Open-ended]</li>
  <li><strong>Admission Type:</strong> What is your admission type? [MCQ: A. Elective B. Emergency C. Urgent]</li>
  <li><strong>Discharge Date:</strong> What is your discharge date? [Open-ended]</li>
  <li><strong>Medication:</strong> What is your medication? [MCQ: A. Aspirin B. Ibuprofen C. Lipitor D. Paracetamol E. Penicillin]</li>
  <li><strong>Test Results:</strong> What is your test results? [MCQ: A. Abnormal B. Inconclusive C. Normal]</li>
</ul>
<h1>Responses</h1>
<h2>Respondent 24</h2>
<ul>
  <li><strong>Name:</strong> dR. EilEEn thomPsoN</li>
  <li><strong>Age:</strong> 59</li>
  <li><strong>Gender:</strong> b</li>
  <li><strong>Blood Type:</strong> a</li>
  <li><strong>Medical Condition:</strong> b</li>
  <li><strong>Date of Admission:</strong> 2021-08-02</li>
  <li><strong>Doctor:</strong> Donna Martinez MD</li>
  <li><strong>Hospital:</strong> and Sons Smith</li>
  <li><strong>Insurance Provider:</strong> a</li>
  <li><strong>Billing Amount:</strong> 25250</li>
  <li><strong>Room Number:</strong> 119</li>
  <li><strong>Admission Type:</strong> c</li>
  <li><strong>Discharge Date:</strong> 2021-08-12</li>
  <li><strong>Medication:</strong> c</li>
  <li><strong>Test Results:</strong> b</li>
</ul>
<h2>Respondent 45</h2>
<ul>
  <li><strong>Name:</strong> pAUL wILLiAmS</li>
  <li><strong>Age:</strong> 81</li>
  <li><strong>Gender:</strong> a</li>
  <li><strong>Blood Type:</strong> d</li>
  <li><strong>Medical Condition:</strong> c</li>
  <li><strong>Date of Admission:</strong> 2020-08-23</li>
  <li><strong>Doctor:</strong> Kristin Martinez</li>
  <li><strong>Hospital:</strong> Gates Brown, and Stuart</li>
  <li><strong>Insurance Provider:</strong> d</li>
  <li><strong>Billing Amount:</strong> 42685</li>
  <li><strong>Room Number:</strong> 328</li>
  <li><strong>Admission Type:</strong> c</li>
  <li><strong>Discharge Date:</strong> 2020-09-08</li>
  <li><strong>Medication:</strong> e</li>
  <li><strong>Test Results:</strong> a</li>
</ul>
<h2>Respondent 1</h2>
<ul>
  <li><strong>Name:</strong> Bobby JacksOn</li>
  <li><strong>Age:</strong> 30</li>
  <li><strong>Blood Type:</strong> f</li>
  <li><strong>Medical Condition:</strong> c</li>
  <li><strong>Date of Admission:</strong> 2024-01-31</li>
  <li><strong>Doctor:</strong> Matthew Smith</li>
  <li><strong>Hospital:</strong> Sons and Miller</li>
  <li><strong>Insurance Provider:</strong> b</li>
  <li><strong>Billing Amount:</strong> 18856</li>
  <li><strong>Room Number:</strong> 328</li>
  <li><strong>Admission Type:</strong> c</li>
  <li><strong>Discharge Date:</strong> 2024-02-02</li>
  <li><strong>Medication:</strong> d</li>
  <li><strong>Test Results:</strong> c</li>
</ul>
</body>
</html>

You are a meticulous data analyst AI. Your primary function is to accurately analyze structured data and provide precise, verifiable answers.

You will be given a dataset with two key parts:

A 'questions' section: This is your data dictionary or schema. It is the single source of truth for understanding what each field and score means. Refer to it carefully.

A 'responses' section: This contains the raw data from each individual respondent.

To answer the question correctly, you must first use the 'questions' schema to fully understand the context and meaning of the data points within the 'responses'. Do not rely on any prior knowledge outside of this provided data. Base your entire analysis on the information given.

Provide your final answer directly and concisely. Output must be the human-readable value, not an option code.

Rules:
- For MCQ fields, map any letter codes in the Responses (case-insensitive) to the corresponding option text from the Questions schema, and output only that text. Do NOT include the letter or both.
  Example: If the schema is ""[MCQ: A. Abnormal B. Inconclusive C. Normal]"" and the response is ""a"", output ""Abnormal"".
- For open-ended fields, output the exact text value.
- If the question asks for a count, provide only the number (e.g., ""42"").
- If the question asks for a list of names or IDs, provide a simple comma-separated list (e.g., ""17, 21, 23"").
- Preserve capitalization exactly as in the schema (e.g., output ""Abnormal"", not ""abnormal"" or ""A"").

Which respondent numbers have Blood Type B- and Admission Type Urgent?",,
case_40,multi_hop_relational_inference,Which respondent numbers have Admission Type Urgent and Test Results Abnormal?,"<!DOCTYPE html>
<html>
<head>
<title>Survey Data</title>
</head>
<body>
<h1>Questions</h1>
<ul>
  <li><strong>Name:</strong> What is your name? [Open-ended]</li>
  <li><strong>Age:</strong> What is your age? [Open-ended]</li>
  <li><strong>Gender:</strong> What is your gender? [MCQ: A. Female B. Male]</li>
  <li><strong>Blood Type:</strong> What is your blood type? [MCQ: A. A+ B. A- C. AB+ D. AB- E. B+ F. B- G. O+ H. O-]</li>
  <li><strong>Medical Condition:</strong> What is your medical condition? [MCQ: A. Arthritis B. Asthma C. Cancer D. Diabetes E. Hypertension F. Obesity]</li>
  <li><strong>Date of Admission:</strong> What is your date of admission? [Open-ended]</li>
  <li><strong>Doctor:</strong> What is your doctor? [Open-ended]</li>
  <li><strong>Hospital:</strong> What is your hospital? [Open-ended]</li>
  <li><strong>Insurance Provider:</strong> What is your insurance provider? [MCQ: A. Aetna B. Blue Cross C. Cigna D. Medicare E. UnitedHealthcare]</li>
  <li><strong>Billing Amount:</strong> What is your billing amount? [Open-ended]</li>
  <li><strong>Room Number:</strong> What is your room number? [Open-ended]</li>
  <li><strong>Admission Type:</strong> What is your admission type? [MCQ: A. Elective B. Emergency C. Urgent]</li>
  <li><strong>Discharge Date:</strong> What is your discharge date? [Open-ended]</li>
  <li><strong>Medication:</strong> What is your medication? [MCQ: A. Aspirin B. Ibuprofen C. Lipitor D. Paracetamol E. Penicillin]</li>
  <li><strong>Test Results:</strong> What is your test results? [MCQ: A. Abnormal B. Inconclusive C. Normal]</li>
</ul>
<h1>Responses</h1>
<h2>Respondent 5</h2>
<ul>
  <li><strong>Name:</strong> adrIENNE bEll</li>
  <li><strong>Age:</strong> 43</li>
  <li><strong>Gender:</strong> a</li>
  <li><strong>Blood Type:</strong> c</li>
  <li><strong>Medical Condition:</strong> c</li>
  <li><strong>Date of Admission:</strong> 2022-09-19</li>
  <li><strong>Doctor:</strong> Kathleen Hanna</li>
  <li><strong>Hospital:</strong> White-White</li>
  <li><strong>Insurance Provider:</strong> a</li>
  <li><strong>Billing Amount:</strong> 14238</li>
  <li><strong>Room Number:</strong> 458</li>
  <li><strong>Admission Type:</strong> c</li>
  <li><strong>Discharge Date:</strong> 2022-10-09</li>
  <li><strong>Medication:</strong> e</li>
  <li><strong>Test Results:</strong> a</li>
</ul>
<h2>Respondent 89</h2>
<ul>
  <li><strong>Name:</strong> wILLIAM hIlL</li>
  <li><strong>Age:</strong> 38</li>
  <li><strong>Gender:</strong> a</li>
  <li><strong>Blood Type:</strong> a</li>
  <li><strong>Medical Condition:</strong> c</li>
  <li><strong>Date of Admission:</strong> 2023-05-16</li>
  <li><strong>Doctor:</strong> Matthew Walker</li>
  <li><strong>Hospital:</strong> Lindsey Inc</li>
  <li><strong>Insurance Provider:</strong> c</li>
  <li><strong>Billing Amount:</strong> 39477</li>
  <li><strong>Room Number:</strong> 428</li>
  <li><strong>Admission Type:</strong> a</li>
  <li><strong>Discharge Date:</strong> 2023-06-01</li>
  <li><strong>Medication:</strong> a</li>
  <li><strong>Test Results:</strong> a</li>
</ul>
<h2>Respondent 42</h2>
<ul>
  <li><strong>Name:</strong> ThomAS morsE</li>
  <li><strong>Age:</strong> 81</li>
  <li><strong>Gender:</strong> b</li>
  <li><strong>Blood Type:</strong> a</li>
  <li><strong>Medical Condition:</strong> e</li>
  <li><strong>Date of Admission:</strong> 2020-01-27</li>
  <li><strong>Doctor:</strong> Jennifer Carter</li>
  <li><strong>Hospital:</strong> Meadows Group</li>
  <li><strong>Insurance Provider:</strong> c</li>
  <li><strong>Billing Amount:</strong> 35634</li>
  <li><strong>Room Number:</strong> 196</li>
  <li><strong>Admission Type:</strong> c</li>
  <li><strong>Discharge Date:</strong> 2020-02-09</li>
  <li><strong>Medication:</strong> a</li>
  <li><strong>Test Results:</strong> c</li>
</ul>
</body>
</html>",5,"Which respondent numbers have Gender Male and Medical Condition Cancer?

DATA:

<!DOCTYPE html>
<html>
<head>
<title>Survey Data</title>
</head>
<body>
<h1>Questions</h1>
<ul>
  <li><strong>Name:</strong> What is your name? [Open-ended]</li>
  <li><strong>Age:</strong> What is your age? [Open-ended]</li>
  <li><strong>Gender:</strong> What is your gender? [MCQ: A. Female B. Male]</li>
  <li><strong>Blood Type:</strong> What is your blood type? [MCQ: A. A+ B. A- C. AB+ D. AB- E. B+ F. B- G. O+ H. O-]</li>
  <li><strong>Medical Condition:</strong> What is your medical condition? [MCQ: A. Arthritis B. Asthma C. Cancer D. Diabetes E. Hypertension F. Obesity]</li>
  <li><strong>Date of Admission:</strong> What is your date of admission? [Open-ended]</li>
  <li><strong>Doctor:</strong> What is your doctor? [Open-ended]</li>
  <li><strong>Hospital:</strong> What is your hospital? [Open-ended]</li>
  <li><strong>Insurance Provider:</strong> What is your insurance provider? [MCQ: A. Aetna B. Blue Cross C. Cigna D. Medicare E. UnitedHealthcare]</li>
  <li><strong>Billing Amount:</strong> What is your billing amount? [Open-ended]</li>
  <li><strong>Room Number:</strong> What is your room number? [Open-ended]</li>
  <li><strong>Admission Type:</strong> What is your admission type? [MCQ: A. Elective B. Emergency C. Urgent]</li>
  <li><strong>Discharge Date:</strong> What is your discharge date? [Open-ended]</li>
  <li><strong>Medication:</strong> What is your medication? [MCQ: A. Aspirin B. Ibuprofen C. Lipitor D. Paracetamol E. Penicillin]</li>
  <li><strong>Test Results:</strong> What is your test results? [MCQ: A. Abnormal B. Inconclusive C. Normal]</li>
</ul>
<h1>Responses</h1>
<h2>Respondent 133</h2>
<ul>
  <li><strong>Name:</strong> ashLEy ERIcKSoN</li>
  <li><strong>Age:</strong> 32</li>
  <li><strong>Gender:</strong> a</li>
  <li><strong>Blood Type:</strong> d</li>
  <li><strong>Medical Condition:</strong> c</li>
  <li><strong>Date of Admission:</strong> 2019-11-05</li>
  <li><strong>Doctor:</strong> Gerald Hooper</li>
  <li><strong>Hospital:</strong> and Johnson Moore, Branch</li>
  <li><strong>Insurance Provider:</strong> a</li>
  <li><strong>Billing Amount:</strong> -503</li>
  <li><strong>Room Number:</strong> 376</li>
  <li><strong>Admission Type:</strong> c</li>
  <li><strong>Discharge Date:</strong> 2019-11-23</li>
  <li><strong>Medication:</strong> e</li>
  <li><strong>Test Results:</strong> c</li>
</ul>
<h2>Respondent 63</h2>
<ul>
  <li><strong>Name:</strong> tRAvIs carTeR</li>
  <li><strong>Age:</strong> 18</li>
  <li><strong>Gender:</strong> b</li>
  <li><strong>Blood Type:</strong> a</li>
  <li><strong>Medical Condition:</strong> c</li>
  <li><strong>Date of Admission:</strong> 2022-07-06</li>
  <li><strong>Doctor:</strong> Megan Hahn</li>
  <li><strong>Hospital:</strong> Moss and Ferguson, Baker</li>
  <li><strong>Insurance Provider:</strong> e</li>
  <li><strong>Billing Amount:</strong> 48407</li>
  <li><strong>Room Number:</strong> 325</li>
  <li><strong>Admission Type:</strong> b</li>
  <li><strong>Discharge Date:</strong> 2022-07-18</li>
  <li><strong>Medication:</strong> a</li>
  <li><strong>Test Results:</strong> c</li>
</ul>
<h2>Respondent 116</h2>
<ul>
  <li><strong>Name:</strong> reBEcCA PARsONs</li>
  <li><strong>Age:</strong> 37</li>
  <li><strong>Gender:</strong> a</li>
  <li><strong>Blood Type:</strong> g</li>
  <li><strong>Medical Condition:</strong> b</li>
  <li><strong>Date of Admission:</strong> 2019-12-02</li>
  <li><strong>Doctor:</strong> Steven Adams</li>
  <li><strong>Hospital:</strong> Group White</li>
  <li><strong>Insurance Provider:</strong> a</li>
  <li><strong>Billing Amount:</strong> 8521</li>
  <li><strong>Room Number:</strong> 476</li>
  <li><strong>Admission Type:</strong> a</li>
  <li><strong>Discharge Date:</strong> 2019-12-13</li>
  <li><strong>Medication:</strong> e</li>
  <li><strong>Test Results:</strong> a</li>
</ul>
</body>
</html>

Answer: 63

<!DOCTYPE html>
<html>
<head>
<title>Survey Data</title>
</head>
<body>
<h1>Questions</h1>
<ul>
  <li><strong>Name:</strong> What is your name? [Open-ended]</li>
  <li><strong>Age:</strong> What is your age? [Open-ended]</li>
  <li><strong>Gender:</strong> What is your gender? [MCQ: A. Female B. Male]</li>
  <li><strong>Blood Type:</strong> What is your blood type? [MCQ: A. A+ B. A- C. AB+ D. AB- E. B+ F. B- G. O+ H. O-]</li>
  <li><strong>Medical Condition:</strong> What is your medical condition? [MCQ: A. Arthritis B. Asthma C. Cancer D. Diabetes E. Hypertension F. Obesity]</li>
  <li><strong>Date of Admission:</strong> What is your date of admission? [Open-ended]</li>
  <li><strong>Doctor:</strong> What is your doctor? [Open-ended]</li>
  <li><strong>Hospital:</strong> What is your hospital? [Open-ended]</li>
  <li><strong>Insurance Provider:</strong> What is your insurance provider? [MCQ: A. Aetna B. Blue Cross C. Cigna D. Medicare E. UnitedHealthcare]</li>
  <li><strong>Billing Amount:</strong> What is your billing amount? [Open-ended]</li>
  <li><strong>Room Number:</strong> What is your room number? [Open-ended]</li>
  <li><strong>Admission Type:</strong> What is your admission type? [MCQ: A. Elective B. Emergency C. Urgent]</li>
  <li><strong>Discharge Date:</strong> What is your discharge date? [Open-ended]</li>
  <li><strong>Medication:</strong> What is your medication? [MCQ: A. Aspirin B. Ibuprofen C. Lipitor D. Paracetamol E. Penicillin]</li>
  <li><strong>Test Results:</strong> What is your test results? [MCQ: A. Abnormal B. Inconclusive C. Normal]</li>
</ul>
<h1>Responses</h1>
<h2>Respondent 5</h2>
<ul>
  <li><strong>Name:</strong> adrIENNE bEll</li>
  <li><strong>Age:</strong> 43</li>
  <li><strong>Gender:</strong> a</li>
  <li><strong>Blood Type:</strong> c</li>
  <li><strong>Medical Condition:</strong> c</li>
  <li><strong>Date of Admission:</strong> 2022-09-19</li>
  <li><strong>Doctor:</strong> Kathleen Hanna</li>
  <li><strong>Hospital:</strong> White-White</li>
  <li><strong>Insurance Provider:</strong> a</li>
  <li><strong>Billing Amount:</strong> 14238</li>
  <li><strong>Room Number:</strong> 458</li>
  <li><strong>Admission Type:</strong> c</li>
  <li><strong>Discharge Date:</strong> 2022-10-09</li>
  <li><strong>Medication:</strong> e</li>
  <li><strong>Test Results:</strong> a</li>
</ul>
<h2>Respondent 89</h2>
<ul>
  <li><strong>Name:</strong> wILLIAM hIlL</li>
  <li><strong>Age:</strong> 38</li>
  <li><strong>Gender:</strong> a</li>
  <li><strong>Blood Type:</strong> a</li>
  <li><strong>Medical Condition:</strong> c</li>
  <li><strong>Date of Admission:</strong> 2023-05-16</li>
  <li><strong>Doctor:</strong> Matthew Walker</li>
  <li><strong>Hospital:</strong> Lindsey Inc</li>
  <li><strong>Insurance Provider:</strong> c</li>
  <li><strong>Billing Amount:</strong> 39477</li>
  <li><strong>Room Number:</strong> 428</li>
  <li><strong>Admission Type:</strong> a</li>
  <li><strong>Discharge Date:</strong> 2023-06-01</li>
  <li><strong>Medication:</strong> a</li>
  <li><strong>Test Results:</strong> a</li>
</ul>
<h2>Respondent 42</h2>
<ul>
  <li><strong>Name:</strong> ThomAS morsE</li>
  <li><strong>Age:</strong> 81</li>
  <li><strong>Gender:</strong> b</li>
  <li><strong>Blood Type:</strong> a</li>
  <li><strong>Medical Condition:</strong> e</li>
  <li><strong>Date of Admission:</strong> 2020-01-27</li>
  <li><strong>Doctor:</strong> Jennifer Carter</li>
  <li><strong>Hospital:</strong> Meadows Group</li>
  <li><strong>Insurance Provider:</strong> c</li>
  <li><strong>Billing Amount:</strong> 35634</li>
  <li><strong>Room Number:</strong> 196</li>
  <li><strong>Admission Type:</strong> c</li>
  <li><strong>Discharge Date:</strong> 2020-02-09</li>
  <li><strong>Medication:</strong> a</li>
  <li><strong>Test Results:</strong> c</li>
</ul>
</body>
</html>

You are a meticulous data analyst AI. Your primary function is to accurately analyze structured data and provide precise, verifiable answers.

You will be given a dataset with two key parts:

A 'questions' section: This is your data dictionary or schema. It is the single source of truth for understanding what each field and score means. Refer to it carefully.

A 'responses' section: This contains the raw data from each individual respondent.

To answer the question correctly, you must first use the 'questions' schema to fully understand the context and meaning of the data points within the 'responses'. Do not rely on any prior knowledge outside of this provided data. Base your entire analysis on the information given.

Provide your final answer directly and concisely. Output must be the human-readable value, not an option code.

Rules:
- For MCQ fields, map any letter codes in the Responses (case-insensitive) to the corresponding option text from the Questions schema, and output only that text. Do NOT include the letter or both.
  Example: If the schema is ""[MCQ: A. Abnormal B. Inconclusive C. Normal]"" and the response is ""a"", output ""Abnormal"".
- For open-ended fields, output the exact text value.
- If the question asks for a count, provide only the number (e.g., ""42"").
- If the question asks for a list of names or IDs, provide a simple comma-separated list (e.g., ""17, 21, 23"").
- Preserve capitalization exactly as in the schema (e.g., output ""Abnormal"", not ""abnormal"" or ""A"").

Which respondent numbers have Admission Type Urgent and Test Results Abnormal?",,
case_41,multi_hop_relational_inference,Which respondent numbers have Insurance Provider UnitedHealthcare and Medication Lipitor?,"<!DOCTYPE html>
<html>
<head>
<title>Survey Data</title>
</head>
<body>
<h1>Questions</h1>
<ul>
  <li><strong>Name:</strong> What is your name? [Open-ended]</li>
  <li><strong>Age:</strong> What is your age? [Open-ended]</li>
  <li><strong>Gender:</strong> What is your gender? [MCQ: A. Female B. Male]</li>
  <li><strong>Blood Type:</strong> What is your blood type? [MCQ: A. A+ B. A- C. AB+ D. AB- E. B+ F. B- G. O+ H. O-]</li>
  <li><strong>Medical Condition:</strong> What is your medical condition? [MCQ: A. Arthritis B. Asthma C. Cancer D. Diabetes E. Hypertension F. Obesity]</li>
  <li><strong>Date of Admission:</strong> What is your date of admission? [Open-ended]</li>
  <li><strong>Doctor:</strong> What is your doctor? [Open-ended]</li>
  <li><strong>Hospital:</strong> What is your hospital? [Open-ended]</li>
  <li><strong>Insurance Provider:</strong> What is your insurance provider? [MCQ: A. Aetna B. Blue Cross C. Cigna D. Medicare E. UnitedHealthcare]</li>
  <li><strong>Billing Amount:</strong> What is your billing amount? [Open-ended]</li>
  <li><strong>Room Number:</strong> What is your room number? [Open-ended]</li>
  <li><strong>Admission Type:</strong> What is your admission type? [MCQ: A. Elective B. Emergency C. Urgent]</li>
  <li><strong>Discharge Date:</strong> What is your discharge date? [Open-ended]</li>
  <li><strong>Medication:</strong> What is your medication? [MCQ: A. Aspirin B. Ibuprofen C. Lipitor D. Paracetamol E. Penicillin]</li>
  <li><strong>Test Results:</strong> What is your test results? [MCQ: A. Abnormal B. Inconclusive C. Normal]</li>
</ul>
<h1>Responses</h1>
<h2>Respondent 79</h2>
<ul>
  <li><strong>Name:</strong> DIane scHultz</li>
  <li><strong>Age:</strong> 57</li>
  <li><strong>Gender:</strong> b</li>
  <li><strong>Blood Type:</strong> e</li>
  <li><strong>Medical Condition:</strong> a</li>
  <li><strong>Date of Admission:</strong> 2021-11-21</li>
  <li><strong>Doctor:</strong> Mark Hartman Jr.</li>
  <li><strong>Hospital:</strong> Howe-Kelly</li>
  <li><strong>Insurance Provider:</strong> e</li>
  <li><strong>Billing Amount:</strong> 44437</li>
  <li><strong>Room Number:</strong> 255</li>
  <li><strong>Admission Type:</strong> b</li>
  <li><strong>Discharge Date:</strong> 2021-12-05</li>
  <li><strong>Medication:</strong> e</li>
  <li><strong>Test Results:</strong> b</li>
</ul>
<h2>Respondent 136</h2>
<ul>
  <li><strong>Name:</strong> JeSsICA phiLliPS</li>
  <li><strong>Age:</strong> 26</li>
  <li><strong>Gender:</strong> b</li>
  <li><strong>Blood Type:</strong> h</li>
  <li><strong>Medical Condition:</strong> e</li>
  <li><strong>Date of Admission:</strong> 2022-07-24</li>
  <li><strong>Doctor:</strong> Kimberly Petersen</li>
  <li><strong>Hospital:</strong> Sons and Lozano</li>
  <li><strong>Insurance Provider:</strong> b</li>
  <li><strong>Billing Amount:</strong> 7556</li>
  <li><strong>Room Number:</strong> 425</li>
  <li><strong>Admission Type:</strong> a</li>
  <li><strong>Discharge Date:</strong> 2022-07-31</li>
  <li><strong>Medication:</strong> d</li>
  <li><strong>Test Results:</strong> a</li>
</ul>
<h2>Respondent 14</h2>
<ul>
  <li><strong>Name:</strong> rObeRt bAuer</li>
  <li><strong>Age:</strong> 68</li>
  <li><strong>Gender:</strong> a</li>
  <li><strong>Blood Type:</strong> c</li>
  <li><strong>Medical Condition:</strong> b</li>
  <li><strong>Date of Admission:</strong> 2020-05-22</li>
  <li><strong>Doctor:</strong> Theresa Freeman</li>
  <li><strong>Hospital:</strong> Rivera-Gutierrez</li>
  <li><strong>Insurance Provider:</strong> e</li>
  <li><strong>Billing Amount:</strong> 33208</li>
  <li><strong>Room Number:</strong> 309</li>
  <li><strong>Admission Type:</strong> c</li>
  <li><strong>Discharge Date:</strong> 2020-06-19</li>
  <li><strong>Medication:</strong> c</li>
  <li><strong>Test Results:</strong> c</li>
</ul>
</body>
</html>",14,"Which respondent numbers have Gender Male and Medical Condition Cancer?

DATA:

<!DOCTYPE html>
<html>
<head>
<title>Survey Data</title>
</head>
<body>
<h1>Questions</h1>
<ul>
  <li><strong>Name:</strong> What is your name? [Open-ended]</li>
  <li><strong>Age:</strong> What is your age? [Open-ended]</li>
  <li><strong>Gender:</strong> What is your gender? [MCQ: A. Female B. Male]</li>
  <li><strong>Blood Type:</strong> What is your blood type? [MCQ: A. A+ B. A- C. AB+ D. AB- E. B+ F. B- G. O+ H. O-]</li>
  <li><strong>Medical Condition:</strong> What is your medical condition? [MCQ: A. Arthritis B. Asthma C. Cancer D. Diabetes E. Hypertension F. Obesity]</li>
  <li><strong>Date of Admission:</strong> What is your date of admission? [Open-ended]</li>
  <li><strong>Doctor:</strong> What is your doctor? [Open-ended]</li>
  <li><strong>Hospital:</strong> What is your hospital? [Open-ended]</li>
  <li><strong>Insurance Provider:</strong> What is your insurance provider? [MCQ: A. Aetna B. Blue Cross C. Cigna D. Medicare E. UnitedHealthcare]</li>
  <li><strong>Billing Amount:</strong> What is your billing amount? [Open-ended]</li>
  <li><strong>Room Number:</strong> What is your room number? [Open-ended]</li>
  <li><strong>Admission Type:</strong> What is your admission type? [MCQ: A. Elective B. Emergency C. Urgent]</li>
  <li><strong>Discharge Date:</strong> What is your discharge date? [Open-ended]</li>
  <li><strong>Medication:</strong> What is your medication? [MCQ: A. Aspirin B. Ibuprofen C. Lipitor D. Paracetamol E. Penicillin]</li>
  <li><strong>Test Results:</strong> What is your test results? [MCQ: A. Abnormal B. Inconclusive C. Normal]</li>
</ul>
<h1>Responses</h1>
<h2>Respondent 133</h2>
<ul>
  <li><strong>Name:</strong> ashLEy ERIcKSoN</li>
  <li><strong>Age:</strong> 32</li>
  <li><strong>Gender:</strong> a</li>
  <li><strong>Blood Type:</strong> d</li>
  <li><strong>Medical Condition:</strong> c</li>
  <li><strong>Date of Admission:</strong> 2019-11-05</li>
  <li><strong>Doctor:</strong> Gerald Hooper</li>
  <li><strong>Hospital:</strong> and Johnson Moore, Branch</li>
  <li><strong>Insurance Provider:</strong> a</li>
  <li><strong>Billing Amount:</strong> -503</li>
  <li><strong>Room Number:</strong> 376</li>
  <li><strong>Admission Type:</strong> c</li>
  <li><strong>Discharge Date:</strong> 2019-11-23</li>
  <li><strong>Medication:</strong> e</li>
  <li><strong>Test Results:</strong> c</li>
</ul>
<h2>Respondent 63</h2>
<ul>
  <li><strong>Name:</strong> tRAvIs carTeR</li>
  <li><strong>Age:</strong> 18</li>
  <li><strong>Gender:</strong> b</li>
  <li><strong>Blood Type:</strong> a</li>
  <li><strong>Medical Condition:</strong> c</li>
  <li><strong>Date of Admission:</strong> 2022-07-06</li>
  <li><strong>Doctor:</strong> Megan Hahn</li>
  <li><strong>Hospital:</strong> Moss and Ferguson, Baker</li>
  <li><strong>Insurance Provider:</strong> e</li>
  <li><strong>Billing Amount:</strong> 48407</li>
  <li><strong>Room Number:</strong> 325</li>
  <li><strong>Admission Type:</strong> b</li>
  <li><strong>Discharge Date:</strong> 2022-07-18</li>
  <li><strong>Medication:</strong> a</li>
  <li><strong>Test Results:</strong> c</li>
</ul>
<h2>Respondent 116</h2>
<ul>
  <li><strong>Name:</strong> reBEcCA PARsONs</li>
  <li><strong>Age:</strong> 37</li>
  <li><strong>Gender:</strong> a</li>
  <li><strong>Blood Type:</strong> g</li>
  <li><strong>Medical Condition:</strong> b</li>
  <li><strong>Date of Admission:</strong> 2019-12-02</li>
  <li><strong>Doctor:</strong> Steven Adams</li>
  <li><strong>Hospital:</strong> Group White</li>
  <li><strong>Insurance Provider:</strong> a</li>
  <li><strong>Billing Amount:</strong> 8521</li>
  <li><strong>Room Number:</strong> 476</li>
  <li><strong>Admission Type:</strong> a</li>
  <li><strong>Discharge Date:</strong> 2019-12-13</li>
  <li><strong>Medication:</strong> e</li>
  <li><strong>Test Results:</strong> a</li>
</ul>
</body>
</html>

Answer: 63

<!DOCTYPE html>
<html>
<head>
<title>Survey Data</title>
</head>
<body>
<h1>Questions</h1>
<ul>
  <li><strong>Name:</strong> What is your name? [Open-ended]</li>
  <li><strong>Age:</strong> What is your age? [Open-ended]</li>
  <li><strong>Gender:</strong> What is your gender? [MCQ: A. Female B. Male]</li>
  <li><strong>Blood Type:</strong> What is your blood type? [MCQ: A. A+ B. A- C. AB+ D. AB- E. B+ F. B- G. O+ H. O-]</li>
  <li><strong>Medical Condition:</strong> What is your medical condition? [MCQ: A. Arthritis B. Asthma C. Cancer D. Diabetes E. Hypertension F. Obesity]</li>
  <li><strong>Date of Admission:</strong> What is your date of admission? [Open-ended]</li>
  <li><strong>Doctor:</strong> What is your doctor? [Open-ended]</li>
  <li><strong>Hospital:</strong> What is your hospital? [Open-ended]</li>
  <li><strong>Insurance Provider:</strong> What is your insurance provider? [MCQ: A. Aetna B. Blue Cross C. Cigna D. Medicare E. UnitedHealthcare]</li>
  <li><strong>Billing Amount:</strong> What is your billing amount? [Open-ended]</li>
  <li><strong>Room Number:</strong> What is your room number? [Open-ended]</li>
  <li><strong>Admission Type:</strong> What is your admission type? [MCQ: A. Elective B. Emergency C. Urgent]</li>
  <li><strong>Discharge Date:</strong> What is your discharge date? [Open-ended]</li>
  <li><strong>Medication:</strong> What is your medication? [MCQ: A. Aspirin B. Ibuprofen C. Lipitor D. Paracetamol E. Penicillin]</li>
  <li><strong>Test Results:</strong> What is your test results? [MCQ: A. Abnormal B. Inconclusive C. Normal]</li>
</ul>
<h1>Responses</h1>
<h2>Respondent 79</h2>
<ul>
  <li><strong>Name:</strong> DIane scHultz</li>
  <li><strong>Age:</strong> 57</li>
  <li><strong>Gender:</strong> b</li>
  <li><strong>Blood Type:</strong> e</li>
  <li><strong>Medical Condition:</strong> a</li>
  <li><strong>Date of Admission:</strong> 2021-11-21</li>
  <li><strong>Doctor:</strong> Mark Hartman Jr.</li>
  <li><strong>Hospital:</strong> Howe-Kelly</li>
  <li><strong>Insurance Provider:</strong> e</li>
  <li><strong>Billing Amount:</strong> 44437</li>
  <li><strong>Room Number:</strong> 255</li>
  <li><strong>Admission Type:</strong> b</li>
  <li><strong>Discharge Date:</strong> 2021-12-05</li>
  <li><strong>Medication:</strong> e</li>
  <li><strong>Test Results:</strong> b</li>
</ul>
<h2>Respondent 136</h2>
<ul>
  <li><strong>Name:</strong> JeSsICA phiLliPS</li>
  <li><strong>Age:</strong> 26</li>
  <li><strong>Gender:</strong> b</li>
  <li><strong>Blood Type:</strong> h</li>
  <li><strong>Medical Condition:</strong> e</li>
  <li><strong>Date of Admission:</strong> 2022-07-24</li>
  <li><strong>Doctor:</strong> Kimberly Petersen</li>
  <li><strong>Hospital:</strong> Sons and Lozano</li>
  <li><strong>Insurance Provider:</strong> b</li>
  <li><strong>Billing Amount:</strong> 7556</li>
  <li><strong>Room Number:</strong> 425</li>
  <li><strong>Admission Type:</strong> a</li>
  <li><strong>Discharge Date:</strong> 2022-07-31</li>
  <li><strong>Medication:</strong> d</li>
  <li><strong>Test Results:</strong> a</li>
</ul>
<h2>Respondent 14</h2>
<ul>
  <li><strong>Name:</strong> rObeRt bAuer</li>
  <li><strong>Age:</strong> 68</li>
  <li><strong>Gender:</strong> a</li>
  <li><strong>Blood Type:</strong> c</li>
  <li><strong>Medical Condition:</strong> b</li>
  <li><strong>Date of Admission:</strong> 2020-05-22</li>
  <li><strong>Doctor:</strong> Theresa Freeman</li>
  <li><strong>Hospital:</strong> Rivera-Gutierrez</li>
  <li><strong>Insurance Provider:</strong> e</li>
  <li><strong>Billing Amount:</strong> 33208</li>
  <li><strong>Room Number:</strong> 309</li>
  <li><strong>Admission Type:</strong> c</li>
  <li><strong>Discharge Date:</strong> 2020-06-19</li>
  <li><strong>Medication:</strong> c</li>
  <li><strong>Test Results:</strong> c</li>
</ul>
</body>
</html>

You are a meticulous data analyst AI. Your primary function is to accurately analyze structured data and provide precise, verifiable answers.

You will be given a dataset with two key parts:

A 'questions' section: This is your data dictionary or schema. It is the single source of truth for understanding what each field and score means. Refer to it carefully.

A 'responses' section: This contains the raw data from each individual respondent.

To answer the question correctly, you must first use the 'questions' schema to fully understand the context and meaning of the data points within the 'responses'. Do not rely on any prior knowledge outside of this provided data. Base your entire analysis on the information given.

Provide your final answer directly and concisely. Output must be the human-readable value, not an option code.

Rules:
- For MCQ fields, map any letter codes in the Responses (case-insensitive) to the corresponding option text from the Questions schema, and output only that text. Do NOT include the letter or both.
  Example: If the schema is ""[MCQ: A. Abnormal B. Inconclusive C. Normal]"" and the response is ""a"", output ""Abnormal"".
- For open-ended fields, output the exact text value.
- If the question asks for a count, provide only the number (e.g., ""42"").
- If the question asks for a list of names or IDs, provide a simple comma-separated list (e.g., ""17, 21, 23"").
- Preserve capitalization exactly as in the schema (e.g., output ""Abnormal"", not ""abnormal"" or ""A"").

Which respondent numbers have Insurance Provider UnitedHealthcare and Medication Lipitor?",,
case_42,multi_hop_relational_inference,Which respondent numbers have Blood Type AB- and Insurance Provider Medicare?,"<!DOCTYPE html>
<html>
<head>
<title>Survey Data</title>
</head>
<body>
<h1>Questions</h1>
<ul>
  <li><strong>Name:</strong> What is your name? [Open-ended]</li>
  <li><strong>Age:</strong> What is your age? [Open-ended]</li>
  <li><strong>Gender:</strong> What is your gender? [MCQ: A. Female B. Male]</li>
  <li><strong>Blood Type:</strong> What is your blood type? [MCQ: A. A+ B. A- C. AB+ D. AB- E. B+ F. B- G. O+ H. O-]</li>
  <li><strong>Medical Condition:</strong> What is your medical condition? [MCQ: A. Arthritis B. Asthma C. Cancer D. Diabetes E. Hypertension F. Obesity]</li>
  <li><strong>Date of Admission:</strong> What is your date of admission? [Open-ended]</li>
  <li><strong>Doctor:</strong> What is your doctor? [Open-ended]</li>
  <li><strong>Hospital:</strong> What is your hospital? [Open-ended]</li>
  <li><strong>Insurance Provider:</strong> What is your insurance provider? [MCQ: A. Aetna B. Blue Cross C. Cigna D. Medicare E. UnitedHealthcare]</li>
  <li><strong>Billing Amount:</strong> What is your billing amount? [Open-ended]</li>
  <li><strong>Room Number:</strong> What is your room number? [Open-ended]</li>
  <li><strong>Admission Type:</strong> What is your admission type? [MCQ: A. Elective B. Emergency C. Urgent]</li>
  <li><strong>Discharge Date:</strong> What is your discharge date? [Open-ended]</li>
  <li><strong>Medication:</strong> What is your medication? [MCQ: A. Aspirin B. Ibuprofen C. Lipitor D. Paracetamol E. Penicillin]</li>
  <li><strong>Test Results:</strong> What is your test results? [MCQ: A. Abnormal B. Inconclusive C. Normal]</li>
</ul>
<h1>Responses</h1>
<h2>Respondent 128</h2>
<ul>
  <li><strong>Name:</strong> COURTNey HOdGes</li>
  <li><strong>Age:</strong> 57</li>
  <li><strong>Gender:</strong> b</li>
  <li><strong>Blood Type:</strong> d</li>
  <li><strong>Medical Condition:</strong> f</li>
  <li><strong>Date of Admission:</strong> 2021-11-30</li>
  <li><strong>Doctor:</strong> Brenda Lopez</li>
  <li><strong>Hospital:</strong> Meyer-Hill</li>
  <li><strong>Insurance Provider:</strong> d</li>
  <li><strong>Billing Amount:</strong> 40693</li>
  <li><strong>Room Number:</strong> 430</li>
  <li><strong>Admission Type:</strong> b</li>
  <li><strong>Discharge Date:</strong> 2021-12-09</li>
  <li><strong>Medication:</strong> a</li>
  <li><strong>Test Results:</strong> a</li>
</ul>
<h2>Respondent 11</h2>
<ul>
  <li><strong>Name:</strong> mIchElLe daniELs</li>
  <li><strong>Age:</strong> 72</li>
  <li><strong>Gender:</strong> b</li>
  <li><strong>Blood Type:</strong> g</li>
  <li><strong>Medical Condition:</strong> c</li>
  <li><strong>Date of Admission:</strong> 2020-04-19</li>
  <li><strong>Doctor:</strong> John Duncan</li>
  <li><strong>Hospital:</strong> Schaefer-Porter</li>
  <li><strong>Insurance Provider:</strong> d</li>
  <li><strong>Billing Amount:</strong> 12577</li>
  <li><strong>Room Number:</strong> 394</li>
  <li><strong>Admission Type:</strong> c</li>
  <li><strong>Discharge Date:</strong> 2020-04-22</li>
  <li><strong>Medication:</strong> d</li>
  <li><strong>Test Results:</strong> c</li>
</ul>
<h2>Respondent 56</h2>
<ul>
  <li><strong>Name:</strong> mR. DAVID pIERce Md</li>
  <li><strong>Age:</strong> 73</li>
  <li><strong>Gender:</strong> a</li>
  <li><strong>Blood Type:</strong> b</li>
  <li><strong>Medical Condition:</strong> e</li>
  <li><strong>Date of Admission:</strong> 2023-11-05</li>
  <li><strong>Doctor:</strong> Julia Cox</li>
  <li><strong>Hospital:</strong> Group Delgado</li>
  <li><strong>Insurance Provider:</strong> e</li>
  <li><strong>Billing Amount:</strong> 14362</li>
  <li><strong>Room Number:</strong> 296</li>
  <li><strong>Admission Type:</strong> b</li>
  <li><strong>Discharge Date:</strong> 2023-11-07</li>
  <li><strong>Medication:</strong> d</li>
  <li><strong>Test Results:</strong> b</li>
</ul>
</body>
</html>",128,"Which respondent numbers have Gender Male and Medical Condition Cancer?

DATA:

<!DOCTYPE html>
<html>
<head>
<title>Survey Data</title>
</head>
<body>
<h1>Questions</h1>
<ul>
  <li><strong>Name:</strong> What is your name? [Open-ended]</li>
  <li><strong>Age:</strong> What is your age? [Open-ended]</li>
  <li><strong>Gender:</strong> What is your gender? [MCQ: A. Female B. Male]</li>
  <li><strong>Blood Type:</strong> What is your blood type? [MCQ: A. A+ B. A- C. AB+ D. AB- E. B+ F. B- G. O+ H. O-]</li>
  <li><strong>Medical Condition:</strong> What is your medical condition? [MCQ: A. Arthritis B. Asthma C. Cancer D. Diabetes E. Hypertension F. Obesity]</li>
  <li><strong>Date of Admission:</strong> What is your date of admission? [Open-ended]</li>
  <li><strong>Doctor:</strong> What is your doctor? [Open-ended]</li>
  <li><strong>Hospital:</strong> What is your hospital? [Open-ended]</li>
  <li><strong>Insurance Provider:</strong> What is your insurance provider? [MCQ: A. Aetna B. Blue Cross C. Cigna D. Medicare E. UnitedHealthcare]</li>
  <li><strong>Billing Amount:</strong> What is your billing amount? [Open-ended]</li>
  <li><strong>Room Number:</strong> What is your room number? [Open-ended]</li>
  <li><strong>Admission Type:</strong> What is your admission type? [MCQ: A. Elective B. Emergency C. Urgent]</li>
  <li><strong>Discharge Date:</strong> What is your discharge date? [Open-ended]</li>
  <li><strong>Medication:</strong> What is your medication? [MCQ: A. Aspirin B. Ibuprofen C. Lipitor D. Paracetamol E. Penicillin]</li>
  <li><strong>Test Results:</strong> What is your test results? [MCQ: A. Abnormal B. Inconclusive C. Normal]</li>
</ul>
<h1>Responses</h1>
<h2>Respondent 133</h2>
<ul>
  <li><strong>Name:</strong> ashLEy ERIcKSoN</li>
  <li><strong>Age:</strong> 32</li>
  <li><strong>Gender:</strong> a</li>
  <li><strong>Blood Type:</strong> d</li>
  <li><strong>Medical Condition:</strong> c</li>
  <li><strong>Date of Admission:</strong> 2019-11-05</li>
  <li><strong>Doctor:</strong> Gerald Hooper</li>
  <li><strong>Hospital:</strong> and Johnson Moore, Branch</li>
  <li><strong>Insurance Provider:</strong> a</li>
  <li><strong>Billing Amount:</strong> -503</li>
  <li><strong>Room Number:</strong> 376</li>
  <li><strong>Admission Type:</strong> c</li>
  <li><strong>Discharge Date:</strong> 2019-11-23</li>
  <li><strong>Medication:</strong> e</li>
  <li><strong>Test Results:</strong> c</li>
</ul>
<h2>Respondent 63</h2>
<ul>
  <li><strong>Name:</strong> tRAvIs carTeR</li>
  <li><strong>Age:</strong> 18</li>
  <li><strong>Gender:</strong> b</li>
  <li><strong>Blood Type:</strong> a</li>
  <li><strong>Medical Condition:</strong> c</li>
  <li><strong>Date of Admission:</strong> 2022-07-06</li>
  <li><strong>Doctor:</strong> Megan Hahn</li>
  <li><strong>Hospital:</strong> Moss and Ferguson, Baker</li>
  <li><strong>Insurance Provider:</strong> e</li>
  <li><strong>Billing Amount:</strong> 48407</li>
  <li><strong>Room Number:</strong> 325</li>
  <li><strong>Admission Type:</strong> b</li>
  <li><strong>Discharge Date:</strong> 2022-07-18</li>
  <li><strong>Medication:</strong> a</li>
  <li><strong>Test Results:</strong> c</li>
</ul>
<h2>Respondent 116</h2>
<ul>
  <li><strong>Name:</strong> reBEcCA PARsONs</li>
  <li><strong>Age:</strong> 37</li>
  <li><strong>Gender:</strong> a</li>
  <li><strong>Blood Type:</strong> g</li>
  <li><strong>Medical Condition:</strong> b</li>
  <li><strong>Date of Admission:</strong> 2019-12-02</li>
  <li><strong>Doctor:</strong> Steven Adams</li>
  <li><strong>Hospital:</strong> Group White</li>
  <li><strong>Insurance Provider:</strong> a</li>
  <li><strong>Billing Amount:</strong> 8521</li>
  <li><strong>Room Number:</strong> 476</li>
  <li><strong>Admission Type:</strong> a</li>
  <li><strong>Discharge Date:</strong> 2019-12-13</li>
  <li><strong>Medication:</strong> e</li>
  <li><strong>Test Results:</strong> a</li>
</ul>
</body>
</html>

Answer: 63

<!DOCTYPE html>
<html>
<head>
<title>Survey Data</title>
</head>
<body>
<h1>Questions</h1>
<ul>
  <li><strong>Name:</strong> What is your name? [Open-ended]</li>
  <li><strong>Age:</strong> What is your age? [Open-ended]</li>
  <li><strong>Gender:</strong> What is your gender? [MCQ: A. Female B. Male]</li>
  <li><strong>Blood Type:</strong> What is your blood type? [MCQ: A. A+ B. A- C. AB+ D. AB- E. B+ F. B- G. O+ H. O-]</li>
  <li><strong>Medical Condition:</strong> What is your medical condition? [MCQ: A. Arthritis B. Asthma C. Cancer D. Diabetes E. Hypertension F. Obesity]</li>
  <li><strong>Date of Admission:</strong> What is your date of admission? [Open-ended]</li>
  <li><strong>Doctor:</strong> What is your doctor? [Open-ended]</li>
  <li><strong>Hospital:</strong> What is your hospital? [Open-ended]</li>
  <li><strong>Insurance Provider:</strong> What is your insurance provider? [MCQ: A. Aetna B. Blue Cross C. Cigna D. Medicare E. UnitedHealthcare]</li>
  <li><strong>Billing Amount:</strong> What is your billing amount? [Open-ended]</li>
  <li><strong>Room Number:</strong> What is your room number? [Open-ended]</li>
  <li><strong>Admission Type:</strong> What is your admission type? [MCQ: A. Elective B. Emergency C. Urgent]</li>
  <li><strong>Discharge Date:</strong> What is your discharge date? [Open-ended]</li>
  <li><strong>Medication:</strong> What is your medication? [MCQ: A. Aspirin B. Ibuprofen C. Lipitor D. Paracetamol E. Penicillin]</li>
  <li><strong>Test Results:</strong> What is your test results? [MCQ: A. Abnormal B. Inconclusive C. Normal]</li>
</ul>
<h1>Responses</h1>
<h2>Respondent 128</h2>
<ul>
  <li><strong>Name:</strong> COURTNey HOdGes</li>
  <li><strong>Age:</strong> 57</li>
  <li><strong>Gender:</strong> b</li>
  <li><strong>Blood Type:</strong> d</li>
  <li><strong>Medical Condition:</strong> f</li>
  <li><strong>Date of Admission:</strong> 2021-11-30</li>
  <li><strong>Doctor:</strong> Brenda Lopez</li>
  <li><strong>Hospital:</strong> Meyer-Hill</li>
  <li><strong>Insurance Provider:</strong> d</li>
  <li><strong>Billing Amount:</strong> 40693</li>
  <li><strong>Room Number:</strong> 430</li>
  <li><strong>Admission Type:</strong> b</li>
  <li><strong>Discharge Date:</strong> 2021-12-09</li>
  <li><strong>Medication:</strong> a</li>
  <li><strong>Test Results:</strong> a</li>
</ul>
<h2>Respondent 11</h2>
<ul>
  <li><strong>Name:</strong> mIchElLe daniELs</li>
  <li><strong>Age:</strong> 72</li>
  <li><strong>Gender:</strong> b</li>
  <li><strong>Blood Type:</strong> g</li>
  <li><strong>Medical Condition:</strong> c</li>
  <li><strong>Date of Admission:</strong> 2020-04-19</li>
  <li><strong>Doctor:</strong> John Duncan</li>
  <li><strong>Hospital:</strong> Schaefer-Porter</li>
  <li><strong>Insurance Provider:</strong> d</li>
  <li><strong>Billing Amount:</strong> 12577</li>
  <li><strong>Room Number:</strong> 394</li>
  <li><strong>Admission Type:</strong> c</li>
  <li><strong>Discharge Date:</strong> 2020-04-22</li>
  <li><strong>Medication:</strong> d</li>
  <li><strong>Test Results:</strong> c</li>
</ul>
<h2>Respondent 56</h2>
<ul>
  <li><strong>Name:</strong> mR. DAVID pIERce Md</li>
  <li><strong>Age:</strong> 73</li>
  <li><strong>Gender:</strong> a</li>
  <li><strong>Blood Type:</strong> b</li>
  <li><strong>Medical Condition:</strong> e</li>
  <li><strong>Date of Admission:</strong> 2023-11-05</li>
  <li><strong>Doctor:</strong> Julia Cox</li>
  <li><strong>Hospital:</strong> Group Delgado</li>
  <li><strong>Insurance Provider:</strong> e</li>
  <li><strong>Billing Amount:</strong> 14362</li>
  <li><strong>Room Number:</strong> 296</li>
  <li><strong>Admission Type:</strong> b</li>
  <li><strong>Discharge Date:</strong> 2023-11-07</li>
  <li><strong>Medication:</strong> d</li>
  <li><strong>Test Results:</strong> b</li>
</ul>
</body>
</html>

You are a meticulous data analyst AI. Your primary function is to accurately analyze structured data and provide precise, verifiable answers.

You will be given a dataset with two key parts:

A 'questions' section: This is your data dictionary or schema. It is the single source of truth for understanding what each field and score means. Refer to it carefully.

A 'responses' section: This contains the raw data from each individual respondent.

To answer the question correctly, you must first use the 'questions' schema to fully understand the context and meaning of the data points within the 'responses'. Do not rely on any prior knowledge outside of this provided data. Base your entire analysis on the information given.

Provide your final answer directly and concisely. Output must be the human-readable value, not an option code.

Rules:
- For MCQ fields, map any letter codes in the Responses (case-insensitive) to the corresponding option text from the Questions schema, and output only that text. Do NOT include the letter or both.
  Example: If the schema is ""[MCQ: A. Abnormal B. Inconclusive C. Normal]"" and the response is ""a"", output ""Abnormal"".
- For open-ended fields, output the exact text value.
- If the question asks for a count, provide only the number (e.g., ""42"").
- If the question asks for a list of names or IDs, provide a simple comma-separated list (e.g., ""17, 21, 23"").
- Preserve capitalization exactly as in the schema (e.g., output ""Abnormal"", not ""abnormal"" or ""A"").

Which respondent numbers have Blood Type AB- and Insurance Provider Medicare?",,
case_43,multi_hop_relational_inference,Which respondent numbers have Gender Male and Test Results Normal?,"<!DOCTYPE html>
<html>
<head>
<title>Survey Data</title>
</head>
<body>
<h1>Questions</h1>
<ul>
  <li><strong>Name:</strong> What is your name? [Open-ended]</li>
  <li><strong>Age:</strong> What is your age? [Open-ended]</li>
  <li><strong>Gender:</strong> What is your gender? [MCQ: A. Female B. Male]</li>
  <li><strong>Blood Type:</strong> What is your blood type? [MCQ: A. A+ B. A- C. AB+ D. AB- E. B+ F. B- G. O+ H. O-]</li>
  <li><strong>Medical Condition:</strong> What is your medical condition? [MCQ: A. Arthritis B. Asthma C. Cancer D. Diabetes E. Hypertension F. Obesity]</li>
  <li><strong>Date of Admission:</strong> What is your date of admission? [Open-ended]</li>
  <li><strong>Doctor:</strong> What is your doctor? [Open-ended]</li>
  <li><strong>Hospital:</strong> What is your hospital? [Open-ended]</li>
  <li><strong>Insurance Provider:</strong> What is your insurance provider? [MCQ: A. Aetna B. Blue Cross C. Cigna D. Medicare E. UnitedHealthcare]</li>
  <li><strong>Billing Amount:</strong> What is your billing amount? [Open-ended]</li>
  <li><strong>Room Number:</strong> What is your room number? [Open-ended]</li>
  <li><strong>Admission Type:</strong> What is your admission type? [MCQ: A. Elective B. Emergency C. Urgent]</li>
  <li><strong>Discharge Date:</strong> What is your discharge date? [Open-ended]</li>
  <li><strong>Medication:</strong> What is your medication? [MCQ: A. Aspirin B. Ibuprofen C. Lipitor D. Paracetamol E. Penicillin]</li>
  <li><strong>Test Results:</strong> What is your test results? [MCQ: A. Abnormal B. Inconclusive C. Normal]</li>
</ul>
<h1>Responses</h1>
<h2>Respondent 133</h2>
<ul>
  <li><strong>Name:</strong> ashLEy ERIcKSoN</li>
  <li><strong>Age:</strong> 32</li>
  <li><strong>Gender:</strong> a</li>
  <li><strong>Blood Type:</strong> d</li>
  <li><strong>Medical Condition:</strong> c</li>
  <li><strong>Date of Admission:</strong> 2019-11-05</li>
  <li><strong>Doctor:</strong> Gerald Hooper</li>
  <li><strong>Hospital:</strong> and Johnson Moore, Branch</li>
  <li><strong>Insurance Provider:</strong> a</li>
  <li><strong>Billing Amount:</strong> -503</li>
  <li><strong>Room Number:</strong> 376</li>
  <li><strong>Admission Type:</strong> c</li>
  <li><strong>Discharge Date:</strong> 2019-11-23</li>
  <li><strong>Medication:</strong> e</li>
  <li><strong>Test Results:</strong> c</li>
</ul>
<h2>Respondent 143</h2>
<ul>
  <li><strong>Name:</strong> kIm PenA</li>
  <li><strong>Age:</strong> 44</li>
  <li><strong>Gender:</strong> a</li>
  <li><strong>Blood Type:</strong> h</li>
  <li><strong>Medical Condition:</strong> e</li>
  <li><strong>Date of Admission:</strong> 2020-08-11</li>
  <li><strong>Doctor:</strong> Cindy White</li>
  <li><strong>Hospital:</strong> Jackson-Copeland</li>
  <li><strong>Insurance Provider:</strong> e</li>
  <li><strong>Billing Amount:</strong> 4532</li>
  <li><strong>Room Number:</strong> 213</li>
  <li><strong>Admission Type:</strong> b</li>
  <li><strong>Discharge Date:</strong> 2020-09-04</li>
  <li><strong>Medication:</strong> c</li>
  <li><strong>Test Results:</strong> b</li>
</ul>
<h2>Respondent 111</h2>
<ul>
  <li><strong>Name:</strong> coLtoN stRONg</li>
  <li><strong>Age:</strong> 55</li>
  <li><strong>Gender:</strong> b</li>
  <li><strong>Blood Type:</strong> d</li>
  <li><strong>Medical Condition:</strong> b</li>
  <li><strong>Date of Admission:</strong> 2022-05-13</li>
  <li><strong>Doctor:</strong> Benjamin Webb</li>
  <li><strong>Hospital:</strong> Stewart Sons and</li>
  <li><strong>Insurance Provider:</strong> a</li>
  <li><strong>Billing Amount:</strong> 37406</li>
  <li><strong>Room Number:</strong> 212</li>
  <li><strong>Admission Type:</strong> a</li>
  <li><strong>Discharge Date:</strong> 2022-05-20</li>
  <li><strong>Medication:</strong> d</li>
  <li><strong>Test Results:</strong> c</li>
</ul>
</body>
</html>",111,"Which respondent numbers have Gender Male and Medical Condition Cancer?

DATA:

<!DOCTYPE html>
<html>
<head>
<title>Survey Data</title>
</head>
<body>
<h1>Questions</h1>
<ul>
  <li><strong>Name:</strong> What is your name? [Open-ended]</li>
  <li><strong>Age:</strong> What is your age? [Open-ended]</li>
  <li><strong>Gender:</strong> What is your gender? [MCQ: A. Female B. Male]</li>
  <li><strong>Blood Type:</strong> What is your blood type? [MCQ: A. A+ B. A- C. AB+ D. AB- E. B+ F. B- G. O+ H. O-]</li>
  <li><strong>Medical Condition:</strong> What is your medical condition? [MCQ: A. Arthritis B. Asthma C. Cancer D. Diabetes E. Hypertension F. Obesity]</li>
  <li><strong>Date of Admission:</strong> What is your date of admission? [Open-ended]</li>
  <li><strong>Doctor:</strong> What is your doctor? [Open-ended]</li>
  <li><strong>Hospital:</strong> What is your hospital? [Open-ended]</li>
  <li><strong>Insurance Provider:</strong> What is your insurance provider? [MCQ: A. Aetna B. Blue Cross C. Cigna D. Medicare E. UnitedHealthcare]</li>
  <li><strong>Billing Amount:</strong> What is your billing amount? [Open-ended]</li>
  <li><strong>Room Number:</strong> What is your room number? [Open-ended]</li>
  <li><strong>Admission Type:</strong> What is your admission type? [MCQ: A. Elective B. Emergency C. Urgent]</li>
  <li><strong>Discharge Date:</strong> What is your discharge date? [Open-ended]</li>
  <li><strong>Medication:</strong> What is your medication? [MCQ: A. Aspirin B. Ibuprofen C. Lipitor D. Paracetamol E. Penicillin]</li>
  <li><strong>Test Results:</strong> What is your test results? [MCQ: A. Abnormal B. Inconclusive C. Normal]</li>
</ul>
<h1>Responses</h1>
<h2>Respondent 133</h2>
<ul>
  <li><strong>Name:</strong> ashLEy ERIcKSoN</li>
  <li><strong>Age:</strong> 32</li>
  <li><strong>Gender:</strong> a</li>
  <li><strong>Blood Type:</strong> d</li>
  <li><strong>Medical Condition:</strong> c</li>
  <li><strong>Date of Admission:</strong> 2019-11-05</li>
  <li><strong>Doctor:</strong> Gerald Hooper</li>
  <li><strong>Hospital:</strong> and Johnson Moore, Branch</li>
  <li><strong>Insurance Provider:</strong> a</li>
  <li><strong>Billing Amount:</strong> -503</li>
  <li><strong>Room Number:</strong> 376</li>
  <li><strong>Admission Type:</strong> c</li>
  <li><strong>Discharge Date:</strong> 2019-11-23</li>
  <li><strong>Medication:</strong> e</li>
  <li><strong>Test Results:</strong> c</li>
</ul>
<h2>Respondent 63</h2>
<ul>
  <li><strong>Name:</strong> tRAvIs carTeR</li>
  <li><strong>Age:</strong> 18</li>
  <li><strong>Gender:</strong> b</li>
  <li><strong>Blood Type:</strong> a</li>
  <li><strong>Medical Condition:</strong> c</li>
  <li><strong>Date of Admission:</strong> 2022-07-06</li>
  <li><strong>Doctor:</strong> Megan Hahn</li>
  <li><strong>Hospital:</strong> Moss and Ferguson, Baker</li>
  <li><strong>Insurance Provider:</strong> e</li>
  <li><strong>Billing Amount:</strong> 48407</li>
  <li><strong>Room Number:</strong> 325</li>
  <li><strong>Admission Type:</strong> b</li>
  <li><strong>Discharge Date:</strong> 2022-07-18</li>
  <li><strong>Medication:</strong> a</li>
  <li><strong>Test Results:</strong> c</li>
</ul>
<h2>Respondent 116</h2>
<ul>
  <li><strong>Name:</strong> reBEcCA PARsONs</li>
  <li><strong>Age:</strong> 37</li>
  <li><strong>Gender:</strong> a</li>
  <li><strong>Blood Type:</strong> g</li>
  <li><strong>Medical Condition:</strong> b</li>
  <li><strong>Date of Admission:</strong> 2019-12-02</li>
  <li><strong>Doctor:</strong> Steven Adams</li>
  <li><strong>Hospital:</strong> Group White</li>
  <li><strong>Insurance Provider:</strong> a</li>
  <li><strong>Billing Amount:</strong> 8521</li>
  <li><strong>Room Number:</strong> 476</li>
  <li><strong>Admission Type:</strong> a</li>
  <li><strong>Discharge Date:</strong> 2019-12-13</li>
  <li><strong>Medication:</strong> e</li>
  <li><strong>Test Results:</strong> a</li>
</ul>
</body>
</html>

Answer: 63

<!DOCTYPE html>
<html>
<head>
<title>Survey Data</title>
</head>
<body>
<h1>Questions</h1>
<ul>
  <li><strong>Name:</strong> What is your name? [Open-ended]</li>
  <li><strong>Age:</strong> What is your age? [Open-ended]</li>
  <li><strong>Gender:</strong> What is your gender? [MCQ: A. Female B. Male]</li>
  <li><strong>Blood Type:</strong> What is your blood type? [MCQ: A. A+ B. A- C. AB+ D. AB- E. B+ F. B- G. O+ H. O-]</li>
  <li><strong>Medical Condition:</strong> What is your medical condition? [MCQ: A. Arthritis B. Asthma C. Cancer D. Diabetes E. Hypertension F. Obesity]</li>
  <li><strong>Date of Admission:</strong> What is your date of admission? [Open-ended]</li>
  <li><strong>Doctor:</strong> What is your doctor? [Open-ended]</li>
  <li><strong>Hospital:</strong> What is your hospital? [Open-ended]</li>
  <li><strong>Insurance Provider:</strong> What is your insurance provider? [MCQ: A. Aetna B. Blue Cross C. Cigna D. Medicare E. UnitedHealthcare]</li>
  <li><strong>Billing Amount:</strong> What is your billing amount? [Open-ended]</li>
  <li><strong>Room Number:</strong> What is your room number? [Open-ended]</li>
  <li><strong>Admission Type:</strong> What is your admission type? [MCQ: A. Elective B. Emergency C. Urgent]</li>
  <li><strong>Discharge Date:</strong> What is your discharge date? [Open-ended]</li>
  <li><strong>Medication:</strong> What is your medication? [MCQ: A. Aspirin B. Ibuprofen C. Lipitor D. Paracetamol E. Penicillin]</li>
  <li><strong>Test Results:</strong> What is your test results? [MCQ: A. Abnormal B. Inconclusive C. Normal]</li>
</ul>
<h1>Responses</h1>
<h2>Respondent 133</h2>
<ul>
  <li><strong>Name:</strong> ashLEy ERIcKSoN</li>
  <li><strong>Age:</strong> 32</li>
  <li><strong>Gender:</strong> a</li>
  <li><strong>Blood Type:</strong> d</li>
  <li><strong>Medical Condition:</strong> c</li>
  <li><strong>Date of Admission:</strong> 2019-11-05</li>
  <li><strong>Doctor:</strong> Gerald Hooper</li>
  <li><strong>Hospital:</strong> and Johnson Moore, Branch</li>
  <li><strong>Insurance Provider:</strong> a</li>
  <li><strong>Billing Amount:</strong> -503</li>
  <li><strong>Room Number:</strong> 376</li>
  <li><strong>Admission Type:</strong> c</li>
  <li><strong>Discharge Date:</strong> 2019-11-23</li>
  <li><strong>Medication:</strong> e</li>
  <li><strong>Test Results:</strong> c</li>
</ul>
<h2>Respondent 143</h2>
<ul>
  <li><strong>Name:</strong> kIm PenA</li>
  <li><strong>Age:</strong> 44</li>
  <li><strong>Gender:</strong> a</li>
  <li><strong>Blood Type:</strong> h</li>
  <li><strong>Medical Condition:</strong> e</li>
  <li><strong>Date of Admission:</strong> 2020-08-11</li>
  <li><strong>Doctor:</strong> Cindy White</li>
  <li><strong>Hospital:</strong> Jackson-Copeland</li>
  <li><strong>Insurance Provider:</strong> e</li>
  <li><strong>Billing Amount:</strong> 4532</li>
  <li><strong>Room Number:</strong> 213</li>
  <li><strong>Admission Type:</strong> b</li>
  <li><strong>Discharge Date:</strong> 2020-09-04</li>
  <li><strong>Medication:</strong> c</li>
  <li><strong>Test Results:</strong> b</li>
</ul>
<h2>Respondent 111</h2>
<ul>
  <li><strong>Name:</strong> coLtoN stRONg</li>
  <li><strong>Age:</strong> 55</li>
  <li><strong>Gender:</strong> b</li>
  <li><strong>Blood Type:</strong> d</li>
  <li><strong>Medical Condition:</strong> b</li>
  <li><strong>Date of Admission:</strong> 2022-05-13</li>
  <li><strong>Doctor:</strong> Benjamin Webb</li>
  <li><strong>Hospital:</strong> Stewart Sons and</li>
  <li><strong>Insurance Provider:</strong> a</li>
  <li><strong>Billing Amount:</strong> 37406</li>
  <li><strong>Room Number:</strong> 212</li>
  <li><strong>Admission Type:</strong> a</li>
  <li><strong>Discharge Date:</strong> 2022-05-20</li>
  <li><strong>Medication:</strong> d</li>
  <li><strong>Test Results:</strong> c</li>
</ul>
</body>
</html>

You are a meticulous data analyst AI. Your primary function is to accurately analyze structured data and provide precise, verifiable answers.

You will be given a dataset with two key parts:

A 'questions' section: This is your data dictionary or schema. It is the single source of truth for understanding what each field and score means. Refer to it carefully.

A 'responses' section: This contains the raw data from each individual respondent.

To answer the question correctly, you must first use the 'questions' schema to fully understand the context and meaning of the data points within the 'responses'. Do not rely on any prior knowledge outside of this provided data. Base your entire analysis on the information given.

Provide your final answer directly and concisely. Output must be the human-readable value, not an option code.

Rules:
- For MCQ fields, map any letter codes in the Responses (case-insensitive) to the corresponding option text from the Questions schema, and output only that text. Do NOT include the letter or both.
  Example: If the schema is ""[MCQ: A. Abnormal B. Inconclusive C. Normal]"" and the response is ""a"", output ""Abnormal"".
- For open-ended fields, output the exact text value.
- If the question asks for a count, provide only the number (e.g., ""42"").
- If the question asks for a list of names or IDs, provide a simple comma-separated list (e.g., ""17, 21, 23"").
- Preserve capitalization exactly as in the schema (e.g., output ""Abnormal"", not ""abnormal"" or ""A"").

Which respondent numbers have Gender Male and Test Results Normal?",,
case_44,multi_hop_relational_inference,Which respondent numbers have Blood Type O+ and Admission Type Elective?,"<!DOCTYPE html>
<html>
<head>
<title>Survey Data</title>
</head>
<body>
<h1>Questions</h1>
<ul>
  <li><strong>Name:</strong> What is your name? [Open-ended]</li>
  <li><strong>Age:</strong> What is your age? [Open-ended]</li>
  <li><strong>Gender:</strong> What is your gender? [MCQ: A. Female B. Male]</li>
  <li><strong>Blood Type:</strong> What is your blood type? [MCQ: A. A+ B. A- C. AB+ D. AB- E. B+ F. B- G. O+ H. O-]</li>
  <li><strong>Medical Condition:</strong> What is your medical condition? [MCQ: A. Arthritis B. Asthma C. Cancer D. Diabetes E. Hypertension F. Obesity]</li>
  <li><strong>Date of Admission:</strong> What is your date of admission? [Open-ended]</li>
  <li><strong>Doctor:</strong> What is your doctor? [Open-ended]</li>
  <li><strong>Hospital:</strong> What is your hospital? [Open-ended]</li>
  <li><strong>Insurance Provider:</strong> What is your insurance provider? [MCQ: A. Aetna B. Blue Cross C. Cigna D. Medicare E. UnitedHealthcare]</li>
  <li><strong>Billing Amount:</strong> What is your billing amount? [Open-ended]</li>
  <li><strong>Room Number:</strong> What is your room number? [Open-ended]</li>
  <li><strong>Admission Type:</strong> What is your admission type? [MCQ: A. Elective B. Emergency C. Urgent]</li>
  <li><strong>Discharge Date:</strong> What is your discharge date? [Open-ended]</li>
  <li><strong>Medication:</strong> What is your medication? [MCQ: A. Aspirin B. Ibuprofen C. Lipitor D. Paracetamol E. Penicillin]</li>
  <li><strong>Test Results:</strong> What is your test results? [MCQ: A. Abnormal B. Inconclusive C. Normal]</li>
</ul>
<h1>Responses</h1>
<h2>Respondent 97</h2>
<ul>
  <li><strong>Name:</strong> ANNE THOMPSoN</li>
  <li><strong>Age:</strong> 76</li>
  <li><strong>Gender:</strong> a</li>
  <li><strong>Blood Type:</strong> g</li>
  <li><strong>Medical Condition:</strong> d</li>
  <li><strong>Date of Admission:</strong> 2024-03-24</li>
  <li><strong>Doctor:</strong> Kyle Smith</li>
  <li><strong>Hospital:</strong> Kemp-Munoz</li>
  <li><strong>Insurance Provider:</strong> a</li>
  <li><strong>Billing Amount:</strong> 6313</li>
  <li><strong>Room Number:</strong> 226</li>
  <li><strong>Admission Type:</strong> a</li>
  <li><strong>Discharge Date:</strong> 2024-04-14</li>
  <li><strong>Medication:</strong> a</li>
  <li><strong>Test Results:</strong> a</li>
</ul>
<h2>Respondent 111</h2>
<ul>
  <li><strong>Name:</strong> coLtoN stRONg</li>
  <li><strong>Age:</strong> 55</li>
  <li><strong>Gender:</strong> b</li>
  <li><strong>Blood Type:</strong> d</li>
  <li><strong>Medical Condition:</strong> b</li>
  <li><strong>Date of Admission:</strong> 2022-05-13</li>
  <li><strong>Doctor:</strong> Benjamin Webb</li>
  <li><strong>Hospital:</strong> Stewart Sons and</li>
  <li><strong>Insurance Provider:</strong> a</li>
  <li><strong>Billing Amount:</strong> 37406</li>
  <li><strong>Room Number:</strong> 212</li>
  <li><strong>Admission Type:</strong> a</li>
  <li><strong>Discharge Date:</strong> 2022-05-20</li>
  <li><strong>Medication:</strong> d</li>
  <li><strong>Test Results:</strong> c</li>
</ul>
<h2>Respondent 141</h2>
<ul>
  <li><strong>Name:</strong> aPRIL VAleNCIA</li>
  <li><strong>Age:</strong> 42</li>
  <li><strong>Gender:</strong> b</li>
  <li><strong>Blood Type:</strong> a</li>
  <li><strong>Medical Condition:</strong> d</li>
  <li><strong>Date of Admission:</strong> 2024-01-04</li>
  <li><strong>Doctor:</strong> Lonnie Morgan</li>
  <li><strong>Hospital:</strong> Levine-Miller</li>
  <li><strong>Insurance Provider:</strong> d</li>
  <li><strong>Billing Amount:</strong> 22356</li>
  <li><strong>Room Number:</strong> 310</li>
  <li><strong>Admission Type:</strong> c</li>
  <li><strong>Discharge Date:</strong> 2024-02-03</li>
  <li><strong>Medication:</strong> a</li>
  <li><strong>Test Results:</strong> b</li>
</ul>
</body>
</html>",97,"Which respondent numbers have Gender Male and Medical Condition Cancer?

DATA:

<!DOCTYPE html>
<html>
<head>
<title>Survey Data</title>
</head>
<body>
<h1>Questions</h1>
<ul>
  <li><strong>Name:</strong> What is your name? [Open-ended]</li>
  <li><strong>Age:</strong> What is your age? [Open-ended]</li>
  <li><strong>Gender:</strong> What is your gender? [MCQ: A. Female B. Male]</li>
  <li><strong>Blood Type:</strong> What is your blood type? [MCQ: A. A+ B. A- C. AB+ D. AB- E. B+ F. B- G. O+ H. O-]</li>
  <li><strong>Medical Condition:</strong> What is your medical condition? [MCQ: A. Arthritis B. Asthma C. Cancer D. Diabetes E. Hypertension F. Obesity]</li>
  <li><strong>Date of Admission:</strong> What is your date of admission? [Open-ended]</li>
  <li><strong>Doctor:</strong> What is your doctor? [Open-ended]</li>
  <li><strong>Hospital:</strong> What is your hospital? [Open-ended]</li>
  <li><strong>Insurance Provider:</strong> What is your insurance provider? [MCQ: A. Aetna B. Blue Cross C. Cigna D. Medicare E. UnitedHealthcare]</li>
  <li><strong>Billing Amount:</strong> What is your billing amount? [Open-ended]</li>
  <li><strong>Room Number:</strong> What is your room number? [Open-ended]</li>
  <li><strong>Admission Type:</strong> What is your admission type? [MCQ: A. Elective B. Emergency C. Urgent]</li>
  <li><strong>Discharge Date:</strong> What is your discharge date? [Open-ended]</li>
  <li><strong>Medication:</strong> What is your medication? [MCQ: A. Aspirin B. Ibuprofen C. Lipitor D. Paracetamol E. Penicillin]</li>
  <li><strong>Test Results:</strong> What is your test results? [MCQ: A. Abnormal B. Inconclusive C. Normal]</li>
</ul>
<h1>Responses</h1>
<h2>Respondent 133</h2>
<ul>
  <li><strong>Name:</strong> ashLEy ERIcKSoN</li>
  <li><strong>Age:</strong> 32</li>
  <li><strong>Gender:</strong> a</li>
  <li><strong>Blood Type:</strong> d</li>
  <li><strong>Medical Condition:</strong> c</li>
  <li><strong>Date of Admission:</strong> 2019-11-05</li>
  <li><strong>Doctor:</strong> Gerald Hooper</li>
  <li><strong>Hospital:</strong> and Johnson Moore, Branch</li>
  <li><strong>Insurance Provider:</strong> a</li>
  <li><strong>Billing Amount:</strong> -503</li>
  <li><strong>Room Number:</strong> 376</li>
  <li><strong>Admission Type:</strong> c</li>
  <li><strong>Discharge Date:</strong> 2019-11-23</li>
  <li><strong>Medication:</strong> e</li>
  <li><strong>Test Results:</strong> c</li>
</ul>
<h2>Respondent 63</h2>
<ul>
  <li><strong>Name:</strong> tRAvIs carTeR</li>
  <li><strong>Age:</strong> 18</li>
  <li><strong>Gender:</strong> b</li>
  <li><strong>Blood Type:</strong> a</li>
  <li><strong>Medical Condition:</strong> c</li>
  <li><strong>Date of Admission:</strong> 2022-07-06</li>
  <li><strong>Doctor:</strong> Megan Hahn</li>
  <li><strong>Hospital:</strong> Moss and Ferguson, Baker</li>
  <li><strong>Insurance Provider:</strong> e</li>
  <li><strong>Billing Amount:</strong> 48407</li>
  <li><strong>Room Number:</strong> 325</li>
  <li><strong>Admission Type:</strong> b</li>
  <li><strong>Discharge Date:</strong> 2022-07-18</li>
  <li><strong>Medication:</strong> a</li>
  <li><strong>Test Results:</strong> c</li>
</ul>
<h2>Respondent 116</h2>
<ul>
  <li><strong>Name:</strong> reBEcCA PARsONs</li>
  <li><strong>Age:</strong> 37</li>
  <li><strong>Gender:</strong> a</li>
  <li><strong>Blood Type:</strong> g</li>
  <li><strong>Medical Condition:</strong> b</li>
  <li><strong>Date of Admission:</strong> 2019-12-02</li>
  <li><strong>Doctor:</strong> Steven Adams</li>
  <li><strong>Hospital:</strong> Group White</li>
  <li><strong>Insurance Provider:</strong> a</li>
  <li><strong>Billing Amount:</strong> 8521</li>
  <li><strong>Room Number:</strong> 476</li>
  <li><strong>Admission Type:</strong> a</li>
  <li><strong>Discharge Date:</strong> 2019-12-13</li>
  <li><strong>Medication:</strong> e</li>
  <li><strong>Test Results:</strong> a</li>
</ul>
</body>
</html>

Answer: 63

<!DOCTYPE html>
<html>
<head>
<title>Survey Data</title>
</head>
<body>
<h1>Questions</h1>
<ul>
  <li><strong>Name:</strong> What is your name? [Open-ended]</li>
  <li><strong>Age:</strong> What is your age? [Open-ended]</li>
  <li><strong>Gender:</strong> What is your gender? [MCQ: A. Female B. Male]</li>
  <li><strong>Blood Type:</strong> What is your blood type? [MCQ: A. A+ B. A- C. AB+ D. AB- E. B+ F. B- G. O+ H. O-]</li>
  <li><strong>Medical Condition:</strong> What is your medical condition? [MCQ: A. Arthritis B. Asthma C. Cancer D. Diabetes E. Hypertension F. Obesity]</li>
  <li><strong>Date of Admission:</strong> What is your date of admission? [Open-ended]</li>
  <li><strong>Doctor:</strong> What is your doctor? [Open-ended]</li>
  <li><strong>Hospital:</strong> What is your hospital? [Open-ended]</li>
  <li><strong>Insurance Provider:</strong> What is your insurance provider? [MCQ: A. Aetna B. Blue Cross C. Cigna D. Medicare E. UnitedHealthcare]</li>
  <li><strong>Billing Amount:</strong> What is your billing amount? [Open-ended]</li>
  <li><strong>Room Number:</strong> What is your room number? [Open-ended]</li>
  <li><strong>Admission Type:</strong> What is your admission type? [MCQ: A. Elective B. Emergency C. Urgent]</li>
  <li><strong>Discharge Date:</strong> What is your discharge date? [Open-ended]</li>
  <li><strong>Medication:</strong> What is your medication? [MCQ: A. Aspirin B. Ibuprofen C. Lipitor D. Paracetamol E. Penicillin]</li>
  <li><strong>Test Results:</strong> What is your test results? [MCQ: A. Abnormal B. Inconclusive C. Normal]</li>
</ul>
<h1>Responses</h1>
<h2>Respondent 97</h2>
<ul>
  <li><strong>Name:</strong> ANNE THOMPSoN</li>
  <li><strong>Age:</strong> 76</li>
  <li><strong>Gender:</strong> a</li>
  <li><strong>Blood Type:</strong> g</li>
  <li><strong>Medical Condition:</strong> d</li>
  <li><strong>Date of Admission:</strong> 2024-03-24</li>
  <li><strong>Doctor:</strong> Kyle Smith</li>
  <li><strong>Hospital:</strong> Kemp-Munoz</li>
  <li><strong>Insurance Provider:</strong> a</li>
  <li><strong>Billing Amount:</strong> 6313</li>
  <li><strong>Room Number:</strong> 226</li>
  <li><strong>Admission Type:</strong> a</li>
  <li><strong>Discharge Date:</strong> 2024-04-14</li>
  <li><strong>Medication:</strong> a</li>
  <li><strong>Test Results:</strong> a</li>
</ul>
<h2>Respondent 111</h2>
<ul>
  <li><strong>Name:</strong> coLtoN stRONg</li>
  <li><strong>Age:</strong> 55</li>
  <li><strong>Gender:</strong> b</li>
  <li><strong>Blood Type:</strong> d</li>
  <li><strong>Medical Condition:</strong> b</li>
  <li><strong>Date of Admission:</strong> 2022-05-13</li>
  <li><strong>Doctor:</strong> Benjamin Webb</li>
  <li><strong>Hospital:</strong> Stewart Sons and</li>
  <li><strong>Insurance Provider:</strong> a</li>
  <li><strong>Billing Amount:</strong> 37406</li>
  <li><strong>Room Number:</strong> 212</li>
  <li><strong>Admission Type:</strong> a</li>
  <li><strong>Discharge Date:</strong> 2022-05-20</li>
  <li><strong>Medication:</strong> d</li>
  <li><strong>Test Results:</strong> c</li>
</ul>
<h2>Respondent 141</h2>
<ul>
  <li><strong>Name:</strong> aPRIL VAleNCIA</li>
  <li><strong>Age:</strong> 42</li>
  <li><strong>Gender:</strong> b</li>
  <li><strong>Blood Type:</strong> a</li>
  <li><strong>Medical Condition:</strong> d</li>
  <li><strong>Date of Admission:</strong> 2024-01-04</li>
  <li><strong>Doctor:</strong> Lonnie Morgan</li>
  <li><strong>Hospital:</strong> Levine-Miller</li>
  <li><strong>Insurance Provider:</strong> d</li>
  <li><strong>Billing Amount:</strong> 22356</li>
  <li><strong>Room Number:</strong> 310</li>
  <li><strong>Admission Type:</strong> c</li>
  <li><strong>Discharge Date:</strong> 2024-02-03</li>
  <li><strong>Medication:</strong> a</li>
  <li><strong>Test Results:</strong> b</li>
</ul>
</body>
</html>

You are a meticulous data analyst AI. Your primary function is to accurately analyze structured data and provide precise, verifiable answers.

You will be given a dataset with two key parts:

A 'questions' section: This is your data dictionary or schema. It is the single source of truth for understanding what each field and score means. Refer to it carefully.

A 'responses' section: This contains the raw data from each individual respondent.

To answer the question correctly, you must first use the 'questions' schema to fully understand the context and meaning of the data points within the 'responses'. Do not rely on any prior knowledge outside of this provided data. Base your entire analysis on the information given.

Provide your final answer directly and concisely. Output must be the human-readable value, not an option code.

Rules:
- For MCQ fields, map any letter codes in the Responses (case-insensitive) to the corresponding option text from the Questions schema, and output only that text. Do NOT include the letter or both.
  Example: If the schema is ""[MCQ: A. Abnormal B. Inconclusive C. Normal]"" and the response is ""a"", output ""Abnormal"".
- For open-ended fields, output the exact text value.
- If the question asks for a count, provide only the number (e.g., ""42"").
- If the question asks for a list of names or IDs, provide a simple comma-separated list (e.g., ""17, 21, 23"").
- Preserve capitalization exactly as in the schema (e.g., output ""Abnormal"", not ""abnormal"" or ""A"").

Which respondent numbers have Blood Type O+ and Admission Type Elective?",,
case_45,multi_hop_relational_inference,Which respondent numbers have Admission Type Elective and Test Results Inconclusive?,"<!DOCTYPE html>
<html>
<head>
<title>Survey Data</title>
</head>
<body>
<h1>Questions</h1>
<ul>
  <li><strong>Name:</strong> What is your name? [Open-ended]</li>
  <li><strong>Age:</strong> What is your age? [Open-ended]</li>
  <li><strong>Gender:</strong> What is your gender? [MCQ: A. Female B. Male]</li>
  <li><strong>Blood Type:</strong> What is your blood type? [MCQ: A. A+ B. A- C. AB+ D. AB- E. B+ F. B- G. O+ H. O-]</li>
  <li><strong>Medical Condition:</strong> What is your medical condition? [MCQ: A. Arthritis B. Asthma C. Cancer D. Diabetes E. Hypertension F. Obesity]</li>
  <li><strong>Date of Admission:</strong> What is your date of admission? [Open-ended]</li>
  <li><strong>Doctor:</strong> What is your doctor? [Open-ended]</li>
  <li><strong>Hospital:</strong> What is your hospital? [Open-ended]</li>
  <li><strong>Insurance Provider:</strong> What is your insurance provider? [MCQ: A. Aetna B. Blue Cross C. Cigna D. Medicare E. UnitedHealthcare]</li>
  <li><strong>Billing Amount:</strong> What is your billing amount? [Open-ended]</li>
  <li><strong>Room Number:</strong> What is your room number? [Open-ended]</li>
  <li><strong>Admission Type:</strong> What is your admission type? [MCQ: A. Elective B. Emergency C. Urgent]</li>
  <li><strong>Discharge Date:</strong> What is your discharge date? [Open-ended]</li>
  <li><strong>Medication:</strong> What is your medication? [MCQ: A. Aspirin B. Ibuprofen C. Lipitor D. Paracetamol E. Penicillin]</li>
  <li><strong>Test Results:</strong> What is your test results? [MCQ: A. Abnormal B. Inconclusive C. Normal]</li>
</ul>
<h1>Responses</h1>
<h2>Respondent 61</h2>
<ul>
  <li><strong>Name:</strong> ASHleY guTIERreZ</li>
  <li><strong>Age:</strong> 83</li>
  <li><strong>Gender:</strong> b</li>
  <li><strong>Blood Type:</strong> c</li>
  <li><strong>Medical Condition:</strong> f</li>
  <li><strong>Date of Admission:</strong> 2019-11-06</li>
  <li><strong>Doctor:</strong> Tyler Braun</li>
  <li><strong>Hospital:</strong> Miller-Lawson</li>
  <li><strong>Insurance Provider:</strong> a</li>
  <li><strong>Billing Amount:</strong> 24637</li>
  <li><strong>Room Number:</strong> 333</li>
  <li><strong>Admission Type:</strong> a</li>
  <li><strong>Discharge Date:</strong> 2019-11-22</li>
  <li><strong>Medication:</strong> d</li>
  <li><strong>Test Results:</strong> b</li>
</ul>
<h2>Respondent 35</h2>
<ul>
  <li><strong>Name:</strong> NicOlE RodriGUEz</li>
  <li><strong>Age:</strong> 30</li>
  <li><strong>Gender:</strong> a</li>
  <li><strong>Blood Type:</strong> c</li>
  <li><strong>Medical Condition:</strong> d</li>
  <li><strong>Date of Admission:</strong> 2020-01-17</li>
  <li><strong>Doctor:</strong> Lynn Young</li>
  <li><strong>Hospital:</strong> Poole Inc</li>
  <li><strong>Insurance Provider:</strong> b</li>
  <li><strong>Billing Amount:</strong> 8409</li>
  <li><strong>Room Number:</strong> 285</li>
  <li><strong>Admission Type:</strong> b</li>
  <li><strong>Discharge Date:</strong> 2020-02-10</li>
  <li><strong>Medication:</strong> c</li>
  <li><strong>Test Results:</strong> c</li>
</ul>
<h2>Respondent 56</h2>
<ul>
  <li><strong>Name:</strong> mR. DAVID pIERce Md</li>
  <li><strong>Age:</strong> 73</li>
  <li><strong>Gender:</strong> a</li>
  <li><strong>Blood Type:</strong> b</li>
  <li><strong>Medical Condition:</strong> e</li>
  <li><strong>Date of Admission:</strong> 2023-11-05</li>
  <li><strong>Doctor:</strong> Julia Cox</li>
  <li><strong>Hospital:</strong> Group Delgado</li>
  <li><strong>Insurance Provider:</strong> e</li>
  <li><strong>Billing Amount:</strong> 14362</li>
  <li><strong>Room Number:</strong> 296</li>
  <li><strong>Admission Type:</strong> b</li>
  <li><strong>Discharge Date:</strong> 2023-11-07</li>
  <li><strong>Medication:</strong> d</li>
  <li><strong>Test Results:</strong> b</li>
</ul>
</body>
</html>",61,"Which respondent numbers have Gender Male and Medical Condition Cancer?

DATA:

<!DOCTYPE html>
<html>
<head>
<title>Survey Data</title>
</head>
<body>
<h1>Questions</h1>
<ul>
  <li><strong>Name:</strong> What is your name? [Open-ended]</li>
  <li><strong>Age:</strong> What is your age? [Open-ended]</li>
  <li><strong>Gender:</strong> What is your gender? [MCQ: A. Female B. Male]</li>
  <li><strong>Blood Type:</strong> What is your blood type? [MCQ: A. A+ B. A- C. AB+ D. AB- E. B+ F. B- G. O+ H. O-]</li>
  <li><strong>Medical Condition:</strong> What is your medical condition? [MCQ: A. Arthritis B. Asthma C. Cancer D. Diabetes E. Hypertension F. Obesity]</li>
  <li><strong>Date of Admission:</strong> What is your date of admission? [Open-ended]</li>
  <li><strong>Doctor:</strong> What is your doctor? [Open-ended]</li>
  <li><strong>Hospital:</strong> What is your hospital? [Open-ended]</li>
  <li><strong>Insurance Provider:</strong> What is your insurance provider? [MCQ: A. Aetna B. Blue Cross C. Cigna D. Medicare E. UnitedHealthcare]</li>
  <li><strong>Billing Amount:</strong> What is your billing amount? [Open-ended]</li>
  <li><strong>Room Number:</strong> What is your room number? [Open-ended]</li>
  <li><strong>Admission Type:</strong> What is your admission type? [MCQ: A. Elective B. Emergency C. Urgent]</li>
  <li><strong>Discharge Date:</strong> What is your discharge date? [Open-ended]</li>
  <li><strong>Medication:</strong> What is your medication? [MCQ: A. Aspirin B. Ibuprofen C. Lipitor D. Paracetamol E. Penicillin]</li>
  <li><strong>Test Results:</strong> What is your test results? [MCQ: A. Abnormal B. Inconclusive C. Normal]</li>
</ul>
<h1>Responses</h1>
<h2>Respondent 133</h2>
<ul>
  <li><strong>Name:</strong> ashLEy ERIcKSoN</li>
  <li><strong>Age:</strong> 32</li>
  <li><strong>Gender:</strong> a</li>
  <li><strong>Blood Type:</strong> d</li>
  <li><strong>Medical Condition:</strong> c</li>
  <li><strong>Date of Admission:</strong> 2019-11-05</li>
  <li><strong>Doctor:</strong> Gerald Hooper</li>
  <li><strong>Hospital:</strong> and Johnson Moore, Branch</li>
  <li><strong>Insurance Provider:</strong> a</li>
  <li><strong>Billing Amount:</strong> -503</li>
  <li><strong>Room Number:</strong> 376</li>
  <li><strong>Admission Type:</strong> c</li>
  <li><strong>Discharge Date:</strong> 2019-11-23</li>
  <li><strong>Medication:</strong> e</li>
  <li><strong>Test Results:</strong> c</li>
</ul>
<h2>Respondent 63</h2>
<ul>
  <li><strong>Name:</strong> tRAvIs carTeR</li>
  <li><strong>Age:</strong> 18</li>
  <li><strong>Gender:</strong> b</li>
  <li><strong>Blood Type:</strong> a</li>
  <li><strong>Medical Condition:</strong> c</li>
  <li><strong>Date of Admission:</strong> 2022-07-06</li>
  <li><strong>Doctor:</strong> Megan Hahn</li>
  <li><strong>Hospital:</strong> Moss and Ferguson, Baker</li>
  <li><strong>Insurance Provider:</strong> e</li>
  <li><strong>Billing Amount:</strong> 48407</li>
  <li><strong>Room Number:</strong> 325</li>
  <li><strong>Admission Type:</strong> b</li>
  <li><strong>Discharge Date:</strong> 2022-07-18</li>
  <li><strong>Medication:</strong> a</li>
  <li><strong>Test Results:</strong> c</li>
</ul>
<h2>Respondent 116</h2>
<ul>
  <li><strong>Name:</strong> reBEcCA PARsONs</li>
  <li><strong>Age:</strong> 37</li>
  <li><strong>Gender:</strong> a</li>
  <li><strong>Blood Type:</strong> g</li>
  <li><strong>Medical Condition:</strong> b</li>
  <li><strong>Date of Admission:</strong> 2019-12-02</li>
  <li><strong>Doctor:</strong> Steven Adams</li>
  <li><strong>Hospital:</strong> Group White</li>
  <li><strong>Insurance Provider:</strong> a</li>
  <li><strong>Billing Amount:</strong> 8521</li>
  <li><strong>Room Number:</strong> 476</li>
  <li><strong>Admission Type:</strong> a</li>
  <li><strong>Discharge Date:</strong> 2019-12-13</li>
  <li><strong>Medication:</strong> e</li>
  <li><strong>Test Results:</strong> a</li>
</ul>
</body>
</html>

Answer: 63

<!DOCTYPE html>
<html>
<head>
<title>Survey Data</title>
</head>
<body>
<h1>Questions</h1>
<ul>
  <li><strong>Name:</strong> What is your name? [Open-ended]</li>
  <li><strong>Age:</strong> What is your age? [Open-ended]</li>
  <li><strong>Gender:</strong> What is your gender? [MCQ: A. Female B. Male]</li>
  <li><strong>Blood Type:</strong> What is your blood type? [MCQ: A. A+ B. A- C. AB+ D. AB- E. B+ F. B- G. O+ H. O-]</li>
  <li><strong>Medical Condition:</strong> What is your medical condition? [MCQ: A. Arthritis B. Asthma C. Cancer D. Diabetes E. Hypertension F. Obesity]</li>
  <li><strong>Date of Admission:</strong> What is your date of admission? [Open-ended]</li>
  <li><strong>Doctor:</strong> What is your doctor? [Open-ended]</li>
  <li><strong>Hospital:</strong> What is your hospital? [Open-ended]</li>
  <li><strong>Insurance Provider:</strong> What is your insurance provider? [MCQ: A. Aetna B. Blue Cross C. Cigna D. Medicare E. UnitedHealthcare]</li>
  <li><strong>Billing Amount:</strong> What is your billing amount? [Open-ended]</li>
  <li><strong>Room Number:</strong> What is your room number? [Open-ended]</li>
  <li><strong>Admission Type:</strong> What is your admission type? [MCQ: A. Elective B. Emergency C. Urgent]</li>
  <li><strong>Discharge Date:</strong> What is your discharge date? [Open-ended]</li>
  <li><strong>Medication:</strong> What is your medication? [MCQ: A. Aspirin B. Ibuprofen C. Lipitor D. Paracetamol E. Penicillin]</li>
  <li><strong>Test Results:</strong> What is your test results? [MCQ: A. Abnormal B. Inconclusive C. Normal]</li>
</ul>
<h1>Responses</h1>
<h2>Respondent 61</h2>
<ul>
  <li><strong>Name:</strong> ASHleY guTIERreZ</li>
  <li><strong>Age:</strong> 83</li>
  <li><strong>Gender:</strong> b</li>
  <li><strong>Blood Type:</strong> c</li>
  <li><strong>Medical Condition:</strong> f</li>
  <li><strong>Date of Admission:</strong> 2019-11-06</li>
  <li><strong>Doctor:</strong> Tyler Braun</li>
  <li><strong>Hospital:</strong> Miller-Lawson</li>
  <li><strong>Insurance Provider:</strong> a</li>
  <li><strong>Billing Amount:</strong> 24637</li>
  <li><strong>Room Number:</strong> 333</li>
  <li><strong>Admission Type:</strong> a</li>
  <li><strong>Discharge Date:</strong> 2019-11-22</li>
  <li><strong>Medication:</strong> d</li>
  <li><strong>Test Results:</strong> b</li>
</ul>
<h2>Respondent 35</h2>
<ul>
  <li><strong>Name:</strong> NicOlE RodriGUEz</li>
  <li><strong>Age:</strong> 30</li>
  <li><strong>Gender:</strong> a</li>
  <li><strong>Blood Type:</strong> c</li>
  <li><strong>Medical Condition:</strong> d</li>
  <li><strong>Date of Admission:</strong> 2020-01-17</li>
  <li><strong>Doctor:</strong> Lynn Young</li>
  <li><strong>Hospital:</strong> Poole Inc</li>
  <li><strong>Insurance Provider:</strong> b</li>
  <li><strong>Billing Amount:</strong> 8409</li>
  <li><strong>Room Number:</strong> 285</li>
  <li><strong>Admission Type:</strong> b</li>
  <li><strong>Discharge Date:</strong> 2020-02-10</li>
  <li><strong>Medication:</strong> c</li>
  <li><strong>Test Results:</strong> c</li>
</ul>
<h2>Respondent 56</h2>
<ul>
  <li><strong>Name:</strong> mR. DAVID pIERce Md</li>
  <li><strong>Age:</strong> 73</li>
  <li><strong>Gender:</strong> a</li>
  <li><strong>Blood Type:</strong> b</li>
  <li><strong>Medical Condition:</strong> e</li>
  <li><strong>Date of Admission:</strong> 2023-11-05</li>
  <li><strong>Doctor:</strong> Julia Cox</li>
  <li><strong>Hospital:</strong> Group Delgado</li>
  <li><strong>Insurance Provider:</strong> e</li>
  <li><strong>Billing Amount:</strong> 14362</li>
  <li><strong>Room Number:</strong> 296</li>
  <li><strong>Admission Type:</strong> b</li>
  <li><strong>Discharge Date:</strong> 2023-11-07</li>
  <li><strong>Medication:</strong> d</li>
  <li><strong>Test Results:</strong> b</li>
</ul>
</body>
</html>

You are a meticulous data analyst AI. Your primary function is to accurately analyze structured data and provide precise, verifiable answers.

You will be given a dataset with two key parts:

A 'questions' section: This is your data dictionary or schema. It is the single source of truth for understanding what each field and score means. Refer to it carefully.

A 'responses' section: This contains the raw data from each individual respondent.

To answer the question correctly, you must first use the 'questions' schema to fully understand the context and meaning of the data points within the 'responses'. Do not rely on any prior knowledge outside of this provided data. Base your entire analysis on the information given.

Provide your final answer directly and concisely. Output must be the human-readable value, not an option code.

Rules:
- For MCQ fields, map any letter codes in the Responses (case-insensitive) to the corresponding option text from the Questions schema, and output only that text. Do NOT include the letter or both.
  Example: If the schema is ""[MCQ: A. Abnormal B. Inconclusive C. Normal]"" and the response is ""a"", output ""Abnormal"".
- For open-ended fields, output the exact text value.
- If the question asks for a count, provide only the number (e.g., ""42"").
- If the question asks for a list of names or IDs, provide a simple comma-separated list (e.g., ""17, 21, 23"").
- Preserve capitalization exactly as in the schema (e.g., output ""Abnormal"", not ""abnormal"" or ""A"").

Which respondent numbers have Admission Type Elective and Test Results Inconclusive?",,
case_46,multi_hop_relational_inference,Which respondent numbers have Blood Type B- and Insurance Provider Cigna?,"<!DOCTYPE html>
<html>
<head>
<title>Survey Data</title>
</head>
<body>
<h1>Questions</h1>
<ul>
  <li><strong>Name:</strong> What is your name? [Open-ended]</li>
  <li><strong>Age:</strong> What is your age? [Open-ended]</li>
  <li><strong>Gender:</strong> What is your gender? [MCQ: A. Female B. Male]</li>
  <li><strong>Blood Type:</strong> What is your blood type? [MCQ: A. A+ B. A- C. AB+ D. AB- E. B+ F. B- G. O+ H. O-]</li>
  <li><strong>Medical Condition:</strong> What is your medical condition? [MCQ: A. Arthritis B. Asthma C. Cancer D. Diabetes E. Hypertension F. Obesity]</li>
  <li><strong>Date of Admission:</strong> What is your date of admission? [Open-ended]</li>
  <li><strong>Doctor:</strong> What is your doctor? [Open-ended]</li>
  <li><strong>Hospital:</strong> What is your hospital? [Open-ended]</li>
  <li><strong>Insurance Provider:</strong> What is your insurance provider? [MCQ: A. Aetna B. Blue Cross C. Cigna D. Medicare E. UnitedHealthcare]</li>
  <li><strong>Billing Amount:</strong> What is your billing amount? [Open-ended]</li>
  <li><strong>Room Number:</strong> What is your room number? [Open-ended]</li>
  <li><strong>Admission Type:</strong> What is your admission type? [MCQ: A. Elective B. Emergency C. Urgent]</li>
  <li><strong>Discharge Date:</strong> What is your discharge date? [Open-ended]</li>
  <li><strong>Medication:</strong> What is your medication? [MCQ: A. Aspirin B. Ibuprofen C. Lipitor D. Paracetamol E. Penicillin]</li>
  <li><strong>Test Results:</strong> What is your test results? [MCQ: A. Abnormal B. Inconclusive C. Normal]</li>
</ul>
<h1>Responses</h1>
<h2>Respondent 91</h2>
<ul>
  <li><strong>Name:</strong> TInA GriFfin</li>
  <li><strong>Age:</strong> 49</li>
  <li><strong>Gender:</strong> b</li>
  <li><strong>Blood Type:</strong> e</li>
  <li><strong>Medical Condition:</strong> c</li>
  <li><strong>Date of Admission:</strong> 2022-06-17</li>
  <li><strong>Doctor:</strong> Jessica Cruz</li>
  <li><strong>Hospital:</strong> Inc Ford</li>
  <li><strong>Insurance Provider:</strong> d</li>
  <li><strong>Billing Amount:</strong> 25302</li>
  <li><strong>Room Number:</strong> 268</li>
  <li><strong>Admission Type:</strong> a</li>
  <li><strong>Discharge Date:</strong> 2022-06-28</li>
  <li><strong>Medication:</strong> e</li>
  <li><strong>Test Results:</strong> a</li>
</ul>
<h2>Respondent 31</h2>
<ul>
  <li><strong>Name:</strong> ThOMAS MartInEZ</li>
  <li><strong>Age:</strong> 34</li>
  <li><strong>Gender:</strong> b</li>
  <li><strong>Blood Type:</strong> f</li>
  <li><strong>Medical Condition:</strong> b</li>
  <li><strong>Date of Admission:</strong> 2019-08-18</li>
  <li><strong>Doctor:</strong> Jacob Huynh</li>
  <li><strong>Hospital:</strong> Hart Ltd</li>
  <li><strong>Insurance Provider:</strong> c</li>
  <li><strong>Billing Amount:</strong> 47909</li>
  <li><strong>Room Number:</strong> 371</li>
  <li><strong>Admission Type:</strong> c</li>
  <li><strong>Discharge Date:</strong> 2019-09-01</li>
  <li><strong>Medication:</strong> b</li>
  <li><strong>Test Results:</strong> b</li>
</ul>
<h2>Respondent 16</h2>
<ul>
  <li><strong>Name:</strong> MS. nAtalIE gAMble</li>
  <li><strong>Age:</strong> 46</li>
  <li><strong>Gender:</strong> a</li>
  <li><strong>Blood Type:</strong> d</li>
  <li><strong>Medical Condition:</strong> f</li>
  <li><strong>Date of Admission:</strong> 2023-01-01</li>
  <li><strong>Doctor:</strong> Maria Dougherty</li>
  <li><strong>Hospital:</strong> Cline-Williams</li>
  <li><strong>Insurance Provider:</strong> b</li>
  <li><strong>Billing Amount:</strong> 12263</li>
  <li><strong>Room Number:</strong> 465</li>
  <li><strong>Admission Type:</strong> a</li>
  <li><strong>Discharge Date:</strong> 2023-01-11</li>
  <li><strong>Medication:</strong> a</li>
  <li><strong>Test Results:</strong> b</li>
</ul>
</body>
</html>",31,"Which respondent numbers have Gender Male and Medical Condition Cancer?

DATA:

<!DOCTYPE html>
<html>
<head>
<title>Survey Data</title>
</head>
<body>
<h1>Questions</h1>
<ul>
  <li><strong>Name:</strong> What is your name? [Open-ended]</li>
  <li><strong>Age:</strong> What is your age? [Open-ended]</li>
  <li><strong>Gender:</strong> What is your gender? [MCQ: A. Female B. Male]</li>
  <li><strong>Blood Type:</strong> What is your blood type? [MCQ: A. A+ B. A- C. AB+ D. AB- E. B+ F. B- G. O+ H. O-]</li>
  <li><strong>Medical Condition:</strong> What is your medical condition? [MCQ: A. Arthritis B. Asthma C. Cancer D. Diabetes E. Hypertension F. Obesity]</li>
  <li><strong>Date of Admission:</strong> What is your date of admission? [Open-ended]</li>
  <li><strong>Doctor:</strong> What is your doctor? [Open-ended]</li>
  <li><strong>Hospital:</strong> What is your hospital? [Open-ended]</li>
  <li><strong>Insurance Provider:</strong> What is your insurance provider? [MCQ: A. Aetna B. Blue Cross C. Cigna D. Medicare E. UnitedHealthcare]</li>
  <li><strong>Billing Amount:</strong> What is your billing amount? [Open-ended]</li>
  <li><strong>Room Number:</strong> What is your room number? [Open-ended]</li>
  <li><strong>Admission Type:</strong> What is your admission type? [MCQ: A. Elective B. Emergency C. Urgent]</li>
  <li><strong>Discharge Date:</strong> What is your discharge date? [Open-ended]</li>
  <li><strong>Medication:</strong> What is your medication? [MCQ: A. Aspirin B. Ibuprofen C. Lipitor D. Paracetamol E. Penicillin]</li>
  <li><strong>Test Results:</strong> What is your test results? [MCQ: A. Abnormal B. Inconclusive C. Normal]</li>
</ul>
<h1>Responses</h1>
<h2>Respondent 133</h2>
<ul>
  <li><strong>Name:</strong> ashLEy ERIcKSoN</li>
  <li><strong>Age:</strong> 32</li>
  <li><strong>Gender:</strong> a</li>
  <li><strong>Blood Type:</strong> d</li>
  <li><strong>Medical Condition:</strong> c</li>
  <li><strong>Date of Admission:</strong> 2019-11-05</li>
  <li><strong>Doctor:</strong> Gerald Hooper</li>
  <li><strong>Hospital:</strong> and Johnson Moore, Branch</li>
  <li><strong>Insurance Provider:</strong> a</li>
  <li><strong>Billing Amount:</strong> -503</li>
  <li><strong>Room Number:</strong> 376</li>
  <li><strong>Admission Type:</strong> c</li>
  <li><strong>Discharge Date:</strong> 2019-11-23</li>
  <li><strong>Medication:</strong> e</li>
  <li><strong>Test Results:</strong> c</li>
</ul>
<h2>Respondent 63</h2>
<ul>
  <li><strong>Name:</strong> tRAvIs carTeR</li>
  <li><strong>Age:</strong> 18</li>
  <li><strong>Gender:</strong> b</li>
  <li><strong>Blood Type:</strong> a</li>
  <li><strong>Medical Condition:</strong> c</li>
  <li><strong>Date of Admission:</strong> 2022-07-06</li>
  <li><strong>Doctor:</strong> Megan Hahn</li>
  <li><strong>Hospital:</strong> Moss and Ferguson, Baker</li>
  <li><strong>Insurance Provider:</strong> e</li>
  <li><strong>Billing Amount:</strong> 48407</li>
  <li><strong>Room Number:</strong> 325</li>
  <li><strong>Admission Type:</strong> b</li>
  <li><strong>Discharge Date:</strong> 2022-07-18</li>
  <li><strong>Medication:</strong> a</li>
  <li><strong>Test Results:</strong> c</li>
</ul>
<h2>Respondent 116</h2>
<ul>
  <li><strong>Name:</strong> reBEcCA PARsONs</li>
  <li><strong>Age:</strong> 37</li>
  <li><strong>Gender:</strong> a</li>
  <li><strong>Blood Type:</strong> g</li>
  <li><strong>Medical Condition:</strong> b</li>
  <li><strong>Date of Admission:</strong> 2019-12-02</li>
  <li><strong>Doctor:</strong> Steven Adams</li>
  <li><strong>Hospital:</strong> Group White</li>
  <li><strong>Insurance Provider:</strong> a</li>
  <li><strong>Billing Amount:</strong> 8521</li>
  <li><strong>Room Number:</strong> 476</li>
  <li><strong>Admission Type:</strong> a</li>
  <li><strong>Discharge Date:</strong> 2019-12-13</li>
  <li><strong>Medication:</strong> e</li>
  <li><strong>Test Results:</strong> a</li>
</ul>
</body>
</html>

Answer: 63

<!DOCTYPE html>
<html>
<head>
<title>Survey Data</title>
</head>
<body>
<h1>Questions</h1>
<ul>
  <li><strong>Name:</strong> What is your name? [Open-ended]</li>
  <li><strong>Age:</strong> What is your age? [Open-ended]</li>
  <li><strong>Gender:</strong> What is your gender? [MCQ: A. Female B. Male]</li>
  <li><strong>Blood Type:</strong> What is your blood type? [MCQ: A. A+ B. A- C. AB+ D. AB- E. B+ F. B- G. O+ H. O-]</li>
  <li><strong>Medical Condition:</strong> What is your medical condition? [MCQ: A. Arthritis B. Asthma C. Cancer D. Diabetes E. Hypertension F. Obesity]</li>
  <li><strong>Date of Admission:</strong> What is your date of admission? [Open-ended]</li>
  <li><strong>Doctor:</strong> What is your doctor? [Open-ended]</li>
  <li><strong>Hospital:</strong> What is your hospital? [Open-ended]</li>
  <li><strong>Insurance Provider:</strong> What is your insurance provider? [MCQ: A. Aetna B. Blue Cross C. Cigna D. Medicare E. UnitedHealthcare]</li>
  <li><strong>Billing Amount:</strong> What is your billing amount? [Open-ended]</li>
  <li><strong>Room Number:</strong> What is your room number? [Open-ended]</li>
  <li><strong>Admission Type:</strong> What is your admission type? [MCQ: A. Elective B. Emergency C. Urgent]</li>
  <li><strong>Discharge Date:</strong> What is your discharge date? [Open-ended]</li>
  <li><strong>Medication:</strong> What is your medication? [MCQ: A. Aspirin B. Ibuprofen C. Lipitor D. Paracetamol E. Penicillin]</li>
  <li><strong>Test Results:</strong> What is your test results? [MCQ: A. Abnormal B. Inconclusive C. Normal]</li>
</ul>
<h1>Responses</h1>
<h2>Respondent 91</h2>
<ul>
  <li><strong>Name:</strong> TInA GriFfin</li>
  <li><strong>Age:</strong> 49</li>
  <li><strong>Gender:</strong> b</li>
  <li><strong>Blood Type:</strong> e</li>
  <li><strong>Medical Condition:</strong> c</li>
  <li><strong>Date of Admission:</strong> 2022-06-17</li>
  <li><strong>Doctor:</strong> Jessica Cruz</li>
  <li><strong>Hospital:</strong> Inc Ford</li>
  <li><strong>Insurance Provider:</strong> d</li>
  <li><strong>Billing Amount:</strong> 25302</li>
  <li><strong>Room Number:</strong> 268</li>
  <li><strong>Admission Type:</strong> a</li>
  <li><strong>Discharge Date:</strong> 2022-06-28</li>
  <li><strong>Medication:</strong> e</li>
  <li><strong>Test Results:</strong> a</li>
</ul>
<h2>Respondent 31</h2>
<ul>
  <li><strong>Name:</strong> ThOMAS MartInEZ</li>
  <li><strong>Age:</strong> 34</li>
  <li><strong>Gender:</strong> b</li>
  <li><strong>Blood Type:</strong> f</li>
  <li><strong>Medical Condition:</strong> b</li>
  <li><strong>Date of Admission:</strong> 2019-08-18</li>
  <li><strong>Doctor:</strong> Jacob Huynh</li>
  <li><strong>Hospital:</strong> Hart Ltd</li>
  <li><strong>Insurance Provider:</strong> c</li>
  <li><strong>Billing Amount:</strong> 47909</li>
  <li><strong>Room Number:</strong> 371</li>
  <li><strong>Admission Type:</strong> c</li>
  <li><strong>Discharge Date:</strong> 2019-09-01</li>
  <li><strong>Medication:</strong> b</li>
  <li><strong>Test Results:</strong> b</li>
</ul>
<h2>Respondent 16</h2>
<ul>
  <li><strong>Name:</strong> MS. nAtalIE gAMble</li>
  <li><strong>Age:</strong> 46</li>
  <li><strong>Gender:</strong> a</li>
  <li><strong>Blood Type:</strong> d</li>
  <li><strong>Medical Condition:</strong> f</li>
  <li><strong>Date of Admission:</strong> 2023-01-01</li>
  <li><strong>Doctor:</strong> Maria Dougherty</li>
  <li><strong>Hospital:</strong> Cline-Williams</li>
  <li><strong>Insurance Provider:</strong> b</li>
  <li><strong>Billing Amount:</strong> 12263</li>
  <li><strong>Room Number:</strong> 465</li>
  <li><strong>Admission Type:</strong> a</li>
  <li><strong>Discharge Date:</strong> 2023-01-11</li>
  <li><strong>Medication:</strong> a</li>
  <li><strong>Test Results:</strong> b</li>
</ul>
</body>
</html>

You are a meticulous data analyst AI. Your primary function is to accurately analyze structured data and provide precise, verifiable answers.

You will be given a dataset with two key parts:

A 'questions' section: This is your data dictionary or schema. It is the single source of truth for understanding what each field and score means. Refer to it carefully.

A 'responses' section: This contains the raw data from each individual respondent.

To answer the question correctly, you must first use the 'questions' schema to fully understand the context and meaning of the data points within the 'responses'. Do not rely on any prior knowledge outside of this provided data. Base your entire analysis on the information given.

Provide your final answer directly and concisely. Output must be the human-readable value, not an option code.

Rules:
- For MCQ fields, map any letter codes in the Responses (case-insensitive) to the corresponding option text from the Questions schema, and output only that text. Do NOT include the letter or both.
  Example: If the schema is ""[MCQ: A. Abnormal B. Inconclusive C. Normal]"" and the response is ""a"", output ""Abnormal"".
- For open-ended fields, output the exact text value.
- If the question asks for a count, provide only the number (e.g., ""42"").
- If the question asks for a list of names or IDs, provide a simple comma-separated list (e.g., ""17, 21, 23"").
- Preserve capitalization exactly as in the schema (e.g., output ""Abnormal"", not ""abnormal"" or ""A"").

Which respondent numbers have Blood Type B- and Insurance Provider Cigna?",,
case_47,multi_hop_relational_inference,Which respondent numbers have Medical Condition Hypertension and Admission Type Elective?,"<!DOCTYPE html>
<html>
<head>
<title>Survey Data</title>
</head>
<body>
<h1>Questions</h1>
<ul>
  <li><strong>Name:</strong> What is your name? [Open-ended]</li>
  <li><strong>Age:</strong> What is your age? [Open-ended]</li>
  <li><strong>Gender:</strong> What is your gender? [MCQ: A. Female B. Male]</li>
  <li><strong>Blood Type:</strong> What is your blood type? [MCQ: A. A+ B. A- C. AB+ D. AB- E. B+ F. B- G. O+ H. O-]</li>
  <li><strong>Medical Condition:</strong> What is your medical condition? [MCQ: A. Arthritis B. Asthma C. Cancer D. Diabetes E. Hypertension F. Obesity]</li>
  <li><strong>Date of Admission:</strong> What is your date of admission? [Open-ended]</li>
  <li><strong>Doctor:</strong> What is your doctor? [Open-ended]</li>
  <li><strong>Hospital:</strong> What is your hospital? [Open-ended]</li>
  <li><strong>Insurance Provider:</strong> What is your insurance provider? [MCQ: A. Aetna B. Blue Cross C. Cigna D. Medicare E. UnitedHealthcare]</li>
  <li><strong>Billing Amount:</strong> What is your billing amount? [Open-ended]</li>
  <li><strong>Room Number:</strong> What is your room number? [Open-ended]</li>
  <li><strong>Admission Type:</strong> What is your admission type? [MCQ: A. Elective B. Emergency C. Urgent]</li>
  <li><strong>Discharge Date:</strong> What is your discharge date? [Open-ended]</li>
  <li><strong>Medication:</strong> What is your medication? [MCQ: A. Aspirin B. Ibuprofen C. Lipitor D. Paracetamol E. Penicillin]</li>
  <li><strong>Test Results:</strong> What is your test results? [MCQ: A. Abnormal B. Inconclusive C. Normal]</li>
</ul>
<h1>Responses</h1>
<h2>Respondent 1</h2>
<ul>
  <li><strong>Name:</strong> Bobby JacksOn</li>
  <li><strong>Age:</strong> 30</li>
  <li><strong>Blood Type:</strong> f</li>
  <li><strong>Medical Condition:</strong> c</li>
  <li><strong>Date of Admission:</strong> 2024-01-31</li>
  <li><strong>Doctor:</strong> Matthew Smith</li>
  <li><strong>Hospital:</strong> Sons and Miller</li>
  <li><strong>Insurance Provider:</strong> b</li>
  <li><strong>Billing Amount:</strong> 18856</li>
  <li><strong>Room Number:</strong> 328</li>
  <li><strong>Admission Type:</strong> c</li>
  <li><strong>Discharge Date:</strong> 2024-02-02</li>
  <li><strong>Medication:</strong> d</li>
  <li><strong>Test Results:</strong> c</li>
</ul>
<h2>Respondent 132</h2>
<ul>
  <li><strong>Name:</strong> DenisE rOdRIGuEZ</li>
  <li><strong>Age:</strong> 19</li>
  <li><strong>Gender:</strong> a</li>
  <li><strong>Blood Type:</strong> b</li>
  <li><strong>Medical Condition:</strong> e</li>
  <li><strong>Date of Admission:</strong> 2020-03-02</li>
  <li><strong>Doctor:</strong> Susan Gibson</li>
  <li><strong>Hospital:</strong> Rodriguez Ltd</li>
  <li><strong>Insurance Provider:</strong> c</li>
  <li><strong>Billing Amount:</strong> 22565</li>
  <li><strong>Room Number:</strong> 408</li>
  <li><strong>Admission Type:</strong> a</li>
  <li><strong>Discharge Date:</strong> 2020-03-07</li>
  <li><strong>Medication:</strong> d</li>
  <li><strong>Test Results:</strong> c</li>
</ul>
<h2>Respondent 104</h2>
<ul>
  <li><strong>Name:</strong> KaTRina maRTin</li>
  <li><strong>Age:</strong> 47</li>
  <li><strong>Gender:</strong> b</li>
  <li><strong>Blood Type:</strong> b</li>
  <li><strong>Medical Condition:</strong> d</li>
  <li><strong>Date of Admission:</strong> 2019-07-09</li>
  <li><strong>Doctor:</strong> Patricia Colon</li>
  <li><strong>Hospital:</strong> Group Nguyen</li>
  <li><strong>Insurance Provider:</strong> d</li>
  <li><strong>Billing Amount:</strong> 31516</li>
  <li><strong>Room Number:</strong> 418</li>
  <li><strong>Admission Type:</strong> a</li>
  <li><strong>Discharge Date:</strong> 2019-08-05</li>
  <li><strong>Medication:</strong> e</li>
  <li><strong>Test Results:</strong> b</li>
</ul>
</body>
</html>",132,"Which respondent numbers have Gender Male and Medical Condition Cancer?

DATA:

<!DOCTYPE html>
<html>
<head>
<title>Survey Data</title>
</head>
<body>
<h1>Questions</h1>
<ul>
  <li><strong>Name:</strong> What is your name? [Open-ended]</li>
  <li><strong>Age:</strong> What is your age? [Open-ended]</li>
  <li><strong>Gender:</strong> What is your gender? [MCQ: A. Female B. Male]</li>
  <li><strong>Blood Type:</strong> What is your blood type? [MCQ: A. A+ B. A- C. AB+ D. AB- E. B+ F. B- G. O+ H. O-]</li>
  <li><strong>Medical Condition:</strong> What is your medical condition? [MCQ: A. Arthritis B. Asthma C. Cancer D. Diabetes E. Hypertension F. Obesity]</li>
  <li><strong>Date of Admission:</strong> What is your date of admission? [Open-ended]</li>
  <li><strong>Doctor:</strong> What is your doctor? [Open-ended]</li>
  <li><strong>Hospital:</strong> What is your hospital? [Open-ended]</li>
  <li><strong>Insurance Provider:</strong> What is your insurance provider? [MCQ: A. Aetna B. Blue Cross C. Cigna D. Medicare E. UnitedHealthcare]</li>
  <li><strong>Billing Amount:</strong> What is your billing amount? [Open-ended]</li>
  <li><strong>Room Number:</strong> What is your room number? [Open-ended]</li>
  <li><strong>Admission Type:</strong> What is your admission type? [MCQ: A. Elective B. Emergency C. Urgent]</li>
  <li><strong>Discharge Date:</strong> What is your discharge date? [Open-ended]</li>
  <li><strong>Medication:</strong> What is your medication? [MCQ: A. Aspirin B. Ibuprofen C. Lipitor D. Paracetamol E. Penicillin]</li>
  <li><strong>Test Results:</strong> What is your test results? [MCQ: A. Abnormal B. Inconclusive C. Normal]</li>
</ul>
<h1>Responses</h1>
<h2>Respondent 133</h2>
<ul>
  <li><strong>Name:</strong> ashLEy ERIcKSoN</li>
  <li><strong>Age:</strong> 32</li>
  <li><strong>Gender:</strong> a</li>
  <li><strong>Blood Type:</strong> d</li>
  <li><strong>Medical Condition:</strong> c</li>
  <li><strong>Date of Admission:</strong> 2019-11-05</li>
  <li><strong>Doctor:</strong> Gerald Hooper</li>
  <li><strong>Hospital:</strong> and Johnson Moore, Branch</li>
  <li><strong>Insurance Provider:</strong> a</li>
  <li><strong>Billing Amount:</strong> -503</li>
  <li><strong>Room Number:</strong> 376</li>
  <li><strong>Admission Type:</strong> c</li>
  <li><strong>Discharge Date:</strong> 2019-11-23</li>
  <li><strong>Medication:</strong> e</li>
  <li><strong>Test Results:</strong> c</li>
</ul>
<h2>Respondent 63</h2>
<ul>
  <li><strong>Name:</strong> tRAvIs carTeR</li>
  <li><strong>Age:</strong> 18</li>
  <li><strong>Gender:</strong> b</li>
  <li><strong>Blood Type:</strong> a</li>
  <li><strong>Medical Condition:</strong> c</li>
  <li><strong>Date of Admission:</strong> 2022-07-06</li>
  <li><strong>Doctor:</strong> Megan Hahn</li>
  <li><strong>Hospital:</strong> Moss and Ferguson, Baker</li>
  <li><strong>Insurance Provider:</strong> e</li>
  <li><strong>Billing Amount:</strong> 48407</li>
  <li><strong>Room Number:</strong> 325</li>
  <li><strong>Admission Type:</strong> b</li>
  <li><strong>Discharge Date:</strong> 2022-07-18</li>
  <li><strong>Medication:</strong> a</li>
  <li><strong>Test Results:</strong> c</li>
</ul>
<h2>Respondent 116</h2>
<ul>
  <li><strong>Name:</strong> reBEcCA PARsONs</li>
  <li><strong>Age:</strong> 37</li>
  <li><strong>Gender:</strong> a</li>
  <li><strong>Blood Type:</strong> g</li>
  <li><strong>Medical Condition:</strong> b</li>
  <li><strong>Date of Admission:</strong> 2019-12-02</li>
  <li><strong>Doctor:</strong> Steven Adams</li>
  <li><strong>Hospital:</strong> Group White</li>
  <li><strong>Insurance Provider:</strong> a</li>
  <li><strong>Billing Amount:</strong> 8521</li>
  <li><strong>Room Number:</strong> 476</li>
  <li><strong>Admission Type:</strong> a</li>
  <li><strong>Discharge Date:</strong> 2019-12-13</li>
  <li><strong>Medication:</strong> e</li>
  <li><strong>Test Results:</strong> a</li>
</ul>
</body>
</html>

Answer: 63

<!DOCTYPE html>
<html>
<head>
<title>Survey Data</title>
</head>
<body>
<h1>Questions</h1>
<ul>
  <li><strong>Name:</strong> What is your name? [Open-ended]</li>
  <li><strong>Age:</strong> What is your age? [Open-ended]</li>
  <li><strong>Gender:</strong> What is your gender? [MCQ: A. Female B. Male]</li>
  <li><strong>Blood Type:</strong> What is your blood type? [MCQ: A. A+ B. A- C. AB+ D. AB- E. B+ F. B- G. O+ H. O-]</li>
  <li><strong>Medical Condition:</strong> What is your medical condition? [MCQ: A. Arthritis B. Asthma C. Cancer D. Diabetes E. Hypertension F. Obesity]</li>
  <li><strong>Date of Admission:</strong> What is your date of admission? [Open-ended]</li>
  <li><strong>Doctor:</strong> What is your doctor? [Open-ended]</li>
  <li><strong>Hospital:</strong> What is your hospital? [Open-ended]</li>
  <li><strong>Insurance Provider:</strong> What is your insurance provider? [MCQ: A. Aetna B. Blue Cross C. Cigna D. Medicare E. UnitedHealthcare]</li>
  <li><strong>Billing Amount:</strong> What is your billing amount? [Open-ended]</li>
  <li><strong>Room Number:</strong> What is your room number? [Open-ended]</li>
  <li><strong>Admission Type:</strong> What is your admission type? [MCQ: A. Elective B. Emergency C. Urgent]</li>
  <li><strong>Discharge Date:</strong> What is your discharge date? [Open-ended]</li>
  <li><strong>Medication:</strong> What is your medication? [MCQ: A. Aspirin B. Ibuprofen C. Lipitor D. Paracetamol E. Penicillin]</li>
  <li><strong>Test Results:</strong> What is your test results? [MCQ: A. Abnormal B. Inconclusive C. Normal]</li>
</ul>
<h1>Responses</h1>
<h2>Respondent 1</h2>
<ul>
  <li><strong>Name:</strong> Bobby JacksOn</li>
  <li><strong>Age:</strong> 30</li>
  <li><strong>Blood Type:</strong> f</li>
  <li><strong>Medical Condition:</strong> c</li>
  <li><strong>Date of Admission:</strong> 2024-01-31</li>
  <li><strong>Doctor:</strong> Matthew Smith</li>
  <li><strong>Hospital:</strong> Sons and Miller</li>
  <li><strong>Insurance Provider:</strong> b</li>
  <li><strong>Billing Amount:</strong> 18856</li>
  <li><strong>Room Number:</strong> 328</li>
  <li><strong>Admission Type:</strong> c</li>
  <li><strong>Discharge Date:</strong> 2024-02-02</li>
  <li><strong>Medication:</strong> d</li>
  <li><strong>Test Results:</strong> c</li>
</ul>
<h2>Respondent 132</h2>
<ul>
  <li><strong>Name:</strong> DenisE rOdRIGuEZ</li>
  <li><strong>Age:</strong> 19</li>
  <li><strong>Gender:</strong> a</li>
  <li><strong>Blood Type:</strong> b</li>
  <li><strong>Medical Condition:</strong> e</li>
  <li><strong>Date of Admission:</strong> 2020-03-02</li>
  <li><strong>Doctor:</strong> Susan Gibson</li>
  <li><strong>Hospital:</strong> Rodriguez Ltd</li>
  <li><strong>Insurance Provider:</strong> c</li>
  <li><strong>Billing Amount:</strong> 22565</li>
  <li><strong>Room Number:</strong> 408</li>
  <li><strong>Admission Type:</strong> a</li>
  <li><strong>Discharge Date:</strong> 2020-03-07</li>
  <li><strong>Medication:</strong> d</li>
  <li><strong>Test Results:</strong> c</li>
</ul>
<h2>Respondent 104</h2>
<ul>
  <li><strong>Name:</strong> KaTRina maRTin</li>
  <li><strong>Age:</strong> 47</li>
  <li><strong>Gender:</strong> b</li>
  <li><strong>Blood Type:</strong> b</li>
  <li><strong>Medical Condition:</strong> d</li>
  <li><strong>Date of Admission:</strong> 2019-07-09</li>
  <li><strong>Doctor:</strong> Patricia Colon</li>
  <li><strong>Hospital:</strong> Group Nguyen</li>
  <li><strong>Insurance Provider:</strong> d</li>
  <li><strong>Billing Amount:</strong> 31516</li>
  <li><strong>Room Number:</strong> 418</li>
  <li><strong>Admission Type:</strong> a</li>
  <li><strong>Discharge Date:</strong> 2019-08-05</li>
  <li><strong>Medication:</strong> e</li>
  <li><strong>Test Results:</strong> b</li>
</ul>
</body>
</html>

You are a meticulous data analyst AI. Your primary function is to accurately analyze structured data and provide precise, verifiable answers.

You will be given a dataset with two key parts:

A 'questions' section: This is your data dictionary or schema. It is the single source of truth for understanding what each field and score means. Refer to it carefully.

A 'responses' section: This contains the raw data from each individual respondent.

To answer the question correctly, you must first use the 'questions' schema to fully understand the context and meaning of the data points within the 'responses'. Do not rely on any prior knowledge outside of this provided data. Base your entire analysis on the information given.

Provide your final answer directly and concisely. Output must be the human-readable value, not an option code.

Rules:
- For MCQ fields, map any letter codes in the Responses (case-insensitive) to the corresponding option text from the Questions schema, and output only that text. Do NOT include the letter or both.
  Example: If the schema is ""[MCQ: A. Abnormal B. Inconclusive C. Normal]"" and the response is ""a"", output ""Abnormal"".
- For open-ended fields, output the exact text value.
- If the question asks for a count, provide only the number (e.g., ""42"").
- If the question asks for a list of names or IDs, provide a simple comma-separated list (e.g., ""17, 21, 23"").
- Preserve capitalization exactly as in the schema (e.g., output ""Abnormal"", not ""abnormal"" or ""A"").

Which respondent numbers have Medical Condition Hypertension and Admission Type Elective?",,
case_48,multi_hop_relational_inference,Which respondent numbers have Gender Male and Test Results Normal?,"<!DOCTYPE html>
<html>
<head>
<title>Survey Data</title>
</head>
<body>
<h1>Questions</h1>
<ul>
  <li><strong>Name:</strong> What is your name? [Open-ended]</li>
  <li><strong>Age:</strong> What is your age? [Open-ended]</li>
  <li><strong>Gender:</strong> What is your gender? [MCQ: A. Female B. Male]</li>
  <li><strong>Blood Type:</strong> What is your blood type? [MCQ: A. A+ B. A- C. AB+ D. AB- E. B+ F. B- G. O+ H. O-]</li>
  <li><strong>Medical Condition:</strong> What is your medical condition? [MCQ: A. Arthritis B. Asthma C. Cancer D. Diabetes E. Hypertension F. Obesity]</li>
  <li><strong>Date of Admission:</strong> What is your date of admission? [Open-ended]</li>
  <li><strong>Doctor:</strong> What is your doctor? [Open-ended]</li>
  <li><strong>Hospital:</strong> What is your hospital? [Open-ended]</li>
  <li><strong>Insurance Provider:</strong> What is your insurance provider? [MCQ: A. Aetna B. Blue Cross C. Cigna D. Medicare E. UnitedHealthcare]</li>
  <li><strong>Billing Amount:</strong> What is your billing amount? [Open-ended]</li>
  <li><strong>Room Number:</strong> What is your room number? [Open-ended]</li>
  <li><strong>Admission Type:</strong> What is your admission type? [MCQ: A. Elective B. Emergency C. Urgent]</li>
  <li><strong>Discharge Date:</strong> What is your discharge date? [Open-ended]</li>
  <li><strong>Medication:</strong> What is your medication? [MCQ: A. Aspirin B. Ibuprofen C. Lipitor D. Paracetamol E. Penicillin]</li>
  <li><strong>Test Results:</strong> What is your test results? [MCQ: A. Abnormal B. Inconclusive C. Normal]</li>
</ul>
<h1>Responses</h1>
<h2>Respondent 42</h2>
<ul>
  <li><strong>Name:</strong> ThomAS morsE</li>
  <li><strong>Age:</strong> 81</li>
  <li><strong>Gender:</strong> b</li>
  <li><strong>Blood Type:</strong> a</li>
  <li><strong>Medical Condition:</strong> e</li>
  <li><strong>Date of Admission:</strong> 2020-01-27</li>
  <li><strong>Doctor:</strong> Jennifer Carter</li>
  <li><strong>Hospital:</strong> Meadows Group</li>
  <li><strong>Insurance Provider:</strong> c</li>
  <li><strong>Billing Amount:</strong> 35634</li>
  <li><strong>Room Number:</strong> 196</li>
  <li><strong>Admission Type:</strong> c</li>
  <li><strong>Discharge Date:</strong> 2020-02-09</li>
  <li><strong>Medication:</strong> a</li>
  <li><strong>Test Results:</strong> c</li>
</ul>
<h2>Respondent 88</h2>
<ul>
  <li><strong>Name:</strong> JUan klEiN</li>
  <li><strong>Age:</strong> 58</li>
  <li><strong>Gender:</strong> a</li>
  <li><strong>Blood Type:</strong> f</li>
  <li><strong>Medical Condition:</strong> a</li>
  <li><strong>Date of Admission:</strong> 2023-08-19</li>
  <li><strong>Doctor:</strong> Lisa Edwards</li>
  <li><strong>Hospital:</strong> Group Hood</li>
  <li><strong>Insurance Provider:</strong> e</li>
  <li><strong>Billing Amount:</strong> 24870</li>
  <li><strong>Room Number:</strong> 321</li>
  <li><strong>Admission Type:</strong> b</li>
  <li><strong>Discharge Date:</strong> 2023-08-25</li>
  <li><strong>Medication:</strong> b</li>
  <li><strong>Test Results:</strong> b</li>
</ul>
<h2>Respondent 135</h2>
<ul>
  <li><strong>Name:</strong> aLaN AlVaREz</li>
  <li><strong>Age:</strong> 81</li>
  <li><strong>Gender:</strong> b</li>
  <li><strong>Blood Type:</strong> e</li>
  <li><strong>Medical Condition:</strong> e</li>
  <li><strong>Date of Admission:</strong> 2021-10-25</li>
  <li><strong>Doctor:</strong> Elizabeth Morales</li>
  <li><strong>Hospital:</strong> and Smith, Tucker Cross</li>
  <li><strong>Insurance Provider:</strong> e</li>
  <li><strong>Billing Amount:</strong> 46378</li>
  <li><strong>Room Number:</strong> 275</li>
  <li><strong>Admission Type:</strong> c</li>
  <li><strong>Discharge Date:</strong> 2021-11-22</li>
  <li><strong>Medication:</strong> c</li>
  <li><strong>Test Results:</strong> c</li>
</ul>
</body>
</html>","42, 135","Which respondent numbers have Gender Male and Medical Condition Cancer?

DATA:

<!DOCTYPE html>
<html>
<head>
<title>Survey Data</title>
</head>
<body>
<h1>Questions</h1>
<ul>
  <li><strong>Name:</strong> What is your name? [Open-ended]</li>
  <li><strong>Age:</strong> What is your age? [Open-ended]</li>
  <li><strong>Gender:</strong> What is your gender? [MCQ: A. Female B. Male]</li>
  <li><strong>Blood Type:</strong> What is your blood type? [MCQ: A. A+ B. A- C. AB+ D. AB- E. B+ F. B- G. O+ H. O-]</li>
  <li><strong>Medical Condition:</strong> What is your medical condition? [MCQ: A. Arthritis B. Asthma C. Cancer D. Diabetes E. Hypertension F. Obesity]</li>
  <li><strong>Date of Admission:</strong> What is your date of admission? [Open-ended]</li>
  <li><strong>Doctor:</strong> What is your doctor? [Open-ended]</li>
  <li><strong>Hospital:</strong> What is your hospital? [Open-ended]</li>
  <li><strong>Insurance Provider:</strong> What is your insurance provider? [MCQ: A. Aetna B. Blue Cross C. Cigna D. Medicare E. UnitedHealthcare]</li>
  <li><strong>Billing Amount:</strong> What is your billing amount? [Open-ended]</li>
  <li><strong>Room Number:</strong> What is your room number? [Open-ended]</li>
  <li><strong>Admission Type:</strong> What is your admission type? [MCQ: A. Elective B. Emergency C. Urgent]</li>
  <li><strong>Discharge Date:</strong> What is your discharge date? [Open-ended]</li>
  <li><strong>Medication:</strong> What is your medication? [MCQ: A. Aspirin B. Ibuprofen C. Lipitor D. Paracetamol E. Penicillin]</li>
  <li><strong>Test Results:</strong> What is your test results? [MCQ: A. Abnormal B. Inconclusive C. Normal]</li>
</ul>
<h1>Responses</h1>
<h2>Respondent 133</h2>
<ul>
  <li><strong>Name:</strong> ashLEy ERIcKSoN</li>
  <li><strong>Age:</strong> 32</li>
  <li><strong>Gender:</strong> a</li>
  <li><strong>Blood Type:</strong> d</li>
  <li><strong>Medical Condition:</strong> c</li>
  <li><strong>Date of Admission:</strong> 2019-11-05</li>
  <li><strong>Doctor:</strong> Gerald Hooper</li>
  <li><strong>Hospital:</strong> and Johnson Moore, Branch</li>
  <li><strong>Insurance Provider:</strong> a</li>
  <li><strong>Billing Amount:</strong> -503</li>
  <li><strong>Room Number:</strong> 376</li>
  <li><strong>Admission Type:</strong> c</li>
  <li><strong>Discharge Date:</strong> 2019-11-23</li>
  <li><strong>Medication:</strong> e</li>
  <li><strong>Test Results:</strong> c</li>
</ul>
<h2>Respondent 63</h2>
<ul>
  <li><strong>Name:</strong> tRAvIs carTeR</li>
  <li><strong>Age:</strong> 18</li>
  <li><strong>Gender:</strong> b</li>
  <li><strong>Blood Type:</strong> a</li>
  <li><strong>Medical Condition:</strong> c</li>
  <li><strong>Date of Admission:</strong> 2022-07-06</li>
  <li><strong>Doctor:</strong> Megan Hahn</li>
  <li><strong>Hospital:</strong> Moss and Ferguson, Baker</li>
  <li><strong>Insurance Provider:</strong> e</li>
  <li><strong>Billing Amount:</strong> 48407</li>
  <li><strong>Room Number:</strong> 325</li>
  <li><strong>Admission Type:</strong> b</li>
  <li><strong>Discharge Date:</strong> 2022-07-18</li>
  <li><strong>Medication:</strong> a</li>
  <li><strong>Test Results:</strong> c</li>
</ul>
<h2>Respondent 116</h2>
<ul>
  <li><strong>Name:</strong> reBEcCA PARsONs</li>
  <li><strong>Age:</strong> 37</li>
  <li><strong>Gender:</strong> a</li>
  <li><strong>Blood Type:</strong> g</li>
  <li><strong>Medical Condition:</strong> b</li>
  <li><strong>Date of Admission:</strong> 2019-12-02</li>
  <li><strong>Doctor:</strong> Steven Adams</li>
  <li><strong>Hospital:</strong> Group White</li>
  <li><strong>Insurance Provider:</strong> a</li>
  <li><strong>Billing Amount:</strong> 8521</li>
  <li><strong>Room Number:</strong> 476</li>
  <li><strong>Admission Type:</strong> a</li>
  <li><strong>Discharge Date:</strong> 2019-12-13</li>
  <li><strong>Medication:</strong> e</li>
  <li><strong>Test Results:</strong> a</li>
</ul>
</body>
</html>

Answer: 63

<!DOCTYPE html>
<html>
<head>
<title>Survey Data</title>
</head>
<body>
<h1>Questions</h1>
<ul>
  <li><strong>Name:</strong> What is your name? [Open-ended]</li>
  <li><strong>Age:</strong> What is your age? [Open-ended]</li>
  <li><strong>Gender:</strong> What is your gender? [MCQ: A. Female B. Male]</li>
  <li><strong>Blood Type:</strong> What is your blood type? [MCQ: A. A+ B. A- C. AB+ D. AB- E. B+ F. B- G. O+ H. O-]</li>
  <li><strong>Medical Condition:</strong> What is your medical condition? [MCQ: A. Arthritis B. Asthma C. Cancer D. Diabetes E. Hypertension F. Obesity]</li>
  <li><strong>Date of Admission:</strong> What is your date of admission? [Open-ended]</li>
  <li><strong>Doctor:</strong> What is your doctor? [Open-ended]</li>
  <li><strong>Hospital:</strong> What is your hospital? [Open-ended]</li>
  <li><strong>Insurance Provider:</strong> What is your insurance provider? [MCQ: A. Aetna B. Blue Cross C. Cigna D. Medicare E. UnitedHealthcare]</li>
  <li><strong>Billing Amount:</strong> What is your billing amount? [Open-ended]</li>
  <li><strong>Room Number:</strong> What is your room number? [Open-ended]</li>
  <li><strong>Admission Type:</strong> What is your admission type? [MCQ: A. Elective B. Emergency C. Urgent]</li>
  <li><strong>Discharge Date:</strong> What is your discharge date? [Open-ended]</li>
  <li><strong>Medication:</strong> What is your medication? [MCQ: A. Aspirin B. Ibuprofen C. Lipitor D. Paracetamol E. Penicillin]</li>
  <li><strong>Test Results:</strong> What is your test results? [MCQ: A. Abnormal B. Inconclusive C. Normal]</li>
</ul>
<h1>Responses</h1>
<h2>Respondent 42</h2>
<ul>
  <li><strong>Name:</strong> ThomAS morsE</li>
  <li><strong>Age:</strong> 81</li>
  <li><strong>Gender:</strong> b</li>
  <li><strong>Blood Type:</strong> a</li>
  <li><strong>Medical Condition:</strong> e</li>
  <li><strong>Date of Admission:</strong> 2020-01-27</li>
  <li><strong>Doctor:</strong> Jennifer Carter</li>
  <li><strong>Hospital:</strong> Meadows Group</li>
  <li><strong>Insurance Provider:</strong> c</li>
  <li><strong>Billing Amount:</strong> 35634</li>
  <li><strong>Room Number:</strong> 196</li>
  <li><strong>Admission Type:</strong> c</li>
  <li><strong>Discharge Date:</strong> 2020-02-09</li>
  <li><strong>Medication:</strong> a</li>
  <li><strong>Test Results:</strong> c</li>
</ul>
<h2>Respondent 88</h2>
<ul>
  <li><strong>Name:</strong> JUan klEiN</li>
  <li><strong>Age:</strong> 58</li>
  <li><strong>Gender:</strong> a</li>
  <li><strong>Blood Type:</strong> f</li>
  <li><strong>Medical Condition:</strong> a</li>
  <li><strong>Date of Admission:</strong> 2023-08-19</li>
  <li><strong>Doctor:</strong> Lisa Edwards</li>
  <li><strong>Hospital:</strong> Group Hood</li>
  <li><strong>Insurance Provider:</strong> e</li>
  <li><strong>Billing Amount:</strong> 24870</li>
  <li><strong>Room Number:</strong> 321</li>
  <li><strong>Admission Type:</strong> b</li>
  <li><strong>Discharge Date:</strong> 2023-08-25</li>
  <li><strong>Medication:</strong> b</li>
  <li><strong>Test Results:</strong> b</li>
</ul>
<h2>Respondent 135</h2>
<ul>
  <li><strong>Name:</strong> aLaN AlVaREz</li>
  <li><strong>Age:</strong> 81</li>
  <li><strong>Gender:</strong> b</li>
  <li><strong>Blood Type:</strong> e</li>
  <li><strong>Medical Condition:</strong> e</li>
  <li><strong>Date of Admission:</strong> 2021-10-25</li>
  <li><strong>Doctor:</strong> Elizabeth Morales</li>
  <li><strong>Hospital:</strong> and Smith, Tucker Cross</li>
  <li><strong>Insurance Provider:</strong> e</li>
  <li><strong>Billing Amount:</strong> 46378</li>
  <li><strong>Room Number:</strong> 275</li>
  <li><strong>Admission Type:</strong> c</li>
  <li><strong>Discharge Date:</strong> 2021-11-22</li>
  <li><strong>Medication:</strong> c</li>
  <li><strong>Test Results:</strong> c</li>
</ul>
</body>
</html>

You are a meticulous data analyst AI. Your primary function is to accurately analyze structured data and provide precise, verifiable answers.

You will be given a dataset with two key parts:

A 'questions' section: This is your data dictionary or schema. It is the single source of truth for understanding what each field and score means. Refer to it carefully.

A 'responses' section: This contains the raw data from each individual respondent.

To answer the question correctly, you must first use the 'questions' schema to fully understand the context and meaning of the data points within the 'responses'. Do not rely on any prior knowledge outside of this provided data. Base your entire analysis on the information given.

Provide your final answer directly and concisely. Output must be the human-readable value, not an option code.

Rules:
- For MCQ fields, map any letter codes in the Responses (case-insensitive) to the corresponding option text from the Questions schema, and output only that text. Do NOT include the letter or both.
  Example: If the schema is ""[MCQ: A. Abnormal B. Inconclusive C. Normal]"" and the response is ""a"", output ""Abnormal"".
- For open-ended fields, output the exact text value.
- If the question asks for a count, provide only the number (e.g., ""42"").
- If the question asks for a list of names or IDs, provide a simple comma-separated list (e.g., ""17, 21, 23"").
- Preserve capitalization exactly as in the schema (e.g., output ""Abnormal"", not ""abnormal"" or ""A"").

Which respondent numbers have Gender Male and Test Results Normal?",,
case_49,multi_hop_relational_inference,Which respondent numbers have Blood Type AB- and Insurance Provider Medicare?,"<!DOCTYPE html>
<html>
<head>
<title>Survey Data</title>
</head>
<body>
<h1>Questions</h1>
<ul>
  <li><strong>Name:</strong> What is your name? [Open-ended]</li>
  <li><strong>Age:</strong> What is your age? [Open-ended]</li>
  <li><strong>Gender:</strong> What is your gender? [MCQ: A. Female B. Male]</li>
  <li><strong>Blood Type:</strong> What is your blood type? [MCQ: A. A+ B. A- C. AB+ D. AB- E. B+ F. B- G. O+ H. O-]</li>
  <li><strong>Medical Condition:</strong> What is your medical condition? [MCQ: A. Arthritis B. Asthma C. Cancer D. Diabetes E. Hypertension F. Obesity]</li>
  <li><strong>Date of Admission:</strong> What is your date of admission? [Open-ended]</li>
  <li><strong>Doctor:</strong> What is your doctor? [Open-ended]</li>
  <li><strong>Hospital:</strong> What is your hospital? [Open-ended]</li>
  <li><strong>Insurance Provider:</strong> What is your insurance provider? [MCQ: A. Aetna B. Blue Cross C. Cigna D. Medicare E. UnitedHealthcare]</li>
  <li><strong>Billing Amount:</strong> What is your billing amount? [Open-ended]</li>
  <li><strong>Room Number:</strong> What is your room number? [Open-ended]</li>
  <li><strong>Admission Type:</strong> What is your admission type? [MCQ: A. Elective B. Emergency C. Urgent]</li>
  <li><strong>Discharge Date:</strong> What is your discharge date? [Open-ended]</li>
  <li><strong>Medication:</strong> What is your medication? [MCQ: A. Aspirin B. Ibuprofen C. Lipitor D. Paracetamol E. Penicillin]</li>
  <li><strong>Test Results:</strong> What is your test results? [MCQ: A. Abnormal B. Inconclusive C. Normal]</li>
</ul>
<h1>Responses</h1>
<h2>Respondent 51</h2>
<ul>
  <li><strong>Name:</strong> mIchael LiU</li>
  <li><strong>Age:</strong> 30</li>
  <li><strong>Gender:</strong> b</li>
  <li><strong>Blood Type:</strong> d</li>
  <li><strong>Medical Condition:</strong> e</li>
  <li><strong>Date of Admission:</strong> 2024-04-05</li>
  <li><strong>Doctor:</strong> Vicki Nguyen</li>
  <li><strong>Hospital:</strong> Fernandez and Phillips, Singh</li>
  <li><strong>Insurance Provider:</strong> d</li>
  <li><strong>Billing Amount:</strong> 30591</li>
  <li><strong>Room Number:</strong> 456</li>
  <li><strong>Admission Type:</strong> b</li>
  <li><strong>Discharge Date:</strong> 2024-04-22</li>
  <li><strong>Medication:</strong> d</li>
  <li><strong>Test Results:</strong> b</li>
</ul>
<h2>Respondent 88</h2>
<ul>
  <li><strong>Name:</strong> JUan klEiN</li>
  <li><strong>Age:</strong> 58</li>
  <li><strong>Gender:</strong> a</li>
  <li><strong>Blood Type:</strong> f</li>
  <li><strong>Medical Condition:</strong> a</li>
  <li><strong>Date of Admission:</strong> 2023-08-19</li>
  <li><strong>Doctor:</strong> Lisa Edwards</li>
  <li><strong>Hospital:</strong> Group Hood</li>
  <li><strong>Insurance Provider:</strong> e</li>
  <li><strong>Billing Amount:</strong> 24870</li>
  <li><strong>Room Number:</strong> 321</li>
  <li><strong>Admission Type:</strong> b</li>
  <li><strong>Discharge Date:</strong> 2023-08-25</li>
  <li><strong>Medication:</strong> b</li>
  <li><strong>Test Results:</strong> b</li>
</ul>
<h2>Respondent 145</h2>
<ul>
  <li><strong>Name:</strong> ShAUN GuzmAn</li>
  <li><strong>Age:</strong> 21</li>
  <li><strong>Gender:</strong> a</li>
  <li><strong>Blood Type:</strong> d</li>
  <li><strong>Medical Condition:</strong> a</li>
  <li><strong>Date of Admission:</strong> 2022-04-02</li>
  <li><strong>Doctor:</strong> Lori Mendoza</li>
  <li><strong>Hospital:</strong> Ltd Conrad</li>
  <li><strong>Insurance Provider:</strong> a</li>
  <li><strong>Billing Amount:</strong> 1590</li>
  <li><strong>Room Number:</strong> 244</li>
  <li><strong>Admission Type:</strong> b</li>
  <li><strong>Discharge Date:</strong> 2022-04-09</li>
  <li><strong>Medication:</strong> a</li>
  <li><strong>Test Results:</strong> b</li>
</ul>
</body>
</html>",51,"Which respondent numbers have Gender Male and Medical Condition Cancer?

DATA:

<!DOCTYPE html>
<html>
<head>
<title>Survey Data</title>
</head>
<body>
<h1>Questions</h1>
<ul>
  <li><strong>Name:</strong> What is your name? [Open-ended]</li>
  <li><strong>Age:</strong> What is your age? [Open-ended]</li>
  <li><strong>Gender:</strong> What is your gender? [MCQ: A. Female B. Male]</li>
  <li><strong>Blood Type:</strong> What is your blood type? [MCQ: A. A+ B. A- C. AB+ D. AB- E. B+ F. B- G. O+ H. O-]</li>
  <li><strong>Medical Condition:</strong> What is your medical condition? [MCQ: A. Arthritis B. Asthma C. Cancer D. Diabetes E. Hypertension F. Obesity]</li>
  <li><strong>Date of Admission:</strong> What is your date of admission? [Open-ended]</li>
  <li><strong>Doctor:</strong> What is your doctor? [Open-ended]</li>
  <li><strong>Hospital:</strong> What is your hospital? [Open-ended]</li>
  <li><strong>Insurance Provider:</strong> What is your insurance provider? [MCQ: A. Aetna B. Blue Cross C. Cigna D. Medicare E. UnitedHealthcare]</li>
  <li><strong>Billing Amount:</strong> What is your billing amount? [Open-ended]</li>
  <li><strong>Room Number:</strong> What is your room number? [Open-ended]</li>
  <li><strong>Admission Type:</strong> What is your admission type? [MCQ: A. Elective B. Emergency C. Urgent]</li>
  <li><strong>Discharge Date:</strong> What is your discharge date? [Open-ended]</li>
  <li><strong>Medication:</strong> What is your medication? [MCQ: A. Aspirin B. Ibuprofen C. Lipitor D. Paracetamol E. Penicillin]</li>
  <li><strong>Test Results:</strong> What is your test results? [MCQ: A. Abnormal B. Inconclusive C. Normal]</li>
</ul>
<h1>Responses</h1>
<h2>Respondent 133</h2>
<ul>
  <li><strong>Name:</strong> ashLEy ERIcKSoN</li>
  <li><strong>Age:</strong> 32</li>
  <li><strong>Gender:</strong> a</li>
  <li><strong>Blood Type:</strong> d</li>
  <li><strong>Medical Condition:</strong> c</li>
  <li><strong>Date of Admission:</strong> 2019-11-05</li>
  <li><strong>Doctor:</strong> Gerald Hooper</li>
  <li><strong>Hospital:</strong> and Johnson Moore, Branch</li>
  <li><strong>Insurance Provider:</strong> a</li>
  <li><strong>Billing Amount:</strong> -503</li>
  <li><strong>Room Number:</strong> 376</li>
  <li><strong>Admission Type:</strong> c</li>
  <li><strong>Discharge Date:</strong> 2019-11-23</li>
  <li><strong>Medication:</strong> e</li>
  <li><strong>Test Results:</strong> c</li>
</ul>
<h2>Respondent 63</h2>
<ul>
  <li><strong>Name:</strong> tRAvIs carTeR</li>
  <li><strong>Age:</strong> 18</li>
  <li><strong>Gender:</strong> b</li>
  <li><strong>Blood Type:</strong> a</li>
  <li><strong>Medical Condition:</strong> c</li>
  <li><strong>Date of Admission:</strong> 2022-07-06</li>
  <li><strong>Doctor:</strong> Megan Hahn</li>
  <li><strong>Hospital:</strong> Moss and Ferguson, Baker</li>
  <li><strong>Insurance Provider:</strong> e</li>
  <li><strong>Billing Amount:</strong> 48407</li>
  <li><strong>Room Number:</strong> 325</li>
  <li><strong>Admission Type:</strong> b</li>
  <li><strong>Discharge Date:</strong> 2022-07-18</li>
  <li><strong>Medication:</strong> a</li>
  <li><strong>Test Results:</strong> c</li>
</ul>
<h2>Respondent 116</h2>
<ul>
  <li><strong>Name:</strong> reBEcCA PARsONs</li>
  <li><strong>Age:</strong> 37</li>
  <li><strong>Gender:</strong> a</li>
  <li><strong>Blood Type:</strong> g</li>
  <li><strong>Medical Condition:</strong> b</li>
  <li><strong>Date of Admission:</strong> 2019-12-02</li>
  <li><strong>Doctor:</strong> Steven Adams</li>
  <li><strong>Hospital:</strong> Group White</li>
  <li><strong>Insurance Provider:</strong> a</li>
  <li><strong>Billing Amount:</strong> 8521</li>
  <li><strong>Room Number:</strong> 476</li>
  <li><strong>Admission Type:</strong> a</li>
  <li><strong>Discharge Date:</strong> 2019-12-13</li>
  <li><strong>Medication:</strong> e</li>
  <li><strong>Test Results:</strong> a</li>
</ul>
</body>
</html>

Answer: 63

<!DOCTYPE html>
<html>
<head>
<title>Survey Data</title>
</head>
<body>
<h1>Questions</h1>
<ul>
  <li><strong>Name:</strong> What is your name? [Open-ended]</li>
  <li><strong>Age:</strong> What is your age? [Open-ended]</li>
  <li><strong>Gender:</strong> What is your gender? [MCQ: A. Female B. Male]</li>
  <li><strong>Blood Type:</strong> What is your blood type? [MCQ: A. A+ B. A- C. AB+ D. AB- E. B+ F. B- G. O+ H. O-]</li>
  <li><strong>Medical Condition:</strong> What is your medical condition? [MCQ: A. Arthritis B. Asthma C. Cancer D. Diabetes E. Hypertension F. Obesity]</li>
  <li><strong>Date of Admission:</strong> What is your date of admission? [Open-ended]</li>
  <li><strong>Doctor:</strong> What is your doctor? [Open-ended]</li>
  <li><strong>Hospital:</strong> What is your hospital? [Open-ended]</li>
  <li><strong>Insurance Provider:</strong> What is your insurance provider? [MCQ: A. Aetna B. Blue Cross C. Cigna D. Medicare E. UnitedHealthcare]</li>
  <li><strong>Billing Amount:</strong> What is your billing amount? [Open-ended]</li>
  <li><strong>Room Number:</strong> What is your room number? [Open-ended]</li>
  <li><strong>Admission Type:</strong> What is your admission type? [MCQ: A. Elective B. Emergency C. Urgent]</li>
  <li><strong>Discharge Date:</strong> What is your discharge date? [Open-ended]</li>
  <li><strong>Medication:</strong> What is your medication? [MCQ: A. Aspirin B. Ibuprofen C. Lipitor D. Paracetamol E. Penicillin]</li>
  <li><strong>Test Results:</strong> What is your test results? [MCQ: A. Abnormal B. Inconclusive C. Normal]</li>
</ul>
<h1>Responses</h1>
<h2>Respondent 51</h2>
<ul>
  <li><strong>Name:</strong> mIchael LiU</li>
  <li><strong>Age:</strong> 30</li>
  <li><strong>Gender:</strong> b</li>
  <li><strong>Blood Type:</strong> d</li>
  <li><strong>Medical Condition:</strong> e</li>
  <li><strong>Date of Admission:</strong> 2024-04-05</li>
  <li><strong>Doctor:</strong> Vicki Nguyen</li>
  <li><strong>Hospital:</strong> Fernandez and Phillips, Singh</li>
  <li><strong>Insurance Provider:</strong> d</li>
  <li><strong>Billing Amount:</strong> 30591</li>
  <li><strong>Room Number:</strong> 456</li>
  <li><strong>Admission Type:</strong> b</li>
  <li><strong>Discharge Date:</strong> 2024-04-22</li>
  <li><strong>Medication:</strong> d</li>
  <li><strong>Test Results:</strong> b</li>
</ul>
<h2>Respondent 88</h2>
<ul>
  <li><strong>Name:</strong> JUan klEiN</li>
  <li><strong>Age:</strong> 58</li>
  <li><strong>Gender:</strong> a</li>
  <li><strong>Blood Type:</strong> f</li>
  <li><strong>Medical Condition:</strong> a</li>
  <li><strong>Date of Admission:</strong> 2023-08-19</li>
  <li><strong>Doctor:</strong> Lisa Edwards</li>
  <li><strong>Hospital:</strong> Group Hood</li>
  <li><strong>Insurance Provider:</strong> e</li>
  <li><strong>Billing Amount:</strong> 24870</li>
  <li><strong>Room Number:</strong> 321</li>
  <li><strong>Admission Type:</strong> b</li>
  <li><strong>Discharge Date:</strong> 2023-08-25</li>
  <li><strong>Medication:</strong> b</li>
  <li><strong>Test Results:</strong> b</li>
</ul>
<h2>Respondent 145</h2>
<ul>
  <li><strong>Name:</strong> ShAUN GuzmAn</li>
  <li><strong>Age:</strong> 21</li>
  <li><strong>Gender:</strong> a</li>
  <li><strong>Blood Type:</strong> d</li>
  <li><strong>Medical Condition:</strong> a</li>
  <li><strong>Date of Admission:</strong> 2022-04-02</li>
  <li><strong>Doctor:</strong> Lori Mendoza</li>
  <li><strong>Hospital:</strong> Ltd Conrad</li>
  <li><strong>Insurance Provider:</strong> a</li>
  <li><strong>Billing Amount:</strong> 1590</li>
  <li><strong>Room Number:</strong> 244</li>
  <li><strong>Admission Type:</strong> b</li>
  <li><strong>Discharge Date:</strong> 2022-04-09</li>
  <li><strong>Medication:</strong> a</li>
  <li><strong>Test Results:</strong> b</li>
</ul>
</body>
</html>

You are a meticulous data analyst AI. Your primary function is to accurately analyze structured data and provide precise, verifiable answers.

You will be given a dataset with two key parts:

A 'questions' section: This is your data dictionary or schema. It is the single source of truth for understanding what each field and score means. Refer to it carefully.

A 'responses' section: This contains the raw data from each individual respondent.

To answer the question correctly, you must first use the 'questions' schema to fully understand the context and meaning of the data points within the 'responses'. Do not rely on any prior knowledge outside of this provided data. Base your entire analysis on the information given.

Provide your final answer directly and concisely. Output must be the human-readable value, not an option code.

Rules:
- For MCQ fields, map any letter codes in the Responses (case-insensitive) to the corresponding option text from the Questions schema, and output only that text. Do NOT include the letter or both.
  Example: If the schema is ""[MCQ: A. Abnormal B. Inconclusive C. Normal]"" and the response is ""a"", output ""Abnormal"".
- For open-ended fields, output the exact text value.
- If the question asks for a count, provide only the number (e.g., ""42"").
- If the question asks for a list of names or IDs, provide a simple comma-separated list (e.g., ""17, 21, 23"").
- Preserve capitalization exactly as in the schema (e.g., output ""Abnormal"", not ""abnormal"" or ""A"").

Which respondent numbers have Blood Type AB- and Insurance Provider Medicare?",,
case_50,multi_hop_relational_inference,Which respondent numbers have Blood Type O+ and Medication Ibuprofen?,"<!DOCTYPE html>
<html>
<head>
<title>Survey Data</title>
</head>
<body>
<h1>Questions</h1>
<ul>
  <li><strong>Name:</strong> What is your name? [Open-ended]</li>
  <li><strong>Age:</strong> What is your age? [Open-ended]</li>
  <li><strong>Gender:</strong> What is your gender? [MCQ: A. Female B. Male]</li>
  <li><strong>Blood Type:</strong> What is your blood type? [MCQ: A. A+ B. A- C. AB+ D. AB- E. B+ F. B- G. O+ H. O-]</li>
  <li><strong>Medical Condition:</strong> What is your medical condition? [MCQ: A. Arthritis B. Asthma C. Cancer D. Diabetes E. Hypertension F. Obesity]</li>
  <li><strong>Date of Admission:</strong> What is your date of admission? [Open-ended]</li>
  <li><strong>Doctor:</strong> What is your doctor? [Open-ended]</li>
  <li><strong>Hospital:</strong> What is your hospital? [Open-ended]</li>
  <li><strong>Insurance Provider:</strong> What is your insurance provider? [MCQ: A. Aetna B. Blue Cross C. Cigna D. Medicare E. UnitedHealthcare]</li>
  <li><strong>Billing Amount:</strong> What is your billing amount? [Open-ended]</li>
  <li><strong>Room Number:</strong> What is your room number? [Open-ended]</li>
  <li><strong>Admission Type:</strong> What is your admission type? [MCQ: A. Elective B. Emergency C. Urgent]</li>
  <li><strong>Discharge Date:</strong> What is your discharge date? [Open-ended]</li>
  <li><strong>Medication:</strong> What is your medication? [MCQ: A. Aspirin B. Ibuprofen C. Lipitor D. Paracetamol E. Penicillin]</li>
  <li><strong>Test Results:</strong> What is your test results? [MCQ: A. Abnormal B. Inconclusive C. Normal]</li>
</ul>
<h1>Responses</h1>
<h2>Respondent 85</h2>
<ul>
  <li><strong>Name:</strong> cindY OROzco</li>
  <li><strong>Age:</strong> 26</li>
  <li><strong>Gender:</strong> a</li>
  <li><strong>Blood Type:</strong> f</li>
  <li><strong>Medical Condition:</strong> b</li>
  <li><strong>Date of Admission:</strong> 2023-05-12</li>
  <li><strong>Doctor:</strong> Julie Finley</li>
  <li><strong>Hospital:</strong> Kemp LLC</li>
  <li><strong>Insurance Provider:</strong> d</li>
  <li><strong>Billing Amount:</strong> 10284</li>
  <li><strong>Room Number:</strong> 273</li>
  <li><strong>Admission Type:</strong> b</li>
  <li><strong>Discharge Date:</strong> 2023-06-10</li>
  <li><strong>Medication:</strong> b</li>
  <li><strong>Test Results:</strong> a</li>
</ul>
<h2>Respondent 123</h2>
<ul>
  <li><strong>Name:</strong> Jeffrey tuRNER</li>
  <li><strong>Age:</strong> 85</li>
  <li><strong>Gender:</strong> a</li>
  <li><strong>Blood Type:</strong> g</li>
  <li><strong>Medical Condition:</strong> f</li>
  <li><strong>Date of Admission:</strong> 2020-05-31</li>
  <li><strong>Doctor:</strong> Matthew Carter</li>
  <li><strong>Hospital:</strong> Kim Rosario, and Hammond</li>
  <li><strong>Insurance Provider:</strong> a</li>
  <li><strong>Billing Amount:</strong> 39958</li>
  <li><strong>Room Number:</strong> 211</li>
  <li><strong>Admission Type:</strong> c</li>
  <li><strong>Discharge Date:</strong> 2020-06-01</li>
  <li><strong>Medication:</strong> b</li>
  <li><strong>Test Results:</strong> c</li>
</ul>
<h2>Respondent 93</h2>
<ul>
  <li><strong>Name:</strong> TAyLoR howeLl Dds</li>
  <li><strong>Age:</strong> 35</li>
  <li><strong>Gender:</strong> a</li>
  <li><strong>Blood Type:</strong> e</li>
  <li><strong>Medical Condition:</strong> d</li>
  <li><strong>Date of Admission:</strong> 2021-09-10</li>
  <li><strong>Doctor:</strong> Kyle Patterson</li>
  <li><strong>Hospital:</strong> Walter PLC</li>
  <li><strong>Insurance Provider:</strong> b</li>
  <li><strong>Billing Amount:</strong> 30358</li>
  <li><strong>Room Number:</strong> 318</li>
  <li><strong>Admission Type:</strong> a</li>
  <li><strong>Discharge Date:</strong> 2021-09-18</li>
  <li><strong>Medication:</strong> b</li>
  <li><strong>Test Results:</strong> b</li>
</ul>
</body>
</html>",123,"Which respondent numbers have Gender Male and Medical Condition Cancer?

DATA:

<!DOCTYPE html>
<html>
<head>
<title>Survey Data</title>
</head>
<body>
<h1>Questions</h1>
<ul>
  <li><strong>Name:</strong> What is your name? [Open-ended]</li>
  <li><strong>Age:</strong> What is your age? [Open-ended]</li>
  <li><strong>Gender:</strong> What is your gender? [MCQ: A. Female B. Male]</li>
  <li><strong>Blood Type:</strong> What is your blood type? [MCQ: A. A+ B. A- C. AB+ D. AB- E. B+ F. B- G. O+ H. O-]</li>
  <li><strong>Medical Condition:</strong> What is your medical condition? [MCQ: A. Arthritis B. Asthma C. Cancer D. Diabetes E. Hypertension F. Obesity]</li>
  <li><strong>Date of Admission:</strong> What is your date of admission? [Open-ended]</li>
  <li><strong>Doctor:</strong> What is your doctor? [Open-ended]</li>
  <li><strong>Hospital:</strong> What is your hospital? [Open-ended]</li>
  <li><strong>Insurance Provider:</strong> What is your insurance provider? [MCQ: A. Aetna B. Blue Cross C. Cigna D. Medicare E. UnitedHealthcare]</li>
  <li><strong>Billing Amount:</strong> What is your billing amount? [Open-ended]</li>
  <li><strong>Room Number:</strong> What is your room number? [Open-ended]</li>
  <li><strong>Admission Type:</strong> What is your admission type? [MCQ: A. Elective B. Emergency C. Urgent]</li>
  <li><strong>Discharge Date:</strong> What is your discharge date? [Open-ended]</li>
  <li><strong>Medication:</strong> What is your medication? [MCQ: A. Aspirin B. Ibuprofen C. Lipitor D. Paracetamol E. Penicillin]</li>
  <li><strong>Test Results:</strong> What is your test results? [MCQ: A. Abnormal B. Inconclusive C. Normal]</li>
</ul>
<h1>Responses</h1>
<h2>Respondent 133</h2>
<ul>
  <li><strong>Name:</strong> ashLEy ERIcKSoN</li>
  <li><strong>Age:</strong> 32</li>
  <li><strong>Gender:</strong> a</li>
  <li><strong>Blood Type:</strong> d</li>
  <li><strong>Medical Condition:</strong> c</li>
  <li><strong>Date of Admission:</strong> 2019-11-05</li>
  <li><strong>Doctor:</strong> Gerald Hooper</li>
  <li><strong>Hospital:</strong> and Johnson Moore, Branch</li>
  <li><strong>Insurance Provider:</strong> a</li>
  <li><strong>Billing Amount:</strong> -503</li>
  <li><strong>Room Number:</strong> 376</li>
  <li><strong>Admission Type:</strong> c</li>
  <li><strong>Discharge Date:</strong> 2019-11-23</li>
  <li><strong>Medication:</strong> e</li>
  <li><strong>Test Results:</strong> c</li>
</ul>
<h2>Respondent 63</h2>
<ul>
  <li><strong>Name:</strong> tRAvIs carTeR</li>
  <li><strong>Age:</strong> 18</li>
  <li><strong>Gender:</strong> b</li>
  <li><strong>Blood Type:</strong> a</li>
  <li><strong>Medical Condition:</strong> c</li>
  <li><strong>Date of Admission:</strong> 2022-07-06</li>
  <li><strong>Doctor:</strong> Megan Hahn</li>
  <li><strong>Hospital:</strong> Moss and Ferguson, Baker</li>
  <li><strong>Insurance Provider:</strong> e</li>
  <li><strong>Billing Amount:</strong> 48407</li>
  <li><strong>Room Number:</strong> 325</li>
  <li><strong>Admission Type:</strong> b</li>
  <li><strong>Discharge Date:</strong> 2022-07-18</li>
  <li><strong>Medication:</strong> a</li>
  <li><strong>Test Results:</strong> c</li>
</ul>
<h2>Respondent 116</h2>
<ul>
  <li><strong>Name:</strong> reBEcCA PARsONs</li>
  <li><strong>Age:</strong> 37</li>
  <li><strong>Gender:</strong> a</li>
  <li><strong>Blood Type:</strong> g</li>
  <li><strong>Medical Condition:</strong> b</li>
  <li><strong>Date of Admission:</strong> 2019-12-02</li>
  <li><strong>Doctor:</strong> Steven Adams</li>
  <li><strong>Hospital:</strong> Group White</li>
  <li><strong>Insurance Provider:</strong> a</li>
  <li><strong>Billing Amount:</strong> 8521</li>
  <li><strong>Room Number:</strong> 476</li>
  <li><strong>Admission Type:</strong> a</li>
  <li><strong>Discharge Date:</strong> 2019-12-13</li>
  <li><strong>Medication:</strong> e</li>
  <li><strong>Test Results:</strong> a</li>
</ul>
</body>
</html>

Answer: 63

<!DOCTYPE html>
<html>
<head>
<title>Survey Data</title>
</head>
<body>
<h1>Questions</h1>
<ul>
  <li><strong>Name:</strong> What is your name? [Open-ended]</li>
  <li><strong>Age:</strong> What is your age? [Open-ended]</li>
  <li><strong>Gender:</strong> What is your gender? [MCQ: A. Female B. Male]</li>
  <li><strong>Blood Type:</strong> What is your blood type? [MCQ: A. A+ B. A- C. AB+ D. AB- E. B+ F. B- G. O+ H. O-]</li>
  <li><strong>Medical Condition:</strong> What is your medical condition? [MCQ: A. Arthritis B. Asthma C. Cancer D. Diabetes E. Hypertension F. Obesity]</li>
  <li><strong>Date of Admission:</strong> What is your date of admission? [Open-ended]</li>
  <li><strong>Doctor:</strong> What is your doctor? [Open-ended]</li>
  <li><strong>Hospital:</strong> What is your hospital? [Open-ended]</li>
  <li><strong>Insurance Provider:</strong> What is your insurance provider? [MCQ: A. Aetna B. Blue Cross C. Cigna D. Medicare E. UnitedHealthcare]</li>
  <li><strong>Billing Amount:</strong> What is your billing amount? [Open-ended]</li>
  <li><strong>Room Number:</strong> What is your room number? [Open-ended]</li>
  <li><strong>Admission Type:</strong> What is your admission type? [MCQ: A. Elective B. Emergency C. Urgent]</li>
  <li><strong>Discharge Date:</strong> What is your discharge date? [Open-ended]</li>
  <li><strong>Medication:</strong> What is your medication? [MCQ: A. Aspirin B. Ibuprofen C. Lipitor D. Paracetamol E. Penicillin]</li>
  <li><strong>Test Results:</strong> What is your test results? [MCQ: A. Abnormal B. Inconclusive C. Normal]</li>
</ul>
<h1>Responses</h1>
<h2>Respondent 85</h2>
<ul>
  <li><strong>Name:</strong> cindY OROzco</li>
  <li><strong>Age:</strong> 26</li>
  <li><strong>Gender:</strong> a</li>
  <li><strong>Blood Type:</strong> f</li>
  <li><strong>Medical Condition:</strong> b</li>
  <li><strong>Date of Admission:</strong> 2023-05-12</li>
  <li><strong>Doctor:</strong> Julie Finley</li>
  <li><strong>Hospital:</strong> Kemp LLC</li>
  <li><strong>Insurance Provider:</strong> d</li>
  <li><strong>Billing Amount:</strong> 10284</li>
  <li><strong>Room Number:</strong> 273</li>
  <li><strong>Admission Type:</strong> b</li>
  <li><strong>Discharge Date:</strong> 2023-06-10</li>
  <li><strong>Medication:</strong> b</li>
  <li><strong>Test Results:</strong> a</li>
</ul>
<h2>Respondent 123</h2>
<ul>
  <li><strong>Name:</strong> Jeffrey tuRNER</li>
  <li><strong>Age:</strong> 85</li>
  <li><strong>Gender:</strong> a</li>
  <li><strong>Blood Type:</strong> g</li>
  <li><strong>Medical Condition:</strong> f</li>
  <li><strong>Date of Admission:</strong> 2020-05-31</li>
  <li><strong>Doctor:</strong> Matthew Carter</li>
  <li><strong>Hospital:</strong> Kim Rosario, and Hammond</li>
  <li><strong>Insurance Provider:</strong> a</li>
  <li><strong>Billing Amount:</strong> 39958</li>
  <li><strong>Room Number:</strong> 211</li>
  <li><strong>Admission Type:</strong> c</li>
  <li><strong>Discharge Date:</strong> 2020-06-01</li>
  <li><strong>Medication:</strong> b</li>
  <li><strong>Test Results:</strong> c</li>
</ul>
<h2>Respondent 93</h2>
<ul>
  <li><strong>Name:</strong> TAyLoR howeLl Dds</li>
  <li><strong>Age:</strong> 35</li>
  <li><strong>Gender:</strong> a</li>
  <li><strong>Blood Type:</strong> e</li>
  <li><strong>Medical Condition:</strong> d</li>
  <li><strong>Date of Admission:</strong> 2021-09-10</li>
  <li><strong>Doctor:</strong> Kyle Patterson</li>
  <li><strong>Hospital:</strong> Walter PLC</li>
  <li><strong>Insurance Provider:</strong> b</li>
  <li><strong>Billing Amount:</strong> 30358</li>
  <li><strong>Room Number:</strong> 318</li>
  <li><strong>Admission Type:</strong> a</li>
  <li><strong>Discharge Date:</strong> 2021-09-18</li>
  <li><strong>Medication:</strong> b</li>
  <li><strong>Test Results:</strong> b</li>
</ul>
</body>
</html>

You are a meticulous data analyst AI. Your primary function is to accurately analyze structured data and provide precise, verifiable answers.

You will be given a dataset with two key parts:

A 'questions' section: This is your data dictionary or schema. It is the single source of truth for understanding what each field and score means. Refer to it carefully.

A 'responses' section: This contains the raw data from each individual respondent.

To answer the question correctly, you must first use the 'questions' schema to fully understand the context and meaning of the data points within the 'responses'. Do not rely on any prior knowledge outside of this provided data. Base your entire analysis on the information given.

Provide your final answer directly and concisely. Output must be the human-readable value, not an option code.

Rules:
- For MCQ fields, map any letter codes in the Responses (case-insensitive) to the corresponding option text from the Questions schema, and output only that text. Do NOT include the letter or both.
  Example: If the schema is ""[MCQ: A. Abnormal B. Inconclusive C. Normal]"" and the response is ""a"", output ""Abnormal"".
- For open-ended fields, output the exact text value.
- If the question asks for a count, provide only the number (e.g., ""42"").
- If the question asks for a list of names or IDs, provide a simple comma-separated list (e.g., ""17, 21, 23"").
- Preserve capitalization exactly as in the schema (e.g., output ""Abnormal"", not ""abnormal"" or ""A"").

Which respondent numbers have Blood Type O+ and Medication Ibuprofen?",,
