case_id,task,question,questionnaire,expected_answer,prompt,Response,Correct
case_1,answer_lookup,"For respondent 129, what is the value for 'Appetite Changes' in the 'Depressive Symptoms Frequency' category?","@prefix : <http://example.org/survey#> .
@prefix pred: <http://example.org/predicate#> .
@prefix qg: <http://example.org/question_group#> .

# Questions
:QYear_of_birth pred:Text ""What is your date of birth? [Open-ended]"" .
:QGender pred:Text ""What is your gender? [MCQ: 1. Male 2. Female]"" .
:QSocio_economic_status pred:Text ""What is the socio-economic status of your home? [Likert 1–6: 1 = Very low, 6 = Very high]"" .
:QEthnic_identity pred:Text ""According to your culture, people, or physical features, you are or are recognized as: [MCQ: 1. Indigenous 2. Gypsy 3. Raizal from San Andres, Providencia and Santa Catalina Archipelago 4. Palenquero from San Basilio 5. Black, mulatto (Afro-descendant), Afro-Colombian 6. None of the above]"" .

:QGParental_Education pred:BaseQuestion ""How many years of education did your parents receive? [Open-ended]"" ;
    qg:hasSubQuestion :QParental_Education_Father, :QParental_Education_Mother .
:QParental_Education_Father pred:Text ""Father?"" .
:QParental_Education_Mother pred:Text ""Mother?"" .

:QLife_satisfaction pred:Text ""In general, how satisfied are you with all aspects of your life? [Likert 0–10: 0 = Not satisfied, 10 = Totally satisfied]"" .
:QHappiness pred:Text ""How happy did you feel yesterday? [Likert 0–10: 0 = At no time, 10 = All the time]"" .
:QLaughter pred:Text ""How much did you laugh yesterday? [Likert 0–10: 0 = At no time, 10 = All the time]"" .
:QLearning pred:Text ""Did you learn new or exciting things yesterday? [Likert 0–10: 0 = At no time, 10 = All the time]"" .
:QEnjoyment pred:Text ""How much did you enjoy the activities you did yesterday? [Likert 0–10: 0 = At no time, 10 = All the time]"" .
:QWorry pred:Text ""How worried did you feel yesterday? [Likert 0–10: 0 = At no time, 10 = All the time]"" .
:QDepression pred:Text ""How depressed did you feel yesterday? [Likert 0–10: 0 = At no time, 10 = All the time]"" .
:QAnger pred:Text ""How angry did you feel yesterday? [Likert 0–10: 0 = At no time, 10 = All the time]"" .
:QStress pred:Text ""How much stress did you feel yesterday? [Likert 0–10: 0 = At no time, 10 = All the time]"" .
:QLoneliness pred:Text ""How lonely or unsupported did you feel yesterday? [Likert 0–10: 0 = At no time, 10 = All the time]"" .

:QGEmotional_Regulation_Frequency pred:BaseQuestion ""Next, you will be asked questions about your emotional state. Please answer on a scale of 0 to 4, where 0 is never, 1 is 'almost never', 2 is 'sometimes', 3 is 'fairly often', and 4 is 'very often', how often you experienced the following feelings during the last month: [Likert 0–4]"" ;
    qg:hasSubQuestion :QEmotional_Regulation_Frequency_Upset_by_Unexpected_Events,
                      :QEmotional_Regulation_Frequency_Unable_to_Control_Important_Things,
                      :QEmotional_Regulation_Frequency_Nervous_and_Stressed,
                      :QEmotional_Regulation_Frequency_Lacked_Confidence_Handling_Problems,
                      :QEmotional_Regulation_Frequency_Things_Going_Your_Way,
                      :QEmotional_Regulation_Frequency_Unable_to_Cope,
                      :QEmotional_Regulation_Frequency_Irritated_by_Life,
                      :QEmotional_Regulation_Frequency_On_Top_of_Things,
                      :QEmotional_Regulation_Frequency_Angered_by_Uncontrollable_Events,
                      :QEmotional_Regulation_Frequency_Felt_Overwhelmed .

:QEmotional_Regulation_Frequency_Upset_by_Unexpected_Events pred:Text ""how often have you been upset because of something that happened unexpectedly?"" .
:QEmotional_Regulation_Frequency_Unable_to_Control_Important_Things pred:Text ""how often have you felt that you were unable to control the important things in your life?"" .
:QEmotional_Regulation_Frequency_Nervous_and_Stressed pred:Text ""how often have you felt nervous and stressed?"" .
:QEmotional_Regulation_Frequency_Lacked_Confidence_Handling_Problems pred:Text ""how often have you felt confident about your ability to handle your personal problems?"" .
:QEmotional_Regulation_Frequency_Things_Going_Your_Way pred:Text ""how often have you felt that things were going your way?"" .
:QEmotional_Regulation_Frequency_Unable_to_Cope pred:Text ""how often have you found that you could not cope with all the things that you had to do?"" .
:QEmotional_Regulation_Frequency_Irritated_by_Life pred:Text ""how often have you been able to control irritations in your life?"" .
:QEmotional_Regulation_Frequency_On_Top_of_Things pred:Text ""how often have you felt that you were on top of things?"" .
:QEmotional_Regulation_Frequency_Angered_by_Uncontrollable_Events pred:Text ""how often have you been angered because of things that happened that were outside of your control?"" .
:QEmotional_Regulation_Frequency_Felt_Overwhelmed pred:Text ""how often have you felt difficulties were piling up so high that you could not overcome them?"" .

:QGAnxiety_Symptoms_Frequency pred:BaseQuestion ""Next, you will be asked questions about your emotional state. Please answer on a scale of 0 to 3, where 0 is 'Not at all', 1 is 'several days', 2 is 'more than half of the days', and 3 is 'Nearly every day'. Over the last two weeks, how often have you been bothered by the following problems? [Likert 0–3]"" ;
    qg:hasSubQuestion :QAnxiety_Symptoms_Frequency_Feeling_Nervous_or_On_Edge,
                      :QAnxiety_Symptoms_Frequency_Uncontrollable_Worrying,
                      :QAnxiety_Symptoms_Frequency_Excessive_Worry,
                      :QAnxiety_Symptoms_Frequency_Trouble_Relaxing,
                      :QAnxiety_Symptoms_Frequency_Restlessness,
                      :QAnxiety_Symptoms_Frequency_Irritability,
                      :QAnxiety_Symptoms_Frequency_Fear_Something_Awful_Might_Happen .

:QAnxiety_Symptoms_Frequency_Feeling_Nervous_or_On_Edge pred:Text ""Feeling nervous, anxious, or on edge"" .
:QAnxiety_Symptoms_Frequency_Uncontrollable_Worrying pred:Text ""Not being able to stop or control worrying"" .
:QAnxiety_Symptoms_Frequency_Excessive_Worry pred:Text ""Worrying too much about different things"" .
:QAnxiety_Symptoms_Frequency_Trouble_Relaxing pred:Text ""Trouble relaxing"" .
:QAnxiety_Symptoms_Frequency_Restlessness pred:Text ""Being so restless that it is hard to sit still"" .
:QAnxiety_Symptoms_Frequency_Irritability pred:Text ""Becoming easily annoyed or irritable"" .
:QAnxiety_Symptoms_Frequency_Fear_Something_Awful_Might_Happen pred:Text ""Feeling afraid, as if something awful might happen"" .

:QGDepressive_Symptoms_Frequency pred:BaseQuestion ""Next, you will be asked questions about your emotional state. Please answer on a scale of 0 to 3, where 0 is 'Not at all', 1 is 'several days', 2 is 'more than half of the days', and 3 is 'Nearly every day'. Over the last two weeks, how often have you been bothered by the following problems?"" ;
    qg:hasSubQuestion :QDepressive_Symptoms_Frequency_Anhedonia,
                      :QDepressive_Symptoms_Frequency_Depressed_Mood,
                      :QDepressive_Symptoms_Frequency_Sleep_Problems,
                      :QDepressive_Symptoms_Frequency_Fatigue,
                      :QDepressive_Symptoms_Frequency_Appetite_Changes,
                      :QDepressive_Symptoms_Frequency_Feelings_of_Worthlessness,
                      :QDepressive_Symptoms_Frequency_Concentration_Difficulties,
                      :QDepressive_Symptoms_Frequency_Psychomotor_Changes,
                      :QDepressive_Symptoms_Frequency_Suicidal_Thoughts .

:QDepressive_Symptoms_Frequency_Anhedonia pred:Text ""Little interest or pleasure in doing things"" .
:QDepressive_Symptoms_Frequency_Depressed_Mood pred:Text ""Feeling down, depressed, or hopeless"" .
:QDepressive_Symptoms_Frequency_Sleep_Problems pred:Text ""Trouble falling or staying asleep, or sleeping too much"" .
:QDepressive_Symptoms_Frequency_Fatigue pred:Text ""Feeling tired or having little energy"" .
:QDepressive_Symptoms_Frequency_Appetite_Changes pred:Text ""Poor appetite or overeating"" .
:QDepressive_Symptoms_Frequency_Feelings_of_Worthlessness pred:Text ""Feeling bad about yourself or that you are a failure or have let yourself or your family down"" .
:QDepressive_Symptoms_Frequency_Concentration_Difficulties pred:Text ""Trouble concentrating on things, such as reading the newspaper or watching television"" .
:QDepressive_Symptoms_Frequency_Psychomotor_Changes pred:Text ""Moving or speaking so slowly that other people could have noticed. Or the opposite — being so fidgety or restless that you have been moving around a lot more than usual"" .
:QDepressive_Symptoms_Frequency_Suicidal_Thoughts pred:Text ""Thoughts that you would be better off dead, or of hurting yourself"" .

# Responses
:Respondent73 pred:Year_of_birth 2005.0 ;
     pred:Gender 2.0 ;
     pred:Socio_economic_status 2.0 ;
     pred:Ethnic_identity 6.0 .

:Respondent73_Parental_Education
                       pred:Father 25.0 ;
                       pred:Mother 15.0 .
:Respondent73 pred:hasGroupResponse :Respondent73_Parental_Education .

:Respondent73 pred:Life_satisfaction 8.0 ;
     pred:Happiness 5.0 ;
     pred:Laughter 4.0 ;
     pred:Learning 5.0 ;
     pred:Enjoyment 5.0 ;
     pred:Worry 2.0 ;
     pred:Depression 1.0 ;
     pred:Anger 2.0 ;
     pred:Stress 4.0 ;
     pred:Loneliness 6.0 .

:Respondent73_Emotional_Regulation_Frequency
                                   pred:Upset_by_Unexpected_Events 2.0 ;
                                   pred:Unable_to_Control_Important_Things 2.0 ;
                                   pred:Lacked_Confidence_Handling_Problems 2.0 ;
                                   pred:Unable_to_Cope 2.0 ;
                                   pred:Irritated_by_Life 2.0 ;
                                   pred:On_Top_of_Things 2.0 .
:Respondent73 pred:hasGroupResponse :Respondent73_Emotional_Regulation_Frequency .

:Respondent73_Anxiety_Symptoms_Frequency
                               pred:Feeling_Nervous_or_On_Edge 2.0 ;
                               pred:Trouble_Relaxing 1.0 ;
                               pred:Restlessness 1.0 ;
                               pred:Irritability 2.0 ;
                               pred:Fear_Something_Awful_Might_Happen 2.0 .
:Respondent73 pred:hasGroupResponse :Respondent73_Anxiety_Symptoms_Frequency .

:Respondent73_Depressive_Symptoms_Frequency
                                  pred:Anhedonia 1.0 ;
                                  pred:Sleep_Problems 2.0 ;
                                  pred:Fatigue 1.0 ;
                                  pred:Appetite_Changes 1.0 ;
                                  pred:Feelings_of_Worthlessness 1.0 ;
                                  pred:Concentration_Difficulties 1.0 ;
                                  pred:Suicidal_Thoughts 0.0 .
:Respondent73 pred:hasGroupResponse :Respondent73_Depressive_Symptoms_Frequency .

:Respondent85 pred:Year_of_birth 2004.0 ;
     pred:Gender 2.0 ;
     pred:Socio_economic_status 3.0 ;
     pred:Ethnic_identity 6.0 .

:Respondent85_Parental_Education
                       pred:Father 18.0 .
:Respondent85 pred:hasGroupResponse :Respondent85_Parental_Education .

:Respondent85 pred:Life_satisfaction 5.0 ;
     pred:Happiness 6.0 ;
     pred:Laughter 6.0 ;
     pred:Learning 8.0 ;
     pred:Enjoyment 5.0 ;
     pred:Worry 1.0 ;
     pred:Depression 1.0 ;
     pred:Anger 2.0 ;
     pred:Stress 4.0 ;
     pred:Loneliness 1.0 .

:Respondent85_Emotional_Regulation_Frequency
                                   pred:Upset_by_Unexpected_Events 2.0 ;
                                   pred:Unable_to_Control_Important_Things 3.0 ;
                                   pred:Lacked_Confidence_Handling_Problems 2.0 ;
                                   pred:Unable_to_Cope 3.0 ;
                                   pred:Irritated_by_Life 3.0 ;
                                   pred:On_Top_of_Things 2.0 .
:Respondent85 pred:hasGroupResponse :Respondent85_Emotional_Regulation_Frequency .

:Respondent85_Anxiety_Symptoms_Frequency
                               pred:Feeling_Nervous_or_On_Edge 1.0 ;
                               pred:Trouble_Relaxing 1.0 ;
                               pred:Restlessness 0.0 ;
                               pred:Irritability 1.0 ;
                               pred:Fear_Something_Awful_Might_Happen 1.0 .
:Respondent85 pred:hasGroupResponse :Respondent85_Anxiety_Symptoms_Frequency .

:Respondent85_Depressive_Symptoms_Frequency
                                  pred:Anhedonia 2.0 ;
                                  pred:Sleep_Problems 2.0 ;
                                  pred:Fatigue 3.0 ;
                                  pred:Appetite_Changes 3.0 ;
                                  pred:Feelings_of_Worthlessness 1.0 ;
                                  pred:Concentration_Difficulties 1.0 ;
                                  pred:Suicidal_Thoughts 0.0 .
:Respondent85 pred:hasGroupResponse :Respondent85_Depressive_Symptoms_Frequency .

:Respondent129 pred:Year_of_birth 2001.0 ;
     pred:Gender 2.0 ;
     pred:Socio_economic_status 3.0 ;
     pred:Ethnic_identity 6.0 .

:Respondent129_Parental_Education
                       pred:Father 13.0 ;
                       pred:Mother 13.0 .
:Respondent129 pred:hasGroupResponse :Respondent129_Parental_Education .

:Respondent129 pred:Life_satisfaction 8.0 ;
     pred:Happiness 9.0 ;
     pred:Laughter 6.0 ;
     pred:Learning 5.0 ;
     pred:Enjoyment 6.0 ;
     pred:Worry 1.0 ;
     pred:Depression 1.0 ;
     pred:Anger 1.0 ;
     pred:Stress 3.0 ;
     pred:Loneliness 0.0 .

:Respondent129_Emotional_Regulation_Frequency
                                   pred:Upset_by_Unexpected_Events 1.0 ;
                                   pred:Unable_to_Control_Important_Things 1.0 ;
                                   pred:Lacked_Confidence_Handling_Problems 3.0 ;
                                   pred:Unable_to_Cope 2.0 ;
                                   pred:Irritated_by_Life 3.0 ;
                                   pred:On_Top_of_Things 2.0 .
:Respondent129 pred:hasGroupResponse :Respondent129_Emotional_Regulation_Frequency .

:Respondent129_Anxiety_Symptoms_Frequency
                               pred:Feeling_Nervous_or_On_Edge 1.0 ;
                               pred:Trouble_Relaxing 1.0 ;
                               pred:Restlessness 0.0 ;
                               pred:Irritability 0.0 ;
                               pred:Fear_Something_Awful_Might_Happen 0.0 .
:Respondent129 pred:hasGroupResponse :Respondent129_Anxiety_Symptoms_Frequency .

:Respondent129_Depressive_Symptoms_Frequency
                                  pred:Anhedonia 1.0 ;
                                  pred:Sleep_Problems 1.0 ;
                                  pred:Fatigue 2.0 ;
                                  pred:Appetite_Changes 2.0 ;
                                  pred:Feelings_of_Worthlessness 0.0 ;
                                  pred:Concentration_Difficulties 2.0 ;
                                  pred:Suicidal_Thoughts 0.0 .
:Respondent129 pred:hasGroupResponse :Respondent129_Depressive_Symptoms_Frequency .
",2.0,"For respondent 129, what is the value for 'Appetite Changes' in the 'Depressive Symptoms Frequency' category?

DATA:

@prefix : <http://example.org/survey#> .
@prefix pred: <http://example.org/predicate#> .
@prefix qg: <http://example.org/question_group#> .

# Questions
:QYear_of_birth pred:Text ""What is your date of birth? [Open-ended]"" .
:QGender pred:Text ""What is your gender? [MCQ: 1. Male 2. Female]"" .
:QSocio_economic_status pred:Text ""What is the socio-economic status of your home? [Likert 1–6: 1 = Very low, 6 = Very high]"" .
:QEthnic_identity pred:Text ""According to your culture, people, or physical features, you are or are recognized as: [MCQ: 1. Indigenous 2. Gypsy 3. Raizal from San Andres, Providencia and Santa Catalina Archipelago 4. Palenquero from San Basilio 5. Black, mulatto (Afro-descendant), Afro-Colombian 6. None of the above]"" .

:QGParental_Education pred:BaseQuestion ""How many years of education did your parents receive? [Open-ended]"" ;
    qg:hasSubQuestion :QParental_Education_Father, :QParental_Education_Mother .
:QParental_Education_Father pred:Text ""Father?"" .
:QParental_Education_Mother pred:Text ""Mother?"" .

:QLife_satisfaction pred:Text ""In general, how satisfied are you with all aspects of your life? [Likert 0–10: 0 = Not satisfied, 10 = Totally satisfied]"" .
:QHappiness pred:Text ""How happy did you feel yesterday? [Likert 0–10: 0 = At no time, 10 = All the time]"" .
:QLaughter pred:Text ""How much did you laugh yesterday? [Likert 0–10: 0 = At no time, 10 = All the time]"" .
:QLearning pred:Text ""Did you learn new or exciting things yesterday? [Likert 0–10: 0 = At no time, 10 = All the time]"" .
:QEnjoyment pred:Text ""How much did you enjoy the activities you did yesterday? [Likert 0–10: 0 = At no time, 10 = All the time]"" .
:QWorry pred:Text ""How worried did you feel yesterday? [Likert 0–10: 0 = At no time, 10 = All the time]"" .
:QDepression pred:Text ""How depressed did you feel yesterday? [Likert 0–10: 0 = At no time, 10 = All the time]"" .
:QAnger pred:Text ""How angry did you feel yesterday? [Likert 0–10: 0 = At no time, 10 = All the time]"" .
:QStress pred:Text ""How much stress did you feel yesterday? [Likert 0–10: 0 = At no time, 10 = All the time]"" .
:QLoneliness pred:Text ""How lonely or unsupported did you feel yesterday? [Likert 0–10: 0 = At no time, 10 = All the time]"" .

:QGEmotional_Regulation_Frequency pred:BaseQuestion ""Next, you will be asked questions about your emotional state. Please answer on a scale of 0 to 4, where 0 is never, 1 is 'almost never', 2 is 'sometimes', 3 is 'fairly often', and 4 is 'very often', how often you experienced the following feelings during the last month: [Likert 0–4]"" ;
    qg:hasSubQuestion :QEmotional_Regulation_Frequency_Upset_by_Unexpected_Events,
                      :QEmotional_Regulation_Frequency_Unable_to_Control_Important_Things,
                      :QEmotional_Regulation_Frequency_Nervous_and_Stressed,
                      :QEmotional_Regulation_Frequency_Lacked_Confidence_Handling_Problems,
                      :QEmotional_Regulation_Frequency_Things_Going_Your_Way,
                      :QEmotional_Regulation_Frequency_Unable_to_Cope,
                      :QEmotional_Regulation_Frequency_Irritated_by_Life,
                      :QEmotional_Regulation_Frequency_On_Top_of_Things,
                      :QEmotional_Regulation_Frequency_Angered_by_Uncontrollable_Events,
                      :QEmotional_Regulation_Frequency_Felt_Overwhelmed .

:QEmotional_Regulation_Frequency_Upset_by_Unexpected_Events pred:Text ""how often have you been upset because of something that happened unexpectedly?"" .
:QEmotional_Regulation_Frequency_Unable_to_Control_Important_Things pred:Text ""how often have you felt that you were unable to control the important things in your life?"" .
:QEmotional_Regulation_Frequency_Nervous_and_Stressed pred:Text ""how often have you felt nervous and stressed?"" .
:QEmotional_Regulation_Frequency_Lacked_Confidence_Handling_Problems pred:Text ""how often have you felt confident about your ability to handle your personal problems?"" .
:QEmotional_Regulation_Frequency_Things_Going_Your_Way pred:Text ""how often have you felt that things were going your way?"" .
:QEmotional_Regulation_Frequency_Unable_to_Cope pred:Text ""how often have you found that you could not cope with all the things that you had to do?"" .
:QEmotional_Regulation_Frequency_Irritated_by_Life pred:Text ""how often have you been able to control irritations in your life?"" .
:QEmotional_Regulation_Frequency_On_Top_of_Things pred:Text ""how often have you felt that you were on top of things?"" .
:QEmotional_Regulation_Frequency_Angered_by_Uncontrollable_Events pred:Text ""how often have you been angered because of things that happened that were outside of your control?"" .
:QEmotional_Regulation_Frequency_Felt_Overwhelmed pred:Text ""how often have you felt difficulties were piling up so high that you could not overcome them?"" .

:QGAnxiety_Symptoms_Frequency pred:BaseQuestion ""Next, you will be asked questions about your emotional state. Please answer on a scale of 0 to 3, where 0 is 'Not at all', 1 is 'several days', 2 is 'more than half of the days', and 3 is 'Nearly every day'. Over the last two weeks, how often have you been bothered by the following problems? [Likert 0–3]"" ;
    qg:hasSubQuestion :QAnxiety_Symptoms_Frequency_Feeling_Nervous_or_On_Edge,
                      :QAnxiety_Symptoms_Frequency_Uncontrollable_Worrying,
                      :QAnxiety_Symptoms_Frequency_Excessive_Worry,
                      :QAnxiety_Symptoms_Frequency_Trouble_Relaxing,
                      :QAnxiety_Symptoms_Frequency_Restlessness,
                      :QAnxiety_Symptoms_Frequency_Irritability,
                      :QAnxiety_Symptoms_Frequency_Fear_Something_Awful_Might_Happen .

:QAnxiety_Symptoms_Frequency_Feeling_Nervous_or_On_Edge pred:Text ""Feeling nervous, anxious, or on edge"" .
:QAnxiety_Symptoms_Frequency_Uncontrollable_Worrying pred:Text ""Not being able to stop or control worrying"" .
:QAnxiety_Symptoms_Frequency_Excessive_Worry pred:Text ""Worrying too much about different things"" .
:QAnxiety_Symptoms_Frequency_Trouble_Relaxing pred:Text ""Trouble relaxing"" .
:QAnxiety_Symptoms_Frequency_Restlessness pred:Text ""Being so restless that it is hard to sit still"" .
:QAnxiety_Symptoms_Frequency_Irritability pred:Text ""Becoming easily annoyed or irritable"" .
:QAnxiety_Symptoms_Frequency_Fear_Something_Awful_Might_Happen pred:Text ""Feeling afraid, as if something awful might happen"" .

:QGDepressive_Symptoms_Frequency pred:BaseQuestion ""Next, you will be asked questions about your emotional state. Please answer on a scale of 0 to 3, where 0 is 'Not at all', 1 is 'several days', 2 is 'more than half of the days', and 3 is 'Nearly every day'. Over the last two weeks, how often have you been bothered by the following problems?"" ;
    qg:hasSubQuestion :QDepressive_Symptoms_Frequency_Anhedonia,
                      :QDepressive_Symptoms_Frequency_Depressed_Mood,
                      :QDepressive_Symptoms_Frequency_Sleep_Problems,
                      :QDepressive_Symptoms_Frequency_Fatigue,
                      :QDepressive_Symptoms_Frequency_Appetite_Changes,
                      :QDepressive_Symptoms_Frequency_Feelings_of_Worthlessness,
                      :QDepressive_Symptoms_Frequency_Concentration_Difficulties,
                      :QDepressive_Symptoms_Frequency_Psychomotor_Changes,
                      :QDepressive_Symptoms_Frequency_Suicidal_Thoughts .

:QDepressive_Symptoms_Frequency_Anhedonia pred:Text ""Little interest or pleasure in doing things"" .
:QDepressive_Symptoms_Frequency_Depressed_Mood pred:Text ""Feeling down, depressed, or hopeless"" .
:QDepressive_Symptoms_Frequency_Sleep_Problems pred:Text ""Trouble falling or staying asleep, or sleeping too much"" .
:QDepressive_Symptoms_Frequency_Fatigue pred:Text ""Feeling tired or having little energy"" .
:QDepressive_Symptoms_Frequency_Appetite_Changes pred:Text ""Poor appetite or overeating"" .
:QDepressive_Symptoms_Frequency_Feelings_of_Worthlessness pred:Text ""Feeling bad about yourself or that you are a failure or have let yourself or your family down"" .
:QDepressive_Symptoms_Frequency_Concentration_Difficulties pred:Text ""Trouble concentrating on things, such as reading the newspaper or watching television"" .
:QDepressive_Symptoms_Frequency_Psychomotor_Changes pred:Text ""Moving or speaking so slowly that other people could have noticed. Or the opposite — being so fidgety or restless that you have been moving around a lot more than usual"" .
:QDepressive_Symptoms_Frequency_Suicidal_Thoughts pred:Text ""Thoughts that you would be better off dead, or of hurting yourself"" .

# Responses
:Respondent73 pred:Year_of_birth 2005.0 ;
     pred:Gender 2.0 ;
     pred:Socio_economic_status 2.0 ;
     pred:Ethnic_identity 6.0 .

:Respondent73_Parental_Education
                       pred:Father 25.0 ;
                       pred:Mother 15.0 .
:Respondent73 pred:hasGroupResponse :Respondent73_Parental_Education .

:Respondent73 pred:Life_satisfaction 8.0 ;
     pred:Happiness 5.0 ;
     pred:Laughter 4.0 ;
     pred:Learning 5.0 ;
     pred:Enjoyment 5.0 ;
     pred:Worry 2.0 ;
     pred:Depression 1.0 ;
     pred:Anger 2.0 ;
     pred:Stress 4.0 ;
     pred:Loneliness 6.0 .

:Respondent73_Emotional_Regulation_Frequency
                                   pred:Upset_by_Unexpected_Events 2.0 ;
                                   pred:Unable_to_Control_Important_Things 2.0 ;
                                   pred:Lacked_Confidence_Handling_Problems 2.0 ;
                                   pred:Unable_to_Cope 2.0 ;
                                   pred:Irritated_by_Life 2.0 ;
                                   pred:On_Top_of_Things 2.0 .
:Respondent73 pred:hasGroupResponse :Respondent73_Emotional_Regulation_Frequency .

:Respondent73_Anxiety_Symptoms_Frequency
                               pred:Feeling_Nervous_or_On_Edge 2.0 ;
                               pred:Trouble_Relaxing 1.0 ;
                               pred:Restlessness 1.0 ;
                               pred:Irritability 2.0 ;
                               pred:Fear_Something_Awful_Might_Happen 2.0 .
:Respondent73 pred:hasGroupResponse :Respondent73_Anxiety_Symptoms_Frequency .

:Respondent73_Depressive_Symptoms_Frequency
                                  pred:Anhedonia 1.0 ;
                                  pred:Sleep_Problems 2.0 ;
                                  pred:Fatigue 1.0 ;
                                  pred:Appetite_Changes 1.0 ;
                                  pred:Feelings_of_Worthlessness 1.0 ;
                                  pred:Concentration_Difficulties 1.0 ;
                                  pred:Suicidal_Thoughts 0.0 .
:Respondent73 pred:hasGroupResponse :Respondent73_Depressive_Symptoms_Frequency .

:Respondent85 pred:Year_of_birth 2004.0 ;
     pred:Gender 2.0 ;
     pred:Socio_economic_status 3.0 ;
     pred:Ethnic_identity 6.0 .

:Respondent85_Parental_Education
                       pred:Father 18.0 .
:Respondent85 pred:hasGroupResponse :Respondent85_Parental_Education .

:Respondent85 pred:Life_satisfaction 5.0 ;
     pred:Happiness 6.0 ;
     pred:Laughter 6.0 ;
     pred:Learning 8.0 ;
     pred:Enjoyment 5.0 ;
     pred:Worry 1.0 ;
     pred:Depression 1.0 ;
     pred:Anger 2.0 ;
     pred:Stress 4.0 ;
     pred:Loneliness 1.0 .

:Respondent85_Emotional_Regulation_Frequency
                                   pred:Upset_by_Unexpected_Events 2.0 ;
                                   pred:Unable_to_Control_Important_Things 3.0 ;
                                   pred:Lacked_Confidence_Handling_Problems 2.0 ;
                                   pred:Unable_to_Cope 3.0 ;
                                   pred:Irritated_by_Life 3.0 ;
                                   pred:On_Top_of_Things 2.0 .
:Respondent85 pred:hasGroupResponse :Respondent85_Emotional_Regulation_Frequency .

:Respondent85_Anxiety_Symptoms_Frequency
                               pred:Feeling_Nervous_or_On_Edge 1.0 ;
                               pred:Trouble_Relaxing 1.0 ;
                               pred:Restlessness 0.0 ;
                               pred:Irritability 1.0 ;
                               pred:Fear_Something_Awful_Might_Happen 1.0 .
:Respondent85 pred:hasGroupResponse :Respondent85_Anxiety_Symptoms_Frequency .

:Respondent85_Depressive_Symptoms_Frequency
                                  pred:Anhedonia 2.0 ;
                                  pred:Sleep_Problems 2.0 ;
                                  pred:Fatigue 3.0 ;
                                  pred:Appetite_Changes 3.0 ;
                                  pred:Feelings_of_Worthlessness 1.0 ;
                                  pred:Concentration_Difficulties 1.0 ;
                                  pred:Suicidal_Thoughts 0.0 .
:Respondent85 pred:hasGroupResponse :Respondent85_Depressive_Symptoms_Frequency .

:Respondent129 pred:Year_of_birth 2001.0 ;
     pred:Gender 2.0 ;
     pred:Socio_economic_status 3.0 ;
     pred:Ethnic_identity 6.0 .

:Respondent129_Parental_Education
                       pred:Father 13.0 ;
                       pred:Mother 13.0 .
:Respondent129 pred:hasGroupResponse :Respondent129_Parental_Education .

:Respondent129 pred:Life_satisfaction 8.0 ;
     pred:Happiness 9.0 ;
     pred:Laughter 6.0 ;
     pred:Learning 5.0 ;
     pred:Enjoyment 6.0 ;
     pred:Worry 1.0 ;
     pred:Depression 1.0 ;
     pred:Anger 1.0 ;
     pred:Stress 3.0 ;
     pred:Loneliness 0.0 .

:Respondent129_Emotional_Regulation_Frequency
                                   pred:Upset_by_Unexpected_Events 1.0 ;
                                   pred:Unable_to_Control_Important_Things 1.0 ;
                                   pred:Lacked_Confidence_Handling_Problems 3.0 ;
                                   pred:Unable_to_Cope 2.0 ;
                                   pred:Irritated_by_Life 3.0 ;
                                   pred:On_Top_of_Things 2.0 .
:Respondent129 pred:hasGroupResponse :Respondent129_Emotional_Regulation_Frequency .

:Respondent129_Anxiety_Symptoms_Frequency
                               pred:Feeling_Nervous_or_On_Edge 1.0 ;
                               pred:Trouble_Relaxing 1.0 ;
                               pred:Restlessness 0.0 ;
                               pred:Irritability 0.0 ;
                               pred:Fear_Something_Awful_Might_Happen 0.0 .
:Respondent129 pred:hasGroupResponse :Respondent129_Anxiety_Symptoms_Frequency .

:Respondent129_Depressive_Symptoms_Frequency
                                  pred:Anhedonia 1.0 ;
                                  pred:Sleep_Problems 1.0 ;
                                  pred:Fatigue 2.0 ;
                                  pred:Appetite_Changes 2.0 ;
                                  pred:Feelings_of_Worthlessness 0.0 ;
                                  pred:Concentration_Difficulties 2.0 ;
                                  pred:Suicidal_Thoughts 0.0 .
:Respondent129 pred:hasGroupResponse :Respondent129_Depressive_Symptoms_Frequency .

Answer: 2.0

@prefix : <http://example.org/survey#> .
@prefix pred: <http://example.org/predicate#> .
@prefix qg: <http://example.org/question_group#> .

# Questions
:QYear_of_birth pred:Text ""What is your date of birth? [Open-ended]"" .
:QGender pred:Text ""What is your gender? [MCQ: 1. Male 2. Female]"" .
:QSocio_economic_status pred:Text ""What is the socio-economic status of your home? [Likert 1–6: 1 = Very low, 6 = Very high]"" .
:QEthnic_identity pred:Text ""According to your culture, people, or physical features, you are or are recognized as: [MCQ: 1. Indigenous 2. Gypsy 3. Raizal from San Andres, Providencia and Santa Catalina Archipelago 4. Palenquero from San Basilio 5. Black, mulatto (Afro-descendant), Afro-Colombian 6. None of the above]"" .

:QGParental_Education pred:BaseQuestion ""How many years of education did your parents receive? [Open-ended]"" ;
    qg:hasSubQuestion :QParental_Education_Father, :QParental_Education_Mother .
:QParental_Education_Father pred:Text ""Father?"" .
:QParental_Education_Mother pred:Text ""Mother?"" .

:QLife_satisfaction pred:Text ""In general, how satisfied are you with all aspects of your life? [Likert 0–10: 0 = Not satisfied, 10 = Totally satisfied]"" .
:QHappiness pred:Text ""How happy did you feel yesterday? [Likert 0–10: 0 = At no time, 10 = All the time]"" .
:QLaughter pred:Text ""How much did you laugh yesterday? [Likert 0–10: 0 = At no time, 10 = All the time]"" .
:QLearning pred:Text ""Did you learn new or exciting things yesterday? [Likert 0–10: 0 = At no time, 10 = All the time]"" .
:QEnjoyment pred:Text ""How much did you enjoy the activities you did yesterday? [Likert 0–10: 0 = At no time, 10 = All the time]"" .
:QWorry pred:Text ""How worried did you feel yesterday? [Likert 0–10: 0 = At no time, 10 = All the time]"" .
:QDepression pred:Text ""How depressed did you feel yesterday? [Likert 0–10: 0 = At no time, 10 = All the time]"" .
:QAnger pred:Text ""How angry did you feel yesterday? [Likert 0–10: 0 = At no time, 10 = All the time]"" .
:QStress pred:Text ""How much stress did you feel yesterday? [Likert 0–10: 0 = At no time, 10 = All the time]"" .
:QLoneliness pred:Text ""How lonely or unsupported did you feel yesterday? [Likert 0–10: 0 = At no time, 10 = All the time]"" .

:QGEmotional_Regulation_Frequency pred:BaseQuestion ""Next, you will be asked questions about your emotional state. Please answer on a scale of 0 to 4, where 0 is never, 1 is 'almost never', 2 is 'sometimes', 3 is 'fairly often', and 4 is 'very often', how often you experienced the following feelings during the last month: [Likert 0–4]"" ;
    qg:hasSubQuestion :QEmotional_Regulation_Frequency_Upset_by_Unexpected_Events,
                      :QEmotional_Regulation_Frequency_Unable_to_Control_Important_Things,
                      :QEmotional_Regulation_Frequency_Nervous_and_Stressed,
                      :QEmotional_Regulation_Frequency_Lacked_Confidence_Handling_Problems,
                      :QEmotional_Regulation_Frequency_Things_Going_Your_Way,
                      :QEmotional_Regulation_Frequency_Unable_to_Cope,
                      :QEmotional_Regulation_Frequency_Irritated_by_Life,
                      :QEmotional_Regulation_Frequency_On_Top_of_Things,
                      :QEmotional_Regulation_Frequency_Angered_by_Uncontrollable_Events,
                      :QEmotional_Regulation_Frequency_Felt_Overwhelmed .

:QEmotional_Regulation_Frequency_Upset_by_Unexpected_Events pred:Text ""how often have you been upset because of something that happened unexpectedly?"" .
:QEmotional_Regulation_Frequency_Unable_to_Control_Important_Things pred:Text ""how often have you felt that you were unable to control the important things in your life?"" .
:QEmotional_Regulation_Frequency_Nervous_and_Stressed pred:Text ""how often have you felt nervous and stressed?"" .
:QEmotional_Regulation_Frequency_Lacked_Confidence_Handling_Problems pred:Text ""how often have you felt confident about your ability to handle your personal problems?"" .
:QEmotional_Regulation_Frequency_Things_Going_Your_Way pred:Text ""how often have you felt that things were going your way?"" .
:QEmotional_Regulation_Frequency_Unable_to_Cope pred:Text ""how often have you found that you could not cope with all the things that you had to do?"" .
:QEmotional_Regulation_Frequency_Irritated_by_Life pred:Text ""how often have you been able to control irritations in your life?"" .
:QEmotional_Regulation_Frequency_On_Top_of_Things pred:Text ""how often have you felt that you were on top of things?"" .
:QEmotional_Regulation_Frequency_Angered_by_Uncontrollable_Events pred:Text ""how often have you been angered because of things that happened that were outside of your control?"" .
:QEmotional_Regulation_Frequency_Felt_Overwhelmed pred:Text ""how often have you felt difficulties were piling up so high that you could not overcome them?"" .

:QGAnxiety_Symptoms_Frequency pred:BaseQuestion ""Next, you will be asked questions about your emotional state. Please answer on a scale of 0 to 3, where 0 is 'Not at all', 1 is 'several days', 2 is 'more than half of the days', and 3 is 'Nearly every day'. Over the last two weeks, how often have you been bothered by the following problems? [Likert 0–3]"" ;
    qg:hasSubQuestion :QAnxiety_Symptoms_Frequency_Feeling_Nervous_or_On_Edge,
                      :QAnxiety_Symptoms_Frequency_Uncontrollable_Worrying,
                      :QAnxiety_Symptoms_Frequency_Excessive_Worry,
                      :QAnxiety_Symptoms_Frequency_Trouble_Relaxing,
                      :QAnxiety_Symptoms_Frequency_Restlessness,
                      :QAnxiety_Symptoms_Frequency_Irritability,
                      :QAnxiety_Symptoms_Frequency_Fear_Something_Awful_Might_Happen .

:QAnxiety_Symptoms_Frequency_Feeling_Nervous_or_On_Edge pred:Text ""Feeling nervous, anxious, or on edge"" .
:QAnxiety_Symptoms_Frequency_Uncontrollable_Worrying pred:Text ""Not being able to stop or control worrying"" .
:QAnxiety_Symptoms_Frequency_Excessive_Worry pred:Text ""Worrying too much about different things"" .
:QAnxiety_Symptoms_Frequency_Trouble_Relaxing pred:Text ""Trouble relaxing"" .
:QAnxiety_Symptoms_Frequency_Restlessness pred:Text ""Being so restless that it is hard to sit still"" .
:QAnxiety_Symptoms_Frequency_Irritability pred:Text ""Becoming easily annoyed or irritable"" .
:QAnxiety_Symptoms_Frequency_Fear_Something_Awful_Might_Happen pred:Text ""Feeling afraid, as if something awful might happen"" .

:QGDepressive_Symptoms_Frequency pred:BaseQuestion ""Next, you will be asked questions about your emotional state. Please answer on a scale of 0 to 3, where 0 is 'Not at all', 1 is 'several days', 2 is 'more than half of the days', and 3 is 'Nearly every day'. Over the last two weeks, how often have you been bothered by the following problems?"" ;
    qg:hasSubQuestion :QDepressive_Symptoms_Frequency_Anhedonia,
                      :QDepressive_Symptoms_Frequency_Depressed_Mood,
                      :QDepressive_Symptoms_Frequency_Sleep_Problems,
                      :QDepressive_Symptoms_Frequency_Fatigue,
                      :QDepressive_Symptoms_Frequency_Appetite_Changes,
                      :QDepressive_Symptoms_Frequency_Feelings_of_Worthlessness,
                      :QDepressive_Symptoms_Frequency_Concentration_Difficulties,
                      :QDepressive_Symptoms_Frequency_Psychomotor_Changes,
                      :QDepressive_Symptoms_Frequency_Suicidal_Thoughts .

:QDepressive_Symptoms_Frequency_Anhedonia pred:Text ""Little interest or pleasure in doing things"" .
:QDepressive_Symptoms_Frequency_Depressed_Mood pred:Text ""Feeling down, depressed, or hopeless"" .
:QDepressive_Symptoms_Frequency_Sleep_Problems pred:Text ""Trouble falling or staying asleep, or sleeping too much"" .
:QDepressive_Symptoms_Frequency_Fatigue pred:Text ""Feeling tired or having little energy"" .
:QDepressive_Symptoms_Frequency_Appetite_Changes pred:Text ""Poor appetite or overeating"" .
:QDepressive_Symptoms_Frequency_Feelings_of_Worthlessness pred:Text ""Feeling bad about yourself or that you are a failure or have let yourself or your family down"" .
:QDepressive_Symptoms_Frequency_Concentration_Difficulties pred:Text ""Trouble concentrating on things, such as reading the newspaper or watching television"" .
:QDepressive_Symptoms_Frequency_Psychomotor_Changes pred:Text ""Moving or speaking so slowly that other people could have noticed. Or the opposite — being so fidgety or restless that you have been moving around a lot more than usual"" .
:QDepressive_Symptoms_Frequency_Suicidal_Thoughts pred:Text ""Thoughts that you would be better off dead, or of hurting yourself"" .

# Responses
:Respondent73 pred:Year_of_birth 2005.0 ;
     pred:Gender 2.0 ;
     pred:Socio_economic_status 2.0 ;
     pred:Ethnic_identity 6.0 .

:Respondent73_Parental_Education
                       pred:Father 25.0 ;
                       pred:Mother 15.0 .
:Respondent73 pred:hasGroupResponse :Respondent73_Parental_Education .

:Respondent73 pred:Life_satisfaction 8.0 ;
     pred:Happiness 5.0 ;
     pred:Laughter 4.0 ;
     pred:Learning 5.0 ;
     pred:Enjoyment 5.0 ;
     pred:Worry 2.0 ;
     pred:Depression 1.0 ;
     pred:Anger 2.0 ;
     pred:Stress 4.0 ;
     pred:Loneliness 6.0 .

:Respondent73_Emotional_Regulation_Frequency
                                   pred:Upset_by_Unexpected_Events 2.0 ;
                                   pred:Unable_to_Control_Important_Things 2.0 ;
                                   pred:Lacked_Confidence_Handling_Problems 2.0 ;
                                   pred:Unable_to_Cope 2.0 ;
                                   pred:Irritated_by_Life 2.0 ;
                                   pred:On_Top_of_Things 2.0 .
:Respondent73 pred:hasGroupResponse :Respondent73_Emotional_Regulation_Frequency .

:Respondent73_Anxiety_Symptoms_Frequency
                               pred:Feeling_Nervous_or_On_Edge 2.0 ;
                               pred:Trouble_Relaxing 1.0 ;
                               pred:Restlessness 1.0 ;
                               pred:Irritability 2.0 ;
                               pred:Fear_Something_Awful_Might_Happen 2.0 .
:Respondent73 pred:hasGroupResponse :Respondent73_Anxiety_Symptoms_Frequency .

:Respondent73_Depressive_Symptoms_Frequency
                                  pred:Anhedonia 1.0 ;
                                  pred:Sleep_Problems 2.0 ;
                                  pred:Fatigue 1.0 ;
                                  pred:Appetite_Changes 1.0 ;
                                  pred:Feelings_of_Worthlessness 1.0 ;
                                  pred:Concentration_Difficulties 1.0 ;
                                  pred:Suicidal_Thoughts 0.0 .
:Respondent73 pred:hasGroupResponse :Respondent73_Depressive_Symptoms_Frequency .

:Respondent85 pred:Year_of_birth 2004.0 ;
     pred:Gender 2.0 ;
     pred:Socio_economic_status 3.0 ;
     pred:Ethnic_identity 6.0 .

:Respondent85_Parental_Education
                       pred:Father 18.0 .
:Respondent85 pred:hasGroupResponse :Respondent85_Parental_Education .

:Respondent85 pred:Life_satisfaction 5.0 ;
     pred:Happiness 6.0 ;
     pred:Laughter 6.0 ;
     pred:Learning 8.0 ;
     pred:Enjoyment 5.0 ;
     pred:Worry 1.0 ;
     pred:Depression 1.0 ;
     pred:Anger 2.0 ;
     pred:Stress 4.0 ;
     pred:Loneliness 1.0 .

:Respondent85_Emotional_Regulation_Frequency
                                   pred:Upset_by_Unexpected_Events 2.0 ;
                                   pred:Unable_to_Control_Important_Things 3.0 ;
                                   pred:Lacked_Confidence_Handling_Problems 2.0 ;
                                   pred:Unable_to_Cope 3.0 ;
                                   pred:Irritated_by_Life 3.0 ;
                                   pred:On_Top_of_Things 2.0 .
:Respondent85 pred:hasGroupResponse :Respondent85_Emotional_Regulation_Frequency .

:Respondent85_Anxiety_Symptoms_Frequency
                               pred:Feeling_Nervous_or_On_Edge 1.0 ;
                               pred:Trouble_Relaxing 1.0 ;
                               pred:Restlessness 0.0 ;
                               pred:Irritability 1.0 ;
                               pred:Fear_Something_Awful_Might_Happen 1.0 .
:Respondent85 pred:hasGroupResponse :Respondent85_Anxiety_Symptoms_Frequency .

:Respondent85_Depressive_Symptoms_Frequency
                                  pred:Anhedonia 2.0 ;
                                  pred:Sleep_Problems 2.0 ;
                                  pred:Fatigue 3.0 ;
                                  pred:Appetite_Changes 3.0 ;
                                  pred:Feelings_of_Worthlessness 1.0 ;
                                  pred:Concentration_Difficulties 1.0 ;
                                  pred:Suicidal_Thoughts 0.0 .
:Respondent85 pred:hasGroupResponse :Respondent85_Depressive_Symptoms_Frequency .

:Respondent129 pred:Year_of_birth 2001.0 ;
     pred:Gender 2.0 ;
     pred:Socio_economic_status 3.0 ;
     pred:Ethnic_identity 6.0 .

:Respondent129_Parental_Education
                       pred:Father 13.0 ;
                       pred:Mother 13.0 .
:Respondent129 pred:hasGroupResponse :Respondent129_Parental_Education .

:Respondent129 pred:Life_satisfaction 8.0 ;
     pred:Happiness 9.0 ;
     pred:Laughter 6.0 ;
     pred:Learning 5.0 ;
     pred:Enjoyment 6.0 ;
     pred:Worry 1.0 ;
     pred:Depression 1.0 ;
     pred:Anger 1.0 ;
     pred:Stress 3.0 ;
     pred:Loneliness 0.0 .

:Respondent129_Emotional_Regulation_Frequency
                                   pred:Upset_by_Unexpected_Events 1.0 ;
                                   pred:Unable_to_Control_Important_Things 1.0 ;
                                   pred:Lacked_Confidence_Handling_Problems 3.0 ;
                                   pred:Unable_to_Cope 2.0 ;
                                   pred:Irritated_by_Life 3.0 ;
                                   pred:On_Top_of_Things 2.0 .
:Respondent129 pred:hasGroupResponse :Respondent129_Emotional_Regulation_Frequency .

:Respondent129_Anxiety_Symptoms_Frequency
                               pred:Feeling_Nervous_or_On_Edge 1.0 ;
                               pred:Trouble_Relaxing 1.0 ;
                               pred:Restlessness 0.0 ;
                               pred:Irritability 0.0 ;
                               pred:Fear_Something_Awful_Might_Happen 0.0 .
:Respondent129 pred:hasGroupResponse :Respondent129_Anxiety_Symptoms_Frequency .

:Respondent129_Depressive_Symptoms_Frequency
                                  pred:Anhedonia 1.0 ;
                                  pred:Sleep_Problems 1.0 ;
                                  pred:Fatigue 2.0 ;
                                  pred:Appetite_Changes 2.0 ;
                                  pred:Feelings_of_Worthlessness 0.0 ;
                                  pred:Concentration_Difficulties 2.0 ;
                                  pred:Suicidal_Thoughts 0.0 .
:Respondent129 pred:hasGroupResponse :Respondent129_Depressive_Symptoms_Frequency .

You are a meticulous data analyst AI. Your primary function is to accurately analyze structured data and provide precise, verifiable answers.

You will be given a dataset with two key parts:

A 'questions' section: This is your data dictionary or schema. It is the single source of truth for understanding what each field and score means. Refer to it carefully.

A 'responses' section: This contains the raw data from each individual respondent.

To answer the question correctly, you must first use the 'questions' schema to fully understand the context and meaning of the data points within the 'responses'. Do not rely on any prior knowledge outside of this provided data. Base your entire analysis on the information given.

Provide your final answer directly and concisely. Output must be the human-readable value, not an option code.

Rules:
- For MCQ fields, map any letter codes in the Responses (case-insensitive) to the corresponding option text from the Questions schema, and output only that text. Do NOT include the letter or both.
  Example: If the schema is ""[MCQ: A. Abnormal B. Inconclusive C. Normal]"" and the response is ""a"", output ""Abnormal"".
- For open-ended fields, output the exact text value.
- If the question asks for a count, provide only the number (e.g., ""42"").
- If the question asks for a list of names or IDs, provide a simple comma-separated list (e.g., ""17, 21, 23"").
- Preserve capitalization exactly as in the schema (e.g., output ""Abnormal"", not ""abnormal"" or ""A"").

For respondent 129, what is the value for 'Appetite Changes' in the 'Depressive Symptoms Frequency' category?",,
case_2,answer_lookup,What is the life satisfaction for respondent 148?,"@prefix : <http://example.org/survey#> .
@prefix pred: <http://example.org/predicate#> .
@prefix qg: <http://example.org/question_group#> .

# Questions
:QYear_of_birth pred:Text ""What is your date of birth? [Open-ended]"" .
:QGender pred:Text ""What is your gender? [MCQ: 1. Male 2. Female]"" .
:QSocio_economic_status pred:Text ""What is the socio-economic status of your home? [Likert 1–6: 1 = Very low, 6 = Very high]"" .
:QEthnic_identity pred:Text ""According to your culture, people, or physical features, you are or are recognized as: [MCQ: 1. Indigenous 2. Gypsy 3. Raizal from San Andres, Providencia and Santa Catalina Archipelago 4. Palenquero from San Basilio 5. Black, mulatto (Afro-descendant), Afro-Colombian 6. None of the above]"" .

:QGParental_Education pred:BaseQuestion ""How many years of education did your parents receive? [Open-ended]"" ;
    qg:hasSubQuestion :QParental_Education_Father, :QParental_Education_Mother .
:QParental_Education_Father pred:Text ""Father?"" .
:QParental_Education_Mother pred:Text ""Mother?"" .

:QLife_satisfaction pred:Text ""In general, how satisfied are you with all aspects of your life? [Likert 0–10: 0 = Not satisfied, 10 = Totally satisfied]"" .
:QHappiness pred:Text ""How happy did you feel yesterday? [Likert 0–10: 0 = At no time, 10 = All the time]"" .
:QLaughter pred:Text ""How much did you laugh yesterday? [Likert 0–10: 0 = At no time, 10 = All the time]"" .
:QLearning pred:Text ""Did you learn new or exciting things yesterday? [Likert 0–10: 0 = At no time, 10 = All the time]"" .
:QEnjoyment pred:Text ""How much did you enjoy the activities you did yesterday? [Likert 0–10: 0 = At no time, 10 = All the time]"" .
:QWorry pred:Text ""How worried did you feel yesterday? [Likert 0–10: 0 = At no time, 10 = All the time]"" .
:QDepression pred:Text ""How depressed did you feel yesterday? [Likert 0–10: 0 = At no time, 10 = All the time]"" .
:QAnger pred:Text ""How angry did you feel yesterday? [Likert 0–10: 0 = At no time, 10 = All the time]"" .
:QStress pred:Text ""How much stress did you feel yesterday? [Likert 0–10: 0 = At no time, 10 = All the time]"" .
:QLoneliness pred:Text ""How lonely or unsupported did you feel yesterday? [Likert 0–10: 0 = At no time, 10 = All the time]"" .

:QGEmotional_Regulation_Frequency pred:BaseQuestion ""Next, you will be asked questions about your emotional state. Please answer on a scale of 0 to 4, where 0 is never, 1 is 'almost never', 2 is 'sometimes', 3 is 'fairly often', and 4 is 'very often', how often you experienced the following feelings during the last month: [Likert 0–4]"" ;
    qg:hasSubQuestion :QEmotional_Regulation_Frequency_Upset_by_Unexpected_Events,
                      :QEmotional_Regulation_Frequency_Unable_to_Control_Important_Things,
                      :QEmotional_Regulation_Frequency_Nervous_and_Stressed,
                      :QEmotional_Regulation_Frequency_Lacked_Confidence_Handling_Problems,
                      :QEmotional_Regulation_Frequency_Things_Going_Your_Way,
                      :QEmotional_Regulation_Frequency_Unable_to_Cope,
                      :QEmotional_Regulation_Frequency_Irritated_by_Life,
                      :QEmotional_Regulation_Frequency_On_Top_of_Things,
                      :QEmotional_Regulation_Frequency_Angered_by_Uncontrollable_Events,
                      :QEmotional_Regulation_Frequency_Felt_Overwhelmed .

:QEmotional_Regulation_Frequency_Upset_by_Unexpected_Events pred:Text ""how often have you been upset because of something that happened unexpectedly?"" .
:QEmotional_Regulation_Frequency_Unable_to_Control_Important_Things pred:Text ""how often have you felt that you were unable to control the important things in your life?"" .
:QEmotional_Regulation_Frequency_Nervous_and_Stressed pred:Text ""how often have you felt nervous and stressed?"" .
:QEmotional_Regulation_Frequency_Lacked_Confidence_Handling_Problems pred:Text ""how often have you felt confident about your ability to handle your personal problems?"" .
:QEmotional_Regulation_Frequency_Things_Going_Your_Way pred:Text ""how often have you felt that things were going your way?"" .
:QEmotional_Regulation_Frequency_Unable_to_Cope pred:Text ""how often have you found that you could not cope with all the things that you had to do?"" .
:QEmotional_Regulation_Frequency_Irritated_by_Life pred:Text ""how often have you been able to control irritations in your life?"" .
:QEmotional_Regulation_Frequency_On_Top_of_Things pred:Text ""how often have you felt that you were on top of things?"" .
:QEmotional_Regulation_Frequency_Angered_by_Uncontrollable_Events pred:Text ""how often have you been angered because of things that happened that were outside of your control?"" .
:QEmotional_Regulation_Frequency_Felt_Overwhelmed pred:Text ""how often have you felt difficulties were piling up so high that you could not overcome them?"" .

:QGAnxiety_Symptoms_Frequency pred:BaseQuestion ""Next, you will be asked questions about your emotional state. Please answer on a scale of 0 to 3, where 0 is 'Not at all', 1 is 'several days', 2 is 'more than half of the days', and 3 is 'Nearly every day'. Over the last two weeks, how often have you been bothered by the following problems? [Likert 0–3]"" ;
    qg:hasSubQuestion :QAnxiety_Symptoms_Frequency_Feeling_Nervous_or_On_Edge,
                      :QAnxiety_Symptoms_Frequency_Uncontrollable_Worrying,
                      :QAnxiety_Symptoms_Frequency_Excessive_Worry,
                      :QAnxiety_Symptoms_Frequency_Trouble_Relaxing,
                      :QAnxiety_Symptoms_Frequency_Restlessness,
                      :QAnxiety_Symptoms_Frequency_Irritability,
                      :QAnxiety_Symptoms_Frequency_Fear_Something_Awful_Might_Happen .

:QAnxiety_Symptoms_Frequency_Feeling_Nervous_or_On_Edge pred:Text ""Feeling nervous, anxious, or on edge"" .
:QAnxiety_Symptoms_Frequency_Uncontrollable_Worrying pred:Text ""Not being able to stop or control worrying"" .
:QAnxiety_Symptoms_Frequency_Excessive_Worry pred:Text ""Worrying too much about different things"" .
:QAnxiety_Symptoms_Frequency_Trouble_Relaxing pred:Text ""Trouble relaxing"" .
:QAnxiety_Symptoms_Frequency_Restlessness pred:Text ""Being so restless that it is hard to sit still"" .
:QAnxiety_Symptoms_Frequency_Irritability pred:Text ""Becoming easily annoyed or irritable"" .
:QAnxiety_Symptoms_Frequency_Fear_Something_Awful_Might_Happen pred:Text ""Feeling afraid, as if something awful might happen"" .

:QGDepressive_Symptoms_Frequency pred:BaseQuestion ""Next, you will be asked questions about your emotional state. Please answer on a scale of 0 to 3, where 0 is 'Not at all', 1 is 'several days', 2 is 'more than half of the days', and 3 is 'Nearly every day'. Over the last two weeks, how often have you been bothered by the following problems?"" ;
    qg:hasSubQuestion :QDepressive_Symptoms_Frequency_Anhedonia,
                      :QDepressive_Symptoms_Frequency_Depressed_Mood,
                      :QDepressive_Symptoms_Frequency_Sleep_Problems,
                      :QDepressive_Symptoms_Frequency_Fatigue,
                      :QDepressive_Symptoms_Frequency_Appetite_Changes,
                      :QDepressive_Symptoms_Frequency_Feelings_of_Worthlessness,
                      :QDepressive_Symptoms_Frequency_Concentration_Difficulties,
                      :QDepressive_Symptoms_Frequency_Psychomotor_Changes,
                      :QDepressive_Symptoms_Frequency_Suicidal_Thoughts .

:QDepressive_Symptoms_Frequency_Anhedonia pred:Text ""Little interest or pleasure in doing things"" .
:QDepressive_Symptoms_Frequency_Depressed_Mood pred:Text ""Feeling down, depressed, or hopeless"" .
:QDepressive_Symptoms_Frequency_Sleep_Problems pred:Text ""Trouble falling or staying asleep, or sleeping too much"" .
:QDepressive_Symptoms_Frequency_Fatigue pred:Text ""Feeling tired or having little energy"" .
:QDepressive_Symptoms_Frequency_Appetite_Changes pred:Text ""Poor appetite or overeating"" .
:QDepressive_Symptoms_Frequency_Feelings_of_Worthlessness pred:Text ""Feeling bad about yourself or that you are a failure or have let yourself or your family down"" .
:QDepressive_Symptoms_Frequency_Concentration_Difficulties pred:Text ""Trouble concentrating on things, such as reading the newspaper or watching television"" .
:QDepressive_Symptoms_Frequency_Psychomotor_Changes pred:Text ""Moving or speaking so slowly that other people could have noticed. Or the opposite — being so fidgety or restless that you have been moving around a lot more than usual"" .
:QDepressive_Symptoms_Frequency_Suicidal_Thoughts pred:Text ""Thoughts that you would be better off dead, or of hurting yourself"" .

# Responses
:Respondent53 pred:Year_of_birth 2002.0 ;
     pred:Gender 2.0 ;
     pred:Socio_economic_status 3.0 ;
     pred:Ethnic_identity 5.0 .

:Respondent53_Parental_Education
                       pred:Father 11.0 ;
                       pred:Mother 20.0 .
:Respondent53 pred:hasGroupResponse :Respondent53_Parental_Education .

:Respondent53 pred:Life_satisfaction 4.0 ;
     pred:Happiness 6.0 ;
     pred:Laughter 9.0 ;
     pred:Learning 8.0 ;
     pred:Enjoyment 5.0 ;
     pred:Worry 2.0 ;
     pred:Depression 2.0 ;
     pred:Anger 3.0 ;
     pred:Stress 4.0 ;
     pred:Loneliness 10.0 .

:Respondent53_Emotional_Regulation_Frequency
                                   pred:Upset_by_Unexpected_Events 3.0 ;
                                   pred:Unable_to_Control_Important_Things 2.0 ;
                                   pred:Lacked_Confidence_Handling_Problems 3.0 ;
                                   pred:Unable_to_Cope 2.0 ;
                                   pred:Irritated_by_Life 2.0 ;
                                   pred:On_Top_of_Things 1.0 .
:Respondent53 pred:hasGroupResponse :Respondent53_Emotional_Regulation_Frequency .

:Respondent53_Anxiety_Symptoms_Frequency
                               pred:Feeling_Nervous_or_On_Edge 1.0 ;
                               pred:Trouble_Relaxing 2.0 ;
                               pred:Restlessness 2.0 ;
                               pred:Irritability 2.0 ;
                               pred:Fear_Something_Awful_Might_Happen 1.0 .
:Respondent53 pred:hasGroupResponse :Respondent53_Anxiety_Symptoms_Frequency .

:Respondent53_Depressive_Symptoms_Frequency
                                  pred:Anhedonia 3.0 ;
                                  pred:Sleep_Problems 3.0 ;
                                  pred:Fatigue 3.0 ;
                                  pred:Appetite_Changes 1.0 ;
                                  pred:Feelings_of_Worthlessness 1.0 ;
                                  pred:Concentration_Difficulties 0.0 ;
                                  pred:Suicidal_Thoughts 1.0 .
:Respondent53 pred:hasGroupResponse :Respondent53_Depressive_Symptoms_Frequency .

:Respondent148 pred:Year_of_birth 2002.0 ;
     pred:Gender 2.0 ;
     pred:Socio_economic_status 3.0 ;
     pred:Ethnic_identity 6.0 .

:Respondent148 pred:Life_satisfaction 2.0 ;
     pred:Happiness 4.0 ;
     pred:Laughter 3.0 ;
     pred:Learning 0.0 ;
     pred:Enjoyment 5.0 ;
     pred:Worry 3.0 ;
     pred:Depression 3.0 ;
     pred:Anger 2.0 ;
     pred:Stress 4.0 ;
     pred:Loneliness 10.0 .

:Respondent148_Emotional_Regulation_Frequency
                                   pred:Upset_by_Unexpected_Events 3.0 ;
                                   pred:Unable_to_Control_Important_Things 4.0 ;
                                   pred:Lacked_Confidence_Handling_Problems 1.0 ;
                                   pred:Unable_to_Cope 4.0 ;
                                   pred:Irritated_by_Life 2.0 ;
                                   pred:On_Top_of_Things 1.0 .
:Respondent148 pred:hasGroupResponse :Respondent148_Emotional_Regulation_Frequency .

:Respondent148_Anxiety_Symptoms_Frequency
                               pred:Feeling_Nervous_or_On_Edge 3.0 ;
                               pred:Trouble_Relaxing 3.0 ;
                               pred:Restlessness 2.0 ;
                               pred:Irritability 0.0 ;
                               pred:Fear_Something_Awful_Might_Happen 3.0 .
:Respondent148 pred:hasGroupResponse :Respondent148_Anxiety_Symptoms_Frequency .

:Respondent148_Depressive_Symptoms_Frequency
                                  pred:Anhedonia 1.0 ;
                                  pred:Sleep_Problems 3.0 ;
                                  pred:Fatigue 3.0 ;
                                  pred:Appetite_Changes 3.0 ;
                                  pred:Feelings_of_Worthlessness 3.0 ;
                                  pred:Concentration_Difficulties 3.0 ;
                                  pred:Suicidal_Thoughts 3.0 .
:Respondent148 pred:hasGroupResponse :Respondent148_Depressive_Symptoms_Frequency .

:Respondent91 pred:Year_of_birth 2004.0 ;
     pred:Gender 1.0 ;
     pred:Socio_economic_status 2.0 ;
     pred:Ethnic_identity 6.0 .

:Respondent91_Parental_Education
                       pred:Father 3.0 .
:Respondent91 pred:hasGroupResponse :Respondent91_Parental_Education .

:Respondent91 pred:Life_satisfaction 8.0 ;
     pred:Happiness 8.0 ;
     pred:Laughter 5.0 ;
     pred:Learning 8.0 ;
     pred:Enjoyment 8.0 ;
     pred:Worry 0.0 ;
     pred:Depression 0.0 ;
     pred:Anger 2.0 ;
     pred:Stress 2.0 ;
     pred:Loneliness 0.0 .

:Respondent91_Emotional_Regulation_Frequency
                                   pred:Upset_by_Unexpected_Events 2.0 ;
                                   pred:Unable_to_Control_Important_Things 2.0 ;
                                   pred:Lacked_Confidence_Handling_Problems 3.0 ;
                                   pred:Unable_to_Cope 4.0 ;
                                   pred:Irritated_by_Life 3.0 ;
                                   pred:On_Top_of_Things 2.0 .
:Respondent91 pred:hasGroupResponse :Respondent91_Emotional_Regulation_Frequency .

:Respondent91_Anxiety_Symptoms_Frequency
                               pred:Feeling_Nervous_or_On_Edge 1.0 ;
                               pred:Trouble_Relaxing 1.0 ;
                               pred:Restlessness 1.0 ;
                               pred:Irritability 2.0 ;
                               pred:Fear_Something_Awful_Might_Happen 1.0 .
:Respondent91 pred:hasGroupResponse :Respondent91_Anxiety_Symptoms_Frequency .

:Respondent91_Depressive_Symptoms_Frequency
                                  pred:Anhedonia 1.0 ;
                                  pred:Sleep_Problems 2.0 ;
                                  pred:Fatigue 0.0 ;
                                  pred:Appetite_Changes 1.0 ;
                                  pred:Feelings_of_Worthlessness 2.0 ;
                                  pred:Concentration_Difficulties 0.0 ;
                                  pred:Suicidal_Thoughts 0.0 .
:Respondent91 pred:hasGroupResponse :Respondent91_Depressive_Symptoms_Frequency .
",2.0,"For respondent 129, what is the value for 'Appetite Changes' in the 'Depressive Symptoms Frequency' category?

DATA:

@prefix : <http://example.org/survey#> .
@prefix pred: <http://example.org/predicate#> .
@prefix qg: <http://example.org/question_group#> .

# Questions
:QYear_of_birth pred:Text ""What is your date of birth? [Open-ended]"" .
:QGender pred:Text ""What is your gender? [MCQ: 1. Male 2. Female]"" .
:QSocio_economic_status pred:Text ""What is the socio-economic status of your home? [Likert 1–6: 1 = Very low, 6 = Very high]"" .
:QEthnic_identity pred:Text ""According to your culture, people, or physical features, you are or are recognized as: [MCQ: 1. Indigenous 2. Gypsy 3. Raizal from San Andres, Providencia and Santa Catalina Archipelago 4. Palenquero from San Basilio 5. Black, mulatto (Afro-descendant), Afro-Colombian 6. None of the above]"" .

:QGParental_Education pred:BaseQuestion ""How many years of education did your parents receive? [Open-ended]"" ;
    qg:hasSubQuestion :QParental_Education_Father, :QParental_Education_Mother .
:QParental_Education_Father pred:Text ""Father?"" .
:QParental_Education_Mother pred:Text ""Mother?"" .

:QLife_satisfaction pred:Text ""In general, how satisfied are you with all aspects of your life? [Likert 0–10: 0 = Not satisfied, 10 = Totally satisfied]"" .
:QHappiness pred:Text ""How happy did you feel yesterday? [Likert 0–10: 0 = At no time, 10 = All the time]"" .
:QLaughter pred:Text ""How much did you laugh yesterday? [Likert 0–10: 0 = At no time, 10 = All the time]"" .
:QLearning pred:Text ""Did you learn new or exciting things yesterday? [Likert 0–10: 0 = At no time, 10 = All the time]"" .
:QEnjoyment pred:Text ""How much did you enjoy the activities you did yesterday? [Likert 0–10: 0 = At no time, 10 = All the time]"" .
:QWorry pred:Text ""How worried did you feel yesterday? [Likert 0–10: 0 = At no time, 10 = All the time]"" .
:QDepression pred:Text ""How depressed did you feel yesterday? [Likert 0–10: 0 = At no time, 10 = All the time]"" .
:QAnger pred:Text ""How angry did you feel yesterday? [Likert 0–10: 0 = At no time, 10 = All the time]"" .
:QStress pred:Text ""How much stress did you feel yesterday? [Likert 0–10: 0 = At no time, 10 = All the time]"" .
:QLoneliness pred:Text ""How lonely or unsupported did you feel yesterday? [Likert 0–10: 0 = At no time, 10 = All the time]"" .

:QGEmotional_Regulation_Frequency pred:BaseQuestion ""Next, you will be asked questions about your emotional state. Please answer on a scale of 0 to 4, where 0 is never, 1 is 'almost never', 2 is 'sometimes', 3 is 'fairly often', and 4 is 'very often', how often you experienced the following feelings during the last month: [Likert 0–4]"" ;
    qg:hasSubQuestion :QEmotional_Regulation_Frequency_Upset_by_Unexpected_Events,
                      :QEmotional_Regulation_Frequency_Unable_to_Control_Important_Things,
                      :QEmotional_Regulation_Frequency_Nervous_and_Stressed,
                      :QEmotional_Regulation_Frequency_Lacked_Confidence_Handling_Problems,
                      :QEmotional_Regulation_Frequency_Things_Going_Your_Way,
                      :QEmotional_Regulation_Frequency_Unable_to_Cope,
                      :QEmotional_Regulation_Frequency_Irritated_by_Life,
                      :QEmotional_Regulation_Frequency_On_Top_of_Things,
                      :QEmotional_Regulation_Frequency_Angered_by_Uncontrollable_Events,
                      :QEmotional_Regulation_Frequency_Felt_Overwhelmed .

:QEmotional_Regulation_Frequency_Upset_by_Unexpected_Events pred:Text ""how often have you been upset because of something that happened unexpectedly?"" .
:QEmotional_Regulation_Frequency_Unable_to_Control_Important_Things pred:Text ""how often have you felt that you were unable to control the important things in your life?"" .
:QEmotional_Regulation_Frequency_Nervous_and_Stressed pred:Text ""how often have you felt nervous and stressed?"" .
:QEmotional_Regulation_Frequency_Lacked_Confidence_Handling_Problems pred:Text ""how often have you felt confident about your ability to handle your personal problems?"" .
:QEmotional_Regulation_Frequency_Things_Going_Your_Way pred:Text ""how often have you felt that things were going your way?"" .
:QEmotional_Regulation_Frequency_Unable_to_Cope pred:Text ""how often have you found that you could not cope with all the things that you had to do?"" .
:QEmotional_Regulation_Frequency_Irritated_by_Life pred:Text ""how often have you been able to control irritations in your life?"" .
:QEmotional_Regulation_Frequency_On_Top_of_Things pred:Text ""how often have you felt that you were on top of things?"" .
:QEmotional_Regulation_Frequency_Angered_by_Uncontrollable_Events pred:Text ""how often have you been angered because of things that happened that were outside of your control?"" .
:QEmotional_Regulation_Frequency_Felt_Overwhelmed pred:Text ""how often have you felt difficulties were piling up so high that you could not overcome them?"" .

:QGAnxiety_Symptoms_Frequency pred:BaseQuestion ""Next, you will be asked questions about your emotional state. Please answer on a scale of 0 to 3, where 0 is 'Not at all', 1 is 'several days', 2 is 'more than half of the days', and 3 is 'Nearly every day'. Over the last two weeks, how often have you been bothered by the following problems? [Likert 0–3]"" ;
    qg:hasSubQuestion :QAnxiety_Symptoms_Frequency_Feeling_Nervous_or_On_Edge,
                      :QAnxiety_Symptoms_Frequency_Uncontrollable_Worrying,
                      :QAnxiety_Symptoms_Frequency_Excessive_Worry,
                      :QAnxiety_Symptoms_Frequency_Trouble_Relaxing,
                      :QAnxiety_Symptoms_Frequency_Restlessness,
                      :QAnxiety_Symptoms_Frequency_Irritability,
                      :QAnxiety_Symptoms_Frequency_Fear_Something_Awful_Might_Happen .

:QAnxiety_Symptoms_Frequency_Feeling_Nervous_or_On_Edge pred:Text ""Feeling nervous, anxious, or on edge"" .
:QAnxiety_Symptoms_Frequency_Uncontrollable_Worrying pred:Text ""Not being able to stop or control worrying"" .
:QAnxiety_Symptoms_Frequency_Excessive_Worry pred:Text ""Worrying too much about different things"" .
:QAnxiety_Symptoms_Frequency_Trouble_Relaxing pred:Text ""Trouble relaxing"" .
:QAnxiety_Symptoms_Frequency_Restlessness pred:Text ""Being so restless that it is hard to sit still"" .
:QAnxiety_Symptoms_Frequency_Irritability pred:Text ""Becoming easily annoyed or irritable"" .
:QAnxiety_Symptoms_Frequency_Fear_Something_Awful_Might_Happen pred:Text ""Feeling afraid, as if something awful might happen"" .

:QGDepressive_Symptoms_Frequency pred:BaseQuestion ""Next, you will be asked questions about your emotional state. Please answer on a scale of 0 to 3, where 0 is 'Not at all', 1 is 'several days', 2 is 'more than half of the days', and 3 is 'Nearly every day'. Over the last two weeks, how often have you been bothered by the following problems?"" ;
    qg:hasSubQuestion :QDepressive_Symptoms_Frequency_Anhedonia,
                      :QDepressive_Symptoms_Frequency_Depressed_Mood,
                      :QDepressive_Symptoms_Frequency_Sleep_Problems,
                      :QDepressive_Symptoms_Frequency_Fatigue,
                      :QDepressive_Symptoms_Frequency_Appetite_Changes,
                      :QDepressive_Symptoms_Frequency_Feelings_of_Worthlessness,
                      :QDepressive_Symptoms_Frequency_Concentration_Difficulties,
                      :QDepressive_Symptoms_Frequency_Psychomotor_Changes,
                      :QDepressive_Symptoms_Frequency_Suicidal_Thoughts .

:QDepressive_Symptoms_Frequency_Anhedonia pred:Text ""Little interest or pleasure in doing things"" .
:QDepressive_Symptoms_Frequency_Depressed_Mood pred:Text ""Feeling down, depressed, or hopeless"" .
:QDepressive_Symptoms_Frequency_Sleep_Problems pred:Text ""Trouble falling or staying asleep, or sleeping too much"" .
:QDepressive_Symptoms_Frequency_Fatigue pred:Text ""Feeling tired or having little energy"" .
:QDepressive_Symptoms_Frequency_Appetite_Changes pred:Text ""Poor appetite or overeating"" .
:QDepressive_Symptoms_Frequency_Feelings_of_Worthlessness pred:Text ""Feeling bad about yourself or that you are a failure or have let yourself or your family down"" .
:QDepressive_Symptoms_Frequency_Concentration_Difficulties pred:Text ""Trouble concentrating on things, such as reading the newspaper or watching television"" .
:QDepressive_Symptoms_Frequency_Psychomotor_Changes pred:Text ""Moving or speaking so slowly that other people could have noticed. Or the opposite — being so fidgety or restless that you have been moving around a lot more than usual"" .
:QDepressive_Symptoms_Frequency_Suicidal_Thoughts pred:Text ""Thoughts that you would be better off dead, or of hurting yourself"" .

# Responses
:Respondent73 pred:Year_of_birth 2005.0 ;
     pred:Gender 2.0 ;
     pred:Socio_economic_status 2.0 ;
     pred:Ethnic_identity 6.0 .

:Respondent73_Parental_Education
                       pred:Father 25.0 ;
                       pred:Mother 15.0 .
:Respondent73 pred:hasGroupResponse :Respondent73_Parental_Education .

:Respondent73 pred:Life_satisfaction 8.0 ;
     pred:Happiness 5.0 ;
     pred:Laughter 4.0 ;
     pred:Learning 5.0 ;
     pred:Enjoyment 5.0 ;
     pred:Worry 2.0 ;
     pred:Depression 1.0 ;
     pred:Anger 2.0 ;
     pred:Stress 4.0 ;
     pred:Loneliness 6.0 .

:Respondent73_Emotional_Regulation_Frequency
                                   pred:Upset_by_Unexpected_Events 2.0 ;
                                   pred:Unable_to_Control_Important_Things 2.0 ;
                                   pred:Lacked_Confidence_Handling_Problems 2.0 ;
                                   pred:Unable_to_Cope 2.0 ;
                                   pred:Irritated_by_Life 2.0 ;
                                   pred:On_Top_of_Things 2.0 .
:Respondent73 pred:hasGroupResponse :Respondent73_Emotional_Regulation_Frequency .

:Respondent73_Anxiety_Symptoms_Frequency
                               pred:Feeling_Nervous_or_On_Edge 2.0 ;
                               pred:Trouble_Relaxing 1.0 ;
                               pred:Restlessness 1.0 ;
                               pred:Irritability 2.0 ;
                               pred:Fear_Something_Awful_Might_Happen 2.0 .
:Respondent73 pred:hasGroupResponse :Respondent73_Anxiety_Symptoms_Frequency .

:Respondent73_Depressive_Symptoms_Frequency
                                  pred:Anhedonia 1.0 ;
                                  pred:Sleep_Problems 2.0 ;
                                  pred:Fatigue 1.0 ;
                                  pred:Appetite_Changes 1.0 ;
                                  pred:Feelings_of_Worthlessness 1.0 ;
                                  pred:Concentration_Difficulties 1.0 ;
                                  pred:Suicidal_Thoughts 0.0 .
:Respondent73 pred:hasGroupResponse :Respondent73_Depressive_Symptoms_Frequency .

:Respondent85 pred:Year_of_birth 2004.0 ;
     pred:Gender 2.0 ;
     pred:Socio_economic_status 3.0 ;
     pred:Ethnic_identity 6.0 .

:Respondent85_Parental_Education
                       pred:Father 18.0 .
:Respondent85 pred:hasGroupResponse :Respondent85_Parental_Education .

:Respondent85 pred:Life_satisfaction 5.0 ;
     pred:Happiness 6.0 ;
     pred:Laughter 6.0 ;
     pred:Learning 8.0 ;
     pred:Enjoyment 5.0 ;
     pred:Worry 1.0 ;
     pred:Depression 1.0 ;
     pred:Anger 2.0 ;
     pred:Stress 4.0 ;
     pred:Loneliness 1.0 .

:Respondent85_Emotional_Regulation_Frequency
                                   pred:Upset_by_Unexpected_Events 2.0 ;
                                   pred:Unable_to_Control_Important_Things 3.0 ;
                                   pred:Lacked_Confidence_Handling_Problems 2.0 ;
                                   pred:Unable_to_Cope 3.0 ;
                                   pred:Irritated_by_Life 3.0 ;
                                   pred:On_Top_of_Things 2.0 .
:Respondent85 pred:hasGroupResponse :Respondent85_Emotional_Regulation_Frequency .

:Respondent85_Anxiety_Symptoms_Frequency
                               pred:Feeling_Nervous_or_On_Edge 1.0 ;
                               pred:Trouble_Relaxing 1.0 ;
                               pred:Restlessness 0.0 ;
                               pred:Irritability 1.0 ;
                               pred:Fear_Something_Awful_Might_Happen 1.0 .
:Respondent85 pred:hasGroupResponse :Respondent85_Anxiety_Symptoms_Frequency .

:Respondent85_Depressive_Symptoms_Frequency
                                  pred:Anhedonia 2.0 ;
                                  pred:Sleep_Problems 2.0 ;
                                  pred:Fatigue 3.0 ;
                                  pred:Appetite_Changes 3.0 ;
                                  pred:Feelings_of_Worthlessness 1.0 ;
                                  pred:Concentration_Difficulties 1.0 ;
                                  pred:Suicidal_Thoughts 0.0 .
:Respondent85 pred:hasGroupResponse :Respondent85_Depressive_Symptoms_Frequency .

:Respondent129 pred:Year_of_birth 2001.0 ;
     pred:Gender 2.0 ;
     pred:Socio_economic_status 3.0 ;
     pred:Ethnic_identity 6.0 .

:Respondent129_Parental_Education
                       pred:Father 13.0 ;
                       pred:Mother 13.0 .
:Respondent129 pred:hasGroupResponse :Respondent129_Parental_Education .

:Respondent129 pred:Life_satisfaction 8.0 ;
     pred:Happiness 9.0 ;
     pred:Laughter 6.0 ;
     pred:Learning 5.0 ;
     pred:Enjoyment 6.0 ;
     pred:Worry 1.0 ;
     pred:Depression 1.0 ;
     pred:Anger 1.0 ;
     pred:Stress 3.0 ;
     pred:Loneliness 0.0 .

:Respondent129_Emotional_Regulation_Frequency
                                   pred:Upset_by_Unexpected_Events 1.0 ;
                                   pred:Unable_to_Control_Important_Things 1.0 ;
                                   pred:Lacked_Confidence_Handling_Problems 3.0 ;
                                   pred:Unable_to_Cope 2.0 ;
                                   pred:Irritated_by_Life 3.0 ;
                                   pred:On_Top_of_Things 2.0 .
:Respondent129 pred:hasGroupResponse :Respondent129_Emotional_Regulation_Frequency .

:Respondent129_Anxiety_Symptoms_Frequency
                               pred:Feeling_Nervous_or_On_Edge 1.0 ;
                               pred:Trouble_Relaxing 1.0 ;
                               pred:Restlessness 0.0 ;
                               pred:Irritability 0.0 ;
                               pred:Fear_Something_Awful_Might_Happen 0.0 .
:Respondent129 pred:hasGroupResponse :Respondent129_Anxiety_Symptoms_Frequency .

:Respondent129_Depressive_Symptoms_Frequency
                                  pred:Anhedonia 1.0 ;
                                  pred:Sleep_Problems 1.0 ;
                                  pred:Fatigue 2.0 ;
                                  pred:Appetite_Changes 2.0 ;
                                  pred:Feelings_of_Worthlessness 0.0 ;
                                  pred:Concentration_Difficulties 2.0 ;
                                  pred:Suicidal_Thoughts 0.0 .
:Respondent129 pred:hasGroupResponse :Respondent129_Depressive_Symptoms_Frequency .

Answer: 2.0

@prefix : <http://example.org/survey#> .
@prefix pred: <http://example.org/predicate#> .
@prefix qg: <http://example.org/question_group#> .

# Questions
:QYear_of_birth pred:Text ""What is your date of birth? [Open-ended]"" .
:QGender pred:Text ""What is your gender? [MCQ: 1. Male 2. Female]"" .
:QSocio_economic_status pred:Text ""What is the socio-economic status of your home? [Likert 1–6: 1 = Very low, 6 = Very high]"" .
:QEthnic_identity pred:Text ""According to your culture, people, or physical features, you are or are recognized as: [MCQ: 1. Indigenous 2. Gypsy 3. Raizal from San Andres, Providencia and Santa Catalina Archipelago 4. Palenquero from San Basilio 5. Black, mulatto (Afro-descendant), Afro-Colombian 6. None of the above]"" .

:QGParental_Education pred:BaseQuestion ""How many years of education did your parents receive? [Open-ended]"" ;
    qg:hasSubQuestion :QParental_Education_Father, :QParental_Education_Mother .
:QParental_Education_Father pred:Text ""Father?"" .
:QParental_Education_Mother pred:Text ""Mother?"" .

:QLife_satisfaction pred:Text ""In general, how satisfied are you with all aspects of your life? [Likert 0–10: 0 = Not satisfied, 10 = Totally satisfied]"" .
:QHappiness pred:Text ""How happy did you feel yesterday? [Likert 0–10: 0 = At no time, 10 = All the time]"" .
:QLaughter pred:Text ""How much did you laugh yesterday? [Likert 0–10: 0 = At no time, 10 = All the time]"" .
:QLearning pred:Text ""Did you learn new or exciting things yesterday? [Likert 0–10: 0 = At no time, 10 = All the time]"" .
:QEnjoyment pred:Text ""How much did you enjoy the activities you did yesterday? [Likert 0–10: 0 = At no time, 10 = All the time]"" .
:QWorry pred:Text ""How worried did you feel yesterday? [Likert 0–10: 0 = At no time, 10 = All the time]"" .
:QDepression pred:Text ""How depressed did you feel yesterday? [Likert 0–10: 0 = At no time, 10 = All the time]"" .
:QAnger pred:Text ""How angry did you feel yesterday? [Likert 0–10: 0 = At no time, 10 = All the time]"" .
:QStress pred:Text ""How much stress did you feel yesterday? [Likert 0–10: 0 = At no time, 10 = All the time]"" .
:QLoneliness pred:Text ""How lonely or unsupported did you feel yesterday? [Likert 0–10: 0 = At no time, 10 = All the time]"" .

:QGEmotional_Regulation_Frequency pred:BaseQuestion ""Next, you will be asked questions about your emotional state. Please answer on a scale of 0 to 4, where 0 is never, 1 is 'almost never', 2 is 'sometimes', 3 is 'fairly often', and 4 is 'very often', how often you experienced the following feelings during the last month: [Likert 0–4]"" ;
    qg:hasSubQuestion :QEmotional_Regulation_Frequency_Upset_by_Unexpected_Events,
                      :QEmotional_Regulation_Frequency_Unable_to_Control_Important_Things,
                      :QEmotional_Regulation_Frequency_Nervous_and_Stressed,
                      :QEmotional_Regulation_Frequency_Lacked_Confidence_Handling_Problems,
                      :QEmotional_Regulation_Frequency_Things_Going_Your_Way,
                      :QEmotional_Regulation_Frequency_Unable_to_Cope,
                      :QEmotional_Regulation_Frequency_Irritated_by_Life,
                      :QEmotional_Regulation_Frequency_On_Top_of_Things,
                      :QEmotional_Regulation_Frequency_Angered_by_Uncontrollable_Events,
                      :QEmotional_Regulation_Frequency_Felt_Overwhelmed .

:QEmotional_Regulation_Frequency_Upset_by_Unexpected_Events pred:Text ""how often have you been upset because of something that happened unexpectedly?"" .
:QEmotional_Regulation_Frequency_Unable_to_Control_Important_Things pred:Text ""how often have you felt that you were unable to control the important things in your life?"" .
:QEmotional_Regulation_Frequency_Nervous_and_Stressed pred:Text ""how often have you felt nervous and stressed?"" .
:QEmotional_Regulation_Frequency_Lacked_Confidence_Handling_Problems pred:Text ""how often have you felt confident about your ability to handle your personal problems?"" .
:QEmotional_Regulation_Frequency_Things_Going_Your_Way pred:Text ""how often have you felt that things were going your way?"" .
:QEmotional_Regulation_Frequency_Unable_to_Cope pred:Text ""how often have you found that you could not cope with all the things that you had to do?"" .
:QEmotional_Regulation_Frequency_Irritated_by_Life pred:Text ""how often have you been able to control irritations in your life?"" .
:QEmotional_Regulation_Frequency_On_Top_of_Things pred:Text ""how often have you felt that you were on top of things?"" .
:QEmotional_Regulation_Frequency_Angered_by_Uncontrollable_Events pred:Text ""how often have you been angered because of things that happened that were outside of your control?"" .
:QEmotional_Regulation_Frequency_Felt_Overwhelmed pred:Text ""how often have you felt difficulties were piling up so high that you could not overcome them?"" .

:QGAnxiety_Symptoms_Frequency pred:BaseQuestion ""Next, you will be asked questions about your emotional state. Please answer on a scale of 0 to 3, where 0 is 'Not at all', 1 is 'several days', 2 is 'more than half of the days', and 3 is 'Nearly every day'. Over the last two weeks, how often have you been bothered by the following problems? [Likert 0–3]"" ;
    qg:hasSubQuestion :QAnxiety_Symptoms_Frequency_Feeling_Nervous_or_On_Edge,
                      :QAnxiety_Symptoms_Frequency_Uncontrollable_Worrying,
                      :QAnxiety_Symptoms_Frequency_Excessive_Worry,
                      :QAnxiety_Symptoms_Frequency_Trouble_Relaxing,
                      :QAnxiety_Symptoms_Frequency_Restlessness,
                      :QAnxiety_Symptoms_Frequency_Irritability,
                      :QAnxiety_Symptoms_Frequency_Fear_Something_Awful_Might_Happen .

:QAnxiety_Symptoms_Frequency_Feeling_Nervous_or_On_Edge pred:Text ""Feeling nervous, anxious, or on edge"" .
:QAnxiety_Symptoms_Frequency_Uncontrollable_Worrying pred:Text ""Not being able to stop or control worrying"" .
:QAnxiety_Symptoms_Frequency_Excessive_Worry pred:Text ""Worrying too much about different things"" .
:QAnxiety_Symptoms_Frequency_Trouble_Relaxing pred:Text ""Trouble relaxing"" .
:QAnxiety_Symptoms_Frequency_Restlessness pred:Text ""Being so restless that it is hard to sit still"" .
:QAnxiety_Symptoms_Frequency_Irritability pred:Text ""Becoming easily annoyed or irritable"" .
:QAnxiety_Symptoms_Frequency_Fear_Something_Awful_Might_Happen pred:Text ""Feeling afraid, as if something awful might happen"" .

:QGDepressive_Symptoms_Frequency pred:BaseQuestion ""Next, you will be asked questions about your emotional state. Please answer on a scale of 0 to 3, where 0 is 'Not at all', 1 is 'several days', 2 is 'more than half of the days', and 3 is 'Nearly every day'. Over the last two weeks, how often have you been bothered by the following problems?"" ;
    qg:hasSubQuestion :QDepressive_Symptoms_Frequency_Anhedonia,
                      :QDepressive_Symptoms_Frequency_Depressed_Mood,
                      :QDepressive_Symptoms_Frequency_Sleep_Problems,
                      :QDepressive_Symptoms_Frequency_Fatigue,
                      :QDepressive_Symptoms_Frequency_Appetite_Changes,
                      :QDepressive_Symptoms_Frequency_Feelings_of_Worthlessness,
                      :QDepressive_Symptoms_Frequency_Concentration_Difficulties,
                      :QDepressive_Symptoms_Frequency_Psychomotor_Changes,
                      :QDepressive_Symptoms_Frequency_Suicidal_Thoughts .

:QDepressive_Symptoms_Frequency_Anhedonia pred:Text ""Little interest or pleasure in doing things"" .
:QDepressive_Symptoms_Frequency_Depressed_Mood pred:Text ""Feeling down, depressed, or hopeless"" .
:QDepressive_Symptoms_Frequency_Sleep_Problems pred:Text ""Trouble falling or staying asleep, or sleeping too much"" .
:QDepressive_Symptoms_Frequency_Fatigue pred:Text ""Feeling tired or having little energy"" .
:QDepressive_Symptoms_Frequency_Appetite_Changes pred:Text ""Poor appetite or overeating"" .
:QDepressive_Symptoms_Frequency_Feelings_of_Worthlessness pred:Text ""Feeling bad about yourself or that you are a failure or have let yourself or your family down"" .
:QDepressive_Symptoms_Frequency_Concentration_Difficulties pred:Text ""Trouble concentrating on things, such as reading the newspaper or watching television"" .
:QDepressive_Symptoms_Frequency_Psychomotor_Changes pred:Text ""Moving or speaking so slowly that other people could have noticed. Or the opposite — being so fidgety or restless that you have been moving around a lot more than usual"" .
:QDepressive_Symptoms_Frequency_Suicidal_Thoughts pred:Text ""Thoughts that you would be better off dead, or of hurting yourself"" .

# Responses
:Respondent53 pred:Year_of_birth 2002.0 ;
     pred:Gender 2.0 ;
     pred:Socio_economic_status 3.0 ;
     pred:Ethnic_identity 5.0 .

:Respondent53_Parental_Education
                       pred:Father 11.0 ;
                       pred:Mother 20.0 .
:Respondent53 pred:hasGroupResponse :Respondent53_Parental_Education .

:Respondent53 pred:Life_satisfaction 4.0 ;
     pred:Happiness 6.0 ;
     pred:Laughter 9.0 ;
     pred:Learning 8.0 ;
     pred:Enjoyment 5.0 ;
     pred:Worry 2.0 ;
     pred:Depression 2.0 ;
     pred:Anger 3.0 ;
     pred:Stress 4.0 ;
     pred:Loneliness 10.0 .

:Respondent53_Emotional_Regulation_Frequency
                                   pred:Upset_by_Unexpected_Events 3.0 ;
                                   pred:Unable_to_Control_Important_Things 2.0 ;
                                   pred:Lacked_Confidence_Handling_Problems 3.0 ;
                                   pred:Unable_to_Cope 2.0 ;
                                   pred:Irritated_by_Life 2.0 ;
                                   pred:On_Top_of_Things 1.0 .
:Respondent53 pred:hasGroupResponse :Respondent53_Emotional_Regulation_Frequency .

:Respondent53_Anxiety_Symptoms_Frequency
                               pred:Feeling_Nervous_or_On_Edge 1.0 ;
                               pred:Trouble_Relaxing 2.0 ;
                               pred:Restlessness 2.0 ;
                               pred:Irritability 2.0 ;
                               pred:Fear_Something_Awful_Might_Happen 1.0 .
:Respondent53 pred:hasGroupResponse :Respondent53_Anxiety_Symptoms_Frequency .

:Respondent53_Depressive_Symptoms_Frequency
                                  pred:Anhedonia 3.0 ;
                                  pred:Sleep_Problems 3.0 ;
                                  pred:Fatigue 3.0 ;
                                  pred:Appetite_Changes 1.0 ;
                                  pred:Feelings_of_Worthlessness 1.0 ;
                                  pred:Concentration_Difficulties 0.0 ;
                                  pred:Suicidal_Thoughts 1.0 .
:Respondent53 pred:hasGroupResponse :Respondent53_Depressive_Symptoms_Frequency .

:Respondent148 pred:Year_of_birth 2002.0 ;
     pred:Gender 2.0 ;
     pred:Socio_economic_status 3.0 ;
     pred:Ethnic_identity 6.0 .

:Respondent148 pred:Life_satisfaction 2.0 ;
     pred:Happiness 4.0 ;
     pred:Laughter 3.0 ;
     pred:Learning 0.0 ;
     pred:Enjoyment 5.0 ;
     pred:Worry 3.0 ;
     pred:Depression 3.0 ;
     pred:Anger 2.0 ;
     pred:Stress 4.0 ;
     pred:Loneliness 10.0 .

:Respondent148_Emotional_Regulation_Frequency
                                   pred:Upset_by_Unexpected_Events 3.0 ;
                                   pred:Unable_to_Control_Important_Things 4.0 ;
                                   pred:Lacked_Confidence_Handling_Problems 1.0 ;
                                   pred:Unable_to_Cope 4.0 ;
                                   pred:Irritated_by_Life 2.0 ;
                                   pred:On_Top_of_Things 1.0 .
:Respondent148 pred:hasGroupResponse :Respondent148_Emotional_Regulation_Frequency .

:Respondent148_Anxiety_Symptoms_Frequency
                               pred:Feeling_Nervous_or_On_Edge 3.0 ;
                               pred:Trouble_Relaxing 3.0 ;
                               pred:Restlessness 2.0 ;
                               pred:Irritability 0.0 ;
                               pred:Fear_Something_Awful_Might_Happen 3.0 .
:Respondent148 pred:hasGroupResponse :Respondent148_Anxiety_Symptoms_Frequency .

:Respondent148_Depressive_Symptoms_Frequency
                                  pred:Anhedonia 1.0 ;
                                  pred:Sleep_Problems 3.0 ;
                                  pred:Fatigue 3.0 ;
                                  pred:Appetite_Changes 3.0 ;
                                  pred:Feelings_of_Worthlessness 3.0 ;
                                  pred:Concentration_Difficulties 3.0 ;
                                  pred:Suicidal_Thoughts 3.0 .
:Respondent148 pred:hasGroupResponse :Respondent148_Depressive_Symptoms_Frequency .

:Respondent91 pred:Year_of_birth 2004.0 ;
     pred:Gender 1.0 ;
     pred:Socio_economic_status 2.0 ;
     pred:Ethnic_identity 6.0 .

:Respondent91_Parental_Education
                       pred:Father 3.0 .
:Respondent91 pred:hasGroupResponse :Respondent91_Parental_Education .

:Respondent91 pred:Life_satisfaction 8.0 ;
     pred:Happiness 8.0 ;
     pred:Laughter 5.0 ;
     pred:Learning 8.0 ;
     pred:Enjoyment 8.0 ;
     pred:Worry 0.0 ;
     pred:Depression 0.0 ;
     pred:Anger 2.0 ;
     pred:Stress 2.0 ;
     pred:Loneliness 0.0 .

:Respondent91_Emotional_Regulation_Frequency
                                   pred:Upset_by_Unexpected_Events 2.0 ;
                                   pred:Unable_to_Control_Important_Things 2.0 ;
                                   pred:Lacked_Confidence_Handling_Problems 3.0 ;
                                   pred:Unable_to_Cope 4.0 ;
                                   pred:Irritated_by_Life 3.0 ;
                                   pred:On_Top_of_Things 2.0 .
:Respondent91 pred:hasGroupResponse :Respondent91_Emotional_Regulation_Frequency .

:Respondent91_Anxiety_Symptoms_Frequency
                               pred:Feeling_Nervous_or_On_Edge 1.0 ;
                               pred:Trouble_Relaxing 1.0 ;
                               pred:Restlessness 1.0 ;
                               pred:Irritability 2.0 ;
                               pred:Fear_Something_Awful_Might_Happen 1.0 .
:Respondent91 pred:hasGroupResponse :Respondent91_Anxiety_Symptoms_Frequency .

:Respondent91_Depressive_Symptoms_Frequency
                                  pred:Anhedonia 1.0 ;
                                  pred:Sleep_Problems 2.0 ;
                                  pred:Fatigue 0.0 ;
                                  pred:Appetite_Changes 1.0 ;
                                  pred:Feelings_of_Worthlessness 2.0 ;
                                  pred:Concentration_Difficulties 0.0 ;
                                  pred:Suicidal_Thoughts 0.0 .
:Respondent91 pred:hasGroupResponse :Respondent91_Depressive_Symptoms_Frequency .

You are a meticulous data analyst AI. Your primary function is to accurately analyze structured data and provide precise, verifiable answers.

You will be given a dataset with two key parts:

A 'questions' section: This is your data dictionary or schema. It is the single source of truth for understanding what each field and score means. Refer to it carefully.

A 'responses' section: This contains the raw data from each individual respondent.

To answer the question correctly, you must first use the 'questions' schema to fully understand the context and meaning of the data points within the 'responses'. Do not rely on any prior knowledge outside of this provided data. Base your entire analysis on the information given.

Provide your final answer directly and concisely. Output must be the human-readable value, not an option code.

Rules:
- For MCQ fields, map any letter codes in the Responses (case-insensitive) to the corresponding option text from the Questions schema, and output only that text. Do NOT include the letter or both.
  Example: If the schema is ""[MCQ: A. Abnormal B. Inconclusive C. Normal]"" and the response is ""a"", output ""Abnormal"".
- For open-ended fields, output the exact text value.
- If the question asks for a count, provide only the number (e.g., ""42"").
- If the question asks for a list of names or IDs, provide a simple comma-separated list (e.g., ""17, 21, 23"").
- Preserve capitalization exactly as in the schema (e.g., output ""Abnormal"", not ""abnormal"" or ""A"").

What is the life satisfaction for respondent 148?",,
case_3,answer_lookup,"For respondent 99, what is the value for 'Irritability' in the 'Anxiety Symptoms Frequency' category?","@prefix : <http://example.org/survey#> .
@prefix pred: <http://example.org/predicate#> .
@prefix qg: <http://example.org/question_group#> .

# Questions
:QYear_of_birth pred:Text ""What is your date of birth? [Open-ended]"" .
:QGender pred:Text ""What is your gender? [MCQ: 1. Male 2. Female]"" .
:QSocio_economic_status pred:Text ""What is the socio-economic status of your home? [Likert 1–6: 1 = Very low, 6 = Very high]"" .
:QEthnic_identity pred:Text ""According to your culture, people, or physical features, you are or are recognized as: [MCQ: 1. Indigenous 2. Gypsy 3. Raizal from San Andres, Providencia and Santa Catalina Archipelago 4. Palenquero from San Basilio 5. Black, mulatto (Afro-descendant), Afro-Colombian 6. None of the above]"" .

:QGParental_Education pred:BaseQuestion ""How many years of education did your parents receive? [Open-ended]"" ;
    qg:hasSubQuestion :QParental_Education_Father, :QParental_Education_Mother .
:QParental_Education_Father pred:Text ""Father?"" .
:QParental_Education_Mother pred:Text ""Mother?"" .

:QLife_satisfaction pred:Text ""In general, how satisfied are you with all aspects of your life? [Likert 0–10: 0 = Not satisfied, 10 = Totally satisfied]"" .
:QHappiness pred:Text ""How happy did you feel yesterday? [Likert 0–10: 0 = At no time, 10 = All the time]"" .
:QLaughter pred:Text ""How much did you laugh yesterday? [Likert 0–10: 0 = At no time, 10 = All the time]"" .
:QLearning pred:Text ""Did you learn new or exciting things yesterday? [Likert 0–10: 0 = At no time, 10 = All the time]"" .
:QEnjoyment pred:Text ""How much did you enjoy the activities you did yesterday? [Likert 0–10: 0 = At no time, 10 = All the time]"" .
:QWorry pred:Text ""How worried did you feel yesterday? [Likert 0–10: 0 = At no time, 10 = All the time]"" .
:QDepression pred:Text ""How depressed did you feel yesterday? [Likert 0–10: 0 = At no time, 10 = All the time]"" .
:QAnger pred:Text ""How angry did you feel yesterday? [Likert 0–10: 0 = At no time, 10 = All the time]"" .
:QStress pred:Text ""How much stress did you feel yesterday? [Likert 0–10: 0 = At no time, 10 = All the time]"" .
:QLoneliness pred:Text ""How lonely or unsupported did you feel yesterday? [Likert 0–10: 0 = At no time, 10 = All the time]"" .

:QGEmotional_Regulation_Frequency pred:BaseQuestion ""Next, you will be asked questions about your emotional state. Please answer on a scale of 0 to 4, where 0 is never, 1 is 'almost never', 2 is 'sometimes', 3 is 'fairly often', and 4 is 'very often', how often you experienced the following feelings during the last month: [Likert 0–4]"" ;
    qg:hasSubQuestion :QEmotional_Regulation_Frequency_Upset_by_Unexpected_Events,
                      :QEmotional_Regulation_Frequency_Unable_to_Control_Important_Things,
                      :QEmotional_Regulation_Frequency_Nervous_and_Stressed,
                      :QEmotional_Regulation_Frequency_Lacked_Confidence_Handling_Problems,
                      :QEmotional_Regulation_Frequency_Things_Going_Your_Way,
                      :QEmotional_Regulation_Frequency_Unable_to_Cope,
                      :QEmotional_Regulation_Frequency_Irritated_by_Life,
                      :QEmotional_Regulation_Frequency_On_Top_of_Things,
                      :QEmotional_Regulation_Frequency_Angered_by_Uncontrollable_Events,
                      :QEmotional_Regulation_Frequency_Felt_Overwhelmed .

:QEmotional_Regulation_Frequency_Upset_by_Unexpected_Events pred:Text ""how often have you been upset because of something that happened unexpectedly?"" .
:QEmotional_Regulation_Frequency_Unable_to_Control_Important_Things pred:Text ""how often have you felt that you were unable to control the important things in your life?"" .
:QEmotional_Regulation_Frequency_Nervous_and_Stressed pred:Text ""how often have you felt nervous and stressed?"" .
:QEmotional_Regulation_Frequency_Lacked_Confidence_Handling_Problems pred:Text ""how often have you felt confident about your ability to handle your personal problems?"" .
:QEmotional_Regulation_Frequency_Things_Going_Your_Way pred:Text ""how often have you felt that things were going your way?"" .
:QEmotional_Regulation_Frequency_Unable_to_Cope pred:Text ""how often have you found that you could not cope with all the things that you had to do?"" .
:QEmotional_Regulation_Frequency_Irritated_by_Life pred:Text ""how often have you been able to control irritations in your life?"" .
:QEmotional_Regulation_Frequency_On_Top_of_Things pred:Text ""how often have you felt that you were on top of things?"" .
:QEmotional_Regulation_Frequency_Angered_by_Uncontrollable_Events pred:Text ""how often have you been angered because of things that happened that were outside of your control?"" .
:QEmotional_Regulation_Frequency_Felt_Overwhelmed pred:Text ""how often have you felt difficulties were piling up so high that you could not overcome them?"" .

:QGAnxiety_Symptoms_Frequency pred:BaseQuestion ""Next, you will be asked questions about your emotional state. Please answer on a scale of 0 to 3, where 0 is 'Not at all', 1 is 'several days', 2 is 'more than half of the days', and 3 is 'Nearly every day'. Over the last two weeks, how often have you been bothered by the following problems? [Likert 0–3]"" ;
    qg:hasSubQuestion :QAnxiety_Symptoms_Frequency_Feeling_Nervous_or_On_Edge,
                      :QAnxiety_Symptoms_Frequency_Uncontrollable_Worrying,
                      :QAnxiety_Symptoms_Frequency_Excessive_Worry,
                      :QAnxiety_Symptoms_Frequency_Trouble_Relaxing,
                      :QAnxiety_Symptoms_Frequency_Restlessness,
                      :QAnxiety_Symptoms_Frequency_Irritability,
                      :QAnxiety_Symptoms_Frequency_Fear_Something_Awful_Might_Happen .

:QAnxiety_Symptoms_Frequency_Feeling_Nervous_or_On_Edge pred:Text ""Feeling nervous, anxious, or on edge"" .
:QAnxiety_Symptoms_Frequency_Uncontrollable_Worrying pred:Text ""Not being able to stop or control worrying"" .
:QAnxiety_Symptoms_Frequency_Excessive_Worry pred:Text ""Worrying too much about different things"" .
:QAnxiety_Symptoms_Frequency_Trouble_Relaxing pred:Text ""Trouble relaxing"" .
:QAnxiety_Symptoms_Frequency_Restlessness pred:Text ""Being so restless that it is hard to sit still"" .
:QAnxiety_Symptoms_Frequency_Irritability pred:Text ""Becoming easily annoyed or irritable"" .
:QAnxiety_Symptoms_Frequency_Fear_Something_Awful_Might_Happen pred:Text ""Feeling afraid, as if something awful might happen"" .

:QGDepressive_Symptoms_Frequency pred:BaseQuestion ""Next, you will be asked questions about your emotional state. Please answer on a scale of 0 to 3, where 0 is 'Not at all', 1 is 'several days', 2 is 'more than half of the days', and 3 is 'Nearly every day'. Over the last two weeks, how often have you been bothered by the following problems?"" ;
    qg:hasSubQuestion :QDepressive_Symptoms_Frequency_Anhedonia,
                      :QDepressive_Symptoms_Frequency_Depressed_Mood,
                      :QDepressive_Symptoms_Frequency_Sleep_Problems,
                      :QDepressive_Symptoms_Frequency_Fatigue,
                      :QDepressive_Symptoms_Frequency_Appetite_Changes,
                      :QDepressive_Symptoms_Frequency_Feelings_of_Worthlessness,
                      :QDepressive_Symptoms_Frequency_Concentration_Difficulties,
                      :QDepressive_Symptoms_Frequency_Psychomotor_Changes,
                      :QDepressive_Symptoms_Frequency_Suicidal_Thoughts .

:QDepressive_Symptoms_Frequency_Anhedonia pred:Text ""Little interest or pleasure in doing things"" .
:QDepressive_Symptoms_Frequency_Depressed_Mood pred:Text ""Feeling down, depressed, or hopeless"" .
:QDepressive_Symptoms_Frequency_Sleep_Problems pred:Text ""Trouble falling or staying asleep, or sleeping too much"" .
:QDepressive_Symptoms_Frequency_Fatigue pred:Text ""Feeling tired or having little energy"" .
:QDepressive_Symptoms_Frequency_Appetite_Changes pred:Text ""Poor appetite or overeating"" .
:QDepressive_Symptoms_Frequency_Feelings_of_Worthlessness pred:Text ""Feeling bad about yourself or that you are a failure or have let yourself or your family down"" .
:QDepressive_Symptoms_Frequency_Concentration_Difficulties pred:Text ""Trouble concentrating on things, such as reading the newspaper or watching television"" .
:QDepressive_Symptoms_Frequency_Psychomotor_Changes pred:Text ""Moving or speaking so slowly that other people could have noticed. Or the opposite — being so fidgety or restless that you have been moving around a lot more than usual"" .
:QDepressive_Symptoms_Frequency_Suicidal_Thoughts pred:Text ""Thoughts that you would be better off dead, or of hurting yourself"" .

# Responses
:Respondent99 pred:Year_of_birth 2003.0 ;
     pred:Gender 1.0 ;
     pred:Socio_economic_status 6.0 ;
     pred:Ethnic_identity 6.0 .

:Respondent99 pred:Life_satisfaction 8.0 ;
     pred:Happiness 9.0 ;
     pred:Laughter 7.0 ;
     pred:Learning 9.0 ;
     pred:Enjoyment 7.0 ;
     pred:Worry 1.0 ;
     pred:Depression 0.0 ;
     pred:Anger 2.0 ;
     pred:Stress 2.0 ;
     pred:Loneliness 1.0 .

:Respondent99_Emotional_Regulation_Frequency
                                   pred:Upset_by_Unexpected_Events 2.0 ;
                                   pred:Unable_to_Control_Important_Things 1.0 ;
                                   pred:Lacked_Confidence_Handling_Problems 2.0 ;
                                   pred:Unable_to_Cope 1.0 ;
                                   pred:Irritated_by_Life 3.0 ;
                                   pred:On_Top_of_Things 3.0 .
:Respondent99 pred:hasGroupResponse :Respondent99_Emotional_Regulation_Frequency .

:Respondent99_Anxiety_Symptoms_Frequency
                               pred:Feeling_Nervous_or_On_Edge 1.0 ;
                               pred:Trouble_Relaxing 1.0 ;
                               pred:Restlessness 0.0 ;
                               pred:Irritability 1.0 ;
                               pred:Fear_Something_Awful_Might_Happen 0.0 .
:Respondent99 pred:hasGroupResponse :Respondent99_Anxiety_Symptoms_Frequency .

:Respondent99_Depressive_Symptoms_Frequency
                                  pred:Anhedonia 0.0 ;
                                  pred:Sleep_Problems 0.0 ;
                                  pred:Fatigue 1.0 ;
                                  pred:Appetite_Changes 0.0 ;
                                  pred:Feelings_of_Worthlessness 0.0 ;
                                  pred:Concentration_Difficulties 1.0 ;
                                  pred:Suicidal_Thoughts 0.0 .
:Respondent99 pred:hasGroupResponse :Respondent99_Depressive_Symptoms_Frequency .

:Respondent122 pred:Year_of_birth 2002.0 ;
     pred:Gender 1.0 ;
     pred:Socio_economic_status 3.0 ;
     pred:Ethnic_identity 6.0 .

:Respondent122_Parental_Education
                       pred:Father 23.0 ;
                       pred:Mother 22.0 .
:Respondent122 pred:hasGroupResponse :Respondent122_Parental_Education .

:Respondent122 pred:Life_satisfaction 8.0 ;
     pred:Happiness 10.0 ;
     pred:Laughter 10.0 ;
     pred:Learning 8.0 ;
     pred:Enjoyment 9.0 ;
     pred:Worry 0.0 ;
     pred:Depression 0.0 ;
     pred:Anger 2.0 ;
     pred:Stress 2.0 ;
     pred:Loneliness 0.0 .

:Respondent122_Emotional_Regulation_Frequency
                                   pred:Upset_by_Unexpected_Events 2.0 ;
                                   pred:Unable_to_Control_Important_Things 1.0 ;
                                   pred:Lacked_Confidence_Handling_Problems 4.0 ;
                                   pred:Unable_to_Cope 2.0 ;
                                   pred:Irritated_by_Life 4.0 ;
                                   pred:On_Top_of_Things 3.0 .
:Respondent122 pred:hasGroupResponse :Respondent122_Emotional_Regulation_Frequency .

:Respondent122_Anxiety_Symptoms_Frequency
                               pred:Feeling_Nervous_or_On_Edge 0.0 ;
                               pred:Trouble_Relaxing 0.0 ;
                               pred:Restlessness 0.0 ;
                               pred:Irritability 1.0 ;
                               pred:Fear_Something_Awful_Might_Happen 0.0 .
:Respondent122 pred:hasGroupResponse :Respondent122_Anxiety_Symptoms_Frequency .

:Respondent122_Depressive_Symptoms_Frequency
                                  pred:Anhedonia 0.0 ;
                                  pred:Sleep_Problems 0.0 ;
                                  pred:Fatigue 1.0 ;
                                  pred:Appetite_Changes 0.0 ;
                                  pred:Feelings_of_Worthlessness 0.0 ;
                                  pred:Concentration_Difficulties 1.0 ;
                                  pred:Suicidal_Thoughts 0.0 .
:Respondent122 pred:hasGroupResponse :Respondent122_Depressive_Symptoms_Frequency .

:Respondent7 pred:Year_of_birth 2001.0 ;
     pred:Gender 1.0 ;
     pred:Socio_economic_status 3.0 ;
     pred:Ethnic_identity 6.0 .

:Respondent7_Parental_Education
                       pred:Mother 16.0 .
:Respondent7 pred:hasGroupResponse :Respondent7_Parental_Education .

:Respondent7 pred:Life_satisfaction 5.0 ;
     pred:Happiness 4.0 ;
     pred:Laughter 3.0 ;
     pred:Learning 7.0 ;
     pred:Enjoyment 2.0 ;
     pred:Worry 2.0 ;
     pred:Depression 3.0 ;
     pred:Anger 3.0 ;
     pred:Stress 2.0 ;
     pred:Loneliness 9.0 .

:Respondent7_Emotional_Regulation_Frequency
                                   pred:Upset_by_Unexpected_Events 3.0 ;
                                   pred:Unable_to_Control_Important_Things 3.0 ;
                                   pred:Lacked_Confidence_Handling_Problems 1.0 ;
                                   pred:Unable_to_Cope 2.0 ;
                                   pred:Irritated_by_Life 2.0 ;
                                   pred:On_Top_of_Things 1.0 .
:Respondent7 pred:hasGroupResponse :Respondent7_Emotional_Regulation_Frequency .

:Respondent7_Anxiety_Symptoms_Frequency
                               pred:Feeling_Nervous_or_On_Edge 0.0 ;
                               pred:Trouble_Relaxing 2.0 ;
                               pred:Restlessness 0.0 ;
                               pred:Irritability 1.0 ;
                               pred:Fear_Something_Awful_Might_Happen 1.0 .
:Respondent7 pred:hasGroupResponse :Respondent7_Anxiety_Symptoms_Frequency .

:Respondent7_Depressive_Symptoms_Frequency
                                  pred:Anhedonia 2.0 ;
                                  pred:Sleep_Problems 2.0 ;
                                  pred:Fatigue 2.0 ;
                                  pred:Appetite_Changes 0.0 ;
                                  pred:Feelings_of_Worthlessness 3.0 ;
                                  pred:Concentration_Difficulties 2.0 ;
                                  pred:Suicidal_Thoughts 1.0 .
:Respondent7 pred:hasGroupResponse :Respondent7_Depressive_Symptoms_Frequency .
",1.0,"For respondent 129, what is the value for 'Appetite Changes' in the 'Depressive Symptoms Frequency' category?

DATA:

@prefix : <http://example.org/survey#> .
@prefix pred: <http://example.org/predicate#> .
@prefix qg: <http://example.org/question_group#> .

# Questions
:QYear_of_birth pred:Text ""What is your date of birth? [Open-ended]"" .
:QGender pred:Text ""What is your gender? [MCQ: 1. Male 2. Female]"" .
:QSocio_economic_status pred:Text ""What is the socio-economic status of your home? [Likert 1–6: 1 = Very low, 6 = Very high]"" .
:QEthnic_identity pred:Text ""According to your culture, people, or physical features, you are or are recognized as: [MCQ: 1. Indigenous 2. Gypsy 3. Raizal from San Andres, Providencia and Santa Catalina Archipelago 4. Palenquero from San Basilio 5. Black, mulatto (Afro-descendant), Afro-Colombian 6. None of the above]"" .

:QGParental_Education pred:BaseQuestion ""How many years of education did your parents receive? [Open-ended]"" ;
    qg:hasSubQuestion :QParental_Education_Father, :QParental_Education_Mother .
:QParental_Education_Father pred:Text ""Father?"" .
:QParental_Education_Mother pred:Text ""Mother?"" .

:QLife_satisfaction pred:Text ""In general, how satisfied are you with all aspects of your life? [Likert 0–10: 0 = Not satisfied, 10 = Totally satisfied]"" .
:QHappiness pred:Text ""How happy did you feel yesterday? [Likert 0–10: 0 = At no time, 10 = All the time]"" .
:QLaughter pred:Text ""How much did you laugh yesterday? [Likert 0–10: 0 = At no time, 10 = All the time]"" .
:QLearning pred:Text ""Did you learn new or exciting things yesterday? [Likert 0–10: 0 = At no time, 10 = All the time]"" .
:QEnjoyment pred:Text ""How much did you enjoy the activities you did yesterday? [Likert 0–10: 0 = At no time, 10 = All the time]"" .
:QWorry pred:Text ""How worried did you feel yesterday? [Likert 0–10: 0 = At no time, 10 = All the time]"" .
:QDepression pred:Text ""How depressed did you feel yesterday? [Likert 0–10: 0 = At no time, 10 = All the time]"" .
:QAnger pred:Text ""How angry did you feel yesterday? [Likert 0–10: 0 = At no time, 10 = All the time]"" .
:QStress pred:Text ""How much stress did you feel yesterday? [Likert 0–10: 0 = At no time, 10 = All the time]"" .
:QLoneliness pred:Text ""How lonely or unsupported did you feel yesterday? [Likert 0–10: 0 = At no time, 10 = All the time]"" .

:QGEmotional_Regulation_Frequency pred:BaseQuestion ""Next, you will be asked questions about your emotional state. Please answer on a scale of 0 to 4, where 0 is never, 1 is 'almost never', 2 is 'sometimes', 3 is 'fairly often', and 4 is 'very often', how often you experienced the following feelings during the last month: [Likert 0–4]"" ;
    qg:hasSubQuestion :QEmotional_Regulation_Frequency_Upset_by_Unexpected_Events,
                      :QEmotional_Regulation_Frequency_Unable_to_Control_Important_Things,
                      :QEmotional_Regulation_Frequency_Nervous_and_Stressed,
                      :QEmotional_Regulation_Frequency_Lacked_Confidence_Handling_Problems,
                      :QEmotional_Regulation_Frequency_Things_Going_Your_Way,
                      :QEmotional_Regulation_Frequency_Unable_to_Cope,
                      :QEmotional_Regulation_Frequency_Irritated_by_Life,
                      :QEmotional_Regulation_Frequency_On_Top_of_Things,
                      :QEmotional_Regulation_Frequency_Angered_by_Uncontrollable_Events,
                      :QEmotional_Regulation_Frequency_Felt_Overwhelmed .

:QEmotional_Regulation_Frequency_Upset_by_Unexpected_Events pred:Text ""how often have you been upset because of something that happened unexpectedly?"" .
:QEmotional_Regulation_Frequency_Unable_to_Control_Important_Things pred:Text ""how often have you felt that you were unable to control the important things in your life?"" .
:QEmotional_Regulation_Frequency_Nervous_and_Stressed pred:Text ""how often have you felt nervous and stressed?"" .
:QEmotional_Regulation_Frequency_Lacked_Confidence_Handling_Problems pred:Text ""how often have you felt confident about your ability to handle your personal problems?"" .
:QEmotional_Regulation_Frequency_Things_Going_Your_Way pred:Text ""how often have you felt that things were going your way?"" .
:QEmotional_Regulation_Frequency_Unable_to_Cope pred:Text ""how often have you found that you could not cope with all the things that you had to do?"" .
:QEmotional_Regulation_Frequency_Irritated_by_Life pred:Text ""how often have you been able to control irritations in your life?"" .
:QEmotional_Regulation_Frequency_On_Top_of_Things pred:Text ""how often have you felt that you were on top of things?"" .
:QEmotional_Regulation_Frequency_Angered_by_Uncontrollable_Events pred:Text ""how often have you been angered because of things that happened that were outside of your control?"" .
:QEmotional_Regulation_Frequency_Felt_Overwhelmed pred:Text ""how often have you felt difficulties were piling up so high that you could not overcome them?"" .

:QGAnxiety_Symptoms_Frequency pred:BaseQuestion ""Next, you will be asked questions about your emotional state. Please answer on a scale of 0 to 3, where 0 is 'Not at all', 1 is 'several days', 2 is 'more than half of the days', and 3 is 'Nearly every day'. Over the last two weeks, how often have you been bothered by the following problems? [Likert 0–3]"" ;
    qg:hasSubQuestion :QAnxiety_Symptoms_Frequency_Feeling_Nervous_or_On_Edge,
                      :QAnxiety_Symptoms_Frequency_Uncontrollable_Worrying,
                      :QAnxiety_Symptoms_Frequency_Excessive_Worry,
                      :QAnxiety_Symptoms_Frequency_Trouble_Relaxing,
                      :QAnxiety_Symptoms_Frequency_Restlessness,
                      :QAnxiety_Symptoms_Frequency_Irritability,
                      :QAnxiety_Symptoms_Frequency_Fear_Something_Awful_Might_Happen .

:QAnxiety_Symptoms_Frequency_Feeling_Nervous_or_On_Edge pred:Text ""Feeling nervous, anxious, or on edge"" .
:QAnxiety_Symptoms_Frequency_Uncontrollable_Worrying pred:Text ""Not being able to stop or control worrying"" .
:QAnxiety_Symptoms_Frequency_Excessive_Worry pred:Text ""Worrying too much about different things"" .
:QAnxiety_Symptoms_Frequency_Trouble_Relaxing pred:Text ""Trouble relaxing"" .
:QAnxiety_Symptoms_Frequency_Restlessness pred:Text ""Being so restless that it is hard to sit still"" .
:QAnxiety_Symptoms_Frequency_Irritability pred:Text ""Becoming easily annoyed or irritable"" .
:QAnxiety_Symptoms_Frequency_Fear_Something_Awful_Might_Happen pred:Text ""Feeling afraid, as if something awful might happen"" .

:QGDepressive_Symptoms_Frequency pred:BaseQuestion ""Next, you will be asked questions about your emotional state. Please answer on a scale of 0 to 3, where 0 is 'Not at all', 1 is 'several days', 2 is 'more than half of the days', and 3 is 'Nearly every day'. Over the last two weeks, how often have you been bothered by the following problems?"" ;
    qg:hasSubQuestion :QDepressive_Symptoms_Frequency_Anhedonia,
                      :QDepressive_Symptoms_Frequency_Depressed_Mood,
                      :QDepressive_Symptoms_Frequency_Sleep_Problems,
                      :QDepressive_Symptoms_Frequency_Fatigue,
                      :QDepressive_Symptoms_Frequency_Appetite_Changes,
                      :QDepressive_Symptoms_Frequency_Feelings_of_Worthlessness,
                      :QDepressive_Symptoms_Frequency_Concentration_Difficulties,
                      :QDepressive_Symptoms_Frequency_Psychomotor_Changes,
                      :QDepressive_Symptoms_Frequency_Suicidal_Thoughts .

:QDepressive_Symptoms_Frequency_Anhedonia pred:Text ""Little interest or pleasure in doing things"" .
:QDepressive_Symptoms_Frequency_Depressed_Mood pred:Text ""Feeling down, depressed, or hopeless"" .
:QDepressive_Symptoms_Frequency_Sleep_Problems pred:Text ""Trouble falling or staying asleep, or sleeping too much"" .
:QDepressive_Symptoms_Frequency_Fatigue pred:Text ""Feeling tired or having little energy"" .
:QDepressive_Symptoms_Frequency_Appetite_Changes pred:Text ""Poor appetite or overeating"" .
:QDepressive_Symptoms_Frequency_Feelings_of_Worthlessness pred:Text ""Feeling bad about yourself or that you are a failure or have let yourself or your family down"" .
:QDepressive_Symptoms_Frequency_Concentration_Difficulties pred:Text ""Trouble concentrating on things, such as reading the newspaper or watching television"" .
:QDepressive_Symptoms_Frequency_Psychomotor_Changes pred:Text ""Moving or speaking so slowly that other people could have noticed. Or the opposite — being so fidgety or restless that you have been moving around a lot more than usual"" .
:QDepressive_Symptoms_Frequency_Suicidal_Thoughts pred:Text ""Thoughts that you would be better off dead, or of hurting yourself"" .

# Responses
:Respondent73 pred:Year_of_birth 2005.0 ;
     pred:Gender 2.0 ;
     pred:Socio_economic_status 2.0 ;
     pred:Ethnic_identity 6.0 .

:Respondent73_Parental_Education
                       pred:Father 25.0 ;
                       pred:Mother 15.0 .
:Respondent73 pred:hasGroupResponse :Respondent73_Parental_Education .

:Respondent73 pred:Life_satisfaction 8.0 ;
     pred:Happiness 5.0 ;
     pred:Laughter 4.0 ;
     pred:Learning 5.0 ;
     pred:Enjoyment 5.0 ;
     pred:Worry 2.0 ;
     pred:Depression 1.0 ;
     pred:Anger 2.0 ;
     pred:Stress 4.0 ;
     pred:Loneliness 6.0 .

:Respondent73_Emotional_Regulation_Frequency
                                   pred:Upset_by_Unexpected_Events 2.0 ;
                                   pred:Unable_to_Control_Important_Things 2.0 ;
                                   pred:Lacked_Confidence_Handling_Problems 2.0 ;
                                   pred:Unable_to_Cope 2.0 ;
                                   pred:Irritated_by_Life 2.0 ;
                                   pred:On_Top_of_Things 2.0 .
:Respondent73 pred:hasGroupResponse :Respondent73_Emotional_Regulation_Frequency .

:Respondent73_Anxiety_Symptoms_Frequency
                               pred:Feeling_Nervous_or_On_Edge 2.0 ;
                               pred:Trouble_Relaxing 1.0 ;
                               pred:Restlessness 1.0 ;
                               pred:Irritability 2.0 ;
                               pred:Fear_Something_Awful_Might_Happen 2.0 .
:Respondent73 pred:hasGroupResponse :Respondent73_Anxiety_Symptoms_Frequency .

:Respondent73_Depressive_Symptoms_Frequency
                                  pred:Anhedonia 1.0 ;
                                  pred:Sleep_Problems 2.0 ;
                                  pred:Fatigue 1.0 ;
                                  pred:Appetite_Changes 1.0 ;
                                  pred:Feelings_of_Worthlessness 1.0 ;
                                  pred:Concentration_Difficulties 1.0 ;
                                  pred:Suicidal_Thoughts 0.0 .
:Respondent73 pred:hasGroupResponse :Respondent73_Depressive_Symptoms_Frequency .

:Respondent85 pred:Year_of_birth 2004.0 ;
     pred:Gender 2.0 ;
     pred:Socio_economic_status 3.0 ;
     pred:Ethnic_identity 6.0 .

:Respondent85_Parental_Education
                       pred:Father 18.0 .
:Respondent85 pred:hasGroupResponse :Respondent85_Parental_Education .

:Respondent85 pred:Life_satisfaction 5.0 ;
     pred:Happiness 6.0 ;
     pred:Laughter 6.0 ;
     pred:Learning 8.0 ;
     pred:Enjoyment 5.0 ;
     pred:Worry 1.0 ;
     pred:Depression 1.0 ;
     pred:Anger 2.0 ;
     pred:Stress 4.0 ;
     pred:Loneliness 1.0 .

:Respondent85_Emotional_Regulation_Frequency
                                   pred:Upset_by_Unexpected_Events 2.0 ;
                                   pred:Unable_to_Control_Important_Things 3.0 ;
                                   pred:Lacked_Confidence_Handling_Problems 2.0 ;
                                   pred:Unable_to_Cope 3.0 ;
                                   pred:Irritated_by_Life 3.0 ;
                                   pred:On_Top_of_Things 2.0 .
:Respondent85 pred:hasGroupResponse :Respondent85_Emotional_Regulation_Frequency .

:Respondent85_Anxiety_Symptoms_Frequency
                               pred:Feeling_Nervous_or_On_Edge 1.0 ;
                               pred:Trouble_Relaxing 1.0 ;
                               pred:Restlessness 0.0 ;
                               pred:Irritability 1.0 ;
                               pred:Fear_Something_Awful_Might_Happen 1.0 .
:Respondent85 pred:hasGroupResponse :Respondent85_Anxiety_Symptoms_Frequency .

:Respondent85_Depressive_Symptoms_Frequency
                                  pred:Anhedonia 2.0 ;
                                  pred:Sleep_Problems 2.0 ;
                                  pred:Fatigue 3.0 ;
                                  pred:Appetite_Changes 3.0 ;
                                  pred:Feelings_of_Worthlessness 1.0 ;
                                  pred:Concentration_Difficulties 1.0 ;
                                  pred:Suicidal_Thoughts 0.0 .
:Respondent85 pred:hasGroupResponse :Respondent85_Depressive_Symptoms_Frequency .

:Respondent129 pred:Year_of_birth 2001.0 ;
     pred:Gender 2.0 ;
     pred:Socio_economic_status 3.0 ;
     pred:Ethnic_identity 6.0 .

:Respondent129_Parental_Education
                       pred:Father 13.0 ;
                       pred:Mother 13.0 .
:Respondent129 pred:hasGroupResponse :Respondent129_Parental_Education .

:Respondent129 pred:Life_satisfaction 8.0 ;
     pred:Happiness 9.0 ;
     pred:Laughter 6.0 ;
     pred:Learning 5.0 ;
     pred:Enjoyment 6.0 ;
     pred:Worry 1.0 ;
     pred:Depression 1.0 ;
     pred:Anger 1.0 ;
     pred:Stress 3.0 ;
     pred:Loneliness 0.0 .

:Respondent129_Emotional_Regulation_Frequency
                                   pred:Upset_by_Unexpected_Events 1.0 ;
                                   pred:Unable_to_Control_Important_Things 1.0 ;
                                   pred:Lacked_Confidence_Handling_Problems 3.0 ;
                                   pred:Unable_to_Cope 2.0 ;
                                   pred:Irritated_by_Life 3.0 ;
                                   pred:On_Top_of_Things 2.0 .
:Respondent129 pred:hasGroupResponse :Respondent129_Emotional_Regulation_Frequency .

:Respondent129_Anxiety_Symptoms_Frequency
                               pred:Feeling_Nervous_or_On_Edge 1.0 ;
                               pred:Trouble_Relaxing 1.0 ;
                               pred:Restlessness 0.0 ;
                               pred:Irritability 0.0 ;
                               pred:Fear_Something_Awful_Might_Happen 0.0 .
:Respondent129 pred:hasGroupResponse :Respondent129_Anxiety_Symptoms_Frequency .

:Respondent129_Depressive_Symptoms_Frequency
                                  pred:Anhedonia 1.0 ;
                                  pred:Sleep_Problems 1.0 ;
                                  pred:Fatigue 2.0 ;
                                  pred:Appetite_Changes 2.0 ;
                                  pred:Feelings_of_Worthlessness 0.0 ;
                                  pred:Concentration_Difficulties 2.0 ;
                                  pred:Suicidal_Thoughts 0.0 .
:Respondent129 pred:hasGroupResponse :Respondent129_Depressive_Symptoms_Frequency .

Answer: 2.0

@prefix : <http://example.org/survey#> .
@prefix pred: <http://example.org/predicate#> .
@prefix qg: <http://example.org/question_group#> .

# Questions
:QYear_of_birth pred:Text ""What is your date of birth? [Open-ended]"" .
:QGender pred:Text ""What is your gender? [MCQ: 1. Male 2. Female]"" .
:QSocio_economic_status pred:Text ""What is the socio-economic status of your home? [Likert 1–6: 1 = Very low, 6 = Very high]"" .
:QEthnic_identity pred:Text ""According to your culture, people, or physical features, you are or are recognized as: [MCQ: 1. Indigenous 2. Gypsy 3. Raizal from San Andres, Providencia and Santa Catalina Archipelago 4. Palenquero from San Basilio 5. Black, mulatto (Afro-descendant), Afro-Colombian 6. None of the above]"" .

:QGParental_Education pred:BaseQuestion ""How many years of education did your parents receive? [Open-ended]"" ;
    qg:hasSubQuestion :QParental_Education_Father, :QParental_Education_Mother .
:QParental_Education_Father pred:Text ""Father?"" .
:QParental_Education_Mother pred:Text ""Mother?"" .

:QLife_satisfaction pred:Text ""In general, how satisfied are you with all aspects of your life? [Likert 0–10: 0 = Not satisfied, 10 = Totally satisfied]"" .
:QHappiness pred:Text ""How happy did you feel yesterday? [Likert 0–10: 0 = At no time, 10 = All the time]"" .
:QLaughter pred:Text ""How much did you laugh yesterday? [Likert 0–10: 0 = At no time, 10 = All the time]"" .
:QLearning pred:Text ""Did you learn new or exciting things yesterday? [Likert 0–10: 0 = At no time, 10 = All the time]"" .
:QEnjoyment pred:Text ""How much did you enjoy the activities you did yesterday? [Likert 0–10: 0 = At no time, 10 = All the time]"" .
:QWorry pred:Text ""How worried did you feel yesterday? [Likert 0–10: 0 = At no time, 10 = All the time]"" .
:QDepression pred:Text ""How depressed did you feel yesterday? [Likert 0–10: 0 = At no time, 10 = All the time]"" .
:QAnger pred:Text ""How angry did you feel yesterday? [Likert 0–10: 0 = At no time, 10 = All the time]"" .
:QStress pred:Text ""How much stress did you feel yesterday? [Likert 0–10: 0 = At no time, 10 = All the time]"" .
:QLoneliness pred:Text ""How lonely or unsupported did you feel yesterday? [Likert 0–10: 0 = At no time, 10 = All the time]"" .

:QGEmotional_Regulation_Frequency pred:BaseQuestion ""Next, you will be asked questions about your emotional state. Please answer on a scale of 0 to 4, where 0 is never, 1 is 'almost never', 2 is 'sometimes', 3 is 'fairly often', and 4 is 'very often', how often you experienced the following feelings during the last month: [Likert 0–4]"" ;
    qg:hasSubQuestion :QEmotional_Regulation_Frequency_Upset_by_Unexpected_Events,
                      :QEmotional_Regulation_Frequency_Unable_to_Control_Important_Things,
                      :QEmotional_Regulation_Frequency_Nervous_and_Stressed,
                      :QEmotional_Regulation_Frequency_Lacked_Confidence_Handling_Problems,
                      :QEmotional_Regulation_Frequency_Things_Going_Your_Way,
                      :QEmotional_Regulation_Frequency_Unable_to_Cope,
                      :QEmotional_Regulation_Frequency_Irritated_by_Life,
                      :QEmotional_Regulation_Frequency_On_Top_of_Things,
                      :QEmotional_Regulation_Frequency_Angered_by_Uncontrollable_Events,
                      :QEmotional_Regulation_Frequency_Felt_Overwhelmed .

:QEmotional_Regulation_Frequency_Upset_by_Unexpected_Events pred:Text ""how often have you been upset because of something that happened unexpectedly?"" .
:QEmotional_Regulation_Frequency_Unable_to_Control_Important_Things pred:Text ""how often have you felt that you were unable to control the important things in your life?"" .
:QEmotional_Regulation_Frequency_Nervous_and_Stressed pred:Text ""how often have you felt nervous and stressed?"" .
:QEmotional_Regulation_Frequency_Lacked_Confidence_Handling_Problems pred:Text ""how often have you felt confident about your ability to handle your personal problems?"" .
:QEmotional_Regulation_Frequency_Things_Going_Your_Way pred:Text ""how often have you felt that things were going your way?"" .
:QEmotional_Regulation_Frequency_Unable_to_Cope pred:Text ""how often have you found that you could not cope with all the things that you had to do?"" .
:QEmotional_Regulation_Frequency_Irritated_by_Life pred:Text ""how often have you been able to control irritations in your life?"" .
:QEmotional_Regulation_Frequency_On_Top_of_Things pred:Text ""how often have you felt that you were on top of things?"" .
:QEmotional_Regulation_Frequency_Angered_by_Uncontrollable_Events pred:Text ""how often have you been angered because of things that happened that were outside of your control?"" .
:QEmotional_Regulation_Frequency_Felt_Overwhelmed pred:Text ""how often have you felt difficulties were piling up so high that you could not overcome them?"" .

:QGAnxiety_Symptoms_Frequency pred:BaseQuestion ""Next, you will be asked questions about your emotional state. Please answer on a scale of 0 to 3, where 0 is 'Not at all', 1 is 'several days', 2 is 'more than half of the days', and 3 is 'Nearly every day'. Over the last two weeks, how often have you been bothered by the following problems? [Likert 0–3]"" ;
    qg:hasSubQuestion :QAnxiety_Symptoms_Frequency_Feeling_Nervous_or_On_Edge,
                      :QAnxiety_Symptoms_Frequency_Uncontrollable_Worrying,
                      :QAnxiety_Symptoms_Frequency_Excessive_Worry,
                      :QAnxiety_Symptoms_Frequency_Trouble_Relaxing,
                      :QAnxiety_Symptoms_Frequency_Restlessness,
                      :QAnxiety_Symptoms_Frequency_Irritability,
                      :QAnxiety_Symptoms_Frequency_Fear_Something_Awful_Might_Happen .

:QAnxiety_Symptoms_Frequency_Feeling_Nervous_or_On_Edge pred:Text ""Feeling nervous, anxious, or on edge"" .
:QAnxiety_Symptoms_Frequency_Uncontrollable_Worrying pred:Text ""Not being able to stop or control worrying"" .
:QAnxiety_Symptoms_Frequency_Excessive_Worry pred:Text ""Worrying too much about different things"" .
:QAnxiety_Symptoms_Frequency_Trouble_Relaxing pred:Text ""Trouble relaxing"" .
:QAnxiety_Symptoms_Frequency_Restlessness pred:Text ""Being so restless that it is hard to sit still"" .
:QAnxiety_Symptoms_Frequency_Irritability pred:Text ""Becoming easily annoyed or irritable"" .
:QAnxiety_Symptoms_Frequency_Fear_Something_Awful_Might_Happen pred:Text ""Feeling afraid, as if something awful might happen"" .

:QGDepressive_Symptoms_Frequency pred:BaseQuestion ""Next, you will be asked questions about your emotional state. Please answer on a scale of 0 to 3, where 0 is 'Not at all', 1 is 'several days', 2 is 'more than half of the days', and 3 is 'Nearly every day'. Over the last two weeks, how often have you been bothered by the following problems?"" ;
    qg:hasSubQuestion :QDepressive_Symptoms_Frequency_Anhedonia,
                      :QDepressive_Symptoms_Frequency_Depressed_Mood,
                      :QDepressive_Symptoms_Frequency_Sleep_Problems,
                      :QDepressive_Symptoms_Frequency_Fatigue,
                      :QDepressive_Symptoms_Frequency_Appetite_Changes,
                      :QDepressive_Symptoms_Frequency_Feelings_of_Worthlessness,
                      :QDepressive_Symptoms_Frequency_Concentration_Difficulties,
                      :QDepressive_Symptoms_Frequency_Psychomotor_Changes,
                      :QDepressive_Symptoms_Frequency_Suicidal_Thoughts .

:QDepressive_Symptoms_Frequency_Anhedonia pred:Text ""Little interest or pleasure in doing things"" .
:QDepressive_Symptoms_Frequency_Depressed_Mood pred:Text ""Feeling down, depressed, or hopeless"" .
:QDepressive_Symptoms_Frequency_Sleep_Problems pred:Text ""Trouble falling or staying asleep, or sleeping too much"" .
:QDepressive_Symptoms_Frequency_Fatigue pred:Text ""Feeling tired or having little energy"" .
:QDepressive_Symptoms_Frequency_Appetite_Changes pred:Text ""Poor appetite or overeating"" .
:QDepressive_Symptoms_Frequency_Feelings_of_Worthlessness pred:Text ""Feeling bad about yourself or that you are a failure or have let yourself or your family down"" .
:QDepressive_Symptoms_Frequency_Concentration_Difficulties pred:Text ""Trouble concentrating on things, such as reading the newspaper or watching television"" .
:QDepressive_Symptoms_Frequency_Psychomotor_Changes pred:Text ""Moving or speaking so slowly that other people could have noticed. Or the opposite — being so fidgety or restless that you have been moving around a lot more than usual"" .
:QDepressive_Symptoms_Frequency_Suicidal_Thoughts pred:Text ""Thoughts that you would be better off dead, or of hurting yourself"" .

# Responses
:Respondent99 pred:Year_of_birth 2003.0 ;
     pred:Gender 1.0 ;
     pred:Socio_economic_status 6.0 ;
     pred:Ethnic_identity 6.0 .

:Respondent99 pred:Life_satisfaction 8.0 ;
     pred:Happiness 9.0 ;
     pred:Laughter 7.0 ;
     pred:Learning 9.0 ;
     pred:Enjoyment 7.0 ;
     pred:Worry 1.0 ;
     pred:Depression 0.0 ;
     pred:Anger 2.0 ;
     pred:Stress 2.0 ;
     pred:Loneliness 1.0 .

:Respondent99_Emotional_Regulation_Frequency
                                   pred:Upset_by_Unexpected_Events 2.0 ;
                                   pred:Unable_to_Control_Important_Things 1.0 ;
                                   pred:Lacked_Confidence_Handling_Problems 2.0 ;
                                   pred:Unable_to_Cope 1.0 ;
                                   pred:Irritated_by_Life 3.0 ;
                                   pred:On_Top_of_Things 3.0 .
:Respondent99 pred:hasGroupResponse :Respondent99_Emotional_Regulation_Frequency .

:Respondent99_Anxiety_Symptoms_Frequency
                               pred:Feeling_Nervous_or_On_Edge 1.0 ;
                               pred:Trouble_Relaxing 1.0 ;
                               pred:Restlessness 0.0 ;
                               pred:Irritability 1.0 ;
                               pred:Fear_Something_Awful_Might_Happen 0.0 .
:Respondent99 pred:hasGroupResponse :Respondent99_Anxiety_Symptoms_Frequency .

:Respondent99_Depressive_Symptoms_Frequency
                                  pred:Anhedonia 0.0 ;
                                  pred:Sleep_Problems 0.0 ;
                                  pred:Fatigue 1.0 ;
                                  pred:Appetite_Changes 0.0 ;
                                  pred:Feelings_of_Worthlessness 0.0 ;
                                  pred:Concentration_Difficulties 1.0 ;
                                  pred:Suicidal_Thoughts 0.0 .
:Respondent99 pred:hasGroupResponse :Respondent99_Depressive_Symptoms_Frequency .

:Respondent122 pred:Year_of_birth 2002.0 ;
     pred:Gender 1.0 ;
     pred:Socio_economic_status 3.0 ;
     pred:Ethnic_identity 6.0 .

:Respondent122_Parental_Education
                       pred:Father 23.0 ;
                       pred:Mother 22.0 .
:Respondent122 pred:hasGroupResponse :Respondent122_Parental_Education .

:Respondent122 pred:Life_satisfaction 8.0 ;
     pred:Happiness 10.0 ;
     pred:Laughter 10.0 ;
     pred:Learning 8.0 ;
     pred:Enjoyment 9.0 ;
     pred:Worry 0.0 ;
     pred:Depression 0.0 ;
     pred:Anger 2.0 ;
     pred:Stress 2.0 ;
     pred:Loneliness 0.0 .

:Respondent122_Emotional_Regulation_Frequency
                                   pred:Upset_by_Unexpected_Events 2.0 ;
                                   pred:Unable_to_Control_Important_Things 1.0 ;
                                   pred:Lacked_Confidence_Handling_Problems 4.0 ;
                                   pred:Unable_to_Cope 2.0 ;
                                   pred:Irritated_by_Life 4.0 ;
                                   pred:On_Top_of_Things 3.0 .
:Respondent122 pred:hasGroupResponse :Respondent122_Emotional_Regulation_Frequency .

:Respondent122_Anxiety_Symptoms_Frequency
                               pred:Feeling_Nervous_or_On_Edge 0.0 ;
                               pred:Trouble_Relaxing 0.0 ;
                               pred:Restlessness 0.0 ;
                               pred:Irritability 1.0 ;
                               pred:Fear_Something_Awful_Might_Happen 0.0 .
:Respondent122 pred:hasGroupResponse :Respondent122_Anxiety_Symptoms_Frequency .

:Respondent122_Depressive_Symptoms_Frequency
                                  pred:Anhedonia 0.0 ;
                                  pred:Sleep_Problems 0.0 ;
                                  pred:Fatigue 1.0 ;
                                  pred:Appetite_Changes 0.0 ;
                                  pred:Feelings_of_Worthlessness 0.0 ;
                                  pred:Concentration_Difficulties 1.0 ;
                                  pred:Suicidal_Thoughts 0.0 .
:Respondent122 pred:hasGroupResponse :Respondent122_Depressive_Symptoms_Frequency .

:Respondent7 pred:Year_of_birth 2001.0 ;
     pred:Gender 1.0 ;
     pred:Socio_economic_status 3.0 ;
     pred:Ethnic_identity 6.0 .

:Respondent7_Parental_Education
                       pred:Mother 16.0 .
:Respondent7 pred:hasGroupResponse :Respondent7_Parental_Education .

:Respondent7 pred:Life_satisfaction 5.0 ;
     pred:Happiness 4.0 ;
     pred:Laughter 3.0 ;
     pred:Learning 7.0 ;
     pred:Enjoyment 2.0 ;
     pred:Worry 2.0 ;
     pred:Depression 3.0 ;
     pred:Anger 3.0 ;
     pred:Stress 2.0 ;
     pred:Loneliness 9.0 .

:Respondent7_Emotional_Regulation_Frequency
                                   pred:Upset_by_Unexpected_Events 3.0 ;
                                   pred:Unable_to_Control_Important_Things 3.0 ;
                                   pred:Lacked_Confidence_Handling_Problems 1.0 ;
                                   pred:Unable_to_Cope 2.0 ;
                                   pred:Irritated_by_Life 2.0 ;
                                   pred:On_Top_of_Things 1.0 .
:Respondent7 pred:hasGroupResponse :Respondent7_Emotional_Regulation_Frequency .

:Respondent7_Anxiety_Symptoms_Frequency
                               pred:Feeling_Nervous_or_On_Edge 0.0 ;
                               pred:Trouble_Relaxing 2.0 ;
                               pred:Restlessness 0.0 ;
                               pred:Irritability 1.0 ;
                               pred:Fear_Something_Awful_Might_Happen 1.0 .
:Respondent7 pred:hasGroupResponse :Respondent7_Anxiety_Symptoms_Frequency .

:Respondent7_Depressive_Symptoms_Frequency
                                  pred:Anhedonia 2.0 ;
                                  pred:Sleep_Problems 2.0 ;
                                  pred:Fatigue 2.0 ;
                                  pred:Appetite_Changes 0.0 ;
                                  pred:Feelings_of_Worthlessness 3.0 ;
                                  pred:Concentration_Difficulties 2.0 ;
                                  pred:Suicidal_Thoughts 1.0 .
:Respondent7 pred:hasGroupResponse :Respondent7_Depressive_Symptoms_Frequency .

You are a meticulous data analyst AI. Your primary function is to accurately analyze structured data and provide precise, verifiable answers.

You will be given a dataset with two key parts:

A 'questions' section: This is your data dictionary or schema. It is the single source of truth for understanding what each field and score means. Refer to it carefully.

A 'responses' section: This contains the raw data from each individual respondent.

To answer the question correctly, you must first use the 'questions' schema to fully understand the context and meaning of the data points within the 'responses'. Do not rely on any prior knowledge outside of this provided data. Base your entire analysis on the information given.

Provide your final answer directly and concisely. Output must be the human-readable value, not an option code.

Rules:
- For MCQ fields, map any letter codes in the Responses (case-insensitive) to the corresponding option text from the Questions schema, and output only that text. Do NOT include the letter or both.
  Example: If the schema is ""[MCQ: A. Abnormal B. Inconclusive C. Normal]"" and the response is ""a"", output ""Abnormal"".
- For open-ended fields, output the exact text value.
- If the question asks for a count, provide only the number (e.g., ""42"").
- If the question asks for a list of names or IDs, provide a simple comma-separated list (e.g., ""17, 21, 23"").
- Preserve capitalization exactly as in the schema (e.g., output ""Abnormal"", not ""abnormal"" or ""A"").

For respondent 99, what is the value for 'Irritability' in the 'Anxiety Symptoms Frequency' category?",,
case_4,answer_lookup,"For respondent 81, what is the value for 'Suicidal Thoughts' in the 'Depressive Symptoms Frequency' category?","@prefix : <http://example.org/survey#> .
@prefix pred: <http://example.org/predicate#> .
@prefix qg: <http://example.org/question_group#> .

# Questions
:QYear_of_birth pred:Text ""What is your date of birth? [Open-ended]"" .
:QGender pred:Text ""What is your gender? [MCQ: 1. Male 2. Female]"" .
:QSocio_economic_status pred:Text ""What is the socio-economic status of your home? [Likert 1–6: 1 = Very low, 6 = Very high]"" .
:QEthnic_identity pred:Text ""According to your culture, people, or physical features, you are or are recognized as: [MCQ: 1. Indigenous 2. Gypsy 3. Raizal from San Andres, Providencia and Santa Catalina Archipelago 4. Palenquero from San Basilio 5. Black, mulatto (Afro-descendant), Afro-Colombian 6. None of the above]"" .

:QGParental_Education pred:BaseQuestion ""How many years of education did your parents receive? [Open-ended]"" ;
    qg:hasSubQuestion :QParental_Education_Father, :QParental_Education_Mother .
:QParental_Education_Father pred:Text ""Father?"" .
:QParental_Education_Mother pred:Text ""Mother?"" .

:QLife_satisfaction pred:Text ""In general, how satisfied are you with all aspects of your life? [Likert 0–10: 0 = Not satisfied, 10 = Totally satisfied]"" .
:QHappiness pred:Text ""How happy did you feel yesterday? [Likert 0–10: 0 = At no time, 10 = All the time]"" .
:QLaughter pred:Text ""How much did you laugh yesterday? [Likert 0–10: 0 = At no time, 10 = All the time]"" .
:QLearning pred:Text ""Did you learn new or exciting things yesterday? [Likert 0–10: 0 = At no time, 10 = All the time]"" .
:QEnjoyment pred:Text ""How much did you enjoy the activities you did yesterday? [Likert 0–10: 0 = At no time, 10 = All the time]"" .
:QWorry pred:Text ""How worried did you feel yesterday? [Likert 0–10: 0 = At no time, 10 = All the time]"" .
:QDepression pred:Text ""How depressed did you feel yesterday? [Likert 0–10: 0 = At no time, 10 = All the time]"" .
:QAnger pred:Text ""How angry did you feel yesterday? [Likert 0–10: 0 = At no time, 10 = All the time]"" .
:QStress pred:Text ""How much stress did you feel yesterday? [Likert 0–10: 0 = At no time, 10 = All the time]"" .
:QLoneliness pred:Text ""How lonely or unsupported did you feel yesterday? [Likert 0–10: 0 = At no time, 10 = All the time]"" .

:QGEmotional_Regulation_Frequency pred:BaseQuestion ""Next, you will be asked questions about your emotional state. Please answer on a scale of 0 to 4, where 0 is never, 1 is 'almost never', 2 is 'sometimes', 3 is 'fairly often', and 4 is 'very often', how often you experienced the following feelings during the last month: [Likert 0–4]"" ;
    qg:hasSubQuestion :QEmotional_Regulation_Frequency_Upset_by_Unexpected_Events,
                      :QEmotional_Regulation_Frequency_Unable_to_Control_Important_Things,
                      :QEmotional_Regulation_Frequency_Nervous_and_Stressed,
                      :QEmotional_Regulation_Frequency_Lacked_Confidence_Handling_Problems,
                      :QEmotional_Regulation_Frequency_Things_Going_Your_Way,
                      :QEmotional_Regulation_Frequency_Unable_to_Cope,
                      :QEmotional_Regulation_Frequency_Irritated_by_Life,
                      :QEmotional_Regulation_Frequency_On_Top_of_Things,
                      :QEmotional_Regulation_Frequency_Angered_by_Uncontrollable_Events,
                      :QEmotional_Regulation_Frequency_Felt_Overwhelmed .

:QEmotional_Regulation_Frequency_Upset_by_Unexpected_Events pred:Text ""how often have you been upset because of something that happened unexpectedly?"" .
:QEmotional_Regulation_Frequency_Unable_to_Control_Important_Things pred:Text ""how often have you felt that you were unable to control the important things in your life?"" .
:QEmotional_Regulation_Frequency_Nervous_and_Stressed pred:Text ""how often have you felt nervous and stressed?"" .
:QEmotional_Regulation_Frequency_Lacked_Confidence_Handling_Problems pred:Text ""how often have you felt confident about your ability to handle your personal problems?"" .
:QEmotional_Regulation_Frequency_Things_Going_Your_Way pred:Text ""how often have you felt that things were going your way?"" .
:QEmotional_Regulation_Frequency_Unable_to_Cope pred:Text ""how often have you found that you could not cope with all the things that you had to do?"" .
:QEmotional_Regulation_Frequency_Irritated_by_Life pred:Text ""how often have you been able to control irritations in your life?"" .
:QEmotional_Regulation_Frequency_On_Top_of_Things pred:Text ""how often have you felt that you were on top of things?"" .
:QEmotional_Regulation_Frequency_Angered_by_Uncontrollable_Events pred:Text ""how often have you been angered because of things that happened that were outside of your control?"" .
:QEmotional_Regulation_Frequency_Felt_Overwhelmed pred:Text ""how often have you felt difficulties were piling up so high that you could not overcome them?"" .

:QGAnxiety_Symptoms_Frequency pred:BaseQuestion ""Next, you will be asked questions about your emotional state. Please answer on a scale of 0 to 3, where 0 is 'Not at all', 1 is 'several days', 2 is 'more than half of the days', and 3 is 'Nearly every day'. Over the last two weeks, how often have you been bothered by the following problems? [Likert 0–3]"" ;
    qg:hasSubQuestion :QAnxiety_Symptoms_Frequency_Feeling_Nervous_or_On_Edge,
                      :QAnxiety_Symptoms_Frequency_Uncontrollable_Worrying,
                      :QAnxiety_Symptoms_Frequency_Excessive_Worry,
                      :QAnxiety_Symptoms_Frequency_Trouble_Relaxing,
                      :QAnxiety_Symptoms_Frequency_Restlessness,
                      :QAnxiety_Symptoms_Frequency_Irritability,
                      :QAnxiety_Symptoms_Frequency_Fear_Something_Awful_Might_Happen .

:QAnxiety_Symptoms_Frequency_Feeling_Nervous_or_On_Edge pred:Text ""Feeling nervous, anxious, or on edge"" .
:QAnxiety_Symptoms_Frequency_Uncontrollable_Worrying pred:Text ""Not being able to stop or control worrying"" .
:QAnxiety_Symptoms_Frequency_Excessive_Worry pred:Text ""Worrying too much about different things"" .
:QAnxiety_Symptoms_Frequency_Trouble_Relaxing pred:Text ""Trouble relaxing"" .
:QAnxiety_Symptoms_Frequency_Restlessness pred:Text ""Being so restless that it is hard to sit still"" .
:QAnxiety_Symptoms_Frequency_Irritability pred:Text ""Becoming easily annoyed or irritable"" .
:QAnxiety_Symptoms_Frequency_Fear_Something_Awful_Might_Happen pred:Text ""Feeling afraid, as if something awful might happen"" .

:QGDepressive_Symptoms_Frequency pred:BaseQuestion ""Next, you will be asked questions about your emotional state. Please answer on a scale of 0 to 3, where 0 is 'Not at all', 1 is 'several days', 2 is 'more than half of the days', and 3 is 'Nearly every day'. Over the last two weeks, how often have you been bothered by the following problems?"" ;
    qg:hasSubQuestion :QDepressive_Symptoms_Frequency_Anhedonia,
                      :QDepressive_Symptoms_Frequency_Depressed_Mood,
                      :QDepressive_Symptoms_Frequency_Sleep_Problems,
                      :QDepressive_Symptoms_Frequency_Fatigue,
                      :QDepressive_Symptoms_Frequency_Appetite_Changes,
                      :QDepressive_Symptoms_Frequency_Feelings_of_Worthlessness,
                      :QDepressive_Symptoms_Frequency_Concentration_Difficulties,
                      :QDepressive_Symptoms_Frequency_Psychomotor_Changes,
                      :QDepressive_Symptoms_Frequency_Suicidal_Thoughts .

:QDepressive_Symptoms_Frequency_Anhedonia pred:Text ""Little interest or pleasure in doing things"" .
:QDepressive_Symptoms_Frequency_Depressed_Mood pred:Text ""Feeling down, depressed, or hopeless"" .
:QDepressive_Symptoms_Frequency_Sleep_Problems pred:Text ""Trouble falling or staying asleep, or sleeping too much"" .
:QDepressive_Symptoms_Frequency_Fatigue pred:Text ""Feeling tired or having little energy"" .
:QDepressive_Symptoms_Frequency_Appetite_Changes pred:Text ""Poor appetite or overeating"" .
:QDepressive_Symptoms_Frequency_Feelings_of_Worthlessness pred:Text ""Feeling bad about yourself or that you are a failure or have let yourself or your family down"" .
:QDepressive_Symptoms_Frequency_Concentration_Difficulties pred:Text ""Trouble concentrating on things, such as reading the newspaper or watching television"" .
:QDepressive_Symptoms_Frequency_Psychomotor_Changes pred:Text ""Moving or speaking so slowly that other people could have noticed. Or the opposite — being so fidgety or restless that you have been moving around a lot more than usual"" .
:QDepressive_Symptoms_Frequency_Suicidal_Thoughts pred:Text ""Thoughts that you would be better off dead, or of hurting yourself"" .

# Responses
:Respondent81 pred:Year_of_birth 2003.0 ;
     pred:Gender 2.0 ;
     pred:Socio_economic_status 3.0 ;
     pred:Ethnic_identity 6.0 .

:Respondent81 pred:Life_satisfaction 6.0 ;
     pred:Happiness 5.0 ;
     pred:Laughter 3.0 ;
     pred:Learning 8.0 ;
     pred:Enjoyment 6.0 ;
     pred:Worry 1.0 ;
     pred:Depression 0.0 ;
     pred:Anger 2.0 ;
     pred:Stress 2.0 ;
     pred:Loneliness 6.0 .

:Respondent81_Emotional_Regulation_Frequency
                                   pred:Upset_by_Unexpected_Events 2.0 ;
                                   pred:Unable_to_Control_Important_Things 1.0 ;
                                   pred:Lacked_Confidence_Handling_Problems 3.0 ;
                                   pred:Unable_to_Cope 1.0 ;
                                   pred:Irritated_by_Life 3.0 ;
                                   pred:On_Top_of_Things 2.0 .
:Respondent81 pred:hasGroupResponse :Respondent81_Emotional_Regulation_Frequency .

:Respondent81_Anxiety_Symptoms_Frequency
                               pred:Feeling_Nervous_or_On_Edge 1.0 ;
                               pred:Trouble_Relaxing 1.0 ;
                               pred:Restlessness 0.0 ;
                               pred:Irritability 1.0 ;
                               pred:Fear_Something_Awful_Might_Happen 1.0 .
:Respondent81 pred:hasGroupResponse :Respondent81_Anxiety_Symptoms_Frequency .

:Respondent81_Depressive_Symptoms_Frequency
                                  pred:Anhedonia 1.0 ;
                                  pred:Sleep_Problems 1.0 ;
                                  pred:Fatigue 1.0 ;
                                  pred:Appetite_Changes 1.0 ;
                                  pred:Feelings_of_Worthlessness 1.0 ;
                                  pred:Concentration_Difficulties 1.0 ;
                                  pred:Suicidal_Thoughts 0.0 .
:Respondent81 pred:hasGroupResponse :Respondent81_Depressive_Symptoms_Frequency .

:Respondent118 pred:Year_of_birth 2004.0 ;
     pred:Gender 2.0 ;
     pred:Socio_economic_status 3.0 ;
     pred:Ethnic_identity 6.0 .

:Respondent118_Parental_Education
                       pred:Father 23.0 ;
                       pred:Mother 25.0 .
:Respondent118 pred:hasGroupResponse :Respondent118_Parental_Education .

:Respondent118 pred:Life_satisfaction 9.0 ;
     pred:Happiness 7.0 ;
     pred:Laughter 6.0 ;
     pred:Learning 8.0 ;
     pred:Enjoyment 8.0 ;
     pred:Worry 1.0 ;
     pred:Depression 0.0 ;
     pred:Anger 2.0 ;
     pred:Stress 2.0 ;
     pred:Loneliness 0.0 .

:Respondent118_Emotional_Regulation_Frequency
                                   pred:Upset_by_Unexpected_Events 1.0 ;
                                   pred:Unable_to_Control_Important_Things 1.0 ;
                                   pred:Lacked_Confidence_Handling_Problems 4.0 ;
                                   pred:Unable_to_Cope 2.0 ;
                                   pred:Irritated_by_Life 3.0 ;
                                   pred:On_Top_of_Things 2.0 .
:Respondent118 pred:hasGroupResponse :Respondent118_Emotional_Regulation_Frequency .

:Respondent118_Anxiety_Symptoms_Frequency
                               pred:Feeling_Nervous_or_On_Edge 0.0 ;
                               pred:Trouble_Relaxing 0.0 ;
                               pred:Restlessness 0.0 ;
                               pred:Irritability 0.0 ;
                               pred:Fear_Something_Awful_Might_Happen 0.0 .
:Respondent118 pred:hasGroupResponse :Respondent118_Anxiety_Symptoms_Frequency .

:Respondent118_Depressive_Symptoms_Frequency
                                  pred:Anhedonia 0.0 ;
                                  pred:Sleep_Problems 0.0 ;
                                  pred:Fatigue 3.0 ;
                                  pred:Appetite_Changes 1.0 ;
                                  pred:Feelings_of_Worthlessness 0.0 ;
                                  pred:Concentration_Difficulties 0.0 ;
                                  pred:Suicidal_Thoughts 0.0 .
:Respondent118 pred:hasGroupResponse :Respondent118_Depressive_Symptoms_Frequency .

:Respondent10 pred:Year_of_birth 2002.0 ;
     pred:Gender 1.0 ;
     pred:Socio_economic_status 3.0 ;
     pred:Ethnic_identity 6.0 .

:Respondent10_Parental_Education
                       pred:Father 5.0 ;
                       pred:Mother 10.0 .
:Respondent10 pred:hasGroupResponse :Respondent10_Parental_Education .

:Respondent10 pred:Life_satisfaction 9.0 ;
     pred:Happiness 9.0 ;
     pred:Laughter 8.0 ;
     pred:Learning 8.0 ;
     pred:Enjoyment 9.0 ;
     pred:Worry 0.0 ;
     pred:Depression 0.0 ;
     pred:Anger 0.0 ;
     pred:Stress 1.0 ;
     pred:Loneliness 0.0 .

:Respondent10_Emotional_Regulation_Frequency
                                   pred:Upset_by_Unexpected_Events 1.0 ;
                                   pred:Unable_to_Control_Important_Things 1.0 ;
                                   pred:Lacked_Confidence_Handling_Problems 4.0 ;
                                   pred:Unable_to_Cope 1.0 ;
                                   pred:Irritated_by_Life 3.0 ;
                                   pred:On_Top_of_Things 3.0 .
:Respondent10 pred:hasGroupResponse :Respondent10_Emotional_Regulation_Frequency .

:Respondent10_Anxiety_Symptoms_Frequency
                               pred:Feeling_Nervous_or_On_Edge 1.0 ;
                               pred:Trouble_Relaxing 0.0 ;
                               pred:Restlessness 0.0 ;
                               pred:Irritability 0.0 ;
                               pred:Fear_Something_Awful_Might_Happen 0.0 .
:Respondent10 pred:hasGroupResponse :Respondent10_Anxiety_Symptoms_Frequency .

:Respondent10_Depressive_Symptoms_Frequency
                                  pred:Anhedonia 0.0 ;
                                  pred:Sleep_Problems 0.0 ;
                                  pred:Fatigue 0.0 ;
                                  pred:Appetite_Changes 0.0 ;
                                  pred:Feelings_of_Worthlessness 0.0 ;
                                  pred:Concentration_Difficulties 0.0 ;
                                  pred:Suicidal_Thoughts 0.0 .
:Respondent10 pred:hasGroupResponse :Respondent10_Depressive_Symptoms_Frequency .
",0.0,"For respondent 129, what is the value for 'Appetite Changes' in the 'Depressive Symptoms Frequency' category?

DATA:

@prefix : <http://example.org/survey#> .
@prefix pred: <http://example.org/predicate#> .
@prefix qg: <http://example.org/question_group#> .

# Questions
:QYear_of_birth pred:Text ""What is your date of birth? [Open-ended]"" .
:QGender pred:Text ""What is your gender? [MCQ: 1. Male 2. Female]"" .
:QSocio_economic_status pred:Text ""What is the socio-economic status of your home? [Likert 1–6: 1 = Very low, 6 = Very high]"" .
:QEthnic_identity pred:Text ""According to your culture, people, or physical features, you are or are recognized as: [MCQ: 1. Indigenous 2. Gypsy 3. Raizal from San Andres, Providencia and Santa Catalina Archipelago 4. Palenquero from San Basilio 5. Black, mulatto (Afro-descendant), Afro-Colombian 6. None of the above]"" .

:QGParental_Education pred:BaseQuestion ""How many years of education did your parents receive? [Open-ended]"" ;
    qg:hasSubQuestion :QParental_Education_Father, :QParental_Education_Mother .
:QParental_Education_Father pred:Text ""Father?"" .
:QParental_Education_Mother pred:Text ""Mother?"" .

:QLife_satisfaction pred:Text ""In general, how satisfied are you with all aspects of your life? [Likert 0–10: 0 = Not satisfied, 10 = Totally satisfied]"" .
:QHappiness pred:Text ""How happy did you feel yesterday? [Likert 0–10: 0 = At no time, 10 = All the time]"" .
:QLaughter pred:Text ""How much did you laugh yesterday? [Likert 0–10: 0 = At no time, 10 = All the time]"" .
:QLearning pred:Text ""Did you learn new or exciting things yesterday? [Likert 0–10: 0 = At no time, 10 = All the time]"" .
:QEnjoyment pred:Text ""How much did you enjoy the activities you did yesterday? [Likert 0–10: 0 = At no time, 10 = All the time]"" .
:QWorry pred:Text ""How worried did you feel yesterday? [Likert 0–10: 0 = At no time, 10 = All the time]"" .
:QDepression pred:Text ""How depressed did you feel yesterday? [Likert 0–10: 0 = At no time, 10 = All the time]"" .
:QAnger pred:Text ""How angry did you feel yesterday? [Likert 0–10: 0 = At no time, 10 = All the time]"" .
:QStress pred:Text ""How much stress did you feel yesterday? [Likert 0–10: 0 = At no time, 10 = All the time]"" .
:QLoneliness pred:Text ""How lonely or unsupported did you feel yesterday? [Likert 0–10: 0 = At no time, 10 = All the time]"" .

:QGEmotional_Regulation_Frequency pred:BaseQuestion ""Next, you will be asked questions about your emotional state. Please answer on a scale of 0 to 4, where 0 is never, 1 is 'almost never', 2 is 'sometimes', 3 is 'fairly often', and 4 is 'very often', how often you experienced the following feelings during the last month: [Likert 0–4]"" ;
    qg:hasSubQuestion :QEmotional_Regulation_Frequency_Upset_by_Unexpected_Events,
                      :QEmotional_Regulation_Frequency_Unable_to_Control_Important_Things,
                      :QEmotional_Regulation_Frequency_Nervous_and_Stressed,
                      :QEmotional_Regulation_Frequency_Lacked_Confidence_Handling_Problems,
                      :QEmotional_Regulation_Frequency_Things_Going_Your_Way,
                      :QEmotional_Regulation_Frequency_Unable_to_Cope,
                      :QEmotional_Regulation_Frequency_Irritated_by_Life,
                      :QEmotional_Regulation_Frequency_On_Top_of_Things,
                      :QEmotional_Regulation_Frequency_Angered_by_Uncontrollable_Events,
                      :QEmotional_Regulation_Frequency_Felt_Overwhelmed .

:QEmotional_Regulation_Frequency_Upset_by_Unexpected_Events pred:Text ""how often have you been upset because of something that happened unexpectedly?"" .
:QEmotional_Regulation_Frequency_Unable_to_Control_Important_Things pred:Text ""how often have you felt that you were unable to control the important things in your life?"" .
:QEmotional_Regulation_Frequency_Nervous_and_Stressed pred:Text ""how often have you felt nervous and stressed?"" .
:QEmotional_Regulation_Frequency_Lacked_Confidence_Handling_Problems pred:Text ""how often have you felt confident about your ability to handle your personal problems?"" .
:QEmotional_Regulation_Frequency_Things_Going_Your_Way pred:Text ""how often have you felt that things were going your way?"" .
:QEmotional_Regulation_Frequency_Unable_to_Cope pred:Text ""how often have you found that you could not cope with all the things that you had to do?"" .
:QEmotional_Regulation_Frequency_Irritated_by_Life pred:Text ""how often have you been able to control irritations in your life?"" .
:QEmotional_Regulation_Frequency_On_Top_of_Things pred:Text ""how often have you felt that you were on top of things?"" .
:QEmotional_Regulation_Frequency_Angered_by_Uncontrollable_Events pred:Text ""how often have you been angered because of things that happened that were outside of your control?"" .
:QEmotional_Regulation_Frequency_Felt_Overwhelmed pred:Text ""how often have you felt difficulties were piling up so high that you could not overcome them?"" .

:QGAnxiety_Symptoms_Frequency pred:BaseQuestion ""Next, you will be asked questions about your emotional state. Please answer on a scale of 0 to 3, where 0 is 'Not at all', 1 is 'several days', 2 is 'more than half of the days', and 3 is 'Nearly every day'. Over the last two weeks, how often have you been bothered by the following problems? [Likert 0–3]"" ;
    qg:hasSubQuestion :QAnxiety_Symptoms_Frequency_Feeling_Nervous_or_On_Edge,
                      :QAnxiety_Symptoms_Frequency_Uncontrollable_Worrying,
                      :QAnxiety_Symptoms_Frequency_Excessive_Worry,
                      :QAnxiety_Symptoms_Frequency_Trouble_Relaxing,
                      :QAnxiety_Symptoms_Frequency_Restlessness,
                      :QAnxiety_Symptoms_Frequency_Irritability,
                      :QAnxiety_Symptoms_Frequency_Fear_Something_Awful_Might_Happen .

:QAnxiety_Symptoms_Frequency_Feeling_Nervous_or_On_Edge pred:Text ""Feeling nervous, anxious, or on edge"" .
:QAnxiety_Symptoms_Frequency_Uncontrollable_Worrying pred:Text ""Not being able to stop or control worrying"" .
:QAnxiety_Symptoms_Frequency_Excessive_Worry pred:Text ""Worrying too much about different things"" .
:QAnxiety_Symptoms_Frequency_Trouble_Relaxing pred:Text ""Trouble relaxing"" .
:QAnxiety_Symptoms_Frequency_Restlessness pred:Text ""Being so restless that it is hard to sit still"" .
:QAnxiety_Symptoms_Frequency_Irritability pred:Text ""Becoming easily annoyed or irritable"" .
:QAnxiety_Symptoms_Frequency_Fear_Something_Awful_Might_Happen pred:Text ""Feeling afraid, as if something awful might happen"" .

:QGDepressive_Symptoms_Frequency pred:BaseQuestion ""Next, you will be asked questions about your emotional state. Please answer on a scale of 0 to 3, where 0 is 'Not at all', 1 is 'several days', 2 is 'more than half of the days', and 3 is 'Nearly every day'. Over the last two weeks, how often have you been bothered by the following problems?"" ;
    qg:hasSubQuestion :QDepressive_Symptoms_Frequency_Anhedonia,
                      :QDepressive_Symptoms_Frequency_Depressed_Mood,
                      :QDepressive_Symptoms_Frequency_Sleep_Problems,
                      :QDepressive_Symptoms_Frequency_Fatigue,
                      :QDepressive_Symptoms_Frequency_Appetite_Changes,
                      :QDepressive_Symptoms_Frequency_Feelings_of_Worthlessness,
                      :QDepressive_Symptoms_Frequency_Concentration_Difficulties,
                      :QDepressive_Symptoms_Frequency_Psychomotor_Changes,
                      :QDepressive_Symptoms_Frequency_Suicidal_Thoughts .

:QDepressive_Symptoms_Frequency_Anhedonia pred:Text ""Little interest or pleasure in doing things"" .
:QDepressive_Symptoms_Frequency_Depressed_Mood pred:Text ""Feeling down, depressed, or hopeless"" .
:QDepressive_Symptoms_Frequency_Sleep_Problems pred:Text ""Trouble falling or staying asleep, or sleeping too much"" .
:QDepressive_Symptoms_Frequency_Fatigue pred:Text ""Feeling tired or having little energy"" .
:QDepressive_Symptoms_Frequency_Appetite_Changes pred:Text ""Poor appetite or overeating"" .
:QDepressive_Symptoms_Frequency_Feelings_of_Worthlessness pred:Text ""Feeling bad about yourself or that you are a failure or have let yourself or your family down"" .
:QDepressive_Symptoms_Frequency_Concentration_Difficulties pred:Text ""Trouble concentrating on things, such as reading the newspaper or watching television"" .
:QDepressive_Symptoms_Frequency_Psychomotor_Changes pred:Text ""Moving or speaking so slowly that other people could have noticed. Or the opposite — being so fidgety or restless that you have been moving around a lot more than usual"" .
:QDepressive_Symptoms_Frequency_Suicidal_Thoughts pred:Text ""Thoughts that you would be better off dead, or of hurting yourself"" .

# Responses
:Respondent73 pred:Year_of_birth 2005.0 ;
     pred:Gender 2.0 ;
     pred:Socio_economic_status 2.0 ;
     pred:Ethnic_identity 6.0 .

:Respondent73_Parental_Education
                       pred:Father 25.0 ;
                       pred:Mother 15.0 .
:Respondent73 pred:hasGroupResponse :Respondent73_Parental_Education .

:Respondent73 pred:Life_satisfaction 8.0 ;
     pred:Happiness 5.0 ;
     pred:Laughter 4.0 ;
     pred:Learning 5.0 ;
     pred:Enjoyment 5.0 ;
     pred:Worry 2.0 ;
     pred:Depression 1.0 ;
     pred:Anger 2.0 ;
     pred:Stress 4.0 ;
     pred:Loneliness 6.0 .

:Respondent73_Emotional_Regulation_Frequency
                                   pred:Upset_by_Unexpected_Events 2.0 ;
                                   pred:Unable_to_Control_Important_Things 2.0 ;
                                   pred:Lacked_Confidence_Handling_Problems 2.0 ;
                                   pred:Unable_to_Cope 2.0 ;
                                   pred:Irritated_by_Life 2.0 ;
                                   pred:On_Top_of_Things 2.0 .
:Respondent73 pred:hasGroupResponse :Respondent73_Emotional_Regulation_Frequency .

:Respondent73_Anxiety_Symptoms_Frequency
                               pred:Feeling_Nervous_or_On_Edge 2.0 ;
                               pred:Trouble_Relaxing 1.0 ;
                               pred:Restlessness 1.0 ;
                               pred:Irritability 2.0 ;
                               pred:Fear_Something_Awful_Might_Happen 2.0 .
:Respondent73 pred:hasGroupResponse :Respondent73_Anxiety_Symptoms_Frequency .

:Respondent73_Depressive_Symptoms_Frequency
                                  pred:Anhedonia 1.0 ;
                                  pred:Sleep_Problems 2.0 ;
                                  pred:Fatigue 1.0 ;
                                  pred:Appetite_Changes 1.0 ;
                                  pred:Feelings_of_Worthlessness 1.0 ;
                                  pred:Concentration_Difficulties 1.0 ;
                                  pred:Suicidal_Thoughts 0.0 .
:Respondent73 pred:hasGroupResponse :Respondent73_Depressive_Symptoms_Frequency .

:Respondent85 pred:Year_of_birth 2004.0 ;
     pred:Gender 2.0 ;
     pred:Socio_economic_status 3.0 ;
     pred:Ethnic_identity 6.0 .

:Respondent85_Parental_Education
                       pred:Father 18.0 .
:Respondent85 pred:hasGroupResponse :Respondent85_Parental_Education .

:Respondent85 pred:Life_satisfaction 5.0 ;
     pred:Happiness 6.0 ;
     pred:Laughter 6.0 ;
     pred:Learning 8.0 ;
     pred:Enjoyment 5.0 ;
     pred:Worry 1.0 ;
     pred:Depression 1.0 ;
     pred:Anger 2.0 ;
     pred:Stress 4.0 ;
     pred:Loneliness 1.0 .

:Respondent85_Emotional_Regulation_Frequency
                                   pred:Upset_by_Unexpected_Events 2.0 ;
                                   pred:Unable_to_Control_Important_Things 3.0 ;
                                   pred:Lacked_Confidence_Handling_Problems 2.0 ;
                                   pred:Unable_to_Cope 3.0 ;
                                   pred:Irritated_by_Life 3.0 ;
                                   pred:On_Top_of_Things 2.0 .
:Respondent85 pred:hasGroupResponse :Respondent85_Emotional_Regulation_Frequency .

:Respondent85_Anxiety_Symptoms_Frequency
                               pred:Feeling_Nervous_or_On_Edge 1.0 ;
                               pred:Trouble_Relaxing 1.0 ;
                               pred:Restlessness 0.0 ;
                               pred:Irritability 1.0 ;
                               pred:Fear_Something_Awful_Might_Happen 1.0 .
:Respondent85 pred:hasGroupResponse :Respondent85_Anxiety_Symptoms_Frequency .

:Respondent85_Depressive_Symptoms_Frequency
                                  pred:Anhedonia 2.0 ;
                                  pred:Sleep_Problems 2.0 ;
                                  pred:Fatigue 3.0 ;
                                  pred:Appetite_Changes 3.0 ;
                                  pred:Feelings_of_Worthlessness 1.0 ;
                                  pred:Concentration_Difficulties 1.0 ;
                                  pred:Suicidal_Thoughts 0.0 .
:Respondent85 pred:hasGroupResponse :Respondent85_Depressive_Symptoms_Frequency .

:Respondent129 pred:Year_of_birth 2001.0 ;
     pred:Gender 2.0 ;
     pred:Socio_economic_status 3.0 ;
     pred:Ethnic_identity 6.0 .

:Respondent129_Parental_Education
                       pred:Father 13.0 ;
                       pred:Mother 13.0 .
:Respondent129 pred:hasGroupResponse :Respondent129_Parental_Education .

:Respondent129 pred:Life_satisfaction 8.0 ;
     pred:Happiness 9.0 ;
     pred:Laughter 6.0 ;
     pred:Learning 5.0 ;
     pred:Enjoyment 6.0 ;
     pred:Worry 1.0 ;
     pred:Depression 1.0 ;
     pred:Anger 1.0 ;
     pred:Stress 3.0 ;
     pred:Loneliness 0.0 .

:Respondent129_Emotional_Regulation_Frequency
                                   pred:Upset_by_Unexpected_Events 1.0 ;
                                   pred:Unable_to_Control_Important_Things 1.0 ;
                                   pred:Lacked_Confidence_Handling_Problems 3.0 ;
                                   pred:Unable_to_Cope 2.0 ;
                                   pred:Irritated_by_Life 3.0 ;
                                   pred:On_Top_of_Things 2.0 .
:Respondent129 pred:hasGroupResponse :Respondent129_Emotional_Regulation_Frequency .

:Respondent129_Anxiety_Symptoms_Frequency
                               pred:Feeling_Nervous_or_On_Edge 1.0 ;
                               pred:Trouble_Relaxing 1.0 ;
                               pred:Restlessness 0.0 ;
                               pred:Irritability 0.0 ;
                               pred:Fear_Something_Awful_Might_Happen 0.0 .
:Respondent129 pred:hasGroupResponse :Respondent129_Anxiety_Symptoms_Frequency .

:Respondent129_Depressive_Symptoms_Frequency
                                  pred:Anhedonia 1.0 ;
                                  pred:Sleep_Problems 1.0 ;
                                  pred:Fatigue 2.0 ;
                                  pred:Appetite_Changes 2.0 ;
                                  pred:Feelings_of_Worthlessness 0.0 ;
                                  pred:Concentration_Difficulties 2.0 ;
                                  pred:Suicidal_Thoughts 0.0 .
:Respondent129 pred:hasGroupResponse :Respondent129_Depressive_Symptoms_Frequency .

Answer: 2.0

@prefix : <http://example.org/survey#> .
@prefix pred: <http://example.org/predicate#> .
@prefix qg: <http://example.org/question_group#> .

# Questions
:QYear_of_birth pred:Text ""What is your date of birth? [Open-ended]"" .
:QGender pred:Text ""What is your gender? [MCQ: 1. Male 2. Female]"" .
:QSocio_economic_status pred:Text ""What is the socio-economic status of your home? [Likert 1–6: 1 = Very low, 6 = Very high]"" .
:QEthnic_identity pred:Text ""According to your culture, people, or physical features, you are or are recognized as: [MCQ: 1. Indigenous 2. Gypsy 3. Raizal from San Andres, Providencia and Santa Catalina Archipelago 4. Palenquero from San Basilio 5. Black, mulatto (Afro-descendant), Afro-Colombian 6. None of the above]"" .

:QGParental_Education pred:BaseQuestion ""How many years of education did your parents receive? [Open-ended]"" ;
    qg:hasSubQuestion :QParental_Education_Father, :QParental_Education_Mother .
:QParental_Education_Father pred:Text ""Father?"" .
:QParental_Education_Mother pred:Text ""Mother?"" .

:QLife_satisfaction pred:Text ""In general, how satisfied are you with all aspects of your life? [Likert 0–10: 0 = Not satisfied, 10 = Totally satisfied]"" .
:QHappiness pred:Text ""How happy did you feel yesterday? [Likert 0–10: 0 = At no time, 10 = All the time]"" .
:QLaughter pred:Text ""How much did you laugh yesterday? [Likert 0–10: 0 = At no time, 10 = All the time]"" .
:QLearning pred:Text ""Did you learn new or exciting things yesterday? [Likert 0–10: 0 = At no time, 10 = All the time]"" .
:QEnjoyment pred:Text ""How much did you enjoy the activities you did yesterday? [Likert 0–10: 0 = At no time, 10 = All the time]"" .
:QWorry pred:Text ""How worried did you feel yesterday? [Likert 0–10: 0 = At no time, 10 = All the time]"" .
:QDepression pred:Text ""How depressed did you feel yesterday? [Likert 0–10: 0 = At no time, 10 = All the time]"" .
:QAnger pred:Text ""How angry did you feel yesterday? [Likert 0–10: 0 = At no time, 10 = All the time]"" .
:QStress pred:Text ""How much stress did you feel yesterday? [Likert 0–10: 0 = At no time, 10 = All the time]"" .
:QLoneliness pred:Text ""How lonely or unsupported did you feel yesterday? [Likert 0–10: 0 = At no time, 10 = All the time]"" .

:QGEmotional_Regulation_Frequency pred:BaseQuestion ""Next, you will be asked questions about your emotional state. Please answer on a scale of 0 to 4, where 0 is never, 1 is 'almost never', 2 is 'sometimes', 3 is 'fairly often', and 4 is 'very often', how often you experienced the following feelings during the last month: [Likert 0–4]"" ;
    qg:hasSubQuestion :QEmotional_Regulation_Frequency_Upset_by_Unexpected_Events,
                      :QEmotional_Regulation_Frequency_Unable_to_Control_Important_Things,
                      :QEmotional_Regulation_Frequency_Nervous_and_Stressed,
                      :QEmotional_Regulation_Frequency_Lacked_Confidence_Handling_Problems,
                      :QEmotional_Regulation_Frequency_Things_Going_Your_Way,
                      :QEmotional_Regulation_Frequency_Unable_to_Cope,
                      :QEmotional_Regulation_Frequency_Irritated_by_Life,
                      :QEmotional_Regulation_Frequency_On_Top_of_Things,
                      :QEmotional_Regulation_Frequency_Angered_by_Uncontrollable_Events,
                      :QEmotional_Regulation_Frequency_Felt_Overwhelmed .

:QEmotional_Regulation_Frequency_Upset_by_Unexpected_Events pred:Text ""how often have you been upset because of something that happened unexpectedly?"" .
:QEmotional_Regulation_Frequency_Unable_to_Control_Important_Things pred:Text ""how often have you felt that you were unable to control the important things in your life?"" .
:QEmotional_Regulation_Frequency_Nervous_and_Stressed pred:Text ""how often have you felt nervous and stressed?"" .
:QEmotional_Regulation_Frequency_Lacked_Confidence_Handling_Problems pred:Text ""how often have you felt confident about your ability to handle your personal problems?"" .
:QEmotional_Regulation_Frequency_Things_Going_Your_Way pred:Text ""how often have you felt that things were going your way?"" .
:QEmotional_Regulation_Frequency_Unable_to_Cope pred:Text ""how often have you found that you could not cope with all the things that you had to do?"" .
:QEmotional_Regulation_Frequency_Irritated_by_Life pred:Text ""how often have you been able to control irritations in your life?"" .
:QEmotional_Regulation_Frequency_On_Top_of_Things pred:Text ""how often have you felt that you were on top of things?"" .
:QEmotional_Regulation_Frequency_Angered_by_Uncontrollable_Events pred:Text ""how often have you been angered because of things that happened that were outside of your control?"" .
:QEmotional_Regulation_Frequency_Felt_Overwhelmed pred:Text ""how often have you felt difficulties were piling up so high that you could not overcome them?"" .

:QGAnxiety_Symptoms_Frequency pred:BaseQuestion ""Next, you will be asked questions about your emotional state. Please answer on a scale of 0 to 3, where 0 is 'Not at all', 1 is 'several days', 2 is 'more than half of the days', and 3 is 'Nearly every day'. Over the last two weeks, how often have you been bothered by the following problems? [Likert 0–3]"" ;
    qg:hasSubQuestion :QAnxiety_Symptoms_Frequency_Feeling_Nervous_or_On_Edge,
                      :QAnxiety_Symptoms_Frequency_Uncontrollable_Worrying,
                      :QAnxiety_Symptoms_Frequency_Excessive_Worry,
                      :QAnxiety_Symptoms_Frequency_Trouble_Relaxing,
                      :QAnxiety_Symptoms_Frequency_Restlessness,
                      :QAnxiety_Symptoms_Frequency_Irritability,
                      :QAnxiety_Symptoms_Frequency_Fear_Something_Awful_Might_Happen .

:QAnxiety_Symptoms_Frequency_Feeling_Nervous_or_On_Edge pred:Text ""Feeling nervous, anxious, or on edge"" .
:QAnxiety_Symptoms_Frequency_Uncontrollable_Worrying pred:Text ""Not being able to stop or control worrying"" .
:QAnxiety_Symptoms_Frequency_Excessive_Worry pred:Text ""Worrying too much about different things"" .
:QAnxiety_Symptoms_Frequency_Trouble_Relaxing pred:Text ""Trouble relaxing"" .
:QAnxiety_Symptoms_Frequency_Restlessness pred:Text ""Being so restless that it is hard to sit still"" .
:QAnxiety_Symptoms_Frequency_Irritability pred:Text ""Becoming easily annoyed or irritable"" .
:QAnxiety_Symptoms_Frequency_Fear_Something_Awful_Might_Happen pred:Text ""Feeling afraid, as if something awful might happen"" .

:QGDepressive_Symptoms_Frequency pred:BaseQuestion ""Next, you will be asked questions about your emotional state. Please answer on a scale of 0 to 3, where 0 is 'Not at all', 1 is 'several days', 2 is 'more than half of the days', and 3 is 'Nearly every day'. Over the last two weeks, how often have you been bothered by the following problems?"" ;
    qg:hasSubQuestion :QDepressive_Symptoms_Frequency_Anhedonia,
                      :QDepressive_Symptoms_Frequency_Depressed_Mood,
                      :QDepressive_Symptoms_Frequency_Sleep_Problems,
                      :QDepressive_Symptoms_Frequency_Fatigue,
                      :QDepressive_Symptoms_Frequency_Appetite_Changes,
                      :QDepressive_Symptoms_Frequency_Feelings_of_Worthlessness,
                      :QDepressive_Symptoms_Frequency_Concentration_Difficulties,
                      :QDepressive_Symptoms_Frequency_Psychomotor_Changes,
                      :QDepressive_Symptoms_Frequency_Suicidal_Thoughts .

:QDepressive_Symptoms_Frequency_Anhedonia pred:Text ""Little interest or pleasure in doing things"" .
:QDepressive_Symptoms_Frequency_Depressed_Mood pred:Text ""Feeling down, depressed, or hopeless"" .
:QDepressive_Symptoms_Frequency_Sleep_Problems pred:Text ""Trouble falling or staying asleep, or sleeping too much"" .
:QDepressive_Symptoms_Frequency_Fatigue pred:Text ""Feeling tired or having little energy"" .
:QDepressive_Symptoms_Frequency_Appetite_Changes pred:Text ""Poor appetite or overeating"" .
:QDepressive_Symptoms_Frequency_Feelings_of_Worthlessness pred:Text ""Feeling bad about yourself or that you are a failure or have let yourself or your family down"" .
:QDepressive_Symptoms_Frequency_Concentration_Difficulties pred:Text ""Trouble concentrating on things, such as reading the newspaper or watching television"" .
:QDepressive_Symptoms_Frequency_Psychomotor_Changes pred:Text ""Moving or speaking so slowly that other people could have noticed. Or the opposite — being so fidgety or restless that you have been moving around a lot more than usual"" .
:QDepressive_Symptoms_Frequency_Suicidal_Thoughts pred:Text ""Thoughts that you would be better off dead, or of hurting yourself"" .

# Responses
:Respondent81 pred:Year_of_birth 2003.0 ;
     pred:Gender 2.0 ;
     pred:Socio_economic_status 3.0 ;
     pred:Ethnic_identity 6.0 .

:Respondent81 pred:Life_satisfaction 6.0 ;
     pred:Happiness 5.0 ;
     pred:Laughter 3.0 ;
     pred:Learning 8.0 ;
     pred:Enjoyment 6.0 ;
     pred:Worry 1.0 ;
     pred:Depression 0.0 ;
     pred:Anger 2.0 ;
     pred:Stress 2.0 ;
     pred:Loneliness 6.0 .

:Respondent81_Emotional_Regulation_Frequency
                                   pred:Upset_by_Unexpected_Events 2.0 ;
                                   pred:Unable_to_Control_Important_Things 1.0 ;
                                   pred:Lacked_Confidence_Handling_Problems 3.0 ;
                                   pred:Unable_to_Cope 1.0 ;
                                   pred:Irritated_by_Life 3.0 ;
                                   pred:On_Top_of_Things 2.0 .
:Respondent81 pred:hasGroupResponse :Respondent81_Emotional_Regulation_Frequency .

:Respondent81_Anxiety_Symptoms_Frequency
                               pred:Feeling_Nervous_or_On_Edge 1.0 ;
                               pred:Trouble_Relaxing 1.0 ;
                               pred:Restlessness 0.0 ;
                               pred:Irritability 1.0 ;
                               pred:Fear_Something_Awful_Might_Happen 1.0 .
:Respondent81 pred:hasGroupResponse :Respondent81_Anxiety_Symptoms_Frequency .

:Respondent81_Depressive_Symptoms_Frequency
                                  pred:Anhedonia 1.0 ;
                                  pred:Sleep_Problems 1.0 ;
                                  pred:Fatigue 1.0 ;
                                  pred:Appetite_Changes 1.0 ;
                                  pred:Feelings_of_Worthlessness 1.0 ;
                                  pred:Concentration_Difficulties 1.0 ;
                                  pred:Suicidal_Thoughts 0.0 .
:Respondent81 pred:hasGroupResponse :Respondent81_Depressive_Symptoms_Frequency .

:Respondent118 pred:Year_of_birth 2004.0 ;
     pred:Gender 2.0 ;
     pred:Socio_economic_status 3.0 ;
     pred:Ethnic_identity 6.0 .

:Respondent118_Parental_Education
                       pred:Father 23.0 ;
                       pred:Mother 25.0 .
:Respondent118 pred:hasGroupResponse :Respondent118_Parental_Education .

:Respondent118 pred:Life_satisfaction 9.0 ;
     pred:Happiness 7.0 ;
     pred:Laughter 6.0 ;
     pred:Learning 8.0 ;
     pred:Enjoyment 8.0 ;
     pred:Worry 1.0 ;
     pred:Depression 0.0 ;
     pred:Anger 2.0 ;
     pred:Stress 2.0 ;
     pred:Loneliness 0.0 .

:Respondent118_Emotional_Regulation_Frequency
                                   pred:Upset_by_Unexpected_Events 1.0 ;
                                   pred:Unable_to_Control_Important_Things 1.0 ;
                                   pred:Lacked_Confidence_Handling_Problems 4.0 ;
                                   pred:Unable_to_Cope 2.0 ;
                                   pred:Irritated_by_Life 3.0 ;
                                   pred:On_Top_of_Things 2.0 .
:Respondent118 pred:hasGroupResponse :Respondent118_Emotional_Regulation_Frequency .

:Respondent118_Anxiety_Symptoms_Frequency
                               pred:Feeling_Nervous_or_On_Edge 0.0 ;
                               pred:Trouble_Relaxing 0.0 ;
                               pred:Restlessness 0.0 ;
                               pred:Irritability 0.0 ;
                               pred:Fear_Something_Awful_Might_Happen 0.0 .
:Respondent118 pred:hasGroupResponse :Respondent118_Anxiety_Symptoms_Frequency .

:Respondent118_Depressive_Symptoms_Frequency
                                  pred:Anhedonia 0.0 ;
                                  pred:Sleep_Problems 0.0 ;
                                  pred:Fatigue 3.0 ;
                                  pred:Appetite_Changes 1.0 ;
                                  pred:Feelings_of_Worthlessness 0.0 ;
                                  pred:Concentration_Difficulties 0.0 ;
                                  pred:Suicidal_Thoughts 0.0 .
:Respondent118 pred:hasGroupResponse :Respondent118_Depressive_Symptoms_Frequency .

:Respondent10 pred:Year_of_birth 2002.0 ;
     pred:Gender 1.0 ;
     pred:Socio_economic_status 3.0 ;
     pred:Ethnic_identity 6.0 .

:Respondent10_Parental_Education
                       pred:Father 5.0 ;
                       pred:Mother 10.0 .
:Respondent10 pred:hasGroupResponse :Respondent10_Parental_Education .

:Respondent10 pred:Life_satisfaction 9.0 ;
     pred:Happiness 9.0 ;
     pred:Laughter 8.0 ;
     pred:Learning 8.0 ;
     pred:Enjoyment 9.0 ;
     pred:Worry 0.0 ;
     pred:Depression 0.0 ;
     pred:Anger 0.0 ;
     pred:Stress 1.0 ;
     pred:Loneliness 0.0 .

:Respondent10_Emotional_Regulation_Frequency
                                   pred:Upset_by_Unexpected_Events 1.0 ;
                                   pred:Unable_to_Control_Important_Things 1.0 ;
                                   pred:Lacked_Confidence_Handling_Problems 4.0 ;
                                   pred:Unable_to_Cope 1.0 ;
                                   pred:Irritated_by_Life 3.0 ;
                                   pred:On_Top_of_Things 3.0 .
:Respondent10 pred:hasGroupResponse :Respondent10_Emotional_Regulation_Frequency .

:Respondent10_Anxiety_Symptoms_Frequency
                               pred:Feeling_Nervous_or_On_Edge 1.0 ;
                               pred:Trouble_Relaxing 0.0 ;
                               pred:Restlessness 0.0 ;
                               pred:Irritability 0.0 ;
                               pred:Fear_Something_Awful_Might_Happen 0.0 .
:Respondent10 pred:hasGroupResponse :Respondent10_Anxiety_Symptoms_Frequency .

:Respondent10_Depressive_Symptoms_Frequency
                                  pred:Anhedonia 0.0 ;
                                  pred:Sleep_Problems 0.0 ;
                                  pred:Fatigue 0.0 ;
                                  pred:Appetite_Changes 0.0 ;
                                  pred:Feelings_of_Worthlessness 0.0 ;
                                  pred:Concentration_Difficulties 0.0 ;
                                  pred:Suicidal_Thoughts 0.0 .
:Respondent10 pred:hasGroupResponse :Respondent10_Depressive_Symptoms_Frequency .

You are a meticulous data analyst AI. Your primary function is to accurately analyze structured data and provide precise, verifiable answers.

You will be given a dataset with two key parts:

A 'questions' section: This is your data dictionary or schema. It is the single source of truth for understanding what each field and score means. Refer to it carefully.

A 'responses' section: This contains the raw data from each individual respondent.

To answer the question correctly, you must first use the 'questions' schema to fully understand the context and meaning of the data points within the 'responses'. Do not rely on any prior knowledge outside of this provided data. Base your entire analysis on the information given.

Provide your final answer directly and concisely. Output must be the human-readable value, not an option code.

Rules:
- For MCQ fields, map any letter codes in the Responses (case-insensitive) to the corresponding option text from the Questions schema, and output only that text. Do NOT include the letter or both.
  Example: If the schema is ""[MCQ: A. Abnormal B. Inconclusive C. Normal]"" and the response is ""a"", output ""Abnormal"".
- For open-ended fields, output the exact text value.
- If the question asks for a count, provide only the number (e.g., ""42"").
- If the question asks for a list of names or IDs, provide a simple comma-separated list (e.g., ""17, 21, 23"").
- Preserve capitalization exactly as in the schema (e.g., output ""Abnormal"", not ""abnormal"" or ""A"").

For respondent 81, what is the value for 'Suicidal Thoughts' in the 'Depressive Symptoms Frequency' category?",,
case_5,answer_lookup,What is the life satisfaction for respondent 90?,"@prefix : <http://example.org/survey#> .
@prefix pred: <http://example.org/predicate#> .
@prefix qg: <http://example.org/question_group#> .

# Questions
:QYear_of_birth pred:Text ""What is your date of birth? [Open-ended]"" .
:QGender pred:Text ""What is your gender? [MCQ: 1. Male 2. Female]"" .
:QSocio_economic_status pred:Text ""What is the socio-economic status of your home? [Likert 1–6: 1 = Very low, 6 = Very high]"" .
:QEthnic_identity pred:Text ""According to your culture, people, or physical features, you are or are recognized as: [MCQ: 1. Indigenous 2. Gypsy 3. Raizal from San Andres, Providencia and Santa Catalina Archipelago 4. Palenquero from San Basilio 5. Black, mulatto (Afro-descendant), Afro-Colombian 6. None of the above]"" .

:QGParental_Education pred:BaseQuestion ""How many years of education did your parents receive? [Open-ended]"" ;
    qg:hasSubQuestion :QParental_Education_Father, :QParental_Education_Mother .
:QParental_Education_Father pred:Text ""Father?"" .
:QParental_Education_Mother pred:Text ""Mother?"" .

:QLife_satisfaction pred:Text ""In general, how satisfied are you with all aspects of your life? [Likert 0–10: 0 = Not satisfied, 10 = Totally satisfied]"" .
:QHappiness pred:Text ""How happy did you feel yesterday? [Likert 0–10: 0 = At no time, 10 = All the time]"" .
:QLaughter pred:Text ""How much did you laugh yesterday? [Likert 0–10: 0 = At no time, 10 = All the time]"" .
:QLearning pred:Text ""Did you learn new or exciting things yesterday? [Likert 0–10: 0 = At no time, 10 = All the time]"" .
:QEnjoyment pred:Text ""How much did you enjoy the activities you did yesterday? [Likert 0–10: 0 = At no time, 10 = All the time]"" .
:QWorry pred:Text ""How worried did you feel yesterday? [Likert 0–10: 0 = At no time, 10 = All the time]"" .
:QDepression pred:Text ""How depressed did you feel yesterday? [Likert 0–10: 0 = At no time, 10 = All the time]"" .
:QAnger pred:Text ""How angry did you feel yesterday? [Likert 0–10: 0 = At no time, 10 = All the time]"" .
:QStress pred:Text ""How much stress did you feel yesterday? [Likert 0–10: 0 = At no time, 10 = All the time]"" .
:QLoneliness pred:Text ""How lonely or unsupported did you feel yesterday? [Likert 0–10: 0 = At no time, 10 = All the time]"" .

:QGEmotional_Regulation_Frequency pred:BaseQuestion ""Next, you will be asked questions about your emotional state. Please answer on a scale of 0 to 4, where 0 is never, 1 is 'almost never', 2 is 'sometimes', 3 is 'fairly often', and 4 is 'very often', how often you experienced the following feelings during the last month: [Likert 0–4]"" ;
    qg:hasSubQuestion :QEmotional_Regulation_Frequency_Upset_by_Unexpected_Events,
                      :QEmotional_Regulation_Frequency_Unable_to_Control_Important_Things,
                      :QEmotional_Regulation_Frequency_Nervous_and_Stressed,
                      :QEmotional_Regulation_Frequency_Lacked_Confidence_Handling_Problems,
                      :QEmotional_Regulation_Frequency_Things_Going_Your_Way,
                      :QEmotional_Regulation_Frequency_Unable_to_Cope,
                      :QEmotional_Regulation_Frequency_Irritated_by_Life,
                      :QEmotional_Regulation_Frequency_On_Top_of_Things,
                      :QEmotional_Regulation_Frequency_Angered_by_Uncontrollable_Events,
                      :QEmotional_Regulation_Frequency_Felt_Overwhelmed .

:QEmotional_Regulation_Frequency_Upset_by_Unexpected_Events pred:Text ""how often have you been upset because of something that happened unexpectedly?"" .
:QEmotional_Regulation_Frequency_Unable_to_Control_Important_Things pred:Text ""how often have you felt that you were unable to control the important things in your life?"" .
:QEmotional_Regulation_Frequency_Nervous_and_Stressed pred:Text ""how often have you felt nervous and stressed?"" .
:QEmotional_Regulation_Frequency_Lacked_Confidence_Handling_Problems pred:Text ""how often have you felt confident about your ability to handle your personal problems?"" .
:QEmotional_Regulation_Frequency_Things_Going_Your_Way pred:Text ""how often have you felt that things were going your way?"" .
:QEmotional_Regulation_Frequency_Unable_to_Cope pred:Text ""how often have you found that you could not cope with all the things that you had to do?"" .
:QEmotional_Regulation_Frequency_Irritated_by_Life pred:Text ""how often have you been able to control irritations in your life?"" .
:QEmotional_Regulation_Frequency_On_Top_of_Things pred:Text ""how often have you felt that you were on top of things?"" .
:QEmotional_Regulation_Frequency_Angered_by_Uncontrollable_Events pred:Text ""how often have you been angered because of things that happened that were outside of your control?"" .
:QEmotional_Regulation_Frequency_Felt_Overwhelmed pred:Text ""how often have you felt difficulties were piling up so high that you could not overcome them?"" .

:QGAnxiety_Symptoms_Frequency pred:BaseQuestion ""Next, you will be asked questions about your emotional state. Please answer on a scale of 0 to 3, where 0 is 'Not at all', 1 is 'several days', 2 is 'more than half of the days', and 3 is 'Nearly every day'. Over the last two weeks, how often have you been bothered by the following problems? [Likert 0–3]"" ;
    qg:hasSubQuestion :QAnxiety_Symptoms_Frequency_Feeling_Nervous_or_On_Edge,
                      :QAnxiety_Symptoms_Frequency_Uncontrollable_Worrying,
                      :QAnxiety_Symptoms_Frequency_Excessive_Worry,
                      :QAnxiety_Symptoms_Frequency_Trouble_Relaxing,
                      :QAnxiety_Symptoms_Frequency_Restlessness,
                      :QAnxiety_Symptoms_Frequency_Irritability,
                      :QAnxiety_Symptoms_Frequency_Fear_Something_Awful_Might_Happen .

:QAnxiety_Symptoms_Frequency_Feeling_Nervous_or_On_Edge pred:Text ""Feeling nervous, anxious, or on edge"" .
:QAnxiety_Symptoms_Frequency_Uncontrollable_Worrying pred:Text ""Not being able to stop or control worrying"" .
:QAnxiety_Symptoms_Frequency_Excessive_Worry pred:Text ""Worrying too much about different things"" .
:QAnxiety_Symptoms_Frequency_Trouble_Relaxing pred:Text ""Trouble relaxing"" .
:QAnxiety_Symptoms_Frequency_Restlessness pred:Text ""Being so restless that it is hard to sit still"" .
:QAnxiety_Symptoms_Frequency_Irritability pred:Text ""Becoming easily annoyed or irritable"" .
:QAnxiety_Symptoms_Frequency_Fear_Something_Awful_Might_Happen pred:Text ""Feeling afraid, as if something awful might happen"" .

:QGDepressive_Symptoms_Frequency pred:BaseQuestion ""Next, you will be asked questions about your emotional state. Please answer on a scale of 0 to 3, where 0 is 'Not at all', 1 is 'several days', 2 is 'more than half of the days', and 3 is 'Nearly every day'. Over the last two weeks, how often have you been bothered by the following problems?"" ;
    qg:hasSubQuestion :QDepressive_Symptoms_Frequency_Anhedonia,
                      :QDepressive_Symptoms_Frequency_Depressed_Mood,
                      :QDepressive_Symptoms_Frequency_Sleep_Problems,
                      :QDepressive_Symptoms_Frequency_Fatigue,
                      :QDepressive_Symptoms_Frequency_Appetite_Changes,
                      :QDepressive_Symptoms_Frequency_Feelings_of_Worthlessness,
                      :QDepressive_Symptoms_Frequency_Concentration_Difficulties,
                      :QDepressive_Symptoms_Frequency_Psychomotor_Changes,
                      :QDepressive_Symptoms_Frequency_Suicidal_Thoughts .

:QDepressive_Symptoms_Frequency_Anhedonia pred:Text ""Little interest or pleasure in doing things"" .
:QDepressive_Symptoms_Frequency_Depressed_Mood pred:Text ""Feeling down, depressed, or hopeless"" .
:QDepressive_Symptoms_Frequency_Sleep_Problems pred:Text ""Trouble falling or staying asleep, or sleeping too much"" .
:QDepressive_Symptoms_Frequency_Fatigue pred:Text ""Feeling tired or having little energy"" .
:QDepressive_Symptoms_Frequency_Appetite_Changes pred:Text ""Poor appetite or overeating"" .
:QDepressive_Symptoms_Frequency_Feelings_of_Worthlessness pred:Text ""Feeling bad about yourself or that you are a failure or have let yourself or your family down"" .
:QDepressive_Symptoms_Frequency_Concentration_Difficulties pred:Text ""Trouble concentrating on things, such as reading the newspaper or watching television"" .
:QDepressive_Symptoms_Frequency_Psychomotor_Changes pred:Text ""Moving or speaking so slowly that other people could have noticed. Or the opposite — being so fidgety or restless that you have been moving around a lot more than usual"" .
:QDepressive_Symptoms_Frequency_Suicidal_Thoughts pred:Text ""Thoughts that you would be better off dead, or of hurting yourself"" .

# Responses
:Respondent94 pred:Year_of_birth 2003.0 ;
     pred:Gender 1.0 ;
     pred:Socio_economic_status 4.0 ;
     pred:Ethnic_identity 6.0 .

:Respondent94_Parental_Education
                       pred:Father 30.0 ;
                       pred:Mother 37.0 .
:Respondent94 pred:hasGroupResponse :Respondent94_Parental_Education .

:Respondent94 pred:Life_satisfaction 8.0 ;
     pred:Happiness 8.0 ;
     pred:Laughter 9.0 ;
     pred:Learning 10.0 ;
     pred:Enjoyment 7.0 ;
     pred:Worry 1.0 ;
     pred:Depression 0.0 ;
     pred:Anger 1.0 ;
     pred:Stress 4.0 ;
     pred:Loneliness 0.0 .

:Respondent94_Emotional_Regulation_Frequency
                                   pred:Upset_by_Unexpected_Events 1.0 ;
                                   pred:Unable_to_Control_Important_Things 3.0 ;
                                   pred:Lacked_Confidence_Handling_Problems 3.0 ;
                                   pred:Unable_to_Cope 2.0 ;
                                   pred:Irritated_by_Life 3.0 ;
                                   pred:On_Top_of_Things 3.0 .
:Respondent94 pred:hasGroupResponse :Respondent94_Emotional_Regulation_Frequency .

:Respondent94_Anxiety_Symptoms_Frequency
                               pred:Feeling_Nervous_or_On_Edge 3.0 ;
                               pred:Trouble_Relaxing 0.0 ;
                               pred:Restlessness 0.0 ;
                               pred:Irritability 1.0 ;
                               pred:Fear_Something_Awful_Might_Happen 0.0 .
:Respondent94 pred:hasGroupResponse :Respondent94_Anxiety_Symptoms_Frequency .

:Respondent94_Depressive_Symptoms_Frequency
                                  pred:Anhedonia 0.0 ;
                                  pred:Sleep_Problems 0.0 ;
                                  pred:Fatigue 2.0 ;
                                  pred:Appetite_Changes 3.0 ;
                                  pred:Feelings_of_Worthlessness 1.0 ;
                                  pred:Concentration_Difficulties 1.0 ;
                                  pred:Suicidal_Thoughts 0.0 .
:Respondent94 pred:hasGroupResponse :Respondent94_Depressive_Symptoms_Frequency .

:Respondent116 pred:Year_of_birth 2004.0 ;
     pred:Gender 1.0 ;
     pred:Socio_economic_status 5.0 ;
     pred:Ethnic_identity 6.0 .

:Respondent116_Parental_Education
                       pred:Father 17.0 ;
                       pred:Mother 17.0 .
:Respondent116 pred:hasGroupResponse :Respondent116_Parental_Education .

:Respondent116 pred:Life_satisfaction 8.0 ;
     pred:Happiness 8.0 ;
     pred:Laughter 7.0 ;
     pred:Learning 7.0 ;
     pred:Enjoyment 9.0 ;
     pred:Worry 1.0 ;
     pred:Depression 1.0 ;
     pred:Anger 2.0 ;
     pred:Stress 3.0 ;
     pred:Loneliness 1.0 .

:Respondent116_Emotional_Regulation_Frequency
                                   pred:Upset_by_Unexpected_Events 2.0 ;
                                   pred:Unable_to_Control_Important_Things 2.0 ;
                                   pred:Lacked_Confidence_Handling_Problems 3.0 ;
                                   pred:Unable_to_Cope 2.0 ;
                                   pred:Irritated_by_Life 3.0 ;
                                   pred:On_Top_of_Things 2.0 .
:Respondent116 pred:hasGroupResponse :Respondent116_Emotional_Regulation_Frequency .

:Respondent116_Anxiety_Symptoms_Frequency
                               pred:Feeling_Nervous_or_On_Edge 2.0 ;
                               pred:Trouble_Relaxing 1.0 ;
                               pred:Restlessness 2.0 ;
                               pred:Irritability 1.0 ;
                               pred:Fear_Something_Awful_Might_Happen 2.0 .
:Respondent116 pred:hasGroupResponse :Respondent116_Anxiety_Symptoms_Frequency .

:Respondent116_Depressive_Symptoms_Frequency
                                  pred:Anhedonia 1.0 ;
                                  pred:Sleep_Problems 0.0 ;
                                  pred:Fatigue 2.0 ;
                                  pred:Appetite_Changes 2.0 ;
                                  pred:Feelings_of_Worthlessness 1.0 ;
                                  pred:Concentration_Difficulties 2.0 ;
                                  pred:Suicidal_Thoughts 0.0 .
:Respondent116 pred:hasGroupResponse :Respondent116_Depressive_Symptoms_Frequency .

:Respondent90 pred:Year_of_birth 2004.0 ;
     pred:Gender 1.0 ;
     pred:Socio_economic_status 5.0 ;
     pred:Ethnic_identity 6.0 .

:Respondent90 pred:Life_satisfaction 8.0 ;
     pred:Happiness 5.0 ;
     pred:Laughter 5.0 ;
     pred:Learning 7.0 ;
     pred:Enjoyment 6.0 ;
     pred:Worry 1.0 ;
     pred:Depression 1.0 ;
     pred:Anger 2.0 ;
     pred:Stress 2.0 ;
     pred:Loneliness 8.0 .

:Respondent90_Emotional_Regulation_Frequency
                                   pred:Upset_by_Unexpected_Events 2.0 ;
                                   pred:Unable_to_Control_Important_Things 2.0 ;
                                   pred:Lacked_Confidence_Handling_Problems 2.0 ;
                                   pred:Unable_to_Cope 1.0 ;
                                   pred:Irritated_by_Life 3.0 ;
                                   pred:On_Top_of_Things 3.0 .
:Respondent90 pred:hasGroupResponse :Respondent90_Emotional_Regulation_Frequency .

:Respondent90_Anxiety_Symptoms_Frequency
                               pred:Feeling_Nervous_or_On_Edge 1.0 ;
                               pred:Trouble_Relaxing 2.0 ;
                               pred:Restlessness 2.0 ;
                               pred:Irritability 1.0 ;
                               pred:Fear_Something_Awful_Might_Happen 2.0 .
:Respondent90 pred:hasGroupResponse :Respondent90_Anxiety_Symptoms_Frequency .

:Respondent90_Depressive_Symptoms_Frequency
                                  pred:Anhedonia 2.0 ;
                                  pred:Sleep_Problems 3.0 ;
                                  pred:Fatigue 1.0 ;
                                  pred:Appetite_Changes 2.0 ;
                                  pred:Feelings_of_Worthlessness 1.0 ;
                                  pred:Concentration_Difficulties 1.0 ;
                                  pred:Suicidal_Thoughts 1.0 .
:Respondent90 pred:hasGroupResponse :Respondent90_Depressive_Symptoms_Frequency .
",8.0,"For respondent 129, what is the value for 'Appetite Changes' in the 'Depressive Symptoms Frequency' category?

DATA:

@prefix : <http://example.org/survey#> .
@prefix pred: <http://example.org/predicate#> .
@prefix qg: <http://example.org/question_group#> .

# Questions
:QYear_of_birth pred:Text ""What is your date of birth? [Open-ended]"" .
:QGender pred:Text ""What is your gender? [MCQ: 1. Male 2. Female]"" .
:QSocio_economic_status pred:Text ""What is the socio-economic status of your home? [Likert 1–6: 1 = Very low, 6 = Very high]"" .
:QEthnic_identity pred:Text ""According to your culture, people, or physical features, you are or are recognized as: [MCQ: 1. Indigenous 2. Gypsy 3. Raizal from San Andres, Providencia and Santa Catalina Archipelago 4. Palenquero from San Basilio 5. Black, mulatto (Afro-descendant), Afro-Colombian 6. None of the above]"" .

:QGParental_Education pred:BaseQuestion ""How many years of education did your parents receive? [Open-ended]"" ;
    qg:hasSubQuestion :QParental_Education_Father, :QParental_Education_Mother .
:QParental_Education_Father pred:Text ""Father?"" .
:QParental_Education_Mother pred:Text ""Mother?"" .

:QLife_satisfaction pred:Text ""In general, how satisfied are you with all aspects of your life? [Likert 0–10: 0 = Not satisfied, 10 = Totally satisfied]"" .
:QHappiness pred:Text ""How happy did you feel yesterday? [Likert 0–10: 0 = At no time, 10 = All the time]"" .
:QLaughter pred:Text ""How much did you laugh yesterday? [Likert 0–10: 0 = At no time, 10 = All the time]"" .
:QLearning pred:Text ""Did you learn new or exciting things yesterday? [Likert 0–10: 0 = At no time, 10 = All the time]"" .
:QEnjoyment pred:Text ""How much did you enjoy the activities you did yesterday? [Likert 0–10: 0 = At no time, 10 = All the time]"" .
:QWorry pred:Text ""How worried did you feel yesterday? [Likert 0–10: 0 = At no time, 10 = All the time]"" .
:QDepression pred:Text ""How depressed did you feel yesterday? [Likert 0–10: 0 = At no time, 10 = All the time]"" .
:QAnger pred:Text ""How angry did you feel yesterday? [Likert 0–10: 0 = At no time, 10 = All the time]"" .
:QStress pred:Text ""How much stress did you feel yesterday? [Likert 0–10: 0 = At no time, 10 = All the time]"" .
:QLoneliness pred:Text ""How lonely or unsupported did you feel yesterday? [Likert 0–10: 0 = At no time, 10 = All the time]"" .

:QGEmotional_Regulation_Frequency pred:BaseQuestion ""Next, you will be asked questions about your emotional state. Please answer on a scale of 0 to 4, where 0 is never, 1 is 'almost never', 2 is 'sometimes', 3 is 'fairly often', and 4 is 'very often', how often you experienced the following feelings during the last month: [Likert 0–4]"" ;
    qg:hasSubQuestion :QEmotional_Regulation_Frequency_Upset_by_Unexpected_Events,
                      :QEmotional_Regulation_Frequency_Unable_to_Control_Important_Things,
                      :QEmotional_Regulation_Frequency_Nervous_and_Stressed,
                      :QEmotional_Regulation_Frequency_Lacked_Confidence_Handling_Problems,
                      :QEmotional_Regulation_Frequency_Things_Going_Your_Way,
                      :QEmotional_Regulation_Frequency_Unable_to_Cope,
                      :QEmotional_Regulation_Frequency_Irritated_by_Life,
                      :QEmotional_Regulation_Frequency_On_Top_of_Things,
                      :QEmotional_Regulation_Frequency_Angered_by_Uncontrollable_Events,
                      :QEmotional_Regulation_Frequency_Felt_Overwhelmed .

:QEmotional_Regulation_Frequency_Upset_by_Unexpected_Events pred:Text ""how often have you been upset because of something that happened unexpectedly?"" .
:QEmotional_Regulation_Frequency_Unable_to_Control_Important_Things pred:Text ""how often have you felt that you were unable to control the important things in your life?"" .
:QEmotional_Regulation_Frequency_Nervous_and_Stressed pred:Text ""how often have you felt nervous and stressed?"" .
:QEmotional_Regulation_Frequency_Lacked_Confidence_Handling_Problems pred:Text ""how often have you felt confident about your ability to handle your personal problems?"" .
:QEmotional_Regulation_Frequency_Things_Going_Your_Way pred:Text ""how often have you felt that things were going your way?"" .
:QEmotional_Regulation_Frequency_Unable_to_Cope pred:Text ""how often have you found that you could not cope with all the things that you had to do?"" .
:QEmotional_Regulation_Frequency_Irritated_by_Life pred:Text ""how often have you been able to control irritations in your life?"" .
:QEmotional_Regulation_Frequency_On_Top_of_Things pred:Text ""how often have you felt that you were on top of things?"" .
:QEmotional_Regulation_Frequency_Angered_by_Uncontrollable_Events pred:Text ""how often have you been angered because of things that happened that were outside of your control?"" .
:QEmotional_Regulation_Frequency_Felt_Overwhelmed pred:Text ""how often have you felt difficulties were piling up so high that you could not overcome them?"" .

:QGAnxiety_Symptoms_Frequency pred:BaseQuestion ""Next, you will be asked questions about your emotional state. Please answer on a scale of 0 to 3, where 0 is 'Not at all', 1 is 'several days', 2 is 'more than half of the days', and 3 is 'Nearly every day'. Over the last two weeks, how often have you been bothered by the following problems? [Likert 0–3]"" ;
    qg:hasSubQuestion :QAnxiety_Symptoms_Frequency_Feeling_Nervous_or_On_Edge,
                      :QAnxiety_Symptoms_Frequency_Uncontrollable_Worrying,
                      :QAnxiety_Symptoms_Frequency_Excessive_Worry,
                      :QAnxiety_Symptoms_Frequency_Trouble_Relaxing,
                      :QAnxiety_Symptoms_Frequency_Restlessness,
                      :QAnxiety_Symptoms_Frequency_Irritability,
                      :QAnxiety_Symptoms_Frequency_Fear_Something_Awful_Might_Happen .

:QAnxiety_Symptoms_Frequency_Feeling_Nervous_or_On_Edge pred:Text ""Feeling nervous, anxious, or on edge"" .
:QAnxiety_Symptoms_Frequency_Uncontrollable_Worrying pred:Text ""Not being able to stop or control worrying"" .
:QAnxiety_Symptoms_Frequency_Excessive_Worry pred:Text ""Worrying too much about different things"" .
:QAnxiety_Symptoms_Frequency_Trouble_Relaxing pred:Text ""Trouble relaxing"" .
:QAnxiety_Symptoms_Frequency_Restlessness pred:Text ""Being so restless that it is hard to sit still"" .
:QAnxiety_Symptoms_Frequency_Irritability pred:Text ""Becoming easily annoyed or irritable"" .
:QAnxiety_Symptoms_Frequency_Fear_Something_Awful_Might_Happen pred:Text ""Feeling afraid, as if something awful might happen"" .

:QGDepressive_Symptoms_Frequency pred:BaseQuestion ""Next, you will be asked questions about your emotional state. Please answer on a scale of 0 to 3, where 0 is 'Not at all', 1 is 'several days', 2 is 'more than half of the days', and 3 is 'Nearly every day'. Over the last two weeks, how often have you been bothered by the following problems?"" ;
    qg:hasSubQuestion :QDepressive_Symptoms_Frequency_Anhedonia,
                      :QDepressive_Symptoms_Frequency_Depressed_Mood,
                      :QDepressive_Symptoms_Frequency_Sleep_Problems,
                      :QDepressive_Symptoms_Frequency_Fatigue,
                      :QDepressive_Symptoms_Frequency_Appetite_Changes,
                      :QDepressive_Symptoms_Frequency_Feelings_of_Worthlessness,
                      :QDepressive_Symptoms_Frequency_Concentration_Difficulties,
                      :QDepressive_Symptoms_Frequency_Psychomotor_Changes,
                      :QDepressive_Symptoms_Frequency_Suicidal_Thoughts .

:QDepressive_Symptoms_Frequency_Anhedonia pred:Text ""Little interest or pleasure in doing things"" .
:QDepressive_Symptoms_Frequency_Depressed_Mood pred:Text ""Feeling down, depressed, or hopeless"" .
:QDepressive_Symptoms_Frequency_Sleep_Problems pred:Text ""Trouble falling or staying asleep, or sleeping too much"" .
:QDepressive_Symptoms_Frequency_Fatigue pred:Text ""Feeling tired or having little energy"" .
:QDepressive_Symptoms_Frequency_Appetite_Changes pred:Text ""Poor appetite or overeating"" .
:QDepressive_Symptoms_Frequency_Feelings_of_Worthlessness pred:Text ""Feeling bad about yourself or that you are a failure or have let yourself or your family down"" .
:QDepressive_Symptoms_Frequency_Concentration_Difficulties pred:Text ""Trouble concentrating on things, such as reading the newspaper or watching television"" .
:QDepressive_Symptoms_Frequency_Psychomotor_Changes pred:Text ""Moving or speaking so slowly that other people could have noticed. Or the opposite — being so fidgety or restless that you have been moving around a lot more than usual"" .
:QDepressive_Symptoms_Frequency_Suicidal_Thoughts pred:Text ""Thoughts that you would be better off dead, or of hurting yourself"" .

# Responses
:Respondent73 pred:Year_of_birth 2005.0 ;
     pred:Gender 2.0 ;
     pred:Socio_economic_status 2.0 ;
     pred:Ethnic_identity 6.0 .

:Respondent73_Parental_Education
                       pred:Father 25.0 ;
                       pred:Mother 15.0 .
:Respondent73 pred:hasGroupResponse :Respondent73_Parental_Education .

:Respondent73 pred:Life_satisfaction 8.0 ;
     pred:Happiness 5.0 ;
     pred:Laughter 4.0 ;
     pred:Learning 5.0 ;
     pred:Enjoyment 5.0 ;
     pred:Worry 2.0 ;
     pred:Depression 1.0 ;
     pred:Anger 2.0 ;
     pred:Stress 4.0 ;
     pred:Loneliness 6.0 .

:Respondent73_Emotional_Regulation_Frequency
                                   pred:Upset_by_Unexpected_Events 2.0 ;
                                   pred:Unable_to_Control_Important_Things 2.0 ;
                                   pred:Lacked_Confidence_Handling_Problems 2.0 ;
                                   pred:Unable_to_Cope 2.0 ;
                                   pred:Irritated_by_Life 2.0 ;
                                   pred:On_Top_of_Things 2.0 .
:Respondent73 pred:hasGroupResponse :Respondent73_Emotional_Regulation_Frequency .

:Respondent73_Anxiety_Symptoms_Frequency
                               pred:Feeling_Nervous_or_On_Edge 2.0 ;
                               pred:Trouble_Relaxing 1.0 ;
                               pred:Restlessness 1.0 ;
                               pred:Irritability 2.0 ;
                               pred:Fear_Something_Awful_Might_Happen 2.0 .
:Respondent73 pred:hasGroupResponse :Respondent73_Anxiety_Symptoms_Frequency .

:Respondent73_Depressive_Symptoms_Frequency
                                  pred:Anhedonia 1.0 ;
                                  pred:Sleep_Problems 2.0 ;
                                  pred:Fatigue 1.0 ;
                                  pred:Appetite_Changes 1.0 ;
                                  pred:Feelings_of_Worthlessness 1.0 ;
                                  pred:Concentration_Difficulties 1.0 ;
                                  pred:Suicidal_Thoughts 0.0 .
:Respondent73 pred:hasGroupResponse :Respondent73_Depressive_Symptoms_Frequency .

:Respondent85 pred:Year_of_birth 2004.0 ;
     pred:Gender 2.0 ;
     pred:Socio_economic_status 3.0 ;
     pred:Ethnic_identity 6.0 .

:Respondent85_Parental_Education
                       pred:Father 18.0 .
:Respondent85 pred:hasGroupResponse :Respondent85_Parental_Education .

:Respondent85 pred:Life_satisfaction 5.0 ;
     pred:Happiness 6.0 ;
     pred:Laughter 6.0 ;
     pred:Learning 8.0 ;
     pred:Enjoyment 5.0 ;
     pred:Worry 1.0 ;
     pred:Depression 1.0 ;
     pred:Anger 2.0 ;
     pred:Stress 4.0 ;
     pred:Loneliness 1.0 .

:Respondent85_Emotional_Regulation_Frequency
                                   pred:Upset_by_Unexpected_Events 2.0 ;
                                   pred:Unable_to_Control_Important_Things 3.0 ;
                                   pred:Lacked_Confidence_Handling_Problems 2.0 ;
                                   pred:Unable_to_Cope 3.0 ;
                                   pred:Irritated_by_Life 3.0 ;
                                   pred:On_Top_of_Things 2.0 .
:Respondent85 pred:hasGroupResponse :Respondent85_Emotional_Regulation_Frequency .

:Respondent85_Anxiety_Symptoms_Frequency
                               pred:Feeling_Nervous_or_On_Edge 1.0 ;
                               pred:Trouble_Relaxing 1.0 ;
                               pred:Restlessness 0.0 ;
                               pred:Irritability 1.0 ;
                               pred:Fear_Something_Awful_Might_Happen 1.0 .
:Respondent85 pred:hasGroupResponse :Respondent85_Anxiety_Symptoms_Frequency .

:Respondent85_Depressive_Symptoms_Frequency
                                  pred:Anhedonia 2.0 ;
                                  pred:Sleep_Problems 2.0 ;
                                  pred:Fatigue 3.0 ;
                                  pred:Appetite_Changes 3.0 ;
                                  pred:Feelings_of_Worthlessness 1.0 ;
                                  pred:Concentration_Difficulties 1.0 ;
                                  pred:Suicidal_Thoughts 0.0 .
:Respondent85 pred:hasGroupResponse :Respondent85_Depressive_Symptoms_Frequency .

:Respondent129 pred:Year_of_birth 2001.0 ;
     pred:Gender 2.0 ;
     pred:Socio_economic_status 3.0 ;
     pred:Ethnic_identity 6.0 .

:Respondent129_Parental_Education
                       pred:Father 13.0 ;
                       pred:Mother 13.0 .
:Respondent129 pred:hasGroupResponse :Respondent129_Parental_Education .

:Respondent129 pred:Life_satisfaction 8.0 ;
     pred:Happiness 9.0 ;
     pred:Laughter 6.0 ;
     pred:Learning 5.0 ;
     pred:Enjoyment 6.0 ;
     pred:Worry 1.0 ;
     pred:Depression 1.0 ;
     pred:Anger 1.0 ;
     pred:Stress 3.0 ;
     pred:Loneliness 0.0 .

:Respondent129_Emotional_Regulation_Frequency
                                   pred:Upset_by_Unexpected_Events 1.0 ;
                                   pred:Unable_to_Control_Important_Things 1.0 ;
                                   pred:Lacked_Confidence_Handling_Problems 3.0 ;
                                   pred:Unable_to_Cope 2.0 ;
                                   pred:Irritated_by_Life 3.0 ;
                                   pred:On_Top_of_Things 2.0 .
:Respondent129 pred:hasGroupResponse :Respondent129_Emotional_Regulation_Frequency .

:Respondent129_Anxiety_Symptoms_Frequency
                               pred:Feeling_Nervous_or_On_Edge 1.0 ;
                               pred:Trouble_Relaxing 1.0 ;
                               pred:Restlessness 0.0 ;
                               pred:Irritability 0.0 ;
                               pred:Fear_Something_Awful_Might_Happen 0.0 .
:Respondent129 pred:hasGroupResponse :Respondent129_Anxiety_Symptoms_Frequency .

:Respondent129_Depressive_Symptoms_Frequency
                                  pred:Anhedonia 1.0 ;
                                  pred:Sleep_Problems 1.0 ;
                                  pred:Fatigue 2.0 ;
                                  pred:Appetite_Changes 2.0 ;
                                  pred:Feelings_of_Worthlessness 0.0 ;
                                  pred:Concentration_Difficulties 2.0 ;
                                  pred:Suicidal_Thoughts 0.0 .
:Respondent129 pred:hasGroupResponse :Respondent129_Depressive_Symptoms_Frequency .

Answer: 2.0

@prefix : <http://example.org/survey#> .
@prefix pred: <http://example.org/predicate#> .
@prefix qg: <http://example.org/question_group#> .

# Questions
:QYear_of_birth pred:Text ""What is your date of birth? [Open-ended]"" .
:QGender pred:Text ""What is your gender? [MCQ: 1. Male 2. Female]"" .
:QSocio_economic_status pred:Text ""What is the socio-economic status of your home? [Likert 1–6: 1 = Very low, 6 = Very high]"" .
:QEthnic_identity pred:Text ""According to your culture, people, or physical features, you are or are recognized as: [MCQ: 1. Indigenous 2. Gypsy 3. Raizal from San Andres, Providencia and Santa Catalina Archipelago 4. Palenquero from San Basilio 5. Black, mulatto (Afro-descendant), Afro-Colombian 6. None of the above]"" .

:QGParental_Education pred:BaseQuestion ""How many years of education did your parents receive? [Open-ended]"" ;
    qg:hasSubQuestion :QParental_Education_Father, :QParental_Education_Mother .
:QParental_Education_Father pred:Text ""Father?"" .
:QParental_Education_Mother pred:Text ""Mother?"" .

:QLife_satisfaction pred:Text ""In general, how satisfied are you with all aspects of your life? [Likert 0–10: 0 = Not satisfied, 10 = Totally satisfied]"" .
:QHappiness pred:Text ""How happy did you feel yesterday? [Likert 0–10: 0 = At no time, 10 = All the time]"" .
:QLaughter pred:Text ""How much did you laugh yesterday? [Likert 0–10: 0 = At no time, 10 = All the time]"" .
:QLearning pred:Text ""Did you learn new or exciting things yesterday? [Likert 0–10: 0 = At no time, 10 = All the time]"" .
:QEnjoyment pred:Text ""How much did you enjoy the activities you did yesterday? [Likert 0–10: 0 = At no time, 10 = All the time]"" .
:QWorry pred:Text ""How worried did you feel yesterday? [Likert 0–10: 0 = At no time, 10 = All the time]"" .
:QDepression pred:Text ""How depressed did you feel yesterday? [Likert 0–10: 0 = At no time, 10 = All the time]"" .
:QAnger pred:Text ""How angry did you feel yesterday? [Likert 0–10: 0 = At no time, 10 = All the time]"" .
:QStress pred:Text ""How much stress did you feel yesterday? [Likert 0–10: 0 = At no time, 10 = All the time]"" .
:QLoneliness pred:Text ""How lonely or unsupported did you feel yesterday? [Likert 0–10: 0 = At no time, 10 = All the time]"" .

:QGEmotional_Regulation_Frequency pred:BaseQuestion ""Next, you will be asked questions about your emotional state. Please answer on a scale of 0 to 4, where 0 is never, 1 is 'almost never', 2 is 'sometimes', 3 is 'fairly often', and 4 is 'very often', how often you experienced the following feelings during the last month: [Likert 0–4]"" ;
    qg:hasSubQuestion :QEmotional_Regulation_Frequency_Upset_by_Unexpected_Events,
                      :QEmotional_Regulation_Frequency_Unable_to_Control_Important_Things,
                      :QEmotional_Regulation_Frequency_Nervous_and_Stressed,
                      :QEmotional_Regulation_Frequency_Lacked_Confidence_Handling_Problems,
                      :QEmotional_Regulation_Frequency_Things_Going_Your_Way,
                      :QEmotional_Regulation_Frequency_Unable_to_Cope,
                      :QEmotional_Regulation_Frequency_Irritated_by_Life,
                      :QEmotional_Regulation_Frequency_On_Top_of_Things,
                      :QEmotional_Regulation_Frequency_Angered_by_Uncontrollable_Events,
                      :QEmotional_Regulation_Frequency_Felt_Overwhelmed .

:QEmotional_Regulation_Frequency_Upset_by_Unexpected_Events pred:Text ""how often have you been upset because of something that happened unexpectedly?"" .
:QEmotional_Regulation_Frequency_Unable_to_Control_Important_Things pred:Text ""how often have you felt that you were unable to control the important things in your life?"" .
:QEmotional_Regulation_Frequency_Nervous_and_Stressed pred:Text ""how often have you felt nervous and stressed?"" .
:QEmotional_Regulation_Frequency_Lacked_Confidence_Handling_Problems pred:Text ""how often have you felt confident about your ability to handle your personal problems?"" .
:QEmotional_Regulation_Frequency_Things_Going_Your_Way pred:Text ""how often have you felt that things were going your way?"" .
:QEmotional_Regulation_Frequency_Unable_to_Cope pred:Text ""how often have you found that you could not cope with all the things that you had to do?"" .
:QEmotional_Regulation_Frequency_Irritated_by_Life pred:Text ""how often have you been able to control irritations in your life?"" .
:QEmotional_Regulation_Frequency_On_Top_of_Things pred:Text ""how often have you felt that you were on top of things?"" .
:QEmotional_Regulation_Frequency_Angered_by_Uncontrollable_Events pred:Text ""how often have you been angered because of things that happened that were outside of your control?"" .
:QEmotional_Regulation_Frequency_Felt_Overwhelmed pred:Text ""how often have you felt difficulties were piling up so high that you could not overcome them?"" .

:QGAnxiety_Symptoms_Frequency pred:BaseQuestion ""Next, you will be asked questions about your emotional state. Please answer on a scale of 0 to 3, where 0 is 'Not at all', 1 is 'several days', 2 is 'more than half of the days', and 3 is 'Nearly every day'. Over the last two weeks, how often have you been bothered by the following problems? [Likert 0–3]"" ;
    qg:hasSubQuestion :QAnxiety_Symptoms_Frequency_Feeling_Nervous_or_On_Edge,
                      :QAnxiety_Symptoms_Frequency_Uncontrollable_Worrying,
                      :QAnxiety_Symptoms_Frequency_Excessive_Worry,
                      :QAnxiety_Symptoms_Frequency_Trouble_Relaxing,
                      :QAnxiety_Symptoms_Frequency_Restlessness,
                      :QAnxiety_Symptoms_Frequency_Irritability,
                      :QAnxiety_Symptoms_Frequency_Fear_Something_Awful_Might_Happen .

:QAnxiety_Symptoms_Frequency_Feeling_Nervous_or_On_Edge pred:Text ""Feeling nervous, anxious, or on edge"" .
:QAnxiety_Symptoms_Frequency_Uncontrollable_Worrying pred:Text ""Not being able to stop or control worrying"" .
:QAnxiety_Symptoms_Frequency_Excessive_Worry pred:Text ""Worrying too much about different things"" .
:QAnxiety_Symptoms_Frequency_Trouble_Relaxing pred:Text ""Trouble relaxing"" .
:QAnxiety_Symptoms_Frequency_Restlessness pred:Text ""Being so restless that it is hard to sit still"" .
:QAnxiety_Symptoms_Frequency_Irritability pred:Text ""Becoming easily annoyed or irritable"" .
:QAnxiety_Symptoms_Frequency_Fear_Something_Awful_Might_Happen pred:Text ""Feeling afraid, as if something awful might happen"" .

:QGDepressive_Symptoms_Frequency pred:BaseQuestion ""Next, you will be asked questions about your emotional state. Please answer on a scale of 0 to 3, where 0 is 'Not at all', 1 is 'several days', 2 is 'more than half of the days', and 3 is 'Nearly every day'. Over the last two weeks, how often have you been bothered by the following problems?"" ;
    qg:hasSubQuestion :QDepressive_Symptoms_Frequency_Anhedonia,
                      :QDepressive_Symptoms_Frequency_Depressed_Mood,
                      :QDepressive_Symptoms_Frequency_Sleep_Problems,
                      :QDepressive_Symptoms_Frequency_Fatigue,
                      :QDepressive_Symptoms_Frequency_Appetite_Changes,
                      :QDepressive_Symptoms_Frequency_Feelings_of_Worthlessness,
                      :QDepressive_Symptoms_Frequency_Concentration_Difficulties,
                      :QDepressive_Symptoms_Frequency_Psychomotor_Changes,
                      :QDepressive_Symptoms_Frequency_Suicidal_Thoughts .

:QDepressive_Symptoms_Frequency_Anhedonia pred:Text ""Little interest or pleasure in doing things"" .
:QDepressive_Symptoms_Frequency_Depressed_Mood pred:Text ""Feeling down, depressed, or hopeless"" .
:QDepressive_Symptoms_Frequency_Sleep_Problems pred:Text ""Trouble falling or staying asleep, or sleeping too much"" .
:QDepressive_Symptoms_Frequency_Fatigue pred:Text ""Feeling tired or having little energy"" .
:QDepressive_Symptoms_Frequency_Appetite_Changes pred:Text ""Poor appetite or overeating"" .
:QDepressive_Symptoms_Frequency_Feelings_of_Worthlessness pred:Text ""Feeling bad about yourself or that you are a failure or have let yourself or your family down"" .
:QDepressive_Symptoms_Frequency_Concentration_Difficulties pred:Text ""Trouble concentrating on things, such as reading the newspaper or watching television"" .
:QDepressive_Symptoms_Frequency_Psychomotor_Changes pred:Text ""Moving or speaking so slowly that other people could have noticed. Or the opposite — being so fidgety or restless that you have been moving around a lot more than usual"" .
:QDepressive_Symptoms_Frequency_Suicidal_Thoughts pred:Text ""Thoughts that you would be better off dead, or of hurting yourself"" .

# Responses
:Respondent94 pred:Year_of_birth 2003.0 ;
     pred:Gender 1.0 ;
     pred:Socio_economic_status 4.0 ;
     pred:Ethnic_identity 6.0 .

:Respondent94_Parental_Education
                       pred:Father 30.0 ;
                       pred:Mother 37.0 .
:Respondent94 pred:hasGroupResponse :Respondent94_Parental_Education .

:Respondent94 pred:Life_satisfaction 8.0 ;
     pred:Happiness 8.0 ;
     pred:Laughter 9.0 ;
     pred:Learning 10.0 ;
     pred:Enjoyment 7.0 ;
     pred:Worry 1.0 ;
     pred:Depression 0.0 ;
     pred:Anger 1.0 ;
     pred:Stress 4.0 ;
     pred:Loneliness 0.0 .

:Respondent94_Emotional_Regulation_Frequency
                                   pred:Upset_by_Unexpected_Events 1.0 ;
                                   pred:Unable_to_Control_Important_Things 3.0 ;
                                   pred:Lacked_Confidence_Handling_Problems 3.0 ;
                                   pred:Unable_to_Cope 2.0 ;
                                   pred:Irritated_by_Life 3.0 ;
                                   pred:On_Top_of_Things 3.0 .
:Respondent94 pred:hasGroupResponse :Respondent94_Emotional_Regulation_Frequency .

:Respondent94_Anxiety_Symptoms_Frequency
                               pred:Feeling_Nervous_or_On_Edge 3.0 ;
                               pred:Trouble_Relaxing 0.0 ;
                               pred:Restlessness 0.0 ;
                               pred:Irritability 1.0 ;
                               pred:Fear_Something_Awful_Might_Happen 0.0 .
:Respondent94 pred:hasGroupResponse :Respondent94_Anxiety_Symptoms_Frequency .

:Respondent94_Depressive_Symptoms_Frequency
                                  pred:Anhedonia 0.0 ;
                                  pred:Sleep_Problems 0.0 ;
                                  pred:Fatigue 2.0 ;
                                  pred:Appetite_Changes 3.0 ;
                                  pred:Feelings_of_Worthlessness 1.0 ;
                                  pred:Concentration_Difficulties 1.0 ;
                                  pred:Suicidal_Thoughts 0.0 .
:Respondent94 pred:hasGroupResponse :Respondent94_Depressive_Symptoms_Frequency .

:Respondent116 pred:Year_of_birth 2004.0 ;
     pred:Gender 1.0 ;
     pred:Socio_economic_status 5.0 ;
     pred:Ethnic_identity 6.0 .

:Respondent116_Parental_Education
                       pred:Father 17.0 ;
                       pred:Mother 17.0 .
:Respondent116 pred:hasGroupResponse :Respondent116_Parental_Education .

:Respondent116 pred:Life_satisfaction 8.0 ;
     pred:Happiness 8.0 ;
     pred:Laughter 7.0 ;
     pred:Learning 7.0 ;
     pred:Enjoyment 9.0 ;
     pred:Worry 1.0 ;
     pred:Depression 1.0 ;
     pred:Anger 2.0 ;
     pred:Stress 3.0 ;
     pred:Loneliness 1.0 .

:Respondent116_Emotional_Regulation_Frequency
                                   pred:Upset_by_Unexpected_Events 2.0 ;
                                   pred:Unable_to_Control_Important_Things 2.0 ;
                                   pred:Lacked_Confidence_Handling_Problems 3.0 ;
                                   pred:Unable_to_Cope 2.0 ;
                                   pred:Irritated_by_Life 3.0 ;
                                   pred:On_Top_of_Things 2.0 .
:Respondent116 pred:hasGroupResponse :Respondent116_Emotional_Regulation_Frequency .

:Respondent116_Anxiety_Symptoms_Frequency
                               pred:Feeling_Nervous_or_On_Edge 2.0 ;
                               pred:Trouble_Relaxing 1.0 ;
                               pred:Restlessness 2.0 ;
                               pred:Irritability 1.0 ;
                               pred:Fear_Something_Awful_Might_Happen 2.0 .
:Respondent116 pred:hasGroupResponse :Respondent116_Anxiety_Symptoms_Frequency .

:Respondent116_Depressive_Symptoms_Frequency
                                  pred:Anhedonia 1.0 ;
                                  pred:Sleep_Problems 0.0 ;
                                  pred:Fatigue 2.0 ;
                                  pred:Appetite_Changes 2.0 ;
                                  pred:Feelings_of_Worthlessness 1.0 ;
                                  pred:Concentration_Difficulties 2.0 ;
                                  pred:Suicidal_Thoughts 0.0 .
:Respondent116 pred:hasGroupResponse :Respondent116_Depressive_Symptoms_Frequency .

:Respondent90 pred:Year_of_birth 2004.0 ;
     pred:Gender 1.0 ;
     pred:Socio_economic_status 5.0 ;
     pred:Ethnic_identity 6.0 .

:Respondent90 pred:Life_satisfaction 8.0 ;
     pred:Happiness 5.0 ;
     pred:Laughter 5.0 ;
     pred:Learning 7.0 ;
     pred:Enjoyment 6.0 ;
     pred:Worry 1.0 ;
     pred:Depression 1.0 ;
     pred:Anger 2.0 ;
     pred:Stress 2.0 ;
     pred:Loneliness 8.0 .

:Respondent90_Emotional_Regulation_Frequency
                                   pred:Upset_by_Unexpected_Events 2.0 ;
                                   pred:Unable_to_Control_Important_Things 2.0 ;
                                   pred:Lacked_Confidence_Handling_Problems 2.0 ;
                                   pred:Unable_to_Cope 1.0 ;
                                   pred:Irritated_by_Life 3.0 ;
                                   pred:On_Top_of_Things 3.0 .
:Respondent90 pred:hasGroupResponse :Respondent90_Emotional_Regulation_Frequency .

:Respondent90_Anxiety_Symptoms_Frequency
                               pred:Feeling_Nervous_or_On_Edge 1.0 ;
                               pred:Trouble_Relaxing 2.0 ;
                               pred:Restlessness 2.0 ;
                               pred:Irritability 1.0 ;
                               pred:Fear_Something_Awful_Might_Happen 2.0 .
:Respondent90 pred:hasGroupResponse :Respondent90_Anxiety_Symptoms_Frequency .

:Respondent90_Depressive_Symptoms_Frequency
                                  pred:Anhedonia 2.0 ;
                                  pred:Sleep_Problems 3.0 ;
                                  pred:Fatigue 1.0 ;
                                  pred:Appetite_Changes 2.0 ;
                                  pred:Feelings_of_Worthlessness 1.0 ;
                                  pred:Concentration_Difficulties 1.0 ;
                                  pred:Suicidal_Thoughts 1.0 .
:Respondent90 pred:hasGroupResponse :Respondent90_Depressive_Symptoms_Frequency .

You are a meticulous data analyst AI. Your primary function is to accurately analyze structured data and provide precise, verifiable answers.

You will be given a dataset with two key parts:

A 'questions' section: This is your data dictionary or schema. It is the single source of truth for understanding what each field and score means. Refer to it carefully.

A 'responses' section: This contains the raw data from each individual respondent.

To answer the question correctly, you must first use the 'questions' schema to fully understand the context and meaning of the data points within the 'responses'. Do not rely on any prior knowledge outside of this provided data. Base your entire analysis on the information given.

Provide your final answer directly and concisely. Output must be the human-readable value, not an option code.

Rules:
- For MCQ fields, map any letter codes in the Responses (case-insensitive) to the corresponding option text from the Questions schema, and output only that text. Do NOT include the letter or both.
  Example: If the schema is ""[MCQ: A. Abnormal B. Inconclusive C. Normal]"" and the response is ""a"", output ""Abnormal"".
- For open-ended fields, output the exact text value.
- If the question asks for a count, provide only the number (e.g., ""42"").
- If the question asks for a list of names or IDs, provide a simple comma-separated list (e.g., ""17, 21, 23"").
- Preserve capitalization exactly as in the schema (e.g., output ""Abnormal"", not ""abnormal"" or ""A"").

What is the life satisfaction for respondent 90?",,
case_6,answer_lookup,What is the worry level for respondent 22?,"@prefix : <http://example.org/survey#> .
@prefix pred: <http://example.org/predicate#> .
@prefix qg: <http://example.org/question_group#> .

# Questions
:QYear_of_birth pred:Text ""What is your date of birth? [Open-ended]"" .
:QGender pred:Text ""What is your gender? [MCQ: 1. Male 2. Female]"" .
:QSocio_economic_status pred:Text ""What is the socio-economic status of your home? [Likert 1–6: 1 = Very low, 6 = Very high]"" .
:QEthnic_identity pred:Text ""According to your culture, people, or physical features, you are or are recognized as: [MCQ: 1. Indigenous 2. Gypsy 3. Raizal from San Andres, Providencia and Santa Catalina Archipelago 4. Palenquero from San Basilio 5. Black, mulatto (Afro-descendant), Afro-Colombian 6. None of the above]"" .

:QGParental_Education pred:BaseQuestion ""How many years of education did your parents receive? [Open-ended]"" ;
    qg:hasSubQuestion :QParental_Education_Father, :QParental_Education_Mother .
:QParental_Education_Father pred:Text ""Father?"" .
:QParental_Education_Mother pred:Text ""Mother?"" .

:QLife_satisfaction pred:Text ""In general, how satisfied are you with all aspects of your life? [Likert 0–10: 0 = Not satisfied, 10 = Totally satisfied]"" .
:QHappiness pred:Text ""How happy did you feel yesterday? [Likert 0–10: 0 = At no time, 10 = All the time]"" .
:QLaughter pred:Text ""How much did you laugh yesterday? [Likert 0–10: 0 = At no time, 10 = All the time]"" .
:QLearning pred:Text ""Did you learn new or exciting things yesterday? [Likert 0–10: 0 = At no time, 10 = All the time]"" .
:QEnjoyment pred:Text ""How much did you enjoy the activities you did yesterday? [Likert 0–10: 0 = At no time, 10 = All the time]"" .
:QWorry pred:Text ""How worried did you feel yesterday? [Likert 0–10: 0 = At no time, 10 = All the time]"" .
:QDepression pred:Text ""How depressed did you feel yesterday? [Likert 0–10: 0 = At no time, 10 = All the time]"" .
:QAnger pred:Text ""How angry did you feel yesterday? [Likert 0–10: 0 = At no time, 10 = All the time]"" .
:QStress pred:Text ""How much stress did you feel yesterday? [Likert 0–10: 0 = At no time, 10 = All the time]"" .
:QLoneliness pred:Text ""How lonely or unsupported did you feel yesterday? [Likert 0–10: 0 = At no time, 10 = All the time]"" .

:QGEmotional_Regulation_Frequency pred:BaseQuestion ""Next, you will be asked questions about your emotional state. Please answer on a scale of 0 to 4, where 0 is never, 1 is 'almost never', 2 is 'sometimes', 3 is 'fairly often', and 4 is 'very often', how often you experienced the following feelings during the last month: [Likert 0–4]"" ;
    qg:hasSubQuestion :QEmotional_Regulation_Frequency_Upset_by_Unexpected_Events,
                      :QEmotional_Regulation_Frequency_Unable_to_Control_Important_Things,
                      :QEmotional_Regulation_Frequency_Nervous_and_Stressed,
                      :QEmotional_Regulation_Frequency_Lacked_Confidence_Handling_Problems,
                      :QEmotional_Regulation_Frequency_Things_Going_Your_Way,
                      :QEmotional_Regulation_Frequency_Unable_to_Cope,
                      :QEmotional_Regulation_Frequency_Irritated_by_Life,
                      :QEmotional_Regulation_Frequency_On_Top_of_Things,
                      :QEmotional_Regulation_Frequency_Angered_by_Uncontrollable_Events,
                      :QEmotional_Regulation_Frequency_Felt_Overwhelmed .

:QEmotional_Regulation_Frequency_Upset_by_Unexpected_Events pred:Text ""how often have you been upset because of something that happened unexpectedly?"" .
:QEmotional_Regulation_Frequency_Unable_to_Control_Important_Things pred:Text ""how often have you felt that you were unable to control the important things in your life?"" .
:QEmotional_Regulation_Frequency_Nervous_and_Stressed pred:Text ""how often have you felt nervous and stressed?"" .
:QEmotional_Regulation_Frequency_Lacked_Confidence_Handling_Problems pred:Text ""how often have you felt confident about your ability to handle your personal problems?"" .
:QEmotional_Regulation_Frequency_Things_Going_Your_Way pred:Text ""how often have you felt that things were going your way?"" .
:QEmotional_Regulation_Frequency_Unable_to_Cope pred:Text ""how often have you found that you could not cope with all the things that you had to do?"" .
:QEmotional_Regulation_Frequency_Irritated_by_Life pred:Text ""how often have you been able to control irritations in your life?"" .
:QEmotional_Regulation_Frequency_On_Top_of_Things pred:Text ""how often have you felt that you were on top of things?"" .
:QEmotional_Regulation_Frequency_Angered_by_Uncontrollable_Events pred:Text ""how often have you been angered because of things that happened that were outside of your control?"" .
:QEmotional_Regulation_Frequency_Felt_Overwhelmed pred:Text ""how often have you felt difficulties were piling up so high that you could not overcome them?"" .

:QGAnxiety_Symptoms_Frequency pred:BaseQuestion ""Next, you will be asked questions about your emotional state. Please answer on a scale of 0 to 3, where 0 is 'Not at all', 1 is 'several days', 2 is 'more than half of the days', and 3 is 'Nearly every day'. Over the last two weeks, how often have you been bothered by the following problems? [Likert 0–3]"" ;
    qg:hasSubQuestion :QAnxiety_Symptoms_Frequency_Feeling_Nervous_or_On_Edge,
                      :QAnxiety_Symptoms_Frequency_Uncontrollable_Worrying,
                      :QAnxiety_Symptoms_Frequency_Excessive_Worry,
                      :QAnxiety_Symptoms_Frequency_Trouble_Relaxing,
                      :QAnxiety_Symptoms_Frequency_Restlessness,
                      :QAnxiety_Symptoms_Frequency_Irritability,
                      :QAnxiety_Symptoms_Frequency_Fear_Something_Awful_Might_Happen .

:QAnxiety_Symptoms_Frequency_Feeling_Nervous_or_On_Edge pred:Text ""Feeling nervous, anxious, or on edge"" .
:QAnxiety_Symptoms_Frequency_Uncontrollable_Worrying pred:Text ""Not being able to stop or control worrying"" .
:QAnxiety_Symptoms_Frequency_Excessive_Worry pred:Text ""Worrying too much about different things"" .
:QAnxiety_Symptoms_Frequency_Trouble_Relaxing pred:Text ""Trouble relaxing"" .
:QAnxiety_Symptoms_Frequency_Restlessness pred:Text ""Being so restless that it is hard to sit still"" .
:QAnxiety_Symptoms_Frequency_Irritability pred:Text ""Becoming easily annoyed or irritable"" .
:QAnxiety_Symptoms_Frequency_Fear_Something_Awful_Might_Happen pred:Text ""Feeling afraid, as if something awful might happen"" .

:QGDepressive_Symptoms_Frequency pred:BaseQuestion ""Next, you will be asked questions about your emotional state. Please answer on a scale of 0 to 3, where 0 is 'Not at all', 1 is 'several days', 2 is 'more than half of the days', and 3 is 'Nearly every day'. Over the last two weeks, how often have you been bothered by the following problems?"" ;
    qg:hasSubQuestion :QDepressive_Symptoms_Frequency_Anhedonia,
                      :QDepressive_Symptoms_Frequency_Depressed_Mood,
                      :QDepressive_Symptoms_Frequency_Sleep_Problems,
                      :QDepressive_Symptoms_Frequency_Fatigue,
                      :QDepressive_Symptoms_Frequency_Appetite_Changes,
                      :QDepressive_Symptoms_Frequency_Feelings_of_Worthlessness,
                      :QDepressive_Symptoms_Frequency_Concentration_Difficulties,
                      :QDepressive_Symptoms_Frequency_Psychomotor_Changes,
                      :QDepressive_Symptoms_Frequency_Suicidal_Thoughts .

:QDepressive_Symptoms_Frequency_Anhedonia pred:Text ""Little interest or pleasure in doing things"" .
:QDepressive_Symptoms_Frequency_Depressed_Mood pred:Text ""Feeling down, depressed, or hopeless"" .
:QDepressive_Symptoms_Frequency_Sleep_Problems pred:Text ""Trouble falling or staying asleep, or sleeping too much"" .
:QDepressive_Symptoms_Frequency_Fatigue pred:Text ""Feeling tired or having little energy"" .
:QDepressive_Symptoms_Frequency_Appetite_Changes pred:Text ""Poor appetite or overeating"" .
:QDepressive_Symptoms_Frequency_Feelings_of_Worthlessness pred:Text ""Feeling bad about yourself or that you are a failure or have let yourself or your family down"" .
:QDepressive_Symptoms_Frequency_Concentration_Difficulties pred:Text ""Trouble concentrating on things, such as reading the newspaper or watching television"" .
:QDepressive_Symptoms_Frequency_Psychomotor_Changes pred:Text ""Moving or speaking so slowly that other people could have noticed. Or the opposite — being so fidgety or restless that you have been moving around a lot more than usual"" .
:QDepressive_Symptoms_Frequency_Suicidal_Thoughts pred:Text ""Thoughts that you would be better off dead, or of hurting yourself"" .

# Responses
:Respondent22 pred:Year_of_birth 2005.0 ;
     pred:Gender 1.0 ;
     pred:Socio_economic_status 3.0 ;
     pred:Ethnic_identity 6.0 .

:Respondent22 pred:Life_satisfaction 8.0 ;
     pred:Happiness 7.0 ;
     pred:Laughter 6.0 ;
     pred:Learning 8.0 ;
     pred:Enjoyment 7.0 ;
     pred:Worry 0.0 ;
     pred:Depression 0.0 ;
     pred:Anger 1.0 ;
     pred:Stress 2.0 ;
     pred:Loneliness 0.0 .

:Respondent22_Emotional_Regulation_Frequency
                                   pred:Upset_by_Unexpected_Events 0.0 ;
                                   pred:Unable_to_Control_Important_Things 1.0 ;
                                   pred:Lacked_Confidence_Handling_Problems 3.0 ;
                                   pred:Unable_to_Cope 2.0 ;
                                   pred:Irritated_by_Life 2.0 ;
                                   pred:On_Top_of_Things 1.0 .
:Respondent22 pred:hasGroupResponse :Respondent22_Emotional_Regulation_Frequency .

:Respondent22_Anxiety_Symptoms_Frequency
                               pred:Feeling_Nervous_or_On_Edge 0.0 ;
                               pred:Trouble_Relaxing 0.0 ;
                               pred:Restlessness 0.0 ;
                               pred:Irritability 0.0 ;
                               pred:Fear_Something_Awful_Might_Happen 0.0 .
:Respondent22 pred:hasGroupResponse :Respondent22_Anxiety_Symptoms_Frequency .

:Respondent22_Depressive_Symptoms_Frequency
                                  pred:Anhedonia 0.0 ;
                                  pred:Sleep_Problems 0.0 ;
                                  pred:Fatigue 0.0 ;
                                  pred:Appetite_Changes 0.0 ;
                                  pred:Feelings_of_Worthlessness 0.0 ;
                                  pred:Concentration_Difficulties 0.0 ;
                                  pred:Suicidal_Thoughts 0.0 .
:Respondent22 pred:hasGroupResponse :Respondent22_Depressive_Symptoms_Frequency .

:Respondent78 pred:Year_of_birth 2003.0 ;
     pred:Gender 1.0 ;
     pred:Socio_economic_status 5.0 ;
     pred:Ethnic_identity 6.0 .

:Respondent78 pred:Life_satisfaction 9.0 ;
     pred:Happiness 8.0 ;
     pred:Laughter 10.0 ;
     pred:Learning 6.0 ;
     pred:Enjoyment 10.0 ;
     pred:Worry 1.0 ;
     pred:Depression 2.0 ;
     pred:Anger 2.0 ;
     pred:Stress 2.0 ;
     pred:Loneliness 5.0 .

:Respondent78_Emotional_Regulation_Frequency
                                   pred:Upset_by_Unexpected_Events 1.0 ;
                                   pred:Unable_to_Control_Important_Things 1.0 ;
                                   pred:Lacked_Confidence_Handling_Problems 2.0 ;
                                   pred:Unable_to_Cope 1.0 ;
                                   pred:Irritated_by_Life 3.0 ;
                                   pred:On_Top_of_Things 3.0 .
:Respondent78 pred:hasGroupResponse :Respondent78_Emotional_Regulation_Frequency .

:Respondent78_Anxiety_Symptoms_Frequency
                               pred:Feeling_Nervous_or_On_Edge 1.0 ;
                               pred:Trouble_Relaxing 0.0 ;
                               pred:Restlessness 0.0 ;
                               pred:Irritability 1.0 ;
                               pred:Fear_Something_Awful_Might_Happen 0.0 .
:Respondent78 pred:hasGroupResponse :Respondent78_Anxiety_Symptoms_Frequency .

:Respondent78_Depressive_Symptoms_Frequency
                                  pred:Anhedonia 0.0 ;
                                  pred:Sleep_Problems 0.0 ;
                                  pred:Fatigue 1.0 ;
                                  pred:Appetite_Changes 0.0 ;
                                  pred:Feelings_of_Worthlessness 1.0 ;
                                  pred:Concentration_Difficulties 1.0 ;
                                  pred:Suicidal_Thoughts 0.0 .
:Respondent78 pred:hasGroupResponse :Respondent78_Depressive_Symptoms_Frequency .

:Respondent80 pred:Year_of_birth 2003.0 ;
     pred:Gender 2.0 ;
     pred:Socio_economic_status 2.0 ;
     pred:Ethnic_identity 6.0 .

:Respondent80_Parental_Education
                       pred:Father 17.0 ;
                       pred:Mother 17.0 .
:Respondent80 pred:hasGroupResponse :Respondent80_Parental_Education .

:Respondent80 pred:Life_satisfaction 6.0 ;
     pred:Happiness 8.0 ;
     pred:Laughter 7.0 ;
     pred:Learning 6.0 ;
     pred:Enjoyment 8.0 ;
     pred:Worry 0.0 ;
     pred:Depression 0.0 ;
     pred:Anger 1.0 ;
     pred:Stress 2.0 ;
     pred:Loneliness 1.0 .

:Respondent80_Emotional_Regulation_Frequency
                                   pred:Upset_by_Unexpected_Events 2.0 ;
                                   pred:Unable_to_Control_Important_Things 2.0 ;
                                   pred:Lacked_Confidence_Handling_Problems 4.0 ;
                                   pred:Unable_to_Cope 1.0 ;
                                   pred:Irritated_by_Life 3.0 ;
                                   pred:On_Top_of_Things 4.0 .
:Respondent80 pred:hasGroupResponse :Respondent80_Emotional_Regulation_Frequency .

:Respondent80_Anxiety_Symptoms_Frequency
                               pred:Feeling_Nervous_or_On_Edge 0.0 ;
                               pred:Trouble_Relaxing 0.0 ;
                               pred:Restlessness 0.0 ;
                               pred:Irritability 0.0 ;
                               pred:Fear_Something_Awful_Might_Happen 0.0 .
:Respondent80 pred:hasGroupResponse :Respondent80_Anxiety_Symptoms_Frequency .

:Respondent80_Depressive_Symptoms_Frequency
                                  pred:Anhedonia 1.0 ;
                                  pred:Sleep_Problems 1.0 ;
                                  pred:Fatigue 1.0 ;
                                  pred:Appetite_Changes 1.0 ;
                                  pred:Feelings_of_Worthlessness 0.0 ;
                                  pred:Concentration_Difficulties 0.0 ;
                                  pred:Suicidal_Thoughts 0.0 .
:Respondent80 pred:hasGroupResponse :Respondent80_Depressive_Symptoms_Frequency .
",0.0,"For respondent 129, what is the value for 'Appetite Changes' in the 'Depressive Symptoms Frequency' category?

DATA:

@prefix : <http://example.org/survey#> .
@prefix pred: <http://example.org/predicate#> .
@prefix qg: <http://example.org/question_group#> .

# Questions
:QYear_of_birth pred:Text ""What is your date of birth? [Open-ended]"" .
:QGender pred:Text ""What is your gender? [MCQ: 1. Male 2. Female]"" .
:QSocio_economic_status pred:Text ""What is the socio-economic status of your home? [Likert 1–6: 1 = Very low, 6 = Very high]"" .
:QEthnic_identity pred:Text ""According to your culture, people, or physical features, you are or are recognized as: [MCQ: 1. Indigenous 2. Gypsy 3. Raizal from San Andres, Providencia and Santa Catalina Archipelago 4. Palenquero from San Basilio 5. Black, mulatto (Afro-descendant), Afro-Colombian 6. None of the above]"" .

:QGParental_Education pred:BaseQuestion ""How many years of education did your parents receive? [Open-ended]"" ;
    qg:hasSubQuestion :QParental_Education_Father, :QParental_Education_Mother .
:QParental_Education_Father pred:Text ""Father?"" .
:QParental_Education_Mother pred:Text ""Mother?"" .

:QLife_satisfaction pred:Text ""In general, how satisfied are you with all aspects of your life? [Likert 0–10: 0 = Not satisfied, 10 = Totally satisfied]"" .
:QHappiness pred:Text ""How happy did you feel yesterday? [Likert 0–10: 0 = At no time, 10 = All the time]"" .
:QLaughter pred:Text ""How much did you laugh yesterday? [Likert 0–10: 0 = At no time, 10 = All the time]"" .
:QLearning pred:Text ""Did you learn new or exciting things yesterday? [Likert 0–10: 0 = At no time, 10 = All the time]"" .
:QEnjoyment pred:Text ""How much did you enjoy the activities you did yesterday? [Likert 0–10: 0 = At no time, 10 = All the time]"" .
:QWorry pred:Text ""How worried did you feel yesterday? [Likert 0–10: 0 = At no time, 10 = All the time]"" .
:QDepression pred:Text ""How depressed did you feel yesterday? [Likert 0–10: 0 = At no time, 10 = All the time]"" .
:QAnger pred:Text ""How angry did you feel yesterday? [Likert 0–10: 0 = At no time, 10 = All the time]"" .
:QStress pred:Text ""How much stress did you feel yesterday? [Likert 0–10: 0 = At no time, 10 = All the time]"" .
:QLoneliness pred:Text ""How lonely or unsupported did you feel yesterday? [Likert 0–10: 0 = At no time, 10 = All the time]"" .

:QGEmotional_Regulation_Frequency pred:BaseQuestion ""Next, you will be asked questions about your emotional state. Please answer on a scale of 0 to 4, where 0 is never, 1 is 'almost never', 2 is 'sometimes', 3 is 'fairly often', and 4 is 'very often', how often you experienced the following feelings during the last month: [Likert 0–4]"" ;
    qg:hasSubQuestion :QEmotional_Regulation_Frequency_Upset_by_Unexpected_Events,
                      :QEmotional_Regulation_Frequency_Unable_to_Control_Important_Things,
                      :QEmotional_Regulation_Frequency_Nervous_and_Stressed,
                      :QEmotional_Regulation_Frequency_Lacked_Confidence_Handling_Problems,
                      :QEmotional_Regulation_Frequency_Things_Going_Your_Way,
                      :QEmotional_Regulation_Frequency_Unable_to_Cope,
                      :QEmotional_Regulation_Frequency_Irritated_by_Life,
                      :QEmotional_Regulation_Frequency_On_Top_of_Things,
                      :QEmotional_Regulation_Frequency_Angered_by_Uncontrollable_Events,
                      :QEmotional_Regulation_Frequency_Felt_Overwhelmed .

:QEmotional_Regulation_Frequency_Upset_by_Unexpected_Events pred:Text ""how often have you been upset because of something that happened unexpectedly?"" .
:QEmotional_Regulation_Frequency_Unable_to_Control_Important_Things pred:Text ""how often have you felt that you were unable to control the important things in your life?"" .
:QEmotional_Regulation_Frequency_Nervous_and_Stressed pred:Text ""how often have you felt nervous and stressed?"" .
:QEmotional_Regulation_Frequency_Lacked_Confidence_Handling_Problems pred:Text ""how often have you felt confident about your ability to handle your personal problems?"" .
:QEmotional_Regulation_Frequency_Things_Going_Your_Way pred:Text ""how often have you felt that things were going your way?"" .
:QEmotional_Regulation_Frequency_Unable_to_Cope pred:Text ""how often have you found that you could not cope with all the things that you had to do?"" .
:QEmotional_Regulation_Frequency_Irritated_by_Life pred:Text ""how often have you been able to control irritations in your life?"" .
:QEmotional_Regulation_Frequency_On_Top_of_Things pred:Text ""how often have you felt that you were on top of things?"" .
:QEmotional_Regulation_Frequency_Angered_by_Uncontrollable_Events pred:Text ""how often have you been angered because of things that happened that were outside of your control?"" .
:QEmotional_Regulation_Frequency_Felt_Overwhelmed pred:Text ""how often have you felt difficulties were piling up so high that you could not overcome them?"" .

:QGAnxiety_Symptoms_Frequency pred:BaseQuestion ""Next, you will be asked questions about your emotional state. Please answer on a scale of 0 to 3, where 0 is 'Not at all', 1 is 'several days', 2 is 'more than half of the days', and 3 is 'Nearly every day'. Over the last two weeks, how often have you been bothered by the following problems? [Likert 0–3]"" ;
    qg:hasSubQuestion :QAnxiety_Symptoms_Frequency_Feeling_Nervous_or_On_Edge,
                      :QAnxiety_Symptoms_Frequency_Uncontrollable_Worrying,
                      :QAnxiety_Symptoms_Frequency_Excessive_Worry,
                      :QAnxiety_Symptoms_Frequency_Trouble_Relaxing,
                      :QAnxiety_Symptoms_Frequency_Restlessness,
                      :QAnxiety_Symptoms_Frequency_Irritability,
                      :QAnxiety_Symptoms_Frequency_Fear_Something_Awful_Might_Happen .

:QAnxiety_Symptoms_Frequency_Feeling_Nervous_or_On_Edge pred:Text ""Feeling nervous, anxious, or on edge"" .
:QAnxiety_Symptoms_Frequency_Uncontrollable_Worrying pred:Text ""Not being able to stop or control worrying"" .
:QAnxiety_Symptoms_Frequency_Excessive_Worry pred:Text ""Worrying too much about different things"" .
:QAnxiety_Symptoms_Frequency_Trouble_Relaxing pred:Text ""Trouble relaxing"" .
:QAnxiety_Symptoms_Frequency_Restlessness pred:Text ""Being so restless that it is hard to sit still"" .
:QAnxiety_Symptoms_Frequency_Irritability pred:Text ""Becoming easily annoyed or irritable"" .
:QAnxiety_Symptoms_Frequency_Fear_Something_Awful_Might_Happen pred:Text ""Feeling afraid, as if something awful might happen"" .

:QGDepressive_Symptoms_Frequency pred:BaseQuestion ""Next, you will be asked questions about your emotional state. Please answer on a scale of 0 to 3, where 0 is 'Not at all', 1 is 'several days', 2 is 'more than half of the days', and 3 is 'Nearly every day'. Over the last two weeks, how often have you been bothered by the following problems?"" ;
    qg:hasSubQuestion :QDepressive_Symptoms_Frequency_Anhedonia,
                      :QDepressive_Symptoms_Frequency_Depressed_Mood,
                      :QDepressive_Symptoms_Frequency_Sleep_Problems,
                      :QDepressive_Symptoms_Frequency_Fatigue,
                      :QDepressive_Symptoms_Frequency_Appetite_Changes,
                      :QDepressive_Symptoms_Frequency_Feelings_of_Worthlessness,
                      :QDepressive_Symptoms_Frequency_Concentration_Difficulties,
                      :QDepressive_Symptoms_Frequency_Psychomotor_Changes,
                      :QDepressive_Symptoms_Frequency_Suicidal_Thoughts .

:QDepressive_Symptoms_Frequency_Anhedonia pred:Text ""Little interest or pleasure in doing things"" .
:QDepressive_Symptoms_Frequency_Depressed_Mood pred:Text ""Feeling down, depressed, or hopeless"" .
:QDepressive_Symptoms_Frequency_Sleep_Problems pred:Text ""Trouble falling or staying asleep, or sleeping too much"" .
:QDepressive_Symptoms_Frequency_Fatigue pred:Text ""Feeling tired or having little energy"" .
:QDepressive_Symptoms_Frequency_Appetite_Changes pred:Text ""Poor appetite or overeating"" .
:QDepressive_Symptoms_Frequency_Feelings_of_Worthlessness pred:Text ""Feeling bad about yourself or that you are a failure or have let yourself or your family down"" .
:QDepressive_Symptoms_Frequency_Concentration_Difficulties pred:Text ""Trouble concentrating on things, such as reading the newspaper or watching television"" .
:QDepressive_Symptoms_Frequency_Psychomotor_Changes pred:Text ""Moving or speaking so slowly that other people could have noticed. Or the opposite — being so fidgety or restless that you have been moving around a lot more than usual"" .
:QDepressive_Symptoms_Frequency_Suicidal_Thoughts pred:Text ""Thoughts that you would be better off dead, or of hurting yourself"" .

# Responses
:Respondent73 pred:Year_of_birth 2005.0 ;
     pred:Gender 2.0 ;
     pred:Socio_economic_status 2.0 ;
     pred:Ethnic_identity 6.0 .

:Respondent73_Parental_Education
                       pred:Father 25.0 ;
                       pred:Mother 15.0 .
:Respondent73 pred:hasGroupResponse :Respondent73_Parental_Education .

:Respondent73 pred:Life_satisfaction 8.0 ;
     pred:Happiness 5.0 ;
     pred:Laughter 4.0 ;
     pred:Learning 5.0 ;
     pred:Enjoyment 5.0 ;
     pred:Worry 2.0 ;
     pred:Depression 1.0 ;
     pred:Anger 2.0 ;
     pred:Stress 4.0 ;
     pred:Loneliness 6.0 .

:Respondent73_Emotional_Regulation_Frequency
                                   pred:Upset_by_Unexpected_Events 2.0 ;
                                   pred:Unable_to_Control_Important_Things 2.0 ;
                                   pred:Lacked_Confidence_Handling_Problems 2.0 ;
                                   pred:Unable_to_Cope 2.0 ;
                                   pred:Irritated_by_Life 2.0 ;
                                   pred:On_Top_of_Things 2.0 .
:Respondent73 pred:hasGroupResponse :Respondent73_Emotional_Regulation_Frequency .

:Respondent73_Anxiety_Symptoms_Frequency
                               pred:Feeling_Nervous_or_On_Edge 2.0 ;
                               pred:Trouble_Relaxing 1.0 ;
                               pred:Restlessness 1.0 ;
                               pred:Irritability 2.0 ;
                               pred:Fear_Something_Awful_Might_Happen 2.0 .
:Respondent73 pred:hasGroupResponse :Respondent73_Anxiety_Symptoms_Frequency .

:Respondent73_Depressive_Symptoms_Frequency
                                  pred:Anhedonia 1.0 ;
                                  pred:Sleep_Problems 2.0 ;
                                  pred:Fatigue 1.0 ;
                                  pred:Appetite_Changes 1.0 ;
                                  pred:Feelings_of_Worthlessness 1.0 ;
                                  pred:Concentration_Difficulties 1.0 ;
                                  pred:Suicidal_Thoughts 0.0 .
:Respondent73 pred:hasGroupResponse :Respondent73_Depressive_Symptoms_Frequency .

:Respondent85 pred:Year_of_birth 2004.0 ;
     pred:Gender 2.0 ;
     pred:Socio_economic_status 3.0 ;
     pred:Ethnic_identity 6.0 .

:Respondent85_Parental_Education
                       pred:Father 18.0 .
:Respondent85 pred:hasGroupResponse :Respondent85_Parental_Education .

:Respondent85 pred:Life_satisfaction 5.0 ;
     pred:Happiness 6.0 ;
     pred:Laughter 6.0 ;
     pred:Learning 8.0 ;
     pred:Enjoyment 5.0 ;
     pred:Worry 1.0 ;
     pred:Depression 1.0 ;
     pred:Anger 2.0 ;
     pred:Stress 4.0 ;
     pred:Loneliness 1.0 .

:Respondent85_Emotional_Regulation_Frequency
                                   pred:Upset_by_Unexpected_Events 2.0 ;
                                   pred:Unable_to_Control_Important_Things 3.0 ;
                                   pred:Lacked_Confidence_Handling_Problems 2.0 ;
                                   pred:Unable_to_Cope 3.0 ;
                                   pred:Irritated_by_Life 3.0 ;
                                   pred:On_Top_of_Things 2.0 .
:Respondent85 pred:hasGroupResponse :Respondent85_Emotional_Regulation_Frequency .

:Respondent85_Anxiety_Symptoms_Frequency
                               pred:Feeling_Nervous_or_On_Edge 1.0 ;
                               pred:Trouble_Relaxing 1.0 ;
                               pred:Restlessness 0.0 ;
                               pred:Irritability 1.0 ;
                               pred:Fear_Something_Awful_Might_Happen 1.0 .
:Respondent85 pred:hasGroupResponse :Respondent85_Anxiety_Symptoms_Frequency .

:Respondent85_Depressive_Symptoms_Frequency
                                  pred:Anhedonia 2.0 ;
                                  pred:Sleep_Problems 2.0 ;
                                  pred:Fatigue 3.0 ;
                                  pred:Appetite_Changes 3.0 ;
                                  pred:Feelings_of_Worthlessness 1.0 ;
                                  pred:Concentration_Difficulties 1.0 ;
                                  pred:Suicidal_Thoughts 0.0 .
:Respondent85 pred:hasGroupResponse :Respondent85_Depressive_Symptoms_Frequency .

:Respondent129 pred:Year_of_birth 2001.0 ;
     pred:Gender 2.0 ;
     pred:Socio_economic_status 3.0 ;
     pred:Ethnic_identity 6.0 .

:Respondent129_Parental_Education
                       pred:Father 13.0 ;
                       pred:Mother 13.0 .
:Respondent129 pred:hasGroupResponse :Respondent129_Parental_Education .

:Respondent129 pred:Life_satisfaction 8.0 ;
     pred:Happiness 9.0 ;
     pred:Laughter 6.0 ;
     pred:Learning 5.0 ;
     pred:Enjoyment 6.0 ;
     pred:Worry 1.0 ;
     pred:Depression 1.0 ;
     pred:Anger 1.0 ;
     pred:Stress 3.0 ;
     pred:Loneliness 0.0 .

:Respondent129_Emotional_Regulation_Frequency
                                   pred:Upset_by_Unexpected_Events 1.0 ;
                                   pred:Unable_to_Control_Important_Things 1.0 ;
                                   pred:Lacked_Confidence_Handling_Problems 3.0 ;
                                   pred:Unable_to_Cope 2.0 ;
                                   pred:Irritated_by_Life 3.0 ;
                                   pred:On_Top_of_Things 2.0 .
:Respondent129 pred:hasGroupResponse :Respondent129_Emotional_Regulation_Frequency .

:Respondent129_Anxiety_Symptoms_Frequency
                               pred:Feeling_Nervous_or_On_Edge 1.0 ;
                               pred:Trouble_Relaxing 1.0 ;
                               pred:Restlessness 0.0 ;
                               pred:Irritability 0.0 ;
                               pred:Fear_Something_Awful_Might_Happen 0.0 .
:Respondent129 pred:hasGroupResponse :Respondent129_Anxiety_Symptoms_Frequency .

:Respondent129_Depressive_Symptoms_Frequency
                                  pred:Anhedonia 1.0 ;
                                  pred:Sleep_Problems 1.0 ;
                                  pred:Fatigue 2.0 ;
                                  pred:Appetite_Changes 2.0 ;
                                  pred:Feelings_of_Worthlessness 0.0 ;
                                  pred:Concentration_Difficulties 2.0 ;
                                  pred:Suicidal_Thoughts 0.0 .
:Respondent129 pred:hasGroupResponse :Respondent129_Depressive_Symptoms_Frequency .

Answer: 2.0

@prefix : <http://example.org/survey#> .
@prefix pred: <http://example.org/predicate#> .
@prefix qg: <http://example.org/question_group#> .

# Questions
:QYear_of_birth pred:Text ""What is your date of birth? [Open-ended]"" .
:QGender pred:Text ""What is your gender? [MCQ: 1. Male 2. Female]"" .
:QSocio_economic_status pred:Text ""What is the socio-economic status of your home? [Likert 1–6: 1 = Very low, 6 = Very high]"" .
:QEthnic_identity pred:Text ""According to your culture, people, or physical features, you are or are recognized as: [MCQ: 1. Indigenous 2. Gypsy 3. Raizal from San Andres, Providencia and Santa Catalina Archipelago 4. Palenquero from San Basilio 5. Black, mulatto (Afro-descendant), Afro-Colombian 6. None of the above]"" .

:QGParental_Education pred:BaseQuestion ""How many years of education did your parents receive? [Open-ended]"" ;
    qg:hasSubQuestion :QParental_Education_Father, :QParental_Education_Mother .
:QParental_Education_Father pred:Text ""Father?"" .
:QParental_Education_Mother pred:Text ""Mother?"" .

:QLife_satisfaction pred:Text ""In general, how satisfied are you with all aspects of your life? [Likert 0–10: 0 = Not satisfied, 10 = Totally satisfied]"" .
:QHappiness pred:Text ""How happy did you feel yesterday? [Likert 0–10: 0 = At no time, 10 = All the time]"" .
:QLaughter pred:Text ""How much did you laugh yesterday? [Likert 0–10: 0 = At no time, 10 = All the time]"" .
:QLearning pred:Text ""Did you learn new or exciting things yesterday? [Likert 0–10: 0 = At no time, 10 = All the time]"" .
:QEnjoyment pred:Text ""How much did you enjoy the activities you did yesterday? [Likert 0–10: 0 = At no time, 10 = All the time]"" .
:QWorry pred:Text ""How worried did you feel yesterday? [Likert 0–10: 0 = At no time, 10 = All the time]"" .
:QDepression pred:Text ""How depressed did you feel yesterday? [Likert 0–10: 0 = At no time, 10 = All the time]"" .
:QAnger pred:Text ""How angry did you feel yesterday? [Likert 0–10: 0 = At no time, 10 = All the time]"" .
:QStress pred:Text ""How much stress did you feel yesterday? [Likert 0–10: 0 = At no time, 10 = All the time]"" .
:QLoneliness pred:Text ""How lonely or unsupported did you feel yesterday? [Likert 0–10: 0 = At no time, 10 = All the time]"" .

:QGEmotional_Regulation_Frequency pred:BaseQuestion ""Next, you will be asked questions about your emotional state. Please answer on a scale of 0 to 4, where 0 is never, 1 is 'almost never', 2 is 'sometimes', 3 is 'fairly often', and 4 is 'very often', how often you experienced the following feelings during the last month: [Likert 0–4]"" ;
    qg:hasSubQuestion :QEmotional_Regulation_Frequency_Upset_by_Unexpected_Events,
                      :QEmotional_Regulation_Frequency_Unable_to_Control_Important_Things,
                      :QEmotional_Regulation_Frequency_Nervous_and_Stressed,
                      :QEmotional_Regulation_Frequency_Lacked_Confidence_Handling_Problems,
                      :QEmotional_Regulation_Frequency_Things_Going_Your_Way,
                      :QEmotional_Regulation_Frequency_Unable_to_Cope,
                      :QEmotional_Regulation_Frequency_Irritated_by_Life,
                      :QEmotional_Regulation_Frequency_On_Top_of_Things,
                      :QEmotional_Regulation_Frequency_Angered_by_Uncontrollable_Events,
                      :QEmotional_Regulation_Frequency_Felt_Overwhelmed .

:QEmotional_Regulation_Frequency_Upset_by_Unexpected_Events pred:Text ""how often have you been upset because of something that happened unexpectedly?"" .
:QEmotional_Regulation_Frequency_Unable_to_Control_Important_Things pred:Text ""how often have you felt that you were unable to control the important things in your life?"" .
:QEmotional_Regulation_Frequency_Nervous_and_Stressed pred:Text ""how often have you felt nervous and stressed?"" .
:QEmotional_Regulation_Frequency_Lacked_Confidence_Handling_Problems pred:Text ""how often have you felt confident about your ability to handle your personal problems?"" .
:QEmotional_Regulation_Frequency_Things_Going_Your_Way pred:Text ""how often have you felt that things were going your way?"" .
:QEmotional_Regulation_Frequency_Unable_to_Cope pred:Text ""how often have you found that you could not cope with all the things that you had to do?"" .
:QEmotional_Regulation_Frequency_Irritated_by_Life pred:Text ""how often have you been able to control irritations in your life?"" .
:QEmotional_Regulation_Frequency_On_Top_of_Things pred:Text ""how often have you felt that you were on top of things?"" .
:QEmotional_Regulation_Frequency_Angered_by_Uncontrollable_Events pred:Text ""how often have you been angered because of things that happened that were outside of your control?"" .
:QEmotional_Regulation_Frequency_Felt_Overwhelmed pred:Text ""how often have you felt difficulties were piling up so high that you could not overcome them?"" .

:QGAnxiety_Symptoms_Frequency pred:BaseQuestion ""Next, you will be asked questions about your emotional state. Please answer on a scale of 0 to 3, where 0 is 'Not at all', 1 is 'several days', 2 is 'more than half of the days', and 3 is 'Nearly every day'. Over the last two weeks, how often have you been bothered by the following problems? [Likert 0–3]"" ;
    qg:hasSubQuestion :QAnxiety_Symptoms_Frequency_Feeling_Nervous_or_On_Edge,
                      :QAnxiety_Symptoms_Frequency_Uncontrollable_Worrying,
                      :QAnxiety_Symptoms_Frequency_Excessive_Worry,
                      :QAnxiety_Symptoms_Frequency_Trouble_Relaxing,
                      :QAnxiety_Symptoms_Frequency_Restlessness,
                      :QAnxiety_Symptoms_Frequency_Irritability,
                      :QAnxiety_Symptoms_Frequency_Fear_Something_Awful_Might_Happen .

:QAnxiety_Symptoms_Frequency_Feeling_Nervous_or_On_Edge pred:Text ""Feeling nervous, anxious, or on edge"" .
:QAnxiety_Symptoms_Frequency_Uncontrollable_Worrying pred:Text ""Not being able to stop or control worrying"" .
:QAnxiety_Symptoms_Frequency_Excessive_Worry pred:Text ""Worrying too much about different things"" .
:QAnxiety_Symptoms_Frequency_Trouble_Relaxing pred:Text ""Trouble relaxing"" .
:QAnxiety_Symptoms_Frequency_Restlessness pred:Text ""Being so restless that it is hard to sit still"" .
:QAnxiety_Symptoms_Frequency_Irritability pred:Text ""Becoming easily annoyed or irritable"" .
:QAnxiety_Symptoms_Frequency_Fear_Something_Awful_Might_Happen pred:Text ""Feeling afraid, as if something awful might happen"" .

:QGDepressive_Symptoms_Frequency pred:BaseQuestion ""Next, you will be asked questions about your emotional state. Please answer on a scale of 0 to 3, where 0 is 'Not at all', 1 is 'several days', 2 is 'more than half of the days', and 3 is 'Nearly every day'. Over the last two weeks, how often have you been bothered by the following problems?"" ;
    qg:hasSubQuestion :QDepressive_Symptoms_Frequency_Anhedonia,
                      :QDepressive_Symptoms_Frequency_Depressed_Mood,
                      :QDepressive_Symptoms_Frequency_Sleep_Problems,
                      :QDepressive_Symptoms_Frequency_Fatigue,
                      :QDepressive_Symptoms_Frequency_Appetite_Changes,
                      :QDepressive_Symptoms_Frequency_Feelings_of_Worthlessness,
                      :QDepressive_Symptoms_Frequency_Concentration_Difficulties,
                      :QDepressive_Symptoms_Frequency_Psychomotor_Changes,
                      :QDepressive_Symptoms_Frequency_Suicidal_Thoughts .

:QDepressive_Symptoms_Frequency_Anhedonia pred:Text ""Little interest or pleasure in doing things"" .
:QDepressive_Symptoms_Frequency_Depressed_Mood pred:Text ""Feeling down, depressed, or hopeless"" .
:QDepressive_Symptoms_Frequency_Sleep_Problems pred:Text ""Trouble falling or staying asleep, or sleeping too much"" .
:QDepressive_Symptoms_Frequency_Fatigue pred:Text ""Feeling tired or having little energy"" .
:QDepressive_Symptoms_Frequency_Appetite_Changes pred:Text ""Poor appetite or overeating"" .
:QDepressive_Symptoms_Frequency_Feelings_of_Worthlessness pred:Text ""Feeling bad about yourself or that you are a failure or have let yourself or your family down"" .
:QDepressive_Symptoms_Frequency_Concentration_Difficulties pred:Text ""Trouble concentrating on things, such as reading the newspaper or watching television"" .
:QDepressive_Symptoms_Frequency_Psychomotor_Changes pred:Text ""Moving or speaking so slowly that other people could have noticed. Or the opposite — being so fidgety or restless that you have been moving around a lot more than usual"" .
:QDepressive_Symptoms_Frequency_Suicidal_Thoughts pred:Text ""Thoughts that you would be better off dead, or of hurting yourself"" .

# Responses
:Respondent22 pred:Year_of_birth 2005.0 ;
     pred:Gender 1.0 ;
     pred:Socio_economic_status 3.0 ;
     pred:Ethnic_identity 6.0 .

:Respondent22 pred:Life_satisfaction 8.0 ;
     pred:Happiness 7.0 ;
     pred:Laughter 6.0 ;
     pred:Learning 8.0 ;
     pred:Enjoyment 7.0 ;
     pred:Worry 0.0 ;
     pred:Depression 0.0 ;
     pred:Anger 1.0 ;
     pred:Stress 2.0 ;
     pred:Loneliness 0.0 .

:Respondent22_Emotional_Regulation_Frequency
                                   pred:Upset_by_Unexpected_Events 0.0 ;
                                   pred:Unable_to_Control_Important_Things 1.0 ;
                                   pred:Lacked_Confidence_Handling_Problems 3.0 ;
                                   pred:Unable_to_Cope 2.0 ;
                                   pred:Irritated_by_Life 2.0 ;
                                   pred:On_Top_of_Things 1.0 .
:Respondent22 pred:hasGroupResponse :Respondent22_Emotional_Regulation_Frequency .

:Respondent22_Anxiety_Symptoms_Frequency
                               pred:Feeling_Nervous_or_On_Edge 0.0 ;
                               pred:Trouble_Relaxing 0.0 ;
                               pred:Restlessness 0.0 ;
                               pred:Irritability 0.0 ;
                               pred:Fear_Something_Awful_Might_Happen 0.0 .
:Respondent22 pred:hasGroupResponse :Respondent22_Anxiety_Symptoms_Frequency .

:Respondent22_Depressive_Symptoms_Frequency
                                  pred:Anhedonia 0.0 ;
                                  pred:Sleep_Problems 0.0 ;
                                  pred:Fatigue 0.0 ;
                                  pred:Appetite_Changes 0.0 ;
                                  pred:Feelings_of_Worthlessness 0.0 ;
                                  pred:Concentration_Difficulties 0.0 ;
                                  pred:Suicidal_Thoughts 0.0 .
:Respondent22 pred:hasGroupResponse :Respondent22_Depressive_Symptoms_Frequency .

:Respondent78 pred:Year_of_birth 2003.0 ;
     pred:Gender 1.0 ;
     pred:Socio_economic_status 5.0 ;
     pred:Ethnic_identity 6.0 .

:Respondent78 pred:Life_satisfaction 9.0 ;
     pred:Happiness 8.0 ;
     pred:Laughter 10.0 ;
     pred:Learning 6.0 ;
     pred:Enjoyment 10.0 ;
     pred:Worry 1.0 ;
     pred:Depression 2.0 ;
     pred:Anger 2.0 ;
     pred:Stress 2.0 ;
     pred:Loneliness 5.0 .

:Respondent78_Emotional_Regulation_Frequency
                                   pred:Upset_by_Unexpected_Events 1.0 ;
                                   pred:Unable_to_Control_Important_Things 1.0 ;
                                   pred:Lacked_Confidence_Handling_Problems 2.0 ;
                                   pred:Unable_to_Cope 1.0 ;
                                   pred:Irritated_by_Life 3.0 ;
                                   pred:On_Top_of_Things 3.0 .
:Respondent78 pred:hasGroupResponse :Respondent78_Emotional_Regulation_Frequency .

:Respondent78_Anxiety_Symptoms_Frequency
                               pred:Feeling_Nervous_or_On_Edge 1.0 ;
                               pred:Trouble_Relaxing 0.0 ;
                               pred:Restlessness 0.0 ;
                               pred:Irritability 1.0 ;
                               pred:Fear_Something_Awful_Might_Happen 0.0 .
:Respondent78 pred:hasGroupResponse :Respondent78_Anxiety_Symptoms_Frequency .

:Respondent78_Depressive_Symptoms_Frequency
                                  pred:Anhedonia 0.0 ;
                                  pred:Sleep_Problems 0.0 ;
                                  pred:Fatigue 1.0 ;
                                  pred:Appetite_Changes 0.0 ;
                                  pred:Feelings_of_Worthlessness 1.0 ;
                                  pred:Concentration_Difficulties 1.0 ;
                                  pred:Suicidal_Thoughts 0.0 .
:Respondent78 pred:hasGroupResponse :Respondent78_Depressive_Symptoms_Frequency .

:Respondent80 pred:Year_of_birth 2003.0 ;
     pred:Gender 2.0 ;
     pred:Socio_economic_status 2.0 ;
     pred:Ethnic_identity 6.0 .

:Respondent80_Parental_Education
                       pred:Father 17.0 ;
                       pred:Mother 17.0 .
:Respondent80 pred:hasGroupResponse :Respondent80_Parental_Education .

:Respondent80 pred:Life_satisfaction 6.0 ;
     pred:Happiness 8.0 ;
     pred:Laughter 7.0 ;
     pred:Learning 6.0 ;
     pred:Enjoyment 8.0 ;
     pred:Worry 0.0 ;
     pred:Depression 0.0 ;
     pred:Anger 1.0 ;
     pred:Stress 2.0 ;
     pred:Loneliness 1.0 .

:Respondent80_Emotional_Regulation_Frequency
                                   pred:Upset_by_Unexpected_Events 2.0 ;
                                   pred:Unable_to_Control_Important_Things 2.0 ;
                                   pred:Lacked_Confidence_Handling_Problems 4.0 ;
                                   pred:Unable_to_Cope 1.0 ;
                                   pred:Irritated_by_Life 3.0 ;
                                   pred:On_Top_of_Things 4.0 .
:Respondent80 pred:hasGroupResponse :Respondent80_Emotional_Regulation_Frequency .

:Respondent80_Anxiety_Symptoms_Frequency
                               pred:Feeling_Nervous_or_On_Edge 0.0 ;
                               pred:Trouble_Relaxing 0.0 ;
                               pred:Restlessness 0.0 ;
                               pred:Irritability 0.0 ;
                               pred:Fear_Something_Awful_Might_Happen 0.0 .
:Respondent80 pred:hasGroupResponse :Respondent80_Anxiety_Symptoms_Frequency .

:Respondent80_Depressive_Symptoms_Frequency
                                  pred:Anhedonia 1.0 ;
                                  pred:Sleep_Problems 1.0 ;
                                  pred:Fatigue 1.0 ;
                                  pred:Appetite_Changes 1.0 ;
                                  pred:Feelings_of_Worthlessness 0.0 ;
                                  pred:Concentration_Difficulties 0.0 ;
                                  pred:Suicidal_Thoughts 0.0 .
:Respondent80 pred:hasGroupResponse :Respondent80_Depressive_Symptoms_Frequency .

You are a meticulous data analyst AI. Your primary function is to accurately analyze structured data and provide precise, verifiable answers.

You will be given a dataset with two key parts:

A 'questions' section: This is your data dictionary or schema. It is the single source of truth for understanding what each field and score means. Refer to it carefully.

A 'responses' section: This contains the raw data from each individual respondent.

To answer the question correctly, you must first use the 'questions' schema to fully understand the context and meaning of the data points within the 'responses'. Do not rely on any prior knowledge outside of this provided data. Base your entire analysis on the information given.

Provide your final answer directly and concisely. Output must be the human-readable value, not an option code.

Rules:
- For MCQ fields, map any letter codes in the Responses (case-insensitive) to the corresponding option text from the Questions schema, and output only that text. Do NOT include the letter or both.
  Example: If the schema is ""[MCQ: A. Abnormal B. Inconclusive C. Normal]"" and the response is ""a"", output ""Abnormal"".
- For open-ended fields, output the exact text value.
- If the question asks for a count, provide only the number (e.g., ""42"").
- If the question asks for a list of names or IDs, provide a simple comma-separated list (e.g., ""17, 21, 23"").
- Preserve capitalization exactly as in the schema (e.g., output ""Abnormal"", not ""abnormal"" or ""A"").

What is the worry level for respondent 22?",,
case_7,answer_lookup,What is the loneliness level for respondent 140?,"@prefix : <http://example.org/survey#> .
@prefix pred: <http://example.org/predicate#> .
@prefix qg: <http://example.org/question_group#> .

# Questions
:QYear_of_birth pred:Text ""What is your date of birth? [Open-ended]"" .
:QGender pred:Text ""What is your gender? [MCQ: 1. Male 2. Female]"" .
:QSocio_economic_status pred:Text ""What is the socio-economic status of your home? [Likert 1–6: 1 = Very low, 6 = Very high]"" .
:QEthnic_identity pred:Text ""According to your culture, people, or physical features, you are or are recognized as: [MCQ: 1. Indigenous 2. Gypsy 3. Raizal from San Andres, Providencia and Santa Catalina Archipelago 4. Palenquero from San Basilio 5. Black, mulatto (Afro-descendant), Afro-Colombian 6. None of the above]"" .

:QGParental_Education pred:BaseQuestion ""How many years of education did your parents receive? [Open-ended]"" ;
    qg:hasSubQuestion :QParental_Education_Father, :QParental_Education_Mother .
:QParental_Education_Father pred:Text ""Father?"" .
:QParental_Education_Mother pred:Text ""Mother?"" .

:QLife_satisfaction pred:Text ""In general, how satisfied are you with all aspects of your life? [Likert 0–10: 0 = Not satisfied, 10 = Totally satisfied]"" .
:QHappiness pred:Text ""How happy did you feel yesterday? [Likert 0–10: 0 = At no time, 10 = All the time]"" .
:QLaughter pred:Text ""How much did you laugh yesterday? [Likert 0–10: 0 = At no time, 10 = All the time]"" .
:QLearning pred:Text ""Did you learn new or exciting things yesterday? [Likert 0–10: 0 = At no time, 10 = All the time]"" .
:QEnjoyment pred:Text ""How much did you enjoy the activities you did yesterday? [Likert 0–10: 0 = At no time, 10 = All the time]"" .
:QWorry pred:Text ""How worried did you feel yesterday? [Likert 0–10: 0 = At no time, 10 = All the time]"" .
:QDepression pred:Text ""How depressed did you feel yesterday? [Likert 0–10: 0 = At no time, 10 = All the time]"" .
:QAnger pred:Text ""How angry did you feel yesterday? [Likert 0–10: 0 = At no time, 10 = All the time]"" .
:QStress pred:Text ""How much stress did you feel yesterday? [Likert 0–10: 0 = At no time, 10 = All the time]"" .
:QLoneliness pred:Text ""How lonely or unsupported did you feel yesterday? [Likert 0–10: 0 = At no time, 10 = All the time]"" .

:QGEmotional_Regulation_Frequency pred:BaseQuestion ""Next, you will be asked questions about your emotional state. Please answer on a scale of 0 to 4, where 0 is never, 1 is 'almost never', 2 is 'sometimes', 3 is 'fairly often', and 4 is 'very often', how often you experienced the following feelings during the last month: [Likert 0–4]"" ;
    qg:hasSubQuestion :QEmotional_Regulation_Frequency_Upset_by_Unexpected_Events,
                      :QEmotional_Regulation_Frequency_Unable_to_Control_Important_Things,
                      :QEmotional_Regulation_Frequency_Nervous_and_Stressed,
                      :QEmotional_Regulation_Frequency_Lacked_Confidence_Handling_Problems,
                      :QEmotional_Regulation_Frequency_Things_Going_Your_Way,
                      :QEmotional_Regulation_Frequency_Unable_to_Cope,
                      :QEmotional_Regulation_Frequency_Irritated_by_Life,
                      :QEmotional_Regulation_Frequency_On_Top_of_Things,
                      :QEmotional_Regulation_Frequency_Angered_by_Uncontrollable_Events,
                      :QEmotional_Regulation_Frequency_Felt_Overwhelmed .

:QEmotional_Regulation_Frequency_Upset_by_Unexpected_Events pred:Text ""how often have you been upset because of something that happened unexpectedly?"" .
:QEmotional_Regulation_Frequency_Unable_to_Control_Important_Things pred:Text ""how often have you felt that you were unable to control the important things in your life?"" .
:QEmotional_Regulation_Frequency_Nervous_and_Stressed pred:Text ""how often have you felt nervous and stressed?"" .
:QEmotional_Regulation_Frequency_Lacked_Confidence_Handling_Problems pred:Text ""how often have you felt confident about your ability to handle your personal problems?"" .
:QEmotional_Regulation_Frequency_Things_Going_Your_Way pred:Text ""how often have you felt that things were going your way?"" .
:QEmotional_Regulation_Frequency_Unable_to_Cope pred:Text ""how often have you found that you could not cope with all the things that you had to do?"" .
:QEmotional_Regulation_Frequency_Irritated_by_Life pred:Text ""how often have you been able to control irritations in your life?"" .
:QEmotional_Regulation_Frequency_On_Top_of_Things pred:Text ""how often have you felt that you were on top of things?"" .
:QEmotional_Regulation_Frequency_Angered_by_Uncontrollable_Events pred:Text ""how often have you been angered because of things that happened that were outside of your control?"" .
:QEmotional_Regulation_Frequency_Felt_Overwhelmed pred:Text ""how often have you felt difficulties were piling up so high that you could not overcome them?"" .

:QGAnxiety_Symptoms_Frequency pred:BaseQuestion ""Next, you will be asked questions about your emotional state. Please answer on a scale of 0 to 3, where 0 is 'Not at all', 1 is 'several days', 2 is 'more than half of the days', and 3 is 'Nearly every day'. Over the last two weeks, how often have you been bothered by the following problems? [Likert 0–3]"" ;
    qg:hasSubQuestion :QAnxiety_Symptoms_Frequency_Feeling_Nervous_or_On_Edge,
                      :QAnxiety_Symptoms_Frequency_Uncontrollable_Worrying,
                      :QAnxiety_Symptoms_Frequency_Excessive_Worry,
                      :QAnxiety_Symptoms_Frequency_Trouble_Relaxing,
                      :QAnxiety_Symptoms_Frequency_Restlessness,
                      :QAnxiety_Symptoms_Frequency_Irritability,
                      :QAnxiety_Symptoms_Frequency_Fear_Something_Awful_Might_Happen .

:QAnxiety_Symptoms_Frequency_Feeling_Nervous_or_On_Edge pred:Text ""Feeling nervous, anxious, or on edge"" .
:QAnxiety_Symptoms_Frequency_Uncontrollable_Worrying pred:Text ""Not being able to stop or control worrying"" .
:QAnxiety_Symptoms_Frequency_Excessive_Worry pred:Text ""Worrying too much about different things"" .
:QAnxiety_Symptoms_Frequency_Trouble_Relaxing pred:Text ""Trouble relaxing"" .
:QAnxiety_Symptoms_Frequency_Restlessness pred:Text ""Being so restless that it is hard to sit still"" .
:QAnxiety_Symptoms_Frequency_Irritability pred:Text ""Becoming easily annoyed or irritable"" .
:QAnxiety_Symptoms_Frequency_Fear_Something_Awful_Might_Happen pred:Text ""Feeling afraid, as if something awful might happen"" .

:QGDepressive_Symptoms_Frequency pred:BaseQuestion ""Next, you will be asked questions about your emotional state. Please answer on a scale of 0 to 3, where 0 is 'Not at all', 1 is 'several days', 2 is 'more than half of the days', and 3 is 'Nearly every day'. Over the last two weeks, how often have you been bothered by the following problems?"" ;
    qg:hasSubQuestion :QDepressive_Symptoms_Frequency_Anhedonia,
                      :QDepressive_Symptoms_Frequency_Depressed_Mood,
                      :QDepressive_Symptoms_Frequency_Sleep_Problems,
                      :QDepressive_Symptoms_Frequency_Fatigue,
                      :QDepressive_Symptoms_Frequency_Appetite_Changes,
                      :QDepressive_Symptoms_Frequency_Feelings_of_Worthlessness,
                      :QDepressive_Symptoms_Frequency_Concentration_Difficulties,
                      :QDepressive_Symptoms_Frequency_Psychomotor_Changes,
                      :QDepressive_Symptoms_Frequency_Suicidal_Thoughts .

:QDepressive_Symptoms_Frequency_Anhedonia pred:Text ""Little interest or pleasure in doing things"" .
:QDepressive_Symptoms_Frequency_Depressed_Mood pred:Text ""Feeling down, depressed, or hopeless"" .
:QDepressive_Symptoms_Frequency_Sleep_Problems pred:Text ""Trouble falling or staying asleep, or sleeping too much"" .
:QDepressive_Symptoms_Frequency_Fatigue pred:Text ""Feeling tired or having little energy"" .
:QDepressive_Symptoms_Frequency_Appetite_Changes pred:Text ""Poor appetite or overeating"" .
:QDepressive_Symptoms_Frequency_Feelings_of_Worthlessness pred:Text ""Feeling bad about yourself or that you are a failure or have let yourself or your family down"" .
:QDepressive_Symptoms_Frequency_Concentration_Difficulties pred:Text ""Trouble concentrating on things, such as reading the newspaper or watching television"" .
:QDepressive_Symptoms_Frequency_Psychomotor_Changes pred:Text ""Moving or speaking so slowly that other people could have noticed. Or the opposite — being so fidgety or restless that you have been moving around a lot more than usual"" .
:QDepressive_Symptoms_Frequency_Suicidal_Thoughts pred:Text ""Thoughts that you would be better off dead, or of hurting yourself"" .

# Responses
:Respondent140 pred:Year_of_birth 2003.0 ;
     pred:Gender 2.0 ;
     pred:Socio_economic_status 4.0 ;
     pred:Ethnic_identity 6.0 .

:Respondent140_Parental_Education
                       pred:Father 18.0 ;
                       pred:Mother 11.0 .
:Respondent140 pred:hasGroupResponse :Respondent140_Parental_Education .

:Respondent140 pred:Life_satisfaction 5.0 ;
     pred:Happiness 1.0 ;
     pred:Laughter 0.0 ;
     pred:Learning 7.0 ;
     pred:Enjoyment 5.0 ;
     pred:Worry 0.0 ;
     pred:Depression 3.0 ;
     pred:Anger 4.0 ;
     pred:Stress 3.0 ;
     pred:Loneliness 10.0 .

:Respondent140_Emotional_Regulation_Frequency
                                   pred:Upset_by_Unexpected_Events 4.0 ;
                                   pred:Unable_to_Control_Important_Things 2.0 ;
                                   pred:Lacked_Confidence_Handling_Problems 3.0 ;
                                   pred:Unable_to_Cope 1.0 ;
                                   pred:Irritated_by_Life 3.0 ;
                                   pred:On_Top_of_Things 4.0 .
:Respondent140 pred:hasGroupResponse :Respondent140_Emotional_Regulation_Frequency .

:Respondent140_Anxiety_Symptoms_Frequency
                               pred:Feeling_Nervous_or_On_Edge 3.0 ;
                               pred:Trouble_Relaxing 3.0 ;
                               pred:Restlessness 3.0 ;
                               pred:Irritability 2.0 ;
                               pred:Fear_Something_Awful_Might_Happen 3.0 .
:Respondent140 pred:hasGroupResponse :Respondent140_Anxiety_Symptoms_Frequency .

:Respondent140_Depressive_Symptoms_Frequency
                                  pred:Anhedonia 0.0 ;
                                  pred:Sleep_Problems 3.0 ;
                                  pred:Fatigue 2.0 ;
                                  pred:Appetite_Changes 3.0 ;
                                  pred:Feelings_of_Worthlessness 0.0 ;
                                  pred:Concentration_Difficulties 0.0 ;
                                  pred:Suicidal_Thoughts 2.0 .
:Respondent140 pred:hasGroupResponse :Respondent140_Depressive_Symptoms_Frequency .

:Respondent145 pred:Year_of_birth 2005.0 ;
     pred:Gender 2.0 ;
     pred:Socio_economic_status 1.0 ;
     pred:Ethnic_identity 6.0 .

:Respondent145_Parental_Education
                       pred:Father 11.0 ;
                       pred:Mother 11.0 .
:Respondent145 pred:hasGroupResponse :Respondent145_Parental_Education .

:Respondent145 pred:Life_satisfaction 6.0 ;
     pred:Happiness 5.0 ;
     pred:Laughter 5.0 ;
     pred:Learning 8.0 ;
     pred:Enjoyment 7.0 ;
     pred:Worry 1.0 ;
     pred:Depression 1.0 ;
     pred:Anger 3.0 ;
     pred:Stress 3.0 ;
     pred:Loneliness 3.0 .

:Respondent145_Emotional_Regulation_Frequency
                                   pred:Upset_by_Unexpected_Events 3.0 ;
                                   pred:Unable_to_Control_Important_Things 1.0 ;
                                   pred:Lacked_Confidence_Handling_Problems 2.0 ;
                                   pred:Unable_to_Cope 3.0 ;
                                   pred:Irritated_by_Life 2.0 ;
                                   pred:On_Top_of_Things 2.0 .
:Respondent145 pred:hasGroupResponse :Respondent145_Emotional_Regulation_Frequency .

:Respondent145_Anxiety_Symptoms_Frequency
                               pred:Feeling_Nervous_or_On_Edge 2.0 ;
                               pred:Trouble_Relaxing 1.0 ;
                               pred:Restlessness 2.0 ;
                               pred:Irritability 3.0 ;
                               pred:Fear_Something_Awful_Might_Happen 2.0 .
:Respondent145 pred:hasGroupResponse :Respondent145_Anxiety_Symptoms_Frequency .

:Respondent145_Depressive_Symptoms_Frequency
                                  pred:Anhedonia 1.0 ;
                                  pred:Sleep_Problems 1.0 ;
                                  pred:Fatigue 2.0 ;
                                  pred:Appetite_Changes 3.0 ;
                                  pred:Feelings_of_Worthlessness 3.0 ;
                                  pred:Concentration_Difficulties 2.0 ;
                                  pred:Suicidal_Thoughts 1.0 .
:Respondent145 pred:hasGroupResponse :Respondent145_Depressive_Symptoms_Frequency .

:Respondent61 pred:Year_of_birth 2003.0 ;
     pred:Gender 1.0 ;
     pred:Socio_economic_status 6.0 ;
     pred:Ethnic_identity 6.0 .

:Respondent61 pred:Life_satisfaction 10.0 ;
     pred:Happiness 8.0 ;
     pred:Laughter 8.0 ;
     pred:Learning 3.0 ;
     pred:Enjoyment 9.0 ;
     pred:Worry 1.0 ;
     pred:Depression 0.0 ;
     pred:Anger 3.0 ;
     pred:Stress 2.0 ;
     pred:Loneliness 0.0 .

:Respondent61_Emotional_Regulation_Frequency
                                   pred:Upset_by_Unexpected_Events 2.0 ;
                                   pred:Unable_to_Control_Important_Things 1.0 ;
                                   pred:Lacked_Confidence_Handling_Problems 3.0 ;
                                   pred:Unable_to_Cope 1.0 ;
                                   pred:Irritated_by_Life 3.0 ;
                                   pred:On_Top_of_Things 3.0 .
:Respondent61 pred:hasGroupResponse :Respondent61_Emotional_Regulation_Frequency .

:Respondent61_Anxiety_Symptoms_Frequency
                               pred:Feeling_Nervous_or_On_Edge 1.0 ;
                               pred:Trouble_Relaxing 0.0 ;
                               pred:Restlessness 0.0 ;
                               pred:Irritability 0.0 ;
                               pred:Fear_Something_Awful_Might_Happen 1.0 .
:Respondent61 pred:hasGroupResponse :Respondent61_Anxiety_Symptoms_Frequency .

:Respondent61_Depressive_Symptoms_Frequency
                                  pred:Anhedonia 1.0 ;
                                  pred:Sleep_Problems 2.0 ;
                                  pred:Fatigue 0.0 ;
                                  pred:Appetite_Changes 0.0 ;
                                  pred:Feelings_of_Worthlessness 0.0 ;
                                  pred:Concentration_Difficulties 1.0 ;
                                  pred:Suicidal_Thoughts 0.0 .
:Respondent61 pred:hasGroupResponse :Respondent61_Depressive_Symptoms_Frequency .
",10.0,"For respondent 129, what is the value for 'Appetite Changes' in the 'Depressive Symptoms Frequency' category?

DATA:

@prefix : <http://example.org/survey#> .
@prefix pred: <http://example.org/predicate#> .
@prefix qg: <http://example.org/question_group#> .

# Questions
:QYear_of_birth pred:Text ""What is your date of birth? [Open-ended]"" .
:QGender pred:Text ""What is your gender? [MCQ: 1. Male 2. Female]"" .
:QSocio_economic_status pred:Text ""What is the socio-economic status of your home? [Likert 1–6: 1 = Very low, 6 = Very high]"" .
:QEthnic_identity pred:Text ""According to your culture, people, or physical features, you are or are recognized as: [MCQ: 1. Indigenous 2. Gypsy 3. Raizal from San Andres, Providencia and Santa Catalina Archipelago 4. Palenquero from San Basilio 5. Black, mulatto (Afro-descendant), Afro-Colombian 6. None of the above]"" .

:QGParental_Education pred:BaseQuestion ""How many years of education did your parents receive? [Open-ended]"" ;
    qg:hasSubQuestion :QParental_Education_Father, :QParental_Education_Mother .
:QParental_Education_Father pred:Text ""Father?"" .
:QParental_Education_Mother pred:Text ""Mother?"" .

:QLife_satisfaction pred:Text ""In general, how satisfied are you with all aspects of your life? [Likert 0–10: 0 = Not satisfied, 10 = Totally satisfied]"" .
:QHappiness pred:Text ""How happy did you feel yesterday? [Likert 0–10: 0 = At no time, 10 = All the time]"" .
:QLaughter pred:Text ""How much did you laugh yesterday? [Likert 0–10: 0 = At no time, 10 = All the time]"" .
:QLearning pred:Text ""Did you learn new or exciting things yesterday? [Likert 0–10: 0 = At no time, 10 = All the time]"" .
:QEnjoyment pred:Text ""How much did you enjoy the activities you did yesterday? [Likert 0–10: 0 = At no time, 10 = All the time]"" .
:QWorry pred:Text ""How worried did you feel yesterday? [Likert 0–10: 0 = At no time, 10 = All the time]"" .
:QDepression pred:Text ""How depressed did you feel yesterday? [Likert 0–10: 0 = At no time, 10 = All the time]"" .
:QAnger pred:Text ""How angry did you feel yesterday? [Likert 0–10: 0 = At no time, 10 = All the time]"" .
:QStress pred:Text ""How much stress did you feel yesterday? [Likert 0–10: 0 = At no time, 10 = All the time]"" .
:QLoneliness pred:Text ""How lonely or unsupported did you feel yesterday? [Likert 0–10: 0 = At no time, 10 = All the time]"" .

:QGEmotional_Regulation_Frequency pred:BaseQuestion ""Next, you will be asked questions about your emotional state. Please answer on a scale of 0 to 4, where 0 is never, 1 is 'almost never', 2 is 'sometimes', 3 is 'fairly often', and 4 is 'very often', how often you experienced the following feelings during the last month: [Likert 0–4]"" ;
    qg:hasSubQuestion :QEmotional_Regulation_Frequency_Upset_by_Unexpected_Events,
                      :QEmotional_Regulation_Frequency_Unable_to_Control_Important_Things,
                      :QEmotional_Regulation_Frequency_Nervous_and_Stressed,
                      :QEmotional_Regulation_Frequency_Lacked_Confidence_Handling_Problems,
                      :QEmotional_Regulation_Frequency_Things_Going_Your_Way,
                      :QEmotional_Regulation_Frequency_Unable_to_Cope,
                      :QEmotional_Regulation_Frequency_Irritated_by_Life,
                      :QEmotional_Regulation_Frequency_On_Top_of_Things,
                      :QEmotional_Regulation_Frequency_Angered_by_Uncontrollable_Events,
                      :QEmotional_Regulation_Frequency_Felt_Overwhelmed .

:QEmotional_Regulation_Frequency_Upset_by_Unexpected_Events pred:Text ""how often have you been upset because of something that happened unexpectedly?"" .
:QEmotional_Regulation_Frequency_Unable_to_Control_Important_Things pred:Text ""how often have you felt that you were unable to control the important things in your life?"" .
:QEmotional_Regulation_Frequency_Nervous_and_Stressed pred:Text ""how often have you felt nervous and stressed?"" .
:QEmotional_Regulation_Frequency_Lacked_Confidence_Handling_Problems pred:Text ""how often have you felt confident about your ability to handle your personal problems?"" .
:QEmotional_Regulation_Frequency_Things_Going_Your_Way pred:Text ""how often have you felt that things were going your way?"" .
:QEmotional_Regulation_Frequency_Unable_to_Cope pred:Text ""how often have you found that you could not cope with all the things that you had to do?"" .
:QEmotional_Regulation_Frequency_Irritated_by_Life pred:Text ""how often have you been able to control irritations in your life?"" .
:QEmotional_Regulation_Frequency_On_Top_of_Things pred:Text ""how often have you felt that you were on top of things?"" .
:QEmotional_Regulation_Frequency_Angered_by_Uncontrollable_Events pred:Text ""how often have you been angered because of things that happened that were outside of your control?"" .
:QEmotional_Regulation_Frequency_Felt_Overwhelmed pred:Text ""how often have you felt difficulties were piling up so high that you could not overcome them?"" .

:QGAnxiety_Symptoms_Frequency pred:BaseQuestion ""Next, you will be asked questions about your emotional state. Please answer on a scale of 0 to 3, where 0 is 'Not at all', 1 is 'several days', 2 is 'more than half of the days', and 3 is 'Nearly every day'. Over the last two weeks, how often have you been bothered by the following problems? [Likert 0–3]"" ;
    qg:hasSubQuestion :QAnxiety_Symptoms_Frequency_Feeling_Nervous_or_On_Edge,
                      :QAnxiety_Symptoms_Frequency_Uncontrollable_Worrying,
                      :QAnxiety_Symptoms_Frequency_Excessive_Worry,
                      :QAnxiety_Symptoms_Frequency_Trouble_Relaxing,
                      :QAnxiety_Symptoms_Frequency_Restlessness,
                      :QAnxiety_Symptoms_Frequency_Irritability,
                      :QAnxiety_Symptoms_Frequency_Fear_Something_Awful_Might_Happen .

:QAnxiety_Symptoms_Frequency_Feeling_Nervous_or_On_Edge pred:Text ""Feeling nervous, anxious, or on edge"" .
:QAnxiety_Symptoms_Frequency_Uncontrollable_Worrying pred:Text ""Not being able to stop or control worrying"" .
:QAnxiety_Symptoms_Frequency_Excessive_Worry pred:Text ""Worrying too much about different things"" .
:QAnxiety_Symptoms_Frequency_Trouble_Relaxing pred:Text ""Trouble relaxing"" .
:QAnxiety_Symptoms_Frequency_Restlessness pred:Text ""Being so restless that it is hard to sit still"" .
:QAnxiety_Symptoms_Frequency_Irritability pred:Text ""Becoming easily annoyed or irritable"" .
:QAnxiety_Symptoms_Frequency_Fear_Something_Awful_Might_Happen pred:Text ""Feeling afraid, as if something awful might happen"" .

:QGDepressive_Symptoms_Frequency pred:BaseQuestion ""Next, you will be asked questions about your emotional state. Please answer on a scale of 0 to 3, where 0 is 'Not at all', 1 is 'several days', 2 is 'more than half of the days', and 3 is 'Nearly every day'. Over the last two weeks, how often have you been bothered by the following problems?"" ;
    qg:hasSubQuestion :QDepressive_Symptoms_Frequency_Anhedonia,
                      :QDepressive_Symptoms_Frequency_Depressed_Mood,
                      :QDepressive_Symptoms_Frequency_Sleep_Problems,
                      :QDepressive_Symptoms_Frequency_Fatigue,
                      :QDepressive_Symptoms_Frequency_Appetite_Changes,
                      :QDepressive_Symptoms_Frequency_Feelings_of_Worthlessness,
                      :QDepressive_Symptoms_Frequency_Concentration_Difficulties,
                      :QDepressive_Symptoms_Frequency_Psychomotor_Changes,
                      :QDepressive_Symptoms_Frequency_Suicidal_Thoughts .

:QDepressive_Symptoms_Frequency_Anhedonia pred:Text ""Little interest or pleasure in doing things"" .
:QDepressive_Symptoms_Frequency_Depressed_Mood pred:Text ""Feeling down, depressed, or hopeless"" .
:QDepressive_Symptoms_Frequency_Sleep_Problems pred:Text ""Trouble falling or staying asleep, or sleeping too much"" .
:QDepressive_Symptoms_Frequency_Fatigue pred:Text ""Feeling tired or having little energy"" .
:QDepressive_Symptoms_Frequency_Appetite_Changes pred:Text ""Poor appetite or overeating"" .
:QDepressive_Symptoms_Frequency_Feelings_of_Worthlessness pred:Text ""Feeling bad about yourself or that you are a failure or have let yourself or your family down"" .
:QDepressive_Symptoms_Frequency_Concentration_Difficulties pred:Text ""Trouble concentrating on things, such as reading the newspaper or watching television"" .
:QDepressive_Symptoms_Frequency_Psychomotor_Changes pred:Text ""Moving or speaking so slowly that other people could have noticed. Or the opposite — being so fidgety or restless that you have been moving around a lot more than usual"" .
:QDepressive_Symptoms_Frequency_Suicidal_Thoughts pred:Text ""Thoughts that you would be better off dead, or of hurting yourself"" .

# Responses
:Respondent73 pred:Year_of_birth 2005.0 ;
     pred:Gender 2.0 ;
     pred:Socio_economic_status 2.0 ;
     pred:Ethnic_identity 6.0 .

:Respondent73_Parental_Education
                       pred:Father 25.0 ;
                       pred:Mother 15.0 .
:Respondent73 pred:hasGroupResponse :Respondent73_Parental_Education .

:Respondent73 pred:Life_satisfaction 8.0 ;
     pred:Happiness 5.0 ;
     pred:Laughter 4.0 ;
     pred:Learning 5.0 ;
     pred:Enjoyment 5.0 ;
     pred:Worry 2.0 ;
     pred:Depression 1.0 ;
     pred:Anger 2.0 ;
     pred:Stress 4.0 ;
     pred:Loneliness 6.0 .

:Respondent73_Emotional_Regulation_Frequency
                                   pred:Upset_by_Unexpected_Events 2.0 ;
                                   pred:Unable_to_Control_Important_Things 2.0 ;
                                   pred:Lacked_Confidence_Handling_Problems 2.0 ;
                                   pred:Unable_to_Cope 2.0 ;
                                   pred:Irritated_by_Life 2.0 ;
                                   pred:On_Top_of_Things 2.0 .
:Respondent73 pred:hasGroupResponse :Respondent73_Emotional_Regulation_Frequency .

:Respondent73_Anxiety_Symptoms_Frequency
                               pred:Feeling_Nervous_or_On_Edge 2.0 ;
                               pred:Trouble_Relaxing 1.0 ;
                               pred:Restlessness 1.0 ;
                               pred:Irritability 2.0 ;
                               pred:Fear_Something_Awful_Might_Happen 2.0 .
:Respondent73 pred:hasGroupResponse :Respondent73_Anxiety_Symptoms_Frequency .

:Respondent73_Depressive_Symptoms_Frequency
                                  pred:Anhedonia 1.0 ;
                                  pred:Sleep_Problems 2.0 ;
                                  pred:Fatigue 1.0 ;
                                  pred:Appetite_Changes 1.0 ;
                                  pred:Feelings_of_Worthlessness 1.0 ;
                                  pred:Concentration_Difficulties 1.0 ;
                                  pred:Suicidal_Thoughts 0.0 .
:Respondent73 pred:hasGroupResponse :Respondent73_Depressive_Symptoms_Frequency .

:Respondent85 pred:Year_of_birth 2004.0 ;
     pred:Gender 2.0 ;
     pred:Socio_economic_status 3.0 ;
     pred:Ethnic_identity 6.0 .

:Respondent85_Parental_Education
                       pred:Father 18.0 .
:Respondent85 pred:hasGroupResponse :Respondent85_Parental_Education .

:Respondent85 pred:Life_satisfaction 5.0 ;
     pred:Happiness 6.0 ;
     pred:Laughter 6.0 ;
     pred:Learning 8.0 ;
     pred:Enjoyment 5.0 ;
     pred:Worry 1.0 ;
     pred:Depression 1.0 ;
     pred:Anger 2.0 ;
     pred:Stress 4.0 ;
     pred:Loneliness 1.0 .

:Respondent85_Emotional_Regulation_Frequency
                                   pred:Upset_by_Unexpected_Events 2.0 ;
                                   pred:Unable_to_Control_Important_Things 3.0 ;
                                   pred:Lacked_Confidence_Handling_Problems 2.0 ;
                                   pred:Unable_to_Cope 3.0 ;
                                   pred:Irritated_by_Life 3.0 ;
                                   pred:On_Top_of_Things 2.0 .
:Respondent85 pred:hasGroupResponse :Respondent85_Emotional_Regulation_Frequency .

:Respondent85_Anxiety_Symptoms_Frequency
                               pred:Feeling_Nervous_or_On_Edge 1.0 ;
                               pred:Trouble_Relaxing 1.0 ;
                               pred:Restlessness 0.0 ;
                               pred:Irritability 1.0 ;
                               pred:Fear_Something_Awful_Might_Happen 1.0 .
:Respondent85 pred:hasGroupResponse :Respondent85_Anxiety_Symptoms_Frequency .

:Respondent85_Depressive_Symptoms_Frequency
                                  pred:Anhedonia 2.0 ;
                                  pred:Sleep_Problems 2.0 ;
                                  pred:Fatigue 3.0 ;
                                  pred:Appetite_Changes 3.0 ;
                                  pred:Feelings_of_Worthlessness 1.0 ;
                                  pred:Concentration_Difficulties 1.0 ;
                                  pred:Suicidal_Thoughts 0.0 .
:Respondent85 pred:hasGroupResponse :Respondent85_Depressive_Symptoms_Frequency .

:Respondent129 pred:Year_of_birth 2001.0 ;
     pred:Gender 2.0 ;
     pred:Socio_economic_status 3.0 ;
     pred:Ethnic_identity 6.0 .

:Respondent129_Parental_Education
                       pred:Father 13.0 ;
                       pred:Mother 13.0 .
:Respondent129 pred:hasGroupResponse :Respondent129_Parental_Education .

:Respondent129 pred:Life_satisfaction 8.0 ;
     pred:Happiness 9.0 ;
     pred:Laughter 6.0 ;
     pred:Learning 5.0 ;
     pred:Enjoyment 6.0 ;
     pred:Worry 1.0 ;
     pred:Depression 1.0 ;
     pred:Anger 1.0 ;
     pred:Stress 3.0 ;
     pred:Loneliness 0.0 .

:Respondent129_Emotional_Regulation_Frequency
                                   pred:Upset_by_Unexpected_Events 1.0 ;
                                   pred:Unable_to_Control_Important_Things 1.0 ;
                                   pred:Lacked_Confidence_Handling_Problems 3.0 ;
                                   pred:Unable_to_Cope 2.0 ;
                                   pred:Irritated_by_Life 3.0 ;
                                   pred:On_Top_of_Things 2.0 .
:Respondent129 pred:hasGroupResponse :Respondent129_Emotional_Regulation_Frequency .

:Respondent129_Anxiety_Symptoms_Frequency
                               pred:Feeling_Nervous_or_On_Edge 1.0 ;
                               pred:Trouble_Relaxing 1.0 ;
                               pred:Restlessness 0.0 ;
                               pred:Irritability 0.0 ;
                               pred:Fear_Something_Awful_Might_Happen 0.0 .
:Respondent129 pred:hasGroupResponse :Respondent129_Anxiety_Symptoms_Frequency .

:Respondent129_Depressive_Symptoms_Frequency
                                  pred:Anhedonia 1.0 ;
                                  pred:Sleep_Problems 1.0 ;
                                  pred:Fatigue 2.0 ;
                                  pred:Appetite_Changes 2.0 ;
                                  pred:Feelings_of_Worthlessness 0.0 ;
                                  pred:Concentration_Difficulties 2.0 ;
                                  pred:Suicidal_Thoughts 0.0 .
:Respondent129 pred:hasGroupResponse :Respondent129_Depressive_Symptoms_Frequency .

Answer: 2.0

@prefix : <http://example.org/survey#> .
@prefix pred: <http://example.org/predicate#> .
@prefix qg: <http://example.org/question_group#> .

# Questions
:QYear_of_birth pred:Text ""What is your date of birth? [Open-ended]"" .
:QGender pred:Text ""What is your gender? [MCQ: 1. Male 2. Female]"" .
:QSocio_economic_status pred:Text ""What is the socio-economic status of your home? [Likert 1–6: 1 = Very low, 6 = Very high]"" .
:QEthnic_identity pred:Text ""According to your culture, people, or physical features, you are or are recognized as: [MCQ: 1. Indigenous 2. Gypsy 3. Raizal from San Andres, Providencia and Santa Catalina Archipelago 4. Palenquero from San Basilio 5. Black, mulatto (Afro-descendant), Afro-Colombian 6. None of the above]"" .

:QGParental_Education pred:BaseQuestion ""How many years of education did your parents receive? [Open-ended]"" ;
    qg:hasSubQuestion :QParental_Education_Father, :QParental_Education_Mother .
:QParental_Education_Father pred:Text ""Father?"" .
:QParental_Education_Mother pred:Text ""Mother?"" .

:QLife_satisfaction pred:Text ""In general, how satisfied are you with all aspects of your life? [Likert 0–10: 0 = Not satisfied, 10 = Totally satisfied]"" .
:QHappiness pred:Text ""How happy did you feel yesterday? [Likert 0–10: 0 = At no time, 10 = All the time]"" .
:QLaughter pred:Text ""How much did you laugh yesterday? [Likert 0–10: 0 = At no time, 10 = All the time]"" .
:QLearning pred:Text ""Did you learn new or exciting things yesterday? [Likert 0–10: 0 = At no time, 10 = All the time]"" .
:QEnjoyment pred:Text ""How much did you enjoy the activities you did yesterday? [Likert 0–10: 0 = At no time, 10 = All the time]"" .
:QWorry pred:Text ""How worried did you feel yesterday? [Likert 0–10: 0 = At no time, 10 = All the time]"" .
:QDepression pred:Text ""How depressed did you feel yesterday? [Likert 0–10: 0 = At no time, 10 = All the time]"" .
:QAnger pred:Text ""How angry did you feel yesterday? [Likert 0–10: 0 = At no time, 10 = All the time]"" .
:QStress pred:Text ""How much stress did you feel yesterday? [Likert 0–10: 0 = At no time, 10 = All the time]"" .
:QLoneliness pred:Text ""How lonely or unsupported did you feel yesterday? [Likert 0–10: 0 = At no time, 10 = All the time]"" .

:QGEmotional_Regulation_Frequency pred:BaseQuestion ""Next, you will be asked questions about your emotional state. Please answer on a scale of 0 to 4, where 0 is never, 1 is 'almost never', 2 is 'sometimes', 3 is 'fairly often', and 4 is 'very often', how often you experienced the following feelings during the last month: [Likert 0–4]"" ;
    qg:hasSubQuestion :QEmotional_Regulation_Frequency_Upset_by_Unexpected_Events,
                      :QEmotional_Regulation_Frequency_Unable_to_Control_Important_Things,
                      :QEmotional_Regulation_Frequency_Nervous_and_Stressed,
                      :QEmotional_Regulation_Frequency_Lacked_Confidence_Handling_Problems,
                      :QEmotional_Regulation_Frequency_Things_Going_Your_Way,
                      :QEmotional_Regulation_Frequency_Unable_to_Cope,
                      :QEmotional_Regulation_Frequency_Irritated_by_Life,
                      :QEmotional_Regulation_Frequency_On_Top_of_Things,
                      :QEmotional_Regulation_Frequency_Angered_by_Uncontrollable_Events,
                      :QEmotional_Regulation_Frequency_Felt_Overwhelmed .

:QEmotional_Regulation_Frequency_Upset_by_Unexpected_Events pred:Text ""how often have you been upset because of something that happened unexpectedly?"" .
:QEmotional_Regulation_Frequency_Unable_to_Control_Important_Things pred:Text ""how often have you felt that you were unable to control the important things in your life?"" .
:QEmotional_Regulation_Frequency_Nervous_and_Stressed pred:Text ""how often have you felt nervous and stressed?"" .
:QEmotional_Regulation_Frequency_Lacked_Confidence_Handling_Problems pred:Text ""how often have you felt confident about your ability to handle your personal problems?"" .
:QEmotional_Regulation_Frequency_Things_Going_Your_Way pred:Text ""how often have you felt that things were going your way?"" .
:QEmotional_Regulation_Frequency_Unable_to_Cope pred:Text ""how often have you found that you could not cope with all the things that you had to do?"" .
:QEmotional_Regulation_Frequency_Irritated_by_Life pred:Text ""how often have you been able to control irritations in your life?"" .
:QEmotional_Regulation_Frequency_On_Top_of_Things pred:Text ""how often have you felt that you were on top of things?"" .
:QEmotional_Regulation_Frequency_Angered_by_Uncontrollable_Events pred:Text ""how often have you been angered because of things that happened that were outside of your control?"" .
:QEmotional_Regulation_Frequency_Felt_Overwhelmed pred:Text ""how often have you felt difficulties were piling up so high that you could not overcome them?"" .

:QGAnxiety_Symptoms_Frequency pred:BaseQuestion ""Next, you will be asked questions about your emotional state. Please answer on a scale of 0 to 3, where 0 is 'Not at all', 1 is 'several days', 2 is 'more than half of the days', and 3 is 'Nearly every day'. Over the last two weeks, how often have you been bothered by the following problems? [Likert 0–3]"" ;
    qg:hasSubQuestion :QAnxiety_Symptoms_Frequency_Feeling_Nervous_or_On_Edge,
                      :QAnxiety_Symptoms_Frequency_Uncontrollable_Worrying,
                      :QAnxiety_Symptoms_Frequency_Excessive_Worry,
                      :QAnxiety_Symptoms_Frequency_Trouble_Relaxing,
                      :QAnxiety_Symptoms_Frequency_Restlessness,
                      :QAnxiety_Symptoms_Frequency_Irritability,
                      :QAnxiety_Symptoms_Frequency_Fear_Something_Awful_Might_Happen .

:QAnxiety_Symptoms_Frequency_Feeling_Nervous_or_On_Edge pred:Text ""Feeling nervous, anxious, or on edge"" .
:QAnxiety_Symptoms_Frequency_Uncontrollable_Worrying pred:Text ""Not being able to stop or control worrying"" .
:QAnxiety_Symptoms_Frequency_Excessive_Worry pred:Text ""Worrying too much about different things"" .
:QAnxiety_Symptoms_Frequency_Trouble_Relaxing pred:Text ""Trouble relaxing"" .
:QAnxiety_Symptoms_Frequency_Restlessness pred:Text ""Being so restless that it is hard to sit still"" .
:QAnxiety_Symptoms_Frequency_Irritability pred:Text ""Becoming easily annoyed or irritable"" .
:QAnxiety_Symptoms_Frequency_Fear_Something_Awful_Might_Happen pred:Text ""Feeling afraid, as if something awful might happen"" .

:QGDepressive_Symptoms_Frequency pred:BaseQuestion ""Next, you will be asked questions about your emotional state. Please answer on a scale of 0 to 3, where 0 is 'Not at all', 1 is 'several days', 2 is 'more than half of the days', and 3 is 'Nearly every day'. Over the last two weeks, how often have you been bothered by the following problems?"" ;
    qg:hasSubQuestion :QDepressive_Symptoms_Frequency_Anhedonia,
                      :QDepressive_Symptoms_Frequency_Depressed_Mood,
                      :QDepressive_Symptoms_Frequency_Sleep_Problems,
                      :QDepressive_Symptoms_Frequency_Fatigue,
                      :QDepressive_Symptoms_Frequency_Appetite_Changes,
                      :QDepressive_Symptoms_Frequency_Feelings_of_Worthlessness,
                      :QDepressive_Symptoms_Frequency_Concentration_Difficulties,
                      :QDepressive_Symptoms_Frequency_Psychomotor_Changes,
                      :QDepressive_Symptoms_Frequency_Suicidal_Thoughts .

:QDepressive_Symptoms_Frequency_Anhedonia pred:Text ""Little interest or pleasure in doing things"" .
:QDepressive_Symptoms_Frequency_Depressed_Mood pred:Text ""Feeling down, depressed, or hopeless"" .
:QDepressive_Symptoms_Frequency_Sleep_Problems pred:Text ""Trouble falling or staying asleep, or sleeping too much"" .
:QDepressive_Symptoms_Frequency_Fatigue pred:Text ""Feeling tired or having little energy"" .
:QDepressive_Symptoms_Frequency_Appetite_Changes pred:Text ""Poor appetite or overeating"" .
:QDepressive_Symptoms_Frequency_Feelings_of_Worthlessness pred:Text ""Feeling bad about yourself or that you are a failure or have let yourself or your family down"" .
:QDepressive_Symptoms_Frequency_Concentration_Difficulties pred:Text ""Trouble concentrating on things, such as reading the newspaper or watching television"" .
:QDepressive_Symptoms_Frequency_Psychomotor_Changes pred:Text ""Moving or speaking so slowly that other people could have noticed. Or the opposite — being so fidgety or restless that you have been moving around a lot more than usual"" .
:QDepressive_Symptoms_Frequency_Suicidal_Thoughts pred:Text ""Thoughts that you would be better off dead, or of hurting yourself"" .

# Responses
:Respondent140 pred:Year_of_birth 2003.0 ;
     pred:Gender 2.0 ;
     pred:Socio_economic_status 4.0 ;
     pred:Ethnic_identity 6.0 .

:Respondent140_Parental_Education
                       pred:Father 18.0 ;
                       pred:Mother 11.0 .
:Respondent140 pred:hasGroupResponse :Respondent140_Parental_Education .

:Respondent140 pred:Life_satisfaction 5.0 ;
     pred:Happiness 1.0 ;
     pred:Laughter 0.0 ;
     pred:Learning 7.0 ;
     pred:Enjoyment 5.0 ;
     pred:Worry 0.0 ;
     pred:Depression 3.0 ;
     pred:Anger 4.0 ;
     pred:Stress 3.0 ;
     pred:Loneliness 10.0 .

:Respondent140_Emotional_Regulation_Frequency
                                   pred:Upset_by_Unexpected_Events 4.0 ;
                                   pred:Unable_to_Control_Important_Things 2.0 ;
                                   pred:Lacked_Confidence_Handling_Problems 3.0 ;
                                   pred:Unable_to_Cope 1.0 ;
                                   pred:Irritated_by_Life 3.0 ;
                                   pred:On_Top_of_Things 4.0 .
:Respondent140 pred:hasGroupResponse :Respondent140_Emotional_Regulation_Frequency .

:Respondent140_Anxiety_Symptoms_Frequency
                               pred:Feeling_Nervous_or_On_Edge 3.0 ;
                               pred:Trouble_Relaxing 3.0 ;
                               pred:Restlessness 3.0 ;
                               pred:Irritability 2.0 ;
                               pred:Fear_Something_Awful_Might_Happen 3.0 .
:Respondent140 pred:hasGroupResponse :Respondent140_Anxiety_Symptoms_Frequency .

:Respondent140_Depressive_Symptoms_Frequency
                                  pred:Anhedonia 0.0 ;
                                  pred:Sleep_Problems 3.0 ;
                                  pred:Fatigue 2.0 ;
                                  pred:Appetite_Changes 3.0 ;
                                  pred:Feelings_of_Worthlessness 0.0 ;
                                  pred:Concentration_Difficulties 0.0 ;
                                  pred:Suicidal_Thoughts 2.0 .
:Respondent140 pred:hasGroupResponse :Respondent140_Depressive_Symptoms_Frequency .

:Respondent145 pred:Year_of_birth 2005.0 ;
     pred:Gender 2.0 ;
     pred:Socio_economic_status 1.0 ;
     pred:Ethnic_identity 6.0 .

:Respondent145_Parental_Education
                       pred:Father 11.0 ;
                       pred:Mother 11.0 .
:Respondent145 pred:hasGroupResponse :Respondent145_Parental_Education .

:Respondent145 pred:Life_satisfaction 6.0 ;
     pred:Happiness 5.0 ;
     pred:Laughter 5.0 ;
     pred:Learning 8.0 ;
     pred:Enjoyment 7.0 ;
     pred:Worry 1.0 ;
     pred:Depression 1.0 ;
     pred:Anger 3.0 ;
     pred:Stress 3.0 ;
     pred:Loneliness 3.0 .

:Respondent145_Emotional_Regulation_Frequency
                                   pred:Upset_by_Unexpected_Events 3.0 ;
                                   pred:Unable_to_Control_Important_Things 1.0 ;
                                   pred:Lacked_Confidence_Handling_Problems 2.0 ;
                                   pred:Unable_to_Cope 3.0 ;
                                   pred:Irritated_by_Life 2.0 ;
                                   pred:On_Top_of_Things 2.0 .
:Respondent145 pred:hasGroupResponse :Respondent145_Emotional_Regulation_Frequency .

:Respondent145_Anxiety_Symptoms_Frequency
                               pred:Feeling_Nervous_or_On_Edge 2.0 ;
                               pred:Trouble_Relaxing 1.0 ;
                               pred:Restlessness 2.0 ;
                               pred:Irritability 3.0 ;
                               pred:Fear_Something_Awful_Might_Happen 2.0 .
:Respondent145 pred:hasGroupResponse :Respondent145_Anxiety_Symptoms_Frequency .

:Respondent145_Depressive_Symptoms_Frequency
                                  pred:Anhedonia 1.0 ;
                                  pred:Sleep_Problems 1.0 ;
                                  pred:Fatigue 2.0 ;
                                  pred:Appetite_Changes 3.0 ;
                                  pred:Feelings_of_Worthlessness 3.0 ;
                                  pred:Concentration_Difficulties 2.0 ;
                                  pred:Suicidal_Thoughts 1.0 .
:Respondent145 pred:hasGroupResponse :Respondent145_Depressive_Symptoms_Frequency .

:Respondent61 pred:Year_of_birth 2003.0 ;
     pred:Gender 1.0 ;
     pred:Socio_economic_status 6.0 ;
     pred:Ethnic_identity 6.0 .

:Respondent61 pred:Life_satisfaction 10.0 ;
     pred:Happiness 8.0 ;
     pred:Laughter 8.0 ;
     pred:Learning 3.0 ;
     pred:Enjoyment 9.0 ;
     pred:Worry 1.0 ;
     pred:Depression 0.0 ;
     pred:Anger 3.0 ;
     pred:Stress 2.0 ;
     pred:Loneliness 0.0 .

:Respondent61_Emotional_Regulation_Frequency
                                   pred:Upset_by_Unexpected_Events 2.0 ;
                                   pred:Unable_to_Control_Important_Things 1.0 ;
                                   pred:Lacked_Confidence_Handling_Problems 3.0 ;
                                   pred:Unable_to_Cope 1.0 ;
                                   pred:Irritated_by_Life 3.0 ;
                                   pred:On_Top_of_Things 3.0 .
:Respondent61 pred:hasGroupResponse :Respondent61_Emotional_Regulation_Frequency .

:Respondent61_Anxiety_Symptoms_Frequency
                               pred:Feeling_Nervous_or_On_Edge 1.0 ;
                               pred:Trouble_Relaxing 0.0 ;
                               pred:Restlessness 0.0 ;
                               pred:Irritability 0.0 ;
                               pred:Fear_Something_Awful_Might_Happen 1.0 .
:Respondent61 pred:hasGroupResponse :Respondent61_Anxiety_Symptoms_Frequency .

:Respondent61_Depressive_Symptoms_Frequency
                                  pred:Anhedonia 1.0 ;
                                  pred:Sleep_Problems 2.0 ;
                                  pred:Fatigue 0.0 ;
                                  pred:Appetite_Changes 0.0 ;
                                  pred:Feelings_of_Worthlessness 0.0 ;
                                  pred:Concentration_Difficulties 1.0 ;
                                  pred:Suicidal_Thoughts 0.0 .
:Respondent61 pred:hasGroupResponse :Respondent61_Depressive_Symptoms_Frequency .

You are a meticulous data analyst AI. Your primary function is to accurately analyze structured data and provide precise, verifiable answers.

You will be given a dataset with two key parts:

A 'questions' section: This is your data dictionary or schema. It is the single source of truth for understanding what each field and score means. Refer to it carefully.

A 'responses' section: This contains the raw data from each individual respondent.

To answer the question correctly, you must first use the 'questions' schema to fully understand the context and meaning of the data points within the 'responses'. Do not rely on any prior knowledge outside of this provided data. Base your entire analysis on the information given.

Provide your final answer directly and concisely. Output must be the human-readable value, not an option code.

Rules:
- For MCQ fields, map any letter codes in the Responses (case-insensitive) to the corresponding option text from the Questions schema, and output only that text. Do NOT include the letter or both.
  Example: If the schema is ""[MCQ: A. Abnormal B. Inconclusive C. Normal]"" and the response is ""a"", output ""Abnormal"".
- For open-ended fields, output the exact text value.
- If the question asks for a count, provide only the number (e.g., ""42"").
- If the question asks for a list of names or IDs, provide a simple comma-separated list (e.g., ""17, 21, 23"").
- Preserve capitalization exactly as in the schema (e.g., output ""Abnormal"", not ""abnormal"" or ""A"").

What is the loneliness level for respondent 140?",,
case_8,answer_lookup,"For respondent 72, what is the value for 'On Top of Things' in the 'Emotional Regulation Frequency' category?","@prefix : <http://example.org/survey#> .
@prefix pred: <http://example.org/predicate#> .
@prefix qg: <http://example.org/question_group#> .

# Questions
:QYear_of_birth pred:Text ""What is your date of birth? [Open-ended]"" .
:QGender pred:Text ""What is your gender? [MCQ: 1. Male 2. Female]"" .
:QSocio_economic_status pred:Text ""What is the socio-economic status of your home? [Likert 1–6: 1 = Very low, 6 = Very high]"" .
:QEthnic_identity pred:Text ""According to your culture, people, or physical features, you are or are recognized as: [MCQ: 1. Indigenous 2. Gypsy 3. Raizal from San Andres, Providencia and Santa Catalina Archipelago 4. Palenquero from San Basilio 5. Black, mulatto (Afro-descendant), Afro-Colombian 6. None of the above]"" .

:QGParental_Education pred:BaseQuestion ""How many years of education did your parents receive? [Open-ended]"" ;
    qg:hasSubQuestion :QParental_Education_Father, :QParental_Education_Mother .
:QParental_Education_Father pred:Text ""Father?"" .
:QParental_Education_Mother pred:Text ""Mother?"" .

:QLife_satisfaction pred:Text ""In general, how satisfied are you with all aspects of your life? [Likert 0–10: 0 = Not satisfied, 10 = Totally satisfied]"" .
:QHappiness pred:Text ""How happy did you feel yesterday? [Likert 0–10: 0 = At no time, 10 = All the time]"" .
:QLaughter pred:Text ""How much did you laugh yesterday? [Likert 0–10: 0 = At no time, 10 = All the time]"" .
:QLearning pred:Text ""Did you learn new or exciting things yesterday? [Likert 0–10: 0 = At no time, 10 = All the time]"" .
:QEnjoyment pred:Text ""How much did you enjoy the activities you did yesterday? [Likert 0–10: 0 = At no time, 10 = All the time]"" .
:QWorry pred:Text ""How worried did you feel yesterday? [Likert 0–10: 0 = At no time, 10 = All the time]"" .
:QDepression pred:Text ""How depressed did you feel yesterday? [Likert 0–10: 0 = At no time, 10 = All the time]"" .
:QAnger pred:Text ""How angry did you feel yesterday? [Likert 0–10: 0 = At no time, 10 = All the time]"" .
:QStress pred:Text ""How much stress did you feel yesterday? [Likert 0–10: 0 = At no time, 10 = All the time]"" .
:QLoneliness pred:Text ""How lonely or unsupported did you feel yesterday? [Likert 0–10: 0 = At no time, 10 = All the time]"" .

:QGEmotional_Regulation_Frequency pred:BaseQuestion ""Next, you will be asked questions about your emotional state. Please answer on a scale of 0 to 4, where 0 is never, 1 is 'almost never', 2 is 'sometimes', 3 is 'fairly often', and 4 is 'very often', how often you experienced the following feelings during the last month: [Likert 0–4]"" ;
    qg:hasSubQuestion :QEmotional_Regulation_Frequency_Upset_by_Unexpected_Events,
                      :QEmotional_Regulation_Frequency_Unable_to_Control_Important_Things,
                      :QEmotional_Regulation_Frequency_Nervous_and_Stressed,
                      :QEmotional_Regulation_Frequency_Lacked_Confidence_Handling_Problems,
                      :QEmotional_Regulation_Frequency_Things_Going_Your_Way,
                      :QEmotional_Regulation_Frequency_Unable_to_Cope,
                      :QEmotional_Regulation_Frequency_Irritated_by_Life,
                      :QEmotional_Regulation_Frequency_On_Top_of_Things,
                      :QEmotional_Regulation_Frequency_Angered_by_Uncontrollable_Events,
                      :QEmotional_Regulation_Frequency_Felt_Overwhelmed .

:QEmotional_Regulation_Frequency_Upset_by_Unexpected_Events pred:Text ""how often have you been upset because of something that happened unexpectedly?"" .
:QEmotional_Regulation_Frequency_Unable_to_Control_Important_Things pred:Text ""how often have you felt that you were unable to control the important things in your life?"" .
:QEmotional_Regulation_Frequency_Nervous_and_Stressed pred:Text ""how often have you felt nervous and stressed?"" .
:QEmotional_Regulation_Frequency_Lacked_Confidence_Handling_Problems pred:Text ""how often have you felt confident about your ability to handle your personal problems?"" .
:QEmotional_Regulation_Frequency_Things_Going_Your_Way pred:Text ""how often have you felt that things were going your way?"" .
:QEmotional_Regulation_Frequency_Unable_to_Cope pred:Text ""how often have you found that you could not cope with all the things that you had to do?"" .
:QEmotional_Regulation_Frequency_Irritated_by_Life pred:Text ""how often have you been able to control irritations in your life?"" .
:QEmotional_Regulation_Frequency_On_Top_of_Things pred:Text ""how often have you felt that you were on top of things?"" .
:QEmotional_Regulation_Frequency_Angered_by_Uncontrollable_Events pred:Text ""how often have you been angered because of things that happened that were outside of your control?"" .
:QEmotional_Regulation_Frequency_Felt_Overwhelmed pred:Text ""how often have you felt difficulties were piling up so high that you could not overcome them?"" .

:QGAnxiety_Symptoms_Frequency pred:BaseQuestion ""Next, you will be asked questions about your emotional state. Please answer on a scale of 0 to 3, where 0 is 'Not at all', 1 is 'several days', 2 is 'more than half of the days', and 3 is 'Nearly every day'. Over the last two weeks, how often have you been bothered by the following problems? [Likert 0–3]"" ;
    qg:hasSubQuestion :QAnxiety_Symptoms_Frequency_Feeling_Nervous_or_On_Edge,
                      :QAnxiety_Symptoms_Frequency_Uncontrollable_Worrying,
                      :QAnxiety_Symptoms_Frequency_Excessive_Worry,
                      :QAnxiety_Symptoms_Frequency_Trouble_Relaxing,
                      :QAnxiety_Symptoms_Frequency_Restlessness,
                      :QAnxiety_Symptoms_Frequency_Irritability,
                      :QAnxiety_Symptoms_Frequency_Fear_Something_Awful_Might_Happen .

:QAnxiety_Symptoms_Frequency_Feeling_Nervous_or_On_Edge pred:Text ""Feeling nervous, anxious, or on edge"" .
:QAnxiety_Symptoms_Frequency_Uncontrollable_Worrying pred:Text ""Not being able to stop or control worrying"" .
:QAnxiety_Symptoms_Frequency_Excessive_Worry pred:Text ""Worrying too much about different things"" .
:QAnxiety_Symptoms_Frequency_Trouble_Relaxing pred:Text ""Trouble relaxing"" .
:QAnxiety_Symptoms_Frequency_Restlessness pred:Text ""Being so restless that it is hard to sit still"" .
:QAnxiety_Symptoms_Frequency_Irritability pred:Text ""Becoming easily annoyed or irritable"" .
:QAnxiety_Symptoms_Frequency_Fear_Something_Awful_Might_Happen pred:Text ""Feeling afraid, as if something awful might happen"" .

:QGDepressive_Symptoms_Frequency pred:BaseQuestion ""Next, you will be asked questions about your emotional state. Please answer on a scale of 0 to 3, where 0 is 'Not at all', 1 is 'several days', 2 is 'more than half of the days', and 3 is 'Nearly every day'. Over the last two weeks, how often have you been bothered by the following problems?"" ;
    qg:hasSubQuestion :QDepressive_Symptoms_Frequency_Anhedonia,
                      :QDepressive_Symptoms_Frequency_Depressed_Mood,
                      :QDepressive_Symptoms_Frequency_Sleep_Problems,
                      :QDepressive_Symptoms_Frequency_Fatigue,
                      :QDepressive_Symptoms_Frequency_Appetite_Changes,
                      :QDepressive_Symptoms_Frequency_Feelings_of_Worthlessness,
                      :QDepressive_Symptoms_Frequency_Concentration_Difficulties,
                      :QDepressive_Symptoms_Frequency_Psychomotor_Changes,
                      :QDepressive_Symptoms_Frequency_Suicidal_Thoughts .

:QDepressive_Symptoms_Frequency_Anhedonia pred:Text ""Little interest or pleasure in doing things"" .
:QDepressive_Symptoms_Frequency_Depressed_Mood pred:Text ""Feeling down, depressed, or hopeless"" .
:QDepressive_Symptoms_Frequency_Sleep_Problems pred:Text ""Trouble falling or staying asleep, or sleeping too much"" .
:QDepressive_Symptoms_Frequency_Fatigue pred:Text ""Feeling tired or having little energy"" .
:QDepressive_Symptoms_Frequency_Appetite_Changes pred:Text ""Poor appetite or overeating"" .
:QDepressive_Symptoms_Frequency_Feelings_of_Worthlessness pred:Text ""Feeling bad about yourself or that you are a failure or have let yourself or your family down"" .
:QDepressive_Symptoms_Frequency_Concentration_Difficulties pred:Text ""Trouble concentrating on things, such as reading the newspaper or watching television"" .
:QDepressive_Symptoms_Frequency_Psychomotor_Changes pred:Text ""Moving or speaking so slowly that other people could have noticed. Or the opposite — being so fidgety or restless that you have been moving around a lot more than usual"" .
:QDepressive_Symptoms_Frequency_Suicidal_Thoughts pred:Text ""Thoughts that you would be better off dead, or of hurting yourself"" .

# Responses
:Respondent82 pred:Year_of_birth 2003.0 ;
     pred:Gender 1.0 ;
     pred:Socio_economic_status 3.0 ;
     pred:Ethnic_identity 5.0 .

:Respondent82_Parental_Education
                       pred:Father 17.0 ;
                       pred:Mother 17.0 .
:Respondent82 pred:hasGroupResponse :Respondent82_Parental_Education .

:Respondent82 pred:Life_satisfaction 8.0 ;
     pred:Happiness 9.0 ;
     pred:Laughter 7.0 ;
     pred:Learning 5.0 ;
     pred:Enjoyment 6.0 ;
     pred:Worry 3.0 ;
     pred:Depression 1.0 ;
     pred:Anger 4.0 ;
     pred:Stress 3.0 ;
     pred:Loneliness 4.0 .

:Respondent82_Emotional_Regulation_Frequency
                                   pred:Upset_by_Unexpected_Events 2.0 ;
                                   pred:Unable_to_Control_Important_Things 2.0 ;
                                   pred:Lacked_Confidence_Handling_Problems 3.0 ;
                                   pred:Unable_to_Cope 2.0 ;
                                   pred:Irritated_by_Life 3.0 ;
                                   pred:On_Top_of_Things 3.0 .
:Respondent82 pred:hasGroupResponse :Respondent82_Emotional_Regulation_Frequency .

:Respondent82_Anxiety_Symptoms_Frequency
                               pred:Feeling_Nervous_or_On_Edge 1.0 ;
                               pred:Trouble_Relaxing 2.0 ;
                               pred:Restlessness 0.0 ;
                               pred:Irritability 1.0 ;
                               pred:Fear_Something_Awful_Might_Happen 1.0 .
:Respondent82 pred:hasGroupResponse :Respondent82_Anxiety_Symptoms_Frequency .

:Respondent82_Depressive_Symptoms_Frequency
                                  pred:Anhedonia 1.0 ;
                                  pred:Sleep_Problems 0.0 ;
                                  pred:Fatigue 1.0 ;
                                  pred:Appetite_Changes 1.0 ;
                                  pred:Feelings_of_Worthlessness 1.0 ;
                                  pred:Concentration_Difficulties 1.0 ;
                                  pred:Suicidal_Thoughts 0.0 .
:Respondent82 pred:hasGroupResponse :Respondent82_Depressive_Symptoms_Frequency .

:Respondent55 pred:Year_of_birth 2002.0 ;
     pred:Gender 2.0 ;
     pred:Socio_economic_status 2.0 ;
     pred:Ethnic_identity 6.0 .

:Respondent55_Parental_Education
                       pred:Father 4.0 ;
                       pred:Mother 15.0 .
:Respondent55 pred:hasGroupResponse :Respondent55_Parental_Education .

:Respondent55 pred:Life_satisfaction 6.0 ;
     pred:Happiness 6.0 ;
     pred:Laughter 7.0 ;
     pred:Learning 9.0 ;
     pred:Enjoyment 5.0 ;
     pred:Worry 3.0 ;
     pred:Depression 3.0 ;
     pred:Anger 2.0 ;
     pred:Stress 4.0 ;
     pred:Loneliness 6.0 .

:Respondent55_Emotional_Regulation_Frequency
                                   pred:Upset_by_Unexpected_Events 2.0 ;
                                   pred:Unable_to_Control_Important_Things 4.0 ;
                                   pred:Lacked_Confidence_Handling_Problems 2.0 ;
                                   pred:Unable_to_Cope 3.0 ;
                                   pred:Irritated_by_Life 2.0 ;
                                   pred:On_Top_of_Things 1.0 .
:Respondent55 pred:hasGroupResponse :Respondent55_Emotional_Regulation_Frequency .

:Respondent55_Anxiety_Symptoms_Frequency
                               pred:Feeling_Nervous_or_On_Edge 3.0 ;
                               pred:Trouble_Relaxing 3.0 ;
                               pred:Restlessness 0.0 ;
                               pred:Irritability 3.0 ;
                               pred:Fear_Something_Awful_Might_Happen 3.0 .
:Respondent55 pred:hasGroupResponse :Respondent55_Anxiety_Symptoms_Frequency .

:Respondent55_Depressive_Symptoms_Frequency
                                  pred:Anhedonia 2.0 ;
                                  pred:Sleep_Problems 0.0 ;
                                  pred:Fatigue 3.0 ;
                                  pred:Appetite_Changes 3.0 ;
                                  pred:Feelings_of_Worthlessness 3.0 ;
                                  pred:Concentration_Difficulties 1.0 ;
                                  pred:Suicidal_Thoughts 3.0 .
:Respondent55 pred:hasGroupResponse :Respondent55_Depressive_Symptoms_Frequency .

:Respondent72 pred:Year_of_birth 2002.0 ;
     pred:Gender 1.0 ;
     pred:Socio_economic_status 3.0 ;
     pred:Ethnic_identity 6.0 .

:Respondent72 pred:Life_satisfaction 6.0 ;
     pred:Happiness 6.0 ;
     pred:Laughter 7.0 ;
     pred:Learning 4.0 ;
     pred:Enjoyment 5.0 ;
     pred:Worry 1.0 ;
     pred:Depression 0.0 ;
     pred:Anger 0.0 ;
     pred:Stress 1.0 ;
     pred:Loneliness 0.0 .

:Respondent72_Emotional_Regulation_Frequency
                                   pred:Upset_by_Unexpected_Events 2.0 ;
                                   pred:Unable_to_Control_Important_Things 2.0 ;
                                   pred:Lacked_Confidence_Handling_Problems 3.0 ;
                                   pred:Unable_to_Cope 2.0 ;
                                   pred:Irritated_by_Life 3.0 ;
                                   pred:On_Top_of_Things 2.0 .
:Respondent72 pred:hasGroupResponse :Respondent72_Emotional_Regulation_Frequency .

:Respondent72_Anxiety_Symptoms_Frequency
                               pred:Feeling_Nervous_or_On_Edge 1.0 ;
                               pred:Trouble_Relaxing 1.0 ;
                               pred:Restlessness 0.0 ;
                               pred:Irritability 0.0 ;
                               pred:Fear_Something_Awful_Might_Happen 0.0 .
:Respondent72 pred:hasGroupResponse :Respondent72_Anxiety_Symptoms_Frequency .

:Respondent72_Depressive_Symptoms_Frequency
                                  pred:Anhedonia 1.0 ;
                                  pred:Sleep_Problems 1.0 ;
                                  pred:Fatigue 1.0 ;
                                  pred:Appetite_Changes 0.0 ;
                                  pred:Feelings_of_Worthlessness 0.0 ;
                                  pred:Concentration_Difficulties 1.0 ;
                                  pred:Suicidal_Thoughts 0.0 .
:Respondent72 pred:hasGroupResponse :Respondent72_Depressive_Symptoms_Frequency .
",2.0,"For respondent 129, what is the value for 'Appetite Changes' in the 'Depressive Symptoms Frequency' category?

DATA:

@prefix : <http://example.org/survey#> .
@prefix pred: <http://example.org/predicate#> .
@prefix qg: <http://example.org/question_group#> .

# Questions
:QYear_of_birth pred:Text ""What is your date of birth? [Open-ended]"" .
:QGender pred:Text ""What is your gender? [MCQ: 1. Male 2. Female]"" .
:QSocio_economic_status pred:Text ""What is the socio-economic status of your home? [Likert 1–6: 1 = Very low, 6 = Very high]"" .
:QEthnic_identity pred:Text ""According to your culture, people, or physical features, you are or are recognized as: [MCQ: 1. Indigenous 2. Gypsy 3. Raizal from San Andres, Providencia and Santa Catalina Archipelago 4. Palenquero from San Basilio 5. Black, mulatto (Afro-descendant), Afro-Colombian 6. None of the above]"" .

:QGParental_Education pred:BaseQuestion ""How many years of education did your parents receive? [Open-ended]"" ;
    qg:hasSubQuestion :QParental_Education_Father, :QParental_Education_Mother .
:QParental_Education_Father pred:Text ""Father?"" .
:QParental_Education_Mother pred:Text ""Mother?"" .

:QLife_satisfaction pred:Text ""In general, how satisfied are you with all aspects of your life? [Likert 0–10: 0 = Not satisfied, 10 = Totally satisfied]"" .
:QHappiness pred:Text ""How happy did you feel yesterday? [Likert 0–10: 0 = At no time, 10 = All the time]"" .
:QLaughter pred:Text ""How much did you laugh yesterday? [Likert 0–10: 0 = At no time, 10 = All the time]"" .
:QLearning pred:Text ""Did you learn new or exciting things yesterday? [Likert 0–10: 0 = At no time, 10 = All the time]"" .
:QEnjoyment pred:Text ""How much did you enjoy the activities you did yesterday? [Likert 0–10: 0 = At no time, 10 = All the time]"" .
:QWorry pred:Text ""How worried did you feel yesterday? [Likert 0–10: 0 = At no time, 10 = All the time]"" .
:QDepression pred:Text ""How depressed did you feel yesterday? [Likert 0–10: 0 = At no time, 10 = All the time]"" .
:QAnger pred:Text ""How angry did you feel yesterday? [Likert 0–10: 0 = At no time, 10 = All the time]"" .
:QStress pred:Text ""How much stress did you feel yesterday? [Likert 0–10: 0 = At no time, 10 = All the time]"" .
:QLoneliness pred:Text ""How lonely or unsupported did you feel yesterday? [Likert 0–10: 0 = At no time, 10 = All the time]"" .

:QGEmotional_Regulation_Frequency pred:BaseQuestion ""Next, you will be asked questions about your emotional state. Please answer on a scale of 0 to 4, where 0 is never, 1 is 'almost never', 2 is 'sometimes', 3 is 'fairly often', and 4 is 'very often', how often you experienced the following feelings during the last month: [Likert 0–4]"" ;
    qg:hasSubQuestion :QEmotional_Regulation_Frequency_Upset_by_Unexpected_Events,
                      :QEmotional_Regulation_Frequency_Unable_to_Control_Important_Things,
                      :QEmotional_Regulation_Frequency_Nervous_and_Stressed,
                      :QEmotional_Regulation_Frequency_Lacked_Confidence_Handling_Problems,
                      :QEmotional_Regulation_Frequency_Things_Going_Your_Way,
                      :QEmotional_Regulation_Frequency_Unable_to_Cope,
                      :QEmotional_Regulation_Frequency_Irritated_by_Life,
                      :QEmotional_Regulation_Frequency_On_Top_of_Things,
                      :QEmotional_Regulation_Frequency_Angered_by_Uncontrollable_Events,
                      :QEmotional_Regulation_Frequency_Felt_Overwhelmed .

:QEmotional_Regulation_Frequency_Upset_by_Unexpected_Events pred:Text ""how often have you been upset because of something that happened unexpectedly?"" .
:QEmotional_Regulation_Frequency_Unable_to_Control_Important_Things pred:Text ""how often have you felt that you were unable to control the important things in your life?"" .
:QEmotional_Regulation_Frequency_Nervous_and_Stressed pred:Text ""how often have you felt nervous and stressed?"" .
:QEmotional_Regulation_Frequency_Lacked_Confidence_Handling_Problems pred:Text ""how often have you felt confident about your ability to handle your personal problems?"" .
:QEmotional_Regulation_Frequency_Things_Going_Your_Way pred:Text ""how often have you felt that things were going your way?"" .
:QEmotional_Regulation_Frequency_Unable_to_Cope pred:Text ""how often have you found that you could not cope with all the things that you had to do?"" .
:QEmotional_Regulation_Frequency_Irritated_by_Life pred:Text ""how often have you been able to control irritations in your life?"" .
:QEmotional_Regulation_Frequency_On_Top_of_Things pred:Text ""how often have you felt that you were on top of things?"" .
:QEmotional_Regulation_Frequency_Angered_by_Uncontrollable_Events pred:Text ""how often have you been angered because of things that happened that were outside of your control?"" .
:QEmotional_Regulation_Frequency_Felt_Overwhelmed pred:Text ""how often have you felt difficulties were piling up so high that you could not overcome them?"" .

:QGAnxiety_Symptoms_Frequency pred:BaseQuestion ""Next, you will be asked questions about your emotional state. Please answer on a scale of 0 to 3, where 0 is 'Not at all', 1 is 'several days', 2 is 'more than half of the days', and 3 is 'Nearly every day'. Over the last two weeks, how often have you been bothered by the following problems? [Likert 0–3]"" ;
    qg:hasSubQuestion :QAnxiety_Symptoms_Frequency_Feeling_Nervous_or_On_Edge,
                      :QAnxiety_Symptoms_Frequency_Uncontrollable_Worrying,
                      :QAnxiety_Symptoms_Frequency_Excessive_Worry,
                      :QAnxiety_Symptoms_Frequency_Trouble_Relaxing,
                      :QAnxiety_Symptoms_Frequency_Restlessness,
                      :QAnxiety_Symptoms_Frequency_Irritability,
                      :QAnxiety_Symptoms_Frequency_Fear_Something_Awful_Might_Happen .

:QAnxiety_Symptoms_Frequency_Feeling_Nervous_or_On_Edge pred:Text ""Feeling nervous, anxious, or on edge"" .
:QAnxiety_Symptoms_Frequency_Uncontrollable_Worrying pred:Text ""Not being able to stop or control worrying"" .
:QAnxiety_Symptoms_Frequency_Excessive_Worry pred:Text ""Worrying too much about different things"" .
:QAnxiety_Symptoms_Frequency_Trouble_Relaxing pred:Text ""Trouble relaxing"" .
:QAnxiety_Symptoms_Frequency_Restlessness pred:Text ""Being so restless that it is hard to sit still"" .
:QAnxiety_Symptoms_Frequency_Irritability pred:Text ""Becoming easily annoyed or irritable"" .
:QAnxiety_Symptoms_Frequency_Fear_Something_Awful_Might_Happen pred:Text ""Feeling afraid, as if something awful might happen"" .

:QGDepressive_Symptoms_Frequency pred:BaseQuestion ""Next, you will be asked questions about your emotional state. Please answer on a scale of 0 to 3, where 0 is 'Not at all', 1 is 'several days', 2 is 'more than half of the days', and 3 is 'Nearly every day'. Over the last two weeks, how often have you been bothered by the following problems?"" ;
    qg:hasSubQuestion :QDepressive_Symptoms_Frequency_Anhedonia,
                      :QDepressive_Symptoms_Frequency_Depressed_Mood,
                      :QDepressive_Symptoms_Frequency_Sleep_Problems,
                      :QDepressive_Symptoms_Frequency_Fatigue,
                      :QDepressive_Symptoms_Frequency_Appetite_Changes,
                      :QDepressive_Symptoms_Frequency_Feelings_of_Worthlessness,
                      :QDepressive_Symptoms_Frequency_Concentration_Difficulties,
                      :QDepressive_Symptoms_Frequency_Psychomotor_Changes,
                      :QDepressive_Symptoms_Frequency_Suicidal_Thoughts .

:QDepressive_Symptoms_Frequency_Anhedonia pred:Text ""Little interest or pleasure in doing things"" .
:QDepressive_Symptoms_Frequency_Depressed_Mood pred:Text ""Feeling down, depressed, or hopeless"" .
:QDepressive_Symptoms_Frequency_Sleep_Problems pred:Text ""Trouble falling or staying asleep, or sleeping too much"" .
:QDepressive_Symptoms_Frequency_Fatigue pred:Text ""Feeling tired or having little energy"" .
:QDepressive_Symptoms_Frequency_Appetite_Changes pred:Text ""Poor appetite or overeating"" .
:QDepressive_Symptoms_Frequency_Feelings_of_Worthlessness pred:Text ""Feeling bad about yourself or that you are a failure or have let yourself or your family down"" .
:QDepressive_Symptoms_Frequency_Concentration_Difficulties pred:Text ""Trouble concentrating on things, such as reading the newspaper or watching television"" .
:QDepressive_Symptoms_Frequency_Psychomotor_Changes pred:Text ""Moving or speaking so slowly that other people could have noticed. Or the opposite — being so fidgety or restless that you have been moving around a lot more than usual"" .
:QDepressive_Symptoms_Frequency_Suicidal_Thoughts pred:Text ""Thoughts that you would be better off dead, or of hurting yourself"" .

# Responses
:Respondent73 pred:Year_of_birth 2005.0 ;
     pred:Gender 2.0 ;
     pred:Socio_economic_status 2.0 ;
     pred:Ethnic_identity 6.0 .

:Respondent73_Parental_Education
                       pred:Father 25.0 ;
                       pred:Mother 15.0 .
:Respondent73 pred:hasGroupResponse :Respondent73_Parental_Education .

:Respondent73 pred:Life_satisfaction 8.0 ;
     pred:Happiness 5.0 ;
     pred:Laughter 4.0 ;
     pred:Learning 5.0 ;
     pred:Enjoyment 5.0 ;
     pred:Worry 2.0 ;
     pred:Depression 1.0 ;
     pred:Anger 2.0 ;
     pred:Stress 4.0 ;
     pred:Loneliness 6.0 .

:Respondent73_Emotional_Regulation_Frequency
                                   pred:Upset_by_Unexpected_Events 2.0 ;
                                   pred:Unable_to_Control_Important_Things 2.0 ;
                                   pred:Lacked_Confidence_Handling_Problems 2.0 ;
                                   pred:Unable_to_Cope 2.0 ;
                                   pred:Irritated_by_Life 2.0 ;
                                   pred:On_Top_of_Things 2.0 .
:Respondent73 pred:hasGroupResponse :Respondent73_Emotional_Regulation_Frequency .

:Respondent73_Anxiety_Symptoms_Frequency
                               pred:Feeling_Nervous_or_On_Edge 2.0 ;
                               pred:Trouble_Relaxing 1.0 ;
                               pred:Restlessness 1.0 ;
                               pred:Irritability 2.0 ;
                               pred:Fear_Something_Awful_Might_Happen 2.0 .
:Respondent73 pred:hasGroupResponse :Respondent73_Anxiety_Symptoms_Frequency .

:Respondent73_Depressive_Symptoms_Frequency
                                  pred:Anhedonia 1.0 ;
                                  pred:Sleep_Problems 2.0 ;
                                  pred:Fatigue 1.0 ;
                                  pred:Appetite_Changes 1.0 ;
                                  pred:Feelings_of_Worthlessness 1.0 ;
                                  pred:Concentration_Difficulties 1.0 ;
                                  pred:Suicidal_Thoughts 0.0 .
:Respondent73 pred:hasGroupResponse :Respondent73_Depressive_Symptoms_Frequency .

:Respondent85 pred:Year_of_birth 2004.0 ;
     pred:Gender 2.0 ;
     pred:Socio_economic_status 3.0 ;
     pred:Ethnic_identity 6.0 .

:Respondent85_Parental_Education
                       pred:Father 18.0 .
:Respondent85 pred:hasGroupResponse :Respondent85_Parental_Education .

:Respondent85 pred:Life_satisfaction 5.0 ;
     pred:Happiness 6.0 ;
     pred:Laughter 6.0 ;
     pred:Learning 8.0 ;
     pred:Enjoyment 5.0 ;
     pred:Worry 1.0 ;
     pred:Depression 1.0 ;
     pred:Anger 2.0 ;
     pred:Stress 4.0 ;
     pred:Loneliness 1.0 .

:Respondent85_Emotional_Regulation_Frequency
                                   pred:Upset_by_Unexpected_Events 2.0 ;
                                   pred:Unable_to_Control_Important_Things 3.0 ;
                                   pred:Lacked_Confidence_Handling_Problems 2.0 ;
                                   pred:Unable_to_Cope 3.0 ;
                                   pred:Irritated_by_Life 3.0 ;
                                   pred:On_Top_of_Things 2.0 .
:Respondent85 pred:hasGroupResponse :Respondent85_Emotional_Regulation_Frequency .

:Respondent85_Anxiety_Symptoms_Frequency
                               pred:Feeling_Nervous_or_On_Edge 1.0 ;
                               pred:Trouble_Relaxing 1.0 ;
                               pred:Restlessness 0.0 ;
                               pred:Irritability 1.0 ;
                               pred:Fear_Something_Awful_Might_Happen 1.0 .
:Respondent85 pred:hasGroupResponse :Respondent85_Anxiety_Symptoms_Frequency .

:Respondent85_Depressive_Symptoms_Frequency
                                  pred:Anhedonia 2.0 ;
                                  pred:Sleep_Problems 2.0 ;
                                  pred:Fatigue 3.0 ;
                                  pred:Appetite_Changes 3.0 ;
                                  pred:Feelings_of_Worthlessness 1.0 ;
                                  pred:Concentration_Difficulties 1.0 ;
                                  pred:Suicidal_Thoughts 0.0 .
:Respondent85 pred:hasGroupResponse :Respondent85_Depressive_Symptoms_Frequency .

:Respondent129 pred:Year_of_birth 2001.0 ;
     pred:Gender 2.0 ;
     pred:Socio_economic_status 3.0 ;
     pred:Ethnic_identity 6.0 .

:Respondent129_Parental_Education
                       pred:Father 13.0 ;
                       pred:Mother 13.0 .
:Respondent129 pred:hasGroupResponse :Respondent129_Parental_Education .

:Respondent129 pred:Life_satisfaction 8.0 ;
     pred:Happiness 9.0 ;
     pred:Laughter 6.0 ;
     pred:Learning 5.0 ;
     pred:Enjoyment 6.0 ;
     pred:Worry 1.0 ;
     pred:Depression 1.0 ;
     pred:Anger 1.0 ;
     pred:Stress 3.0 ;
     pred:Loneliness 0.0 .

:Respondent129_Emotional_Regulation_Frequency
                                   pred:Upset_by_Unexpected_Events 1.0 ;
                                   pred:Unable_to_Control_Important_Things 1.0 ;
                                   pred:Lacked_Confidence_Handling_Problems 3.0 ;
                                   pred:Unable_to_Cope 2.0 ;
                                   pred:Irritated_by_Life 3.0 ;
                                   pred:On_Top_of_Things 2.0 .
:Respondent129 pred:hasGroupResponse :Respondent129_Emotional_Regulation_Frequency .

:Respondent129_Anxiety_Symptoms_Frequency
                               pred:Feeling_Nervous_or_On_Edge 1.0 ;
                               pred:Trouble_Relaxing 1.0 ;
                               pred:Restlessness 0.0 ;
                               pred:Irritability 0.0 ;
                               pred:Fear_Something_Awful_Might_Happen 0.0 .
:Respondent129 pred:hasGroupResponse :Respondent129_Anxiety_Symptoms_Frequency .

:Respondent129_Depressive_Symptoms_Frequency
                                  pred:Anhedonia 1.0 ;
                                  pred:Sleep_Problems 1.0 ;
                                  pred:Fatigue 2.0 ;
                                  pred:Appetite_Changes 2.0 ;
                                  pred:Feelings_of_Worthlessness 0.0 ;
                                  pred:Concentration_Difficulties 2.0 ;
                                  pred:Suicidal_Thoughts 0.0 .
:Respondent129 pred:hasGroupResponse :Respondent129_Depressive_Symptoms_Frequency .

Answer: 2.0

@prefix : <http://example.org/survey#> .
@prefix pred: <http://example.org/predicate#> .
@prefix qg: <http://example.org/question_group#> .

# Questions
:QYear_of_birth pred:Text ""What is your date of birth? [Open-ended]"" .
:QGender pred:Text ""What is your gender? [MCQ: 1. Male 2. Female]"" .
:QSocio_economic_status pred:Text ""What is the socio-economic status of your home? [Likert 1–6: 1 = Very low, 6 = Very high]"" .
:QEthnic_identity pred:Text ""According to your culture, people, or physical features, you are or are recognized as: [MCQ: 1. Indigenous 2. Gypsy 3. Raizal from San Andres, Providencia and Santa Catalina Archipelago 4. Palenquero from San Basilio 5. Black, mulatto (Afro-descendant), Afro-Colombian 6. None of the above]"" .

:QGParental_Education pred:BaseQuestion ""How many years of education did your parents receive? [Open-ended]"" ;
    qg:hasSubQuestion :QParental_Education_Father, :QParental_Education_Mother .
:QParental_Education_Father pred:Text ""Father?"" .
:QParental_Education_Mother pred:Text ""Mother?"" .

:QLife_satisfaction pred:Text ""In general, how satisfied are you with all aspects of your life? [Likert 0–10: 0 = Not satisfied, 10 = Totally satisfied]"" .
:QHappiness pred:Text ""How happy did you feel yesterday? [Likert 0–10: 0 = At no time, 10 = All the time]"" .
:QLaughter pred:Text ""How much did you laugh yesterday? [Likert 0–10: 0 = At no time, 10 = All the time]"" .
:QLearning pred:Text ""Did you learn new or exciting things yesterday? [Likert 0–10: 0 = At no time, 10 = All the time]"" .
:QEnjoyment pred:Text ""How much did you enjoy the activities you did yesterday? [Likert 0–10: 0 = At no time, 10 = All the time]"" .
:QWorry pred:Text ""How worried did you feel yesterday? [Likert 0–10: 0 = At no time, 10 = All the time]"" .
:QDepression pred:Text ""How depressed did you feel yesterday? [Likert 0–10: 0 = At no time, 10 = All the time]"" .
:QAnger pred:Text ""How angry did you feel yesterday? [Likert 0–10: 0 = At no time, 10 = All the time]"" .
:QStress pred:Text ""How much stress did you feel yesterday? [Likert 0–10: 0 = At no time, 10 = All the time]"" .
:QLoneliness pred:Text ""How lonely or unsupported did you feel yesterday? [Likert 0–10: 0 = At no time, 10 = All the time]"" .

:QGEmotional_Regulation_Frequency pred:BaseQuestion ""Next, you will be asked questions about your emotional state. Please answer on a scale of 0 to 4, where 0 is never, 1 is 'almost never', 2 is 'sometimes', 3 is 'fairly often', and 4 is 'very often', how often you experienced the following feelings during the last month: [Likert 0–4]"" ;
    qg:hasSubQuestion :QEmotional_Regulation_Frequency_Upset_by_Unexpected_Events,
                      :QEmotional_Regulation_Frequency_Unable_to_Control_Important_Things,
                      :QEmotional_Regulation_Frequency_Nervous_and_Stressed,
                      :QEmotional_Regulation_Frequency_Lacked_Confidence_Handling_Problems,
                      :QEmotional_Regulation_Frequency_Things_Going_Your_Way,
                      :QEmotional_Regulation_Frequency_Unable_to_Cope,
                      :QEmotional_Regulation_Frequency_Irritated_by_Life,
                      :QEmotional_Regulation_Frequency_On_Top_of_Things,
                      :QEmotional_Regulation_Frequency_Angered_by_Uncontrollable_Events,
                      :QEmotional_Regulation_Frequency_Felt_Overwhelmed .

:QEmotional_Regulation_Frequency_Upset_by_Unexpected_Events pred:Text ""how often have you been upset because of something that happened unexpectedly?"" .
:QEmotional_Regulation_Frequency_Unable_to_Control_Important_Things pred:Text ""how often have you felt that you were unable to control the important things in your life?"" .
:QEmotional_Regulation_Frequency_Nervous_and_Stressed pred:Text ""how often have you felt nervous and stressed?"" .
:QEmotional_Regulation_Frequency_Lacked_Confidence_Handling_Problems pred:Text ""how often have you felt confident about your ability to handle your personal problems?"" .
:QEmotional_Regulation_Frequency_Things_Going_Your_Way pred:Text ""how often have you felt that things were going your way?"" .
:QEmotional_Regulation_Frequency_Unable_to_Cope pred:Text ""how often have you found that you could not cope with all the things that you had to do?"" .
:QEmotional_Regulation_Frequency_Irritated_by_Life pred:Text ""how often have you been able to control irritations in your life?"" .
:QEmotional_Regulation_Frequency_On_Top_of_Things pred:Text ""how often have you felt that you were on top of things?"" .
:QEmotional_Regulation_Frequency_Angered_by_Uncontrollable_Events pred:Text ""how often have you been angered because of things that happened that were outside of your control?"" .
:QEmotional_Regulation_Frequency_Felt_Overwhelmed pred:Text ""how often have you felt difficulties were piling up so high that you could not overcome them?"" .

:QGAnxiety_Symptoms_Frequency pred:BaseQuestion ""Next, you will be asked questions about your emotional state. Please answer on a scale of 0 to 3, where 0 is 'Not at all', 1 is 'several days', 2 is 'more than half of the days', and 3 is 'Nearly every day'. Over the last two weeks, how often have you been bothered by the following problems? [Likert 0–3]"" ;
    qg:hasSubQuestion :QAnxiety_Symptoms_Frequency_Feeling_Nervous_or_On_Edge,
                      :QAnxiety_Symptoms_Frequency_Uncontrollable_Worrying,
                      :QAnxiety_Symptoms_Frequency_Excessive_Worry,
                      :QAnxiety_Symptoms_Frequency_Trouble_Relaxing,
                      :QAnxiety_Symptoms_Frequency_Restlessness,
                      :QAnxiety_Symptoms_Frequency_Irritability,
                      :QAnxiety_Symptoms_Frequency_Fear_Something_Awful_Might_Happen .

:QAnxiety_Symptoms_Frequency_Feeling_Nervous_or_On_Edge pred:Text ""Feeling nervous, anxious, or on edge"" .
:QAnxiety_Symptoms_Frequency_Uncontrollable_Worrying pred:Text ""Not being able to stop or control worrying"" .
:QAnxiety_Symptoms_Frequency_Excessive_Worry pred:Text ""Worrying too much about different things"" .
:QAnxiety_Symptoms_Frequency_Trouble_Relaxing pred:Text ""Trouble relaxing"" .
:QAnxiety_Symptoms_Frequency_Restlessness pred:Text ""Being so restless that it is hard to sit still"" .
:QAnxiety_Symptoms_Frequency_Irritability pred:Text ""Becoming easily annoyed or irritable"" .
:QAnxiety_Symptoms_Frequency_Fear_Something_Awful_Might_Happen pred:Text ""Feeling afraid, as if something awful might happen"" .

:QGDepressive_Symptoms_Frequency pred:BaseQuestion ""Next, you will be asked questions about your emotional state. Please answer on a scale of 0 to 3, where 0 is 'Not at all', 1 is 'several days', 2 is 'more than half of the days', and 3 is 'Nearly every day'. Over the last two weeks, how often have you been bothered by the following problems?"" ;
    qg:hasSubQuestion :QDepressive_Symptoms_Frequency_Anhedonia,
                      :QDepressive_Symptoms_Frequency_Depressed_Mood,
                      :QDepressive_Symptoms_Frequency_Sleep_Problems,
                      :QDepressive_Symptoms_Frequency_Fatigue,
                      :QDepressive_Symptoms_Frequency_Appetite_Changes,
                      :QDepressive_Symptoms_Frequency_Feelings_of_Worthlessness,
                      :QDepressive_Symptoms_Frequency_Concentration_Difficulties,
                      :QDepressive_Symptoms_Frequency_Psychomotor_Changes,
                      :QDepressive_Symptoms_Frequency_Suicidal_Thoughts .

:QDepressive_Symptoms_Frequency_Anhedonia pred:Text ""Little interest or pleasure in doing things"" .
:QDepressive_Symptoms_Frequency_Depressed_Mood pred:Text ""Feeling down, depressed, or hopeless"" .
:QDepressive_Symptoms_Frequency_Sleep_Problems pred:Text ""Trouble falling or staying asleep, or sleeping too much"" .
:QDepressive_Symptoms_Frequency_Fatigue pred:Text ""Feeling tired or having little energy"" .
:QDepressive_Symptoms_Frequency_Appetite_Changes pred:Text ""Poor appetite or overeating"" .
:QDepressive_Symptoms_Frequency_Feelings_of_Worthlessness pred:Text ""Feeling bad about yourself or that you are a failure or have let yourself or your family down"" .
:QDepressive_Symptoms_Frequency_Concentration_Difficulties pred:Text ""Trouble concentrating on things, such as reading the newspaper or watching television"" .
:QDepressive_Symptoms_Frequency_Psychomotor_Changes pred:Text ""Moving or speaking so slowly that other people could have noticed. Or the opposite — being so fidgety or restless that you have been moving around a lot more than usual"" .
:QDepressive_Symptoms_Frequency_Suicidal_Thoughts pred:Text ""Thoughts that you would be better off dead, or of hurting yourself"" .

# Responses
:Respondent82 pred:Year_of_birth 2003.0 ;
     pred:Gender 1.0 ;
     pred:Socio_economic_status 3.0 ;
     pred:Ethnic_identity 5.0 .

:Respondent82_Parental_Education
                       pred:Father 17.0 ;
                       pred:Mother 17.0 .
:Respondent82 pred:hasGroupResponse :Respondent82_Parental_Education .

:Respondent82 pred:Life_satisfaction 8.0 ;
     pred:Happiness 9.0 ;
     pred:Laughter 7.0 ;
     pred:Learning 5.0 ;
     pred:Enjoyment 6.0 ;
     pred:Worry 3.0 ;
     pred:Depression 1.0 ;
     pred:Anger 4.0 ;
     pred:Stress 3.0 ;
     pred:Loneliness 4.0 .

:Respondent82_Emotional_Regulation_Frequency
                                   pred:Upset_by_Unexpected_Events 2.0 ;
                                   pred:Unable_to_Control_Important_Things 2.0 ;
                                   pred:Lacked_Confidence_Handling_Problems 3.0 ;
                                   pred:Unable_to_Cope 2.0 ;
                                   pred:Irritated_by_Life 3.0 ;
                                   pred:On_Top_of_Things 3.0 .
:Respondent82 pred:hasGroupResponse :Respondent82_Emotional_Regulation_Frequency .

:Respondent82_Anxiety_Symptoms_Frequency
                               pred:Feeling_Nervous_or_On_Edge 1.0 ;
                               pred:Trouble_Relaxing 2.0 ;
                               pred:Restlessness 0.0 ;
                               pred:Irritability 1.0 ;
                               pred:Fear_Something_Awful_Might_Happen 1.0 .
:Respondent82 pred:hasGroupResponse :Respondent82_Anxiety_Symptoms_Frequency .

:Respondent82_Depressive_Symptoms_Frequency
                                  pred:Anhedonia 1.0 ;
                                  pred:Sleep_Problems 0.0 ;
                                  pred:Fatigue 1.0 ;
                                  pred:Appetite_Changes 1.0 ;
                                  pred:Feelings_of_Worthlessness 1.0 ;
                                  pred:Concentration_Difficulties 1.0 ;
                                  pred:Suicidal_Thoughts 0.0 .
:Respondent82 pred:hasGroupResponse :Respondent82_Depressive_Symptoms_Frequency .

:Respondent55 pred:Year_of_birth 2002.0 ;
     pred:Gender 2.0 ;
     pred:Socio_economic_status 2.0 ;
     pred:Ethnic_identity 6.0 .

:Respondent55_Parental_Education
                       pred:Father 4.0 ;
                       pred:Mother 15.0 .
:Respondent55 pred:hasGroupResponse :Respondent55_Parental_Education .

:Respondent55 pred:Life_satisfaction 6.0 ;
     pred:Happiness 6.0 ;
     pred:Laughter 7.0 ;
     pred:Learning 9.0 ;
     pred:Enjoyment 5.0 ;
     pred:Worry 3.0 ;
     pred:Depression 3.0 ;
     pred:Anger 2.0 ;
     pred:Stress 4.0 ;
     pred:Loneliness 6.0 .

:Respondent55_Emotional_Regulation_Frequency
                                   pred:Upset_by_Unexpected_Events 2.0 ;
                                   pred:Unable_to_Control_Important_Things 4.0 ;
                                   pred:Lacked_Confidence_Handling_Problems 2.0 ;
                                   pred:Unable_to_Cope 3.0 ;
                                   pred:Irritated_by_Life 2.0 ;
                                   pred:On_Top_of_Things 1.0 .
:Respondent55 pred:hasGroupResponse :Respondent55_Emotional_Regulation_Frequency .

:Respondent55_Anxiety_Symptoms_Frequency
                               pred:Feeling_Nervous_or_On_Edge 3.0 ;
                               pred:Trouble_Relaxing 3.0 ;
                               pred:Restlessness 0.0 ;
                               pred:Irritability 3.0 ;
                               pred:Fear_Something_Awful_Might_Happen 3.0 .
:Respondent55 pred:hasGroupResponse :Respondent55_Anxiety_Symptoms_Frequency .

:Respondent55_Depressive_Symptoms_Frequency
                                  pred:Anhedonia 2.0 ;
                                  pred:Sleep_Problems 0.0 ;
                                  pred:Fatigue 3.0 ;
                                  pred:Appetite_Changes 3.0 ;
                                  pred:Feelings_of_Worthlessness 3.0 ;
                                  pred:Concentration_Difficulties 1.0 ;
                                  pred:Suicidal_Thoughts 3.0 .
:Respondent55 pred:hasGroupResponse :Respondent55_Depressive_Symptoms_Frequency .

:Respondent72 pred:Year_of_birth 2002.0 ;
     pred:Gender 1.0 ;
     pred:Socio_economic_status 3.0 ;
     pred:Ethnic_identity 6.0 .

:Respondent72 pred:Life_satisfaction 6.0 ;
     pred:Happiness 6.0 ;
     pred:Laughter 7.0 ;
     pred:Learning 4.0 ;
     pred:Enjoyment 5.0 ;
     pred:Worry 1.0 ;
     pred:Depression 0.0 ;
     pred:Anger 0.0 ;
     pred:Stress 1.0 ;
     pred:Loneliness 0.0 .

:Respondent72_Emotional_Regulation_Frequency
                                   pred:Upset_by_Unexpected_Events 2.0 ;
                                   pred:Unable_to_Control_Important_Things 2.0 ;
                                   pred:Lacked_Confidence_Handling_Problems 3.0 ;
                                   pred:Unable_to_Cope 2.0 ;
                                   pred:Irritated_by_Life 3.0 ;
                                   pred:On_Top_of_Things 2.0 .
:Respondent72 pred:hasGroupResponse :Respondent72_Emotional_Regulation_Frequency .

:Respondent72_Anxiety_Symptoms_Frequency
                               pred:Feeling_Nervous_or_On_Edge 1.0 ;
                               pred:Trouble_Relaxing 1.0 ;
                               pred:Restlessness 0.0 ;
                               pred:Irritability 0.0 ;
                               pred:Fear_Something_Awful_Might_Happen 0.0 .
:Respondent72 pred:hasGroupResponse :Respondent72_Anxiety_Symptoms_Frequency .

:Respondent72_Depressive_Symptoms_Frequency
                                  pred:Anhedonia 1.0 ;
                                  pred:Sleep_Problems 1.0 ;
                                  pred:Fatigue 1.0 ;
                                  pred:Appetite_Changes 0.0 ;
                                  pred:Feelings_of_Worthlessness 0.0 ;
                                  pred:Concentration_Difficulties 1.0 ;
                                  pred:Suicidal_Thoughts 0.0 .
:Respondent72 pred:hasGroupResponse :Respondent72_Depressive_Symptoms_Frequency .

You are a meticulous data analyst AI. Your primary function is to accurately analyze structured data and provide precise, verifiable answers.

You will be given a dataset with two key parts:

A 'questions' section: This is your data dictionary or schema. It is the single source of truth for understanding what each field and score means. Refer to it carefully.

A 'responses' section: This contains the raw data from each individual respondent.

To answer the question correctly, you must first use the 'questions' schema to fully understand the context and meaning of the data points within the 'responses'. Do not rely on any prior knowledge outside of this provided data. Base your entire analysis on the information given.

Provide your final answer directly and concisely. Output must be the human-readable value, not an option code.

Rules:
- For MCQ fields, map any letter codes in the Responses (case-insensitive) to the corresponding option text from the Questions schema, and output only that text. Do NOT include the letter or both.
  Example: If the schema is ""[MCQ: A. Abnormal B. Inconclusive C. Normal]"" and the response is ""a"", output ""Abnormal"".
- For open-ended fields, output the exact text value.
- If the question asks for a count, provide only the number (e.g., ""42"").
- If the question asks for a list of names or IDs, provide a simple comma-separated list (e.g., ""17, 21, 23"").
- Preserve capitalization exactly as in the schema (e.g., output ""Abnormal"", not ""abnormal"" or ""A"").

For respondent 72, what is the value for 'On Top of Things' in the 'Emotional Regulation Frequency' category?",,
case_9,answer_lookup,"For respondent 13, what is the value for 'Lacked Confidence Handling Problems' in the 'Emotional Regulation Frequency' category?","@prefix : <http://example.org/survey#> .
@prefix pred: <http://example.org/predicate#> .
@prefix qg: <http://example.org/question_group#> .

# Questions
:QYear_of_birth pred:Text ""What is your date of birth? [Open-ended]"" .
:QGender pred:Text ""What is your gender? [MCQ: 1. Male 2. Female]"" .
:QSocio_economic_status pred:Text ""What is the socio-economic status of your home? [Likert 1–6: 1 = Very low, 6 = Very high]"" .
:QEthnic_identity pred:Text ""According to your culture, people, or physical features, you are or are recognized as: [MCQ: 1. Indigenous 2. Gypsy 3. Raizal from San Andres, Providencia and Santa Catalina Archipelago 4. Palenquero from San Basilio 5. Black, mulatto (Afro-descendant), Afro-Colombian 6. None of the above]"" .

:QGParental_Education pred:BaseQuestion ""How many years of education did your parents receive? [Open-ended]"" ;
    qg:hasSubQuestion :QParental_Education_Father, :QParental_Education_Mother .
:QParental_Education_Father pred:Text ""Father?"" .
:QParental_Education_Mother pred:Text ""Mother?"" .

:QLife_satisfaction pred:Text ""In general, how satisfied are you with all aspects of your life? [Likert 0–10: 0 = Not satisfied, 10 = Totally satisfied]"" .
:QHappiness pred:Text ""How happy did you feel yesterday? [Likert 0–10: 0 = At no time, 10 = All the time]"" .
:QLaughter pred:Text ""How much did you laugh yesterday? [Likert 0–10: 0 = At no time, 10 = All the time]"" .
:QLearning pred:Text ""Did you learn new or exciting things yesterday? [Likert 0–10: 0 = At no time, 10 = All the time]"" .
:QEnjoyment pred:Text ""How much did you enjoy the activities you did yesterday? [Likert 0–10: 0 = At no time, 10 = All the time]"" .
:QWorry pred:Text ""How worried did you feel yesterday? [Likert 0–10: 0 = At no time, 10 = All the time]"" .
:QDepression pred:Text ""How depressed did you feel yesterday? [Likert 0–10: 0 = At no time, 10 = All the time]"" .
:QAnger pred:Text ""How angry did you feel yesterday? [Likert 0–10: 0 = At no time, 10 = All the time]"" .
:QStress pred:Text ""How much stress did you feel yesterday? [Likert 0–10: 0 = At no time, 10 = All the time]"" .
:QLoneliness pred:Text ""How lonely or unsupported did you feel yesterday? [Likert 0–10: 0 = At no time, 10 = All the time]"" .

:QGEmotional_Regulation_Frequency pred:BaseQuestion ""Next, you will be asked questions about your emotional state. Please answer on a scale of 0 to 4, where 0 is never, 1 is 'almost never', 2 is 'sometimes', 3 is 'fairly often', and 4 is 'very often', how often you experienced the following feelings during the last month: [Likert 0–4]"" ;
    qg:hasSubQuestion :QEmotional_Regulation_Frequency_Upset_by_Unexpected_Events,
                      :QEmotional_Regulation_Frequency_Unable_to_Control_Important_Things,
                      :QEmotional_Regulation_Frequency_Nervous_and_Stressed,
                      :QEmotional_Regulation_Frequency_Lacked_Confidence_Handling_Problems,
                      :QEmotional_Regulation_Frequency_Things_Going_Your_Way,
                      :QEmotional_Regulation_Frequency_Unable_to_Cope,
                      :QEmotional_Regulation_Frequency_Irritated_by_Life,
                      :QEmotional_Regulation_Frequency_On_Top_of_Things,
                      :QEmotional_Regulation_Frequency_Angered_by_Uncontrollable_Events,
                      :QEmotional_Regulation_Frequency_Felt_Overwhelmed .

:QEmotional_Regulation_Frequency_Upset_by_Unexpected_Events pred:Text ""how often have you been upset because of something that happened unexpectedly?"" .
:QEmotional_Regulation_Frequency_Unable_to_Control_Important_Things pred:Text ""how often have you felt that you were unable to control the important things in your life?"" .
:QEmotional_Regulation_Frequency_Nervous_and_Stressed pred:Text ""how often have you felt nervous and stressed?"" .
:QEmotional_Regulation_Frequency_Lacked_Confidence_Handling_Problems pred:Text ""how often have you felt confident about your ability to handle your personal problems?"" .
:QEmotional_Regulation_Frequency_Things_Going_Your_Way pred:Text ""how often have you felt that things were going your way?"" .
:QEmotional_Regulation_Frequency_Unable_to_Cope pred:Text ""how often have you found that you could not cope with all the things that you had to do?"" .
:QEmotional_Regulation_Frequency_Irritated_by_Life pred:Text ""how often have you been able to control irritations in your life?"" .
:QEmotional_Regulation_Frequency_On_Top_of_Things pred:Text ""how often have you felt that you were on top of things?"" .
:QEmotional_Regulation_Frequency_Angered_by_Uncontrollable_Events pred:Text ""how often have you been angered because of things that happened that were outside of your control?"" .
:QEmotional_Regulation_Frequency_Felt_Overwhelmed pred:Text ""how often have you felt difficulties were piling up so high that you could not overcome them?"" .

:QGAnxiety_Symptoms_Frequency pred:BaseQuestion ""Next, you will be asked questions about your emotional state. Please answer on a scale of 0 to 3, where 0 is 'Not at all', 1 is 'several days', 2 is 'more than half of the days', and 3 is 'Nearly every day'. Over the last two weeks, how often have you been bothered by the following problems? [Likert 0–3]"" ;
    qg:hasSubQuestion :QAnxiety_Symptoms_Frequency_Feeling_Nervous_or_On_Edge,
                      :QAnxiety_Symptoms_Frequency_Uncontrollable_Worrying,
                      :QAnxiety_Symptoms_Frequency_Excessive_Worry,
                      :QAnxiety_Symptoms_Frequency_Trouble_Relaxing,
                      :QAnxiety_Symptoms_Frequency_Restlessness,
                      :QAnxiety_Symptoms_Frequency_Irritability,
                      :QAnxiety_Symptoms_Frequency_Fear_Something_Awful_Might_Happen .

:QAnxiety_Symptoms_Frequency_Feeling_Nervous_or_On_Edge pred:Text ""Feeling nervous, anxious, or on edge"" .
:QAnxiety_Symptoms_Frequency_Uncontrollable_Worrying pred:Text ""Not being able to stop or control worrying"" .
:QAnxiety_Symptoms_Frequency_Excessive_Worry pred:Text ""Worrying too much about different things"" .
:QAnxiety_Symptoms_Frequency_Trouble_Relaxing pred:Text ""Trouble relaxing"" .
:QAnxiety_Symptoms_Frequency_Restlessness pred:Text ""Being so restless that it is hard to sit still"" .
:QAnxiety_Symptoms_Frequency_Irritability pred:Text ""Becoming easily annoyed or irritable"" .
:QAnxiety_Symptoms_Frequency_Fear_Something_Awful_Might_Happen pred:Text ""Feeling afraid, as if something awful might happen"" .

:QGDepressive_Symptoms_Frequency pred:BaseQuestion ""Next, you will be asked questions about your emotional state. Please answer on a scale of 0 to 3, where 0 is 'Not at all', 1 is 'several days', 2 is 'more than half of the days', and 3 is 'Nearly every day'. Over the last two weeks, how often have you been bothered by the following problems?"" ;
    qg:hasSubQuestion :QDepressive_Symptoms_Frequency_Anhedonia,
                      :QDepressive_Symptoms_Frequency_Depressed_Mood,
                      :QDepressive_Symptoms_Frequency_Sleep_Problems,
                      :QDepressive_Symptoms_Frequency_Fatigue,
                      :QDepressive_Symptoms_Frequency_Appetite_Changes,
                      :QDepressive_Symptoms_Frequency_Feelings_of_Worthlessness,
                      :QDepressive_Symptoms_Frequency_Concentration_Difficulties,
                      :QDepressive_Symptoms_Frequency_Psychomotor_Changes,
                      :QDepressive_Symptoms_Frequency_Suicidal_Thoughts .

:QDepressive_Symptoms_Frequency_Anhedonia pred:Text ""Little interest or pleasure in doing things"" .
:QDepressive_Symptoms_Frequency_Depressed_Mood pred:Text ""Feeling down, depressed, or hopeless"" .
:QDepressive_Symptoms_Frequency_Sleep_Problems pred:Text ""Trouble falling or staying asleep, or sleeping too much"" .
:QDepressive_Symptoms_Frequency_Fatigue pred:Text ""Feeling tired or having little energy"" .
:QDepressive_Symptoms_Frequency_Appetite_Changes pred:Text ""Poor appetite or overeating"" .
:QDepressive_Symptoms_Frequency_Feelings_of_Worthlessness pred:Text ""Feeling bad about yourself or that you are a failure or have let yourself or your family down"" .
:QDepressive_Symptoms_Frequency_Concentration_Difficulties pred:Text ""Trouble concentrating on things, such as reading the newspaper or watching television"" .
:QDepressive_Symptoms_Frequency_Psychomotor_Changes pred:Text ""Moving or speaking so slowly that other people could have noticed. Or the opposite — being so fidgety or restless that you have been moving around a lot more than usual"" .
:QDepressive_Symptoms_Frequency_Suicidal_Thoughts pred:Text ""Thoughts that you would be better off dead, or of hurting yourself"" .

# Responses
:Respondent13 pred:Year_of_birth 2002.0 ;
     pred:Gender 1.0 ;
     pred:Socio_economic_status 3.0 ;
     pred:Ethnic_identity 6.0 .

:Respondent13 pred:Life_satisfaction 7.0 ;
     pred:Happiness 7.0 ;
     pred:Laughter 9.0 ;
     pred:Learning 5.0 ;
     pred:Enjoyment 9.0 ;
     pred:Worry 1.0 ;
     pred:Depression 1.0 ;
     pred:Anger 2.0 ;
     pred:Stress 3.0 ;
     pred:Loneliness 0.0 .

:Respondent13_Emotional_Regulation_Frequency
                                   pred:Upset_by_Unexpected_Events 2.0 ;
                                   pred:Unable_to_Control_Important_Things 3.0 ;
                                   pred:Lacked_Confidence_Handling_Problems 2.0 ;
                                   pred:Unable_to_Cope 2.0 ;
                                   pred:Irritated_by_Life 3.0 ;
                                   pred:On_Top_of_Things 2.0 .
:Respondent13 pred:hasGroupResponse :Respondent13_Emotional_Regulation_Frequency .

:Respondent13_Anxiety_Symptoms_Frequency
                               pred:Feeling_Nervous_or_On_Edge 1.0 ;
                               pred:Trouble_Relaxing 1.0 ;
                               pred:Restlessness 1.0 ;
                               pred:Irritability 1.0 ;
                               pred:Fear_Something_Awful_Might_Happen 0.0 .
:Respondent13 pred:hasGroupResponse :Respondent13_Anxiety_Symptoms_Frequency .

:Respondent13_Depressive_Symptoms_Frequency
                                  pred:Anhedonia 1.0 ;
                                  pred:Sleep_Problems 1.0 ;
                                  pred:Fatigue 1.0 ;
                                  pred:Appetite_Changes 0.0 ;
                                  pred:Feelings_of_Worthlessness 1.0 ;
                                  pred:Concentration_Difficulties 0.0 ;
                                  pred:Suicidal_Thoughts 0.0 .
:Respondent13 pred:hasGroupResponse :Respondent13_Depressive_Symptoms_Frequency .

:Respondent56 pred:Year_of_birth 2001.0 ;
     pred:Gender 2.0 ;
     pred:Socio_economic_status 3.0 ;
     pred:Ethnic_identity 5.0 .

:Respondent56_Parental_Education
                       pred:Father 16.0 ;
                       pred:Mother 16.0 .
:Respondent56 pred:hasGroupResponse :Respondent56_Parental_Education .

:Respondent56 pred:Life_satisfaction 9.0 ;
     pred:Happiness 10.0 ;
     pred:Laughter 10.0 ;
     pred:Learning 8.0 ;
     pred:Enjoyment 10.0 ;
     pred:Worry 1.0 ;
     pred:Depression 0.0 ;
     pred:Anger 2.0 ;
     pred:Stress 3.0 ;
     pred:Loneliness 0.0 .

:Respondent56_Emotional_Regulation_Frequency
                                   pred:Upset_by_Unexpected_Events 1.0 ;
                                   pred:Unable_to_Control_Important_Things 2.0 ;
                                   pred:Lacked_Confidence_Handling_Problems 2.0 ;
                                   pred:Unable_to_Cope 2.0 ;
                                   pred:Irritated_by_Life 4.0 ;
                                   pred:On_Top_of_Things 3.0 .
:Respondent56 pred:hasGroupResponse :Respondent56_Emotional_Regulation_Frequency .

:Respondent56_Anxiety_Symptoms_Frequency
                               pred:Feeling_Nervous_or_On_Edge 3.0 ;
                               pred:Trouble_Relaxing 0.0 ;
                               pred:Restlessness 0.0 ;
                               pred:Irritability 0.0 ;
                               pred:Fear_Something_Awful_Might_Happen 0.0 .
:Respondent56 pred:hasGroupResponse :Respondent56_Anxiety_Symptoms_Frequency .

:Respondent56_Depressive_Symptoms_Frequency
                                  pred:Anhedonia 0.0 ;
                                  pred:Sleep_Problems 0.0 ;
                                  pred:Fatigue 1.0 ;
                                  pred:Appetite_Changes 0.0 ;
                                  pred:Feelings_of_Worthlessness 0.0 ;
                                  pred:Concentration_Difficulties 0.0 ;
                                  pred:Suicidal_Thoughts 0.0 .
:Respondent56 pred:hasGroupResponse :Respondent56_Depressive_Symptoms_Frequency .

:Respondent12 pred:Year_of_birth 2004.0 ;
     pred:Gender 2.0 ;
     pred:Socio_economic_status 5.0 ;
     pred:Ethnic_identity 6.0 .

:Respondent12_Parental_Education
                       pred:Father 24.0 ;
                       pred:Mother 26.0 .
:Respondent12 pred:hasGroupResponse :Respondent12_Parental_Education .

:Respondent12 pred:Life_satisfaction 8.0 ;
     pred:Happiness 10.0 ;
     pred:Laughter 9.0 ;
     pred:Learning 8.0 ;
     pred:Enjoyment 8.0 ;
     pred:Worry 1.0 ;
     pred:Depression 0.0 ;
     pred:Anger 2.0 ;
     pred:Stress 2.0 ;
     pred:Loneliness 0.0 .

:Respondent12_Emotional_Regulation_Frequency
                                   pred:Upset_by_Unexpected_Events 1.0 ;
                                   pred:Unable_to_Control_Important_Things 2.0 ;
                                   pred:Lacked_Confidence_Handling_Problems 4.0 ;
                                   pred:Unable_to_Cope 1.0 ;
                                   pred:Irritated_by_Life 4.0 ;
                                   pred:On_Top_of_Things 3.0 .
:Respondent12 pred:hasGroupResponse :Respondent12_Emotional_Regulation_Frequency .

:Respondent12_Anxiety_Symptoms_Frequency
                               pred:Feeling_Nervous_or_On_Edge 0.0 ;
                               pred:Trouble_Relaxing 1.0 ;
                               pred:Restlessness 1.0 ;
                               pred:Irritability 1.0 ;
                               pred:Fear_Something_Awful_Might_Happen 0.0 .
:Respondent12 pred:hasGroupResponse :Respondent12_Anxiety_Symptoms_Frequency .

:Respondent12_Depressive_Symptoms_Frequency
                                  pred:Anhedonia 0.0 ;
                                  pred:Sleep_Problems 2.0 ;
                                  pred:Fatigue 2.0 ;
                                  pred:Appetite_Changes 1.0 ;
                                  pred:Feelings_of_Worthlessness 1.0 ;
                                  pred:Concentration_Difficulties 1.0 ;
                                  pred:Suicidal_Thoughts 0.0 .
:Respondent12 pred:hasGroupResponse :Respondent12_Depressive_Symptoms_Frequency .
",2.0,"For respondent 129, what is the value for 'Appetite Changes' in the 'Depressive Symptoms Frequency' category?

DATA:

@prefix : <http://example.org/survey#> .
@prefix pred: <http://example.org/predicate#> .
@prefix qg: <http://example.org/question_group#> .

# Questions
:QYear_of_birth pred:Text ""What is your date of birth? [Open-ended]"" .
:QGender pred:Text ""What is your gender? [MCQ: 1. Male 2. Female]"" .
:QSocio_economic_status pred:Text ""What is the socio-economic status of your home? [Likert 1–6: 1 = Very low, 6 = Very high]"" .
:QEthnic_identity pred:Text ""According to your culture, people, or physical features, you are or are recognized as: [MCQ: 1. Indigenous 2. Gypsy 3. Raizal from San Andres, Providencia and Santa Catalina Archipelago 4. Palenquero from San Basilio 5. Black, mulatto (Afro-descendant), Afro-Colombian 6. None of the above]"" .

:QGParental_Education pred:BaseQuestion ""How many years of education did your parents receive? [Open-ended]"" ;
    qg:hasSubQuestion :QParental_Education_Father, :QParental_Education_Mother .
:QParental_Education_Father pred:Text ""Father?"" .
:QParental_Education_Mother pred:Text ""Mother?"" .

:QLife_satisfaction pred:Text ""In general, how satisfied are you with all aspects of your life? [Likert 0–10: 0 = Not satisfied, 10 = Totally satisfied]"" .
:QHappiness pred:Text ""How happy did you feel yesterday? [Likert 0–10: 0 = At no time, 10 = All the time]"" .
:QLaughter pred:Text ""How much did you laugh yesterday? [Likert 0–10: 0 = At no time, 10 = All the time]"" .
:QLearning pred:Text ""Did you learn new or exciting things yesterday? [Likert 0–10: 0 = At no time, 10 = All the time]"" .
:QEnjoyment pred:Text ""How much did you enjoy the activities you did yesterday? [Likert 0–10: 0 = At no time, 10 = All the time]"" .
:QWorry pred:Text ""How worried did you feel yesterday? [Likert 0–10: 0 = At no time, 10 = All the time]"" .
:QDepression pred:Text ""How depressed did you feel yesterday? [Likert 0–10: 0 = At no time, 10 = All the time]"" .
:QAnger pred:Text ""How angry did you feel yesterday? [Likert 0–10: 0 = At no time, 10 = All the time]"" .
:QStress pred:Text ""How much stress did you feel yesterday? [Likert 0–10: 0 = At no time, 10 = All the time]"" .
:QLoneliness pred:Text ""How lonely or unsupported did you feel yesterday? [Likert 0–10: 0 = At no time, 10 = All the time]"" .

:QGEmotional_Regulation_Frequency pred:BaseQuestion ""Next, you will be asked questions about your emotional state. Please answer on a scale of 0 to 4, where 0 is never, 1 is 'almost never', 2 is 'sometimes', 3 is 'fairly often', and 4 is 'very often', how often you experienced the following feelings during the last month: [Likert 0–4]"" ;
    qg:hasSubQuestion :QEmotional_Regulation_Frequency_Upset_by_Unexpected_Events,
                      :QEmotional_Regulation_Frequency_Unable_to_Control_Important_Things,
                      :QEmotional_Regulation_Frequency_Nervous_and_Stressed,
                      :QEmotional_Regulation_Frequency_Lacked_Confidence_Handling_Problems,
                      :QEmotional_Regulation_Frequency_Things_Going_Your_Way,
                      :QEmotional_Regulation_Frequency_Unable_to_Cope,
                      :QEmotional_Regulation_Frequency_Irritated_by_Life,
                      :QEmotional_Regulation_Frequency_On_Top_of_Things,
                      :QEmotional_Regulation_Frequency_Angered_by_Uncontrollable_Events,
                      :QEmotional_Regulation_Frequency_Felt_Overwhelmed .

:QEmotional_Regulation_Frequency_Upset_by_Unexpected_Events pred:Text ""how often have you been upset because of something that happened unexpectedly?"" .
:QEmotional_Regulation_Frequency_Unable_to_Control_Important_Things pred:Text ""how often have you felt that you were unable to control the important things in your life?"" .
:QEmotional_Regulation_Frequency_Nervous_and_Stressed pred:Text ""how often have you felt nervous and stressed?"" .
:QEmotional_Regulation_Frequency_Lacked_Confidence_Handling_Problems pred:Text ""how often have you felt confident about your ability to handle your personal problems?"" .
:QEmotional_Regulation_Frequency_Things_Going_Your_Way pred:Text ""how often have you felt that things were going your way?"" .
:QEmotional_Regulation_Frequency_Unable_to_Cope pred:Text ""how often have you found that you could not cope with all the things that you had to do?"" .
:QEmotional_Regulation_Frequency_Irritated_by_Life pred:Text ""how often have you been able to control irritations in your life?"" .
:QEmotional_Regulation_Frequency_On_Top_of_Things pred:Text ""how often have you felt that you were on top of things?"" .
:QEmotional_Regulation_Frequency_Angered_by_Uncontrollable_Events pred:Text ""how often have you been angered because of things that happened that were outside of your control?"" .
:QEmotional_Regulation_Frequency_Felt_Overwhelmed pred:Text ""how often have you felt difficulties were piling up so high that you could not overcome them?"" .

:QGAnxiety_Symptoms_Frequency pred:BaseQuestion ""Next, you will be asked questions about your emotional state. Please answer on a scale of 0 to 3, where 0 is 'Not at all', 1 is 'several days', 2 is 'more than half of the days', and 3 is 'Nearly every day'. Over the last two weeks, how often have you been bothered by the following problems? [Likert 0–3]"" ;
    qg:hasSubQuestion :QAnxiety_Symptoms_Frequency_Feeling_Nervous_or_On_Edge,
                      :QAnxiety_Symptoms_Frequency_Uncontrollable_Worrying,
                      :QAnxiety_Symptoms_Frequency_Excessive_Worry,
                      :QAnxiety_Symptoms_Frequency_Trouble_Relaxing,
                      :QAnxiety_Symptoms_Frequency_Restlessness,
                      :QAnxiety_Symptoms_Frequency_Irritability,
                      :QAnxiety_Symptoms_Frequency_Fear_Something_Awful_Might_Happen .

:QAnxiety_Symptoms_Frequency_Feeling_Nervous_or_On_Edge pred:Text ""Feeling nervous, anxious, or on edge"" .
:QAnxiety_Symptoms_Frequency_Uncontrollable_Worrying pred:Text ""Not being able to stop or control worrying"" .
:QAnxiety_Symptoms_Frequency_Excessive_Worry pred:Text ""Worrying too much about different things"" .
:QAnxiety_Symptoms_Frequency_Trouble_Relaxing pred:Text ""Trouble relaxing"" .
:QAnxiety_Symptoms_Frequency_Restlessness pred:Text ""Being so restless that it is hard to sit still"" .
:QAnxiety_Symptoms_Frequency_Irritability pred:Text ""Becoming easily annoyed or irritable"" .
:QAnxiety_Symptoms_Frequency_Fear_Something_Awful_Might_Happen pred:Text ""Feeling afraid, as if something awful might happen"" .

:QGDepressive_Symptoms_Frequency pred:BaseQuestion ""Next, you will be asked questions about your emotional state. Please answer on a scale of 0 to 3, where 0 is 'Not at all', 1 is 'several days', 2 is 'more than half of the days', and 3 is 'Nearly every day'. Over the last two weeks, how often have you been bothered by the following problems?"" ;
    qg:hasSubQuestion :QDepressive_Symptoms_Frequency_Anhedonia,
                      :QDepressive_Symptoms_Frequency_Depressed_Mood,
                      :QDepressive_Symptoms_Frequency_Sleep_Problems,
                      :QDepressive_Symptoms_Frequency_Fatigue,
                      :QDepressive_Symptoms_Frequency_Appetite_Changes,
                      :QDepressive_Symptoms_Frequency_Feelings_of_Worthlessness,
                      :QDepressive_Symptoms_Frequency_Concentration_Difficulties,
                      :QDepressive_Symptoms_Frequency_Psychomotor_Changes,
                      :QDepressive_Symptoms_Frequency_Suicidal_Thoughts .

:QDepressive_Symptoms_Frequency_Anhedonia pred:Text ""Little interest or pleasure in doing things"" .
:QDepressive_Symptoms_Frequency_Depressed_Mood pred:Text ""Feeling down, depressed, or hopeless"" .
:QDepressive_Symptoms_Frequency_Sleep_Problems pred:Text ""Trouble falling or staying asleep, or sleeping too much"" .
:QDepressive_Symptoms_Frequency_Fatigue pred:Text ""Feeling tired or having little energy"" .
:QDepressive_Symptoms_Frequency_Appetite_Changes pred:Text ""Poor appetite or overeating"" .
:QDepressive_Symptoms_Frequency_Feelings_of_Worthlessness pred:Text ""Feeling bad about yourself or that you are a failure or have let yourself or your family down"" .
:QDepressive_Symptoms_Frequency_Concentration_Difficulties pred:Text ""Trouble concentrating on things, such as reading the newspaper or watching television"" .
:QDepressive_Symptoms_Frequency_Psychomotor_Changes pred:Text ""Moving or speaking so slowly that other people could have noticed. Or the opposite — being so fidgety or restless that you have been moving around a lot more than usual"" .
:QDepressive_Symptoms_Frequency_Suicidal_Thoughts pred:Text ""Thoughts that you would be better off dead, or of hurting yourself"" .

# Responses
:Respondent73 pred:Year_of_birth 2005.0 ;
     pred:Gender 2.0 ;
     pred:Socio_economic_status 2.0 ;
     pred:Ethnic_identity 6.0 .

:Respondent73_Parental_Education
                       pred:Father 25.0 ;
                       pred:Mother 15.0 .
:Respondent73 pred:hasGroupResponse :Respondent73_Parental_Education .

:Respondent73 pred:Life_satisfaction 8.0 ;
     pred:Happiness 5.0 ;
     pred:Laughter 4.0 ;
     pred:Learning 5.0 ;
     pred:Enjoyment 5.0 ;
     pred:Worry 2.0 ;
     pred:Depression 1.0 ;
     pred:Anger 2.0 ;
     pred:Stress 4.0 ;
     pred:Loneliness 6.0 .

:Respondent73_Emotional_Regulation_Frequency
                                   pred:Upset_by_Unexpected_Events 2.0 ;
                                   pred:Unable_to_Control_Important_Things 2.0 ;
                                   pred:Lacked_Confidence_Handling_Problems 2.0 ;
                                   pred:Unable_to_Cope 2.0 ;
                                   pred:Irritated_by_Life 2.0 ;
                                   pred:On_Top_of_Things 2.0 .
:Respondent73 pred:hasGroupResponse :Respondent73_Emotional_Regulation_Frequency .

:Respondent73_Anxiety_Symptoms_Frequency
                               pred:Feeling_Nervous_or_On_Edge 2.0 ;
                               pred:Trouble_Relaxing 1.0 ;
                               pred:Restlessness 1.0 ;
                               pred:Irritability 2.0 ;
                               pred:Fear_Something_Awful_Might_Happen 2.0 .
:Respondent73 pred:hasGroupResponse :Respondent73_Anxiety_Symptoms_Frequency .

:Respondent73_Depressive_Symptoms_Frequency
                                  pred:Anhedonia 1.0 ;
                                  pred:Sleep_Problems 2.0 ;
                                  pred:Fatigue 1.0 ;
                                  pred:Appetite_Changes 1.0 ;
                                  pred:Feelings_of_Worthlessness 1.0 ;
                                  pred:Concentration_Difficulties 1.0 ;
                                  pred:Suicidal_Thoughts 0.0 .
:Respondent73 pred:hasGroupResponse :Respondent73_Depressive_Symptoms_Frequency .

:Respondent85 pred:Year_of_birth 2004.0 ;
     pred:Gender 2.0 ;
     pred:Socio_economic_status 3.0 ;
     pred:Ethnic_identity 6.0 .

:Respondent85_Parental_Education
                       pred:Father 18.0 .
:Respondent85 pred:hasGroupResponse :Respondent85_Parental_Education .

:Respondent85 pred:Life_satisfaction 5.0 ;
     pred:Happiness 6.0 ;
     pred:Laughter 6.0 ;
     pred:Learning 8.0 ;
     pred:Enjoyment 5.0 ;
     pred:Worry 1.0 ;
     pred:Depression 1.0 ;
     pred:Anger 2.0 ;
     pred:Stress 4.0 ;
     pred:Loneliness 1.0 .

:Respondent85_Emotional_Regulation_Frequency
                                   pred:Upset_by_Unexpected_Events 2.0 ;
                                   pred:Unable_to_Control_Important_Things 3.0 ;
                                   pred:Lacked_Confidence_Handling_Problems 2.0 ;
                                   pred:Unable_to_Cope 3.0 ;
                                   pred:Irritated_by_Life 3.0 ;
                                   pred:On_Top_of_Things 2.0 .
:Respondent85 pred:hasGroupResponse :Respondent85_Emotional_Regulation_Frequency .

:Respondent85_Anxiety_Symptoms_Frequency
                               pred:Feeling_Nervous_or_On_Edge 1.0 ;
                               pred:Trouble_Relaxing 1.0 ;
                               pred:Restlessness 0.0 ;
                               pred:Irritability 1.0 ;
                               pred:Fear_Something_Awful_Might_Happen 1.0 .
:Respondent85 pred:hasGroupResponse :Respondent85_Anxiety_Symptoms_Frequency .

:Respondent85_Depressive_Symptoms_Frequency
                                  pred:Anhedonia 2.0 ;
                                  pred:Sleep_Problems 2.0 ;
                                  pred:Fatigue 3.0 ;
                                  pred:Appetite_Changes 3.0 ;
                                  pred:Feelings_of_Worthlessness 1.0 ;
                                  pred:Concentration_Difficulties 1.0 ;
                                  pred:Suicidal_Thoughts 0.0 .
:Respondent85 pred:hasGroupResponse :Respondent85_Depressive_Symptoms_Frequency .

:Respondent129 pred:Year_of_birth 2001.0 ;
     pred:Gender 2.0 ;
     pred:Socio_economic_status 3.0 ;
     pred:Ethnic_identity 6.0 .

:Respondent129_Parental_Education
                       pred:Father 13.0 ;
                       pred:Mother 13.0 .
:Respondent129 pred:hasGroupResponse :Respondent129_Parental_Education .

:Respondent129 pred:Life_satisfaction 8.0 ;
     pred:Happiness 9.0 ;
     pred:Laughter 6.0 ;
     pred:Learning 5.0 ;
     pred:Enjoyment 6.0 ;
     pred:Worry 1.0 ;
     pred:Depression 1.0 ;
     pred:Anger 1.0 ;
     pred:Stress 3.0 ;
     pred:Loneliness 0.0 .

:Respondent129_Emotional_Regulation_Frequency
                                   pred:Upset_by_Unexpected_Events 1.0 ;
                                   pred:Unable_to_Control_Important_Things 1.0 ;
                                   pred:Lacked_Confidence_Handling_Problems 3.0 ;
                                   pred:Unable_to_Cope 2.0 ;
                                   pred:Irritated_by_Life 3.0 ;
                                   pred:On_Top_of_Things 2.0 .
:Respondent129 pred:hasGroupResponse :Respondent129_Emotional_Regulation_Frequency .

:Respondent129_Anxiety_Symptoms_Frequency
                               pred:Feeling_Nervous_or_On_Edge 1.0 ;
                               pred:Trouble_Relaxing 1.0 ;
                               pred:Restlessness 0.0 ;
                               pred:Irritability 0.0 ;
                               pred:Fear_Something_Awful_Might_Happen 0.0 .
:Respondent129 pred:hasGroupResponse :Respondent129_Anxiety_Symptoms_Frequency .

:Respondent129_Depressive_Symptoms_Frequency
                                  pred:Anhedonia 1.0 ;
                                  pred:Sleep_Problems 1.0 ;
                                  pred:Fatigue 2.0 ;
                                  pred:Appetite_Changes 2.0 ;
                                  pred:Feelings_of_Worthlessness 0.0 ;
                                  pred:Concentration_Difficulties 2.0 ;
                                  pred:Suicidal_Thoughts 0.0 .
:Respondent129 pred:hasGroupResponse :Respondent129_Depressive_Symptoms_Frequency .

Answer: 2.0

@prefix : <http://example.org/survey#> .
@prefix pred: <http://example.org/predicate#> .
@prefix qg: <http://example.org/question_group#> .

# Questions
:QYear_of_birth pred:Text ""What is your date of birth? [Open-ended]"" .
:QGender pred:Text ""What is your gender? [MCQ: 1. Male 2. Female]"" .
:QSocio_economic_status pred:Text ""What is the socio-economic status of your home? [Likert 1–6: 1 = Very low, 6 = Very high]"" .
:QEthnic_identity pred:Text ""According to your culture, people, or physical features, you are or are recognized as: [MCQ: 1. Indigenous 2. Gypsy 3. Raizal from San Andres, Providencia and Santa Catalina Archipelago 4. Palenquero from San Basilio 5. Black, mulatto (Afro-descendant), Afro-Colombian 6. None of the above]"" .

:QGParental_Education pred:BaseQuestion ""How many years of education did your parents receive? [Open-ended]"" ;
    qg:hasSubQuestion :QParental_Education_Father, :QParental_Education_Mother .
:QParental_Education_Father pred:Text ""Father?"" .
:QParental_Education_Mother pred:Text ""Mother?"" .

:QLife_satisfaction pred:Text ""In general, how satisfied are you with all aspects of your life? [Likert 0–10: 0 = Not satisfied, 10 = Totally satisfied]"" .
:QHappiness pred:Text ""How happy did you feel yesterday? [Likert 0–10: 0 = At no time, 10 = All the time]"" .
:QLaughter pred:Text ""How much did you laugh yesterday? [Likert 0–10: 0 = At no time, 10 = All the time]"" .
:QLearning pred:Text ""Did you learn new or exciting things yesterday? [Likert 0–10: 0 = At no time, 10 = All the time]"" .
:QEnjoyment pred:Text ""How much did you enjoy the activities you did yesterday? [Likert 0–10: 0 = At no time, 10 = All the time]"" .
:QWorry pred:Text ""How worried did you feel yesterday? [Likert 0–10: 0 = At no time, 10 = All the time]"" .
:QDepression pred:Text ""How depressed did you feel yesterday? [Likert 0–10: 0 = At no time, 10 = All the time]"" .
:QAnger pred:Text ""How angry did you feel yesterday? [Likert 0–10: 0 = At no time, 10 = All the time]"" .
:QStress pred:Text ""How much stress did you feel yesterday? [Likert 0–10: 0 = At no time, 10 = All the time]"" .
:QLoneliness pred:Text ""How lonely or unsupported did you feel yesterday? [Likert 0–10: 0 = At no time, 10 = All the time]"" .

:QGEmotional_Regulation_Frequency pred:BaseQuestion ""Next, you will be asked questions about your emotional state. Please answer on a scale of 0 to 4, where 0 is never, 1 is 'almost never', 2 is 'sometimes', 3 is 'fairly often', and 4 is 'very often', how often you experienced the following feelings during the last month: [Likert 0–4]"" ;
    qg:hasSubQuestion :QEmotional_Regulation_Frequency_Upset_by_Unexpected_Events,
                      :QEmotional_Regulation_Frequency_Unable_to_Control_Important_Things,
                      :QEmotional_Regulation_Frequency_Nervous_and_Stressed,
                      :QEmotional_Regulation_Frequency_Lacked_Confidence_Handling_Problems,
                      :QEmotional_Regulation_Frequency_Things_Going_Your_Way,
                      :QEmotional_Regulation_Frequency_Unable_to_Cope,
                      :QEmotional_Regulation_Frequency_Irritated_by_Life,
                      :QEmotional_Regulation_Frequency_On_Top_of_Things,
                      :QEmotional_Regulation_Frequency_Angered_by_Uncontrollable_Events,
                      :QEmotional_Regulation_Frequency_Felt_Overwhelmed .

:QEmotional_Regulation_Frequency_Upset_by_Unexpected_Events pred:Text ""how often have you been upset because of something that happened unexpectedly?"" .
:QEmotional_Regulation_Frequency_Unable_to_Control_Important_Things pred:Text ""how often have you felt that you were unable to control the important things in your life?"" .
:QEmotional_Regulation_Frequency_Nervous_and_Stressed pred:Text ""how often have you felt nervous and stressed?"" .
:QEmotional_Regulation_Frequency_Lacked_Confidence_Handling_Problems pred:Text ""how often have you felt confident about your ability to handle your personal problems?"" .
:QEmotional_Regulation_Frequency_Things_Going_Your_Way pred:Text ""how often have you felt that things were going your way?"" .
:QEmotional_Regulation_Frequency_Unable_to_Cope pred:Text ""how often have you found that you could not cope with all the things that you had to do?"" .
:QEmotional_Regulation_Frequency_Irritated_by_Life pred:Text ""how often have you been able to control irritations in your life?"" .
:QEmotional_Regulation_Frequency_On_Top_of_Things pred:Text ""how often have you felt that you were on top of things?"" .
:QEmotional_Regulation_Frequency_Angered_by_Uncontrollable_Events pred:Text ""how often have you been angered because of things that happened that were outside of your control?"" .
:QEmotional_Regulation_Frequency_Felt_Overwhelmed pred:Text ""how often have you felt difficulties were piling up so high that you could not overcome them?"" .

:QGAnxiety_Symptoms_Frequency pred:BaseQuestion ""Next, you will be asked questions about your emotional state. Please answer on a scale of 0 to 3, where 0 is 'Not at all', 1 is 'several days', 2 is 'more than half of the days', and 3 is 'Nearly every day'. Over the last two weeks, how often have you been bothered by the following problems? [Likert 0–3]"" ;
    qg:hasSubQuestion :QAnxiety_Symptoms_Frequency_Feeling_Nervous_or_On_Edge,
                      :QAnxiety_Symptoms_Frequency_Uncontrollable_Worrying,
                      :QAnxiety_Symptoms_Frequency_Excessive_Worry,
                      :QAnxiety_Symptoms_Frequency_Trouble_Relaxing,
                      :QAnxiety_Symptoms_Frequency_Restlessness,
                      :QAnxiety_Symptoms_Frequency_Irritability,
                      :QAnxiety_Symptoms_Frequency_Fear_Something_Awful_Might_Happen .

:QAnxiety_Symptoms_Frequency_Feeling_Nervous_or_On_Edge pred:Text ""Feeling nervous, anxious, or on edge"" .
:QAnxiety_Symptoms_Frequency_Uncontrollable_Worrying pred:Text ""Not being able to stop or control worrying"" .
:QAnxiety_Symptoms_Frequency_Excessive_Worry pred:Text ""Worrying too much about different things"" .
:QAnxiety_Symptoms_Frequency_Trouble_Relaxing pred:Text ""Trouble relaxing"" .
:QAnxiety_Symptoms_Frequency_Restlessness pred:Text ""Being so restless that it is hard to sit still"" .
:QAnxiety_Symptoms_Frequency_Irritability pred:Text ""Becoming easily annoyed or irritable"" .
:QAnxiety_Symptoms_Frequency_Fear_Something_Awful_Might_Happen pred:Text ""Feeling afraid, as if something awful might happen"" .

:QGDepressive_Symptoms_Frequency pred:BaseQuestion ""Next, you will be asked questions about your emotional state. Please answer on a scale of 0 to 3, where 0 is 'Not at all', 1 is 'several days', 2 is 'more than half of the days', and 3 is 'Nearly every day'. Over the last two weeks, how often have you been bothered by the following problems?"" ;
    qg:hasSubQuestion :QDepressive_Symptoms_Frequency_Anhedonia,
                      :QDepressive_Symptoms_Frequency_Depressed_Mood,
                      :QDepressive_Symptoms_Frequency_Sleep_Problems,
                      :QDepressive_Symptoms_Frequency_Fatigue,
                      :QDepressive_Symptoms_Frequency_Appetite_Changes,
                      :QDepressive_Symptoms_Frequency_Feelings_of_Worthlessness,
                      :QDepressive_Symptoms_Frequency_Concentration_Difficulties,
                      :QDepressive_Symptoms_Frequency_Psychomotor_Changes,
                      :QDepressive_Symptoms_Frequency_Suicidal_Thoughts .

:QDepressive_Symptoms_Frequency_Anhedonia pred:Text ""Little interest or pleasure in doing things"" .
:QDepressive_Symptoms_Frequency_Depressed_Mood pred:Text ""Feeling down, depressed, or hopeless"" .
:QDepressive_Symptoms_Frequency_Sleep_Problems pred:Text ""Trouble falling or staying asleep, or sleeping too much"" .
:QDepressive_Symptoms_Frequency_Fatigue pred:Text ""Feeling tired or having little energy"" .
:QDepressive_Symptoms_Frequency_Appetite_Changes pred:Text ""Poor appetite or overeating"" .
:QDepressive_Symptoms_Frequency_Feelings_of_Worthlessness pred:Text ""Feeling bad about yourself or that you are a failure or have let yourself or your family down"" .
:QDepressive_Symptoms_Frequency_Concentration_Difficulties pred:Text ""Trouble concentrating on things, such as reading the newspaper or watching television"" .
:QDepressive_Symptoms_Frequency_Psychomotor_Changes pred:Text ""Moving or speaking so slowly that other people could have noticed. Or the opposite — being so fidgety or restless that you have been moving around a lot more than usual"" .
:QDepressive_Symptoms_Frequency_Suicidal_Thoughts pred:Text ""Thoughts that you would be better off dead, or of hurting yourself"" .

# Responses
:Respondent13 pred:Year_of_birth 2002.0 ;
     pred:Gender 1.0 ;
     pred:Socio_economic_status 3.0 ;
     pred:Ethnic_identity 6.0 .

:Respondent13 pred:Life_satisfaction 7.0 ;
     pred:Happiness 7.0 ;
     pred:Laughter 9.0 ;
     pred:Learning 5.0 ;
     pred:Enjoyment 9.0 ;
     pred:Worry 1.0 ;
     pred:Depression 1.0 ;
     pred:Anger 2.0 ;
     pred:Stress 3.0 ;
     pred:Loneliness 0.0 .

:Respondent13_Emotional_Regulation_Frequency
                                   pred:Upset_by_Unexpected_Events 2.0 ;
                                   pred:Unable_to_Control_Important_Things 3.0 ;
                                   pred:Lacked_Confidence_Handling_Problems 2.0 ;
                                   pred:Unable_to_Cope 2.0 ;
                                   pred:Irritated_by_Life 3.0 ;
                                   pred:On_Top_of_Things 2.0 .
:Respondent13 pred:hasGroupResponse :Respondent13_Emotional_Regulation_Frequency .

:Respondent13_Anxiety_Symptoms_Frequency
                               pred:Feeling_Nervous_or_On_Edge 1.0 ;
                               pred:Trouble_Relaxing 1.0 ;
                               pred:Restlessness 1.0 ;
                               pred:Irritability 1.0 ;
                               pred:Fear_Something_Awful_Might_Happen 0.0 .
:Respondent13 pred:hasGroupResponse :Respondent13_Anxiety_Symptoms_Frequency .

:Respondent13_Depressive_Symptoms_Frequency
                                  pred:Anhedonia 1.0 ;
                                  pred:Sleep_Problems 1.0 ;
                                  pred:Fatigue 1.0 ;
                                  pred:Appetite_Changes 0.0 ;
                                  pred:Feelings_of_Worthlessness 1.0 ;
                                  pred:Concentration_Difficulties 0.0 ;
                                  pred:Suicidal_Thoughts 0.0 .
:Respondent13 pred:hasGroupResponse :Respondent13_Depressive_Symptoms_Frequency .

:Respondent56 pred:Year_of_birth 2001.0 ;
     pred:Gender 2.0 ;
     pred:Socio_economic_status 3.0 ;
     pred:Ethnic_identity 5.0 .

:Respondent56_Parental_Education
                       pred:Father 16.0 ;
                       pred:Mother 16.0 .
:Respondent56 pred:hasGroupResponse :Respondent56_Parental_Education .

:Respondent56 pred:Life_satisfaction 9.0 ;
     pred:Happiness 10.0 ;
     pred:Laughter 10.0 ;
     pred:Learning 8.0 ;
     pred:Enjoyment 10.0 ;
     pred:Worry 1.0 ;
     pred:Depression 0.0 ;
     pred:Anger 2.0 ;
     pred:Stress 3.0 ;
     pred:Loneliness 0.0 .

:Respondent56_Emotional_Regulation_Frequency
                                   pred:Upset_by_Unexpected_Events 1.0 ;
                                   pred:Unable_to_Control_Important_Things 2.0 ;
                                   pred:Lacked_Confidence_Handling_Problems 2.0 ;
                                   pred:Unable_to_Cope 2.0 ;
                                   pred:Irritated_by_Life 4.0 ;
                                   pred:On_Top_of_Things 3.0 .
:Respondent56 pred:hasGroupResponse :Respondent56_Emotional_Regulation_Frequency .

:Respondent56_Anxiety_Symptoms_Frequency
                               pred:Feeling_Nervous_or_On_Edge 3.0 ;
                               pred:Trouble_Relaxing 0.0 ;
                               pred:Restlessness 0.0 ;
                               pred:Irritability 0.0 ;
                               pred:Fear_Something_Awful_Might_Happen 0.0 .
:Respondent56 pred:hasGroupResponse :Respondent56_Anxiety_Symptoms_Frequency .

:Respondent56_Depressive_Symptoms_Frequency
                                  pred:Anhedonia 0.0 ;
                                  pred:Sleep_Problems 0.0 ;
                                  pred:Fatigue 1.0 ;
                                  pred:Appetite_Changes 0.0 ;
                                  pred:Feelings_of_Worthlessness 0.0 ;
                                  pred:Concentration_Difficulties 0.0 ;
                                  pred:Suicidal_Thoughts 0.0 .
:Respondent56 pred:hasGroupResponse :Respondent56_Depressive_Symptoms_Frequency .

:Respondent12 pred:Year_of_birth 2004.0 ;
     pred:Gender 2.0 ;
     pred:Socio_economic_status 5.0 ;
     pred:Ethnic_identity 6.0 .

:Respondent12_Parental_Education
                       pred:Father 24.0 ;
                       pred:Mother 26.0 .
:Respondent12 pred:hasGroupResponse :Respondent12_Parental_Education .

:Respondent12 pred:Life_satisfaction 8.0 ;
     pred:Happiness 10.0 ;
     pred:Laughter 9.0 ;
     pred:Learning 8.0 ;
     pred:Enjoyment 8.0 ;
     pred:Worry 1.0 ;
     pred:Depression 0.0 ;
     pred:Anger 2.0 ;
     pred:Stress 2.0 ;
     pred:Loneliness 0.0 .

:Respondent12_Emotional_Regulation_Frequency
                                   pred:Upset_by_Unexpected_Events 1.0 ;
                                   pred:Unable_to_Control_Important_Things 2.0 ;
                                   pred:Lacked_Confidence_Handling_Problems 4.0 ;
                                   pred:Unable_to_Cope 1.0 ;
                                   pred:Irritated_by_Life 4.0 ;
                                   pred:On_Top_of_Things 3.0 .
:Respondent12 pred:hasGroupResponse :Respondent12_Emotional_Regulation_Frequency .

:Respondent12_Anxiety_Symptoms_Frequency
                               pred:Feeling_Nervous_or_On_Edge 0.0 ;
                               pred:Trouble_Relaxing 1.0 ;
                               pred:Restlessness 1.0 ;
                               pred:Irritability 1.0 ;
                               pred:Fear_Something_Awful_Might_Happen 0.0 .
:Respondent12 pred:hasGroupResponse :Respondent12_Anxiety_Symptoms_Frequency .

:Respondent12_Depressive_Symptoms_Frequency
                                  pred:Anhedonia 0.0 ;
                                  pred:Sleep_Problems 2.0 ;
                                  pred:Fatigue 2.0 ;
                                  pred:Appetite_Changes 1.0 ;
                                  pred:Feelings_of_Worthlessness 1.0 ;
                                  pred:Concentration_Difficulties 1.0 ;
                                  pred:Suicidal_Thoughts 0.0 .
:Respondent12 pred:hasGroupResponse :Respondent12_Depressive_Symptoms_Frequency .

You are a meticulous data analyst AI. Your primary function is to accurately analyze structured data and provide precise, verifiable answers.

You will be given a dataset with two key parts:

A 'questions' section: This is your data dictionary or schema. It is the single source of truth for understanding what each field and score means. Refer to it carefully.

A 'responses' section: This contains the raw data from each individual respondent.

To answer the question correctly, you must first use the 'questions' schema to fully understand the context and meaning of the data points within the 'responses'. Do not rely on any prior knowledge outside of this provided data. Base your entire analysis on the information given.

Provide your final answer directly and concisely. Output must be the human-readable value, not an option code.

Rules:
- For MCQ fields, map any letter codes in the Responses (case-insensitive) to the corresponding option text from the Questions schema, and output only that text. Do NOT include the letter or both.
  Example: If the schema is ""[MCQ: A. Abnormal B. Inconclusive C. Normal]"" and the response is ""a"", output ""Abnormal"".
- For open-ended fields, output the exact text value.
- If the question asks for a count, provide only the number (e.g., ""42"").
- If the question asks for a list of names or IDs, provide a simple comma-separated list (e.g., ""17, 21, 23"").
- Preserve capitalization exactly as in the schema (e.g., output ""Abnormal"", not ""abnormal"" or ""A"").

For respondent 13, what is the value for 'Lacked Confidence Handling Problems' in the 'Emotional Regulation Frequency' category?",,
case_10,answer_lookup,What is the loneliness level for respondent 90?,"@prefix : <http://example.org/survey#> .
@prefix pred: <http://example.org/predicate#> .
@prefix qg: <http://example.org/question_group#> .

# Questions
:QYear_of_birth pred:Text ""What is your date of birth? [Open-ended]"" .
:QGender pred:Text ""What is your gender? [MCQ: 1. Male 2. Female]"" .
:QSocio_economic_status pred:Text ""What is the socio-economic status of your home? [Likert 1–6: 1 = Very low, 6 = Very high]"" .
:QEthnic_identity pred:Text ""According to your culture, people, or physical features, you are or are recognized as: [MCQ: 1. Indigenous 2. Gypsy 3. Raizal from San Andres, Providencia and Santa Catalina Archipelago 4. Palenquero from San Basilio 5. Black, mulatto (Afro-descendant), Afro-Colombian 6. None of the above]"" .

:QGParental_Education pred:BaseQuestion ""How many years of education did your parents receive? [Open-ended]"" ;
    qg:hasSubQuestion :QParental_Education_Father, :QParental_Education_Mother .
:QParental_Education_Father pred:Text ""Father?"" .
:QParental_Education_Mother pred:Text ""Mother?"" .

:QLife_satisfaction pred:Text ""In general, how satisfied are you with all aspects of your life? [Likert 0–10: 0 = Not satisfied, 10 = Totally satisfied]"" .
:QHappiness pred:Text ""How happy did you feel yesterday? [Likert 0–10: 0 = At no time, 10 = All the time]"" .
:QLaughter pred:Text ""How much did you laugh yesterday? [Likert 0–10: 0 = At no time, 10 = All the time]"" .
:QLearning pred:Text ""Did you learn new or exciting things yesterday? [Likert 0–10: 0 = At no time, 10 = All the time]"" .
:QEnjoyment pred:Text ""How much did you enjoy the activities you did yesterday? [Likert 0–10: 0 = At no time, 10 = All the time]"" .
:QWorry pred:Text ""How worried did you feel yesterday? [Likert 0–10: 0 = At no time, 10 = All the time]"" .
:QDepression pred:Text ""How depressed did you feel yesterday? [Likert 0–10: 0 = At no time, 10 = All the time]"" .
:QAnger pred:Text ""How angry did you feel yesterday? [Likert 0–10: 0 = At no time, 10 = All the time]"" .
:QStress pred:Text ""How much stress did you feel yesterday? [Likert 0–10: 0 = At no time, 10 = All the time]"" .
:QLoneliness pred:Text ""How lonely or unsupported did you feel yesterday? [Likert 0–10: 0 = At no time, 10 = All the time]"" .

:QGEmotional_Regulation_Frequency pred:BaseQuestion ""Next, you will be asked questions about your emotional state. Please answer on a scale of 0 to 4, where 0 is never, 1 is 'almost never', 2 is 'sometimes', 3 is 'fairly often', and 4 is 'very often', how often you experienced the following feelings during the last month: [Likert 0–4]"" ;
    qg:hasSubQuestion :QEmotional_Regulation_Frequency_Upset_by_Unexpected_Events,
                      :QEmotional_Regulation_Frequency_Unable_to_Control_Important_Things,
                      :QEmotional_Regulation_Frequency_Nervous_and_Stressed,
                      :QEmotional_Regulation_Frequency_Lacked_Confidence_Handling_Problems,
                      :QEmotional_Regulation_Frequency_Things_Going_Your_Way,
                      :QEmotional_Regulation_Frequency_Unable_to_Cope,
                      :QEmotional_Regulation_Frequency_Irritated_by_Life,
                      :QEmotional_Regulation_Frequency_On_Top_of_Things,
                      :QEmotional_Regulation_Frequency_Angered_by_Uncontrollable_Events,
                      :QEmotional_Regulation_Frequency_Felt_Overwhelmed .

:QEmotional_Regulation_Frequency_Upset_by_Unexpected_Events pred:Text ""how often have you been upset because of something that happened unexpectedly?"" .
:QEmotional_Regulation_Frequency_Unable_to_Control_Important_Things pred:Text ""how often have you felt that you were unable to control the important things in your life?"" .
:QEmotional_Regulation_Frequency_Nervous_and_Stressed pred:Text ""how often have you felt nervous and stressed?"" .
:QEmotional_Regulation_Frequency_Lacked_Confidence_Handling_Problems pred:Text ""how often have you felt confident about your ability to handle your personal problems?"" .
:QEmotional_Regulation_Frequency_Things_Going_Your_Way pred:Text ""how often have you felt that things were going your way?"" .
:QEmotional_Regulation_Frequency_Unable_to_Cope pred:Text ""how often have you found that you could not cope with all the things that you had to do?"" .
:QEmotional_Regulation_Frequency_Irritated_by_Life pred:Text ""how often have you been able to control irritations in your life?"" .
:QEmotional_Regulation_Frequency_On_Top_of_Things pred:Text ""how often have you felt that you were on top of things?"" .
:QEmotional_Regulation_Frequency_Angered_by_Uncontrollable_Events pred:Text ""how often have you been angered because of things that happened that were outside of your control?"" .
:QEmotional_Regulation_Frequency_Felt_Overwhelmed pred:Text ""how often have you felt difficulties were piling up so high that you could not overcome them?"" .

:QGAnxiety_Symptoms_Frequency pred:BaseQuestion ""Next, you will be asked questions about your emotional state. Please answer on a scale of 0 to 3, where 0 is 'Not at all', 1 is 'several days', 2 is 'more than half of the days', and 3 is 'Nearly every day'. Over the last two weeks, how often have you been bothered by the following problems? [Likert 0–3]"" ;
    qg:hasSubQuestion :QAnxiety_Symptoms_Frequency_Feeling_Nervous_or_On_Edge,
                      :QAnxiety_Symptoms_Frequency_Uncontrollable_Worrying,
                      :QAnxiety_Symptoms_Frequency_Excessive_Worry,
                      :QAnxiety_Symptoms_Frequency_Trouble_Relaxing,
                      :QAnxiety_Symptoms_Frequency_Restlessness,
                      :QAnxiety_Symptoms_Frequency_Irritability,
                      :QAnxiety_Symptoms_Frequency_Fear_Something_Awful_Might_Happen .

:QAnxiety_Symptoms_Frequency_Feeling_Nervous_or_On_Edge pred:Text ""Feeling nervous, anxious, or on edge"" .
:QAnxiety_Symptoms_Frequency_Uncontrollable_Worrying pred:Text ""Not being able to stop or control worrying"" .
:QAnxiety_Symptoms_Frequency_Excessive_Worry pred:Text ""Worrying too much about different things"" .
:QAnxiety_Symptoms_Frequency_Trouble_Relaxing pred:Text ""Trouble relaxing"" .
:QAnxiety_Symptoms_Frequency_Restlessness pred:Text ""Being so restless that it is hard to sit still"" .
:QAnxiety_Symptoms_Frequency_Irritability pred:Text ""Becoming easily annoyed or irritable"" .
:QAnxiety_Symptoms_Frequency_Fear_Something_Awful_Might_Happen pred:Text ""Feeling afraid, as if something awful might happen"" .

:QGDepressive_Symptoms_Frequency pred:BaseQuestion ""Next, you will be asked questions about your emotional state. Please answer on a scale of 0 to 3, where 0 is 'Not at all', 1 is 'several days', 2 is 'more than half of the days', and 3 is 'Nearly every day'. Over the last two weeks, how often have you been bothered by the following problems?"" ;
    qg:hasSubQuestion :QDepressive_Symptoms_Frequency_Anhedonia,
                      :QDepressive_Symptoms_Frequency_Depressed_Mood,
                      :QDepressive_Symptoms_Frequency_Sleep_Problems,
                      :QDepressive_Symptoms_Frequency_Fatigue,
                      :QDepressive_Symptoms_Frequency_Appetite_Changes,
                      :QDepressive_Symptoms_Frequency_Feelings_of_Worthlessness,
                      :QDepressive_Symptoms_Frequency_Concentration_Difficulties,
                      :QDepressive_Symptoms_Frequency_Psychomotor_Changes,
                      :QDepressive_Symptoms_Frequency_Suicidal_Thoughts .

:QDepressive_Symptoms_Frequency_Anhedonia pred:Text ""Little interest or pleasure in doing things"" .
:QDepressive_Symptoms_Frequency_Depressed_Mood pred:Text ""Feeling down, depressed, or hopeless"" .
:QDepressive_Symptoms_Frequency_Sleep_Problems pred:Text ""Trouble falling or staying asleep, or sleeping too much"" .
:QDepressive_Symptoms_Frequency_Fatigue pred:Text ""Feeling tired or having little energy"" .
:QDepressive_Symptoms_Frequency_Appetite_Changes pred:Text ""Poor appetite or overeating"" .
:QDepressive_Symptoms_Frequency_Feelings_of_Worthlessness pred:Text ""Feeling bad about yourself or that you are a failure or have let yourself or your family down"" .
:QDepressive_Symptoms_Frequency_Concentration_Difficulties pred:Text ""Trouble concentrating on things, such as reading the newspaper or watching television"" .
:QDepressive_Symptoms_Frequency_Psychomotor_Changes pred:Text ""Moving or speaking so slowly that other people could have noticed. Or the opposite — being so fidgety or restless that you have been moving around a lot more than usual"" .
:QDepressive_Symptoms_Frequency_Suicidal_Thoughts pred:Text ""Thoughts that you would be better off dead, or of hurting yourself"" .

# Responses
:Respondent90 pred:Year_of_birth 2004.0 ;
     pred:Gender 1.0 ;
     pred:Socio_economic_status 5.0 ;
     pred:Ethnic_identity 6.0 .

:Respondent90 pred:Life_satisfaction 8.0 ;
     pred:Happiness 5.0 ;
     pred:Laughter 5.0 ;
     pred:Learning 7.0 ;
     pred:Enjoyment 6.0 ;
     pred:Worry 1.0 ;
     pred:Depression 1.0 ;
     pred:Anger 2.0 ;
     pred:Stress 2.0 ;
     pred:Loneliness 8.0 .

:Respondent90_Emotional_Regulation_Frequency
                                   pred:Upset_by_Unexpected_Events 2.0 ;
                                   pred:Unable_to_Control_Important_Things 2.0 ;
                                   pred:Lacked_Confidence_Handling_Problems 2.0 ;
                                   pred:Unable_to_Cope 1.0 ;
                                   pred:Irritated_by_Life 3.0 ;
                                   pred:On_Top_of_Things 3.0 .
:Respondent90 pred:hasGroupResponse :Respondent90_Emotional_Regulation_Frequency .

:Respondent90_Anxiety_Symptoms_Frequency
                               pred:Feeling_Nervous_or_On_Edge 1.0 ;
                               pred:Trouble_Relaxing 2.0 ;
                               pred:Restlessness 2.0 ;
                               pred:Irritability 1.0 ;
                               pred:Fear_Something_Awful_Might_Happen 2.0 .
:Respondent90 pred:hasGroupResponse :Respondent90_Anxiety_Symptoms_Frequency .

:Respondent90_Depressive_Symptoms_Frequency
                                  pred:Anhedonia 2.0 ;
                                  pred:Sleep_Problems 3.0 ;
                                  pred:Fatigue 1.0 ;
                                  pred:Appetite_Changes 2.0 ;
                                  pred:Feelings_of_Worthlessness 1.0 ;
                                  pred:Concentration_Difficulties 1.0 ;
                                  pred:Suicidal_Thoughts 1.0 .
:Respondent90 pred:hasGroupResponse :Respondent90_Depressive_Symptoms_Frequency .

:Respondent36 pred:Year_of_birth 2006.0 ;
     pred:Gender 1.0 ;
     pred:Socio_economic_status 5.0 ;
     pred:Ethnic_identity 6.0 .

:Respondent36 pred:Life_satisfaction 8.0 ;
     pred:Happiness 9.0 ;
     pred:Laughter 9.0 ;
     pred:Learning 7.0 ;
     pred:Enjoyment 9.0 ;
     pred:Worry 0.0 ;
     pred:Depression 0.0 ;
     pred:Anger 1.0 ;
     pred:Stress 2.0 ;
     pred:Loneliness 0.0 .

:Respondent36_Emotional_Regulation_Frequency
                                   pred:Upset_by_Unexpected_Events 1.0 ;
                                   pred:Unable_to_Control_Important_Things 1.0 ;
                                   pred:Lacked_Confidence_Handling_Problems 2.0 ;
                                   pred:Unable_to_Cope 2.0 ;
                                   pred:Irritated_by_Life 3.0 ;
                                   pred:On_Top_of_Things 3.0 .
:Respondent36 pred:hasGroupResponse :Respondent36_Emotional_Regulation_Frequency .

:Respondent36_Anxiety_Symptoms_Frequency
                               pred:Feeling_Nervous_or_On_Edge 0.0 ;
                               pred:Trouble_Relaxing 2.0 ;
                               pred:Restlessness 0.0 ;
                               pred:Irritability 1.0 ;
                               pred:Fear_Something_Awful_Might_Happen 0.0 .
:Respondent36 pred:hasGroupResponse :Respondent36_Anxiety_Symptoms_Frequency .

:Respondent36_Depressive_Symptoms_Frequency
                                  pred:Anhedonia 1.0 ;
                                  pred:Sleep_Problems 1.0 ;
                                  pred:Fatigue 1.0 ;
                                  pred:Appetite_Changes 0.0 ;
                                  pred:Feelings_of_Worthlessness 0.0 ;
                                  pred:Concentration_Difficulties 0.0 ;
                                  pred:Suicidal_Thoughts 0.0 .
:Respondent36 pred:hasGroupResponse :Respondent36_Depressive_Symptoms_Frequency .

:Respondent98 pred:Year_of_birth 2003.0 ;
     pred:Gender 2.0 ;
     pred:Socio_economic_status 3.0 ;
     pred:Ethnic_identity 6.0 .

:Respondent98 pred:Life_satisfaction 8.0 ;
     pred:Happiness 8.0 ;
     pred:Laughter 8.0 ;
     pred:Learning 9.0 ;
     pred:Enjoyment 8.0 ;
     pred:Worry 1.0 ;
     pred:Depression 1.0 ;
     pred:Anger 3.0 ;
     pred:Stress 4.0 ;
     pred:Loneliness 4.0 .

:Respondent98_Emotional_Regulation_Frequency
                                   pred:Upset_by_Unexpected_Events 2.0 ;
                                   pred:Unable_to_Control_Important_Things 3.0 ;
                                   pred:Lacked_Confidence_Handling_Problems 2.0 ;
                                   pred:Unable_to_Cope 1.0 ;
                                   pred:Irritated_by_Life 3.0 ;
                                   pred:On_Top_of_Things 2.0 .
:Respondent98 pred:hasGroupResponse :Respondent98_Emotional_Regulation_Frequency .

:Respondent98_Anxiety_Symptoms_Frequency
                               pred:Feeling_Nervous_or_On_Edge 1.0 ;
                               pred:Trouble_Relaxing 1.0 ;
                               pred:Restlessness 0.0 ;
                               pred:Irritability 1.0 ;
                               pred:Fear_Something_Awful_Might_Happen 1.0 .
:Respondent98 pred:hasGroupResponse :Respondent98_Anxiety_Symptoms_Frequency .

:Respondent98_Depressive_Symptoms_Frequency
                                  pred:Anhedonia 1.0 ;
                                  pred:Sleep_Problems 1.0 ;
                                  pred:Fatigue 1.0 ;
                                  pred:Appetite_Changes 1.0 ;
                                  pred:Feelings_of_Worthlessness 0.0 ;
                                  pred:Concentration_Difficulties 1.0 ;
                                  pred:Suicidal_Thoughts 0.0 .
:Respondent98 pred:hasGroupResponse :Respondent98_Depressive_Symptoms_Frequency .
",8.0,"For respondent 129, what is the value for 'Appetite Changes' in the 'Depressive Symptoms Frequency' category?

DATA:

@prefix : <http://example.org/survey#> .
@prefix pred: <http://example.org/predicate#> .
@prefix qg: <http://example.org/question_group#> .

# Questions
:QYear_of_birth pred:Text ""What is your date of birth? [Open-ended]"" .
:QGender pred:Text ""What is your gender? [MCQ: 1. Male 2. Female]"" .
:QSocio_economic_status pred:Text ""What is the socio-economic status of your home? [Likert 1–6: 1 = Very low, 6 = Very high]"" .
:QEthnic_identity pred:Text ""According to your culture, people, or physical features, you are or are recognized as: [MCQ: 1. Indigenous 2. Gypsy 3. Raizal from San Andres, Providencia and Santa Catalina Archipelago 4. Palenquero from San Basilio 5. Black, mulatto (Afro-descendant), Afro-Colombian 6. None of the above]"" .

:QGParental_Education pred:BaseQuestion ""How many years of education did your parents receive? [Open-ended]"" ;
    qg:hasSubQuestion :QParental_Education_Father, :QParental_Education_Mother .
:QParental_Education_Father pred:Text ""Father?"" .
:QParental_Education_Mother pred:Text ""Mother?"" .

:QLife_satisfaction pred:Text ""In general, how satisfied are you with all aspects of your life? [Likert 0–10: 0 = Not satisfied, 10 = Totally satisfied]"" .
:QHappiness pred:Text ""How happy did you feel yesterday? [Likert 0–10: 0 = At no time, 10 = All the time]"" .
:QLaughter pred:Text ""How much did you laugh yesterday? [Likert 0–10: 0 = At no time, 10 = All the time]"" .
:QLearning pred:Text ""Did you learn new or exciting things yesterday? [Likert 0–10: 0 = At no time, 10 = All the time]"" .
:QEnjoyment pred:Text ""How much did you enjoy the activities you did yesterday? [Likert 0–10: 0 = At no time, 10 = All the time]"" .
:QWorry pred:Text ""How worried did you feel yesterday? [Likert 0–10: 0 = At no time, 10 = All the time]"" .
:QDepression pred:Text ""How depressed did you feel yesterday? [Likert 0–10: 0 = At no time, 10 = All the time]"" .
:QAnger pred:Text ""How angry did you feel yesterday? [Likert 0–10: 0 = At no time, 10 = All the time]"" .
:QStress pred:Text ""How much stress did you feel yesterday? [Likert 0–10: 0 = At no time, 10 = All the time]"" .
:QLoneliness pred:Text ""How lonely or unsupported did you feel yesterday? [Likert 0–10: 0 = At no time, 10 = All the time]"" .

:QGEmotional_Regulation_Frequency pred:BaseQuestion ""Next, you will be asked questions about your emotional state. Please answer on a scale of 0 to 4, where 0 is never, 1 is 'almost never', 2 is 'sometimes', 3 is 'fairly often', and 4 is 'very often', how often you experienced the following feelings during the last month: [Likert 0–4]"" ;
    qg:hasSubQuestion :QEmotional_Regulation_Frequency_Upset_by_Unexpected_Events,
                      :QEmotional_Regulation_Frequency_Unable_to_Control_Important_Things,
                      :QEmotional_Regulation_Frequency_Nervous_and_Stressed,
                      :QEmotional_Regulation_Frequency_Lacked_Confidence_Handling_Problems,
                      :QEmotional_Regulation_Frequency_Things_Going_Your_Way,
                      :QEmotional_Regulation_Frequency_Unable_to_Cope,
                      :QEmotional_Regulation_Frequency_Irritated_by_Life,
                      :QEmotional_Regulation_Frequency_On_Top_of_Things,
                      :QEmotional_Regulation_Frequency_Angered_by_Uncontrollable_Events,
                      :QEmotional_Regulation_Frequency_Felt_Overwhelmed .

:QEmotional_Regulation_Frequency_Upset_by_Unexpected_Events pred:Text ""how often have you been upset because of something that happened unexpectedly?"" .
:QEmotional_Regulation_Frequency_Unable_to_Control_Important_Things pred:Text ""how often have you felt that you were unable to control the important things in your life?"" .
:QEmotional_Regulation_Frequency_Nervous_and_Stressed pred:Text ""how often have you felt nervous and stressed?"" .
:QEmotional_Regulation_Frequency_Lacked_Confidence_Handling_Problems pred:Text ""how often have you felt confident about your ability to handle your personal problems?"" .
:QEmotional_Regulation_Frequency_Things_Going_Your_Way pred:Text ""how often have you felt that things were going your way?"" .
:QEmotional_Regulation_Frequency_Unable_to_Cope pred:Text ""how often have you found that you could not cope with all the things that you had to do?"" .
:QEmotional_Regulation_Frequency_Irritated_by_Life pred:Text ""how often have you been able to control irritations in your life?"" .
:QEmotional_Regulation_Frequency_On_Top_of_Things pred:Text ""how often have you felt that you were on top of things?"" .
:QEmotional_Regulation_Frequency_Angered_by_Uncontrollable_Events pred:Text ""how often have you been angered because of things that happened that were outside of your control?"" .
:QEmotional_Regulation_Frequency_Felt_Overwhelmed pred:Text ""how often have you felt difficulties were piling up so high that you could not overcome them?"" .

:QGAnxiety_Symptoms_Frequency pred:BaseQuestion ""Next, you will be asked questions about your emotional state. Please answer on a scale of 0 to 3, where 0 is 'Not at all', 1 is 'several days', 2 is 'more than half of the days', and 3 is 'Nearly every day'. Over the last two weeks, how often have you been bothered by the following problems? [Likert 0–3]"" ;
    qg:hasSubQuestion :QAnxiety_Symptoms_Frequency_Feeling_Nervous_or_On_Edge,
                      :QAnxiety_Symptoms_Frequency_Uncontrollable_Worrying,
                      :QAnxiety_Symptoms_Frequency_Excessive_Worry,
                      :QAnxiety_Symptoms_Frequency_Trouble_Relaxing,
                      :QAnxiety_Symptoms_Frequency_Restlessness,
                      :QAnxiety_Symptoms_Frequency_Irritability,
                      :QAnxiety_Symptoms_Frequency_Fear_Something_Awful_Might_Happen .

:QAnxiety_Symptoms_Frequency_Feeling_Nervous_or_On_Edge pred:Text ""Feeling nervous, anxious, or on edge"" .
:QAnxiety_Symptoms_Frequency_Uncontrollable_Worrying pred:Text ""Not being able to stop or control worrying"" .
:QAnxiety_Symptoms_Frequency_Excessive_Worry pred:Text ""Worrying too much about different things"" .
:QAnxiety_Symptoms_Frequency_Trouble_Relaxing pred:Text ""Trouble relaxing"" .
:QAnxiety_Symptoms_Frequency_Restlessness pred:Text ""Being so restless that it is hard to sit still"" .
:QAnxiety_Symptoms_Frequency_Irritability pred:Text ""Becoming easily annoyed or irritable"" .
:QAnxiety_Symptoms_Frequency_Fear_Something_Awful_Might_Happen pred:Text ""Feeling afraid, as if something awful might happen"" .

:QGDepressive_Symptoms_Frequency pred:BaseQuestion ""Next, you will be asked questions about your emotional state. Please answer on a scale of 0 to 3, where 0 is 'Not at all', 1 is 'several days', 2 is 'more than half of the days', and 3 is 'Nearly every day'. Over the last two weeks, how often have you been bothered by the following problems?"" ;
    qg:hasSubQuestion :QDepressive_Symptoms_Frequency_Anhedonia,
                      :QDepressive_Symptoms_Frequency_Depressed_Mood,
                      :QDepressive_Symptoms_Frequency_Sleep_Problems,
                      :QDepressive_Symptoms_Frequency_Fatigue,
                      :QDepressive_Symptoms_Frequency_Appetite_Changes,
                      :QDepressive_Symptoms_Frequency_Feelings_of_Worthlessness,
                      :QDepressive_Symptoms_Frequency_Concentration_Difficulties,
                      :QDepressive_Symptoms_Frequency_Psychomotor_Changes,
                      :QDepressive_Symptoms_Frequency_Suicidal_Thoughts .

:QDepressive_Symptoms_Frequency_Anhedonia pred:Text ""Little interest or pleasure in doing things"" .
:QDepressive_Symptoms_Frequency_Depressed_Mood pred:Text ""Feeling down, depressed, or hopeless"" .
:QDepressive_Symptoms_Frequency_Sleep_Problems pred:Text ""Trouble falling or staying asleep, or sleeping too much"" .
:QDepressive_Symptoms_Frequency_Fatigue pred:Text ""Feeling tired or having little energy"" .
:QDepressive_Symptoms_Frequency_Appetite_Changes pred:Text ""Poor appetite or overeating"" .
:QDepressive_Symptoms_Frequency_Feelings_of_Worthlessness pred:Text ""Feeling bad about yourself or that you are a failure or have let yourself or your family down"" .
:QDepressive_Symptoms_Frequency_Concentration_Difficulties pred:Text ""Trouble concentrating on things, such as reading the newspaper or watching television"" .
:QDepressive_Symptoms_Frequency_Psychomotor_Changes pred:Text ""Moving or speaking so slowly that other people could have noticed. Or the opposite — being so fidgety or restless that you have been moving around a lot more than usual"" .
:QDepressive_Symptoms_Frequency_Suicidal_Thoughts pred:Text ""Thoughts that you would be better off dead, or of hurting yourself"" .

# Responses
:Respondent73 pred:Year_of_birth 2005.0 ;
     pred:Gender 2.0 ;
     pred:Socio_economic_status 2.0 ;
     pred:Ethnic_identity 6.0 .

:Respondent73_Parental_Education
                       pred:Father 25.0 ;
                       pred:Mother 15.0 .
:Respondent73 pred:hasGroupResponse :Respondent73_Parental_Education .

:Respondent73 pred:Life_satisfaction 8.0 ;
     pred:Happiness 5.0 ;
     pred:Laughter 4.0 ;
     pred:Learning 5.0 ;
     pred:Enjoyment 5.0 ;
     pred:Worry 2.0 ;
     pred:Depression 1.0 ;
     pred:Anger 2.0 ;
     pred:Stress 4.0 ;
     pred:Loneliness 6.0 .

:Respondent73_Emotional_Regulation_Frequency
                                   pred:Upset_by_Unexpected_Events 2.0 ;
                                   pred:Unable_to_Control_Important_Things 2.0 ;
                                   pred:Lacked_Confidence_Handling_Problems 2.0 ;
                                   pred:Unable_to_Cope 2.0 ;
                                   pred:Irritated_by_Life 2.0 ;
                                   pred:On_Top_of_Things 2.0 .
:Respondent73 pred:hasGroupResponse :Respondent73_Emotional_Regulation_Frequency .

:Respondent73_Anxiety_Symptoms_Frequency
                               pred:Feeling_Nervous_or_On_Edge 2.0 ;
                               pred:Trouble_Relaxing 1.0 ;
                               pred:Restlessness 1.0 ;
                               pred:Irritability 2.0 ;
                               pred:Fear_Something_Awful_Might_Happen 2.0 .
:Respondent73 pred:hasGroupResponse :Respondent73_Anxiety_Symptoms_Frequency .

:Respondent73_Depressive_Symptoms_Frequency
                                  pred:Anhedonia 1.0 ;
                                  pred:Sleep_Problems 2.0 ;
                                  pred:Fatigue 1.0 ;
                                  pred:Appetite_Changes 1.0 ;
                                  pred:Feelings_of_Worthlessness 1.0 ;
                                  pred:Concentration_Difficulties 1.0 ;
                                  pred:Suicidal_Thoughts 0.0 .
:Respondent73 pred:hasGroupResponse :Respondent73_Depressive_Symptoms_Frequency .

:Respondent85 pred:Year_of_birth 2004.0 ;
     pred:Gender 2.0 ;
     pred:Socio_economic_status 3.0 ;
     pred:Ethnic_identity 6.0 .

:Respondent85_Parental_Education
                       pred:Father 18.0 .
:Respondent85 pred:hasGroupResponse :Respondent85_Parental_Education .

:Respondent85 pred:Life_satisfaction 5.0 ;
     pred:Happiness 6.0 ;
     pred:Laughter 6.0 ;
     pred:Learning 8.0 ;
     pred:Enjoyment 5.0 ;
     pred:Worry 1.0 ;
     pred:Depression 1.0 ;
     pred:Anger 2.0 ;
     pred:Stress 4.0 ;
     pred:Loneliness 1.0 .

:Respondent85_Emotional_Regulation_Frequency
                                   pred:Upset_by_Unexpected_Events 2.0 ;
                                   pred:Unable_to_Control_Important_Things 3.0 ;
                                   pred:Lacked_Confidence_Handling_Problems 2.0 ;
                                   pred:Unable_to_Cope 3.0 ;
                                   pred:Irritated_by_Life 3.0 ;
                                   pred:On_Top_of_Things 2.0 .
:Respondent85 pred:hasGroupResponse :Respondent85_Emotional_Regulation_Frequency .

:Respondent85_Anxiety_Symptoms_Frequency
                               pred:Feeling_Nervous_or_On_Edge 1.0 ;
                               pred:Trouble_Relaxing 1.0 ;
                               pred:Restlessness 0.0 ;
                               pred:Irritability 1.0 ;
                               pred:Fear_Something_Awful_Might_Happen 1.0 .
:Respondent85 pred:hasGroupResponse :Respondent85_Anxiety_Symptoms_Frequency .

:Respondent85_Depressive_Symptoms_Frequency
                                  pred:Anhedonia 2.0 ;
                                  pred:Sleep_Problems 2.0 ;
                                  pred:Fatigue 3.0 ;
                                  pred:Appetite_Changes 3.0 ;
                                  pred:Feelings_of_Worthlessness 1.0 ;
                                  pred:Concentration_Difficulties 1.0 ;
                                  pred:Suicidal_Thoughts 0.0 .
:Respondent85 pred:hasGroupResponse :Respondent85_Depressive_Symptoms_Frequency .

:Respondent129 pred:Year_of_birth 2001.0 ;
     pred:Gender 2.0 ;
     pred:Socio_economic_status 3.0 ;
     pred:Ethnic_identity 6.0 .

:Respondent129_Parental_Education
                       pred:Father 13.0 ;
                       pred:Mother 13.0 .
:Respondent129 pred:hasGroupResponse :Respondent129_Parental_Education .

:Respondent129 pred:Life_satisfaction 8.0 ;
     pred:Happiness 9.0 ;
     pred:Laughter 6.0 ;
     pred:Learning 5.0 ;
     pred:Enjoyment 6.0 ;
     pred:Worry 1.0 ;
     pred:Depression 1.0 ;
     pred:Anger 1.0 ;
     pred:Stress 3.0 ;
     pred:Loneliness 0.0 .

:Respondent129_Emotional_Regulation_Frequency
                                   pred:Upset_by_Unexpected_Events 1.0 ;
                                   pred:Unable_to_Control_Important_Things 1.0 ;
                                   pred:Lacked_Confidence_Handling_Problems 3.0 ;
                                   pred:Unable_to_Cope 2.0 ;
                                   pred:Irritated_by_Life 3.0 ;
                                   pred:On_Top_of_Things 2.0 .
:Respondent129 pred:hasGroupResponse :Respondent129_Emotional_Regulation_Frequency .

:Respondent129_Anxiety_Symptoms_Frequency
                               pred:Feeling_Nervous_or_On_Edge 1.0 ;
                               pred:Trouble_Relaxing 1.0 ;
                               pred:Restlessness 0.0 ;
                               pred:Irritability 0.0 ;
                               pred:Fear_Something_Awful_Might_Happen 0.0 .
:Respondent129 pred:hasGroupResponse :Respondent129_Anxiety_Symptoms_Frequency .

:Respondent129_Depressive_Symptoms_Frequency
                                  pred:Anhedonia 1.0 ;
                                  pred:Sleep_Problems 1.0 ;
                                  pred:Fatigue 2.0 ;
                                  pred:Appetite_Changes 2.0 ;
                                  pred:Feelings_of_Worthlessness 0.0 ;
                                  pred:Concentration_Difficulties 2.0 ;
                                  pred:Suicidal_Thoughts 0.0 .
:Respondent129 pred:hasGroupResponse :Respondent129_Depressive_Symptoms_Frequency .

Answer: 2.0

@prefix : <http://example.org/survey#> .
@prefix pred: <http://example.org/predicate#> .
@prefix qg: <http://example.org/question_group#> .

# Questions
:QYear_of_birth pred:Text ""What is your date of birth? [Open-ended]"" .
:QGender pred:Text ""What is your gender? [MCQ: 1. Male 2. Female]"" .
:QSocio_economic_status pred:Text ""What is the socio-economic status of your home? [Likert 1–6: 1 = Very low, 6 = Very high]"" .
:QEthnic_identity pred:Text ""According to your culture, people, or physical features, you are or are recognized as: [MCQ: 1. Indigenous 2. Gypsy 3. Raizal from San Andres, Providencia and Santa Catalina Archipelago 4. Palenquero from San Basilio 5. Black, mulatto (Afro-descendant), Afro-Colombian 6. None of the above]"" .

:QGParental_Education pred:BaseQuestion ""How many years of education did your parents receive? [Open-ended]"" ;
    qg:hasSubQuestion :QParental_Education_Father, :QParental_Education_Mother .
:QParental_Education_Father pred:Text ""Father?"" .
:QParental_Education_Mother pred:Text ""Mother?"" .

:QLife_satisfaction pred:Text ""In general, how satisfied are you with all aspects of your life? [Likert 0–10: 0 = Not satisfied, 10 = Totally satisfied]"" .
:QHappiness pred:Text ""How happy did you feel yesterday? [Likert 0–10: 0 = At no time, 10 = All the time]"" .
:QLaughter pred:Text ""How much did you laugh yesterday? [Likert 0–10: 0 = At no time, 10 = All the time]"" .
:QLearning pred:Text ""Did you learn new or exciting things yesterday? [Likert 0–10: 0 = At no time, 10 = All the time]"" .
:QEnjoyment pred:Text ""How much did you enjoy the activities you did yesterday? [Likert 0–10: 0 = At no time, 10 = All the time]"" .
:QWorry pred:Text ""How worried did you feel yesterday? [Likert 0–10: 0 = At no time, 10 = All the time]"" .
:QDepression pred:Text ""How depressed did you feel yesterday? [Likert 0–10: 0 = At no time, 10 = All the time]"" .
:QAnger pred:Text ""How angry did you feel yesterday? [Likert 0–10: 0 = At no time, 10 = All the time]"" .
:QStress pred:Text ""How much stress did you feel yesterday? [Likert 0–10: 0 = At no time, 10 = All the time]"" .
:QLoneliness pred:Text ""How lonely or unsupported did you feel yesterday? [Likert 0–10: 0 = At no time, 10 = All the time]"" .

:QGEmotional_Regulation_Frequency pred:BaseQuestion ""Next, you will be asked questions about your emotional state. Please answer on a scale of 0 to 4, where 0 is never, 1 is 'almost never', 2 is 'sometimes', 3 is 'fairly often', and 4 is 'very often', how often you experienced the following feelings during the last month: [Likert 0–4]"" ;
    qg:hasSubQuestion :QEmotional_Regulation_Frequency_Upset_by_Unexpected_Events,
                      :QEmotional_Regulation_Frequency_Unable_to_Control_Important_Things,
                      :QEmotional_Regulation_Frequency_Nervous_and_Stressed,
                      :QEmotional_Regulation_Frequency_Lacked_Confidence_Handling_Problems,
                      :QEmotional_Regulation_Frequency_Things_Going_Your_Way,
                      :QEmotional_Regulation_Frequency_Unable_to_Cope,
                      :QEmotional_Regulation_Frequency_Irritated_by_Life,
                      :QEmotional_Regulation_Frequency_On_Top_of_Things,
                      :QEmotional_Regulation_Frequency_Angered_by_Uncontrollable_Events,
                      :QEmotional_Regulation_Frequency_Felt_Overwhelmed .

:QEmotional_Regulation_Frequency_Upset_by_Unexpected_Events pred:Text ""how often have you been upset because of something that happened unexpectedly?"" .
:QEmotional_Regulation_Frequency_Unable_to_Control_Important_Things pred:Text ""how often have you felt that you were unable to control the important things in your life?"" .
:QEmotional_Regulation_Frequency_Nervous_and_Stressed pred:Text ""how often have you felt nervous and stressed?"" .
:QEmotional_Regulation_Frequency_Lacked_Confidence_Handling_Problems pred:Text ""how often have you felt confident about your ability to handle your personal problems?"" .
:QEmotional_Regulation_Frequency_Things_Going_Your_Way pred:Text ""how often have you felt that things were going your way?"" .
:QEmotional_Regulation_Frequency_Unable_to_Cope pred:Text ""how often have you found that you could not cope with all the things that you had to do?"" .
:QEmotional_Regulation_Frequency_Irritated_by_Life pred:Text ""how often have you been able to control irritations in your life?"" .
:QEmotional_Regulation_Frequency_On_Top_of_Things pred:Text ""how often have you felt that you were on top of things?"" .
:QEmotional_Regulation_Frequency_Angered_by_Uncontrollable_Events pred:Text ""how often have you been angered because of things that happened that were outside of your control?"" .
:QEmotional_Regulation_Frequency_Felt_Overwhelmed pred:Text ""how often have you felt difficulties were piling up so high that you could not overcome them?"" .

:QGAnxiety_Symptoms_Frequency pred:BaseQuestion ""Next, you will be asked questions about your emotional state. Please answer on a scale of 0 to 3, where 0 is 'Not at all', 1 is 'several days', 2 is 'more than half of the days', and 3 is 'Nearly every day'. Over the last two weeks, how often have you been bothered by the following problems? [Likert 0–3]"" ;
    qg:hasSubQuestion :QAnxiety_Symptoms_Frequency_Feeling_Nervous_or_On_Edge,
                      :QAnxiety_Symptoms_Frequency_Uncontrollable_Worrying,
                      :QAnxiety_Symptoms_Frequency_Excessive_Worry,
                      :QAnxiety_Symptoms_Frequency_Trouble_Relaxing,
                      :QAnxiety_Symptoms_Frequency_Restlessness,
                      :QAnxiety_Symptoms_Frequency_Irritability,
                      :QAnxiety_Symptoms_Frequency_Fear_Something_Awful_Might_Happen .

:QAnxiety_Symptoms_Frequency_Feeling_Nervous_or_On_Edge pred:Text ""Feeling nervous, anxious, or on edge"" .
:QAnxiety_Symptoms_Frequency_Uncontrollable_Worrying pred:Text ""Not being able to stop or control worrying"" .
:QAnxiety_Symptoms_Frequency_Excessive_Worry pred:Text ""Worrying too much about different things"" .
:QAnxiety_Symptoms_Frequency_Trouble_Relaxing pred:Text ""Trouble relaxing"" .
:QAnxiety_Symptoms_Frequency_Restlessness pred:Text ""Being so restless that it is hard to sit still"" .
:QAnxiety_Symptoms_Frequency_Irritability pred:Text ""Becoming easily annoyed or irritable"" .
:QAnxiety_Symptoms_Frequency_Fear_Something_Awful_Might_Happen pred:Text ""Feeling afraid, as if something awful might happen"" .

:QGDepressive_Symptoms_Frequency pred:BaseQuestion ""Next, you will be asked questions about your emotional state. Please answer on a scale of 0 to 3, where 0 is 'Not at all', 1 is 'several days', 2 is 'more than half of the days', and 3 is 'Nearly every day'. Over the last two weeks, how often have you been bothered by the following problems?"" ;
    qg:hasSubQuestion :QDepressive_Symptoms_Frequency_Anhedonia,
                      :QDepressive_Symptoms_Frequency_Depressed_Mood,
                      :QDepressive_Symptoms_Frequency_Sleep_Problems,
                      :QDepressive_Symptoms_Frequency_Fatigue,
                      :QDepressive_Symptoms_Frequency_Appetite_Changes,
                      :QDepressive_Symptoms_Frequency_Feelings_of_Worthlessness,
                      :QDepressive_Symptoms_Frequency_Concentration_Difficulties,
                      :QDepressive_Symptoms_Frequency_Psychomotor_Changes,
                      :QDepressive_Symptoms_Frequency_Suicidal_Thoughts .

:QDepressive_Symptoms_Frequency_Anhedonia pred:Text ""Little interest or pleasure in doing things"" .
:QDepressive_Symptoms_Frequency_Depressed_Mood pred:Text ""Feeling down, depressed, or hopeless"" .
:QDepressive_Symptoms_Frequency_Sleep_Problems pred:Text ""Trouble falling or staying asleep, or sleeping too much"" .
:QDepressive_Symptoms_Frequency_Fatigue pred:Text ""Feeling tired or having little energy"" .
:QDepressive_Symptoms_Frequency_Appetite_Changes pred:Text ""Poor appetite or overeating"" .
:QDepressive_Symptoms_Frequency_Feelings_of_Worthlessness pred:Text ""Feeling bad about yourself or that you are a failure or have let yourself or your family down"" .
:QDepressive_Symptoms_Frequency_Concentration_Difficulties pred:Text ""Trouble concentrating on things, such as reading the newspaper or watching television"" .
:QDepressive_Symptoms_Frequency_Psychomotor_Changes pred:Text ""Moving or speaking so slowly that other people could have noticed. Or the opposite — being so fidgety or restless that you have been moving around a lot more than usual"" .
:QDepressive_Symptoms_Frequency_Suicidal_Thoughts pred:Text ""Thoughts that you would be better off dead, or of hurting yourself"" .

# Responses
:Respondent90 pred:Year_of_birth 2004.0 ;
     pred:Gender 1.0 ;
     pred:Socio_economic_status 5.0 ;
     pred:Ethnic_identity 6.0 .

:Respondent90 pred:Life_satisfaction 8.0 ;
     pred:Happiness 5.0 ;
     pred:Laughter 5.0 ;
     pred:Learning 7.0 ;
     pred:Enjoyment 6.0 ;
     pred:Worry 1.0 ;
     pred:Depression 1.0 ;
     pred:Anger 2.0 ;
     pred:Stress 2.0 ;
     pred:Loneliness 8.0 .

:Respondent90_Emotional_Regulation_Frequency
                                   pred:Upset_by_Unexpected_Events 2.0 ;
                                   pred:Unable_to_Control_Important_Things 2.0 ;
                                   pred:Lacked_Confidence_Handling_Problems 2.0 ;
                                   pred:Unable_to_Cope 1.0 ;
                                   pred:Irritated_by_Life 3.0 ;
                                   pred:On_Top_of_Things 3.0 .
:Respondent90 pred:hasGroupResponse :Respondent90_Emotional_Regulation_Frequency .

:Respondent90_Anxiety_Symptoms_Frequency
                               pred:Feeling_Nervous_or_On_Edge 1.0 ;
                               pred:Trouble_Relaxing 2.0 ;
                               pred:Restlessness 2.0 ;
                               pred:Irritability 1.0 ;
                               pred:Fear_Something_Awful_Might_Happen 2.0 .
:Respondent90 pred:hasGroupResponse :Respondent90_Anxiety_Symptoms_Frequency .

:Respondent90_Depressive_Symptoms_Frequency
                                  pred:Anhedonia 2.0 ;
                                  pred:Sleep_Problems 3.0 ;
                                  pred:Fatigue 1.0 ;
                                  pred:Appetite_Changes 2.0 ;
                                  pred:Feelings_of_Worthlessness 1.0 ;
                                  pred:Concentration_Difficulties 1.0 ;
                                  pred:Suicidal_Thoughts 1.0 .
:Respondent90 pred:hasGroupResponse :Respondent90_Depressive_Symptoms_Frequency .

:Respondent36 pred:Year_of_birth 2006.0 ;
     pred:Gender 1.0 ;
     pred:Socio_economic_status 5.0 ;
     pred:Ethnic_identity 6.0 .

:Respondent36 pred:Life_satisfaction 8.0 ;
     pred:Happiness 9.0 ;
     pred:Laughter 9.0 ;
     pred:Learning 7.0 ;
     pred:Enjoyment 9.0 ;
     pred:Worry 0.0 ;
     pred:Depression 0.0 ;
     pred:Anger 1.0 ;
     pred:Stress 2.0 ;
     pred:Loneliness 0.0 .

:Respondent36_Emotional_Regulation_Frequency
                                   pred:Upset_by_Unexpected_Events 1.0 ;
                                   pred:Unable_to_Control_Important_Things 1.0 ;
                                   pred:Lacked_Confidence_Handling_Problems 2.0 ;
                                   pred:Unable_to_Cope 2.0 ;
                                   pred:Irritated_by_Life 3.0 ;
                                   pred:On_Top_of_Things 3.0 .
:Respondent36 pred:hasGroupResponse :Respondent36_Emotional_Regulation_Frequency .

:Respondent36_Anxiety_Symptoms_Frequency
                               pred:Feeling_Nervous_or_On_Edge 0.0 ;
                               pred:Trouble_Relaxing 2.0 ;
                               pred:Restlessness 0.0 ;
                               pred:Irritability 1.0 ;
                               pred:Fear_Something_Awful_Might_Happen 0.0 .
:Respondent36 pred:hasGroupResponse :Respondent36_Anxiety_Symptoms_Frequency .

:Respondent36_Depressive_Symptoms_Frequency
                                  pred:Anhedonia 1.0 ;
                                  pred:Sleep_Problems 1.0 ;
                                  pred:Fatigue 1.0 ;
                                  pred:Appetite_Changes 0.0 ;
                                  pred:Feelings_of_Worthlessness 0.0 ;
                                  pred:Concentration_Difficulties 0.0 ;
                                  pred:Suicidal_Thoughts 0.0 .
:Respondent36 pred:hasGroupResponse :Respondent36_Depressive_Symptoms_Frequency .

:Respondent98 pred:Year_of_birth 2003.0 ;
     pred:Gender 2.0 ;
     pred:Socio_economic_status 3.0 ;
     pred:Ethnic_identity 6.0 .

:Respondent98 pred:Life_satisfaction 8.0 ;
     pred:Happiness 8.0 ;
     pred:Laughter 8.0 ;
     pred:Learning 9.0 ;
     pred:Enjoyment 8.0 ;
     pred:Worry 1.0 ;
     pred:Depression 1.0 ;
     pred:Anger 3.0 ;
     pred:Stress 4.0 ;
     pred:Loneliness 4.0 .

:Respondent98_Emotional_Regulation_Frequency
                                   pred:Upset_by_Unexpected_Events 2.0 ;
                                   pred:Unable_to_Control_Important_Things 3.0 ;
                                   pred:Lacked_Confidence_Handling_Problems 2.0 ;
                                   pred:Unable_to_Cope 1.0 ;
                                   pred:Irritated_by_Life 3.0 ;
                                   pred:On_Top_of_Things 2.0 .
:Respondent98 pred:hasGroupResponse :Respondent98_Emotional_Regulation_Frequency .

:Respondent98_Anxiety_Symptoms_Frequency
                               pred:Feeling_Nervous_or_On_Edge 1.0 ;
                               pred:Trouble_Relaxing 1.0 ;
                               pred:Restlessness 0.0 ;
                               pred:Irritability 1.0 ;
                               pred:Fear_Something_Awful_Might_Happen 1.0 .
:Respondent98 pred:hasGroupResponse :Respondent98_Anxiety_Symptoms_Frequency .

:Respondent98_Depressive_Symptoms_Frequency
                                  pred:Anhedonia 1.0 ;
                                  pred:Sleep_Problems 1.0 ;
                                  pred:Fatigue 1.0 ;
                                  pred:Appetite_Changes 1.0 ;
                                  pred:Feelings_of_Worthlessness 0.0 ;
                                  pred:Concentration_Difficulties 1.0 ;
                                  pred:Suicidal_Thoughts 0.0 .
:Respondent98 pred:hasGroupResponse :Respondent98_Depressive_Symptoms_Frequency .

You are a meticulous data analyst AI. Your primary function is to accurately analyze structured data and provide precise, verifiable answers.

You will be given a dataset with two key parts:

A 'questions' section: This is your data dictionary or schema. It is the single source of truth for understanding what each field and score means. Refer to it carefully.

A 'responses' section: This contains the raw data from each individual respondent.

To answer the question correctly, you must first use the 'questions' schema to fully understand the context and meaning of the data points within the 'responses'. Do not rely on any prior knowledge outside of this provided data. Base your entire analysis on the information given.

Provide your final answer directly and concisely. Output must be the human-readable value, not an option code.

Rules:
- For MCQ fields, map any letter codes in the Responses (case-insensitive) to the corresponding option text from the Questions schema, and output only that text. Do NOT include the letter or both.
  Example: If the schema is ""[MCQ: A. Abnormal B. Inconclusive C. Normal]"" and the response is ""a"", output ""Abnormal"".
- For open-ended fields, output the exact text value.
- If the question asks for a count, provide only the number (e.g., ""42"").
- If the question asks for a list of names or IDs, provide a simple comma-separated list (e.g., ""17, 21, 23"").
- Preserve capitalization exactly as in the schema (e.g., output ""Abnormal"", not ""abnormal"" or ""A"").

What is the loneliness level for respondent 90?",,
case_11,answer_lookup,What is the happiness level for respondent 109?,"@prefix : <http://example.org/survey#> .
@prefix pred: <http://example.org/predicate#> .
@prefix qg: <http://example.org/question_group#> .

# Questions
:QYear_of_birth pred:Text ""What is your date of birth? [Open-ended]"" .
:QGender pred:Text ""What is your gender? [MCQ: 1. Male 2. Female]"" .
:QSocio_economic_status pred:Text ""What is the socio-economic status of your home? [Likert 1–6: 1 = Very low, 6 = Very high]"" .
:QEthnic_identity pred:Text ""According to your culture, people, or physical features, you are or are recognized as: [MCQ: 1. Indigenous 2. Gypsy 3. Raizal from San Andres, Providencia and Santa Catalina Archipelago 4. Palenquero from San Basilio 5. Black, mulatto (Afro-descendant), Afro-Colombian 6. None of the above]"" .

:QGParental_Education pred:BaseQuestion ""How many years of education did your parents receive? [Open-ended]"" ;
    qg:hasSubQuestion :QParental_Education_Father, :QParental_Education_Mother .
:QParental_Education_Father pred:Text ""Father?"" .
:QParental_Education_Mother pred:Text ""Mother?"" .

:QLife_satisfaction pred:Text ""In general, how satisfied are you with all aspects of your life? [Likert 0–10: 0 = Not satisfied, 10 = Totally satisfied]"" .
:QHappiness pred:Text ""How happy did you feel yesterday? [Likert 0–10: 0 = At no time, 10 = All the time]"" .
:QLaughter pred:Text ""How much did you laugh yesterday? [Likert 0–10: 0 = At no time, 10 = All the time]"" .
:QLearning pred:Text ""Did you learn new or exciting things yesterday? [Likert 0–10: 0 = At no time, 10 = All the time]"" .
:QEnjoyment pred:Text ""How much did you enjoy the activities you did yesterday? [Likert 0–10: 0 = At no time, 10 = All the time]"" .
:QWorry pred:Text ""How worried did you feel yesterday? [Likert 0–10: 0 = At no time, 10 = All the time]"" .
:QDepression pred:Text ""How depressed did you feel yesterday? [Likert 0–10: 0 = At no time, 10 = All the time]"" .
:QAnger pred:Text ""How angry did you feel yesterday? [Likert 0–10: 0 = At no time, 10 = All the time]"" .
:QStress pred:Text ""How much stress did you feel yesterday? [Likert 0–10: 0 = At no time, 10 = All the time]"" .
:QLoneliness pred:Text ""How lonely or unsupported did you feel yesterday? [Likert 0–10: 0 = At no time, 10 = All the time]"" .

:QGEmotional_Regulation_Frequency pred:BaseQuestion ""Next, you will be asked questions about your emotional state. Please answer on a scale of 0 to 4, where 0 is never, 1 is 'almost never', 2 is 'sometimes', 3 is 'fairly often', and 4 is 'very often', how often you experienced the following feelings during the last month: [Likert 0–4]"" ;
    qg:hasSubQuestion :QEmotional_Regulation_Frequency_Upset_by_Unexpected_Events,
                      :QEmotional_Regulation_Frequency_Unable_to_Control_Important_Things,
                      :QEmotional_Regulation_Frequency_Nervous_and_Stressed,
                      :QEmotional_Regulation_Frequency_Lacked_Confidence_Handling_Problems,
                      :QEmotional_Regulation_Frequency_Things_Going_Your_Way,
                      :QEmotional_Regulation_Frequency_Unable_to_Cope,
                      :QEmotional_Regulation_Frequency_Irritated_by_Life,
                      :QEmotional_Regulation_Frequency_On_Top_of_Things,
                      :QEmotional_Regulation_Frequency_Angered_by_Uncontrollable_Events,
                      :QEmotional_Regulation_Frequency_Felt_Overwhelmed .

:QEmotional_Regulation_Frequency_Upset_by_Unexpected_Events pred:Text ""how often have you been upset because of something that happened unexpectedly?"" .
:QEmotional_Regulation_Frequency_Unable_to_Control_Important_Things pred:Text ""how often have you felt that you were unable to control the important things in your life?"" .
:QEmotional_Regulation_Frequency_Nervous_and_Stressed pred:Text ""how often have you felt nervous and stressed?"" .
:QEmotional_Regulation_Frequency_Lacked_Confidence_Handling_Problems pred:Text ""how often have you felt confident about your ability to handle your personal problems?"" .
:QEmotional_Regulation_Frequency_Things_Going_Your_Way pred:Text ""how often have you felt that things were going your way?"" .
:QEmotional_Regulation_Frequency_Unable_to_Cope pred:Text ""how often have you found that you could not cope with all the things that you had to do?"" .
:QEmotional_Regulation_Frequency_Irritated_by_Life pred:Text ""how often have you been able to control irritations in your life?"" .
:QEmotional_Regulation_Frequency_On_Top_of_Things pred:Text ""how often have you felt that you were on top of things?"" .
:QEmotional_Regulation_Frequency_Angered_by_Uncontrollable_Events pred:Text ""how often have you been angered because of things that happened that were outside of your control?"" .
:QEmotional_Regulation_Frequency_Felt_Overwhelmed pred:Text ""how often have you felt difficulties were piling up so high that you could not overcome them?"" .

:QGAnxiety_Symptoms_Frequency pred:BaseQuestion ""Next, you will be asked questions about your emotional state. Please answer on a scale of 0 to 3, where 0 is 'Not at all', 1 is 'several days', 2 is 'more than half of the days', and 3 is 'Nearly every day'. Over the last two weeks, how often have you been bothered by the following problems? [Likert 0–3]"" ;
    qg:hasSubQuestion :QAnxiety_Symptoms_Frequency_Feeling_Nervous_or_On_Edge,
                      :QAnxiety_Symptoms_Frequency_Uncontrollable_Worrying,
                      :QAnxiety_Symptoms_Frequency_Excessive_Worry,
                      :QAnxiety_Symptoms_Frequency_Trouble_Relaxing,
                      :QAnxiety_Symptoms_Frequency_Restlessness,
                      :QAnxiety_Symptoms_Frequency_Irritability,
                      :QAnxiety_Symptoms_Frequency_Fear_Something_Awful_Might_Happen .

:QAnxiety_Symptoms_Frequency_Feeling_Nervous_or_On_Edge pred:Text ""Feeling nervous, anxious, or on edge"" .
:QAnxiety_Symptoms_Frequency_Uncontrollable_Worrying pred:Text ""Not being able to stop or control worrying"" .
:QAnxiety_Symptoms_Frequency_Excessive_Worry pred:Text ""Worrying too much about different things"" .
:QAnxiety_Symptoms_Frequency_Trouble_Relaxing pred:Text ""Trouble relaxing"" .
:QAnxiety_Symptoms_Frequency_Restlessness pred:Text ""Being so restless that it is hard to sit still"" .
:QAnxiety_Symptoms_Frequency_Irritability pred:Text ""Becoming easily annoyed or irritable"" .
:QAnxiety_Symptoms_Frequency_Fear_Something_Awful_Might_Happen pred:Text ""Feeling afraid, as if something awful might happen"" .

:QGDepressive_Symptoms_Frequency pred:BaseQuestion ""Next, you will be asked questions about your emotional state. Please answer on a scale of 0 to 3, where 0 is 'Not at all', 1 is 'several days', 2 is 'more than half of the days', and 3 is 'Nearly every day'. Over the last two weeks, how often have you been bothered by the following problems?"" ;
    qg:hasSubQuestion :QDepressive_Symptoms_Frequency_Anhedonia,
                      :QDepressive_Symptoms_Frequency_Depressed_Mood,
                      :QDepressive_Symptoms_Frequency_Sleep_Problems,
                      :QDepressive_Symptoms_Frequency_Fatigue,
                      :QDepressive_Symptoms_Frequency_Appetite_Changes,
                      :QDepressive_Symptoms_Frequency_Feelings_of_Worthlessness,
                      :QDepressive_Symptoms_Frequency_Concentration_Difficulties,
                      :QDepressive_Symptoms_Frequency_Psychomotor_Changes,
                      :QDepressive_Symptoms_Frequency_Suicidal_Thoughts .

:QDepressive_Symptoms_Frequency_Anhedonia pred:Text ""Little interest or pleasure in doing things"" .
:QDepressive_Symptoms_Frequency_Depressed_Mood pred:Text ""Feeling down, depressed, or hopeless"" .
:QDepressive_Symptoms_Frequency_Sleep_Problems pred:Text ""Trouble falling or staying asleep, or sleeping too much"" .
:QDepressive_Symptoms_Frequency_Fatigue pred:Text ""Feeling tired or having little energy"" .
:QDepressive_Symptoms_Frequency_Appetite_Changes pred:Text ""Poor appetite or overeating"" .
:QDepressive_Symptoms_Frequency_Feelings_of_Worthlessness pred:Text ""Feeling bad about yourself or that you are a failure or have let yourself or your family down"" .
:QDepressive_Symptoms_Frequency_Concentration_Difficulties pred:Text ""Trouble concentrating on things, such as reading the newspaper or watching television"" .
:QDepressive_Symptoms_Frequency_Psychomotor_Changes pred:Text ""Moving or speaking so slowly that other people could have noticed. Or the opposite — being so fidgety or restless that you have been moving around a lot more than usual"" .
:QDepressive_Symptoms_Frequency_Suicidal_Thoughts pred:Text ""Thoughts that you would be better off dead, or of hurting yourself"" .

# Responses
:Respondent109 pred:Year_of_birth 2003.0 ;
     pred:Gender 2.0 ;
     pred:Socio_economic_status 6.0 ;
     pred:Ethnic_identity 6.0 .

:Respondent109_Parental_Education
                       pred:Father 13.0 ;
                       pred:Mother 6.0 .
:Respondent109 pred:hasGroupResponse :Respondent109_Parental_Education .

:Respondent109 pred:Life_satisfaction 5.0 ;
     pred:Happiness 5.0 ;
     pred:Laughter 3.0 ;
     pred:Learning 5.0 ;
     pred:Enjoyment 4.0 ;
     pred:Worry 3.0 ;
     pred:Depression 1.0 ;
     pred:Anger 4.0 ;
     pred:Stress 3.0 ;
     pred:Loneliness 5.0 .

:Respondent109_Emotional_Regulation_Frequency
                                   pred:Upset_by_Unexpected_Events 4.0 ;
                                   pred:Unable_to_Control_Important_Things 4.0 ;
                                   pred:Lacked_Confidence_Handling_Problems 2.0 ;
                                   pred:Unable_to_Cope 3.0 ;
                                   pred:Irritated_by_Life 2.0 ;
                                   pred:On_Top_of_Things 2.0 .
:Respondent109 pred:hasGroupResponse :Respondent109_Emotional_Regulation_Frequency .

:Respondent109_Anxiety_Symptoms_Frequency
                               pred:Feeling_Nervous_or_On_Edge 3.0 ;
                               pred:Trouble_Relaxing 1.0 ;
                               pred:Restlessness 0.0 ;
                               pred:Irritability 2.0 ;
                               pred:Fear_Something_Awful_Might_Happen 3.0 .
:Respondent109 pred:hasGroupResponse :Respondent109_Anxiety_Symptoms_Frequency .

:Respondent109_Depressive_Symptoms_Frequency
                                  pred:Anhedonia 1.0 ;
                                  pred:Sleep_Problems 0.0 ;
                                  pred:Fatigue 0.0 ;
                                  pred:Appetite_Changes 0.0 ;
                                  pred:Feelings_of_Worthlessness 3.0 ;
                                  pred:Concentration_Difficulties 0.0 ;
                                  pred:Suicidal_Thoughts 0.0 .
:Respondent109 pred:hasGroupResponse :Respondent109_Depressive_Symptoms_Frequency .

:Respondent60 pred:Year_of_birth 2003.0 ;
     pred:Gender 1.0 ;
     pred:Socio_economic_status 6.0 ;
     pred:Ethnic_identity 6.0 .

:Respondent60 pred:Life_satisfaction 10.0 ;
     pred:Happiness 10.0 ;
     pred:Laughter 9.0 ;
     pred:Learning 8.0 ;
     pred:Enjoyment 9.0 ;
     pred:Worry 0.0 ;
     pred:Depression 0.0 ;
     pred:Anger 2.0 ;
     pred:Stress 1.0 ;
     pred:Loneliness 0.0 .

:Respondent60_Emotional_Regulation_Frequency
                                   pred:Upset_by_Unexpected_Events 1.0 ;
                                   pred:Unable_to_Control_Important_Things 2.0 ;
                                   pred:Lacked_Confidence_Handling_Problems 4.0 ;
                                   pred:Unable_to_Cope 1.0 ;
                                   pred:Irritated_by_Life 4.0 ;
                                   pred:On_Top_of_Things 3.0 .
:Respondent60 pred:hasGroupResponse :Respondent60_Emotional_Regulation_Frequency .

:Respondent60_Anxiety_Symptoms_Frequency
                               pred:Feeling_Nervous_or_On_Edge 0.0 ;
                               pred:Trouble_Relaxing 0.0 ;
                               pred:Restlessness 0.0 ;
                               pred:Irritability 0.0 ;
                               pred:Fear_Something_Awful_Might_Happen 0.0 .
:Respondent60 pred:hasGroupResponse :Respondent60_Anxiety_Symptoms_Frequency .

:Respondent60_Depressive_Symptoms_Frequency
                                  pred:Anhedonia 0.0 ;
                                  pred:Sleep_Problems 0.0 ;
                                  pred:Fatigue 1.0 ;
                                  pred:Appetite_Changes 0.0 ;
                                  pred:Feelings_of_Worthlessness 0.0 ;
                                  pred:Concentration_Difficulties 0.0 ;
                                  pred:Suicidal_Thoughts 0.0 .
:Respondent60 pred:hasGroupResponse :Respondent60_Depressive_Symptoms_Frequency .

:Respondent129 pred:Year_of_birth 2001.0 ;
     pred:Gender 2.0 ;
     pred:Socio_economic_status 3.0 ;
     pred:Ethnic_identity 6.0 .

:Respondent129_Parental_Education
                       pred:Father 13.0 ;
                       pred:Mother 13.0 .
:Respondent129 pred:hasGroupResponse :Respondent129_Parental_Education .

:Respondent129 pred:Life_satisfaction 8.0 ;
     pred:Happiness 9.0 ;
     pred:Laughter 6.0 ;
     pred:Learning 5.0 ;
     pred:Enjoyment 6.0 ;
     pred:Worry 1.0 ;
     pred:Depression 1.0 ;
     pred:Anger 1.0 ;
     pred:Stress 3.0 ;
     pred:Loneliness 0.0 .

:Respondent129_Emotional_Regulation_Frequency
                                   pred:Upset_by_Unexpected_Events 1.0 ;
                                   pred:Unable_to_Control_Important_Things 1.0 ;
                                   pred:Lacked_Confidence_Handling_Problems 3.0 ;
                                   pred:Unable_to_Cope 2.0 ;
                                   pred:Irritated_by_Life 3.0 ;
                                   pred:On_Top_of_Things 2.0 .
:Respondent129 pred:hasGroupResponse :Respondent129_Emotional_Regulation_Frequency .

:Respondent129_Anxiety_Symptoms_Frequency
                               pred:Feeling_Nervous_or_On_Edge 1.0 ;
                               pred:Trouble_Relaxing 1.0 ;
                               pred:Restlessness 0.0 ;
                               pred:Irritability 0.0 ;
                               pred:Fear_Something_Awful_Might_Happen 0.0 .
:Respondent129 pred:hasGroupResponse :Respondent129_Anxiety_Symptoms_Frequency .

:Respondent129_Depressive_Symptoms_Frequency
                                  pred:Anhedonia 1.0 ;
                                  pred:Sleep_Problems 1.0 ;
                                  pred:Fatigue 2.0 ;
                                  pred:Appetite_Changes 2.0 ;
                                  pred:Feelings_of_Worthlessness 0.0 ;
                                  pred:Concentration_Difficulties 2.0 ;
                                  pred:Suicidal_Thoughts 0.0 .
:Respondent129 pred:hasGroupResponse :Respondent129_Depressive_Symptoms_Frequency .
",5.0,"For respondent 129, what is the value for 'Appetite Changes' in the 'Depressive Symptoms Frequency' category?

DATA:

@prefix : <http://example.org/survey#> .
@prefix pred: <http://example.org/predicate#> .
@prefix qg: <http://example.org/question_group#> .

# Questions
:QYear_of_birth pred:Text ""What is your date of birth? [Open-ended]"" .
:QGender pred:Text ""What is your gender? [MCQ: 1. Male 2. Female]"" .
:QSocio_economic_status pred:Text ""What is the socio-economic status of your home? [Likert 1–6: 1 = Very low, 6 = Very high]"" .
:QEthnic_identity pred:Text ""According to your culture, people, or physical features, you are or are recognized as: [MCQ: 1. Indigenous 2. Gypsy 3. Raizal from San Andres, Providencia and Santa Catalina Archipelago 4. Palenquero from San Basilio 5. Black, mulatto (Afro-descendant), Afro-Colombian 6. None of the above]"" .

:QGParental_Education pred:BaseQuestion ""How many years of education did your parents receive? [Open-ended]"" ;
    qg:hasSubQuestion :QParental_Education_Father, :QParental_Education_Mother .
:QParental_Education_Father pred:Text ""Father?"" .
:QParental_Education_Mother pred:Text ""Mother?"" .

:QLife_satisfaction pred:Text ""In general, how satisfied are you with all aspects of your life? [Likert 0–10: 0 = Not satisfied, 10 = Totally satisfied]"" .
:QHappiness pred:Text ""How happy did you feel yesterday? [Likert 0–10: 0 = At no time, 10 = All the time]"" .
:QLaughter pred:Text ""How much did you laugh yesterday? [Likert 0–10: 0 = At no time, 10 = All the time]"" .
:QLearning pred:Text ""Did you learn new or exciting things yesterday? [Likert 0–10: 0 = At no time, 10 = All the time]"" .
:QEnjoyment pred:Text ""How much did you enjoy the activities you did yesterday? [Likert 0–10: 0 = At no time, 10 = All the time]"" .
:QWorry pred:Text ""How worried did you feel yesterday? [Likert 0–10: 0 = At no time, 10 = All the time]"" .
:QDepression pred:Text ""How depressed did you feel yesterday? [Likert 0–10: 0 = At no time, 10 = All the time]"" .
:QAnger pred:Text ""How angry did you feel yesterday? [Likert 0–10: 0 = At no time, 10 = All the time]"" .
:QStress pred:Text ""How much stress did you feel yesterday? [Likert 0–10: 0 = At no time, 10 = All the time]"" .
:QLoneliness pred:Text ""How lonely or unsupported did you feel yesterday? [Likert 0–10: 0 = At no time, 10 = All the time]"" .

:QGEmotional_Regulation_Frequency pred:BaseQuestion ""Next, you will be asked questions about your emotional state. Please answer on a scale of 0 to 4, where 0 is never, 1 is 'almost never', 2 is 'sometimes', 3 is 'fairly often', and 4 is 'very often', how often you experienced the following feelings during the last month: [Likert 0–4]"" ;
    qg:hasSubQuestion :QEmotional_Regulation_Frequency_Upset_by_Unexpected_Events,
                      :QEmotional_Regulation_Frequency_Unable_to_Control_Important_Things,
                      :QEmotional_Regulation_Frequency_Nervous_and_Stressed,
                      :QEmotional_Regulation_Frequency_Lacked_Confidence_Handling_Problems,
                      :QEmotional_Regulation_Frequency_Things_Going_Your_Way,
                      :QEmotional_Regulation_Frequency_Unable_to_Cope,
                      :QEmotional_Regulation_Frequency_Irritated_by_Life,
                      :QEmotional_Regulation_Frequency_On_Top_of_Things,
                      :QEmotional_Regulation_Frequency_Angered_by_Uncontrollable_Events,
                      :QEmotional_Regulation_Frequency_Felt_Overwhelmed .

:QEmotional_Regulation_Frequency_Upset_by_Unexpected_Events pred:Text ""how often have you been upset because of something that happened unexpectedly?"" .
:QEmotional_Regulation_Frequency_Unable_to_Control_Important_Things pred:Text ""how often have you felt that you were unable to control the important things in your life?"" .
:QEmotional_Regulation_Frequency_Nervous_and_Stressed pred:Text ""how often have you felt nervous and stressed?"" .
:QEmotional_Regulation_Frequency_Lacked_Confidence_Handling_Problems pred:Text ""how often have you felt confident about your ability to handle your personal problems?"" .
:QEmotional_Regulation_Frequency_Things_Going_Your_Way pred:Text ""how often have you felt that things were going your way?"" .
:QEmotional_Regulation_Frequency_Unable_to_Cope pred:Text ""how often have you found that you could not cope with all the things that you had to do?"" .
:QEmotional_Regulation_Frequency_Irritated_by_Life pred:Text ""how often have you been able to control irritations in your life?"" .
:QEmotional_Regulation_Frequency_On_Top_of_Things pred:Text ""how often have you felt that you were on top of things?"" .
:QEmotional_Regulation_Frequency_Angered_by_Uncontrollable_Events pred:Text ""how often have you been angered because of things that happened that were outside of your control?"" .
:QEmotional_Regulation_Frequency_Felt_Overwhelmed pred:Text ""how often have you felt difficulties were piling up so high that you could not overcome them?"" .

:QGAnxiety_Symptoms_Frequency pred:BaseQuestion ""Next, you will be asked questions about your emotional state. Please answer on a scale of 0 to 3, where 0 is 'Not at all', 1 is 'several days', 2 is 'more than half of the days', and 3 is 'Nearly every day'. Over the last two weeks, how often have you been bothered by the following problems? [Likert 0–3]"" ;
    qg:hasSubQuestion :QAnxiety_Symptoms_Frequency_Feeling_Nervous_or_On_Edge,
                      :QAnxiety_Symptoms_Frequency_Uncontrollable_Worrying,
                      :QAnxiety_Symptoms_Frequency_Excessive_Worry,
                      :QAnxiety_Symptoms_Frequency_Trouble_Relaxing,
                      :QAnxiety_Symptoms_Frequency_Restlessness,
                      :QAnxiety_Symptoms_Frequency_Irritability,
                      :QAnxiety_Symptoms_Frequency_Fear_Something_Awful_Might_Happen .

:QAnxiety_Symptoms_Frequency_Feeling_Nervous_or_On_Edge pred:Text ""Feeling nervous, anxious, or on edge"" .
:QAnxiety_Symptoms_Frequency_Uncontrollable_Worrying pred:Text ""Not being able to stop or control worrying"" .
:QAnxiety_Symptoms_Frequency_Excessive_Worry pred:Text ""Worrying too much about different things"" .
:QAnxiety_Symptoms_Frequency_Trouble_Relaxing pred:Text ""Trouble relaxing"" .
:QAnxiety_Symptoms_Frequency_Restlessness pred:Text ""Being so restless that it is hard to sit still"" .
:QAnxiety_Symptoms_Frequency_Irritability pred:Text ""Becoming easily annoyed or irritable"" .
:QAnxiety_Symptoms_Frequency_Fear_Something_Awful_Might_Happen pred:Text ""Feeling afraid, as if something awful might happen"" .

:QGDepressive_Symptoms_Frequency pred:BaseQuestion ""Next, you will be asked questions about your emotional state. Please answer on a scale of 0 to 3, where 0 is 'Not at all', 1 is 'several days', 2 is 'more than half of the days', and 3 is 'Nearly every day'. Over the last two weeks, how often have you been bothered by the following problems?"" ;
    qg:hasSubQuestion :QDepressive_Symptoms_Frequency_Anhedonia,
                      :QDepressive_Symptoms_Frequency_Depressed_Mood,
                      :QDepressive_Symptoms_Frequency_Sleep_Problems,
                      :QDepressive_Symptoms_Frequency_Fatigue,
                      :QDepressive_Symptoms_Frequency_Appetite_Changes,
                      :QDepressive_Symptoms_Frequency_Feelings_of_Worthlessness,
                      :QDepressive_Symptoms_Frequency_Concentration_Difficulties,
                      :QDepressive_Symptoms_Frequency_Psychomotor_Changes,
                      :QDepressive_Symptoms_Frequency_Suicidal_Thoughts .

:QDepressive_Symptoms_Frequency_Anhedonia pred:Text ""Little interest or pleasure in doing things"" .
:QDepressive_Symptoms_Frequency_Depressed_Mood pred:Text ""Feeling down, depressed, or hopeless"" .
:QDepressive_Symptoms_Frequency_Sleep_Problems pred:Text ""Trouble falling or staying asleep, or sleeping too much"" .
:QDepressive_Symptoms_Frequency_Fatigue pred:Text ""Feeling tired or having little energy"" .
:QDepressive_Symptoms_Frequency_Appetite_Changes pred:Text ""Poor appetite or overeating"" .
:QDepressive_Symptoms_Frequency_Feelings_of_Worthlessness pred:Text ""Feeling bad about yourself or that you are a failure or have let yourself or your family down"" .
:QDepressive_Symptoms_Frequency_Concentration_Difficulties pred:Text ""Trouble concentrating on things, such as reading the newspaper or watching television"" .
:QDepressive_Symptoms_Frequency_Psychomotor_Changes pred:Text ""Moving or speaking so slowly that other people could have noticed. Or the opposite — being so fidgety or restless that you have been moving around a lot more than usual"" .
:QDepressive_Symptoms_Frequency_Suicidal_Thoughts pred:Text ""Thoughts that you would be better off dead, or of hurting yourself"" .

# Responses
:Respondent73 pred:Year_of_birth 2005.0 ;
     pred:Gender 2.0 ;
     pred:Socio_economic_status 2.0 ;
     pred:Ethnic_identity 6.0 .

:Respondent73_Parental_Education
                       pred:Father 25.0 ;
                       pred:Mother 15.0 .
:Respondent73 pred:hasGroupResponse :Respondent73_Parental_Education .

:Respondent73 pred:Life_satisfaction 8.0 ;
     pred:Happiness 5.0 ;
     pred:Laughter 4.0 ;
     pred:Learning 5.0 ;
     pred:Enjoyment 5.0 ;
     pred:Worry 2.0 ;
     pred:Depression 1.0 ;
     pred:Anger 2.0 ;
     pred:Stress 4.0 ;
     pred:Loneliness 6.0 .

:Respondent73_Emotional_Regulation_Frequency
                                   pred:Upset_by_Unexpected_Events 2.0 ;
                                   pred:Unable_to_Control_Important_Things 2.0 ;
                                   pred:Lacked_Confidence_Handling_Problems 2.0 ;
                                   pred:Unable_to_Cope 2.0 ;
                                   pred:Irritated_by_Life 2.0 ;
                                   pred:On_Top_of_Things 2.0 .
:Respondent73 pred:hasGroupResponse :Respondent73_Emotional_Regulation_Frequency .

:Respondent73_Anxiety_Symptoms_Frequency
                               pred:Feeling_Nervous_or_On_Edge 2.0 ;
                               pred:Trouble_Relaxing 1.0 ;
                               pred:Restlessness 1.0 ;
                               pred:Irritability 2.0 ;
                               pred:Fear_Something_Awful_Might_Happen 2.0 .
:Respondent73 pred:hasGroupResponse :Respondent73_Anxiety_Symptoms_Frequency .

:Respondent73_Depressive_Symptoms_Frequency
                                  pred:Anhedonia 1.0 ;
                                  pred:Sleep_Problems 2.0 ;
                                  pred:Fatigue 1.0 ;
                                  pred:Appetite_Changes 1.0 ;
                                  pred:Feelings_of_Worthlessness 1.0 ;
                                  pred:Concentration_Difficulties 1.0 ;
                                  pred:Suicidal_Thoughts 0.0 .
:Respondent73 pred:hasGroupResponse :Respondent73_Depressive_Symptoms_Frequency .

:Respondent85 pred:Year_of_birth 2004.0 ;
     pred:Gender 2.0 ;
     pred:Socio_economic_status 3.0 ;
     pred:Ethnic_identity 6.0 .

:Respondent85_Parental_Education
                       pred:Father 18.0 .
:Respondent85 pred:hasGroupResponse :Respondent85_Parental_Education .

:Respondent85 pred:Life_satisfaction 5.0 ;
     pred:Happiness 6.0 ;
     pred:Laughter 6.0 ;
     pred:Learning 8.0 ;
     pred:Enjoyment 5.0 ;
     pred:Worry 1.0 ;
     pred:Depression 1.0 ;
     pred:Anger 2.0 ;
     pred:Stress 4.0 ;
     pred:Loneliness 1.0 .

:Respondent85_Emotional_Regulation_Frequency
                                   pred:Upset_by_Unexpected_Events 2.0 ;
                                   pred:Unable_to_Control_Important_Things 3.0 ;
                                   pred:Lacked_Confidence_Handling_Problems 2.0 ;
                                   pred:Unable_to_Cope 3.0 ;
                                   pred:Irritated_by_Life 3.0 ;
                                   pred:On_Top_of_Things 2.0 .
:Respondent85 pred:hasGroupResponse :Respondent85_Emotional_Regulation_Frequency .

:Respondent85_Anxiety_Symptoms_Frequency
                               pred:Feeling_Nervous_or_On_Edge 1.0 ;
                               pred:Trouble_Relaxing 1.0 ;
                               pred:Restlessness 0.0 ;
                               pred:Irritability 1.0 ;
                               pred:Fear_Something_Awful_Might_Happen 1.0 .
:Respondent85 pred:hasGroupResponse :Respondent85_Anxiety_Symptoms_Frequency .

:Respondent85_Depressive_Symptoms_Frequency
                                  pred:Anhedonia 2.0 ;
                                  pred:Sleep_Problems 2.0 ;
                                  pred:Fatigue 3.0 ;
                                  pred:Appetite_Changes 3.0 ;
                                  pred:Feelings_of_Worthlessness 1.0 ;
                                  pred:Concentration_Difficulties 1.0 ;
                                  pred:Suicidal_Thoughts 0.0 .
:Respondent85 pred:hasGroupResponse :Respondent85_Depressive_Symptoms_Frequency .

:Respondent129 pred:Year_of_birth 2001.0 ;
     pred:Gender 2.0 ;
     pred:Socio_economic_status 3.0 ;
     pred:Ethnic_identity 6.0 .

:Respondent129_Parental_Education
                       pred:Father 13.0 ;
                       pred:Mother 13.0 .
:Respondent129 pred:hasGroupResponse :Respondent129_Parental_Education .

:Respondent129 pred:Life_satisfaction 8.0 ;
     pred:Happiness 9.0 ;
     pred:Laughter 6.0 ;
     pred:Learning 5.0 ;
     pred:Enjoyment 6.0 ;
     pred:Worry 1.0 ;
     pred:Depression 1.0 ;
     pred:Anger 1.0 ;
     pred:Stress 3.0 ;
     pred:Loneliness 0.0 .

:Respondent129_Emotional_Regulation_Frequency
                                   pred:Upset_by_Unexpected_Events 1.0 ;
                                   pred:Unable_to_Control_Important_Things 1.0 ;
                                   pred:Lacked_Confidence_Handling_Problems 3.0 ;
                                   pred:Unable_to_Cope 2.0 ;
                                   pred:Irritated_by_Life 3.0 ;
                                   pred:On_Top_of_Things 2.0 .
:Respondent129 pred:hasGroupResponse :Respondent129_Emotional_Regulation_Frequency .

:Respondent129_Anxiety_Symptoms_Frequency
                               pred:Feeling_Nervous_or_On_Edge 1.0 ;
                               pred:Trouble_Relaxing 1.0 ;
                               pred:Restlessness 0.0 ;
                               pred:Irritability 0.0 ;
                               pred:Fear_Something_Awful_Might_Happen 0.0 .
:Respondent129 pred:hasGroupResponse :Respondent129_Anxiety_Symptoms_Frequency .

:Respondent129_Depressive_Symptoms_Frequency
                                  pred:Anhedonia 1.0 ;
                                  pred:Sleep_Problems 1.0 ;
                                  pred:Fatigue 2.0 ;
                                  pred:Appetite_Changes 2.0 ;
                                  pred:Feelings_of_Worthlessness 0.0 ;
                                  pred:Concentration_Difficulties 2.0 ;
                                  pred:Suicidal_Thoughts 0.0 .
:Respondent129 pred:hasGroupResponse :Respondent129_Depressive_Symptoms_Frequency .

Answer: 2.0

@prefix : <http://example.org/survey#> .
@prefix pred: <http://example.org/predicate#> .
@prefix qg: <http://example.org/question_group#> .

# Questions
:QYear_of_birth pred:Text ""What is your date of birth? [Open-ended]"" .
:QGender pred:Text ""What is your gender? [MCQ: 1. Male 2. Female]"" .
:QSocio_economic_status pred:Text ""What is the socio-economic status of your home? [Likert 1–6: 1 = Very low, 6 = Very high]"" .
:QEthnic_identity pred:Text ""According to your culture, people, or physical features, you are or are recognized as: [MCQ: 1. Indigenous 2. Gypsy 3. Raizal from San Andres, Providencia and Santa Catalina Archipelago 4. Palenquero from San Basilio 5. Black, mulatto (Afro-descendant), Afro-Colombian 6. None of the above]"" .

:QGParental_Education pred:BaseQuestion ""How many years of education did your parents receive? [Open-ended]"" ;
    qg:hasSubQuestion :QParental_Education_Father, :QParental_Education_Mother .
:QParental_Education_Father pred:Text ""Father?"" .
:QParental_Education_Mother pred:Text ""Mother?"" .

:QLife_satisfaction pred:Text ""In general, how satisfied are you with all aspects of your life? [Likert 0–10: 0 = Not satisfied, 10 = Totally satisfied]"" .
:QHappiness pred:Text ""How happy did you feel yesterday? [Likert 0–10: 0 = At no time, 10 = All the time]"" .
:QLaughter pred:Text ""How much did you laugh yesterday? [Likert 0–10: 0 = At no time, 10 = All the time]"" .
:QLearning pred:Text ""Did you learn new or exciting things yesterday? [Likert 0–10: 0 = At no time, 10 = All the time]"" .
:QEnjoyment pred:Text ""How much did you enjoy the activities you did yesterday? [Likert 0–10: 0 = At no time, 10 = All the time]"" .
:QWorry pred:Text ""How worried did you feel yesterday? [Likert 0–10: 0 = At no time, 10 = All the time]"" .
:QDepression pred:Text ""How depressed did you feel yesterday? [Likert 0–10: 0 = At no time, 10 = All the time]"" .
:QAnger pred:Text ""How angry did you feel yesterday? [Likert 0–10: 0 = At no time, 10 = All the time]"" .
:QStress pred:Text ""How much stress did you feel yesterday? [Likert 0–10: 0 = At no time, 10 = All the time]"" .
:QLoneliness pred:Text ""How lonely or unsupported did you feel yesterday? [Likert 0–10: 0 = At no time, 10 = All the time]"" .

:QGEmotional_Regulation_Frequency pred:BaseQuestion ""Next, you will be asked questions about your emotional state. Please answer on a scale of 0 to 4, where 0 is never, 1 is 'almost never', 2 is 'sometimes', 3 is 'fairly often', and 4 is 'very often', how often you experienced the following feelings during the last month: [Likert 0–4]"" ;
    qg:hasSubQuestion :QEmotional_Regulation_Frequency_Upset_by_Unexpected_Events,
                      :QEmotional_Regulation_Frequency_Unable_to_Control_Important_Things,
                      :QEmotional_Regulation_Frequency_Nervous_and_Stressed,
                      :QEmotional_Regulation_Frequency_Lacked_Confidence_Handling_Problems,
                      :QEmotional_Regulation_Frequency_Things_Going_Your_Way,
                      :QEmotional_Regulation_Frequency_Unable_to_Cope,
                      :QEmotional_Regulation_Frequency_Irritated_by_Life,
                      :QEmotional_Regulation_Frequency_On_Top_of_Things,
                      :QEmotional_Regulation_Frequency_Angered_by_Uncontrollable_Events,
                      :QEmotional_Regulation_Frequency_Felt_Overwhelmed .

:QEmotional_Regulation_Frequency_Upset_by_Unexpected_Events pred:Text ""how often have you been upset because of something that happened unexpectedly?"" .
:QEmotional_Regulation_Frequency_Unable_to_Control_Important_Things pred:Text ""how often have you felt that you were unable to control the important things in your life?"" .
:QEmotional_Regulation_Frequency_Nervous_and_Stressed pred:Text ""how often have you felt nervous and stressed?"" .
:QEmotional_Regulation_Frequency_Lacked_Confidence_Handling_Problems pred:Text ""how often have you felt confident about your ability to handle your personal problems?"" .
:QEmotional_Regulation_Frequency_Things_Going_Your_Way pred:Text ""how often have you felt that things were going your way?"" .
:QEmotional_Regulation_Frequency_Unable_to_Cope pred:Text ""how often have you found that you could not cope with all the things that you had to do?"" .
:QEmotional_Regulation_Frequency_Irritated_by_Life pred:Text ""how often have you been able to control irritations in your life?"" .
:QEmotional_Regulation_Frequency_On_Top_of_Things pred:Text ""how often have you felt that you were on top of things?"" .
:QEmotional_Regulation_Frequency_Angered_by_Uncontrollable_Events pred:Text ""how often have you been angered because of things that happened that were outside of your control?"" .
:QEmotional_Regulation_Frequency_Felt_Overwhelmed pred:Text ""how often have you felt difficulties were piling up so high that you could not overcome them?"" .

:QGAnxiety_Symptoms_Frequency pred:BaseQuestion ""Next, you will be asked questions about your emotional state. Please answer on a scale of 0 to 3, where 0 is 'Not at all', 1 is 'several days', 2 is 'more than half of the days', and 3 is 'Nearly every day'. Over the last two weeks, how often have you been bothered by the following problems? [Likert 0–3]"" ;
    qg:hasSubQuestion :QAnxiety_Symptoms_Frequency_Feeling_Nervous_or_On_Edge,
                      :QAnxiety_Symptoms_Frequency_Uncontrollable_Worrying,
                      :QAnxiety_Symptoms_Frequency_Excessive_Worry,
                      :QAnxiety_Symptoms_Frequency_Trouble_Relaxing,
                      :QAnxiety_Symptoms_Frequency_Restlessness,
                      :QAnxiety_Symptoms_Frequency_Irritability,
                      :QAnxiety_Symptoms_Frequency_Fear_Something_Awful_Might_Happen .

:QAnxiety_Symptoms_Frequency_Feeling_Nervous_or_On_Edge pred:Text ""Feeling nervous, anxious, or on edge"" .
:QAnxiety_Symptoms_Frequency_Uncontrollable_Worrying pred:Text ""Not being able to stop or control worrying"" .
:QAnxiety_Symptoms_Frequency_Excessive_Worry pred:Text ""Worrying too much about different things"" .
:QAnxiety_Symptoms_Frequency_Trouble_Relaxing pred:Text ""Trouble relaxing"" .
:QAnxiety_Symptoms_Frequency_Restlessness pred:Text ""Being so restless that it is hard to sit still"" .
:QAnxiety_Symptoms_Frequency_Irritability pred:Text ""Becoming easily annoyed or irritable"" .
:QAnxiety_Symptoms_Frequency_Fear_Something_Awful_Might_Happen pred:Text ""Feeling afraid, as if something awful might happen"" .

:QGDepressive_Symptoms_Frequency pred:BaseQuestion ""Next, you will be asked questions about your emotional state. Please answer on a scale of 0 to 3, where 0 is 'Not at all', 1 is 'several days', 2 is 'more than half of the days', and 3 is 'Nearly every day'. Over the last two weeks, how often have you been bothered by the following problems?"" ;
    qg:hasSubQuestion :QDepressive_Symptoms_Frequency_Anhedonia,
                      :QDepressive_Symptoms_Frequency_Depressed_Mood,
                      :QDepressive_Symptoms_Frequency_Sleep_Problems,
                      :QDepressive_Symptoms_Frequency_Fatigue,
                      :QDepressive_Symptoms_Frequency_Appetite_Changes,
                      :QDepressive_Symptoms_Frequency_Feelings_of_Worthlessness,
                      :QDepressive_Symptoms_Frequency_Concentration_Difficulties,
                      :QDepressive_Symptoms_Frequency_Psychomotor_Changes,
                      :QDepressive_Symptoms_Frequency_Suicidal_Thoughts .

:QDepressive_Symptoms_Frequency_Anhedonia pred:Text ""Little interest or pleasure in doing things"" .
:QDepressive_Symptoms_Frequency_Depressed_Mood pred:Text ""Feeling down, depressed, or hopeless"" .
:QDepressive_Symptoms_Frequency_Sleep_Problems pred:Text ""Trouble falling or staying asleep, or sleeping too much"" .
:QDepressive_Symptoms_Frequency_Fatigue pred:Text ""Feeling tired or having little energy"" .
:QDepressive_Symptoms_Frequency_Appetite_Changes pred:Text ""Poor appetite or overeating"" .
:QDepressive_Symptoms_Frequency_Feelings_of_Worthlessness pred:Text ""Feeling bad about yourself or that you are a failure or have let yourself or your family down"" .
:QDepressive_Symptoms_Frequency_Concentration_Difficulties pred:Text ""Trouble concentrating on things, such as reading the newspaper or watching television"" .
:QDepressive_Symptoms_Frequency_Psychomotor_Changes pred:Text ""Moving or speaking so slowly that other people could have noticed. Or the opposite — being so fidgety or restless that you have been moving around a lot more than usual"" .
:QDepressive_Symptoms_Frequency_Suicidal_Thoughts pred:Text ""Thoughts that you would be better off dead, or of hurting yourself"" .

# Responses
:Respondent109 pred:Year_of_birth 2003.0 ;
     pred:Gender 2.0 ;
     pred:Socio_economic_status 6.0 ;
     pred:Ethnic_identity 6.0 .

:Respondent109_Parental_Education
                       pred:Father 13.0 ;
                       pred:Mother 6.0 .
:Respondent109 pred:hasGroupResponse :Respondent109_Parental_Education .

:Respondent109 pred:Life_satisfaction 5.0 ;
     pred:Happiness 5.0 ;
     pred:Laughter 3.0 ;
     pred:Learning 5.0 ;
     pred:Enjoyment 4.0 ;
     pred:Worry 3.0 ;
     pred:Depression 1.0 ;
     pred:Anger 4.0 ;
     pred:Stress 3.0 ;
     pred:Loneliness 5.0 .

:Respondent109_Emotional_Regulation_Frequency
                                   pred:Upset_by_Unexpected_Events 4.0 ;
                                   pred:Unable_to_Control_Important_Things 4.0 ;
                                   pred:Lacked_Confidence_Handling_Problems 2.0 ;
                                   pred:Unable_to_Cope 3.0 ;
                                   pred:Irritated_by_Life 2.0 ;
                                   pred:On_Top_of_Things 2.0 .
:Respondent109 pred:hasGroupResponse :Respondent109_Emotional_Regulation_Frequency .

:Respondent109_Anxiety_Symptoms_Frequency
                               pred:Feeling_Nervous_or_On_Edge 3.0 ;
                               pred:Trouble_Relaxing 1.0 ;
                               pred:Restlessness 0.0 ;
                               pred:Irritability 2.0 ;
                               pred:Fear_Something_Awful_Might_Happen 3.0 .
:Respondent109 pred:hasGroupResponse :Respondent109_Anxiety_Symptoms_Frequency .

:Respondent109_Depressive_Symptoms_Frequency
                                  pred:Anhedonia 1.0 ;
                                  pred:Sleep_Problems 0.0 ;
                                  pred:Fatigue 0.0 ;
                                  pred:Appetite_Changes 0.0 ;
                                  pred:Feelings_of_Worthlessness 3.0 ;
                                  pred:Concentration_Difficulties 0.0 ;
                                  pred:Suicidal_Thoughts 0.0 .
:Respondent109 pred:hasGroupResponse :Respondent109_Depressive_Symptoms_Frequency .

:Respondent60 pred:Year_of_birth 2003.0 ;
     pred:Gender 1.0 ;
     pred:Socio_economic_status 6.0 ;
     pred:Ethnic_identity 6.0 .

:Respondent60 pred:Life_satisfaction 10.0 ;
     pred:Happiness 10.0 ;
     pred:Laughter 9.0 ;
     pred:Learning 8.0 ;
     pred:Enjoyment 9.0 ;
     pred:Worry 0.0 ;
     pred:Depression 0.0 ;
     pred:Anger 2.0 ;
     pred:Stress 1.0 ;
     pred:Loneliness 0.0 .

:Respondent60_Emotional_Regulation_Frequency
                                   pred:Upset_by_Unexpected_Events 1.0 ;
                                   pred:Unable_to_Control_Important_Things 2.0 ;
                                   pred:Lacked_Confidence_Handling_Problems 4.0 ;
                                   pred:Unable_to_Cope 1.0 ;
                                   pred:Irritated_by_Life 4.0 ;
                                   pred:On_Top_of_Things 3.0 .
:Respondent60 pred:hasGroupResponse :Respondent60_Emotional_Regulation_Frequency .

:Respondent60_Anxiety_Symptoms_Frequency
                               pred:Feeling_Nervous_or_On_Edge 0.0 ;
                               pred:Trouble_Relaxing 0.0 ;
                               pred:Restlessness 0.0 ;
                               pred:Irritability 0.0 ;
                               pred:Fear_Something_Awful_Might_Happen 0.0 .
:Respondent60 pred:hasGroupResponse :Respondent60_Anxiety_Symptoms_Frequency .

:Respondent60_Depressive_Symptoms_Frequency
                                  pred:Anhedonia 0.0 ;
                                  pred:Sleep_Problems 0.0 ;
                                  pred:Fatigue 1.0 ;
                                  pred:Appetite_Changes 0.0 ;
                                  pred:Feelings_of_Worthlessness 0.0 ;
                                  pred:Concentration_Difficulties 0.0 ;
                                  pred:Suicidal_Thoughts 0.0 .
:Respondent60 pred:hasGroupResponse :Respondent60_Depressive_Symptoms_Frequency .

:Respondent129 pred:Year_of_birth 2001.0 ;
     pred:Gender 2.0 ;
     pred:Socio_economic_status 3.0 ;
     pred:Ethnic_identity 6.0 .

:Respondent129_Parental_Education
                       pred:Father 13.0 ;
                       pred:Mother 13.0 .
:Respondent129 pred:hasGroupResponse :Respondent129_Parental_Education .

:Respondent129 pred:Life_satisfaction 8.0 ;
     pred:Happiness 9.0 ;
     pred:Laughter 6.0 ;
     pred:Learning 5.0 ;
     pred:Enjoyment 6.0 ;
     pred:Worry 1.0 ;
     pred:Depression 1.0 ;
     pred:Anger 1.0 ;
     pred:Stress 3.0 ;
     pred:Loneliness 0.0 .

:Respondent129_Emotional_Regulation_Frequency
                                   pred:Upset_by_Unexpected_Events 1.0 ;
                                   pred:Unable_to_Control_Important_Things 1.0 ;
                                   pred:Lacked_Confidence_Handling_Problems 3.0 ;
                                   pred:Unable_to_Cope 2.0 ;
                                   pred:Irritated_by_Life 3.0 ;
                                   pred:On_Top_of_Things 2.0 .
:Respondent129 pred:hasGroupResponse :Respondent129_Emotional_Regulation_Frequency .

:Respondent129_Anxiety_Symptoms_Frequency
                               pred:Feeling_Nervous_or_On_Edge 1.0 ;
                               pred:Trouble_Relaxing 1.0 ;
                               pred:Restlessness 0.0 ;
                               pred:Irritability 0.0 ;
                               pred:Fear_Something_Awful_Might_Happen 0.0 .
:Respondent129 pred:hasGroupResponse :Respondent129_Anxiety_Symptoms_Frequency .

:Respondent129_Depressive_Symptoms_Frequency
                                  pred:Anhedonia 1.0 ;
                                  pred:Sleep_Problems 1.0 ;
                                  pred:Fatigue 2.0 ;
                                  pred:Appetite_Changes 2.0 ;
                                  pred:Feelings_of_Worthlessness 0.0 ;
                                  pred:Concentration_Difficulties 2.0 ;
                                  pred:Suicidal_Thoughts 0.0 .
:Respondent129 pred:hasGroupResponse :Respondent129_Depressive_Symptoms_Frequency .

You are a meticulous data analyst AI. Your primary function is to accurately analyze structured data and provide precise, verifiable answers.

You will be given a dataset with two key parts:

A 'questions' section: This is your data dictionary or schema. It is the single source of truth for understanding what each field and score means. Refer to it carefully.

A 'responses' section: This contains the raw data from each individual respondent.

To answer the question correctly, you must first use the 'questions' schema to fully understand the context and meaning of the data points within the 'responses'. Do not rely on any prior knowledge outside of this provided data. Base your entire analysis on the information given.

Provide your final answer directly and concisely. Output must be the human-readable value, not an option code.

Rules:
- For MCQ fields, map any letter codes in the Responses (case-insensitive) to the corresponding option text from the Questions schema, and output only that text. Do NOT include the letter or both.
  Example: If the schema is ""[MCQ: A. Abnormal B. Inconclusive C. Normal]"" and the response is ""a"", output ""Abnormal"".
- For open-ended fields, output the exact text value.
- If the question asks for a count, provide only the number (e.g., ""42"").
- If the question asks for a list of names or IDs, provide a simple comma-separated list (e.g., ""17, 21, 23"").
- Preserve capitalization exactly as in the schema (e.g., output ""Abnormal"", not ""abnormal"" or ""A"").

What is the happiness level for respondent 109?",,
case_12,answer_lookup,"For respondent 131, what is the value for 'Restlessness' in the 'Anxiety Symptoms Frequency' category?","@prefix : <http://example.org/survey#> .
@prefix pred: <http://example.org/predicate#> .
@prefix qg: <http://example.org/question_group#> .

# Questions
:QYear_of_birth pred:Text ""What is your date of birth? [Open-ended]"" .
:QGender pred:Text ""What is your gender? [MCQ: 1. Male 2. Female]"" .
:QSocio_economic_status pred:Text ""What is the socio-economic status of your home? [Likert 1–6: 1 = Very low, 6 = Very high]"" .
:QEthnic_identity pred:Text ""According to your culture, people, or physical features, you are or are recognized as: [MCQ: 1. Indigenous 2. Gypsy 3. Raizal from San Andres, Providencia and Santa Catalina Archipelago 4. Palenquero from San Basilio 5. Black, mulatto (Afro-descendant), Afro-Colombian 6. None of the above]"" .

:QGParental_Education pred:BaseQuestion ""How many years of education did your parents receive? [Open-ended]"" ;
    qg:hasSubQuestion :QParental_Education_Father, :QParental_Education_Mother .
:QParental_Education_Father pred:Text ""Father?"" .
:QParental_Education_Mother pred:Text ""Mother?"" .

:QLife_satisfaction pred:Text ""In general, how satisfied are you with all aspects of your life? [Likert 0–10: 0 = Not satisfied, 10 = Totally satisfied]"" .
:QHappiness pred:Text ""How happy did you feel yesterday? [Likert 0–10: 0 = At no time, 10 = All the time]"" .
:QLaughter pred:Text ""How much did you laugh yesterday? [Likert 0–10: 0 = At no time, 10 = All the time]"" .
:QLearning pred:Text ""Did you learn new or exciting things yesterday? [Likert 0–10: 0 = At no time, 10 = All the time]"" .
:QEnjoyment pred:Text ""How much did you enjoy the activities you did yesterday? [Likert 0–10: 0 = At no time, 10 = All the time]"" .
:QWorry pred:Text ""How worried did you feel yesterday? [Likert 0–10: 0 = At no time, 10 = All the time]"" .
:QDepression pred:Text ""How depressed did you feel yesterday? [Likert 0–10: 0 = At no time, 10 = All the time]"" .
:QAnger pred:Text ""How angry did you feel yesterday? [Likert 0–10: 0 = At no time, 10 = All the time]"" .
:QStress pred:Text ""How much stress did you feel yesterday? [Likert 0–10: 0 = At no time, 10 = All the time]"" .
:QLoneliness pred:Text ""How lonely or unsupported did you feel yesterday? [Likert 0–10: 0 = At no time, 10 = All the time]"" .

:QGEmotional_Regulation_Frequency pred:BaseQuestion ""Next, you will be asked questions about your emotional state. Please answer on a scale of 0 to 4, where 0 is never, 1 is 'almost never', 2 is 'sometimes', 3 is 'fairly often', and 4 is 'very often', how often you experienced the following feelings during the last month: [Likert 0–4]"" ;
    qg:hasSubQuestion :QEmotional_Regulation_Frequency_Upset_by_Unexpected_Events,
                      :QEmotional_Regulation_Frequency_Unable_to_Control_Important_Things,
                      :QEmotional_Regulation_Frequency_Nervous_and_Stressed,
                      :QEmotional_Regulation_Frequency_Lacked_Confidence_Handling_Problems,
                      :QEmotional_Regulation_Frequency_Things_Going_Your_Way,
                      :QEmotional_Regulation_Frequency_Unable_to_Cope,
                      :QEmotional_Regulation_Frequency_Irritated_by_Life,
                      :QEmotional_Regulation_Frequency_On_Top_of_Things,
                      :QEmotional_Regulation_Frequency_Angered_by_Uncontrollable_Events,
                      :QEmotional_Regulation_Frequency_Felt_Overwhelmed .

:QEmotional_Regulation_Frequency_Upset_by_Unexpected_Events pred:Text ""how often have you been upset because of something that happened unexpectedly?"" .
:QEmotional_Regulation_Frequency_Unable_to_Control_Important_Things pred:Text ""how often have you felt that you were unable to control the important things in your life?"" .
:QEmotional_Regulation_Frequency_Nervous_and_Stressed pred:Text ""how often have you felt nervous and stressed?"" .
:QEmotional_Regulation_Frequency_Lacked_Confidence_Handling_Problems pred:Text ""how often have you felt confident about your ability to handle your personal problems?"" .
:QEmotional_Regulation_Frequency_Things_Going_Your_Way pred:Text ""how often have you felt that things were going your way?"" .
:QEmotional_Regulation_Frequency_Unable_to_Cope pred:Text ""how often have you found that you could not cope with all the things that you had to do?"" .
:QEmotional_Regulation_Frequency_Irritated_by_Life pred:Text ""how often have you been able to control irritations in your life?"" .
:QEmotional_Regulation_Frequency_On_Top_of_Things pred:Text ""how often have you felt that you were on top of things?"" .
:QEmotional_Regulation_Frequency_Angered_by_Uncontrollable_Events pred:Text ""how often have you been angered because of things that happened that were outside of your control?"" .
:QEmotional_Regulation_Frequency_Felt_Overwhelmed pred:Text ""how often have you felt difficulties were piling up so high that you could not overcome them?"" .

:QGAnxiety_Symptoms_Frequency pred:BaseQuestion ""Next, you will be asked questions about your emotional state. Please answer on a scale of 0 to 3, where 0 is 'Not at all', 1 is 'several days', 2 is 'more than half of the days', and 3 is 'Nearly every day'. Over the last two weeks, how often have you been bothered by the following problems? [Likert 0–3]"" ;
    qg:hasSubQuestion :QAnxiety_Symptoms_Frequency_Feeling_Nervous_or_On_Edge,
                      :QAnxiety_Symptoms_Frequency_Uncontrollable_Worrying,
                      :QAnxiety_Symptoms_Frequency_Excessive_Worry,
                      :QAnxiety_Symptoms_Frequency_Trouble_Relaxing,
                      :QAnxiety_Symptoms_Frequency_Restlessness,
                      :QAnxiety_Symptoms_Frequency_Irritability,
                      :QAnxiety_Symptoms_Frequency_Fear_Something_Awful_Might_Happen .

:QAnxiety_Symptoms_Frequency_Feeling_Nervous_or_On_Edge pred:Text ""Feeling nervous, anxious, or on edge"" .
:QAnxiety_Symptoms_Frequency_Uncontrollable_Worrying pred:Text ""Not being able to stop or control worrying"" .
:QAnxiety_Symptoms_Frequency_Excessive_Worry pred:Text ""Worrying too much about different things"" .
:QAnxiety_Symptoms_Frequency_Trouble_Relaxing pred:Text ""Trouble relaxing"" .
:QAnxiety_Symptoms_Frequency_Restlessness pred:Text ""Being so restless that it is hard to sit still"" .
:QAnxiety_Symptoms_Frequency_Irritability pred:Text ""Becoming easily annoyed or irritable"" .
:QAnxiety_Symptoms_Frequency_Fear_Something_Awful_Might_Happen pred:Text ""Feeling afraid, as if something awful might happen"" .

:QGDepressive_Symptoms_Frequency pred:BaseQuestion ""Next, you will be asked questions about your emotional state. Please answer on a scale of 0 to 3, where 0 is 'Not at all', 1 is 'several days', 2 is 'more than half of the days', and 3 is 'Nearly every day'. Over the last two weeks, how often have you been bothered by the following problems?"" ;
    qg:hasSubQuestion :QDepressive_Symptoms_Frequency_Anhedonia,
                      :QDepressive_Symptoms_Frequency_Depressed_Mood,
                      :QDepressive_Symptoms_Frequency_Sleep_Problems,
                      :QDepressive_Symptoms_Frequency_Fatigue,
                      :QDepressive_Symptoms_Frequency_Appetite_Changes,
                      :QDepressive_Symptoms_Frequency_Feelings_of_Worthlessness,
                      :QDepressive_Symptoms_Frequency_Concentration_Difficulties,
                      :QDepressive_Symptoms_Frequency_Psychomotor_Changes,
                      :QDepressive_Symptoms_Frequency_Suicidal_Thoughts .

:QDepressive_Symptoms_Frequency_Anhedonia pred:Text ""Little interest or pleasure in doing things"" .
:QDepressive_Symptoms_Frequency_Depressed_Mood pred:Text ""Feeling down, depressed, or hopeless"" .
:QDepressive_Symptoms_Frequency_Sleep_Problems pred:Text ""Trouble falling or staying asleep, or sleeping too much"" .
:QDepressive_Symptoms_Frequency_Fatigue pred:Text ""Feeling tired or having little energy"" .
:QDepressive_Symptoms_Frequency_Appetite_Changes pred:Text ""Poor appetite or overeating"" .
:QDepressive_Symptoms_Frequency_Feelings_of_Worthlessness pred:Text ""Feeling bad about yourself or that you are a failure or have let yourself or your family down"" .
:QDepressive_Symptoms_Frequency_Concentration_Difficulties pred:Text ""Trouble concentrating on things, such as reading the newspaper or watching television"" .
:QDepressive_Symptoms_Frequency_Psychomotor_Changes pred:Text ""Moving or speaking so slowly that other people could have noticed. Or the opposite — being so fidgety or restless that you have been moving around a lot more than usual"" .
:QDepressive_Symptoms_Frequency_Suicidal_Thoughts pred:Text ""Thoughts that you would be better off dead, or of hurting yourself"" .

# Responses
:Respondent131 pred:Year_of_birth 2003.0 ;
     pred:Gender 1.0 ;
     pred:Socio_economic_status 2.0 ;
     pred:Ethnic_identity 6.0 .

:Respondent131_Parental_Education
                       pred:Father 11.0 ;
                       pred:Mother 14.0 .
:Respondent131 pred:hasGroupResponse :Respondent131_Parental_Education .

:Respondent131 pred:Life_satisfaction 8.0 ;
     pred:Happiness 6.0 ;
     pred:Laughter 7.0 ;
     pred:Learning 8.0 ;
     pred:Enjoyment 8.0 ;
     pred:Worry 2.0 ;
     pred:Depression 2.0 ;
     pred:Anger 4.0 ;
     pred:Stress 3.0 ;
     pred:Loneliness 7.0 .

:Respondent131_Emotional_Regulation_Frequency
                                   pred:Upset_by_Unexpected_Events 3.0 ;
                                   pred:Unable_to_Control_Important_Things 4.0 ;
                                   pred:Lacked_Confidence_Handling_Problems 2.0 ;
                                   pred:Unable_to_Cope 4.0 ;
                                   pred:Irritated_by_Life 1.0 ;
                                   pred:On_Top_of_Things 2.0 .
:Respondent131 pred:hasGroupResponse :Respondent131_Emotional_Regulation_Frequency .

:Respondent131_Anxiety_Symptoms_Frequency
                               pred:Feeling_Nervous_or_On_Edge 2.0 ;
                               pred:Trouble_Relaxing 2.0 ;
                               pred:Restlessness 0.0 ;
                               pred:Irritability 0.0 ;
                               pred:Fear_Something_Awful_Might_Happen 2.0 .
:Respondent131 pred:hasGroupResponse :Respondent131_Anxiety_Symptoms_Frequency .

:Respondent131_Depressive_Symptoms_Frequency
                                  pred:Anhedonia 1.0 ;
                                  pred:Sleep_Problems 1.0 ;
                                  pred:Fatigue 2.0 ;
                                  pred:Appetite_Changes 2.0 ;
                                  pred:Feelings_of_Worthlessness 1.0 ;
                                  pred:Concentration_Difficulties 0.0 ;
                                  pred:Suicidal_Thoughts 0.0 .
:Respondent131 pred:hasGroupResponse :Respondent131_Depressive_Symptoms_Frequency .

:Respondent61 pred:Year_of_birth 2003.0 ;
     pred:Gender 1.0 ;
     pred:Socio_economic_status 6.0 ;
     pred:Ethnic_identity 6.0 .

:Respondent61 pred:Life_satisfaction 10.0 ;
     pred:Happiness 8.0 ;
     pred:Laughter 8.0 ;
     pred:Learning 3.0 ;
     pred:Enjoyment 9.0 ;
     pred:Worry 1.0 ;
     pred:Depression 0.0 ;
     pred:Anger 3.0 ;
     pred:Stress 2.0 ;
     pred:Loneliness 0.0 .

:Respondent61_Emotional_Regulation_Frequency
                                   pred:Upset_by_Unexpected_Events 2.0 ;
                                   pred:Unable_to_Control_Important_Things 1.0 ;
                                   pred:Lacked_Confidence_Handling_Problems 3.0 ;
                                   pred:Unable_to_Cope 1.0 ;
                                   pred:Irritated_by_Life 3.0 ;
                                   pred:On_Top_of_Things 3.0 .
:Respondent61 pred:hasGroupResponse :Respondent61_Emotional_Regulation_Frequency .

:Respondent61_Anxiety_Symptoms_Frequency
                               pred:Feeling_Nervous_or_On_Edge 1.0 ;
                               pred:Trouble_Relaxing 0.0 ;
                               pred:Restlessness 0.0 ;
                               pred:Irritability 0.0 ;
                               pred:Fear_Something_Awful_Might_Happen 1.0 .
:Respondent61 pred:hasGroupResponse :Respondent61_Anxiety_Symptoms_Frequency .

:Respondent61_Depressive_Symptoms_Frequency
                                  pred:Anhedonia 1.0 ;
                                  pred:Sleep_Problems 2.0 ;
                                  pred:Fatigue 0.0 ;
                                  pred:Appetite_Changes 0.0 ;
                                  pred:Feelings_of_Worthlessness 0.0 ;
                                  pred:Concentration_Difficulties 1.0 ;
                                  pred:Suicidal_Thoughts 0.0 .
:Respondent61 pred:hasGroupResponse :Respondent61_Depressive_Symptoms_Frequency .

:Respondent121 pred:Year_of_birth 2002.0 ;
     pred:Gender 1.0 ;
     pred:Socio_economic_status 6.0 ;
     pred:Ethnic_identity 6.0 .

:Respondent121_Parental_Education
                       pred:Father 17.0 ;
                       pred:Mother 15.0 .
:Respondent121 pred:hasGroupResponse :Respondent121_Parental_Education .

:Respondent121 pred:Life_satisfaction 9.0 ;
     pred:Happiness 7.0 ;
     pred:Laughter 7.0 ;
     pred:Learning 10.0 ;
     pred:Enjoyment 9.0 ;
     pred:Worry 2.0 ;
     pred:Depression 0.0 ;
     pred:Anger 2.0 ;
     pred:Stress 1.0 ;
     pred:Loneliness 0.0 .

:Respondent121_Emotional_Regulation_Frequency
                                   pred:Upset_by_Unexpected_Events 1.0 ;
                                   pred:Unable_to_Control_Important_Things 1.0 ;
                                   pred:Lacked_Confidence_Handling_Problems 3.0 ;
                                   pred:Unable_to_Cope 2.0 ;
                                   pred:Irritated_by_Life 2.0 ;
                                   pred:On_Top_of_Things 2.0 .
:Respondent121 pred:hasGroupResponse :Respondent121_Emotional_Regulation_Frequency .

:Respondent121_Anxiety_Symptoms_Frequency
                               pred:Feeling_Nervous_or_On_Edge 1.0 ;
                               pred:Trouble_Relaxing 0.0 ;
                               pred:Restlessness 0.0 ;
                               pred:Irritability 0.0 ;
                               pred:Fear_Something_Awful_Might_Happen 0.0 .
:Respondent121 pred:hasGroupResponse :Respondent121_Anxiety_Symptoms_Frequency .

:Respondent121_Depressive_Symptoms_Frequency
                                  pred:Anhedonia 1.0 ;
                                  pred:Sleep_Problems 0.0 ;
                                  pred:Fatigue 1.0 ;
                                  pred:Appetite_Changes 0.0 ;
                                  pred:Feelings_of_Worthlessness 0.0 ;
                                  pred:Concentration_Difficulties 0.0 ;
                                  pred:Suicidal_Thoughts 0.0 .
:Respondent121 pred:hasGroupResponse :Respondent121_Depressive_Symptoms_Frequency .
",0.0,"For respondent 129, what is the value for 'Appetite Changes' in the 'Depressive Symptoms Frequency' category?

DATA:

@prefix : <http://example.org/survey#> .
@prefix pred: <http://example.org/predicate#> .
@prefix qg: <http://example.org/question_group#> .

# Questions
:QYear_of_birth pred:Text ""What is your date of birth? [Open-ended]"" .
:QGender pred:Text ""What is your gender? [MCQ: 1. Male 2. Female]"" .
:QSocio_economic_status pred:Text ""What is the socio-economic status of your home? [Likert 1–6: 1 = Very low, 6 = Very high]"" .
:QEthnic_identity pred:Text ""According to your culture, people, or physical features, you are or are recognized as: [MCQ: 1. Indigenous 2. Gypsy 3. Raizal from San Andres, Providencia and Santa Catalina Archipelago 4. Palenquero from San Basilio 5. Black, mulatto (Afro-descendant), Afro-Colombian 6. None of the above]"" .

:QGParental_Education pred:BaseQuestion ""How many years of education did your parents receive? [Open-ended]"" ;
    qg:hasSubQuestion :QParental_Education_Father, :QParental_Education_Mother .
:QParental_Education_Father pred:Text ""Father?"" .
:QParental_Education_Mother pred:Text ""Mother?"" .

:QLife_satisfaction pred:Text ""In general, how satisfied are you with all aspects of your life? [Likert 0–10: 0 = Not satisfied, 10 = Totally satisfied]"" .
:QHappiness pred:Text ""How happy did you feel yesterday? [Likert 0–10: 0 = At no time, 10 = All the time]"" .
:QLaughter pred:Text ""How much did you laugh yesterday? [Likert 0–10: 0 = At no time, 10 = All the time]"" .
:QLearning pred:Text ""Did you learn new or exciting things yesterday? [Likert 0–10: 0 = At no time, 10 = All the time]"" .
:QEnjoyment pred:Text ""How much did you enjoy the activities you did yesterday? [Likert 0–10: 0 = At no time, 10 = All the time]"" .
:QWorry pred:Text ""How worried did you feel yesterday? [Likert 0–10: 0 = At no time, 10 = All the time]"" .
:QDepression pred:Text ""How depressed did you feel yesterday? [Likert 0–10: 0 = At no time, 10 = All the time]"" .
:QAnger pred:Text ""How angry did you feel yesterday? [Likert 0–10: 0 = At no time, 10 = All the time]"" .
:QStress pred:Text ""How much stress did you feel yesterday? [Likert 0–10: 0 = At no time, 10 = All the time]"" .
:QLoneliness pred:Text ""How lonely or unsupported did you feel yesterday? [Likert 0–10: 0 = At no time, 10 = All the time]"" .

:QGEmotional_Regulation_Frequency pred:BaseQuestion ""Next, you will be asked questions about your emotional state. Please answer on a scale of 0 to 4, where 0 is never, 1 is 'almost never', 2 is 'sometimes', 3 is 'fairly often', and 4 is 'very often', how often you experienced the following feelings during the last month: [Likert 0–4]"" ;
    qg:hasSubQuestion :QEmotional_Regulation_Frequency_Upset_by_Unexpected_Events,
                      :QEmotional_Regulation_Frequency_Unable_to_Control_Important_Things,
                      :QEmotional_Regulation_Frequency_Nervous_and_Stressed,
                      :QEmotional_Regulation_Frequency_Lacked_Confidence_Handling_Problems,
                      :QEmotional_Regulation_Frequency_Things_Going_Your_Way,
                      :QEmotional_Regulation_Frequency_Unable_to_Cope,
                      :QEmotional_Regulation_Frequency_Irritated_by_Life,
                      :QEmotional_Regulation_Frequency_On_Top_of_Things,
                      :QEmotional_Regulation_Frequency_Angered_by_Uncontrollable_Events,
                      :QEmotional_Regulation_Frequency_Felt_Overwhelmed .

:QEmotional_Regulation_Frequency_Upset_by_Unexpected_Events pred:Text ""how often have you been upset because of something that happened unexpectedly?"" .
:QEmotional_Regulation_Frequency_Unable_to_Control_Important_Things pred:Text ""how often have you felt that you were unable to control the important things in your life?"" .
:QEmotional_Regulation_Frequency_Nervous_and_Stressed pred:Text ""how often have you felt nervous and stressed?"" .
:QEmotional_Regulation_Frequency_Lacked_Confidence_Handling_Problems pred:Text ""how often have you felt confident about your ability to handle your personal problems?"" .
:QEmotional_Regulation_Frequency_Things_Going_Your_Way pred:Text ""how often have you felt that things were going your way?"" .
:QEmotional_Regulation_Frequency_Unable_to_Cope pred:Text ""how often have you found that you could not cope with all the things that you had to do?"" .
:QEmotional_Regulation_Frequency_Irritated_by_Life pred:Text ""how often have you been able to control irritations in your life?"" .
:QEmotional_Regulation_Frequency_On_Top_of_Things pred:Text ""how often have you felt that you were on top of things?"" .
:QEmotional_Regulation_Frequency_Angered_by_Uncontrollable_Events pred:Text ""how often have you been angered because of things that happened that were outside of your control?"" .
:QEmotional_Regulation_Frequency_Felt_Overwhelmed pred:Text ""how often have you felt difficulties were piling up so high that you could not overcome them?"" .

:QGAnxiety_Symptoms_Frequency pred:BaseQuestion ""Next, you will be asked questions about your emotional state. Please answer on a scale of 0 to 3, where 0 is 'Not at all', 1 is 'several days', 2 is 'more than half of the days', and 3 is 'Nearly every day'. Over the last two weeks, how often have you been bothered by the following problems? [Likert 0–3]"" ;
    qg:hasSubQuestion :QAnxiety_Symptoms_Frequency_Feeling_Nervous_or_On_Edge,
                      :QAnxiety_Symptoms_Frequency_Uncontrollable_Worrying,
                      :QAnxiety_Symptoms_Frequency_Excessive_Worry,
                      :QAnxiety_Symptoms_Frequency_Trouble_Relaxing,
                      :QAnxiety_Symptoms_Frequency_Restlessness,
                      :QAnxiety_Symptoms_Frequency_Irritability,
                      :QAnxiety_Symptoms_Frequency_Fear_Something_Awful_Might_Happen .

:QAnxiety_Symptoms_Frequency_Feeling_Nervous_or_On_Edge pred:Text ""Feeling nervous, anxious, or on edge"" .
:QAnxiety_Symptoms_Frequency_Uncontrollable_Worrying pred:Text ""Not being able to stop or control worrying"" .
:QAnxiety_Symptoms_Frequency_Excessive_Worry pred:Text ""Worrying too much about different things"" .
:QAnxiety_Symptoms_Frequency_Trouble_Relaxing pred:Text ""Trouble relaxing"" .
:QAnxiety_Symptoms_Frequency_Restlessness pred:Text ""Being so restless that it is hard to sit still"" .
:QAnxiety_Symptoms_Frequency_Irritability pred:Text ""Becoming easily annoyed or irritable"" .
:QAnxiety_Symptoms_Frequency_Fear_Something_Awful_Might_Happen pred:Text ""Feeling afraid, as if something awful might happen"" .

:QGDepressive_Symptoms_Frequency pred:BaseQuestion ""Next, you will be asked questions about your emotional state. Please answer on a scale of 0 to 3, where 0 is 'Not at all', 1 is 'several days', 2 is 'more than half of the days', and 3 is 'Nearly every day'. Over the last two weeks, how often have you been bothered by the following problems?"" ;
    qg:hasSubQuestion :QDepressive_Symptoms_Frequency_Anhedonia,
                      :QDepressive_Symptoms_Frequency_Depressed_Mood,
                      :QDepressive_Symptoms_Frequency_Sleep_Problems,
                      :QDepressive_Symptoms_Frequency_Fatigue,
                      :QDepressive_Symptoms_Frequency_Appetite_Changes,
                      :QDepressive_Symptoms_Frequency_Feelings_of_Worthlessness,
                      :QDepressive_Symptoms_Frequency_Concentration_Difficulties,
                      :QDepressive_Symptoms_Frequency_Psychomotor_Changes,
                      :QDepressive_Symptoms_Frequency_Suicidal_Thoughts .

:QDepressive_Symptoms_Frequency_Anhedonia pred:Text ""Little interest or pleasure in doing things"" .
:QDepressive_Symptoms_Frequency_Depressed_Mood pred:Text ""Feeling down, depressed, or hopeless"" .
:QDepressive_Symptoms_Frequency_Sleep_Problems pred:Text ""Trouble falling or staying asleep, or sleeping too much"" .
:QDepressive_Symptoms_Frequency_Fatigue pred:Text ""Feeling tired or having little energy"" .
:QDepressive_Symptoms_Frequency_Appetite_Changes pred:Text ""Poor appetite or overeating"" .
:QDepressive_Symptoms_Frequency_Feelings_of_Worthlessness pred:Text ""Feeling bad about yourself or that you are a failure or have let yourself or your family down"" .
:QDepressive_Symptoms_Frequency_Concentration_Difficulties pred:Text ""Trouble concentrating on things, such as reading the newspaper or watching television"" .
:QDepressive_Symptoms_Frequency_Psychomotor_Changes pred:Text ""Moving or speaking so slowly that other people could have noticed. Or the opposite — being so fidgety or restless that you have been moving around a lot more than usual"" .
:QDepressive_Symptoms_Frequency_Suicidal_Thoughts pred:Text ""Thoughts that you would be better off dead, or of hurting yourself"" .

# Responses
:Respondent73 pred:Year_of_birth 2005.0 ;
     pred:Gender 2.0 ;
     pred:Socio_economic_status 2.0 ;
     pred:Ethnic_identity 6.0 .

:Respondent73_Parental_Education
                       pred:Father 25.0 ;
                       pred:Mother 15.0 .
:Respondent73 pred:hasGroupResponse :Respondent73_Parental_Education .

:Respondent73 pred:Life_satisfaction 8.0 ;
     pred:Happiness 5.0 ;
     pred:Laughter 4.0 ;
     pred:Learning 5.0 ;
     pred:Enjoyment 5.0 ;
     pred:Worry 2.0 ;
     pred:Depression 1.0 ;
     pred:Anger 2.0 ;
     pred:Stress 4.0 ;
     pred:Loneliness 6.0 .

:Respondent73_Emotional_Regulation_Frequency
                                   pred:Upset_by_Unexpected_Events 2.0 ;
                                   pred:Unable_to_Control_Important_Things 2.0 ;
                                   pred:Lacked_Confidence_Handling_Problems 2.0 ;
                                   pred:Unable_to_Cope 2.0 ;
                                   pred:Irritated_by_Life 2.0 ;
                                   pred:On_Top_of_Things 2.0 .
:Respondent73 pred:hasGroupResponse :Respondent73_Emotional_Regulation_Frequency .

:Respondent73_Anxiety_Symptoms_Frequency
                               pred:Feeling_Nervous_or_On_Edge 2.0 ;
                               pred:Trouble_Relaxing 1.0 ;
                               pred:Restlessness 1.0 ;
                               pred:Irritability 2.0 ;
                               pred:Fear_Something_Awful_Might_Happen 2.0 .
:Respondent73 pred:hasGroupResponse :Respondent73_Anxiety_Symptoms_Frequency .

:Respondent73_Depressive_Symptoms_Frequency
                                  pred:Anhedonia 1.0 ;
                                  pred:Sleep_Problems 2.0 ;
                                  pred:Fatigue 1.0 ;
                                  pred:Appetite_Changes 1.0 ;
                                  pred:Feelings_of_Worthlessness 1.0 ;
                                  pred:Concentration_Difficulties 1.0 ;
                                  pred:Suicidal_Thoughts 0.0 .
:Respondent73 pred:hasGroupResponse :Respondent73_Depressive_Symptoms_Frequency .

:Respondent85 pred:Year_of_birth 2004.0 ;
     pred:Gender 2.0 ;
     pred:Socio_economic_status 3.0 ;
     pred:Ethnic_identity 6.0 .

:Respondent85_Parental_Education
                       pred:Father 18.0 .
:Respondent85 pred:hasGroupResponse :Respondent85_Parental_Education .

:Respondent85 pred:Life_satisfaction 5.0 ;
     pred:Happiness 6.0 ;
     pred:Laughter 6.0 ;
     pred:Learning 8.0 ;
     pred:Enjoyment 5.0 ;
     pred:Worry 1.0 ;
     pred:Depression 1.0 ;
     pred:Anger 2.0 ;
     pred:Stress 4.0 ;
     pred:Loneliness 1.0 .

:Respondent85_Emotional_Regulation_Frequency
                                   pred:Upset_by_Unexpected_Events 2.0 ;
                                   pred:Unable_to_Control_Important_Things 3.0 ;
                                   pred:Lacked_Confidence_Handling_Problems 2.0 ;
                                   pred:Unable_to_Cope 3.0 ;
                                   pred:Irritated_by_Life 3.0 ;
                                   pred:On_Top_of_Things 2.0 .
:Respondent85 pred:hasGroupResponse :Respondent85_Emotional_Regulation_Frequency .

:Respondent85_Anxiety_Symptoms_Frequency
                               pred:Feeling_Nervous_or_On_Edge 1.0 ;
                               pred:Trouble_Relaxing 1.0 ;
                               pred:Restlessness 0.0 ;
                               pred:Irritability 1.0 ;
                               pred:Fear_Something_Awful_Might_Happen 1.0 .
:Respondent85 pred:hasGroupResponse :Respondent85_Anxiety_Symptoms_Frequency .

:Respondent85_Depressive_Symptoms_Frequency
                                  pred:Anhedonia 2.0 ;
                                  pred:Sleep_Problems 2.0 ;
                                  pred:Fatigue 3.0 ;
                                  pred:Appetite_Changes 3.0 ;
                                  pred:Feelings_of_Worthlessness 1.0 ;
                                  pred:Concentration_Difficulties 1.0 ;
                                  pred:Suicidal_Thoughts 0.0 .
:Respondent85 pred:hasGroupResponse :Respondent85_Depressive_Symptoms_Frequency .

:Respondent129 pred:Year_of_birth 2001.0 ;
     pred:Gender 2.0 ;
     pred:Socio_economic_status 3.0 ;
     pred:Ethnic_identity 6.0 .

:Respondent129_Parental_Education
                       pred:Father 13.0 ;
                       pred:Mother 13.0 .
:Respondent129 pred:hasGroupResponse :Respondent129_Parental_Education .

:Respondent129 pred:Life_satisfaction 8.0 ;
     pred:Happiness 9.0 ;
     pred:Laughter 6.0 ;
     pred:Learning 5.0 ;
     pred:Enjoyment 6.0 ;
     pred:Worry 1.0 ;
     pred:Depression 1.0 ;
     pred:Anger 1.0 ;
     pred:Stress 3.0 ;
     pred:Loneliness 0.0 .

:Respondent129_Emotional_Regulation_Frequency
                                   pred:Upset_by_Unexpected_Events 1.0 ;
                                   pred:Unable_to_Control_Important_Things 1.0 ;
                                   pred:Lacked_Confidence_Handling_Problems 3.0 ;
                                   pred:Unable_to_Cope 2.0 ;
                                   pred:Irritated_by_Life 3.0 ;
                                   pred:On_Top_of_Things 2.0 .
:Respondent129 pred:hasGroupResponse :Respondent129_Emotional_Regulation_Frequency .

:Respondent129_Anxiety_Symptoms_Frequency
                               pred:Feeling_Nervous_or_On_Edge 1.0 ;
                               pred:Trouble_Relaxing 1.0 ;
                               pred:Restlessness 0.0 ;
                               pred:Irritability 0.0 ;
                               pred:Fear_Something_Awful_Might_Happen 0.0 .
:Respondent129 pred:hasGroupResponse :Respondent129_Anxiety_Symptoms_Frequency .

:Respondent129_Depressive_Symptoms_Frequency
                                  pred:Anhedonia 1.0 ;
                                  pred:Sleep_Problems 1.0 ;
                                  pred:Fatigue 2.0 ;
                                  pred:Appetite_Changes 2.0 ;
                                  pred:Feelings_of_Worthlessness 0.0 ;
                                  pred:Concentration_Difficulties 2.0 ;
                                  pred:Suicidal_Thoughts 0.0 .
:Respondent129 pred:hasGroupResponse :Respondent129_Depressive_Symptoms_Frequency .

Answer: 2.0

@prefix : <http://example.org/survey#> .
@prefix pred: <http://example.org/predicate#> .
@prefix qg: <http://example.org/question_group#> .

# Questions
:QYear_of_birth pred:Text ""What is your date of birth? [Open-ended]"" .
:QGender pred:Text ""What is your gender? [MCQ: 1. Male 2. Female]"" .
:QSocio_economic_status pred:Text ""What is the socio-economic status of your home? [Likert 1–6: 1 = Very low, 6 = Very high]"" .
:QEthnic_identity pred:Text ""According to your culture, people, or physical features, you are or are recognized as: [MCQ: 1. Indigenous 2. Gypsy 3. Raizal from San Andres, Providencia and Santa Catalina Archipelago 4. Palenquero from San Basilio 5. Black, mulatto (Afro-descendant), Afro-Colombian 6. None of the above]"" .

:QGParental_Education pred:BaseQuestion ""How many years of education did your parents receive? [Open-ended]"" ;
    qg:hasSubQuestion :QParental_Education_Father, :QParental_Education_Mother .
:QParental_Education_Father pred:Text ""Father?"" .
:QParental_Education_Mother pred:Text ""Mother?"" .

:QLife_satisfaction pred:Text ""In general, how satisfied are you with all aspects of your life? [Likert 0–10: 0 = Not satisfied, 10 = Totally satisfied]"" .
:QHappiness pred:Text ""How happy did you feel yesterday? [Likert 0–10: 0 = At no time, 10 = All the time]"" .
:QLaughter pred:Text ""How much did you laugh yesterday? [Likert 0–10: 0 = At no time, 10 = All the time]"" .
:QLearning pred:Text ""Did you learn new or exciting things yesterday? [Likert 0–10: 0 = At no time, 10 = All the time]"" .
:QEnjoyment pred:Text ""How much did you enjoy the activities you did yesterday? [Likert 0–10: 0 = At no time, 10 = All the time]"" .
:QWorry pred:Text ""How worried did you feel yesterday? [Likert 0–10: 0 = At no time, 10 = All the time]"" .
:QDepression pred:Text ""How depressed did you feel yesterday? [Likert 0–10: 0 = At no time, 10 = All the time]"" .
:QAnger pred:Text ""How angry did you feel yesterday? [Likert 0–10: 0 = At no time, 10 = All the time]"" .
:QStress pred:Text ""How much stress did you feel yesterday? [Likert 0–10: 0 = At no time, 10 = All the time]"" .
:QLoneliness pred:Text ""How lonely or unsupported did you feel yesterday? [Likert 0–10: 0 = At no time, 10 = All the time]"" .

:QGEmotional_Regulation_Frequency pred:BaseQuestion ""Next, you will be asked questions about your emotional state. Please answer on a scale of 0 to 4, where 0 is never, 1 is 'almost never', 2 is 'sometimes', 3 is 'fairly often', and 4 is 'very often', how often you experienced the following feelings during the last month: [Likert 0–4]"" ;
    qg:hasSubQuestion :QEmotional_Regulation_Frequency_Upset_by_Unexpected_Events,
                      :QEmotional_Regulation_Frequency_Unable_to_Control_Important_Things,
                      :QEmotional_Regulation_Frequency_Nervous_and_Stressed,
                      :QEmotional_Regulation_Frequency_Lacked_Confidence_Handling_Problems,
                      :QEmotional_Regulation_Frequency_Things_Going_Your_Way,
                      :QEmotional_Regulation_Frequency_Unable_to_Cope,
                      :QEmotional_Regulation_Frequency_Irritated_by_Life,
                      :QEmotional_Regulation_Frequency_On_Top_of_Things,
                      :QEmotional_Regulation_Frequency_Angered_by_Uncontrollable_Events,
                      :QEmotional_Regulation_Frequency_Felt_Overwhelmed .

:QEmotional_Regulation_Frequency_Upset_by_Unexpected_Events pred:Text ""how often have you been upset because of something that happened unexpectedly?"" .
:QEmotional_Regulation_Frequency_Unable_to_Control_Important_Things pred:Text ""how often have you felt that you were unable to control the important things in your life?"" .
:QEmotional_Regulation_Frequency_Nervous_and_Stressed pred:Text ""how often have you felt nervous and stressed?"" .
:QEmotional_Regulation_Frequency_Lacked_Confidence_Handling_Problems pred:Text ""how often have you felt confident about your ability to handle your personal problems?"" .
:QEmotional_Regulation_Frequency_Things_Going_Your_Way pred:Text ""how often have you felt that things were going your way?"" .
:QEmotional_Regulation_Frequency_Unable_to_Cope pred:Text ""how often have you found that you could not cope with all the things that you had to do?"" .
:QEmotional_Regulation_Frequency_Irritated_by_Life pred:Text ""how often have you been able to control irritations in your life?"" .
:QEmotional_Regulation_Frequency_On_Top_of_Things pred:Text ""how often have you felt that you were on top of things?"" .
:QEmotional_Regulation_Frequency_Angered_by_Uncontrollable_Events pred:Text ""how often have you been angered because of things that happened that were outside of your control?"" .
:QEmotional_Regulation_Frequency_Felt_Overwhelmed pred:Text ""how often have you felt difficulties were piling up so high that you could not overcome them?"" .

:QGAnxiety_Symptoms_Frequency pred:BaseQuestion ""Next, you will be asked questions about your emotional state. Please answer on a scale of 0 to 3, where 0 is 'Not at all', 1 is 'several days', 2 is 'more than half of the days', and 3 is 'Nearly every day'. Over the last two weeks, how often have you been bothered by the following problems? [Likert 0–3]"" ;
    qg:hasSubQuestion :QAnxiety_Symptoms_Frequency_Feeling_Nervous_or_On_Edge,
                      :QAnxiety_Symptoms_Frequency_Uncontrollable_Worrying,
                      :QAnxiety_Symptoms_Frequency_Excessive_Worry,
                      :QAnxiety_Symptoms_Frequency_Trouble_Relaxing,
                      :QAnxiety_Symptoms_Frequency_Restlessness,
                      :QAnxiety_Symptoms_Frequency_Irritability,
                      :QAnxiety_Symptoms_Frequency_Fear_Something_Awful_Might_Happen .

:QAnxiety_Symptoms_Frequency_Feeling_Nervous_or_On_Edge pred:Text ""Feeling nervous, anxious, or on edge"" .
:QAnxiety_Symptoms_Frequency_Uncontrollable_Worrying pred:Text ""Not being able to stop or control worrying"" .
:QAnxiety_Symptoms_Frequency_Excessive_Worry pred:Text ""Worrying too much about different things"" .
:QAnxiety_Symptoms_Frequency_Trouble_Relaxing pred:Text ""Trouble relaxing"" .
:QAnxiety_Symptoms_Frequency_Restlessness pred:Text ""Being so restless that it is hard to sit still"" .
:QAnxiety_Symptoms_Frequency_Irritability pred:Text ""Becoming easily annoyed or irritable"" .
:QAnxiety_Symptoms_Frequency_Fear_Something_Awful_Might_Happen pred:Text ""Feeling afraid, as if something awful might happen"" .

:QGDepressive_Symptoms_Frequency pred:BaseQuestion ""Next, you will be asked questions about your emotional state. Please answer on a scale of 0 to 3, where 0 is 'Not at all', 1 is 'several days', 2 is 'more than half of the days', and 3 is 'Nearly every day'. Over the last two weeks, how often have you been bothered by the following problems?"" ;
    qg:hasSubQuestion :QDepressive_Symptoms_Frequency_Anhedonia,
                      :QDepressive_Symptoms_Frequency_Depressed_Mood,
                      :QDepressive_Symptoms_Frequency_Sleep_Problems,
                      :QDepressive_Symptoms_Frequency_Fatigue,
                      :QDepressive_Symptoms_Frequency_Appetite_Changes,
                      :QDepressive_Symptoms_Frequency_Feelings_of_Worthlessness,
                      :QDepressive_Symptoms_Frequency_Concentration_Difficulties,
                      :QDepressive_Symptoms_Frequency_Psychomotor_Changes,
                      :QDepressive_Symptoms_Frequency_Suicidal_Thoughts .

:QDepressive_Symptoms_Frequency_Anhedonia pred:Text ""Little interest or pleasure in doing things"" .
:QDepressive_Symptoms_Frequency_Depressed_Mood pred:Text ""Feeling down, depressed, or hopeless"" .
:QDepressive_Symptoms_Frequency_Sleep_Problems pred:Text ""Trouble falling or staying asleep, or sleeping too much"" .
:QDepressive_Symptoms_Frequency_Fatigue pred:Text ""Feeling tired or having little energy"" .
:QDepressive_Symptoms_Frequency_Appetite_Changes pred:Text ""Poor appetite or overeating"" .
:QDepressive_Symptoms_Frequency_Feelings_of_Worthlessness pred:Text ""Feeling bad about yourself or that you are a failure or have let yourself or your family down"" .
:QDepressive_Symptoms_Frequency_Concentration_Difficulties pred:Text ""Trouble concentrating on things, such as reading the newspaper or watching television"" .
:QDepressive_Symptoms_Frequency_Psychomotor_Changes pred:Text ""Moving or speaking so slowly that other people could have noticed. Or the opposite — being so fidgety or restless that you have been moving around a lot more than usual"" .
:QDepressive_Symptoms_Frequency_Suicidal_Thoughts pred:Text ""Thoughts that you would be better off dead, or of hurting yourself"" .

# Responses
:Respondent131 pred:Year_of_birth 2003.0 ;
     pred:Gender 1.0 ;
     pred:Socio_economic_status 2.0 ;
     pred:Ethnic_identity 6.0 .

:Respondent131_Parental_Education
                       pred:Father 11.0 ;
                       pred:Mother 14.0 .
:Respondent131 pred:hasGroupResponse :Respondent131_Parental_Education .

:Respondent131 pred:Life_satisfaction 8.0 ;
     pred:Happiness 6.0 ;
     pred:Laughter 7.0 ;
     pred:Learning 8.0 ;
     pred:Enjoyment 8.0 ;
     pred:Worry 2.0 ;
     pred:Depression 2.0 ;
     pred:Anger 4.0 ;
     pred:Stress 3.0 ;
     pred:Loneliness 7.0 .

:Respondent131_Emotional_Regulation_Frequency
                                   pred:Upset_by_Unexpected_Events 3.0 ;
                                   pred:Unable_to_Control_Important_Things 4.0 ;
                                   pred:Lacked_Confidence_Handling_Problems 2.0 ;
                                   pred:Unable_to_Cope 4.0 ;
                                   pred:Irritated_by_Life 1.0 ;
                                   pred:On_Top_of_Things 2.0 .
:Respondent131 pred:hasGroupResponse :Respondent131_Emotional_Regulation_Frequency .

:Respondent131_Anxiety_Symptoms_Frequency
                               pred:Feeling_Nervous_or_On_Edge 2.0 ;
                               pred:Trouble_Relaxing 2.0 ;
                               pred:Restlessness 0.0 ;
                               pred:Irritability 0.0 ;
                               pred:Fear_Something_Awful_Might_Happen 2.0 .
:Respondent131 pred:hasGroupResponse :Respondent131_Anxiety_Symptoms_Frequency .

:Respondent131_Depressive_Symptoms_Frequency
                                  pred:Anhedonia 1.0 ;
                                  pred:Sleep_Problems 1.0 ;
                                  pred:Fatigue 2.0 ;
                                  pred:Appetite_Changes 2.0 ;
                                  pred:Feelings_of_Worthlessness 1.0 ;
                                  pred:Concentration_Difficulties 0.0 ;
                                  pred:Suicidal_Thoughts 0.0 .
:Respondent131 pred:hasGroupResponse :Respondent131_Depressive_Symptoms_Frequency .

:Respondent61 pred:Year_of_birth 2003.0 ;
     pred:Gender 1.0 ;
     pred:Socio_economic_status 6.0 ;
     pred:Ethnic_identity 6.0 .

:Respondent61 pred:Life_satisfaction 10.0 ;
     pred:Happiness 8.0 ;
     pred:Laughter 8.0 ;
     pred:Learning 3.0 ;
     pred:Enjoyment 9.0 ;
     pred:Worry 1.0 ;
     pred:Depression 0.0 ;
     pred:Anger 3.0 ;
     pred:Stress 2.0 ;
     pred:Loneliness 0.0 .

:Respondent61_Emotional_Regulation_Frequency
                                   pred:Upset_by_Unexpected_Events 2.0 ;
                                   pred:Unable_to_Control_Important_Things 1.0 ;
                                   pred:Lacked_Confidence_Handling_Problems 3.0 ;
                                   pred:Unable_to_Cope 1.0 ;
                                   pred:Irritated_by_Life 3.0 ;
                                   pred:On_Top_of_Things 3.0 .
:Respondent61 pred:hasGroupResponse :Respondent61_Emotional_Regulation_Frequency .

:Respondent61_Anxiety_Symptoms_Frequency
                               pred:Feeling_Nervous_or_On_Edge 1.0 ;
                               pred:Trouble_Relaxing 0.0 ;
                               pred:Restlessness 0.0 ;
                               pred:Irritability 0.0 ;
                               pred:Fear_Something_Awful_Might_Happen 1.0 .
:Respondent61 pred:hasGroupResponse :Respondent61_Anxiety_Symptoms_Frequency .

:Respondent61_Depressive_Symptoms_Frequency
                                  pred:Anhedonia 1.0 ;
                                  pred:Sleep_Problems 2.0 ;
                                  pred:Fatigue 0.0 ;
                                  pred:Appetite_Changes 0.0 ;
                                  pred:Feelings_of_Worthlessness 0.0 ;
                                  pred:Concentration_Difficulties 1.0 ;
                                  pred:Suicidal_Thoughts 0.0 .
:Respondent61 pred:hasGroupResponse :Respondent61_Depressive_Symptoms_Frequency .

:Respondent121 pred:Year_of_birth 2002.0 ;
     pred:Gender 1.0 ;
     pred:Socio_economic_status 6.0 ;
     pred:Ethnic_identity 6.0 .

:Respondent121_Parental_Education
                       pred:Father 17.0 ;
                       pred:Mother 15.0 .
:Respondent121 pred:hasGroupResponse :Respondent121_Parental_Education .

:Respondent121 pred:Life_satisfaction 9.0 ;
     pred:Happiness 7.0 ;
     pred:Laughter 7.0 ;
     pred:Learning 10.0 ;
     pred:Enjoyment 9.0 ;
     pred:Worry 2.0 ;
     pred:Depression 0.0 ;
     pred:Anger 2.0 ;
     pred:Stress 1.0 ;
     pred:Loneliness 0.0 .

:Respondent121_Emotional_Regulation_Frequency
                                   pred:Upset_by_Unexpected_Events 1.0 ;
                                   pred:Unable_to_Control_Important_Things 1.0 ;
                                   pred:Lacked_Confidence_Handling_Problems 3.0 ;
                                   pred:Unable_to_Cope 2.0 ;
                                   pred:Irritated_by_Life 2.0 ;
                                   pred:On_Top_of_Things 2.0 .
:Respondent121 pred:hasGroupResponse :Respondent121_Emotional_Regulation_Frequency .

:Respondent121_Anxiety_Symptoms_Frequency
                               pred:Feeling_Nervous_or_On_Edge 1.0 ;
                               pred:Trouble_Relaxing 0.0 ;
                               pred:Restlessness 0.0 ;
                               pred:Irritability 0.0 ;
                               pred:Fear_Something_Awful_Might_Happen 0.0 .
:Respondent121 pred:hasGroupResponse :Respondent121_Anxiety_Symptoms_Frequency .

:Respondent121_Depressive_Symptoms_Frequency
                                  pred:Anhedonia 1.0 ;
                                  pred:Sleep_Problems 0.0 ;
                                  pred:Fatigue 1.0 ;
                                  pred:Appetite_Changes 0.0 ;
                                  pred:Feelings_of_Worthlessness 0.0 ;
                                  pred:Concentration_Difficulties 0.0 ;
                                  pred:Suicidal_Thoughts 0.0 .
:Respondent121 pred:hasGroupResponse :Respondent121_Depressive_Symptoms_Frequency .

You are a meticulous data analyst AI. Your primary function is to accurately analyze structured data and provide precise, verifiable answers.

You will be given a dataset with two key parts:

A 'questions' section: This is your data dictionary or schema. It is the single source of truth for understanding what each field and score means. Refer to it carefully.

A 'responses' section: This contains the raw data from each individual respondent.

To answer the question correctly, you must first use the 'questions' schema to fully understand the context and meaning of the data points within the 'responses'. Do not rely on any prior knowledge outside of this provided data. Base your entire analysis on the information given.

Provide your final answer directly and concisely. Output must be the human-readable value, not an option code.

Rules:
- For MCQ fields, map any letter codes in the Responses (case-insensitive) to the corresponding option text from the Questions schema, and output only that text. Do NOT include the letter or both.
  Example: If the schema is ""[MCQ: A. Abnormal B. Inconclusive C. Normal]"" and the response is ""a"", output ""Abnormal"".
- For open-ended fields, output the exact text value.
- If the question asks for a count, provide only the number (e.g., ""42"").
- If the question asks for a list of names or IDs, provide a simple comma-separated list (e.g., ""17, 21, 23"").
- Preserve capitalization exactly as in the schema (e.g., output ""Abnormal"", not ""abnormal"" or ""A"").

For respondent 131, what is the value for 'Restlessness' in the 'Anxiety Symptoms Frequency' category?",,
case_13,answer_lookup,What is the worry for respondent 13?,"@prefix : <http://example.org/survey#> .
@prefix pred: <http://example.org/predicate#> .
@prefix qg: <http://example.org/question_group#> .

# Questions
:QYear_of_birth pred:Text ""What is your date of birth? [Open-ended]"" .
:QGender pred:Text ""What is your gender? [MCQ: 1. Male 2. Female]"" .
:QSocio_economic_status pred:Text ""What is the socio-economic status of your home? [Likert 1–6: 1 = Very low, 6 = Very high]"" .
:QEthnic_identity pred:Text ""According to your culture, people, or physical features, you are or are recognized as: [MCQ: 1. Indigenous 2. Gypsy 3. Raizal from San Andres, Providencia and Santa Catalina Archipelago 4. Palenquero from San Basilio 5. Black, mulatto (Afro-descendant), Afro-Colombian 6. None of the above]"" .

:QGParental_Education pred:BaseQuestion ""How many years of education did your parents receive? [Open-ended]"" ;
    qg:hasSubQuestion :QParental_Education_Father, :QParental_Education_Mother .
:QParental_Education_Father pred:Text ""Father?"" .
:QParental_Education_Mother pred:Text ""Mother?"" .

:QLife_satisfaction pred:Text ""In general, how satisfied are you with all aspects of your life? [Likert 0–10: 0 = Not satisfied, 10 = Totally satisfied]"" .
:QHappiness pred:Text ""How happy did you feel yesterday? [Likert 0–10: 0 = At no time, 10 = All the time]"" .
:QLaughter pred:Text ""How much did you laugh yesterday? [Likert 0–10: 0 = At no time, 10 = All the time]"" .
:QLearning pred:Text ""Did you learn new or exciting things yesterday? [Likert 0–10: 0 = At no time, 10 = All the time]"" .
:QEnjoyment pred:Text ""How much did you enjoy the activities you did yesterday? [Likert 0–10: 0 = At no time, 10 = All the time]"" .
:QWorry pred:Text ""How worried did you feel yesterday? [Likert 0–10: 0 = At no time, 10 = All the time]"" .
:QDepression pred:Text ""How depressed did you feel yesterday? [Likert 0–10: 0 = At no time, 10 = All the time]"" .
:QAnger pred:Text ""How angry did you feel yesterday? [Likert 0–10: 0 = At no time, 10 = All the time]"" .
:QStress pred:Text ""How much stress did you feel yesterday? [Likert 0–10: 0 = At no time, 10 = All the time]"" .
:QLoneliness pred:Text ""How lonely or unsupported did you feel yesterday? [Likert 0–10: 0 = At no time, 10 = All the time]"" .

:QGEmotional_Regulation_Frequency pred:BaseQuestion ""Next, you will be asked questions about your emotional state. Please answer on a scale of 0 to 4, where 0 is never, 1 is 'almost never', 2 is 'sometimes', 3 is 'fairly often', and 4 is 'very often', how often you experienced the following feelings during the last month: [Likert 0–4]"" ;
    qg:hasSubQuestion :QEmotional_Regulation_Frequency_Upset_by_Unexpected_Events,
                      :QEmotional_Regulation_Frequency_Unable_to_Control_Important_Things,
                      :QEmotional_Regulation_Frequency_Nervous_and_Stressed,
                      :QEmotional_Regulation_Frequency_Lacked_Confidence_Handling_Problems,
                      :QEmotional_Regulation_Frequency_Things_Going_Your_Way,
                      :QEmotional_Regulation_Frequency_Unable_to_Cope,
                      :QEmotional_Regulation_Frequency_Irritated_by_Life,
                      :QEmotional_Regulation_Frequency_On_Top_of_Things,
                      :QEmotional_Regulation_Frequency_Angered_by_Uncontrollable_Events,
                      :QEmotional_Regulation_Frequency_Felt_Overwhelmed .

:QEmotional_Regulation_Frequency_Upset_by_Unexpected_Events pred:Text ""how often have you been upset because of something that happened unexpectedly?"" .
:QEmotional_Regulation_Frequency_Unable_to_Control_Important_Things pred:Text ""how often have you felt that you were unable to control the important things in your life?"" .
:QEmotional_Regulation_Frequency_Nervous_and_Stressed pred:Text ""how often have you felt nervous and stressed?"" .
:QEmotional_Regulation_Frequency_Lacked_Confidence_Handling_Problems pred:Text ""how often have you felt confident about your ability to handle your personal problems?"" .
:QEmotional_Regulation_Frequency_Things_Going_Your_Way pred:Text ""how often have you felt that things were going your way?"" .
:QEmotional_Regulation_Frequency_Unable_to_Cope pred:Text ""how often have you found that you could not cope with all the things that you had to do?"" .
:QEmotional_Regulation_Frequency_Irritated_by_Life pred:Text ""how often have you been able to control irritations in your life?"" .
:QEmotional_Regulation_Frequency_On_Top_of_Things pred:Text ""how often have you felt that you were on top of things?"" .
:QEmotional_Regulation_Frequency_Angered_by_Uncontrollable_Events pred:Text ""how often have you been angered because of things that happened that were outside of your control?"" .
:QEmotional_Regulation_Frequency_Felt_Overwhelmed pred:Text ""how often have you felt difficulties were piling up so high that you could not overcome them?"" .

:QGAnxiety_Symptoms_Frequency pred:BaseQuestion ""Next, you will be asked questions about your emotional state. Please answer on a scale of 0 to 3, where 0 is 'Not at all', 1 is 'several days', 2 is 'more than half of the days', and 3 is 'Nearly every day'. Over the last two weeks, how often have you been bothered by the following problems? [Likert 0–3]"" ;
    qg:hasSubQuestion :QAnxiety_Symptoms_Frequency_Feeling_Nervous_or_On_Edge,
                      :QAnxiety_Symptoms_Frequency_Uncontrollable_Worrying,
                      :QAnxiety_Symptoms_Frequency_Excessive_Worry,
                      :QAnxiety_Symptoms_Frequency_Trouble_Relaxing,
                      :QAnxiety_Symptoms_Frequency_Restlessness,
                      :QAnxiety_Symptoms_Frequency_Irritability,
                      :QAnxiety_Symptoms_Frequency_Fear_Something_Awful_Might_Happen .

:QAnxiety_Symptoms_Frequency_Feeling_Nervous_or_On_Edge pred:Text ""Feeling nervous, anxious, or on edge"" .
:QAnxiety_Symptoms_Frequency_Uncontrollable_Worrying pred:Text ""Not being able to stop or control worrying"" .
:QAnxiety_Symptoms_Frequency_Excessive_Worry pred:Text ""Worrying too much about different things"" .
:QAnxiety_Symptoms_Frequency_Trouble_Relaxing pred:Text ""Trouble relaxing"" .
:QAnxiety_Symptoms_Frequency_Restlessness pred:Text ""Being so restless that it is hard to sit still"" .
:QAnxiety_Symptoms_Frequency_Irritability pred:Text ""Becoming easily annoyed or irritable"" .
:QAnxiety_Symptoms_Frequency_Fear_Something_Awful_Might_Happen pred:Text ""Feeling afraid, as if something awful might happen"" .

:QGDepressive_Symptoms_Frequency pred:BaseQuestion ""Next, you will be asked questions about your emotional state. Please answer on a scale of 0 to 3, where 0 is 'Not at all', 1 is 'several days', 2 is 'more than half of the days', and 3 is 'Nearly every day'. Over the last two weeks, how often have you been bothered by the following problems?"" ;
    qg:hasSubQuestion :QDepressive_Symptoms_Frequency_Anhedonia,
                      :QDepressive_Symptoms_Frequency_Depressed_Mood,
                      :QDepressive_Symptoms_Frequency_Sleep_Problems,
                      :QDepressive_Symptoms_Frequency_Fatigue,
                      :QDepressive_Symptoms_Frequency_Appetite_Changes,
                      :QDepressive_Symptoms_Frequency_Feelings_of_Worthlessness,
                      :QDepressive_Symptoms_Frequency_Concentration_Difficulties,
                      :QDepressive_Symptoms_Frequency_Psychomotor_Changes,
                      :QDepressive_Symptoms_Frequency_Suicidal_Thoughts .

:QDepressive_Symptoms_Frequency_Anhedonia pred:Text ""Little interest or pleasure in doing things"" .
:QDepressive_Symptoms_Frequency_Depressed_Mood pred:Text ""Feeling down, depressed, or hopeless"" .
:QDepressive_Symptoms_Frequency_Sleep_Problems pred:Text ""Trouble falling or staying asleep, or sleeping too much"" .
:QDepressive_Symptoms_Frequency_Fatigue pred:Text ""Feeling tired or having little energy"" .
:QDepressive_Symptoms_Frequency_Appetite_Changes pred:Text ""Poor appetite or overeating"" .
:QDepressive_Symptoms_Frequency_Feelings_of_Worthlessness pred:Text ""Feeling bad about yourself or that you are a failure or have let yourself or your family down"" .
:QDepressive_Symptoms_Frequency_Concentration_Difficulties pred:Text ""Trouble concentrating on things, such as reading the newspaper or watching television"" .
:QDepressive_Symptoms_Frequency_Psychomotor_Changes pred:Text ""Moving or speaking so slowly that other people could have noticed. Or the opposite — being so fidgety or restless that you have been moving around a lot more than usual"" .
:QDepressive_Symptoms_Frequency_Suicidal_Thoughts pred:Text ""Thoughts that you would be better off dead, or of hurting yourself"" .

# Responses
:Respondent13 pred:Year_of_birth 2002.0 ;
     pred:Gender 1.0 ;
     pred:Socio_economic_status 3.0 ;
     pred:Ethnic_identity 6.0 .

:Respondent13 pred:Life_satisfaction 7.0 ;
     pred:Happiness 7.0 ;
     pred:Laughter 9.0 ;
     pred:Learning 5.0 ;
     pred:Enjoyment 9.0 ;
     pred:Worry 1.0 ;
     pred:Depression 1.0 ;
     pred:Anger 2.0 ;
     pred:Stress 3.0 ;
     pred:Loneliness 0.0 .

:Respondent13_Emotional_Regulation_Frequency
                                   pred:Upset_by_Unexpected_Events 2.0 ;
                                   pred:Unable_to_Control_Important_Things 3.0 ;
                                   pred:Lacked_Confidence_Handling_Problems 2.0 ;
                                   pred:Unable_to_Cope 2.0 ;
                                   pred:Irritated_by_Life 3.0 ;
                                   pred:On_Top_of_Things 2.0 .
:Respondent13 pred:hasGroupResponse :Respondent13_Emotional_Regulation_Frequency .

:Respondent13_Anxiety_Symptoms_Frequency
                               pred:Feeling_Nervous_or_On_Edge 1.0 ;
                               pred:Trouble_Relaxing 1.0 ;
                               pred:Restlessness 1.0 ;
                               pred:Irritability 1.0 ;
                               pred:Fear_Something_Awful_Might_Happen 0.0 .
:Respondent13 pred:hasGroupResponse :Respondent13_Anxiety_Symptoms_Frequency .

:Respondent13_Depressive_Symptoms_Frequency
                                  pred:Anhedonia 1.0 ;
                                  pred:Sleep_Problems 1.0 ;
                                  pred:Fatigue 1.0 ;
                                  pred:Appetite_Changes 0.0 ;
                                  pred:Feelings_of_Worthlessness 1.0 ;
                                  pred:Concentration_Difficulties 0.0 ;
                                  pred:Suicidal_Thoughts 0.0 .
:Respondent13 pred:hasGroupResponse :Respondent13_Depressive_Symptoms_Frequency .

:Respondent120 pred:Year_of_birth 2002.0 ;
     pred:Gender 2.0 ;
     pred:Socio_economic_status 1.0 ;
     pred:Ethnic_identity 6.0 .

:Respondent120 pred:Life_satisfaction 6.0 ;
     pred:Happiness 6.0 ;
     pred:Laughter 6.0 ;
     pred:Learning 7.0 ;
     pred:Enjoyment 6.0 ;
     pred:Worry 2.0 ;
     pred:Depression 2.0 ;
     pred:Anger 4.0 ;
     pred:Stress 4.0 ;
     pred:Loneliness 10.0 .

:Respondent120_Emotional_Regulation_Frequency
                                   pred:Upset_by_Unexpected_Events 4.0 ;
                                   pred:Unable_to_Control_Important_Things 4.0 ;
                                   pred:Lacked_Confidence_Handling_Problems 1.0 ;
                                   pred:Unable_to_Cope 4.0 ;
                                   pred:Irritated_by_Life 1.0 ;
                                   pred:On_Top_of_Things 1.0 .
:Respondent120 pred:hasGroupResponse :Respondent120_Emotional_Regulation_Frequency .

:Respondent120_Anxiety_Symptoms_Frequency
                               pred:Feeling_Nervous_or_On_Edge 1.0 ;
                               pred:Trouble_Relaxing 3.0 ;
                               pred:Restlessness 3.0 ;
                               pred:Irritability 3.0 ;
                               pred:Fear_Something_Awful_Might_Happen 3.0 .
:Respondent120 pred:hasGroupResponse :Respondent120_Anxiety_Symptoms_Frequency .

:Respondent120_Depressive_Symptoms_Frequency
                                  pred:Anhedonia 3.0 ;
                                  pred:Sleep_Problems 3.0 ;
                                  pred:Fatigue 2.0 ;
                                  pred:Appetite_Changes 2.0 ;
                                  pred:Feelings_of_Worthlessness 2.0 ;
                                  pred:Concentration_Difficulties 2.0 ;
                                  pred:Suicidal_Thoughts 1.0 .
:Respondent120 pred:hasGroupResponse :Respondent120_Depressive_Symptoms_Frequency .

:Respondent73 pred:Year_of_birth 2005.0 ;
     pred:Gender 2.0 ;
     pred:Socio_economic_status 2.0 ;
     pred:Ethnic_identity 6.0 .

:Respondent73_Parental_Education
                       pred:Father 25.0 ;
                       pred:Mother 15.0 .
:Respondent73 pred:hasGroupResponse :Respondent73_Parental_Education .

:Respondent73 pred:Life_satisfaction 8.0 ;
     pred:Happiness 5.0 ;
     pred:Laughter 4.0 ;
     pred:Learning 5.0 ;
     pred:Enjoyment 5.0 ;
     pred:Worry 2.0 ;
     pred:Depression 1.0 ;
     pred:Anger 2.0 ;
     pred:Stress 4.0 ;
     pred:Loneliness 6.0 .

:Respondent73_Emotional_Regulation_Frequency
                                   pred:Upset_by_Unexpected_Events 2.0 ;
                                   pred:Unable_to_Control_Important_Things 2.0 ;
                                   pred:Lacked_Confidence_Handling_Problems 2.0 ;
                                   pred:Unable_to_Cope 2.0 ;
                                   pred:Irritated_by_Life 2.0 ;
                                   pred:On_Top_of_Things 2.0 .
:Respondent73 pred:hasGroupResponse :Respondent73_Emotional_Regulation_Frequency .

:Respondent73_Anxiety_Symptoms_Frequency
                               pred:Feeling_Nervous_or_On_Edge 2.0 ;
                               pred:Trouble_Relaxing 1.0 ;
                               pred:Restlessness 1.0 ;
                               pred:Irritability 2.0 ;
                               pred:Fear_Something_Awful_Might_Happen 2.0 .
:Respondent73 pred:hasGroupResponse :Respondent73_Anxiety_Symptoms_Frequency .

:Respondent73_Depressive_Symptoms_Frequency
                                  pred:Anhedonia 1.0 ;
                                  pred:Sleep_Problems 2.0 ;
                                  pred:Fatigue 1.0 ;
                                  pred:Appetite_Changes 1.0 ;
                                  pred:Feelings_of_Worthlessness 1.0 ;
                                  pred:Concentration_Difficulties 1.0 ;
                                  pred:Suicidal_Thoughts 0.0 .
:Respondent73 pred:hasGroupResponse :Respondent73_Depressive_Symptoms_Frequency .
",1.0,"For respondent 129, what is the value for 'Appetite Changes' in the 'Depressive Symptoms Frequency' category?

DATA:

@prefix : <http://example.org/survey#> .
@prefix pred: <http://example.org/predicate#> .
@prefix qg: <http://example.org/question_group#> .

# Questions
:QYear_of_birth pred:Text ""What is your date of birth? [Open-ended]"" .
:QGender pred:Text ""What is your gender? [MCQ: 1. Male 2. Female]"" .
:QSocio_economic_status pred:Text ""What is the socio-economic status of your home? [Likert 1–6: 1 = Very low, 6 = Very high]"" .
:QEthnic_identity pred:Text ""According to your culture, people, or physical features, you are or are recognized as: [MCQ: 1. Indigenous 2. Gypsy 3. Raizal from San Andres, Providencia and Santa Catalina Archipelago 4. Palenquero from San Basilio 5. Black, mulatto (Afro-descendant), Afro-Colombian 6. None of the above]"" .

:QGParental_Education pred:BaseQuestion ""How many years of education did your parents receive? [Open-ended]"" ;
    qg:hasSubQuestion :QParental_Education_Father, :QParental_Education_Mother .
:QParental_Education_Father pred:Text ""Father?"" .
:QParental_Education_Mother pred:Text ""Mother?"" .

:QLife_satisfaction pred:Text ""In general, how satisfied are you with all aspects of your life? [Likert 0–10: 0 = Not satisfied, 10 = Totally satisfied]"" .
:QHappiness pred:Text ""How happy did you feel yesterday? [Likert 0–10: 0 = At no time, 10 = All the time]"" .
:QLaughter pred:Text ""How much did you laugh yesterday? [Likert 0–10: 0 = At no time, 10 = All the time]"" .
:QLearning pred:Text ""Did you learn new or exciting things yesterday? [Likert 0–10: 0 = At no time, 10 = All the time]"" .
:QEnjoyment pred:Text ""How much did you enjoy the activities you did yesterday? [Likert 0–10: 0 = At no time, 10 = All the time]"" .
:QWorry pred:Text ""How worried did you feel yesterday? [Likert 0–10: 0 = At no time, 10 = All the time]"" .
:QDepression pred:Text ""How depressed did you feel yesterday? [Likert 0–10: 0 = At no time, 10 = All the time]"" .
:QAnger pred:Text ""How angry did you feel yesterday? [Likert 0–10: 0 = At no time, 10 = All the time]"" .
:QStress pred:Text ""How much stress did you feel yesterday? [Likert 0–10: 0 = At no time, 10 = All the time]"" .
:QLoneliness pred:Text ""How lonely or unsupported did you feel yesterday? [Likert 0–10: 0 = At no time, 10 = All the time]"" .

:QGEmotional_Regulation_Frequency pred:BaseQuestion ""Next, you will be asked questions about your emotional state. Please answer on a scale of 0 to 4, where 0 is never, 1 is 'almost never', 2 is 'sometimes', 3 is 'fairly often', and 4 is 'very often', how often you experienced the following feelings during the last month: [Likert 0–4]"" ;
    qg:hasSubQuestion :QEmotional_Regulation_Frequency_Upset_by_Unexpected_Events,
                      :QEmotional_Regulation_Frequency_Unable_to_Control_Important_Things,
                      :QEmotional_Regulation_Frequency_Nervous_and_Stressed,
                      :QEmotional_Regulation_Frequency_Lacked_Confidence_Handling_Problems,
                      :QEmotional_Regulation_Frequency_Things_Going_Your_Way,
                      :QEmotional_Regulation_Frequency_Unable_to_Cope,
                      :QEmotional_Regulation_Frequency_Irritated_by_Life,
                      :QEmotional_Regulation_Frequency_On_Top_of_Things,
                      :QEmotional_Regulation_Frequency_Angered_by_Uncontrollable_Events,
                      :QEmotional_Regulation_Frequency_Felt_Overwhelmed .

:QEmotional_Regulation_Frequency_Upset_by_Unexpected_Events pred:Text ""how often have you been upset because of something that happened unexpectedly?"" .
:QEmotional_Regulation_Frequency_Unable_to_Control_Important_Things pred:Text ""how often have you felt that you were unable to control the important things in your life?"" .
:QEmotional_Regulation_Frequency_Nervous_and_Stressed pred:Text ""how often have you felt nervous and stressed?"" .
:QEmotional_Regulation_Frequency_Lacked_Confidence_Handling_Problems pred:Text ""how often have you felt confident about your ability to handle your personal problems?"" .
:QEmotional_Regulation_Frequency_Things_Going_Your_Way pred:Text ""how often have you felt that things were going your way?"" .
:QEmotional_Regulation_Frequency_Unable_to_Cope pred:Text ""how often have you found that you could not cope with all the things that you had to do?"" .
:QEmotional_Regulation_Frequency_Irritated_by_Life pred:Text ""how often have you been able to control irritations in your life?"" .
:QEmotional_Regulation_Frequency_On_Top_of_Things pred:Text ""how often have you felt that you were on top of things?"" .
:QEmotional_Regulation_Frequency_Angered_by_Uncontrollable_Events pred:Text ""how often have you been angered because of things that happened that were outside of your control?"" .
:QEmotional_Regulation_Frequency_Felt_Overwhelmed pred:Text ""how often have you felt difficulties were piling up so high that you could not overcome them?"" .

:QGAnxiety_Symptoms_Frequency pred:BaseQuestion ""Next, you will be asked questions about your emotional state. Please answer on a scale of 0 to 3, where 0 is 'Not at all', 1 is 'several days', 2 is 'more than half of the days', and 3 is 'Nearly every day'. Over the last two weeks, how often have you been bothered by the following problems? [Likert 0–3]"" ;
    qg:hasSubQuestion :QAnxiety_Symptoms_Frequency_Feeling_Nervous_or_On_Edge,
                      :QAnxiety_Symptoms_Frequency_Uncontrollable_Worrying,
                      :QAnxiety_Symptoms_Frequency_Excessive_Worry,
                      :QAnxiety_Symptoms_Frequency_Trouble_Relaxing,
                      :QAnxiety_Symptoms_Frequency_Restlessness,
                      :QAnxiety_Symptoms_Frequency_Irritability,
                      :QAnxiety_Symptoms_Frequency_Fear_Something_Awful_Might_Happen .

:QAnxiety_Symptoms_Frequency_Feeling_Nervous_or_On_Edge pred:Text ""Feeling nervous, anxious, or on edge"" .
:QAnxiety_Symptoms_Frequency_Uncontrollable_Worrying pred:Text ""Not being able to stop or control worrying"" .
:QAnxiety_Symptoms_Frequency_Excessive_Worry pred:Text ""Worrying too much about different things"" .
:QAnxiety_Symptoms_Frequency_Trouble_Relaxing pred:Text ""Trouble relaxing"" .
:QAnxiety_Symptoms_Frequency_Restlessness pred:Text ""Being so restless that it is hard to sit still"" .
:QAnxiety_Symptoms_Frequency_Irritability pred:Text ""Becoming easily annoyed or irritable"" .
:QAnxiety_Symptoms_Frequency_Fear_Something_Awful_Might_Happen pred:Text ""Feeling afraid, as if something awful might happen"" .

:QGDepressive_Symptoms_Frequency pred:BaseQuestion ""Next, you will be asked questions about your emotional state. Please answer on a scale of 0 to 3, where 0 is 'Not at all', 1 is 'several days', 2 is 'more than half of the days', and 3 is 'Nearly every day'. Over the last two weeks, how often have you been bothered by the following problems?"" ;
    qg:hasSubQuestion :QDepressive_Symptoms_Frequency_Anhedonia,
                      :QDepressive_Symptoms_Frequency_Depressed_Mood,
                      :QDepressive_Symptoms_Frequency_Sleep_Problems,
                      :QDepressive_Symptoms_Frequency_Fatigue,
                      :QDepressive_Symptoms_Frequency_Appetite_Changes,
                      :QDepressive_Symptoms_Frequency_Feelings_of_Worthlessness,
                      :QDepressive_Symptoms_Frequency_Concentration_Difficulties,
                      :QDepressive_Symptoms_Frequency_Psychomotor_Changes,
                      :QDepressive_Symptoms_Frequency_Suicidal_Thoughts .

:QDepressive_Symptoms_Frequency_Anhedonia pred:Text ""Little interest or pleasure in doing things"" .
:QDepressive_Symptoms_Frequency_Depressed_Mood pred:Text ""Feeling down, depressed, or hopeless"" .
:QDepressive_Symptoms_Frequency_Sleep_Problems pred:Text ""Trouble falling or staying asleep, or sleeping too much"" .
:QDepressive_Symptoms_Frequency_Fatigue pred:Text ""Feeling tired or having little energy"" .
:QDepressive_Symptoms_Frequency_Appetite_Changes pred:Text ""Poor appetite or overeating"" .
:QDepressive_Symptoms_Frequency_Feelings_of_Worthlessness pred:Text ""Feeling bad about yourself or that you are a failure or have let yourself or your family down"" .
:QDepressive_Symptoms_Frequency_Concentration_Difficulties pred:Text ""Trouble concentrating on things, such as reading the newspaper or watching television"" .
:QDepressive_Symptoms_Frequency_Psychomotor_Changes pred:Text ""Moving or speaking so slowly that other people could have noticed. Or the opposite — being so fidgety or restless that you have been moving around a lot more than usual"" .
:QDepressive_Symptoms_Frequency_Suicidal_Thoughts pred:Text ""Thoughts that you would be better off dead, or of hurting yourself"" .

# Responses
:Respondent73 pred:Year_of_birth 2005.0 ;
     pred:Gender 2.0 ;
     pred:Socio_economic_status 2.0 ;
     pred:Ethnic_identity 6.0 .

:Respondent73_Parental_Education
                       pred:Father 25.0 ;
                       pred:Mother 15.0 .
:Respondent73 pred:hasGroupResponse :Respondent73_Parental_Education .

:Respondent73 pred:Life_satisfaction 8.0 ;
     pred:Happiness 5.0 ;
     pred:Laughter 4.0 ;
     pred:Learning 5.0 ;
     pred:Enjoyment 5.0 ;
     pred:Worry 2.0 ;
     pred:Depression 1.0 ;
     pred:Anger 2.0 ;
     pred:Stress 4.0 ;
     pred:Loneliness 6.0 .

:Respondent73_Emotional_Regulation_Frequency
                                   pred:Upset_by_Unexpected_Events 2.0 ;
                                   pred:Unable_to_Control_Important_Things 2.0 ;
                                   pred:Lacked_Confidence_Handling_Problems 2.0 ;
                                   pred:Unable_to_Cope 2.0 ;
                                   pred:Irritated_by_Life 2.0 ;
                                   pred:On_Top_of_Things 2.0 .
:Respondent73 pred:hasGroupResponse :Respondent73_Emotional_Regulation_Frequency .

:Respondent73_Anxiety_Symptoms_Frequency
                               pred:Feeling_Nervous_or_On_Edge 2.0 ;
                               pred:Trouble_Relaxing 1.0 ;
                               pred:Restlessness 1.0 ;
                               pred:Irritability 2.0 ;
                               pred:Fear_Something_Awful_Might_Happen 2.0 .
:Respondent73 pred:hasGroupResponse :Respondent73_Anxiety_Symptoms_Frequency .

:Respondent73_Depressive_Symptoms_Frequency
                                  pred:Anhedonia 1.0 ;
                                  pred:Sleep_Problems 2.0 ;
                                  pred:Fatigue 1.0 ;
                                  pred:Appetite_Changes 1.0 ;
                                  pred:Feelings_of_Worthlessness 1.0 ;
                                  pred:Concentration_Difficulties 1.0 ;
                                  pred:Suicidal_Thoughts 0.0 .
:Respondent73 pred:hasGroupResponse :Respondent73_Depressive_Symptoms_Frequency .

:Respondent85 pred:Year_of_birth 2004.0 ;
     pred:Gender 2.0 ;
     pred:Socio_economic_status 3.0 ;
     pred:Ethnic_identity 6.0 .

:Respondent85_Parental_Education
                       pred:Father 18.0 .
:Respondent85 pred:hasGroupResponse :Respondent85_Parental_Education .

:Respondent85 pred:Life_satisfaction 5.0 ;
     pred:Happiness 6.0 ;
     pred:Laughter 6.0 ;
     pred:Learning 8.0 ;
     pred:Enjoyment 5.0 ;
     pred:Worry 1.0 ;
     pred:Depression 1.0 ;
     pred:Anger 2.0 ;
     pred:Stress 4.0 ;
     pred:Loneliness 1.0 .

:Respondent85_Emotional_Regulation_Frequency
                                   pred:Upset_by_Unexpected_Events 2.0 ;
                                   pred:Unable_to_Control_Important_Things 3.0 ;
                                   pred:Lacked_Confidence_Handling_Problems 2.0 ;
                                   pred:Unable_to_Cope 3.0 ;
                                   pred:Irritated_by_Life 3.0 ;
                                   pred:On_Top_of_Things 2.0 .
:Respondent85 pred:hasGroupResponse :Respondent85_Emotional_Regulation_Frequency .

:Respondent85_Anxiety_Symptoms_Frequency
                               pred:Feeling_Nervous_or_On_Edge 1.0 ;
                               pred:Trouble_Relaxing 1.0 ;
                               pred:Restlessness 0.0 ;
                               pred:Irritability 1.0 ;
                               pred:Fear_Something_Awful_Might_Happen 1.0 .
:Respondent85 pred:hasGroupResponse :Respondent85_Anxiety_Symptoms_Frequency .

:Respondent85_Depressive_Symptoms_Frequency
                                  pred:Anhedonia 2.0 ;
                                  pred:Sleep_Problems 2.0 ;
                                  pred:Fatigue 3.0 ;
                                  pred:Appetite_Changes 3.0 ;
                                  pred:Feelings_of_Worthlessness 1.0 ;
                                  pred:Concentration_Difficulties 1.0 ;
                                  pred:Suicidal_Thoughts 0.0 .
:Respondent85 pred:hasGroupResponse :Respondent85_Depressive_Symptoms_Frequency .

:Respondent129 pred:Year_of_birth 2001.0 ;
     pred:Gender 2.0 ;
     pred:Socio_economic_status 3.0 ;
     pred:Ethnic_identity 6.0 .

:Respondent129_Parental_Education
                       pred:Father 13.0 ;
                       pred:Mother 13.0 .
:Respondent129 pred:hasGroupResponse :Respondent129_Parental_Education .

:Respondent129 pred:Life_satisfaction 8.0 ;
     pred:Happiness 9.0 ;
     pred:Laughter 6.0 ;
     pred:Learning 5.0 ;
     pred:Enjoyment 6.0 ;
     pred:Worry 1.0 ;
     pred:Depression 1.0 ;
     pred:Anger 1.0 ;
     pred:Stress 3.0 ;
     pred:Loneliness 0.0 .

:Respondent129_Emotional_Regulation_Frequency
                                   pred:Upset_by_Unexpected_Events 1.0 ;
                                   pred:Unable_to_Control_Important_Things 1.0 ;
                                   pred:Lacked_Confidence_Handling_Problems 3.0 ;
                                   pred:Unable_to_Cope 2.0 ;
                                   pred:Irritated_by_Life 3.0 ;
                                   pred:On_Top_of_Things 2.0 .
:Respondent129 pred:hasGroupResponse :Respondent129_Emotional_Regulation_Frequency .

:Respondent129_Anxiety_Symptoms_Frequency
                               pred:Feeling_Nervous_or_On_Edge 1.0 ;
                               pred:Trouble_Relaxing 1.0 ;
                               pred:Restlessness 0.0 ;
                               pred:Irritability 0.0 ;
                               pred:Fear_Something_Awful_Might_Happen 0.0 .
:Respondent129 pred:hasGroupResponse :Respondent129_Anxiety_Symptoms_Frequency .

:Respondent129_Depressive_Symptoms_Frequency
                                  pred:Anhedonia 1.0 ;
                                  pred:Sleep_Problems 1.0 ;
                                  pred:Fatigue 2.0 ;
                                  pred:Appetite_Changes 2.0 ;
                                  pred:Feelings_of_Worthlessness 0.0 ;
                                  pred:Concentration_Difficulties 2.0 ;
                                  pred:Suicidal_Thoughts 0.0 .
:Respondent129 pred:hasGroupResponse :Respondent129_Depressive_Symptoms_Frequency .

Answer: 2.0

@prefix : <http://example.org/survey#> .
@prefix pred: <http://example.org/predicate#> .
@prefix qg: <http://example.org/question_group#> .

# Questions
:QYear_of_birth pred:Text ""What is your date of birth? [Open-ended]"" .
:QGender pred:Text ""What is your gender? [MCQ: 1. Male 2. Female]"" .
:QSocio_economic_status pred:Text ""What is the socio-economic status of your home? [Likert 1–6: 1 = Very low, 6 = Very high]"" .
:QEthnic_identity pred:Text ""According to your culture, people, or physical features, you are or are recognized as: [MCQ: 1. Indigenous 2. Gypsy 3. Raizal from San Andres, Providencia and Santa Catalina Archipelago 4. Palenquero from San Basilio 5. Black, mulatto (Afro-descendant), Afro-Colombian 6. None of the above]"" .

:QGParental_Education pred:BaseQuestion ""How many years of education did your parents receive? [Open-ended]"" ;
    qg:hasSubQuestion :QParental_Education_Father, :QParental_Education_Mother .
:QParental_Education_Father pred:Text ""Father?"" .
:QParental_Education_Mother pred:Text ""Mother?"" .

:QLife_satisfaction pred:Text ""In general, how satisfied are you with all aspects of your life? [Likert 0–10: 0 = Not satisfied, 10 = Totally satisfied]"" .
:QHappiness pred:Text ""How happy did you feel yesterday? [Likert 0–10: 0 = At no time, 10 = All the time]"" .
:QLaughter pred:Text ""How much did you laugh yesterday? [Likert 0–10: 0 = At no time, 10 = All the time]"" .
:QLearning pred:Text ""Did you learn new or exciting things yesterday? [Likert 0–10: 0 = At no time, 10 = All the time]"" .
:QEnjoyment pred:Text ""How much did you enjoy the activities you did yesterday? [Likert 0–10: 0 = At no time, 10 = All the time]"" .
:QWorry pred:Text ""How worried did you feel yesterday? [Likert 0–10: 0 = At no time, 10 = All the time]"" .
:QDepression pred:Text ""How depressed did you feel yesterday? [Likert 0–10: 0 = At no time, 10 = All the time]"" .
:QAnger pred:Text ""How angry did you feel yesterday? [Likert 0–10: 0 = At no time, 10 = All the time]"" .
:QStress pred:Text ""How much stress did you feel yesterday? [Likert 0–10: 0 = At no time, 10 = All the time]"" .
:QLoneliness pred:Text ""How lonely or unsupported did you feel yesterday? [Likert 0–10: 0 = At no time, 10 = All the time]"" .

:QGEmotional_Regulation_Frequency pred:BaseQuestion ""Next, you will be asked questions about your emotional state. Please answer on a scale of 0 to 4, where 0 is never, 1 is 'almost never', 2 is 'sometimes', 3 is 'fairly often', and 4 is 'very often', how often you experienced the following feelings during the last month: [Likert 0–4]"" ;
    qg:hasSubQuestion :QEmotional_Regulation_Frequency_Upset_by_Unexpected_Events,
                      :QEmotional_Regulation_Frequency_Unable_to_Control_Important_Things,
                      :QEmotional_Regulation_Frequency_Nervous_and_Stressed,
                      :QEmotional_Regulation_Frequency_Lacked_Confidence_Handling_Problems,
                      :QEmotional_Regulation_Frequency_Things_Going_Your_Way,
                      :QEmotional_Regulation_Frequency_Unable_to_Cope,
                      :QEmotional_Regulation_Frequency_Irritated_by_Life,
                      :QEmotional_Regulation_Frequency_On_Top_of_Things,
                      :QEmotional_Regulation_Frequency_Angered_by_Uncontrollable_Events,
                      :QEmotional_Regulation_Frequency_Felt_Overwhelmed .

:QEmotional_Regulation_Frequency_Upset_by_Unexpected_Events pred:Text ""how often have you been upset because of something that happened unexpectedly?"" .
:QEmotional_Regulation_Frequency_Unable_to_Control_Important_Things pred:Text ""how often have you felt that you were unable to control the important things in your life?"" .
:QEmotional_Regulation_Frequency_Nervous_and_Stressed pred:Text ""how often have you felt nervous and stressed?"" .
:QEmotional_Regulation_Frequency_Lacked_Confidence_Handling_Problems pred:Text ""how often have you felt confident about your ability to handle your personal problems?"" .
:QEmotional_Regulation_Frequency_Things_Going_Your_Way pred:Text ""how often have you felt that things were going your way?"" .
:QEmotional_Regulation_Frequency_Unable_to_Cope pred:Text ""how often have you found that you could not cope with all the things that you had to do?"" .
:QEmotional_Regulation_Frequency_Irritated_by_Life pred:Text ""how often have you been able to control irritations in your life?"" .
:QEmotional_Regulation_Frequency_On_Top_of_Things pred:Text ""how often have you felt that you were on top of things?"" .
:QEmotional_Regulation_Frequency_Angered_by_Uncontrollable_Events pred:Text ""how often have you been angered because of things that happened that were outside of your control?"" .
:QEmotional_Regulation_Frequency_Felt_Overwhelmed pred:Text ""how often have you felt difficulties were piling up so high that you could not overcome them?"" .

:QGAnxiety_Symptoms_Frequency pred:BaseQuestion ""Next, you will be asked questions about your emotional state. Please answer on a scale of 0 to 3, where 0 is 'Not at all', 1 is 'several days', 2 is 'more than half of the days', and 3 is 'Nearly every day'. Over the last two weeks, how often have you been bothered by the following problems? [Likert 0–3]"" ;
    qg:hasSubQuestion :QAnxiety_Symptoms_Frequency_Feeling_Nervous_or_On_Edge,
                      :QAnxiety_Symptoms_Frequency_Uncontrollable_Worrying,
                      :QAnxiety_Symptoms_Frequency_Excessive_Worry,
                      :QAnxiety_Symptoms_Frequency_Trouble_Relaxing,
                      :QAnxiety_Symptoms_Frequency_Restlessness,
                      :QAnxiety_Symptoms_Frequency_Irritability,
                      :QAnxiety_Symptoms_Frequency_Fear_Something_Awful_Might_Happen .

:QAnxiety_Symptoms_Frequency_Feeling_Nervous_or_On_Edge pred:Text ""Feeling nervous, anxious, or on edge"" .
:QAnxiety_Symptoms_Frequency_Uncontrollable_Worrying pred:Text ""Not being able to stop or control worrying"" .
:QAnxiety_Symptoms_Frequency_Excessive_Worry pred:Text ""Worrying too much about different things"" .
:QAnxiety_Symptoms_Frequency_Trouble_Relaxing pred:Text ""Trouble relaxing"" .
:QAnxiety_Symptoms_Frequency_Restlessness pred:Text ""Being so restless that it is hard to sit still"" .
:QAnxiety_Symptoms_Frequency_Irritability pred:Text ""Becoming easily annoyed or irritable"" .
:QAnxiety_Symptoms_Frequency_Fear_Something_Awful_Might_Happen pred:Text ""Feeling afraid, as if something awful might happen"" .

:QGDepressive_Symptoms_Frequency pred:BaseQuestion ""Next, you will be asked questions about your emotional state. Please answer on a scale of 0 to 3, where 0 is 'Not at all', 1 is 'several days', 2 is 'more than half of the days', and 3 is 'Nearly every day'. Over the last two weeks, how often have you been bothered by the following problems?"" ;
    qg:hasSubQuestion :QDepressive_Symptoms_Frequency_Anhedonia,
                      :QDepressive_Symptoms_Frequency_Depressed_Mood,
                      :QDepressive_Symptoms_Frequency_Sleep_Problems,
                      :QDepressive_Symptoms_Frequency_Fatigue,
                      :QDepressive_Symptoms_Frequency_Appetite_Changes,
                      :QDepressive_Symptoms_Frequency_Feelings_of_Worthlessness,
                      :QDepressive_Symptoms_Frequency_Concentration_Difficulties,
                      :QDepressive_Symptoms_Frequency_Psychomotor_Changes,
                      :QDepressive_Symptoms_Frequency_Suicidal_Thoughts .

:QDepressive_Symptoms_Frequency_Anhedonia pred:Text ""Little interest or pleasure in doing things"" .
:QDepressive_Symptoms_Frequency_Depressed_Mood pred:Text ""Feeling down, depressed, or hopeless"" .
:QDepressive_Symptoms_Frequency_Sleep_Problems pred:Text ""Trouble falling or staying asleep, or sleeping too much"" .
:QDepressive_Symptoms_Frequency_Fatigue pred:Text ""Feeling tired or having little energy"" .
:QDepressive_Symptoms_Frequency_Appetite_Changes pred:Text ""Poor appetite or overeating"" .
:QDepressive_Symptoms_Frequency_Feelings_of_Worthlessness pred:Text ""Feeling bad about yourself or that you are a failure or have let yourself or your family down"" .
:QDepressive_Symptoms_Frequency_Concentration_Difficulties pred:Text ""Trouble concentrating on things, such as reading the newspaper or watching television"" .
:QDepressive_Symptoms_Frequency_Psychomotor_Changes pred:Text ""Moving or speaking so slowly that other people could have noticed. Or the opposite — being so fidgety or restless that you have been moving around a lot more than usual"" .
:QDepressive_Symptoms_Frequency_Suicidal_Thoughts pred:Text ""Thoughts that you would be better off dead, or of hurting yourself"" .

# Responses
:Respondent13 pred:Year_of_birth 2002.0 ;
     pred:Gender 1.0 ;
     pred:Socio_economic_status 3.0 ;
     pred:Ethnic_identity 6.0 .

:Respondent13 pred:Life_satisfaction 7.0 ;
     pred:Happiness 7.0 ;
     pred:Laughter 9.0 ;
     pred:Learning 5.0 ;
     pred:Enjoyment 9.0 ;
     pred:Worry 1.0 ;
     pred:Depression 1.0 ;
     pred:Anger 2.0 ;
     pred:Stress 3.0 ;
     pred:Loneliness 0.0 .

:Respondent13_Emotional_Regulation_Frequency
                                   pred:Upset_by_Unexpected_Events 2.0 ;
                                   pred:Unable_to_Control_Important_Things 3.0 ;
                                   pred:Lacked_Confidence_Handling_Problems 2.0 ;
                                   pred:Unable_to_Cope 2.0 ;
                                   pred:Irritated_by_Life 3.0 ;
                                   pred:On_Top_of_Things 2.0 .
:Respondent13 pred:hasGroupResponse :Respondent13_Emotional_Regulation_Frequency .

:Respondent13_Anxiety_Symptoms_Frequency
                               pred:Feeling_Nervous_or_On_Edge 1.0 ;
                               pred:Trouble_Relaxing 1.0 ;
                               pred:Restlessness 1.0 ;
                               pred:Irritability 1.0 ;
                               pred:Fear_Something_Awful_Might_Happen 0.0 .
:Respondent13 pred:hasGroupResponse :Respondent13_Anxiety_Symptoms_Frequency .

:Respondent13_Depressive_Symptoms_Frequency
                                  pred:Anhedonia 1.0 ;
                                  pred:Sleep_Problems 1.0 ;
                                  pred:Fatigue 1.0 ;
                                  pred:Appetite_Changes 0.0 ;
                                  pred:Feelings_of_Worthlessness 1.0 ;
                                  pred:Concentration_Difficulties 0.0 ;
                                  pred:Suicidal_Thoughts 0.0 .
:Respondent13 pred:hasGroupResponse :Respondent13_Depressive_Symptoms_Frequency .

:Respondent120 pred:Year_of_birth 2002.0 ;
     pred:Gender 2.0 ;
     pred:Socio_economic_status 1.0 ;
     pred:Ethnic_identity 6.0 .

:Respondent120 pred:Life_satisfaction 6.0 ;
     pred:Happiness 6.0 ;
     pred:Laughter 6.0 ;
     pred:Learning 7.0 ;
     pred:Enjoyment 6.0 ;
     pred:Worry 2.0 ;
     pred:Depression 2.0 ;
     pred:Anger 4.0 ;
     pred:Stress 4.0 ;
     pred:Loneliness 10.0 .

:Respondent120_Emotional_Regulation_Frequency
                                   pred:Upset_by_Unexpected_Events 4.0 ;
                                   pred:Unable_to_Control_Important_Things 4.0 ;
                                   pred:Lacked_Confidence_Handling_Problems 1.0 ;
                                   pred:Unable_to_Cope 4.0 ;
                                   pred:Irritated_by_Life 1.0 ;
                                   pred:On_Top_of_Things 1.0 .
:Respondent120 pred:hasGroupResponse :Respondent120_Emotional_Regulation_Frequency .

:Respondent120_Anxiety_Symptoms_Frequency
                               pred:Feeling_Nervous_or_On_Edge 1.0 ;
                               pred:Trouble_Relaxing 3.0 ;
                               pred:Restlessness 3.0 ;
                               pred:Irritability 3.0 ;
                               pred:Fear_Something_Awful_Might_Happen 3.0 .
:Respondent120 pred:hasGroupResponse :Respondent120_Anxiety_Symptoms_Frequency .

:Respondent120_Depressive_Symptoms_Frequency
                                  pred:Anhedonia 3.0 ;
                                  pred:Sleep_Problems 3.0 ;
                                  pred:Fatigue 2.0 ;
                                  pred:Appetite_Changes 2.0 ;
                                  pred:Feelings_of_Worthlessness 2.0 ;
                                  pred:Concentration_Difficulties 2.0 ;
                                  pred:Suicidal_Thoughts 1.0 .
:Respondent120 pred:hasGroupResponse :Respondent120_Depressive_Symptoms_Frequency .

:Respondent73 pred:Year_of_birth 2005.0 ;
     pred:Gender 2.0 ;
     pred:Socio_economic_status 2.0 ;
     pred:Ethnic_identity 6.0 .

:Respondent73_Parental_Education
                       pred:Father 25.0 ;
                       pred:Mother 15.0 .
:Respondent73 pred:hasGroupResponse :Respondent73_Parental_Education .

:Respondent73 pred:Life_satisfaction 8.0 ;
     pred:Happiness 5.0 ;
     pred:Laughter 4.0 ;
     pred:Learning 5.0 ;
     pred:Enjoyment 5.0 ;
     pred:Worry 2.0 ;
     pred:Depression 1.0 ;
     pred:Anger 2.0 ;
     pred:Stress 4.0 ;
     pred:Loneliness 6.0 .

:Respondent73_Emotional_Regulation_Frequency
                                   pred:Upset_by_Unexpected_Events 2.0 ;
                                   pred:Unable_to_Control_Important_Things 2.0 ;
                                   pred:Lacked_Confidence_Handling_Problems 2.0 ;
                                   pred:Unable_to_Cope 2.0 ;
                                   pred:Irritated_by_Life 2.0 ;
                                   pred:On_Top_of_Things 2.0 .
:Respondent73 pred:hasGroupResponse :Respondent73_Emotional_Regulation_Frequency .

:Respondent73_Anxiety_Symptoms_Frequency
                               pred:Feeling_Nervous_or_On_Edge 2.0 ;
                               pred:Trouble_Relaxing 1.0 ;
                               pred:Restlessness 1.0 ;
                               pred:Irritability 2.0 ;
                               pred:Fear_Something_Awful_Might_Happen 2.0 .
:Respondent73 pred:hasGroupResponse :Respondent73_Anxiety_Symptoms_Frequency .

:Respondent73_Depressive_Symptoms_Frequency
                                  pred:Anhedonia 1.0 ;
                                  pred:Sleep_Problems 2.0 ;
                                  pred:Fatigue 1.0 ;
                                  pred:Appetite_Changes 1.0 ;
                                  pred:Feelings_of_Worthlessness 1.0 ;
                                  pred:Concentration_Difficulties 1.0 ;
                                  pred:Suicidal_Thoughts 0.0 .
:Respondent73 pred:hasGroupResponse :Respondent73_Depressive_Symptoms_Frequency .

You are a meticulous data analyst AI. Your primary function is to accurately analyze structured data and provide precise, verifiable answers.

You will be given a dataset with two key parts:

A 'questions' section: This is your data dictionary or schema. It is the single source of truth for understanding what each field and score means. Refer to it carefully.

A 'responses' section: This contains the raw data from each individual respondent.

To answer the question correctly, you must first use the 'questions' schema to fully understand the context and meaning of the data points within the 'responses'. Do not rely on any prior knowledge outside of this provided data. Base your entire analysis on the information given.

Provide your final answer directly and concisely. Output must be the human-readable value, not an option code.

Rules:
- For MCQ fields, map any letter codes in the Responses (case-insensitive) to the corresponding option text from the Questions schema, and output only that text. Do NOT include the letter or both.
  Example: If the schema is ""[MCQ: A. Abnormal B. Inconclusive C. Normal]"" and the response is ""a"", output ""Abnormal"".
- For open-ended fields, output the exact text value.
- If the question asks for a count, provide only the number (e.g., ""42"").
- If the question asks for a list of names or IDs, provide a simple comma-separated list (e.g., ""17, 21, 23"").
- Preserve capitalization exactly as in the schema (e.g., output ""Abnormal"", not ""abnormal"" or ""A"").

What is the worry for respondent 13?",,
case_14,answer_lookup,What is the frequency of being upset by unexpected events for respondent 75?,"@prefix : <http://example.org/survey#> .
@prefix pred: <http://example.org/predicate#> .
@prefix qg: <http://example.org/question_group#> .

# Questions
:QYear_of_birth pred:Text ""What is your date of birth? [Open-ended]"" .
:QGender pred:Text ""What is your gender? [MCQ: 1. Male 2. Female]"" .
:QSocio_economic_status pred:Text ""What is the socio-economic status of your home? [Likert 1–6: 1 = Very low, 6 = Very high]"" .
:QEthnic_identity pred:Text ""According to your culture, people, or physical features, you are or are recognized as: [MCQ: 1. Indigenous 2. Gypsy 3. Raizal from San Andres, Providencia and Santa Catalina Archipelago 4. Palenquero from San Basilio 5. Black, mulatto (Afro-descendant), Afro-Colombian 6. None of the above]"" .

:QGParental_Education pred:BaseQuestion ""How many years of education did your parents receive? [Open-ended]"" ;
    qg:hasSubQuestion :QParental_Education_Father, :QParental_Education_Mother .
:QParental_Education_Father pred:Text ""Father?"" .
:QParental_Education_Mother pred:Text ""Mother?"" .

:QLife_satisfaction pred:Text ""In general, how satisfied are you with all aspects of your life? [Likert 0–10: 0 = Not satisfied, 10 = Totally satisfied]"" .
:QHappiness pred:Text ""How happy did you feel yesterday? [Likert 0–10: 0 = At no time, 10 = All the time]"" .
:QLaughter pred:Text ""How much did you laugh yesterday? [Likert 0–10: 0 = At no time, 10 = All the time]"" .
:QLearning pred:Text ""Did you learn new or exciting things yesterday? [Likert 0–10: 0 = At no time, 10 = All the time]"" .
:QEnjoyment pred:Text ""How much did you enjoy the activities you did yesterday? [Likert 0–10: 0 = At no time, 10 = All the time]"" .
:QWorry pred:Text ""How worried did you feel yesterday? [Likert 0–10: 0 = At no time, 10 = All the time]"" .
:QDepression pred:Text ""How depressed did you feel yesterday? [Likert 0–10: 0 = At no time, 10 = All the time]"" .
:QAnger pred:Text ""How angry did you feel yesterday? [Likert 0–10: 0 = At no time, 10 = All the time]"" .
:QStress pred:Text ""How much stress did you feel yesterday? [Likert 0–10: 0 = At no time, 10 = All the time]"" .
:QLoneliness pred:Text ""How lonely or unsupported did you feel yesterday? [Likert 0–10: 0 = At no time, 10 = All the time]"" .

:QGEmotional_Regulation_Frequency pred:BaseQuestion ""Next, you will be asked questions about your emotional state. Please answer on a scale of 0 to 4, where 0 is never, 1 is 'almost never', 2 is 'sometimes', 3 is 'fairly often', and 4 is 'very often', how often you experienced the following feelings during the last month: [Likert 0–4]"" ;
    qg:hasSubQuestion :QEmotional_Regulation_Frequency_Upset_by_Unexpected_Events,
                      :QEmotional_Regulation_Frequency_Unable_to_Control_Important_Things,
                      :QEmotional_Regulation_Frequency_Nervous_and_Stressed,
                      :QEmotional_Regulation_Frequency_Lacked_Confidence_Handling_Problems,
                      :QEmotional_Regulation_Frequency_Things_Going_Your_Way,
                      :QEmotional_Regulation_Frequency_Unable_to_Cope,
                      :QEmotional_Regulation_Frequency_Irritated_by_Life,
                      :QEmotional_Regulation_Frequency_On_Top_of_Things,
                      :QEmotional_Regulation_Frequency_Angered_by_Uncontrollable_Events,
                      :QEmotional_Regulation_Frequency_Felt_Overwhelmed .

:QEmotional_Regulation_Frequency_Upset_by_Unexpected_Events pred:Text ""how often have you been upset because of something that happened unexpectedly?"" .
:QEmotional_Regulation_Frequency_Unable_to_Control_Important_Things pred:Text ""how often have you felt that you were unable to control the important things in your life?"" .
:QEmotional_Regulation_Frequency_Nervous_and_Stressed pred:Text ""how often have you felt nervous and stressed?"" .
:QEmotional_Regulation_Frequency_Lacked_Confidence_Handling_Problems pred:Text ""how often have you felt confident about your ability to handle your personal problems?"" .
:QEmotional_Regulation_Frequency_Things_Going_Your_Way pred:Text ""how often have you felt that things were going your way?"" .
:QEmotional_Regulation_Frequency_Unable_to_Cope pred:Text ""how often have you found that you could not cope with all the things that you had to do?"" .
:QEmotional_Regulation_Frequency_Irritated_by_Life pred:Text ""how often have you been able to control irritations in your life?"" .
:QEmotional_Regulation_Frequency_On_Top_of_Things pred:Text ""how often have you felt that you were on top of things?"" .
:QEmotional_Regulation_Frequency_Angered_by_Uncontrollable_Events pred:Text ""how often have you been angered because of things that happened that were outside of your control?"" .
:QEmotional_Regulation_Frequency_Felt_Overwhelmed pred:Text ""how often have you felt difficulties were piling up so high that you could not overcome them?"" .

:QGAnxiety_Symptoms_Frequency pred:BaseQuestion ""Next, you will be asked questions about your emotional state. Please answer on a scale of 0 to 3, where 0 is 'Not at all', 1 is 'several days', 2 is 'more than half of the days', and 3 is 'Nearly every day'. Over the last two weeks, how often have you been bothered by the following problems? [Likert 0–3]"" ;
    qg:hasSubQuestion :QAnxiety_Symptoms_Frequency_Feeling_Nervous_or_On_Edge,
                      :QAnxiety_Symptoms_Frequency_Uncontrollable_Worrying,
                      :QAnxiety_Symptoms_Frequency_Excessive_Worry,
                      :QAnxiety_Symptoms_Frequency_Trouble_Relaxing,
                      :QAnxiety_Symptoms_Frequency_Restlessness,
                      :QAnxiety_Symptoms_Frequency_Irritability,
                      :QAnxiety_Symptoms_Frequency_Fear_Something_Awful_Might_Happen .

:QAnxiety_Symptoms_Frequency_Feeling_Nervous_or_On_Edge pred:Text ""Feeling nervous, anxious, or on edge"" .
:QAnxiety_Symptoms_Frequency_Uncontrollable_Worrying pred:Text ""Not being able to stop or control worrying"" .
:QAnxiety_Symptoms_Frequency_Excessive_Worry pred:Text ""Worrying too much about different things"" .
:QAnxiety_Symptoms_Frequency_Trouble_Relaxing pred:Text ""Trouble relaxing"" .
:QAnxiety_Symptoms_Frequency_Restlessness pred:Text ""Being so restless that it is hard to sit still"" .
:QAnxiety_Symptoms_Frequency_Irritability pred:Text ""Becoming easily annoyed or irritable"" .
:QAnxiety_Symptoms_Frequency_Fear_Something_Awful_Might_Happen pred:Text ""Feeling afraid, as if something awful might happen"" .

:QGDepressive_Symptoms_Frequency pred:BaseQuestion ""Next, you will be asked questions about your emotional state. Please answer on a scale of 0 to 3, where 0 is 'Not at all', 1 is 'several days', 2 is 'more than half of the days', and 3 is 'Nearly every day'. Over the last two weeks, how often have you been bothered by the following problems?"" ;
    qg:hasSubQuestion :QDepressive_Symptoms_Frequency_Anhedonia,
                      :QDepressive_Symptoms_Frequency_Depressed_Mood,
                      :QDepressive_Symptoms_Frequency_Sleep_Problems,
                      :QDepressive_Symptoms_Frequency_Fatigue,
                      :QDepressive_Symptoms_Frequency_Appetite_Changes,
                      :QDepressive_Symptoms_Frequency_Feelings_of_Worthlessness,
                      :QDepressive_Symptoms_Frequency_Concentration_Difficulties,
                      :QDepressive_Symptoms_Frequency_Psychomotor_Changes,
                      :QDepressive_Symptoms_Frequency_Suicidal_Thoughts .

:QDepressive_Symptoms_Frequency_Anhedonia pred:Text ""Little interest or pleasure in doing things"" .
:QDepressive_Symptoms_Frequency_Depressed_Mood pred:Text ""Feeling down, depressed, or hopeless"" .
:QDepressive_Symptoms_Frequency_Sleep_Problems pred:Text ""Trouble falling or staying asleep, or sleeping too much"" .
:QDepressive_Symptoms_Frequency_Fatigue pred:Text ""Feeling tired or having little energy"" .
:QDepressive_Symptoms_Frequency_Appetite_Changes pred:Text ""Poor appetite or overeating"" .
:QDepressive_Symptoms_Frequency_Feelings_of_Worthlessness pred:Text ""Feeling bad about yourself or that you are a failure or have let yourself or your family down"" .
:QDepressive_Symptoms_Frequency_Concentration_Difficulties pred:Text ""Trouble concentrating on things, such as reading the newspaper or watching television"" .
:QDepressive_Symptoms_Frequency_Psychomotor_Changes pred:Text ""Moving or speaking so slowly that other people could have noticed. Or the opposite — being so fidgety or restless that you have been moving around a lot more than usual"" .
:QDepressive_Symptoms_Frequency_Suicidal_Thoughts pred:Text ""Thoughts that you would be better off dead, or of hurting yourself"" .

# Responses
:Respondent75 pred:Year_of_birth 1993.0 ;
     pred:Gender 1.0 ;
     pred:Socio_economic_status 4.0 ;
     pred:Ethnic_identity 6.0 .

:Respondent75_Parental_Education
                       pred:Father 10.0 ;
                       pred:Mother 11.0 .
:Respondent75 pred:hasGroupResponse :Respondent75_Parental_Education .

:Respondent75 pred:Life_satisfaction 10.0 ;
     pred:Happiness 10.0 ;
     pred:Laughter 8.0 ;
     pred:Learning 10.0 ;
     pred:Enjoyment 10.0 ;
     pred:Worry 1.0 ;
     pred:Depression 0.0 ;
     pred:Anger 2.0 ;
     pred:Stress 3.0 ;
     pred:Loneliness 0.0 .

:Respondent75_Emotional_Regulation_Frequency
                                   pred:Upset_by_Unexpected_Events 2.0 ;
                                   pred:Unable_to_Control_Important_Things 1.0 ;
                                   pred:Lacked_Confidence_Handling_Problems 2.0 ;
                                   pred:Unable_to_Cope 2.0 ;
                                   pred:Irritated_by_Life 3.0 ;
                                   pred:On_Top_of_Things 2.0 .
:Respondent75 pred:hasGroupResponse :Respondent75_Emotional_Regulation_Frequency .

:Respondent75_Anxiety_Symptoms_Frequency
                               pred:Feeling_Nervous_or_On_Edge 1.0 ;
                               pred:Trouble_Relaxing 1.0 ;
                               pred:Restlessness 0.0 ;
                               pred:Irritability 0.0 ;
                               pred:Fear_Something_Awful_Might_Happen 1.0 .
:Respondent75 pred:hasGroupResponse :Respondent75_Anxiety_Symptoms_Frequency .

:Respondent75_Depressive_Symptoms_Frequency
                                  pred:Anhedonia 0.0 ;
                                  pred:Sleep_Problems 0.0 ;
                                  pred:Fatigue 1.0 ;
                                  pred:Appetite_Changes 0.0 ;
                                  pred:Feelings_of_Worthlessness 0.0 ;
                                  pred:Concentration_Difficulties 0.0 ;
                                  pred:Suicidal_Thoughts 0.0 .
:Respondent75 pred:hasGroupResponse :Respondent75_Depressive_Symptoms_Frequency .

:Respondent45 pred:Year_of_birth 2002.0 ;
     pred:Gender 1.0 ;
     pred:Socio_economic_status 2.0 ;
     pred:Ethnic_identity 6.0 .

:Respondent45_Parental_Education
                       pred:Father 18.0 ;
                       pred:Mother 12.0 .
:Respondent45 pred:hasGroupResponse :Respondent45_Parental_Education .

:Respondent45 pred:Life_satisfaction 8.0 ;
     pred:Happiness 8.0 ;
     pred:Laughter 9.0 ;
     pred:Learning 6.0 ;
     pred:Enjoyment 7.0 ;
     pred:Worry 1.0 ;
     pred:Depression 2.0 ;
     pred:Anger 4.0 ;
     pred:Stress 4.0 ;
     pred:Loneliness 2.0 .

:Respondent45_Emotional_Regulation_Frequency
                                   pred:Upset_by_Unexpected_Events 2.0 ;
                                   pred:Unable_to_Control_Important_Things 4.0 ;
                                   pred:Lacked_Confidence_Handling_Problems 3.0 ;
                                   pred:Unable_to_Cope 4.0 ;
                                   pred:Irritated_by_Life 4.0 ;
                                   pred:On_Top_of_Things 1.0 .
:Respondent45 pred:hasGroupResponse :Respondent45_Emotional_Regulation_Frequency .

:Respondent45_Anxiety_Symptoms_Frequency
                               pred:Feeling_Nervous_or_On_Edge 1.0 ;
                               pred:Trouble_Relaxing 1.0 ;
                               pred:Restlessness 0.0 ;
                               pred:Irritability 1.0 ;
                               pred:Fear_Something_Awful_Might_Happen 1.0 .
:Respondent45 pred:hasGroupResponse :Respondent45_Anxiety_Symptoms_Frequency .

:Respondent45_Depressive_Symptoms_Frequency
                                  pred:Anhedonia 2.0 ;
                                  pred:Sleep_Problems 1.0 ;
                                  pred:Fatigue 1.0 ;
                                  pred:Appetite_Changes 0.0 ;
                                  pred:Feelings_of_Worthlessness 0.0 ;
                                  pred:Concentration_Difficulties 0.0 ;
                                  pred:Suicidal_Thoughts 0.0 .
:Respondent45 pred:hasGroupResponse :Respondent45_Depressive_Symptoms_Frequency .

:Respondent109 pred:Year_of_birth 2003.0 ;
     pred:Gender 2.0 ;
     pred:Socio_economic_status 6.0 ;
     pred:Ethnic_identity 6.0 .

:Respondent109_Parental_Education
                       pred:Father 13.0 ;
                       pred:Mother 6.0 .
:Respondent109 pred:hasGroupResponse :Respondent109_Parental_Education .

:Respondent109 pred:Life_satisfaction 5.0 ;
     pred:Happiness 5.0 ;
     pred:Laughter 3.0 ;
     pred:Learning 5.0 ;
     pred:Enjoyment 4.0 ;
     pred:Worry 3.0 ;
     pred:Depression 1.0 ;
     pred:Anger 4.0 ;
     pred:Stress 3.0 ;
     pred:Loneliness 5.0 .

:Respondent109_Emotional_Regulation_Frequency
                                   pred:Upset_by_Unexpected_Events 4.0 ;
                                   pred:Unable_to_Control_Important_Things 4.0 ;
                                   pred:Lacked_Confidence_Handling_Problems 2.0 ;
                                   pred:Unable_to_Cope 3.0 ;
                                   pred:Irritated_by_Life 2.0 ;
                                   pred:On_Top_of_Things 2.0 .
:Respondent109 pred:hasGroupResponse :Respondent109_Emotional_Regulation_Frequency .

:Respondent109_Anxiety_Symptoms_Frequency
                               pred:Feeling_Nervous_or_On_Edge 3.0 ;
                               pred:Trouble_Relaxing 1.0 ;
                               pred:Restlessness 0.0 ;
                               pred:Irritability 2.0 ;
                               pred:Fear_Something_Awful_Might_Happen 3.0 .
:Respondent109 pred:hasGroupResponse :Respondent109_Anxiety_Symptoms_Frequency .

:Respondent109_Depressive_Symptoms_Frequency
                                  pred:Anhedonia 1.0 ;
                                  pred:Sleep_Problems 0.0 ;
                                  pred:Fatigue 0.0 ;
                                  pred:Appetite_Changes 0.0 ;
                                  pred:Feelings_of_Worthlessness 3.0 ;
                                  pred:Concentration_Difficulties 0.0 ;
                                  pred:Suicidal_Thoughts 0.0 .
:Respondent109 pred:hasGroupResponse :Respondent109_Depressive_Symptoms_Frequency .
",2.0,"For respondent 129, what is the value for 'Appetite Changes' in the 'Depressive Symptoms Frequency' category?

DATA:

@prefix : <http://example.org/survey#> .
@prefix pred: <http://example.org/predicate#> .
@prefix qg: <http://example.org/question_group#> .

# Questions
:QYear_of_birth pred:Text ""What is your date of birth? [Open-ended]"" .
:QGender pred:Text ""What is your gender? [MCQ: 1. Male 2. Female]"" .
:QSocio_economic_status pred:Text ""What is the socio-economic status of your home? [Likert 1–6: 1 = Very low, 6 = Very high]"" .
:QEthnic_identity pred:Text ""According to your culture, people, or physical features, you are or are recognized as: [MCQ: 1. Indigenous 2. Gypsy 3. Raizal from San Andres, Providencia and Santa Catalina Archipelago 4. Palenquero from San Basilio 5. Black, mulatto (Afro-descendant), Afro-Colombian 6. None of the above]"" .

:QGParental_Education pred:BaseQuestion ""How many years of education did your parents receive? [Open-ended]"" ;
    qg:hasSubQuestion :QParental_Education_Father, :QParental_Education_Mother .
:QParental_Education_Father pred:Text ""Father?"" .
:QParental_Education_Mother pred:Text ""Mother?"" .

:QLife_satisfaction pred:Text ""In general, how satisfied are you with all aspects of your life? [Likert 0–10: 0 = Not satisfied, 10 = Totally satisfied]"" .
:QHappiness pred:Text ""How happy did you feel yesterday? [Likert 0–10: 0 = At no time, 10 = All the time]"" .
:QLaughter pred:Text ""How much did you laugh yesterday? [Likert 0–10: 0 = At no time, 10 = All the time]"" .
:QLearning pred:Text ""Did you learn new or exciting things yesterday? [Likert 0–10: 0 = At no time, 10 = All the time]"" .
:QEnjoyment pred:Text ""How much did you enjoy the activities you did yesterday? [Likert 0–10: 0 = At no time, 10 = All the time]"" .
:QWorry pred:Text ""How worried did you feel yesterday? [Likert 0–10: 0 = At no time, 10 = All the time]"" .
:QDepression pred:Text ""How depressed did you feel yesterday? [Likert 0–10: 0 = At no time, 10 = All the time]"" .
:QAnger pred:Text ""How angry did you feel yesterday? [Likert 0–10: 0 = At no time, 10 = All the time]"" .
:QStress pred:Text ""How much stress did you feel yesterday? [Likert 0–10: 0 = At no time, 10 = All the time]"" .
:QLoneliness pred:Text ""How lonely or unsupported did you feel yesterday? [Likert 0–10: 0 = At no time, 10 = All the time]"" .

:QGEmotional_Regulation_Frequency pred:BaseQuestion ""Next, you will be asked questions about your emotional state. Please answer on a scale of 0 to 4, where 0 is never, 1 is 'almost never', 2 is 'sometimes', 3 is 'fairly often', and 4 is 'very often', how often you experienced the following feelings during the last month: [Likert 0–4]"" ;
    qg:hasSubQuestion :QEmotional_Regulation_Frequency_Upset_by_Unexpected_Events,
                      :QEmotional_Regulation_Frequency_Unable_to_Control_Important_Things,
                      :QEmotional_Regulation_Frequency_Nervous_and_Stressed,
                      :QEmotional_Regulation_Frequency_Lacked_Confidence_Handling_Problems,
                      :QEmotional_Regulation_Frequency_Things_Going_Your_Way,
                      :QEmotional_Regulation_Frequency_Unable_to_Cope,
                      :QEmotional_Regulation_Frequency_Irritated_by_Life,
                      :QEmotional_Regulation_Frequency_On_Top_of_Things,
                      :QEmotional_Regulation_Frequency_Angered_by_Uncontrollable_Events,
                      :QEmotional_Regulation_Frequency_Felt_Overwhelmed .

:QEmotional_Regulation_Frequency_Upset_by_Unexpected_Events pred:Text ""how often have you been upset because of something that happened unexpectedly?"" .
:QEmotional_Regulation_Frequency_Unable_to_Control_Important_Things pred:Text ""how often have you felt that you were unable to control the important things in your life?"" .
:QEmotional_Regulation_Frequency_Nervous_and_Stressed pred:Text ""how often have you felt nervous and stressed?"" .
:QEmotional_Regulation_Frequency_Lacked_Confidence_Handling_Problems pred:Text ""how often have you felt confident about your ability to handle your personal problems?"" .
:QEmotional_Regulation_Frequency_Things_Going_Your_Way pred:Text ""how often have you felt that things were going your way?"" .
:QEmotional_Regulation_Frequency_Unable_to_Cope pred:Text ""how often have you found that you could not cope with all the things that you had to do?"" .
:QEmotional_Regulation_Frequency_Irritated_by_Life pred:Text ""how often have you been able to control irritations in your life?"" .
:QEmotional_Regulation_Frequency_On_Top_of_Things pred:Text ""how often have you felt that you were on top of things?"" .
:QEmotional_Regulation_Frequency_Angered_by_Uncontrollable_Events pred:Text ""how often have you been angered because of things that happened that were outside of your control?"" .
:QEmotional_Regulation_Frequency_Felt_Overwhelmed pred:Text ""how often have you felt difficulties were piling up so high that you could not overcome them?"" .

:QGAnxiety_Symptoms_Frequency pred:BaseQuestion ""Next, you will be asked questions about your emotional state. Please answer on a scale of 0 to 3, where 0 is 'Not at all', 1 is 'several days', 2 is 'more than half of the days', and 3 is 'Nearly every day'. Over the last two weeks, how often have you been bothered by the following problems? [Likert 0–3]"" ;
    qg:hasSubQuestion :QAnxiety_Symptoms_Frequency_Feeling_Nervous_or_On_Edge,
                      :QAnxiety_Symptoms_Frequency_Uncontrollable_Worrying,
                      :QAnxiety_Symptoms_Frequency_Excessive_Worry,
                      :QAnxiety_Symptoms_Frequency_Trouble_Relaxing,
                      :QAnxiety_Symptoms_Frequency_Restlessness,
                      :QAnxiety_Symptoms_Frequency_Irritability,
                      :QAnxiety_Symptoms_Frequency_Fear_Something_Awful_Might_Happen .

:QAnxiety_Symptoms_Frequency_Feeling_Nervous_or_On_Edge pred:Text ""Feeling nervous, anxious, or on edge"" .
:QAnxiety_Symptoms_Frequency_Uncontrollable_Worrying pred:Text ""Not being able to stop or control worrying"" .
:QAnxiety_Symptoms_Frequency_Excessive_Worry pred:Text ""Worrying too much about different things"" .
:QAnxiety_Symptoms_Frequency_Trouble_Relaxing pred:Text ""Trouble relaxing"" .
:QAnxiety_Symptoms_Frequency_Restlessness pred:Text ""Being so restless that it is hard to sit still"" .
:QAnxiety_Symptoms_Frequency_Irritability pred:Text ""Becoming easily annoyed or irritable"" .
:QAnxiety_Symptoms_Frequency_Fear_Something_Awful_Might_Happen pred:Text ""Feeling afraid, as if something awful might happen"" .

:QGDepressive_Symptoms_Frequency pred:BaseQuestion ""Next, you will be asked questions about your emotional state. Please answer on a scale of 0 to 3, where 0 is 'Not at all', 1 is 'several days', 2 is 'more than half of the days', and 3 is 'Nearly every day'. Over the last two weeks, how often have you been bothered by the following problems?"" ;
    qg:hasSubQuestion :QDepressive_Symptoms_Frequency_Anhedonia,
                      :QDepressive_Symptoms_Frequency_Depressed_Mood,
                      :QDepressive_Symptoms_Frequency_Sleep_Problems,
                      :QDepressive_Symptoms_Frequency_Fatigue,
                      :QDepressive_Symptoms_Frequency_Appetite_Changes,
                      :QDepressive_Symptoms_Frequency_Feelings_of_Worthlessness,
                      :QDepressive_Symptoms_Frequency_Concentration_Difficulties,
                      :QDepressive_Symptoms_Frequency_Psychomotor_Changes,
                      :QDepressive_Symptoms_Frequency_Suicidal_Thoughts .

:QDepressive_Symptoms_Frequency_Anhedonia pred:Text ""Little interest or pleasure in doing things"" .
:QDepressive_Symptoms_Frequency_Depressed_Mood pred:Text ""Feeling down, depressed, or hopeless"" .
:QDepressive_Symptoms_Frequency_Sleep_Problems pred:Text ""Trouble falling or staying asleep, or sleeping too much"" .
:QDepressive_Symptoms_Frequency_Fatigue pred:Text ""Feeling tired or having little energy"" .
:QDepressive_Symptoms_Frequency_Appetite_Changes pred:Text ""Poor appetite or overeating"" .
:QDepressive_Symptoms_Frequency_Feelings_of_Worthlessness pred:Text ""Feeling bad about yourself or that you are a failure or have let yourself or your family down"" .
:QDepressive_Symptoms_Frequency_Concentration_Difficulties pred:Text ""Trouble concentrating on things, such as reading the newspaper or watching television"" .
:QDepressive_Symptoms_Frequency_Psychomotor_Changes pred:Text ""Moving or speaking so slowly that other people could have noticed. Or the opposite — being so fidgety or restless that you have been moving around a lot more than usual"" .
:QDepressive_Symptoms_Frequency_Suicidal_Thoughts pred:Text ""Thoughts that you would be better off dead, or of hurting yourself"" .

# Responses
:Respondent73 pred:Year_of_birth 2005.0 ;
     pred:Gender 2.0 ;
     pred:Socio_economic_status 2.0 ;
     pred:Ethnic_identity 6.0 .

:Respondent73_Parental_Education
                       pred:Father 25.0 ;
                       pred:Mother 15.0 .
:Respondent73 pred:hasGroupResponse :Respondent73_Parental_Education .

:Respondent73 pred:Life_satisfaction 8.0 ;
     pred:Happiness 5.0 ;
     pred:Laughter 4.0 ;
     pred:Learning 5.0 ;
     pred:Enjoyment 5.0 ;
     pred:Worry 2.0 ;
     pred:Depression 1.0 ;
     pred:Anger 2.0 ;
     pred:Stress 4.0 ;
     pred:Loneliness 6.0 .

:Respondent73_Emotional_Regulation_Frequency
                                   pred:Upset_by_Unexpected_Events 2.0 ;
                                   pred:Unable_to_Control_Important_Things 2.0 ;
                                   pred:Lacked_Confidence_Handling_Problems 2.0 ;
                                   pred:Unable_to_Cope 2.0 ;
                                   pred:Irritated_by_Life 2.0 ;
                                   pred:On_Top_of_Things 2.0 .
:Respondent73 pred:hasGroupResponse :Respondent73_Emotional_Regulation_Frequency .

:Respondent73_Anxiety_Symptoms_Frequency
                               pred:Feeling_Nervous_or_On_Edge 2.0 ;
                               pred:Trouble_Relaxing 1.0 ;
                               pred:Restlessness 1.0 ;
                               pred:Irritability 2.0 ;
                               pred:Fear_Something_Awful_Might_Happen 2.0 .
:Respondent73 pred:hasGroupResponse :Respondent73_Anxiety_Symptoms_Frequency .

:Respondent73_Depressive_Symptoms_Frequency
                                  pred:Anhedonia 1.0 ;
                                  pred:Sleep_Problems 2.0 ;
                                  pred:Fatigue 1.0 ;
                                  pred:Appetite_Changes 1.0 ;
                                  pred:Feelings_of_Worthlessness 1.0 ;
                                  pred:Concentration_Difficulties 1.0 ;
                                  pred:Suicidal_Thoughts 0.0 .
:Respondent73 pred:hasGroupResponse :Respondent73_Depressive_Symptoms_Frequency .

:Respondent85 pred:Year_of_birth 2004.0 ;
     pred:Gender 2.0 ;
     pred:Socio_economic_status 3.0 ;
     pred:Ethnic_identity 6.0 .

:Respondent85_Parental_Education
                       pred:Father 18.0 .
:Respondent85 pred:hasGroupResponse :Respondent85_Parental_Education .

:Respondent85 pred:Life_satisfaction 5.0 ;
     pred:Happiness 6.0 ;
     pred:Laughter 6.0 ;
     pred:Learning 8.0 ;
     pred:Enjoyment 5.0 ;
     pred:Worry 1.0 ;
     pred:Depression 1.0 ;
     pred:Anger 2.0 ;
     pred:Stress 4.0 ;
     pred:Loneliness 1.0 .

:Respondent85_Emotional_Regulation_Frequency
                                   pred:Upset_by_Unexpected_Events 2.0 ;
                                   pred:Unable_to_Control_Important_Things 3.0 ;
                                   pred:Lacked_Confidence_Handling_Problems 2.0 ;
                                   pred:Unable_to_Cope 3.0 ;
                                   pred:Irritated_by_Life 3.0 ;
                                   pred:On_Top_of_Things 2.0 .
:Respondent85 pred:hasGroupResponse :Respondent85_Emotional_Regulation_Frequency .

:Respondent85_Anxiety_Symptoms_Frequency
                               pred:Feeling_Nervous_or_On_Edge 1.0 ;
                               pred:Trouble_Relaxing 1.0 ;
                               pred:Restlessness 0.0 ;
                               pred:Irritability 1.0 ;
                               pred:Fear_Something_Awful_Might_Happen 1.0 .
:Respondent85 pred:hasGroupResponse :Respondent85_Anxiety_Symptoms_Frequency .

:Respondent85_Depressive_Symptoms_Frequency
                                  pred:Anhedonia 2.0 ;
                                  pred:Sleep_Problems 2.0 ;
                                  pred:Fatigue 3.0 ;
                                  pred:Appetite_Changes 3.0 ;
                                  pred:Feelings_of_Worthlessness 1.0 ;
                                  pred:Concentration_Difficulties 1.0 ;
                                  pred:Suicidal_Thoughts 0.0 .
:Respondent85 pred:hasGroupResponse :Respondent85_Depressive_Symptoms_Frequency .

:Respondent129 pred:Year_of_birth 2001.0 ;
     pred:Gender 2.0 ;
     pred:Socio_economic_status 3.0 ;
     pred:Ethnic_identity 6.0 .

:Respondent129_Parental_Education
                       pred:Father 13.0 ;
                       pred:Mother 13.0 .
:Respondent129 pred:hasGroupResponse :Respondent129_Parental_Education .

:Respondent129 pred:Life_satisfaction 8.0 ;
     pred:Happiness 9.0 ;
     pred:Laughter 6.0 ;
     pred:Learning 5.0 ;
     pred:Enjoyment 6.0 ;
     pred:Worry 1.0 ;
     pred:Depression 1.0 ;
     pred:Anger 1.0 ;
     pred:Stress 3.0 ;
     pred:Loneliness 0.0 .

:Respondent129_Emotional_Regulation_Frequency
                                   pred:Upset_by_Unexpected_Events 1.0 ;
                                   pred:Unable_to_Control_Important_Things 1.0 ;
                                   pred:Lacked_Confidence_Handling_Problems 3.0 ;
                                   pred:Unable_to_Cope 2.0 ;
                                   pred:Irritated_by_Life 3.0 ;
                                   pred:On_Top_of_Things 2.0 .
:Respondent129 pred:hasGroupResponse :Respondent129_Emotional_Regulation_Frequency .

:Respondent129_Anxiety_Symptoms_Frequency
                               pred:Feeling_Nervous_or_On_Edge 1.0 ;
                               pred:Trouble_Relaxing 1.0 ;
                               pred:Restlessness 0.0 ;
                               pred:Irritability 0.0 ;
                               pred:Fear_Something_Awful_Might_Happen 0.0 .
:Respondent129 pred:hasGroupResponse :Respondent129_Anxiety_Symptoms_Frequency .

:Respondent129_Depressive_Symptoms_Frequency
                                  pred:Anhedonia 1.0 ;
                                  pred:Sleep_Problems 1.0 ;
                                  pred:Fatigue 2.0 ;
                                  pred:Appetite_Changes 2.0 ;
                                  pred:Feelings_of_Worthlessness 0.0 ;
                                  pred:Concentration_Difficulties 2.0 ;
                                  pred:Suicidal_Thoughts 0.0 .
:Respondent129 pred:hasGroupResponse :Respondent129_Depressive_Symptoms_Frequency .

Answer: 2.0

@prefix : <http://example.org/survey#> .
@prefix pred: <http://example.org/predicate#> .
@prefix qg: <http://example.org/question_group#> .

# Questions
:QYear_of_birth pred:Text ""What is your date of birth? [Open-ended]"" .
:QGender pred:Text ""What is your gender? [MCQ: 1. Male 2. Female]"" .
:QSocio_economic_status pred:Text ""What is the socio-economic status of your home? [Likert 1–6: 1 = Very low, 6 = Very high]"" .
:QEthnic_identity pred:Text ""According to your culture, people, or physical features, you are or are recognized as: [MCQ: 1. Indigenous 2. Gypsy 3. Raizal from San Andres, Providencia and Santa Catalina Archipelago 4. Palenquero from San Basilio 5. Black, mulatto (Afro-descendant), Afro-Colombian 6. None of the above]"" .

:QGParental_Education pred:BaseQuestion ""How many years of education did your parents receive? [Open-ended]"" ;
    qg:hasSubQuestion :QParental_Education_Father, :QParental_Education_Mother .
:QParental_Education_Father pred:Text ""Father?"" .
:QParental_Education_Mother pred:Text ""Mother?"" .

:QLife_satisfaction pred:Text ""In general, how satisfied are you with all aspects of your life? [Likert 0–10: 0 = Not satisfied, 10 = Totally satisfied]"" .
:QHappiness pred:Text ""How happy did you feel yesterday? [Likert 0–10: 0 = At no time, 10 = All the time]"" .
:QLaughter pred:Text ""How much did you laugh yesterday? [Likert 0–10: 0 = At no time, 10 = All the time]"" .
:QLearning pred:Text ""Did you learn new or exciting things yesterday? [Likert 0–10: 0 = At no time, 10 = All the time]"" .
:QEnjoyment pred:Text ""How much did you enjoy the activities you did yesterday? [Likert 0–10: 0 = At no time, 10 = All the time]"" .
:QWorry pred:Text ""How worried did you feel yesterday? [Likert 0–10: 0 = At no time, 10 = All the time]"" .
:QDepression pred:Text ""How depressed did you feel yesterday? [Likert 0–10: 0 = At no time, 10 = All the time]"" .
:QAnger pred:Text ""How angry did you feel yesterday? [Likert 0–10: 0 = At no time, 10 = All the time]"" .
:QStress pred:Text ""How much stress did you feel yesterday? [Likert 0–10: 0 = At no time, 10 = All the time]"" .
:QLoneliness pred:Text ""How lonely or unsupported did you feel yesterday? [Likert 0–10: 0 = At no time, 10 = All the time]"" .

:QGEmotional_Regulation_Frequency pred:BaseQuestion ""Next, you will be asked questions about your emotional state. Please answer on a scale of 0 to 4, where 0 is never, 1 is 'almost never', 2 is 'sometimes', 3 is 'fairly often', and 4 is 'very often', how often you experienced the following feelings during the last month: [Likert 0–4]"" ;
    qg:hasSubQuestion :QEmotional_Regulation_Frequency_Upset_by_Unexpected_Events,
                      :QEmotional_Regulation_Frequency_Unable_to_Control_Important_Things,
                      :QEmotional_Regulation_Frequency_Nervous_and_Stressed,
                      :QEmotional_Regulation_Frequency_Lacked_Confidence_Handling_Problems,
                      :QEmotional_Regulation_Frequency_Things_Going_Your_Way,
                      :QEmotional_Regulation_Frequency_Unable_to_Cope,
                      :QEmotional_Regulation_Frequency_Irritated_by_Life,
                      :QEmotional_Regulation_Frequency_On_Top_of_Things,
                      :QEmotional_Regulation_Frequency_Angered_by_Uncontrollable_Events,
                      :QEmotional_Regulation_Frequency_Felt_Overwhelmed .

:QEmotional_Regulation_Frequency_Upset_by_Unexpected_Events pred:Text ""how often have you been upset because of something that happened unexpectedly?"" .
:QEmotional_Regulation_Frequency_Unable_to_Control_Important_Things pred:Text ""how often have you felt that you were unable to control the important things in your life?"" .
:QEmotional_Regulation_Frequency_Nervous_and_Stressed pred:Text ""how often have you felt nervous and stressed?"" .
:QEmotional_Regulation_Frequency_Lacked_Confidence_Handling_Problems pred:Text ""how often have you felt confident about your ability to handle your personal problems?"" .
:QEmotional_Regulation_Frequency_Things_Going_Your_Way pred:Text ""how often have you felt that things were going your way?"" .
:QEmotional_Regulation_Frequency_Unable_to_Cope pred:Text ""how often have you found that you could not cope with all the things that you had to do?"" .
:QEmotional_Regulation_Frequency_Irritated_by_Life pred:Text ""how often have you been able to control irritations in your life?"" .
:QEmotional_Regulation_Frequency_On_Top_of_Things pred:Text ""how often have you felt that you were on top of things?"" .
:QEmotional_Regulation_Frequency_Angered_by_Uncontrollable_Events pred:Text ""how often have you been angered because of things that happened that were outside of your control?"" .
:QEmotional_Regulation_Frequency_Felt_Overwhelmed pred:Text ""how often have you felt difficulties were piling up so high that you could not overcome them?"" .

:QGAnxiety_Symptoms_Frequency pred:BaseQuestion ""Next, you will be asked questions about your emotional state. Please answer on a scale of 0 to 3, where 0 is 'Not at all', 1 is 'several days', 2 is 'more than half of the days', and 3 is 'Nearly every day'. Over the last two weeks, how often have you been bothered by the following problems? [Likert 0–3]"" ;
    qg:hasSubQuestion :QAnxiety_Symptoms_Frequency_Feeling_Nervous_or_On_Edge,
                      :QAnxiety_Symptoms_Frequency_Uncontrollable_Worrying,
                      :QAnxiety_Symptoms_Frequency_Excessive_Worry,
                      :QAnxiety_Symptoms_Frequency_Trouble_Relaxing,
                      :QAnxiety_Symptoms_Frequency_Restlessness,
                      :QAnxiety_Symptoms_Frequency_Irritability,
                      :QAnxiety_Symptoms_Frequency_Fear_Something_Awful_Might_Happen .

:QAnxiety_Symptoms_Frequency_Feeling_Nervous_or_On_Edge pred:Text ""Feeling nervous, anxious, or on edge"" .
:QAnxiety_Symptoms_Frequency_Uncontrollable_Worrying pred:Text ""Not being able to stop or control worrying"" .
:QAnxiety_Symptoms_Frequency_Excessive_Worry pred:Text ""Worrying too much about different things"" .
:QAnxiety_Symptoms_Frequency_Trouble_Relaxing pred:Text ""Trouble relaxing"" .
:QAnxiety_Symptoms_Frequency_Restlessness pred:Text ""Being so restless that it is hard to sit still"" .
:QAnxiety_Symptoms_Frequency_Irritability pred:Text ""Becoming easily annoyed or irritable"" .
:QAnxiety_Symptoms_Frequency_Fear_Something_Awful_Might_Happen pred:Text ""Feeling afraid, as if something awful might happen"" .

:QGDepressive_Symptoms_Frequency pred:BaseQuestion ""Next, you will be asked questions about your emotional state. Please answer on a scale of 0 to 3, where 0 is 'Not at all', 1 is 'several days', 2 is 'more than half of the days', and 3 is 'Nearly every day'. Over the last two weeks, how often have you been bothered by the following problems?"" ;
    qg:hasSubQuestion :QDepressive_Symptoms_Frequency_Anhedonia,
                      :QDepressive_Symptoms_Frequency_Depressed_Mood,
                      :QDepressive_Symptoms_Frequency_Sleep_Problems,
                      :QDepressive_Symptoms_Frequency_Fatigue,
                      :QDepressive_Symptoms_Frequency_Appetite_Changes,
                      :QDepressive_Symptoms_Frequency_Feelings_of_Worthlessness,
                      :QDepressive_Symptoms_Frequency_Concentration_Difficulties,
                      :QDepressive_Symptoms_Frequency_Psychomotor_Changes,
                      :QDepressive_Symptoms_Frequency_Suicidal_Thoughts .

:QDepressive_Symptoms_Frequency_Anhedonia pred:Text ""Little interest or pleasure in doing things"" .
:QDepressive_Symptoms_Frequency_Depressed_Mood pred:Text ""Feeling down, depressed, or hopeless"" .
:QDepressive_Symptoms_Frequency_Sleep_Problems pred:Text ""Trouble falling or staying asleep, or sleeping too much"" .
:QDepressive_Symptoms_Frequency_Fatigue pred:Text ""Feeling tired or having little energy"" .
:QDepressive_Symptoms_Frequency_Appetite_Changes pred:Text ""Poor appetite or overeating"" .
:QDepressive_Symptoms_Frequency_Feelings_of_Worthlessness pred:Text ""Feeling bad about yourself or that you are a failure or have let yourself or your family down"" .
:QDepressive_Symptoms_Frequency_Concentration_Difficulties pred:Text ""Trouble concentrating on things, such as reading the newspaper or watching television"" .
:QDepressive_Symptoms_Frequency_Psychomotor_Changes pred:Text ""Moving or speaking so slowly that other people could have noticed. Or the opposite — being so fidgety or restless that you have been moving around a lot more than usual"" .
:QDepressive_Symptoms_Frequency_Suicidal_Thoughts pred:Text ""Thoughts that you would be better off dead, or of hurting yourself"" .

# Responses
:Respondent75 pred:Year_of_birth 1993.0 ;
     pred:Gender 1.0 ;
     pred:Socio_economic_status 4.0 ;
     pred:Ethnic_identity 6.0 .

:Respondent75_Parental_Education
                       pred:Father 10.0 ;
                       pred:Mother 11.0 .
:Respondent75 pred:hasGroupResponse :Respondent75_Parental_Education .

:Respondent75 pred:Life_satisfaction 10.0 ;
     pred:Happiness 10.0 ;
     pred:Laughter 8.0 ;
     pred:Learning 10.0 ;
     pred:Enjoyment 10.0 ;
     pred:Worry 1.0 ;
     pred:Depression 0.0 ;
     pred:Anger 2.0 ;
     pred:Stress 3.0 ;
     pred:Loneliness 0.0 .

:Respondent75_Emotional_Regulation_Frequency
                                   pred:Upset_by_Unexpected_Events 2.0 ;
                                   pred:Unable_to_Control_Important_Things 1.0 ;
                                   pred:Lacked_Confidence_Handling_Problems 2.0 ;
                                   pred:Unable_to_Cope 2.0 ;
                                   pred:Irritated_by_Life 3.0 ;
                                   pred:On_Top_of_Things 2.0 .
:Respondent75 pred:hasGroupResponse :Respondent75_Emotional_Regulation_Frequency .

:Respondent75_Anxiety_Symptoms_Frequency
                               pred:Feeling_Nervous_or_On_Edge 1.0 ;
                               pred:Trouble_Relaxing 1.0 ;
                               pred:Restlessness 0.0 ;
                               pred:Irritability 0.0 ;
                               pred:Fear_Something_Awful_Might_Happen 1.0 .
:Respondent75 pred:hasGroupResponse :Respondent75_Anxiety_Symptoms_Frequency .

:Respondent75_Depressive_Symptoms_Frequency
                                  pred:Anhedonia 0.0 ;
                                  pred:Sleep_Problems 0.0 ;
                                  pred:Fatigue 1.0 ;
                                  pred:Appetite_Changes 0.0 ;
                                  pred:Feelings_of_Worthlessness 0.0 ;
                                  pred:Concentration_Difficulties 0.0 ;
                                  pred:Suicidal_Thoughts 0.0 .
:Respondent75 pred:hasGroupResponse :Respondent75_Depressive_Symptoms_Frequency .

:Respondent45 pred:Year_of_birth 2002.0 ;
     pred:Gender 1.0 ;
     pred:Socio_economic_status 2.0 ;
     pred:Ethnic_identity 6.0 .

:Respondent45_Parental_Education
                       pred:Father 18.0 ;
                       pred:Mother 12.0 .
:Respondent45 pred:hasGroupResponse :Respondent45_Parental_Education .

:Respondent45 pred:Life_satisfaction 8.0 ;
     pred:Happiness 8.0 ;
     pred:Laughter 9.0 ;
     pred:Learning 6.0 ;
     pred:Enjoyment 7.0 ;
     pred:Worry 1.0 ;
     pred:Depression 2.0 ;
     pred:Anger 4.0 ;
     pred:Stress 4.0 ;
     pred:Loneliness 2.0 .

:Respondent45_Emotional_Regulation_Frequency
                                   pred:Upset_by_Unexpected_Events 2.0 ;
                                   pred:Unable_to_Control_Important_Things 4.0 ;
                                   pred:Lacked_Confidence_Handling_Problems 3.0 ;
                                   pred:Unable_to_Cope 4.0 ;
                                   pred:Irritated_by_Life 4.0 ;
                                   pred:On_Top_of_Things 1.0 .
:Respondent45 pred:hasGroupResponse :Respondent45_Emotional_Regulation_Frequency .

:Respondent45_Anxiety_Symptoms_Frequency
                               pred:Feeling_Nervous_or_On_Edge 1.0 ;
                               pred:Trouble_Relaxing 1.0 ;
                               pred:Restlessness 0.0 ;
                               pred:Irritability 1.0 ;
                               pred:Fear_Something_Awful_Might_Happen 1.0 .
:Respondent45 pred:hasGroupResponse :Respondent45_Anxiety_Symptoms_Frequency .

:Respondent45_Depressive_Symptoms_Frequency
                                  pred:Anhedonia 2.0 ;
                                  pred:Sleep_Problems 1.0 ;
                                  pred:Fatigue 1.0 ;
                                  pred:Appetite_Changes 0.0 ;
                                  pred:Feelings_of_Worthlessness 0.0 ;
                                  pred:Concentration_Difficulties 0.0 ;
                                  pred:Suicidal_Thoughts 0.0 .
:Respondent45 pred:hasGroupResponse :Respondent45_Depressive_Symptoms_Frequency .

:Respondent109 pred:Year_of_birth 2003.0 ;
     pred:Gender 2.0 ;
     pred:Socio_economic_status 6.0 ;
     pred:Ethnic_identity 6.0 .

:Respondent109_Parental_Education
                       pred:Father 13.0 ;
                       pred:Mother 6.0 .
:Respondent109 pred:hasGroupResponse :Respondent109_Parental_Education .

:Respondent109 pred:Life_satisfaction 5.0 ;
     pred:Happiness 5.0 ;
     pred:Laughter 3.0 ;
     pred:Learning 5.0 ;
     pred:Enjoyment 4.0 ;
     pred:Worry 3.0 ;
     pred:Depression 1.0 ;
     pred:Anger 4.0 ;
     pred:Stress 3.0 ;
     pred:Loneliness 5.0 .

:Respondent109_Emotional_Regulation_Frequency
                                   pred:Upset_by_Unexpected_Events 4.0 ;
                                   pred:Unable_to_Control_Important_Things 4.0 ;
                                   pred:Lacked_Confidence_Handling_Problems 2.0 ;
                                   pred:Unable_to_Cope 3.0 ;
                                   pred:Irritated_by_Life 2.0 ;
                                   pred:On_Top_of_Things 2.0 .
:Respondent109 pred:hasGroupResponse :Respondent109_Emotional_Regulation_Frequency .

:Respondent109_Anxiety_Symptoms_Frequency
                               pred:Feeling_Nervous_or_On_Edge 3.0 ;
                               pred:Trouble_Relaxing 1.0 ;
                               pred:Restlessness 0.0 ;
                               pred:Irritability 2.0 ;
                               pred:Fear_Something_Awful_Might_Happen 3.0 .
:Respondent109 pred:hasGroupResponse :Respondent109_Anxiety_Symptoms_Frequency .

:Respondent109_Depressive_Symptoms_Frequency
                                  pred:Anhedonia 1.0 ;
                                  pred:Sleep_Problems 0.0 ;
                                  pred:Fatigue 0.0 ;
                                  pred:Appetite_Changes 0.0 ;
                                  pred:Feelings_of_Worthlessness 3.0 ;
                                  pred:Concentration_Difficulties 0.0 ;
                                  pred:Suicidal_Thoughts 0.0 .
:Respondent109 pred:hasGroupResponse :Respondent109_Depressive_Symptoms_Frequency .

You are a meticulous data analyst AI. Your primary function is to accurately analyze structured data and provide precise, verifiable answers.

You will be given a dataset with two key parts:

A 'questions' section: This is your data dictionary or schema. It is the single source of truth for understanding what each field and score means. Refer to it carefully.

A 'responses' section: This contains the raw data from each individual respondent.

To answer the question correctly, you must first use the 'questions' schema to fully understand the context and meaning of the data points within the 'responses'. Do not rely on any prior knowledge outside of this provided data. Base your entire analysis on the information given.

Provide your final answer directly and concisely. Output must be the human-readable value, not an option code.

Rules:
- For MCQ fields, map any letter codes in the Responses (case-insensitive) to the corresponding option text from the Questions schema, and output only that text. Do NOT include the letter or both.
  Example: If the schema is ""[MCQ: A. Abnormal B. Inconclusive C. Normal]"" and the response is ""a"", output ""Abnormal"".
- For open-ended fields, output the exact text value.
- If the question asks for a count, provide only the number (e.g., ""42"").
- If the question asks for a list of names or IDs, provide a simple comma-separated list (e.g., ""17, 21, 23"").
- Preserve capitalization exactly as in the schema (e.g., output ""Abnormal"", not ""abnormal"" or ""A"").

What is the frequency of being upset by unexpected events for respondent 75?",,
case_15,answer_lookup,"For respondent 66, what is the value for 'Restlessness' in the 'Anxiety Symptoms Frequency' category?","@prefix : <http://example.org/survey#> .
@prefix pred: <http://example.org/predicate#> .
@prefix qg: <http://example.org/question_group#> .

# Questions
:QYear_of_birth pred:Text ""What is your date of birth? [Open-ended]"" .
:QGender pred:Text ""What is your gender? [MCQ: 1. Male 2. Female]"" .
:QSocio_economic_status pred:Text ""What is the socio-economic status of your home? [Likert 1–6: 1 = Very low, 6 = Very high]"" .
:QEthnic_identity pred:Text ""According to your culture, people, or physical features, you are or are recognized as: [MCQ: 1. Indigenous 2. Gypsy 3. Raizal from San Andres, Providencia and Santa Catalina Archipelago 4. Palenquero from San Basilio 5. Black, mulatto (Afro-descendant), Afro-Colombian 6. None of the above]"" .

:QGParental_Education pred:BaseQuestion ""How many years of education did your parents receive? [Open-ended]"" ;
    qg:hasSubQuestion :QParental_Education_Father, :QParental_Education_Mother .
:QParental_Education_Father pred:Text ""Father?"" .
:QParental_Education_Mother pred:Text ""Mother?"" .

:QLife_satisfaction pred:Text ""In general, how satisfied are you with all aspects of your life? [Likert 0–10: 0 = Not satisfied, 10 = Totally satisfied]"" .
:QHappiness pred:Text ""How happy did you feel yesterday? [Likert 0–10: 0 = At no time, 10 = All the time]"" .
:QLaughter pred:Text ""How much did you laugh yesterday? [Likert 0–10: 0 = At no time, 10 = All the time]"" .
:QLearning pred:Text ""Did you learn new or exciting things yesterday? [Likert 0–10: 0 = At no time, 10 = All the time]"" .
:QEnjoyment pred:Text ""How much did you enjoy the activities you did yesterday? [Likert 0–10: 0 = At no time, 10 = All the time]"" .
:QWorry pred:Text ""How worried did you feel yesterday? [Likert 0–10: 0 = At no time, 10 = All the time]"" .
:QDepression pred:Text ""How depressed did you feel yesterday? [Likert 0–10: 0 = At no time, 10 = All the time]"" .
:QAnger pred:Text ""How angry did you feel yesterday? [Likert 0–10: 0 = At no time, 10 = All the time]"" .
:QStress pred:Text ""How much stress did you feel yesterday? [Likert 0–10: 0 = At no time, 10 = All the time]"" .
:QLoneliness pred:Text ""How lonely or unsupported did you feel yesterday? [Likert 0–10: 0 = At no time, 10 = All the time]"" .

:QGEmotional_Regulation_Frequency pred:BaseQuestion ""Next, you will be asked questions about your emotional state. Please answer on a scale of 0 to 4, where 0 is never, 1 is 'almost never', 2 is 'sometimes', 3 is 'fairly often', and 4 is 'very often', how often you experienced the following feelings during the last month: [Likert 0–4]"" ;
    qg:hasSubQuestion :QEmotional_Regulation_Frequency_Upset_by_Unexpected_Events,
                      :QEmotional_Regulation_Frequency_Unable_to_Control_Important_Things,
                      :QEmotional_Regulation_Frequency_Nervous_and_Stressed,
                      :QEmotional_Regulation_Frequency_Lacked_Confidence_Handling_Problems,
                      :QEmotional_Regulation_Frequency_Things_Going_Your_Way,
                      :QEmotional_Regulation_Frequency_Unable_to_Cope,
                      :QEmotional_Regulation_Frequency_Irritated_by_Life,
                      :QEmotional_Regulation_Frequency_On_Top_of_Things,
                      :QEmotional_Regulation_Frequency_Angered_by_Uncontrollable_Events,
                      :QEmotional_Regulation_Frequency_Felt_Overwhelmed .

:QEmotional_Regulation_Frequency_Upset_by_Unexpected_Events pred:Text ""how often have you been upset because of something that happened unexpectedly?"" .
:QEmotional_Regulation_Frequency_Unable_to_Control_Important_Things pred:Text ""how often have you felt that you were unable to control the important things in your life?"" .
:QEmotional_Regulation_Frequency_Nervous_and_Stressed pred:Text ""how often have you felt nervous and stressed?"" .
:QEmotional_Regulation_Frequency_Lacked_Confidence_Handling_Problems pred:Text ""how often have you felt confident about your ability to handle your personal problems?"" .
:QEmotional_Regulation_Frequency_Things_Going_Your_Way pred:Text ""how often have you felt that things were going your way?"" .
:QEmotional_Regulation_Frequency_Unable_to_Cope pred:Text ""how often have you found that you could not cope with all the things that you had to do?"" .
:QEmotional_Regulation_Frequency_Irritated_by_Life pred:Text ""how often have you been able to control irritations in your life?"" .
:QEmotional_Regulation_Frequency_On_Top_of_Things pred:Text ""how often have you felt that you were on top of things?"" .
:QEmotional_Regulation_Frequency_Angered_by_Uncontrollable_Events pred:Text ""how often have you been angered because of things that happened that were outside of your control?"" .
:QEmotional_Regulation_Frequency_Felt_Overwhelmed pred:Text ""how often have you felt difficulties were piling up so high that you could not overcome them?"" .

:QGAnxiety_Symptoms_Frequency pred:BaseQuestion ""Next, you will be asked questions about your emotional state. Please answer on a scale of 0 to 3, where 0 is 'Not at all', 1 is 'several days', 2 is 'more than half of the days', and 3 is 'Nearly every day'. Over the last two weeks, how often have you been bothered by the following problems? [Likert 0–3]"" ;
    qg:hasSubQuestion :QAnxiety_Symptoms_Frequency_Feeling_Nervous_or_On_Edge,
                      :QAnxiety_Symptoms_Frequency_Uncontrollable_Worrying,
                      :QAnxiety_Symptoms_Frequency_Excessive_Worry,
                      :QAnxiety_Symptoms_Frequency_Trouble_Relaxing,
                      :QAnxiety_Symptoms_Frequency_Restlessness,
                      :QAnxiety_Symptoms_Frequency_Irritability,
                      :QAnxiety_Symptoms_Frequency_Fear_Something_Awful_Might_Happen .

:QAnxiety_Symptoms_Frequency_Feeling_Nervous_or_On_Edge pred:Text ""Feeling nervous, anxious, or on edge"" .
:QAnxiety_Symptoms_Frequency_Uncontrollable_Worrying pred:Text ""Not being able to stop or control worrying"" .
:QAnxiety_Symptoms_Frequency_Excessive_Worry pred:Text ""Worrying too much about different things"" .
:QAnxiety_Symptoms_Frequency_Trouble_Relaxing pred:Text ""Trouble relaxing"" .
:QAnxiety_Symptoms_Frequency_Restlessness pred:Text ""Being so restless that it is hard to sit still"" .
:QAnxiety_Symptoms_Frequency_Irritability pred:Text ""Becoming easily annoyed or irritable"" .
:QAnxiety_Symptoms_Frequency_Fear_Something_Awful_Might_Happen pred:Text ""Feeling afraid, as if something awful might happen"" .

:QGDepressive_Symptoms_Frequency pred:BaseQuestion ""Next, you will be asked questions about your emotional state. Please answer on a scale of 0 to 3, where 0 is 'Not at all', 1 is 'several days', 2 is 'more than half of the days', and 3 is 'Nearly every day'. Over the last two weeks, how often have you been bothered by the following problems?"" ;
    qg:hasSubQuestion :QDepressive_Symptoms_Frequency_Anhedonia,
                      :QDepressive_Symptoms_Frequency_Depressed_Mood,
                      :QDepressive_Symptoms_Frequency_Sleep_Problems,
                      :QDepressive_Symptoms_Frequency_Fatigue,
                      :QDepressive_Symptoms_Frequency_Appetite_Changes,
                      :QDepressive_Symptoms_Frequency_Feelings_of_Worthlessness,
                      :QDepressive_Symptoms_Frequency_Concentration_Difficulties,
                      :QDepressive_Symptoms_Frequency_Psychomotor_Changes,
                      :QDepressive_Symptoms_Frequency_Suicidal_Thoughts .

:QDepressive_Symptoms_Frequency_Anhedonia pred:Text ""Little interest or pleasure in doing things"" .
:QDepressive_Symptoms_Frequency_Depressed_Mood pred:Text ""Feeling down, depressed, or hopeless"" .
:QDepressive_Symptoms_Frequency_Sleep_Problems pred:Text ""Trouble falling or staying asleep, or sleeping too much"" .
:QDepressive_Symptoms_Frequency_Fatigue pred:Text ""Feeling tired or having little energy"" .
:QDepressive_Symptoms_Frequency_Appetite_Changes pred:Text ""Poor appetite or overeating"" .
:QDepressive_Symptoms_Frequency_Feelings_of_Worthlessness pred:Text ""Feeling bad about yourself or that you are a failure or have let yourself or your family down"" .
:QDepressive_Symptoms_Frequency_Concentration_Difficulties pred:Text ""Trouble concentrating on things, such as reading the newspaper or watching television"" .
:QDepressive_Symptoms_Frequency_Psychomotor_Changes pred:Text ""Moving or speaking so slowly that other people could have noticed. Or the opposite — being so fidgety or restless that you have been moving around a lot more than usual"" .
:QDepressive_Symptoms_Frequency_Suicidal_Thoughts pred:Text ""Thoughts that you would be better off dead, or of hurting yourself"" .

# Responses
:Respondent14 pred:Year_of_birth 2005.0 ;
     pred:Gender 1.0 ;
     pred:Socio_economic_status 5.0 ;
     pred:Ethnic_identity 6.0 .

:Respondent14 pred:Life_satisfaction 8.0 ;
     pred:Happiness 6.0 ;
     pred:Laughter 6.0 ;
     pred:Learning 8.0 ;
     pred:Enjoyment 4.0 ;
     pred:Worry 0.0 ;
     pred:Depression 0.0 ;
     pred:Anger 2.0 ;
     pred:Stress 2.0 ;
     pred:Loneliness 0.0 .

:Respondent14_Emotional_Regulation_Frequency
                                   pred:Upset_by_Unexpected_Events 2.0 ;
                                   pred:Unable_to_Control_Important_Things 1.0 ;
                                   pred:Lacked_Confidence_Handling_Problems 3.0 ;
                                   pred:Unable_to_Cope 1.0 ;
                                   pred:Irritated_by_Life 3.0 ;
                                   pred:On_Top_of_Things 2.0 .
:Respondent14 pred:hasGroupResponse :Respondent14_Emotional_Regulation_Frequency .

:Respondent14_Anxiety_Symptoms_Frequency
                               pred:Feeling_Nervous_or_On_Edge 0.0 ;
                               pred:Trouble_Relaxing 0.0 ;
                               pred:Restlessness 0.0 ;
                               pred:Irritability 1.0 ;
                               pred:Fear_Something_Awful_Might_Happen 1.0 .
:Respondent14 pred:hasGroupResponse :Respondent14_Anxiety_Symptoms_Frequency .

:Respondent14_Depressive_Symptoms_Frequency
                                  pred:Anhedonia 0.0 ;
                                  pred:Sleep_Problems 1.0 ;
                                  pred:Fatigue 0.0 ;
                                  pred:Appetite_Changes 0.0 ;
                                  pred:Feelings_of_Worthlessness 1.0 ;
                                  pred:Concentration_Difficulties 3.0 ;
                                  pred:Suicidal_Thoughts 0.0 .
:Respondent14 pred:hasGroupResponse :Respondent14_Depressive_Symptoms_Frequency .

:Respondent66 pred:Year_of_birth 2001.0 ;
     pred:Gender 1.0 ;
     pred:Socio_economic_status 3.0 ;
     pred:Ethnic_identity 6.0 .

:Respondent66 pred:Life_satisfaction 5.0 ;
     pred:Happiness 4.0 ;
     pred:Laughter 2.0 ;
     pred:Learning 1.0 ;
     pred:Enjoyment 2.0 ;
     pred:Worry 1.0 ;
     pred:Depression 1.0 ;
     pred:Anger 3.0 ;
     pred:Stress 3.0 ;
     pred:Loneliness 4.0 .

:Respondent66_Emotional_Regulation_Frequency
                                   pred:Upset_by_Unexpected_Events 1.0 ;
                                   pred:Unable_to_Control_Important_Things 2.0 ;
                                   pred:Lacked_Confidence_Handling_Problems 2.0 ;
                                   pred:Unable_to_Cope 2.0 ;
                                   pred:Irritated_by_Life 2.0 ;
                                   pred:On_Top_of_Things 2.0 .
:Respondent66 pred:hasGroupResponse :Respondent66_Emotional_Regulation_Frequency .

:Respondent66_Anxiety_Symptoms_Frequency
                               pred:Feeling_Nervous_or_On_Edge 0.0 ;
                               pred:Trouble_Relaxing 1.0 ;
                               pred:Restlessness 1.0 ;
                               pred:Irritability 1.0 ;
                               pred:Fear_Something_Awful_Might_Happen 1.0 .
:Respondent66 pred:hasGroupResponse :Respondent66_Anxiety_Symptoms_Frequency .

:Respondent66_Depressive_Symptoms_Frequency
                                  pred:Anhedonia 2.0 ;
                                  pred:Sleep_Problems 1.0 ;
                                  pred:Fatigue 1.0 ;
                                  pred:Appetite_Changes 2.0 ;
                                  pred:Feelings_of_Worthlessness 2.0 ;
                                  pred:Concentration_Difficulties 2.0 ;
                                  pred:Suicidal_Thoughts 1.0 .
:Respondent66 pred:hasGroupResponse :Respondent66_Depressive_Symptoms_Frequency .

:Respondent123 pred:Year_of_birth 2001.0 ;
     pred:Gender 2.0 ;
     pred:Socio_economic_status 3.0 ;
     pred:Ethnic_identity 6.0 .

:Respondent123_Parental_Education
                       pred:Father 11.0 .
:Respondent123 pred:hasGroupResponse :Respondent123_Parental_Education .

:Respondent123 pred:Life_satisfaction 7.0 ;
     pred:Happiness 8.0 ;
     pred:Laughter 10.0 ;
     pred:Learning 10.0 ;
     pred:Enjoyment 10.0 ;
     pred:Worry 3.0 ;
     pred:Depression 1.0 ;
     pred:Anger 4.0 ;
     pred:Stress 4.0 ;
     pred:Loneliness 1.0 .

:Respondent123_Emotional_Regulation_Frequency
                                   pred:Upset_by_Unexpected_Events 4.0 ;
                                   pred:Unable_to_Control_Important_Things 3.0 ;
                                   pred:Lacked_Confidence_Handling_Problems 2.0 ;
                                   pred:Unable_to_Cope 3.0 ;
                                   pred:Irritated_by_Life 2.0 ;
                                   pred:On_Top_of_Things 2.0 .
:Respondent123 pred:hasGroupResponse :Respondent123_Emotional_Regulation_Frequency .

:Respondent123_Anxiety_Symptoms_Frequency
                               pred:Feeling_Nervous_or_On_Edge 2.0 ;
                               pred:Trouble_Relaxing 2.0 ;
                               pred:Restlessness 0.0 ;
                               pred:Irritability 3.0 ;
                               pred:Fear_Something_Awful_Might_Happen 3.0 .
:Respondent123 pred:hasGroupResponse :Respondent123_Anxiety_Symptoms_Frequency .

:Respondent123_Depressive_Symptoms_Frequency
                                  pred:Anhedonia 0.0 ;
                                  pred:Sleep_Problems 1.0 ;
                                  pred:Fatigue 2.0 ;
                                  pred:Appetite_Changes 0.0 ;
                                  pred:Feelings_of_Worthlessness 2.0 ;
                                  pred:Concentration_Difficulties 1.0 ;
                                  pred:Suicidal_Thoughts 1.0 .
:Respondent123 pred:hasGroupResponse :Respondent123_Depressive_Symptoms_Frequency .
",1.0,"For respondent 129, what is the value for 'Appetite Changes' in the 'Depressive Symptoms Frequency' category?

DATA:

@prefix : <http://example.org/survey#> .
@prefix pred: <http://example.org/predicate#> .
@prefix qg: <http://example.org/question_group#> .

# Questions
:QYear_of_birth pred:Text ""What is your date of birth? [Open-ended]"" .
:QGender pred:Text ""What is your gender? [MCQ: 1. Male 2. Female]"" .
:QSocio_economic_status pred:Text ""What is the socio-economic status of your home? [Likert 1–6: 1 = Very low, 6 = Very high]"" .
:QEthnic_identity pred:Text ""According to your culture, people, or physical features, you are or are recognized as: [MCQ: 1. Indigenous 2. Gypsy 3. Raizal from San Andres, Providencia and Santa Catalina Archipelago 4. Palenquero from San Basilio 5. Black, mulatto (Afro-descendant), Afro-Colombian 6. None of the above]"" .

:QGParental_Education pred:BaseQuestion ""How many years of education did your parents receive? [Open-ended]"" ;
    qg:hasSubQuestion :QParental_Education_Father, :QParental_Education_Mother .
:QParental_Education_Father pred:Text ""Father?"" .
:QParental_Education_Mother pred:Text ""Mother?"" .

:QLife_satisfaction pred:Text ""In general, how satisfied are you with all aspects of your life? [Likert 0–10: 0 = Not satisfied, 10 = Totally satisfied]"" .
:QHappiness pred:Text ""How happy did you feel yesterday? [Likert 0–10: 0 = At no time, 10 = All the time]"" .
:QLaughter pred:Text ""How much did you laugh yesterday? [Likert 0–10: 0 = At no time, 10 = All the time]"" .
:QLearning pred:Text ""Did you learn new or exciting things yesterday? [Likert 0–10: 0 = At no time, 10 = All the time]"" .
:QEnjoyment pred:Text ""How much did you enjoy the activities you did yesterday? [Likert 0–10: 0 = At no time, 10 = All the time]"" .
:QWorry pred:Text ""How worried did you feel yesterday? [Likert 0–10: 0 = At no time, 10 = All the time]"" .
:QDepression pred:Text ""How depressed did you feel yesterday? [Likert 0–10: 0 = At no time, 10 = All the time]"" .
:QAnger pred:Text ""How angry did you feel yesterday? [Likert 0–10: 0 = At no time, 10 = All the time]"" .
:QStress pred:Text ""How much stress did you feel yesterday? [Likert 0–10: 0 = At no time, 10 = All the time]"" .
:QLoneliness pred:Text ""How lonely or unsupported did you feel yesterday? [Likert 0–10: 0 = At no time, 10 = All the time]"" .

:QGEmotional_Regulation_Frequency pred:BaseQuestion ""Next, you will be asked questions about your emotional state. Please answer on a scale of 0 to 4, where 0 is never, 1 is 'almost never', 2 is 'sometimes', 3 is 'fairly often', and 4 is 'very often', how often you experienced the following feelings during the last month: [Likert 0–4]"" ;
    qg:hasSubQuestion :QEmotional_Regulation_Frequency_Upset_by_Unexpected_Events,
                      :QEmotional_Regulation_Frequency_Unable_to_Control_Important_Things,
                      :QEmotional_Regulation_Frequency_Nervous_and_Stressed,
                      :QEmotional_Regulation_Frequency_Lacked_Confidence_Handling_Problems,
                      :QEmotional_Regulation_Frequency_Things_Going_Your_Way,
                      :QEmotional_Regulation_Frequency_Unable_to_Cope,
                      :QEmotional_Regulation_Frequency_Irritated_by_Life,
                      :QEmotional_Regulation_Frequency_On_Top_of_Things,
                      :QEmotional_Regulation_Frequency_Angered_by_Uncontrollable_Events,
                      :QEmotional_Regulation_Frequency_Felt_Overwhelmed .

:QEmotional_Regulation_Frequency_Upset_by_Unexpected_Events pred:Text ""how often have you been upset because of something that happened unexpectedly?"" .
:QEmotional_Regulation_Frequency_Unable_to_Control_Important_Things pred:Text ""how often have you felt that you were unable to control the important things in your life?"" .
:QEmotional_Regulation_Frequency_Nervous_and_Stressed pred:Text ""how often have you felt nervous and stressed?"" .
:QEmotional_Regulation_Frequency_Lacked_Confidence_Handling_Problems pred:Text ""how often have you felt confident about your ability to handle your personal problems?"" .
:QEmotional_Regulation_Frequency_Things_Going_Your_Way pred:Text ""how often have you felt that things were going your way?"" .
:QEmotional_Regulation_Frequency_Unable_to_Cope pred:Text ""how often have you found that you could not cope with all the things that you had to do?"" .
:QEmotional_Regulation_Frequency_Irritated_by_Life pred:Text ""how often have you been able to control irritations in your life?"" .
:QEmotional_Regulation_Frequency_On_Top_of_Things pred:Text ""how often have you felt that you were on top of things?"" .
:QEmotional_Regulation_Frequency_Angered_by_Uncontrollable_Events pred:Text ""how often have you been angered because of things that happened that were outside of your control?"" .
:QEmotional_Regulation_Frequency_Felt_Overwhelmed pred:Text ""how often have you felt difficulties were piling up so high that you could not overcome them?"" .

:QGAnxiety_Symptoms_Frequency pred:BaseQuestion ""Next, you will be asked questions about your emotional state. Please answer on a scale of 0 to 3, where 0 is 'Not at all', 1 is 'several days', 2 is 'more than half of the days', and 3 is 'Nearly every day'. Over the last two weeks, how often have you been bothered by the following problems? [Likert 0–3]"" ;
    qg:hasSubQuestion :QAnxiety_Symptoms_Frequency_Feeling_Nervous_or_On_Edge,
                      :QAnxiety_Symptoms_Frequency_Uncontrollable_Worrying,
                      :QAnxiety_Symptoms_Frequency_Excessive_Worry,
                      :QAnxiety_Symptoms_Frequency_Trouble_Relaxing,
                      :QAnxiety_Symptoms_Frequency_Restlessness,
                      :QAnxiety_Symptoms_Frequency_Irritability,
                      :QAnxiety_Symptoms_Frequency_Fear_Something_Awful_Might_Happen .

:QAnxiety_Symptoms_Frequency_Feeling_Nervous_or_On_Edge pred:Text ""Feeling nervous, anxious, or on edge"" .
:QAnxiety_Symptoms_Frequency_Uncontrollable_Worrying pred:Text ""Not being able to stop or control worrying"" .
:QAnxiety_Symptoms_Frequency_Excessive_Worry pred:Text ""Worrying too much about different things"" .
:QAnxiety_Symptoms_Frequency_Trouble_Relaxing pred:Text ""Trouble relaxing"" .
:QAnxiety_Symptoms_Frequency_Restlessness pred:Text ""Being so restless that it is hard to sit still"" .
:QAnxiety_Symptoms_Frequency_Irritability pred:Text ""Becoming easily annoyed or irritable"" .
:QAnxiety_Symptoms_Frequency_Fear_Something_Awful_Might_Happen pred:Text ""Feeling afraid, as if something awful might happen"" .

:QGDepressive_Symptoms_Frequency pred:BaseQuestion ""Next, you will be asked questions about your emotional state. Please answer on a scale of 0 to 3, where 0 is 'Not at all', 1 is 'several days', 2 is 'more than half of the days', and 3 is 'Nearly every day'. Over the last two weeks, how often have you been bothered by the following problems?"" ;
    qg:hasSubQuestion :QDepressive_Symptoms_Frequency_Anhedonia,
                      :QDepressive_Symptoms_Frequency_Depressed_Mood,
                      :QDepressive_Symptoms_Frequency_Sleep_Problems,
                      :QDepressive_Symptoms_Frequency_Fatigue,
                      :QDepressive_Symptoms_Frequency_Appetite_Changes,
                      :QDepressive_Symptoms_Frequency_Feelings_of_Worthlessness,
                      :QDepressive_Symptoms_Frequency_Concentration_Difficulties,
                      :QDepressive_Symptoms_Frequency_Psychomotor_Changes,
                      :QDepressive_Symptoms_Frequency_Suicidal_Thoughts .

:QDepressive_Symptoms_Frequency_Anhedonia pred:Text ""Little interest or pleasure in doing things"" .
:QDepressive_Symptoms_Frequency_Depressed_Mood pred:Text ""Feeling down, depressed, or hopeless"" .
:QDepressive_Symptoms_Frequency_Sleep_Problems pred:Text ""Trouble falling or staying asleep, or sleeping too much"" .
:QDepressive_Symptoms_Frequency_Fatigue pred:Text ""Feeling tired or having little energy"" .
:QDepressive_Symptoms_Frequency_Appetite_Changes pred:Text ""Poor appetite or overeating"" .
:QDepressive_Symptoms_Frequency_Feelings_of_Worthlessness pred:Text ""Feeling bad about yourself or that you are a failure or have let yourself or your family down"" .
:QDepressive_Symptoms_Frequency_Concentration_Difficulties pred:Text ""Trouble concentrating on things, such as reading the newspaper or watching television"" .
:QDepressive_Symptoms_Frequency_Psychomotor_Changes pred:Text ""Moving or speaking so slowly that other people could have noticed. Or the opposite — being so fidgety or restless that you have been moving around a lot more than usual"" .
:QDepressive_Symptoms_Frequency_Suicidal_Thoughts pred:Text ""Thoughts that you would be better off dead, or of hurting yourself"" .

# Responses
:Respondent73 pred:Year_of_birth 2005.0 ;
     pred:Gender 2.0 ;
     pred:Socio_economic_status 2.0 ;
     pred:Ethnic_identity 6.0 .

:Respondent73_Parental_Education
                       pred:Father 25.0 ;
                       pred:Mother 15.0 .
:Respondent73 pred:hasGroupResponse :Respondent73_Parental_Education .

:Respondent73 pred:Life_satisfaction 8.0 ;
     pred:Happiness 5.0 ;
     pred:Laughter 4.0 ;
     pred:Learning 5.0 ;
     pred:Enjoyment 5.0 ;
     pred:Worry 2.0 ;
     pred:Depression 1.0 ;
     pred:Anger 2.0 ;
     pred:Stress 4.0 ;
     pred:Loneliness 6.0 .

:Respondent73_Emotional_Regulation_Frequency
                                   pred:Upset_by_Unexpected_Events 2.0 ;
                                   pred:Unable_to_Control_Important_Things 2.0 ;
                                   pred:Lacked_Confidence_Handling_Problems 2.0 ;
                                   pred:Unable_to_Cope 2.0 ;
                                   pred:Irritated_by_Life 2.0 ;
                                   pred:On_Top_of_Things 2.0 .
:Respondent73 pred:hasGroupResponse :Respondent73_Emotional_Regulation_Frequency .

:Respondent73_Anxiety_Symptoms_Frequency
                               pred:Feeling_Nervous_or_On_Edge 2.0 ;
                               pred:Trouble_Relaxing 1.0 ;
                               pred:Restlessness 1.0 ;
                               pred:Irritability 2.0 ;
                               pred:Fear_Something_Awful_Might_Happen 2.0 .
:Respondent73 pred:hasGroupResponse :Respondent73_Anxiety_Symptoms_Frequency .

:Respondent73_Depressive_Symptoms_Frequency
                                  pred:Anhedonia 1.0 ;
                                  pred:Sleep_Problems 2.0 ;
                                  pred:Fatigue 1.0 ;
                                  pred:Appetite_Changes 1.0 ;
                                  pred:Feelings_of_Worthlessness 1.0 ;
                                  pred:Concentration_Difficulties 1.0 ;
                                  pred:Suicidal_Thoughts 0.0 .
:Respondent73 pred:hasGroupResponse :Respondent73_Depressive_Symptoms_Frequency .

:Respondent85 pred:Year_of_birth 2004.0 ;
     pred:Gender 2.0 ;
     pred:Socio_economic_status 3.0 ;
     pred:Ethnic_identity 6.0 .

:Respondent85_Parental_Education
                       pred:Father 18.0 .
:Respondent85 pred:hasGroupResponse :Respondent85_Parental_Education .

:Respondent85 pred:Life_satisfaction 5.0 ;
     pred:Happiness 6.0 ;
     pred:Laughter 6.0 ;
     pred:Learning 8.0 ;
     pred:Enjoyment 5.0 ;
     pred:Worry 1.0 ;
     pred:Depression 1.0 ;
     pred:Anger 2.0 ;
     pred:Stress 4.0 ;
     pred:Loneliness 1.0 .

:Respondent85_Emotional_Regulation_Frequency
                                   pred:Upset_by_Unexpected_Events 2.0 ;
                                   pred:Unable_to_Control_Important_Things 3.0 ;
                                   pred:Lacked_Confidence_Handling_Problems 2.0 ;
                                   pred:Unable_to_Cope 3.0 ;
                                   pred:Irritated_by_Life 3.0 ;
                                   pred:On_Top_of_Things 2.0 .
:Respondent85 pred:hasGroupResponse :Respondent85_Emotional_Regulation_Frequency .

:Respondent85_Anxiety_Symptoms_Frequency
                               pred:Feeling_Nervous_or_On_Edge 1.0 ;
                               pred:Trouble_Relaxing 1.0 ;
                               pred:Restlessness 0.0 ;
                               pred:Irritability 1.0 ;
                               pred:Fear_Something_Awful_Might_Happen 1.0 .
:Respondent85 pred:hasGroupResponse :Respondent85_Anxiety_Symptoms_Frequency .

:Respondent85_Depressive_Symptoms_Frequency
                                  pred:Anhedonia 2.0 ;
                                  pred:Sleep_Problems 2.0 ;
                                  pred:Fatigue 3.0 ;
                                  pred:Appetite_Changes 3.0 ;
                                  pred:Feelings_of_Worthlessness 1.0 ;
                                  pred:Concentration_Difficulties 1.0 ;
                                  pred:Suicidal_Thoughts 0.0 .
:Respondent85 pred:hasGroupResponse :Respondent85_Depressive_Symptoms_Frequency .

:Respondent129 pred:Year_of_birth 2001.0 ;
     pred:Gender 2.0 ;
     pred:Socio_economic_status 3.0 ;
     pred:Ethnic_identity 6.0 .

:Respondent129_Parental_Education
                       pred:Father 13.0 ;
                       pred:Mother 13.0 .
:Respondent129 pred:hasGroupResponse :Respondent129_Parental_Education .

:Respondent129 pred:Life_satisfaction 8.0 ;
     pred:Happiness 9.0 ;
     pred:Laughter 6.0 ;
     pred:Learning 5.0 ;
     pred:Enjoyment 6.0 ;
     pred:Worry 1.0 ;
     pred:Depression 1.0 ;
     pred:Anger 1.0 ;
     pred:Stress 3.0 ;
     pred:Loneliness 0.0 .

:Respondent129_Emotional_Regulation_Frequency
                                   pred:Upset_by_Unexpected_Events 1.0 ;
                                   pred:Unable_to_Control_Important_Things 1.0 ;
                                   pred:Lacked_Confidence_Handling_Problems 3.0 ;
                                   pred:Unable_to_Cope 2.0 ;
                                   pred:Irritated_by_Life 3.0 ;
                                   pred:On_Top_of_Things 2.0 .
:Respondent129 pred:hasGroupResponse :Respondent129_Emotional_Regulation_Frequency .

:Respondent129_Anxiety_Symptoms_Frequency
                               pred:Feeling_Nervous_or_On_Edge 1.0 ;
                               pred:Trouble_Relaxing 1.0 ;
                               pred:Restlessness 0.0 ;
                               pred:Irritability 0.0 ;
                               pred:Fear_Something_Awful_Might_Happen 0.0 .
:Respondent129 pred:hasGroupResponse :Respondent129_Anxiety_Symptoms_Frequency .

:Respondent129_Depressive_Symptoms_Frequency
                                  pred:Anhedonia 1.0 ;
                                  pred:Sleep_Problems 1.0 ;
                                  pred:Fatigue 2.0 ;
                                  pred:Appetite_Changes 2.0 ;
                                  pred:Feelings_of_Worthlessness 0.0 ;
                                  pred:Concentration_Difficulties 2.0 ;
                                  pred:Suicidal_Thoughts 0.0 .
:Respondent129 pred:hasGroupResponse :Respondent129_Depressive_Symptoms_Frequency .

Answer: 2.0

@prefix : <http://example.org/survey#> .
@prefix pred: <http://example.org/predicate#> .
@prefix qg: <http://example.org/question_group#> .

# Questions
:QYear_of_birth pred:Text ""What is your date of birth? [Open-ended]"" .
:QGender pred:Text ""What is your gender? [MCQ: 1. Male 2. Female]"" .
:QSocio_economic_status pred:Text ""What is the socio-economic status of your home? [Likert 1–6: 1 = Very low, 6 = Very high]"" .
:QEthnic_identity pred:Text ""According to your culture, people, or physical features, you are or are recognized as: [MCQ: 1. Indigenous 2. Gypsy 3. Raizal from San Andres, Providencia and Santa Catalina Archipelago 4. Palenquero from San Basilio 5. Black, mulatto (Afro-descendant), Afro-Colombian 6. None of the above]"" .

:QGParental_Education pred:BaseQuestion ""How many years of education did your parents receive? [Open-ended]"" ;
    qg:hasSubQuestion :QParental_Education_Father, :QParental_Education_Mother .
:QParental_Education_Father pred:Text ""Father?"" .
:QParental_Education_Mother pred:Text ""Mother?"" .

:QLife_satisfaction pred:Text ""In general, how satisfied are you with all aspects of your life? [Likert 0–10: 0 = Not satisfied, 10 = Totally satisfied]"" .
:QHappiness pred:Text ""How happy did you feel yesterday? [Likert 0–10: 0 = At no time, 10 = All the time]"" .
:QLaughter pred:Text ""How much did you laugh yesterday? [Likert 0–10: 0 = At no time, 10 = All the time]"" .
:QLearning pred:Text ""Did you learn new or exciting things yesterday? [Likert 0–10: 0 = At no time, 10 = All the time]"" .
:QEnjoyment pred:Text ""How much did you enjoy the activities you did yesterday? [Likert 0–10: 0 = At no time, 10 = All the time]"" .
:QWorry pred:Text ""How worried did you feel yesterday? [Likert 0–10: 0 = At no time, 10 = All the time]"" .
:QDepression pred:Text ""How depressed did you feel yesterday? [Likert 0–10: 0 = At no time, 10 = All the time]"" .
:QAnger pred:Text ""How angry did you feel yesterday? [Likert 0–10: 0 = At no time, 10 = All the time]"" .
:QStress pred:Text ""How much stress did you feel yesterday? [Likert 0–10: 0 = At no time, 10 = All the time]"" .
:QLoneliness pred:Text ""How lonely or unsupported did you feel yesterday? [Likert 0–10: 0 = At no time, 10 = All the time]"" .

:QGEmotional_Regulation_Frequency pred:BaseQuestion ""Next, you will be asked questions about your emotional state. Please answer on a scale of 0 to 4, where 0 is never, 1 is 'almost never', 2 is 'sometimes', 3 is 'fairly often', and 4 is 'very often', how often you experienced the following feelings during the last month: [Likert 0–4]"" ;
    qg:hasSubQuestion :QEmotional_Regulation_Frequency_Upset_by_Unexpected_Events,
                      :QEmotional_Regulation_Frequency_Unable_to_Control_Important_Things,
                      :QEmotional_Regulation_Frequency_Nervous_and_Stressed,
                      :QEmotional_Regulation_Frequency_Lacked_Confidence_Handling_Problems,
                      :QEmotional_Regulation_Frequency_Things_Going_Your_Way,
                      :QEmotional_Regulation_Frequency_Unable_to_Cope,
                      :QEmotional_Regulation_Frequency_Irritated_by_Life,
                      :QEmotional_Regulation_Frequency_On_Top_of_Things,
                      :QEmotional_Regulation_Frequency_Angered_by_Uncontrollable_Events,
                      :QEmotional_Regulation_Frequency_Felt_Overwhelmed .

:QEmotional_Regulation_Frequency_Upset_by_Unexpected_Events pred:Text ""how often have you been upset because of something that happened unexpectedly?"" .
:QEmotional_Regulation_Frequency_Unable_to_Control_Important_Things pred:Text ""how often have you felt that you were unable to control the important things in your life?"" .
:QEmotional_Regulation_Frequency_Nervous_and_Stressed pred:Text ""how often have you felt nervous and stressed?"" .
:QEmotional_Regulation_Frequency_Lacked_Confidence_Handling_Problems pred:Text ""how often have you felt confident about your ability to handle your personal problems?"" .
:QEmotional_Regulation_Frequency_Things_Going_Your_Way pred:Text ""how often have you felt that things were going your way?"" .
:QEmotional_Regulation_Frequency_Unable_to_Cope pred:Text ""how often have you found that you could not cope with all the things that you had to do?"" .
:QEmotional_Regulation_Frequency_Irritated_by_Life pred:Text ""how often have you been able to control irritations in your life?"" .
:QEmotional_Regulation_Frequency_On_Top_of_Things pred:Text ""how often have you felt that you were on top of things?"" .
:QEmotional_Regulation_Frequency_Angered_by_Uncontrollable_Events pred:Text ""how often have you been angered because of things that happened that were outside of your control?"" .
:QEmotional_Regulation_Frequency_Felt_Overwhelmed pred:Text ""how often have you felt difficulties were piling up so high that you could not overcome them?"" .

:QGAnxiety_Symptoms_Frequency pred:BaseQuestion ""Next, you will be asked questions about your emotional state. Please answer on a scale of 0 to 3, where 0 is 'Not at all', 1 is 'several days', 2 is 'more than half of the days', and 3 is 'Nearly every day'. Over the last two weeks, how often have you been bothered by the following problems? [Likert 0–3]"" ;
    qg:hasSubQuestion :QAnxiety_Symptoms_Frequency_Feeling_Nervous_or_On_Edge,
                      :QAnxiety_Symptoms_Frequency_Uncontrollable_Worrying,
                      :QAnxiety_Symptoms_Frequency_Excessive_Worry,
                      :QAnxiety_Symptoms_Frequency_Trouble_Relaxing,
                      :QAnxiety_Symptoms_Frequency_Restlessness,
                      :QAnxiety_Symptoms_Frequency_Irritability,
                      :QAnxiety_Symptoms_Frequency_Fear_Something_Awful_Might_Happen .

:QAnxiety_Symptoms_Frequency_Feeling_Nervous_or_On_Edge pred:Text ""Feeling nervous, anxious, or on edge"" .
:QAnxiety_Symptoms_Frequency_Uncontrollable_Worrying pred:Text ""Not being able to stop or control worrying"" .
:QAnxiety_Symptoms_Frequency_Excessive_Worry pred:Text ""Worrying too much about different things"" .
:QAnxiety_Symptoms_Frequency_Trouble_Relaxing pred:Text ""Trouble relaxing"" .
:QAnxiety_Symptoms_Frequency_Restlessness pred:Text ""Being so restless that it is hard to sit still"" .
:QAnxiety_Symptoms_Frequency_Irritability pred:Text ""Becoming easily annoyed or irritable"" .
:QAnxiety_Symptoms_Frequency_Fear_Something_Awful_Might_Happen pred:Text ""Feeling afraid, as if something awful might happen"" .

:QGDepressive_Symptoms_Frequency pred:BaseQuestion ""Next, you will be asked questions about your emotional state. Please answer on a scale of 0 to 3, where 0 is 'Not at all', 1 is 'several days', 2 is 'more than half of the days', and 3 is 'Nearly every day'. Over the last two weeks, how often have you been bothered by the following problems?"" ;
    qg:hasSubQuestion :QDepressive_Symptoms_Frequency_Anhedonia,
                      :QDepressive_Symptoms_Frequency_Depressed_Mood,
                      :QDepressive_Symptoms_Frequency_Sleep_Problems,
                      :QDepressive_Symptoms_Frequency_Fatigue,
                      :QDepressive_Symptoms_Frequency_Appetite_Changes,
                      :QDepressive_Symptoms_Frequency_Feelings_of_Worthlessness,
                      :QDepressive_Symptoms_Frequency_Concentration_Difficulties,
                      :QDepressive_Symptoms_Frequency_Psychomotor_Changes,
                      :QDepressive_Symptoms_Frequency_Suicidal_Thoughts .

:QDepressive_Symptoms_Frequency_Anhedonia pred:Text ""Little interest or pleasure in doing things"" .
:QDepressive_Symptoms_Frequency_Depressed_Mood pred:Text ""Feeling down, depressed, or hopeless"" .
:QDepressive_Symptoms_Frequency_Sleep_Problems pred:Text ""Trouble falling or staying asleep, or sleeping too much"" .
:QDepressive_Symptoms_Frequency_Fatigue pred:Text ""Feeling tired or having little energy"" .
:QDepressive_Symptoms_Frequency_Appetite_Changes pred:Text ""Poor appetite or overeating"" .
:QDepressive_Symptoms_Frequency_Feelings_of_Worthlessness pred:Text ""Feeling bad about yourself or that you are a failure or have let yourself or your family down"" .
:QDepressive_Symptoms_Frequency_Concentration_Difficulties pred:Text ""Trouble concentrating on things, such as reading the newspaper or watching television"" .
:QDepressive_Symptoms_Frequency_Psychomotor_Changes pred:Text ""Moving or speaking so slowly that other people could have noticed. Or the opposite — being so fidgety or restless that you have been moving around a lot more than usual"" .
:QDepressive_Symptoms_Frequency_Suicidal_Thoughts pred:Text ""Thoughts that you would be better off dead, or of hurting yourself"" .

# Responses
:Respondent14 pred:Year_of_birth 2005.0 ;
     pred:Gender 1.0 ;
     pred:Socio_economic_status 5.0 ;
     pred:Ethnic_identity 6.0 .

:Respondent14 pred:Life_satisfaction 8.0 ;
     pred:Happiness 6.0 ;
     pred:Laughter 6.0 ;
     pred:Learning 8.0 ;
     pred:Enjoyment 4.0 ;
     pred:Worry 0.0 ;
     pred:Depression 0.0 ;
     pred:Anger 2.0 ;
     pred:Stress 2.0 ;
     pred:Loneliness 0.0 .

:Respondent14_Emotional_Regulation_Frequency
                                   pred:Upset_by_Unexpected_Events 2.0 ;
                                   pred:Unable_to_Control_Important_Things 1.0 ;
                                   pred:Lacked_Confidence_Handling_Problems 3.0 ;
                                   pred:Unable_to_Cope 1.0 ;
                                   pred:Irritated_by_Life 3.0 ;
                                   pred:On_Top_of_Things 2.0 .
:Respondent14 pred:hasGroupResponse :Respondent14_Emotional_Regulation_Frequency .

:Respondent14_Anxiety_Symptoms_Frequency
                               pred:Feeling_Nervous_or_On_Edge 0.0 ;
                               pred:Trouble_Relaxing 0.0 ;
                               pred:Restlessness 0.0 ;
                               pred:Irritability 1.0 ;
                               pred:Fear_Something_Awful_Might_Happen 1.0 .
:Respondent14 pred:hasGroupResponse :Respondent14_Anxiety_Symptoms_Frequency .

:Respondent14_Depressive_Symptoms_Frequency
                                  pred:Anhedonia 0.0 ;
                                  pred:Sleep_Problems 1.0 ;
                                  pred:Fatigue 0.0 ;
                                  pred:Appetite_Changes 0.0 ;
                                  pred:Feelings_of_Worthlessness 1.0 ;
                                  pred:Concentration_Difficulties 3.0 ;
                                  pred:Suicidal_Thoughts 0.0 .
:Respondent14 pred:hasGroupResponse :Respondent14_Depressive_Symptoms_Frequency .

:Respondent66 pred:Year_of_birth 2001.0 ;
     pred:Gender 1.0 ;
     pred:Socio_economic_status 3.0 ;
     pred:Ethnic_identity 6.0 .

:Respondent66 pred:Life_satisfaction 5.0 ;
     pred:Happiness 4.0 ;
     pred:Laughter 2.0 ;
     pred:Learning 1.0 ;
     pred:Enjoyment 2.0 ;
     pred:Worry 1.0 ;
     pred:Depression 1.0 ;
     pred:Anger 3.0 ;
     pred:Stress 3.0 ;
     pred:Loneliness 4.0 .

:Respondent66_Emotional_Regulation_Frequency
                                   pred:Upset_by_Unexpected_Events 1.0 ;
                                   pred:Unable_to_Control_Important_Things 2.0 ;
                                   pred:Lacked_Confidence_Handling_Problems 2.0 ;
                                   pred:Unable_to_Cope 2.0 ;
                                   pred:Irritated_by_Life 2.0 ;
                                   pred:On_Top_of_Things 2.0 .
:Respondent66 pred:hasGroupResponse :Respondent66_Emotional_Regulation_Frequency .

:Respondent66_Anxiety_Symptoms_Frequency
                               pred:Feeling_Nervous_or_On_Edge 0.0 ;
                               pred:Trouble_Relaxing 1.0 ;
                               pred:Restlessness 1.0 ;
                               pred:Irritability 1.0 ;
                               pred:Fear_Something_Awful_Might_Happen 1.0 .
:Respondent66 pred:hasGroupResponse :Respondent66_Anxiety_Symptoms_Frequency .

:Respondent66_Depressive_Symptoms_Frequency
                                  pred:Anhedonia 2.0 ;
                                  pred:Sleep_Problems 1.0 ;
                                  pred:Fatigue 1.0 ;
                                  pred:Appetite_Changes 2.0 ;
                                  pred:Feelings_of_Worthlessness 2.0 ;
                                  pred:Concentration_Difficulties 2.0 ;
                                  pred:Suicidal_Thoughts 1.0 .
:Respondent66 pred:hasGroupResponse :Respondent66_Depressive_Symptoms_Frequency .

:Respondent123 pred:Year_of_birth 2001.0 ;
     pred:Gender 2.0 ;
     pred:Socio_economic_status 3.0 ;
     pred:Ethnic_identity 6.0 .

:Respondent123_Parental_Education
                       pred:Father 11.0 .
:Respondent123 pred:hasGroupResponse :Respondent123_Parental_Education .

:Respondent123 pred:Life_satisfaction 7.0 ;
     pred:Happiness 8.0 ;
     pred:Laughter 10.0 ;
     pred:Learning 10.0 ;
     pred:Enjoyment 10.0 ;
     pred:Worry 3.0 ;
     pred:Depression 1.0 ;
     pred:Anger 4.0 ;
     pred:Stress 4.0 ;
     pred:Loneliness 1.0 .

:Respondent123_Emotional_Regulation_Frequency
                                   pred:Upset_by_Unexpected_Events 4.0 ;
                                   pred:Unable_to_Control_Important_Things 3.0 ;
                                   pred:Lacked_Confidence_Handling_Problems 2.0 ;
                                   pred:Unable_to_Cope 3.0 ;
                                   pred:Irritated_by_Life 2.0 ;
                                   pred:On_Top_of_Things 2.0 .
:Respondent123 pred:hasGroupResponse :Respondent123_Emotional_Regulation_Frequency .

:Respondent123_Anxiety_Symptoms_Frequency
                               pred:Feeling_Nervous_or_On_Edge 2.0 ;
                               pred:Trouble_Relaxing 2.0 ;
                               pred:Restlessness 0.0 ;
                               pred:Irritability 3.0 ;
                               pred:Fear_Something_Awful_Might_Happen 3.0 .
:Respondent123 pred:hasGroupResponse :Respondent123_Anxiety_Symptoms_Frequency .

:Respondent123_Depressive_Symptoms_Frequency
                                  pred:Anhedonia 0.0 ;
                                  pred:Sleep_Problems 1.0 ;
                                  pred:Fatigue 2.0 ;
                                  pred:Appetite_Changes 0.0 ;
                                  pred:Feelings_of_Worthlessness 2.0 ;
                                  pred:Concentration_Difficulties 1.0 ;
                                  pred:Suicidal_Thoughts 1.0 .
:Respondent123 pred:hasGroupResponse :Respondent123_Depressive_Symptoms_Frequency .

You are a meticulous data analyst AI. Your primary function is to accurately analyze structured data and provide precise, verifiable answers.

You will be given a dataset with two key parts:

A 'questions' section: This is your data dictionary or schema. It is the single source of truth for understanding what each field and score means. Refer to it carefully.

A 'responses' section: This contains the raw data from each individual respondent.

To answer the question correctly, you must first use the 'questions' schema to fully understand the context and meaning of the data points within the 'responses'. Do not rely on any prior knowledge outside of this provided data. Base your entire analysis on the information given.

Provide your final answer directly and concisely. Output must be the human-readable value, not an option code.

Rules:
- For MCQ fields, map any letter codes in the Responses (case-insensitive) to the corresponding option text from the Questions schema, and output only that text. Do NOT include the letter or both.
  Example: If the schema is ""[MCQ: A. Abnormal B. Inconclusive C. Normal]"" and the response is ""a"", output ""Abnormal"".
- For open-ended fields, output the exact text value.
- If the question asks for a count, provide only the number (e.g., ""42"").
- If the question asks for a list of names or IDs, provide a simple comma-separated list (e.g., ""17, 21, 23"").
- Preserve capitalization exactly as in the schema (e.g., output ""Abnormal"", not ""abnormal"" or ""A"").

For respondent 66, what is the value for 'Restlessness' in the 'Anxiety Symptoms Frequency' category?",,
case_16,answer_lookup,What is the happiness level for respondent 127?,"@prefix : <http://example.org/survey#> .
@prefix pred: <http://example.org/predicate#> .
@prefix qg: <http://example.org/question_group#> .

# Questions
:QYear_of_birth pred:Text ""What is your date of birth? [Open-ended]"" .
:QGender pred:Text ""What is your gender? [MCQ: 1. Male 2. Female]"" .
:QSocio_economic_status pred:Text ""What is the socio-economic status of your home? [Likert 1–6: 1 = Very low, 6 = Very high]"" .
:QEthnic_identity pred:Text ""According to your culture, people, or physical features, you are or are recognized as: [MCQ: 1. Indigenous 2. Gypsy 3. Raizal from San Andres, Providencia and Santa Catalina Archipelago 4. Palenquero from San Basilio 5. Black, mulatto (Afro-descendant), Afro-Colombian 6. None of the above]"" .

:QGParental_Education pred:BaseQuestion ""How many years of education did your parents receive? [Open-ended]"" ;
    qg:hasSubQuestion :QParental_Education_Father, :QParental_Education_Mother .
:QParental_Education_Father pred:Text ""Father?"" .
:QParental_Education_Mother pred:Text ""Mother?"" .

:QLife_satisfaction pred:Text ""In general, how satisfied are you with all aspects of your life? [Likert 0–10: 0 = Not satisfied, 10 = Totally satisfied]"" .
:QHappiness pred:Text ""How happy did you feel yesterday? [Likert 0–10: 0 = At no time, 10 = All the time]"" .
:QLaughter pred:Text ""How much did you laugh yesterday? [Likert 0–10: 0 = At no time, 10 = All the time]"" .
:QLearning pred:Text ""Did you learn new or exciting things yesterday? [Likert 0–10: 0 = At no time, 10 = All the time]"" .
:QEnjoyment pred:Text ""How much did you enjoy the activities you did yesterday? [Likert 0–10: 0 = At no time, 10 = All the time]"" .
:QWorry pred:Text ""How worried did you feel yesterday? [Likert 0–10: 0 = At no time, 10 = All the time]"" .
:QDepression pred:Text ""How depressed did you feel yesterday? [Likert 0–10: 0 = At no time, 10 = All the time]"" .
:QAnger pred:Text ""How angry did you feel yesterday? [Likert 0–10: 0 = At no time, 10 = All the time]"" .
:QStress pred:Text ""How much stress did you feel yesterday? [Likert 0–10: 0 = At no time, 10 = All the time]"" .
:QLoneliness pred:Text ""How lonely or unsupported did you feel yesterday? [Likert 0–10: 0 = At no time, 10 = All the time]"" .

:QGEmotional_Regulation_Frequency pred:BaseQuestion ""Next, you will be asked questions about your emotional state. Please answer on a scale of 0 to 4, where 0 is never, 1 is 'almost never', 2 is 'sometimes', 3 is 'fairly often', and 4 is 'very often', how often you experienced the following feelings during the last month: [Likert 0–4]"" ;
    qg:hasSubQuestion :QEmotional_Regulation_Frequency_Upset_by_Unexpected_Events,
                      :QEmotional_Regulation_Frequency_Unable_to_Control_Important_Things,
                      :QEmotional_Regulation_Frequency_Nervous_and_Stressed,
                      :QEmotional_Regulation_Frequency_Lacked_Confidence_Handling_Problems,
                      :QEmotional_Regulation_Frequency_Things_Going_Your_Way,
                      :QEmotional_Regulation_Frequency_Unable_to_Cope,
                      :QEmotional_Regulation_Frequency_Irritated_by_Life,
                      :QEmotional_Regulation_Frequency_On_Top_of_Things,
                      :QEmotional_Regulation_Frequency_Angered_by_Uncontrollable_Events,
                      :QEmotional_Regulation_Frequency_Felt_Overwhelmed .

:QEmotional_Regulation_Frequency_Upset_by_Unexpected_Events pred:Text ""how often have you been upset because of something that happened unexpectedly?"" .
:QEmotional_Regulation_Frequency_Unable_to_Control_Important_Things pred:Text ""how often have you felt that you were unable to control the important things in your life?"" .
:QEmotional_Regulation_Frequency_Nervous_and_Stressed pred:Text ""how often have you felt nervous and stressed?"" .
:QEmotional_Regulation_Frequency_Lacked_Confidence_Handling_Problems pred:Text ""how often have you felt confident about your ability to handle your personal problems?"" .
:QEmotional_Regulation_Frequency_Things_Going_Your_Way pred:Text ""how often have you felt that things were going your way?"" .
:QEmotional_Regulation_Frequency_Unable_to_Cope pred:Text ""how often have you found that you could not cope with all the things that you had to do?"" .
:QEmotional_Regulation_Frequency_Irritated_by_Life pred:Text ""how often have you been able to control irritations in your life?"" .
:QEmotional_Regulation_Frequency_On_Top_of_Things pred:Text ""how often have you felt that you were on top of things?"" .
:QEmotional_Regulation_Frequency_Angered_by_Uncontrollable_Events pred:Text ""how often have you been angered because of things that happened that were outside of your control?"" .
:QEmotional_Regulation_Frequency_Felt_Overwhelmed pred:Text ""how often have you felt difficulties were piling up so high that you could not overcome them?"" .

:QGAnxiety_Symptoms_Frequency pred:BaseQuestion ""Next, you will be asked questions about your emotional state. Please answer on a scale of 0 to 3, where 0 is 'Not at all', 1 is 'several days', 2 is 'more than half of the days', and 3 is 'Nearly every day'. Over the last two weeks, how often have you been bothered by the following problems? [Likert 0–3]"" ;
    qg:hasSubQuestion :QAnxiety_Symptoms_Frequency_Feeling_Nervous_or_On_Edge,
                      :QAnxiety_Symptoms_Frequency_Uncontrollable_Worrying,
                      :QAnxiety_Symptoms_Frequency_Excessive_Worry,
                      :QAnxiety_Symptoms_Frequency_Trouble_Relaxing,
                      :QAnxiety_Symptoms_Frequency_Restlessness,
                      :QAnxiety_Symptoms_Frequency_Irritability,
                      :QAnxiety_Symptoms_Frequency_Fear_Something_Awful_Might_Happen .

:QAnxiety_Symptoms_Frequency_Feeling_Nervous_or_On_Edge pred:Text ""Feeling nervous, anxious, or on edge"" .
:QAnxiety_Symptoms_Frequency_Uncontrollable_Worrying pred:Text ""Not being able to stop or control worrying"" .
:QAnxiety_Symptoms_Frequency_Excessive_Worry pred:Text ""Worrying too much about different things"" .
:QAnxiety_Symptoms_Frequency_Trouble_Relaxing pred:Text ""Trouble relaxing"" .
:QAnxiety_Symptoms_Frequency_Restlessness pred:Text ""Being so restless that it is hard to sit still"" .
:QAnxiety_Symptoms_Frequency_Irritability pred:Text ""Becoming easily annoyed or irritable"" .
:QAnxiety_Symptoms_Frequency_Fear_Something_Awful_Might_Happen pred:Text ""Feeling afraid, as if something awful might happen"" .

:QGDepressive_Symptoms_Frequency pred:BaseQuestion ""Next, you will be asked questions about your emotional state. Please answer on a scale of 0 to 3, where 0 is 'Not at all', 1 is 'several days', 2 is 'more than half of the days', and 3 is 'Nearly every day'. Over the last two weeks, how often have you been bothered by the following problems?"" ;
    qg:hasSubQuestion :QDepressive_Symptoms_Frequency_Anhedonia,
                      :QDepressive_Symptoms_Frequency_Depressed_Mood,
                      :QDepressive_Symptoms_Frequency_Sleep_Problems,
                      :QDepressive_Symptoms_Frequency_Fatigue,
                      :QDepressive_Symptoms_Frequency_Appetite_Changes,
                      :QDepressive_Symptoms_Frequency_Feelings_of_Worthlessness,
                      :QDepressive_Symptoms_Frequency_Concentration_Difficulties,
                      :QDepressive_Symptoms_Frequency_Psychomotor_Changes,
                      :QDepressive_Symptoms_Frequency_Suicidal_Thoughts .

:QDepressive_Symptoms_Frequency_Anhedonia pred:Text ""Little interest or pleasure in doing things"" .
:QDepressive_Symptoms_Frequency_Depressed_Mood pred:Text ""Feeling down, depressed, or hopeless"" .
:QDepressive_Symptoms_Frequency_Sleep_Problems pred:Text ""Trouble falling or staying asleep, or sleeping too much"" .
:QDepressive_Symptoms_Frequency_Fatigue pred:Text ""Feeling tired or having little energy"" .
:QDepressive_Symptoms_Frequency_Appetite_Changes pred:Text ""Poor appetite or overeating"" .
:QDepressive_Symptoms_Frequency_Feelings_of_Worthlessness pred:Text ""Feeling bad about yourself or that you are a failure or have let yourself or your family down"" .
:QDepressive_Symptoms_Frequency_Concentration_Difficulties pred:Text ""Trouble concentrating on things, such as reading the newspaper or watching television"" .
:QDepressive_Symptoms_Frequency_Psychomotor_Changes pred:Text ""Moving or speaking so slowly that other people could have noticed. Or the opposite — being so fidgety or restless that you have been moving around a lot more than usual"" .
:QDepressive_Symptoms_Frequency_Suicidal_Thoughts pred:Text ""Thoughts that you would be better off dead, or of hurting yourself"" .

# Responses
:Respondent127 pred:Year_of_birth 2002.0 ;
     pred:Gender 1.0 ;
     pred:Socio_economic_status 2.0 ;
     pred:Ethnic_identity 6.0 .

:Respondent127_Parental_Education
                       pred:Father 16.0 ;
                       pred:Mother 11.0 .
:Respondent127 pred:hasGroupResponse :Respondent127_Parental_Education .

:Respondent127 pred:Life_satisfaction 6.0 ;
     pred:Happiness 3.0 ;
     pred:Laughter 6.0 ;
     pred:Learning 3.0 ;
     pred:Enjoyment 5.0 ;
     pred:Worry 3.0 ;
     pred:Depression 3.0 ;
     pred:Anger 3.0 ;
     pred:Stress 3.0 ;
     pred:Loneliness 8.0 .

:Respondent127_Emotional_Regulation_Frequency
                                   pred:Upset_by_Unexpected_Events 2.0 ;
                                   pred:Unable_to_Control_Important_Things 3.0 ;
                                   pred:Lacked_Confidence_Handling_Problems 1.0 ;
                                   pred:Unable_to_Cope 3.0 ;
                                   pred:Irritated_by_Life 1.0 ;
                                   pred:On_Top_of_Things 1.0 .
:Respondent127 pred:hasGroupResponse :Respondent127_Emotional_Regulation_Frequency .

:Respondent127_Anxiety_Symptoms_Frequency
                               pred:Feeling_Nervous_or_On_Edge 3.0 ;
                               pred:Trouble_Relaxing 3.0 ;
                               pred:Restlessness 3.0 ;
                               pred:Irritability 3.0 ;
                               pred:Fear_Something_Awful_Might_Happen 3.0 .
:Respondent127 pred:hasGroupResponse :Respondent127_Anxiety_Symptoms_Frequency .

:Respondent127_Depressive_Symptoms_Frequency
                                  pred:Anhedonia 3.0 ;
                                  pred:Sleep_Problems 3.0 ;
                                  pred:Fatigue 3.0 ;
                                  pred:Appetite_Changes 3.0 ;
                                  pred:Feelings_of_Worthlessness 3.0 ;
                                  pred:Concentration_Difficulties 3.0 ;
                                  pred:Suicidal_Thoughts 2.0 .
:Respondent127 pred:hasGroupResponse :Respondent127_Depressive_Symptoms_Frequency .

:Respondent17 pred:Year_of_birth 2004.0 ;
     pred:Gender 1.0 ;
     pred:Socio_economic_status 3.0 ;
     pred:Ethnic_identity 6.0 .

:Respondent17_Parental_Education
                       pred:Mother 21.0 .
:Respondent17 pred:hasGroupResponse :Respondent17_Parental_Education .

:Respondent17 pred:Life_satisfaction 6.0 ;
     pred:Happiness 4.0 ;
     pred:Laughter 2.0 ;
     pred:Learning 7.0 ;
     pred:Enjoyment 5.0 ;
     pred:Worry 1.0 ;
     pred:Depression 1.0 ;
     pred:Anger 1.0 ;
     pred:Stress 3.0 ;
     pred:Loneliness 10.0 .

:Respondent17_Emotional_Regulation_Frequency
                                   pred:Upset_by_Unexpected_Events 2.0 ;
                                   pred:Unable_to_Control_Important_Things 2.0 ;
                                   pred:Lacked_Confidence_Handling_Problems 1.0 ;
                                   pred:Unable_to_Cope 3.0 ;
                                   pred:Irritated_by_Life 2.0 ;
                                   pred:On_Top_of_Things 1.0 .
:Respondent17 pred:hasGroupResponse :Respondent17_Emotional_Regulation_Frequency .

:Respondent17_Anxiety_Symptoms_Frequency
                               pred:Feeling_Nervous_or_On_Edge 1.0 ;
                               pred:Trouble_Relaxing 1.0 ;
                               pred:Restlessness 1.0 ;
                               pred:Irritability 1.0 ;
                               pred:Fear_Something_Awful_Might_Happen 1.0 .
:Respondent17 pred:hasGroupResponse :Respondent17_Anxiety_Symptoms_Frequency .

:Respondent17_Depressive_Symptoms_Frequency
                                  pred:Anhedonia 1.0 ;
                                  pred:Sleep_Problems 0.0 ;
                                  pred:Fatigue 2.0 ;
                                  pred:Appetite_Changes 2.0 ;
                                  pred:Feelings_of_Worthlessness 2.0 ;
                                  pred:Concentration_Difficulties 1.0 ;
                                  pred:Suicidal_Thoughts 0.0 .
:Respondent17 pred:hasGroupResponse :Respondent17_Depressive_Symptoms_Frequency .

:Respondent125 pred:Year_of_birth 2002.0 ;
     pred:Gender 1.0 ;
     pred:Socio_economic_status 1.0 ;
     pred:Ethnic_identity 6.0 .

:Respondent125_Parental_Education
                       pred:Father 11.0 ;
                       pred:Mother 11.0 .
:Respondent125 pred:hasGroupResponse :Respondent125_Parental_Education .

:Respondent125 pred:Life_satisfaction 7.0 ;
     pred:Happiness 6.0 ;
     pred:Laughter 5.0 ;
     pred:Learning 9.0 ;
     pred:Enjoyment 8.0 ;
     pred:Worry 1.0 ;
     pred:Depression 0.0 ;
     pred:Anger 2.0 ;
     pred:Stress 3.0 ;
     pred:Loneliness 10.0 .

:Respondent125_Emotional_Regulation_Frequency
                                   pred:Upset_by_Unexpected_Events 3.0 ;
                                   pred:Unable_to_Control_Important_Things 1.0 ;
                                   pred:Lacked_Confidence_Handling_Problems 3.0 ;
                                   pred:Unable_to_Cope 1.0 ;
                                   pred:Irritated_by_Life 3.0 ;
                                   pred:On_Top_of_Things 3.0 .
:Respondent125 pred:hasGroupResponse :Respondent125_Emotional_Regulation_Frequency .

:Respondent125_Anxiety_Symptoms_Frequency
                               pred:Feeling_Nervous_or_On_Edge 0.0 ;
                               pred:Trouble_Relaxing 0.0 ;
                               pred:Restlessness 1.0 ;
                               pred:Irritability 1.0 ;
                               pred:Fear_Something_Awful_Might_Happen 0.0 .
:Respondent125 pred:hasGroupResponse :Respondent125_Anxiety_Symptoms_Frequency .

:Respondent125_Depressive_Symptoms_Frequency
                                  pred:Anhedonia 0.0 ;
                                  pred:Sleep_Problems 1.0 ;
                                  pred:Fatigue 0.0 ;
                                  pred:Appetite_Changes 0.0 ;
                                  pred:Feelings_of_Worthlessness 0.0 ;
                                  pred:Concentration_Difficulties 2.0 ;
                                  pred:Suicidal_Thoughts 0.0 .
:Respondent125 pred:hasGroupResponse :Respondent125_Depressive_Symptoms_Frequency .
",3.0,"For respondent 129, what is the value for 'Appetite Changes' in the 'Depressive Symptoms Frequency' category?

DATA:

@prefix : <http://example.org/survey#> .
@prefix pred: <http://example.org/predicate#> .
@prefix qg: <http://example.org/question_group#> .

# Questions
:QYear_of_birth pred:Text ""What is your date of birth? [Open-ended]"" .
:QGender pred:Text ""What is your gender? [MCQ: 1. Male 2. Female]"" .
:QSocio_economic_status pred:Text ""What is the socio-economic status of your home? [Likert 1–6: 1 = Very low, 6 = Very high]"" .
:QEthnic_identity pred:Text ""According to your culture, people, or physical features, you are or are recognized as: [MCQ: 1. Indigenous 2. Gypsy 3. Raizal from San Andres, Providencia and Santa Catalina Archipelago 4. Palenquero from San Basilio 5. Black, mulatto (Afro-descendant), Afro-Colombian 6. None of the above]"" .

:QGParental_Education pred:BaseQuestion ""How many years of education did your parents receive? [Open-ended]"" ;
    qg:hasSubQuestion :QParental_Education_Father, :QParental_Education_Mother .
:QParental_Education_Father pred:Text ""Father?"" .
:QParental_Education_Mother pred:Text ""Mother?"" .

:QLife_satisfaction pred:Text ""In general, how satisfied are you with all aspects of your life? [Likert 0–10: 0 = Not satisfied, 10 = Totally satisfied]"" .
:QHappiness pred:Text ""How happy did you feel yesterday? [Likert 0–10: 0 = At no time, 10 = All the time]"" .
:QLaughter pred:Text ""How much did you laugh yesterday? [Likert 0–10: 0 = At no time, 10 = All the time]"" .
:QLearning pred:Text ""Did you learn new or exciting things yesterday? [Likert 0–10: 0 = At no time, 10 = All the time]"" .
:QEnjoyment pred:Text ""How much did you enjoy the activities you did yesterday? [Likert 0–10: 0 = At no time, 10 = All the time]"" .
:QWorry pred:Text ""How worried did you feel yesterday? [Likert 0–10: 0 = At no time, 10 = All the time]"" .
:QDepression pred:Text ""How depressed did you feel yesterday? [Likert 0–10: 0 = At no time, 10 = All the time]"" .
:QAnger pred:Text ""How angry did you feel yesterday? [Likert 0–10: 0 = At no time, 10 = All the time]"" .
:QStress pred:Text ""How much stress did you feel yesterday? [Likert 0–10: 0 = At no time, 10 = All the time]"" .
:QLoneliness pred:Text ""How lonely or unsupported did you feel yesterday? [Likert 0–10: 0 = At no time, 10 = All the time]"" .

:QGEmotional_Regulation_Frequency pred:BaseQuestion ""Next, you will be asked questions about your emotional state. Please answer on a scale of 0 to 4, where 0 is never, 1 is 'almost never', 2 is 'sometimes', 3 is 'fairly often', and 4 is 'very often', how often you experienced the following feelings during the last month: [Likert 0–4]"" ;
    qg:hasSubQuestion :QEmotional_Regulation_Frequency_Upset_by_Unexpected_Events,
                      :QEmotional_Regulation_Frequency_Unable_to_Control_Important_Things,
                      :QEmotional_Regulation_Frequency_Nervous_and_Stressed,
                      :QEmotional_Regulation_Frequency_Lacked_Confidence_Handling_Problems,
                      :QEmotional_Regulation_Frequency_Things_Going_Your_Way,
                      :QEmotional_Regulation_Frequency_Unable_to_Cope,
                      :QEmotional_Regulation_Frequency_Irritated_by_Life,
                      :QEmotional_Regulation_Frequency_On_Top_of_Things,
                      :QEmotional_Regulation_Frequency_Angered_by_Uncontrollable_Events,
                      :QEmotional_Regulation_Frequency_Felt_Overwhelmed .

:QEmotional_Regulation_Frequency_Upset_by_Unexpected_Events pred:Text ""how often have you been upset because of something that happened unexpectedly?"" .
:QEmotional_Regulation_Frequency_Unable_to_Control_Important_Things pred:Text ""how often have you felt that you were unable to control the important things in your life?"" .
:QEmotional_Regulation_Frequency_Nervous_and_Stressed pred:Text ""how often have you felt nervous and stressed?"" .
:QEmotional_Regulation_Frequency_Lacked_Confidence_Handling_Problems pred:Text ""how often have you felt confident about your ability to handle your personal problems?"" .
:QEmotional_Regulation_Frequency_Things_Going_Your_Way pred:Text ""how often have you felt that things were going your way?"" .
:QEmotional_Regulation_Frequency_Unable_to_Cope pred:Text ""how often have you found that you could not cope with all the things that you had to do?"" .
:QEmotional_Regulation_Frequency_Irritated_by_Life pred:Text ""how often have you been able to control irritations in your life?"" .
:QEmotional_Regulation_Frequency_On_Top_of_Things pred:Text ""how often have you felt that you were on top of things?"" .
:QEmotional_Regulation_Frequency_Angered_by_Uncontrollable_Events pred:Text ""how often have you been angered because of things that happened that were outside of your control?"" .
:QEmotional_Regulation_Frequency_Felt_Overwhelmed pred:Text ""how often have you felt difficulties were piling up so high that you could not overcome them?"" .

:QGAnxiety_Symptoms_Frequency pred:BaseQuestion ""Next, you will be asked questions about your emotional state. Please answer on a scale of 0 to 3, where 0 is 'Not at all', 1 is 'several days', 2 is 'more than half of the days', and 3 is 'Nearly every day'. Over the last two weeks, how often have you been bothered by the following problems? [Likert 0–3]"" ;
    qg:hasSubQuestion :QAnxiety_Symptoms_Frequency_Feeling_Nervous_or_On_Edge,
                      :QAnxiety_Symptoms_Frequency_Uncontrollable_Worrying,
                      :QAnxiety_Symptoms_Frequency_Excessive_Worry,
                      :QAnxiety_Symptoms_Frequency_Trouble_Relaxing,
                      :QAnxiety_Symptoms_Frequency_Restlessness,
                      :QAnxiety_Symptoms_Frequency_Irritability,
                      :QAnxiety_Symptoms_Frequency_Fear_Something_Awful_Might_Happen .

:QAnxiety_Symptoms_Frequency_Feeling_Nervous_or_On_Edge pred:Text ""Feeling nervous, anxious, or on edge"" .
:QAnxiety_Symptoms_Frequency_Uncontrollable_Worrying pred:Text ""Not being able to stop or control worrying"" .
:QAnxiety_Symptoms_Frequency_Excessive_Worry pred:Text ""Worrying too much about different things"" .
:QAnxiety_Symptoms_Frequency_Trouble_Relaxing pred:Text ""Trouble relaxing"" .
:QAnxiety_Symptoms_Frequency_Restlessness pred:Text ""Being so restless that it is hard to sit still"" .
:QAnxiety_Symptoms_Frequency_Irritability pred:Text ""Becoming easily annoyed or irritable"" .
:QAnxiety_Symptoms_Frequency_Fear_Something_Awful_Might_Happen pred:Text ""Feeling afraid, as if something awful might happen"" .

:QGDepressive_Symptoms_Frequency pred:BaseQuestion ""Next, you will be asked questions about your emotional state. Please answer on a scale of 0 to 3, where 0 is 'Not at all', 1 is 'several days', 2 is 'more than half of the days', and 3 is 'Nearly every day'. Over the last two weeks, how often have you been bothered by the following problems?"" ;
    qg:hasSubQuestion :QDepressive_Symptoms_Frequency_Anhedonia,
                      :QDepressive_Symptoms_Frequency_Depressed_Mood,
                      :QDepressive_Symptoms_Frequency_Sleep_Problems,
                      :QDepressive_Symptoms_Frequency_Fatigue,
                      :QDepressive_Symptoms_Frequency_Appetite_Changes,
                      :QDepressive_Symptoms_Frequency_Feelings_of_Worthlessness,
                      :QDepressive_Symptoms_Frequency_Concentration_Difficulties,
                      :QDepressive_Symptoms_Frequency_Psychomotor_Changes,
                      :QDepressive_Symptoms_Frequency_Suicidal_Thoughts .

:QDepressive_Symptoms_Frequency_Anhedonia pred:Text ""Little interest or pleasure in doing things"" .
:QDepressive_Symptoms_Frequency_Depressed_Mood pred:Text ""Feeling down, depressed, or hopeless"" .
:QDepressive_Symptoms_Frequency_Sleep_Problems pred:Text ""Trouble falling or staying asleep, or sleeping too much"" .
:QDepressive_Symptoms_Frequency_Fatigue pred:Text ""Feeling tired or having little energy"" .
:QDepressive_Symptoms_Frequency_Appetite_Changes pred:Text ""Poor appetite or overeating"" .
:QDepressive_Symptoms_Frequency_Feelings_of_Worthlessness pred:Text ""Feeling bad about yourself or that you are a failure or have let yourself or your family down"" .
:QDepressive_Symptoms_Frequency_Concentration_Difficulties pred:Text ""Trouble concentrating on things, such as reading the newspaper or watching television"" .
:QDepressive_Symptoms_Frequency_Psychomotor_Changes pred:Text ""Moving or speaking so slowly that other people could have noticed. Or the opposite — being so fidgety or restless that you have been moving around a lot more than usual"" .
:QDepressive_Symptoms_Frequency_Suicidal_Thoughts pred:Text ""Thoughts that you would be better off dead, or of hurting yourself"" .

# Responses
:Respondent73 pred:Year_of_birth 2005.0 ;
     pred:Gender 2.0 ;
     pred:Socio_economic_status 2.0 ;
     pred:Ethnic_identity 6.0 .

:Respondent73_Parental_Education
                       pred:Father 25.0 ;
                       pred:Mother 15.0 .
:Respondent73 pred:hasGroupResponse :Respondent73_Parental_Education .

:Respondent73 pred:Life_satisfaction 8.0 ;
     pred:Happiness 5.0 ;
     pred:Laughter 4.0 ;
     pred:Learning 5.0 ;
     pred:Enjoyment 5.0 ;
     pred:Worry 2.0 ;
     pred:Depression 1.0 ;
     pred:Anger 2.0 ;
     pred:Stress 4.0 ;
     pred:Loneliness 6.0 .

:Respondent73_Emotional_Regulation_Frequency
                                   pred:Upset_by_Unexpected_Events 2.0 ;
                                   pred:Unable_to_Control_Important_Things 2.0 ;
                                   pred:Lacked_Confidence_Handling_Problems 2.0 ;
                                   pred:Unable_to_Cope 2.0 ;
                                   pred:Irritated_by_Life 2.0 ;
                                   pred:On_Top_of_Things 2.0 .
:Respondent73 pred:hasGroupResponse :Respondent73_Emotional_Regulation_Frequency .

:Respondent73_Anxiety_Symptoms_Frequency
                               pred:Feeling_Nervous_or_On_Edge 2.0 ;
                               pred:Trouble_Relaxing 1.0 ;
                               pred:Restlessness 1.0 ;
                               pred:Irritability 2.0 ;
                               pred:Fear_Something_Awful_Might_Happen 2.0 .
:Respondent73 pred:hasGroupResponse :Respondent73_Anxiety_Symptoms_Frequency .

:Respondent73_Depressive_Symptoms_Frequency
                                  pred:Anhedonia 1.0 ;
                                  pred:Sleep_Problems 2.0 ;
                                  pred:Fatigue 1.0 ;
                                  pred:Appetite_Changes 1.0 ;
                                  pred:Feelings_of_Worthlessness 1.0 ;
                                  pred:Concentration_Difficulties 1.0 ;
                                  pred:Suicidal_Thoughts 0.0 .
:Respondent73 pred:hasGroupResponse :Respondent73_Depressive_Symptoms_Frequency .

:Respondent85 pred:Year_of_birth 2004.0 ;
     pred:Gender 2.0 ;
     pred:Socio_economic_status 3.0 ;
     pred:Ethnic_identity 6.0 .

:Respondent85_Parental_Education
                       pred:Father 18.0 .
:Respondent85 pred:hasGroupResponse :Respondent85_Parental_Education .

:Respondent85 pred:Life_satisfaction 5.0 ;
     pred:Happiness 6.0 ;
     pred:Laughter 6.0 ;
     pred:Learning 8.0 ;
     pred:Enjoyment 5.0 ;
     pred:Worry 1.0 ;
     pred:Depression 1.0 ;
     pred:Anger 2.0 ;
     pred:Stress 4.0 ;
     pred:Loneliness 1.0 .

:Respondent85_Emotional_Regulation_Frequency
                                   pred:Upset_by_Unexpected_Events 2.0 ;
                                   pred:Unable_to_Control_Important_Things 3.0 ;
                                   pred:Lacked_Confidence_Handling_Problems 2.0 ;
                                   pred:Unable_to_Cope 3.0 ;
                                   pred:Irritated_by_Life 3.0 ;
                                   pred:On_Top_of_Things 2.0 .
:Respondent85 pred:hasGroupResponse :Respondent85_Emotional_Regulation_Frequency .

:Respondent85_Anxiety_Symptoms_Frequency
                               pred:Feeling_Nervous_or_On_Edge 1.0 ;
                               pred:Trouble_Relaxing 1.0 ;
                               pred:Restlessness 0.0 ;
                               pred:Irritability 1.0 ;
                               pred:Fear_Something_Awful_Might_Happen 1.0 .
:Respondent85 pred:hasGroupResponse :Respondent85_Anxiety_Symptoms_Frequency .

:Respondent85_Depressive_Symptoms_Frequency
                                  pred:Anhedonia 2.0 ;
                                  pred:Sleep_Problems 2.0 ;
                                  pred:Fatigue 3.0 ;
                                  pred:Appetite_Changes 3.0 ;
                                  pred:Feelings_of_Worthlessness 1.0 ;
                                  pred:Concentration_Difficulties 1.0 ;
                                  pred:Suicidal_Thoughts 0.0 .
:Respondent85 pred:hasGroupResponse :Respondent85_Depressive_Symptoms_Frequency .

:Respondent129 pred:Year_of_birth 2001.0 ;
     pred:Gender 2.0 ;
     pred:Socio_economic_status 3.0 ;
     pred:Ethnic_identity 6.0 .

:Respondent129_Parental_Education
                       pred:Father 13.0 ;
                       pred:Mother 13.0 .
:Respondent129 pred:hasGroupResponse :Respondent129_Parental_Education .

:Respondent129 pred:Life_satisfaction 8.0 ;
     pred:Happiness 9.0 ;
     pred:Laughter 6.0 ;
     pred:Learning 5.0 ;
     pred:Enjoyment 6.0 ;
     pred:Worry 1.0 ;
     pred:Depression 1.0 ;
     pred:Anger 1.0 ;
     pred:Stress 3.0 ;
     pred:Loneliness 0.0 .

:Respondent129_Emotional_Regulation_Frequency
                                   pred:Upset_by_Unexpected_Events 1.0 ;
                                   pred:Unable_to_Control_Important_Things 1.0 ;
                                   pred:Lacked_Confidence_Handling_Problems 3.0 ;
                                   pred:Unable_to_Cope 2.0 ;
                                   pred:Irritated_by_Life 3.0 ;
                                   pred:On_Top_of_Things 2.0 .
:Respondent129 pred:hasGroupResponse :Respondent129_Emotional_Regulation_Frequency .

:Respondent129_Anxiety_Symptoms_Frequency
                               pred:Feeling_Nervous_or_On_Edge 1.0 ;
                               pred:Trouble_Relaxing 1.0 ;
                               pred:Restlessness 0.0 ;
                               pred:Irritability 0.0 ;
                               pred:Fear_Something_Awful_Might_Happen 0.0 .
:Respondent129 pred:hasGroupResponse :Respondent129_Anxiety_Symptoms_Frequency .

:Respondent129_Depressive_Symptoms_Frequency
                                  pred:Anhedonia 1.0 ;
                                  pred:Sleep_Problems 1.0 ;
                                  pred:Fatigue 2.0 ;
                                  pred:Appetite_Changes 2.0 ;
                                  pred:Feelings_of_Worthlessness 0.0 ;
                                  pred:Concentration_Difficulties 2.0 ;
                                  pred:Suicidal_Thoughts 0.0 .
:Respondent129 pred:hasGroupResponse :Respondent129_Depressive_Symptoms_Frequency .

Answer: 2.0

@prefix : <http://example.org/survey#> .
@prefix pred: <http://example.org/predicate#> .
@prefix qg: <http://example.org/question_group#> .

# Questions
:QYear_of_birth pred:Text ""What is your date of birth? [Open-ended]"" .
:QGender pred:Text ""What is your gender? [MCQ: 1. Male 2. Female]"" .
:QSocio_economic_status pred:Text ""What is the socio-economic status of your home? [Likert 1–6: 1 = Very low, 6 = Very high]"" .
:QEthnic_identity pred:Text ""According to your culture, people, or physical features, you are or are recognized as: [MCQ: 1. Indigenous 2. Gypsy 3. Raizal from San Andres, Providencia and Santa Catalina Archipelago 4. Palenquero from San Basilio 5. Black, mulatto (Afro-descendant), Afro-Colombian 6. None of the above]"" .

:QGParental_Education pred:BaseQuestion ""How many years of education did your parents receive? [Open-ended]"" ;
    qg:hasSubQuestion :QParental_Education_Father, :QParental_Education_Mother .
:QParental_Education_Father pred:Text ""Father?"" .
:QParental_Education_Mother pred:Text ""Mother?"" .

:QLife_satisfaction pred:Text ""In general, how satisfied are you with all aspects of your life? [Likert 0–10: 0 = Not satisfied, 10 = Totally satisfied]"" .
:QHappiness pred:Text ""How happy did you feel yesterday? [Likert 0–10: 0 = At no time, 10 = All the time]"" .
:QLaughter pred:Text ""How much did you laugh yesterday? [Likert 0–10: 0 = At no time, 10 = All the time]"" .
:QLearning pred:Text ""Did you learn new or exciting things yesterday? [Likert 0–10: 0 = At no time, 10 = All the time]"" .
:QEnjoyment pred:Text ""How much did you enjoy the activities you did yesterday? [Likert 0–10: 0 = At no time, 10 = All the time]"" .
:QWorry pred:Text ""How worried did you feel yesterday? [Likert 0–10: 0 = At no time, 10 = All the time]"" .
:QDepression pred:Text ""How depressed did you feel yesterday? [Likert 0–10: 0 = At no time, 10 = All the time]"" .
:QAnger pred:Text ""How angry did you feel yesterday? [Likert 0–10: 0 = At no time, 10 = All the time]"" .
:QStress pred:Text ""How much stress did you feel yesterday? [Likert 0–10: 0 = At no time, 10 = All the time]"" .
:QLoneliness pred:Text ""How lonely or unsupported did you feel yesterday? [Likert 0–10: 0 = At no time, 10 = All the time]"" .

:QGEmotional_Regulation_Frequency pred:BaseQuestion ""Next, you will be asked questions about your emotional state. Please answer on a scale of 0 to 4, where 0 is never, 1 is 'almost never', 2 is 'sometimes', 3 is 'fairly often', and 4 is 'very often', how often you experienced the following feelings during the last month: [Likert 0–4]"" ;
    qg:hasSubQuestion :QEmotional_Regulation_Frequency_Upset_by_Unexpected_Events,
                      :QEmotional_Regulation_Frequency_Unable_to_Control_Important_Things,
                      :QEmotional_Regulation_Frequency_Nervous_and_Stressed,
                      :QEmotional_Regulation_Frequency_Lacked_Confidence_Handling_Problems,
                      :QEmotional_Regulation_Frequency_Things_Going_Your_Way,
                      :QEmotional_Regulation_Frequency_Unable_to_Cope,
                      :QEmotional_Regulation_Frequency_Irritated_by_Life,
                      :QEmotional_Regulation_Frequency_On_Top_of_Things,
                      :QEmotional_Regulation_Frequency_Angered_by_Uncontrollable_Events,
                      :QEmotional_Regulation_Frequency_Felt_Overwhelmed .

:QEmotional_Regulation_Frequency_Upset_by_Unexpected_Events pred:Text ""how often have you been upset because of something that happened unexpectedly?"" .
:QEmotional_Regulation_Frequency_Unable_to_Control_Important_Things pred:Text ""how often have you felt that you were unable to control the important things in your life?"" .
:QEmotional_Regulation_Frequency_Nervous_and_Stressed pred:Text ""how often have you felt nervous and stressed?"" .
:QEmotional_Regulation_Frequency_Lacked_Confidence_Handling_Problems pred:Text ""how often have you felt confident about your ability to handle your personal problems?"" .
:QEmotional_Regulation_Frequency_Things_Going_Your_Way pred:Text ""how often have you felt that things were going your way?"" .
:QEmotional_Regulation_Frequency_Unable_to_Cope pred:Text ""how often have you found that you could not cope with all the things that you had to do?"" .
:QEmotional_Regulation_Frequency_Irritated_by_Life pred:Text ""how often have you been able to control irritations in your life?"" .
:QEmotional_Regulation_Frequency_On_Top_of_Things pred:Text ""how often have you felt that you were on top of things?"" .
:QEmotional_Regulation_Frequency_Angered_by_Uncontrollable_Events pred:Text ""how often have you been angered because of things that happened that were outside of your control?"" .
:QEmotional_Regulation_Frequency_Felt_Overwhelmed pred:Text ""how often have you felt difficulties were piling up so high that you could not overcome them?"" .

:QGAnxiety_Symptoms_Frequency pred:BaseQuestion ""Next, you will be asked questions about your emotional state. Please answer on a scale of 0 to 3, where 0 is 'Not at all', 1 is 'several days', 2 is 'more than half of the days', and 3 is 'Nearly every day'. Over the last two weeks, how often have you been bothered by the following problems? [Likert 0–3]"" ;
    qg:hasSubQuestion :QAnxiety_Symptoms_Frequency_Feeling_Nervous_or_On_Edge,
                      :QAnxiety_Symptoms_Frequency_Uncontrollable_Worrying,
                      :QAnxiety_Symptoms_Frequency_Excessive_Worry,
                      :QAnxiety_Symptoms_Frequency_Trouble_Relaxing,
                      :QAnxiety_Symptoms_Frequency_Restlessness,
                      :QAnxiety_Symptoms_Frequency_Irritability,
                      :QAnxiety_Symptoms_Frequency_Fear_Something_Awful_Might_Happen .

:QAnxiety_Symptoms_Frequency_Feeling_Nervous_or_On_Edge pred:Text ""Feeling nervous, anxious, or on edge"" .
:QAnxiety_Symptoms_Frequency_Uncontrollable_Worrying pred:Text ""Not being able to stop or control worrying"" .
:QAnxiety_Symptoms_Frequency_Excessive_Worry pred:Text ""Worrying too much about different things"" .
:QAnxiety_Symptoms_Frequency_Trouble_Relaxing pred:Text ""Trouble relaxing"" .
:QAnxiety_Symptoms_Frequency_Restlessness pred:Text ""Being so restless that it is hard to sit still"" .
:QAnxiety_Symptoms_Frequency_Irritability pred:Text ""Becoming easily annoyed or irritable"" .
:QAnxiety_Symptoms_Frequency_Fear_Something_Awful_Might_Happen pred:Text ""Feeling afraid, as if something awful might happen"" .

:QGDepressive_Symptoms_Frequency pred:BaseQuestion ""Next, you will be asked questions about your emotional state. Please answer on a scale of 0 to 3, where 0 is 'Not at all', 1 is 'several days', 2 is 'more than half of the days', and 3 is 'Nearly every day'. Over the last two weeks, how often have you been bothered by the following problems?"" ;
    qg:hasSubQuestion :QDepressive_Symptoms_Frequency_Anhedonia,
                      :QDepressive_Symptoms_Frequency_Depressed_Mood,
                      :QDepressive_Symptoms_Frequency_Sleep_Problems,
                      :QDepressive_Symptoms_Frequency_Fatigue,
                      :QDepressive_Symptoms_Frequency_Appetite_Changes,
                      :QDepressive_Symptoms_Frequency_Feelings_of_Worthlessness,
                      :QDepressive_Symptoms_Frequency_Concentration_Difficulties,
                      :QDepressive_Symptoms_Frequency_Psychomotor_Changes,
                      :QDepressive_Symptoms_Frequency_Suicidal_Thoughts .

:QDepressive_Symptoms_Frequency_Anhedonia pred:Text ""Little interest or pleasure in doing things"" .
:QDepressive_Symptoms_Frequency_Depressed_Mood pred:Text ""Feeling down, depressed, or hopeless"" .
:QDepressive_Symptoms_Frequency_Sleep_Problems pred:Text ""Trouble falling or staying asleep, or sleeping too much"" .
:QDepressive_Symptoms_Frequency_Fatigue pred:Text ""Feeling tired or having little energy"" .
:QDepressive_Symptoms_Frequency_Appetite_Changes pred:Text ""Poor appetite or overeating"" .
:QDepressive_Symptoms_Frequency_Feelings_of_Worthlessness pred:Text ""Feeling bad about yourself or that you are a failure or have let yourself or your family down"" .
:QDepressive_Symptoms_Frequency_Concentration_Difficulties pred:Text ""Trouble concentrating on things, such as reading the newspaper or watching television"" .
:QDepressive_Symptoms_Frequency_Psychomotor_Changes pred:Text ""Moving or speaking so slowly that other people could have noticed. Or the opposite — being so fidgety or restless that you have been moving around a lot more than usual"" .
:QDepressive_Symptoms_Frequency_Suicidal_Thoughts pred:Text ""Thoughts that you would be better off dead, or of hurting yourself"" .

# Responses
:Respondent127 pred:Year_of_birth 2002.0 ;
     pred:Gender 1.0 ;
     pred:Socio_economic_status 2.0 ;
     pred:Ethnic_identity 6.0 .

:Respondent127_Parental_Education
                       pred:Father 16.0 ;
                       pred:Mother 11.0 .
:Respondent127 pred:hasGroupResponse :Respondent127_Parental_Education .

:Respondent127 pred:Life_satisfaction 6.0 ;
     pred:Happiness 3.0 ;
     pred:Laughter 6.0 ;
     pred:Learning 3.0 ;
     pred:Enjoyment 5.0 ;
     pred:Worry 3.0 ;
     pred:Depression 3.0 ;
     pred:Anger 3.0 ;
     pred:Stress 3.0 ;
     pred:Loneliness 8.0 .

:Respondent127_Emotional_Regulation_Frequency
                                   pred:Upset_by_Unexpected_Events 2.0 ;
                                   pred:Unable_to_Control_Important_Things 3.0 ;
                                   pred:Lacked_Confidence_Handling_Problems 1.0 ;
                                   pred:Unable_to_Cope 3.0 ;
                                   pred:Irritated_by_Life 1.0 ;
                                   pred:On_Top_of_Things 1.0 .
:Respondent127 pred:hasGroupResponse :Respondent127_Emotional_Regulation_Frequency .

:Respondent127_Anxiety_Symptoms_Frequency
                               pred:Feeling_Nervous_or_On_Edge 3.0 ;
                               pred:Trouble_Relaxing 3.0 ;
                               pred:Restlessness 3.0 ;
                               pred:Irritability 3.0 ;
                               pred:Fear_Something_Awful_Might_Happen 3.0 .
:Respondent127 pred:hasGroupResponse :Respondent127_Anxiety_Symptoms_Frequency .

:Respondent127_Depressive_Symptoms_Frequency
                                  pred:Anhedonia 3.0 ;
                                  pred:Sleep_Problems 3.0 ;
                                  pred:Fatigue 3.0 ;
                                  pred:Appetite_Changes 3.0 ;
                                  pred:Feelings_of_Worthlessness 3.0 ;
                                  pred:Concentration_Difficulties 3.0 ;
                                  pred:Suicidal_Thoughts 2.0 .
:Respondent127 pred:hasGroupResponse :Respondent127_Depressive_Symptoms_Frequency .

:Respondent17 pred:Year_of_birth 2004.0 ;
     pred:Gender 1.0 ;
     pred:Socio_economic_status 3.0 ;
     pred:Ethnic_identity 6.0 .

:Respondent17_Parental_Education
                       pred:Mother 21.0 .
:Respondent17 pred:hasGroupResponse :Respondent17_Parental_Education .

:Respondent17 pred:Life_satisfaction 6.0 ;
     pred:Happiness 4.0 ;
     pred:Laughter 2.0 ;
     pred:Learning 7.0 ;
     pred:Enjoyment 5.0 ;
     pred:Worry 1.0 ;
     pred:Depression 1.0 ;
     pred:Anger 1.0 ;
     pred:Stress 3.0 ;
     pred:Loneliness 10.0 .

:Respondent17_Emotional_Regulation_Frequency
                                   pred:Upset_by_Unexpected_Events 2.0 ;
                                   pred:Unable_to_Control_Important_Things 2.0 ;
                                   pred:Lacked_Confidence_Handling_Problems 1.0 ;
                                   pred:Unable_to_Cope 3.0 ;
                                   pred:Irritated_by_Life 2.0 ;
                                   pred:On_Top_of_Things 1.0 .
:Respondent17 pred:hasGroupResponse :Respondent17_Emotional_Regulation_Frequency .

:Respondent17_Anxiety_Symptoms_Frequency
                               pred:Feeling_Nervous_or_On_Edge 1.0 ;
                               pred:Trouble_Relaxing 1.0 ;
                               pred:Restlessness 1.0 ;
                               pred:Irritability 1.0 ;
                               pred:Fear_Something_Awful_Might_Happen 1.0 .
:Respondent17 pred:hasGroupResponse :Respondent17_Anxiety_Symptoms_Frequency .

:Respondent17_Depressive_Symptoms_Frequency
                                  pred:Anhedonia 1.0 ;
                                  pred:Sleep_Problems 0.0 ;
                                  pred:Fatigue 2.0 ;
                                  pred:Appetite_Changes 2.0 ;
                                  pred:Feelings_of_Worthlessness 2.0 ;
                                  pred:Concentration_Difficulties 1.0 ;
                                  pred:Suicidal_Thoughts 0.0 .
:Respondent17 pred:hasGroupResponse :Respondent17_Depressive_Symptoms_Frequency .

:Respondent125 pred:Year_of_birth 2002.0 ;
     pred:Gender 1.0 ;
     pred:Socio_economic_status 1.0 ;
     pred:Ethnic_identity 6.0 .

:Respondent125_Parental_Education
                       pred:Father 11.0 ;
                       pred:Mother 11.0 .
:Respondent125 pred:hasGroupResponse :Respondent125_Parental_Education .

:Respondent125 pred:Life_satisfaction 7.0 ;
     pred:Happiness 6.0 ;
     pred:Laughter 5.0 ;
     pred:Learning 9.0 ;
     pred:Enjoyment 8.0 ;
     pred:Worry 1.0 ;
     pred:Depression 0.0 ;
     pred:Anger 2.0 ;
     pred:Stress 3.0 ;
     pred:Loneliness 10.0 .

:Respondent125_Emotional_Regulation_Frequency
                                   pred:Upset_by_Unexpected_Events 3.0 ;
                                   pred:Unable_to_Control_Important_Things 1.0 ;
                                   pred:Lacked_Confidence_Handling_Problems 3.0 ;
                                   pred:Unable_to_Cope 1.0 ;
                                   pred:Irritated_by_Life 3.0 ;
                                   pred:On_Top_of_Things 3.0 .
:Respondent125 pred:hasGroupResponse :Respondent125_Emotional_Regulation_Frequency .

:Respondent125_Anxiety_Symptoms_Frequency
                               pred:Feeling_Nervous_or_On_Edge 0.0 ;
                               pred:Trouble_Relaxing 0.0 ;
                               pred:Restlessness 1.0 ;
                               pred:Irritability 1.0 ;
                               pred:Fear_Something_Awful_Might_Happen 0.0 .
:Respondent125 pred:hasGroupResponse :Respondent125_Anxiety_Symptoms_Frequency .

:Respondent125_Depressive_Symptoms_Frequency
                                  pred:Anhedonia 0.0 ;
                                  pred:Sleep_Problems 1.0 ;
                                  pred:Fatigue 0.0 ;
                                  pred:Appetite_Changes 0.0 ;
                                  pred:Feelings_of_Worthlessness 0.0 ;
                                  pred:Concentration_Difficulties 2.0 ;
                                  pred:Suicidal_Thoughts 0.0 .
:Respondent125 pred:hasGroupResponse :Respondent125_Depressive_Symptoms_Frequency .

You are a meticulous data analyst AI. Your primary function is to accurately analyze structured data and provide precise, verifiable answers.

You will be given a dataset with two key parts:

A 'questions' section: This is your data dictionary or schema. It is the single source of truth for understanding what each field and score means. Refer to it carefully.

A 'responses' section: This contains the raw data from each individual respondent.

To answer the question correctly, you must first use the 'questions' schema to fully understand the context and meaning of the data points within the 'responses'. Do not rely on any prior knowledge outside of this provided data. Base your entire analysis on the information given.

Provide your final answer directly and concisely. Output must be the human-readable value, not an option code.

Rules:
- For MCQ fields, map any letter codes in the Responses (case-insensitive) to the corresponding option text from the Questions schema, and output only that text. Do NOT include the letter or both.
  Example: If the schema is ""[MCQ: A. Abnormal B. Inconclusive C. Normal]"" and the response is ""a"", output ""Abnormal"".
- For open-ended fields, output the exact text value.
- If the question asks for a count, provide only the number (e.g., ""42"").
- If the question asks for a list of names or IDs, provide a simple comma-separated list (e.g., ""17, 21, 23"").
- Preserve capitalization exactly as in the schema (e.g., output ""Abnormal"", not ""abnormal"" or ""A"").

What is the happiness level for respondent 127?",,
case_17,answer_lookup,"For respondent 94, what is the value for 'Concentration Difficulties' in the 'Depressive Symptoms Frequency' category?","@prefix : <http://example.org/survey#> .
@prefix pred: <http://example.org/predicate#> .
@prefix qg: <http://example.org/question_group#> .

# Questions
:QYear_of_birth pred:Text ""What is your date of birth? [Open-ended]"" .
:QGender pred:Text ""What is your gender? [MCQ: 1. Male 2. Female]"" .
:QSocio_economic_status pred:Text ""What is the socio-economic status of your home? [Likert 1–6: 1 = Very low, 6 = Very high]"" .
:QEthnic_identity pred:Text ""According to your culture, people, or physical features, you are or are recognized as: [MCQ: 1. Indigenous 2. Gypsy 3. Raizal from San Andres, Providencia and Santa Catalina Archipelago 4. Palenquero from San Basilio 5. Black, mulatto (Afro-descendant), Afro-Colombian 6. None of the above]"" .

:QGParental_Education pred:BaseQuestion ""How many years of education did your parents receive? [Open-ended]"" ;
    qg:hasSubQuestion :QParental_Education_Father, :QParental_Education_Mother .
:QParental_Education_Father pred:Text ""Father?"" .
:QParental_Education_Mother pred:Text ""Mother?"" .

:QLife_satisfaction pred:Text ""In general, how satisfied are you with all aspects of your life? [Likert 0–10: 0 = Not satisfied, 10 = Totally satisfied]"" .
:QHappiness pred:Text ""How happy did you feel yesterday? [Likert 0–10: 0 = At no time, 10 = All the time]"" .
:QLaughter pred:Text ""How much did you laugh yesterday? [Likert 0–10: 0 = At no time, 10 = All the time]"" .
:QLearning pred:Text ""Did you learn new or exciting things yesterday? [Likert 0–10: 0 = At no time, 10 = All the time]"" .
:QEnjoyment pred:Text ""How much did you enjoy the activities you did yesterday? [Likert 0–10: 0 = At no time, 10 = All the time]"" .
:QWorry pred:Text ""How worried did you feel yesterday? [Likert 0–10: 0 = At no time, 10 = All the time]"" .
:QDepression pred:Text ""How depressed did you feel yesterday? [Likert 0–10: 0 = At no time, 10 = All the time]"" .
:QAnger pred:Text ""How angry did you feel yesterday? [Likert 0–10: 0 = At no time, 10 = All the time]"" .
:QStress pred:Text ""How much stress did you feel yesterday? [Likert 0–10: 0 = At no time, 10 = All the time]"" .
:QLoneliness pred:Text ""How lonely or unsupported did you feel yesterday? [Likert 0–10: 0 = At no time, 10 = All the time]"" .

:QGEmotional_Regulation_Frequency pred:BaseQuestion ""Next, you will be asked questions about your emotional state. Please answer on a scale of 0 to 4, where 0 is never, 1 is 'almost never', 2 is 'sometimes', 3 is 'fairly often', and 4 is 'very often', how often you experienced the following feelings during the last month: [Likert 0–4]"" ;
    qg:hasSubQuestion :QEmotional_Regulation_Frequency_Upset_by_Unexpected_Events,
                      :QEmotional_Regulation_Frequency_Unable_to_Control_Important_Things,
                      :QEmotional_Regulation_Frequency_Nervous_and_Stressed,
                      :QEmotional_Regulation_Frequency_Lacked_Confidence_Handling_Problems,
                      :QEmotional_Regulation_Frequency_Things_Going_Your_Way,
                      :QEmotional_Regulation_Frequency_Unable_to_Cope,
                      :QEmotional_Regulation_Frequency_Irritated_by_Life,
                      :QEmotional_Regulation_Frequency_On_Top_of_Things,
                      :QEmotional_Regulation_Frequency_Angered_by_Uncontrollable_Events,
                      :QEmotional_Regulation_Frequency_Felt_Overwhelmed .

:QEmotional_Regulation_Frequency_Upset_by_Unexpected_Events pred:Text ""how often have you been upset because of something that happened unexpectedly?"" .
:QEmotional_Regulation_Frequency_Unable_to_Control_Important_Things pred:Text ""how often have you felt that you were unable to control the important things in your life?"" .
:QEmotional_Regulation_Frequency_Nervous_and_Stressed pred:Text ""how often have you felt nervous and stressed?"" .
:QEmotional_Regulation_Frequency_Lacked_Confidence_Handling_Problems pred:Text ""how often have you felt confident about your ability to handle your personal problems?"" .
:QEmotional_Regulation_Frequency_Things_Going_Your_Way pred:Text ""how often have you felt that things were going your way?"" .
:QEmotional_Regulation_Frequency_Unable_to_Cope pred:Text ""how often have you found that you could not cope with all the things that you had to do?"" .
:QEmotional_Regulation_Frequency_Irritated_by_Life pred:Text ""how often have you been able to control irritations in your life?"" .
:QEmotional_Regulation_Frequency_On_Top_of_Things pred:Text ""how often have you felt that you were on top of things?"" .
:QEmotional_Regulation_Frequency_Angered_by_Uncontrollable_Events pred:Text ""how often have you been angered because of things that happened that were outside of your control?"" .
:QEmotional_Regulation_Frequency_Felt_Overwhelmed pred:Text ""how often have you felt difficulties were piling up so high that you could not overcome them?"" .

:QGAnxiety_Symptoms_Frequency pred:BaseQuestion ""Next, you will be asked questions about your emotional state. Please answer on a scale of 0 to 3, where 0 is 'Not at all', 1 is 'several days', 2 is 'more than half of the days', and 3 is 'Nearly every day'. Over the last two weeks, how often have you been bothered by the following problems? [Likert 0–3]"" ;
    qg:hasSubQuestion :QAnxiety_Symptoms_Frequency_Feeling_Nervous_or_On_Edge,
                      :QAnxiety_Symptoms_Frequency_Uncontrollable_Worrying,
                      :QAnxiety_Symptoms_Frequency_Excessive_Worry,
                      :QAnxiety_Symptoms_Frequency_Trouble_Relaxing,
                      :QAnxiety_Symptoms_Frequency_Restlessness,
                      :QAnxiety_Symptoms_Frequency_Irritability,
                      :QAnxiety_Symptoms_Frequency_Fear_Something_Awful_Might_Happen .

:QAnxiety_Symptoms_Frequency_Feeling_Nervous_or_On_Edge pred:Text ""Feeling nervous, anxious, or on edge"" .
:QAnxiety_Symptoms_Frequency_Uncontrollable_Worrying pred:Text ""Not being able to stop or control worrying"" .
:QAnxiety_Symptoms_Frequency_Excessive_Worry pred:Text ""Worrying too much about different things"" .
:QAnxiety_Symptoms_Frequency_Trouble_Relaxing pred:Text ""Trouble relaxing"" .
:QAnxiety_Symptoms_Frequency_Restlessness pred:Text ""Being so restless that it is hard to sit still"" .
:QAnxiety_Symptoms_Frequency_Irritability pred:Text ""Becoming easily annoyed or irritable"" .
:QAnxiety_Symptoms_Frequency_Fear_Something_Awful_Might_Happen pred:Text ""Feeling afraid, as if something awful might happen"" .

:QGDepressive_Symptoms_Frequency pred:BaseQuestion ""Next, you will be asked questions about your emotional state. Please answer on a scale of 0 to 3, where 0 is 'Not at all', 1 is 'several days', 2 is 'more than half of the days', and 3 is 'Nearly every day'. Over the last two weeks, how often have you been bothered by the following problems?"" ;
    qg:hasSubQuestion :QDepressive_Symptoms_Frequency_Anhedonia,
                      :QDepressive_Symptoms_Frequency_Depressed_Mood,
                      :QDepressive_Symptoms_Frequency_Sleep_Problems,
                      :QDepressive_Symptoms_Frequency_Fatigue,
                      :QDepressive_Symptoms_Frequency_Appetite_Changes,
                      :QDepressive_Symptoms_Frequency_Feelings_of_Worthlessness,
                      :QDepressive_Symptoms_Frequency_Concentration_Difficulties,
                      :QDepressive_Symptoms_Frequency_Psychomotor_Changes,
                      :QDepressive_Symptoms_Frequency_Suicidal_Thoughts .

:QDepressive_Symptoms_Frequency_Anhedonia pred:Text ""Little interest or pleasure in doing things"" .
:QDepressive_Symptoms_Frequency_Depressed_Mood pred:Text ""Feeling down, depressed, or hopeless"" .
:QDepressive_Symptoms_Frequency_Sleep_Problems pred:Text ""Trouble falling or staying asleep, or sleeping too much"" .
:QDepressive_Symptoms_Frequency_Fatigue pred:Text ""Feeling tired or having little energy"" .
:QDepressive_Symptoms_Frequency_Appetite_Changes pred:Text ""Poor appetite or overeating"" .
:QDepressive_Symptoms_Frequency_Feelings_of_Worthlessness pred:Text ""Feeling bad about yourself or that you are a failure or have let yourself or your family down"" .
:QDepressive_Symptoms_Frequency_Concentration_Difficulties pred:Text ""Trouble concentrating on things, such as reading the newspaper or watching television"" .
:QDepressive_Symptoms_Frequency_Psychomotor_Changes pred:Text ""Moving or speaking so slowly that other people could have noticed. Or the opposite — being so fidgety or restless that you have been moving around a lot more than usual"" .
:QDepressive_Symptoms_Frequency_Suicidal_Thoughts pred:Text ""Thoughts that you would be better off dead, or of hurting yourself"" .

# Responses
:Respondent94 pred:Year_of_birth 2003.0 ;
     pred:Gender 1.0 ;
     pred:Socio_economic_status 4.0 ;
     pred:Ethnic_identity 6.0 .

:Respondent94_Parental_Education
                       pred:Father 30.0 ;
                       pred:Mother 37.0 .
:Respondent94 pred:hasGroupResponse :Respondent94_Parental_Education .

:Respondent94 pred:Life_satisfaction 8.0 ;
     pred:Happiness 8.0 ;
     pred:Laughter 9.0 ;
     pred:Learning 10.0 ;
     pred:Enjoyment 7.0 ;
     pred:Worry 1.0 ;
     pred:Depression 0.0 ;
     pred:Anger 1.0 ;
     pred:Stress 4.0 ;
     pred:Loneliness 0.0 .

:Respondent94_Emotional_Regulation_Frequency
                                   pred:Upset_by_Unexpected_Events 1.0 ;
                                   pred:Unable_to_Control_Important_Things 3.0 ;
                                   pred:Lacked_Confidence_Handling_Problems 3.0 ;
                                   pred:Unable_to_Cope 2.0 ;
                                   pred:Irritated_by_Life 3.0 ;
                                   pred:On_Top_of_Things 3.0 .
:Respondent94 pred:hasGroupResponse :Respondent94_Emotional_Regulation_Frequency .

:Respondent94_Anxiety_Symptoms_Frequency
                               pred:Feeling_Nervous_or_On_Edge 3.0 ;
                               pred:Trouble_Relaxing 0.0 ;
                               pred:Restlessness 0.0 ;
                               pred:Irritability 1.0 ;
                               pred:Fear_Something_Awful_Might_Happen 0.0 .
:Respondent94 pred:hasGroupResponse :Respondent94_Anxiety_Symptoms_Frequency .

:Respondent94_Depressive_Symptoms_Frequency
                                  pred:Anhedonia 0.0 ;
                                  pred:Sleep_Problems 0.0 ;
                                  pred:Fatigue 2.0 ;
                                  pred:Appetite_Changes 3.0 ;
                                  pred:Feelings_of_Worthlessness 1.0 ;
                                  pred:Concentration_Difficulties 1.0 ;
                                  pred:Suicidal_Thoughts 0.0 .
:Respondent94 pred:hasGroupResponse :Respondent94_Depressive_Symptoms_Frequency .

:Respondent42 pred:Year_of_birth 2004.0 ;
     pred:Gender 2.0 ;
     pred:Socio_economic_status 5.0 ;
     pred:Ethnic_identity 5.0 .

:Respondent42_Parental_Education
                       pred:Father 19.0 ;
                       pred:Mother 28.0 .
:Respondent42 pred:hasGroupResponse :Respondent42_Parental_Education .

:Respondent42 pred:Life_satisfaction 7.0 ;
     pred:Happiness 4.0 ;
     pred:Laughter 9.0 ;
     pred:Learning 7.0 ;
     pred:Enjoyment 1.0 ;
     pred:Worry 3.0 ;
     pred:Depression 1.0 ;
     pred:Anger 3.0 ;
     pred:Stress 4.0 ;
     pred:Loneliness 10.0 .

:Respondent42_Emotional_Regulation_Frequency
                                   pred:Upset_by_Unexpected_Events 3.0 ;
                                   pred:Unable_to_Control_Important_Things 4.0 ;
                                   pred:Lacked_Confidence_Handling_Problems 2.0 ;
                                   pred:Unable_to_Cope 4.0 ;
                                   pred:Irritated_by_Life 2.0 ;
                                   pred:On_Top_of_Things 2.0 .
:Respondent42 pred:hasGroupResponse :Respondent42_Emotional_Regulation_Frequency .

:Respondent42_Anxiety_Symptoms_Frequency
                               pred:Feeling_Nervous_or_On_Edge 2.0 ;
                               pred:Trouble_Relaxing 1.0 ;
                               pred:Restlessness 1.0 ;
                               pred:Irritability 2.0 ;
                               pred:Fear_Something_Awful_Might_Happen 3.0 .
:Respondent42 pred:hasGroupResponse :Respondent42_Anxiety_Symptoms_Frequency .

:Respondent42_Depressive_Symptoms_Frequency
                                  pred:Anhedonia 3.0 ;
                                  pred:Sleep_Problems 2.0 ;
                                  pred:Fatigue 3.0 ;
                                  pred:Appetite_Changes 2.0 ;
                                  pred:Feelings_of_Worthlessness 3.0 ;
                                  pred:Concentration_Difficulties 3.0 ;
                                  pred:Suicidal_Thoughts 1.0 .
:Respondent42 pred:hasGroupResponse :Respondent42_Depressive_Symptoms_Frequency .

:Respondent104 pred:Year_of_birth 2003.0 ;
     pred:Gender 1.0 ;
     pred:Socio_economic_status 2.0 ;
     pred:Ethnic_identity 6.0 .

:Respondent104_Parental_Education
                       pred:Father 12.0 ;
                       pred:Mother 17.0 .
:Respondent104 pred:hasGroupResponse :Respondent104_Parental_Education .

:Respondent104 pred:Life_satisfaction 5.0 ;
     pred:Happiness 10.0 ;
     pred:Laughter 3.0 ;
     pred:Learning 9.0 ;
     pred:Enjoyment 10.0 ;
     pred:Worry 1.0 ;
     pred:Depression 0.0 ;
     pred:Anger 2.0 ;
     pred:Stress 3.0 ;
     pred:Loneliness 0.0 .

:Respondent104_Emotional_Regulation_Frequency
                                   pred:Upset_by_Unexpected_Events 4.0 ;
                                   pred:Unable_to_Control_Important_Things 2.0 ;
                                   pred:Lacked_Confidence_Handling_Problems 3.0 ;
                                   pred:Unable_to_Cope 2.0 ;
                                   pred:Irritated_by_Life 3.0 ;
                                   pred:On_Top_of_Things 3.0 .
:Respondent104 pred:hasGroupResponse :Respondent104_Emotional_Regulation_Frequency .

:Respondent104_Anxiety_Symptoms_Frequency
                               pred:Feeling_Nervous_or_On_Edge 2.0 ;
                               pred:Trouble_Relaxing 1.0 ;
                               pred:Restlessness 0.0 ;
                               pred:Irritability 1.0 ;
                               pred:Fear_Something_Awful_Might_Happen 3.0 .
:Respondent104 pred:hasGroupResponse :Respondent104_Anxiety_Symptoms_Frequency .

:Respondent104_Depressive_Symptoms_Frequency
                                  pred:Anhedonia 1.0 ;
                                  pred:Sleep_Problems 0.0 ;
                                  pred:Fatigue 1.0 ;
                                  pred:Appetite_Changes 0.0 ;
                                  pred:Feelings_of_Worthlessness 0.0 ;
                                  pred:Concentration_Difficulties 0.0 ;
                                  pred:Suicidal_Thoughts 0.0 .
:Respondent104 pred:hasGroupResponse :Respondent104_Depressive_Symptoms_Frequency .
",1.0,"For respondent 129, what is the value for 'Appetite Changes' in the 'Depressive Symptoms Frequency' category?

DATA:

@prefix : <http://example.org/survey#> .
@prefix pred: <http://example.org/predicate#> .
@prefix qg: <http://example.org/question_group#> .

# Questions
:QYear_of_birth pred:Text ""What is your date of birth? [Open-ended]"" .
:QGender pred:Text ""What is your gender? [MCQ: 1. Male 2. Female]"" .
:QSocio_economic_status pred:Text ""What is the socio-economic status of your home? [Likert 1–6: 1 = Very low, 6 = Very high]"" .
:QEthnic_identity pred:Text ""According to your culture, people, or physical features, you are or are recognized as: [MCQ: 1. Indigenous 2. Gypsy 3. Raizal from San Andres, Providencia and Santa Catalina Archipelago 4. Palenquero from San Basilio 5. Black, mulatto (Afro-descendant), Afro-Colombian 6. None of the above]"" .

:QGParental_Education pred:BaseQuestion ""How many years of education did your parents receive? [Open-ended]"" ;
    qg:hasSubQuestion :QParental_Education_Father, :QParental_Education_Mother .
:QParental_Education_Father pred:Text ""Father?"" .
:QParental_Education_Mother pred:Text ""Mother?"" .

:QLife_satisfaction pred:Text ""In general, how satisfied are you with all aspects of your life? [Likert 0–10: 0 = Not satisfied, 10 = Totally satisfied]"" .
:QHappiness pred:Text ""How happy did you feel yesterday? [Likert 0–10: 0 = At no time, 10 = All the time]"" .
:QLaughter pred:Text ""How much did you laugh yesterday? [Likert 0–10: 0 = At no time, 10 = All the time]"" .
:QLearning pred:Text ""Did you learn new or exciting things yesterday? [Likert 0–10: 0 = At no time, 10 = All the time]"" .
:QEnjoyment pred:Text ""How much did you enjoy the activities you did yesterday? [Likert 0–10: 0 = At no time, 10 = All the time]"" .
:QWorry pred:Text ""How worried did you feel yesterday? [Likert 0–10: 0 = At no time, 10 = All the time]"" .
:QDepression pred:Text ""How depressed did you feel yesterday? [Likert 0–10: 0 = At no time, 10 = All the time]"" .
:QAnger pred:Text ""How angry did you feel yesterday? [Likert 0–10: 0 = At no time, 10 = All the time]"" .
:QStress pred:Text ""How much stress did you feel yesterday? [Likert 0–10: 0 = At no time, 10 = All the time]"" .
:QLoneliness pred:Text ""How lonely or unsupported did you feel yesterday? [Likert 0–10: 0 = At no time, 10 = All the time]"" .

:QGEmotional_Regulation_Frequency pred:BaseQuestion ""Next, you will be asked questions about your emotional state. Please answer on a scale of 0 to 4, where 0 is never, 1 is 'almost never', 2 is 'sometimes', 3 is 'fairly often', and 4 is 'very often', how often you experienced the following feelings during the last month: [Likert 0–4]"" ;
    qg:hasSubQuestion :QEmotional_Regulation_Frequency_Upset_by_Unexpected_Events,
                      :QEmotional_Regulation_Frequency_Unable_to_Control_Important_Things,
                      :QEmotional_Regulation_Frequency_Nervous_and_Stressed,
                      :QEmotional_Regulation_Frequency_Lacked_Confidence_Handling_Problems,
                      :QEmotional_Regulation_Frequency_Things_Going_Your_Way,
                      :QEmotional_Regulation_Frequency_Unable_to_Cope,
                      :QEmotional_Regulation_Frequency_Irritated_by_Life,
                      :QEmotional_Regulation_Frequency_On_Top_of_Things,
                      :QEmotional_Regulation_Frequency_Angered_by_Uncontrollable_Events,
                      :QEmotional_Regulation_Frequency_Felt_Overwhelmed .

:QEmotional_Regulation_Frequency_Upset_by_Unexpected_Events pred:Text ""how often have you been upset because of something that happened unexpectedly?"" .
:QEmotional_Regulation_Frequency_Unable_to_Control_Important_Things pred:Text ""how often have you felt that you were unable to control the important things in your life?"" .
:QEmotional_Regulation_Frequency_Nervous_and_Stressed pred:Text ""how often have you felt nervous and stressed?"" .
:QEmotional_Regulation_Frequency_Lacked_Confidence_Handling_Problems pred:Text ""how often have you felt confident about your ability to handle your personal problems?"" .
:QEmotional_Regulation_Frequency_Things_Going_Your_Way pred:Text ""how often have you felt that things were going your way?"" .
:QEmotional_Regulation_Frequency_Unable_to_Cope pred:Text ""how often have you found that you could not cope with all the things that you had to do?"" .
:QEmotional_Regulation_Frequency_Irritated_by_Life pred:Text ""how often have you been able to control irritations in your life?"" .
:QEmotional_Regulation_Frequency_On_Top_of_Things pred:Text ""how often have you felt that you were on top of things?"" .
:QEmotional_Regulation_Frequency_Angered_by_Uncontrollable_Events pred:Text ""how often have you been angered because of things that happened that were outside of your control?"" .
:QEmotional_Regulation_Frequency_Felt_Overwhelmed pred:Text ""how often have you felt difficulties were piling up so high that you could not overcome them?"" .

:QGAnxiety_Symptoms_Frequency pred:BaseQuestion ""Next, you will be asked questions about your emotional state. Please answer on a scale of 0 to 3, where 0 is 'Not at all', 1 is 'several days', 2 is 'more than half of the days', and 3 is 'Nearly every day'. Over the last two weeks, how often have you been bothered by the following problems? [Likert 0–3]"" ;
    qg:hasSubQuestion :QAnxiety_Symptoms_Frequency_Feeling_Nervous_or_On_Edge,
                      :QAnxiety_Symptoms_Frequency_Uncontrollable_Worrying,
                      :QAnxiety_Symptoms_Frequency_Excessive_Worry,
                      :QAnxiety_Symptoms_Frequency_Trouble_Relaxing,
                      :QAnxiety_Symptoms_Frequency_Restlessness,
                      :QAnxiety_Symptoms_Frequency_Irritability,
                      :QAnxiety_Symptoms_Frequency_Fear_Something_Awful_Might_Happen .

:QAnxiety_Symptoms_Frequency_Feeling_Nervous_or_On_Edge pred:Text ""Feeling nervous, anxious, or on edge"" .
:QAnxiety_Symptoms_Frequency_Uncontrollable_Worrying pred:Text ""Not being able to stop or control worrying"" .
:QAnxiety_Symptoms_Frequency_Excessive_Worry pred:Text ""Worrying too much about different things"" .
:QAnxiety_Symptoms_Frequency_Trouble_Relaxing pred:Text ""Trouble relaxing"" .
:QAnxiety_Symptoms_Frequency_Restlessness pred:Text ""Being so restless that it is hard to sit still"" .
:QAnxiety_Symptoms_Frequency_Irritability pred:Text ""Becoming easily annoyed or irritable"" .
:QAnxiety_Symptoms_Frequency_Fear_Something_Awful_Might_Happen pred:Text ""Feeling afraid, as if something awful might happen"" .

:QGDepressive_Symptoms_Frequency pred:BaseQuestion ""Next, you will be asked questions about your emotional state. Please answer on a scale of 0 to 3, where 0 is 'Not at all', 1 is 'several days', 2 is 'more than half of the days', and 3 is 'Nearly every day'. Over the last two weeks, how often have you been bothered by the following problems?"" ;
    qg:hasSubQuestion :QDepressive_Symptoms_Frequency_Anhedonia,
                      :QDepressive_Symptoms_Frequency_Depressed_Mood,
                      :QDepressive_Symptoms_Frequency_Sleep_Problems,
                      :QDepressive_Symptoms_Frequency_Fatigue,
                      :QDepressive_Symptoms_Frequency_Appetite_Changes,
                      :QDepressive_Symptoms_Frequency_Feelings_of_Worthlessness,
                      :QDepressive_Symptoms_Frequency_Concentration_Difficulties,
                      :QDepressive_Symptoms_Frequency_Psychomotor_Changes,
                      :QDepressive_Symptoms_Frequency_Suicidal_Thoughts .

:QDepressive_Symptoms_Frequency_Anhedonia pred:Text ""Little interest or pleasure in doing things"" .
:QDepressive_Symptoms_Frequency_Depressed_Mood pred:Text ""Feeling down, depressed, or hopeless"" .
:QDepressive_Symptoms_Frequency_Sleep_Problems pred:Text ""Trouble falling or staying asleep, or sleeping too much"" .
:QDepressive_Symptoms_Frequency_Fatigue pred:Text ""Feeling tired or having little energy"" .
:QDepressive_Symptoms_Frequency_Appetite_Changes pred:Text ""Poor appetite or overeating"" .
:QDepressive_Symptoms_Frequency_Feelings_of_Worthlessness pred:Text ""Feeling bad about yourself or that you are a failure or have let yourself or your family down"" .
:QDepressive_Symptoms_Frequency_Concentration_Difficulties pred:Text ""Trouble concentrating on things, such as reading the newspaper or watching television"" .
:QDepressive_Symptoms_Frequency_Psychomotor_Changes pred:Text ""Moving or speaking so slowly that other people could have noticed. Or the opposite — being so fidgety or restless that you have been moving around a lot more than usual"" .
:QDepressive_Symptoms_Frequency_Suicidal_Thoughts pred:Text ""Thoughts that you would be better off dead, or of hurting yourself"" .

# Responses
:Respondent73 pred:Year_of_birth 2005.0 ;
     pred:Gender 2.0 ;
     pred:Socio_economic_status 2.0 ;
     pred:Ethnic_identity 6.0 .

:Respondent73_Parental_Education
                       pred:Father 25.0 ;
                       pred:Mother 15.0 .
:Respondent73 pred:hasGroupResponse :Respondent73_Parental_Education .

:Respondent73 pred:Life_satisfaction 8.0 ;
     pred:Happiness 5.0 ;
     pred:Laughter 4.0 ;
     pred:Learning 5.0 ;
     pred:Enjoyment 5.0 ;
     pred:Worry 2.0 ;
     pred:Depression 1.0 ;
     pred:Anger 2.0 ;
     pred:Stress 4.0 ;
     pred:Loneliness 6.0 .

:Respondent73_Emotional_Regulation_Frequency
                                   pred:Upset_by_Unexpected_Events 2.0 ;
                                   pred:Unable_to_Control_Important_Things 2.0 ;
                                   pred:Lacked_Confidence_Handling_Problems 2.0 ;
                                   pred:Unable_to_Cope 2.0 ;
                                   pred:Irritated_by_Life 2.0 ;
                                   pred:On_Top_of_Things 2.0 .
:Respondent73 pred:hasGroupResponse :Respondent73_Emotional_Regulation_Frequency .

:Respondent73_Anxiety_Symptoms_Frequency
                               pred:Feeling_Nervous_or_On_Edge 2.0 ;
                               pred:Trouble_Relaxing 1.0 ;
                               pred:Restlessness 1.0 ;
                               pred:Irritability 2.0 ;
                               pred:Fear_Something_Awful_Might_Happen 2.0 .
:Respondent73 pred:hasGroupResponse :Respondent73_Anxiety_Symptoms_Frequency .

:Respondent73_Depressive_Symptoms_Frequency
                                  pred:Anhedonia 1.0 ;
                                  pred:Sleep_Problems 2.0 ;
                                  pred:Fatigue 1.0 ;
                                  pred:Appetite_Changes 1.0 ;
                                  pred:Feelings_of_Worthlessness 1.0 ;
                                  pred:Concentration_Difficulties 1.0 ;
                                  pred:Suicidal_Thoughts 0.0 .
:Respondent73 pred:hasGroupResponse :Respondent73_Depressive_Symptoms_Frequency .

:Respondent85 pred:Year_of_birth 2004.0 ;
     pred:Gender 2.0 ;
     pred:Socio_economic_status 3.0 ;
     pred:Ethnic_identity 6.0 .

:Respondent85_Parental_Education
                       pred:Father 18.0 .
:Respondent85 pred:hasGroupResponse :Respondent85_Parental_Education .

:Respondent85 pred:Life_satisfaction 5.0 ;
     pred:Happiness 6.0 ;
     pred:Laughter 6.0 ;
     pred:Learning 8.0 ;
     pred:Enjoyment 5.0 ;
     pred:Worry 1.0 ;
     pred:Depression 1.0 ;
     pred:Anger 2.0 ;
     pred:Stress 4.0 ;
     pred:Loneliness 1.0 .

:Respondent85_Emotional_Regulation_Frequency
                                   pred:Upset_by_Unexpected_Events 2.0 ;
                                   pred:Unable_to_Control_Important_Things 3.0 ;
                                   pred:Lacked_Confidence_Handling_Problems 2.0 ;
                                   pred:Unable_to_Cope 3.0 ;
                                   pred:Irritated_by_Life 3.0 ;
                                   pred:On_Top_of_Things 2.0 .
:Respondent85 pred:hasGroupResponse :Respondent85_Emotional_Regulation_Frequency .

:Respondent85_Anxiety_Symptoms_Frequency
                               pred:Feeling_Nervous_or_On_Edge 1.0 ;
                               pred:Trouble_Relaxing 1.0 ;
                               pred:Restlessness 0.0 ;
                               pred:Irritability 1.0 ;
                               pred:Fear_Something_Awful_Might_Happen 1.0 .
:Respondent85 pred:hasGroupResponse :Respondent85_Anxiety_Symptoms_Frequency .

:Respondent85_Depressive_Symptoms_Frequency
                                  pred:Anhedonia 2.0 ;
                                  pred:Sleep_Problems 2.0 ;
                                  pred:Fatigue 3.0 ;
                                  pred:Appetite_Changes 3.0 ;
                                  pred:Feelings_of_Worthlessness 1.0 ;
                                  pred:Concentration_Difficulties 1.0 ;
                                  pred:Suicidal_Thoughts 0.0 .
:Respondent85 pred:hasGroupResponse :Respondent85_Depressive_Symptoms_Frequency .

:Respondent129 pred:Year_of_birth 2001.0 ;
     pred:Gender 2.0 ;
     pred:Socio_economic_status 3.0 ;
     pred:Ethnic_identity 6.0 .

:Respondent129_Parental_Education
                       pred:Father 13.0 ;
                       pred:Mother 13.0 .
:Respondent129 pred:hasGroupResponse :Respondent129_Parental_Education .

:Respondent129 pred:Life_satisfaction 8.0 ;
     pred:Happiness 9.0 ;
     pred:Laughter 6.0 ;
     pred:Learning 5.0 ;
     pred:Enjoyment 6.0 ;
     pred:Worry 1.0 ;
     pred:Depression 1.0 ;
     pred:Anger 1.0 ;
     pred:Stress 3.0 ;
     pred:Loneliness 0.0 .

:Respondent129_Emotional_Regulation_Frequency
                                   pred:Upset_by_Unexpected_Events 1.0 ;
                                   pred:Unable_to_Control_Important_Things 1.0 ;
                                   pred:Lacked_Confidence_Handling_Problems 3.0 ;
                                   pred:Unable_to_Cope 2.0 ;
                                   pred:Irritated_by_Life 3.0 ;
                                   pred:On_Top_of_Things 2.0 .
:Respondent129 pred:hasGroupResponse :Respondent129_Emotional_Regulation_Frequency .

:Respondent129_Anxiety_Symptoms_Frequency
                               pred:Feeling_Nervous_or_On_Edge 1.0 ;
                               pred:Trouble_Relaxing 1.0 ;
                               pred:Restlessness 0.0 ;
                               pred:Irritability 0.0 ;
                               pred:Fear_Something_Awful_Might_Happen 0.0 .
:Respondent129 pred:hasGroupResponse :Respondent129_Anxiety_Symptoms_Frequency .

:Respondent129_Depressive_Symptoms_Frequency
                                  pred:Anhedonia 1.0 ;
                                  pred:Sleep_Problems 1.0 ;
                                  pred:Fatigue 2.0 ;
                                  pred:Appetite_Changes 2.0 ;
                                  pred:Feelings_of_Worthlessness 0.0 ;
                                  pred:Concentration_Difficulties 2.0 ;
                                  pred:Suicidal_Thoughts 0.0 .
:Respondent129 pred:hasGroupResponse :Respondent129_Depressive_Symptoms_Frequency .

Answer: 2.0

@prefix : <http://example.org/survey#> .
@prefix pred: <http://example.org/predicate#> .
@prefix qg: <http://example.org/question_group#> .

# Questions
:QYear_of_birth pred:Text ""What is your date of birth? [Open-ended]"" .
:QGender pred:Text ""What is your gender? [MCQ: 1. Male 2. Female]"" .
:QSocio_economic_status pred:Text ""What is the socio-economic status of your home? [Likert 1–6: 1 = Very low, 6 = Very high]"" .
:QEthnic_identity pred:Text ""According to your culture, people, or physical features, you are or are recognized as: [MCQ: 1. Indigenous 2. Gypsy 3. Raizal from San Andres, Providencia and Santa Catalina Archipelago 4. Palenquero from San Basilio 5. Black, mulatto (Afro-descendant), Afro-Colombian 6. None of the above]"" .

:QGParental_Education pred:BaseQuestion ""How many years of education did your parents receive? [Open-ended]"" ;
    qg:hasSubQuestion :QParental_Education_Father, :QParental_Education_Mother .
:QParental_Education_Father pred:Text ""Father?"" .
:QParental_Education_Mother pred:Text ""Mother?"" .

:QLife_satisfaction pred:Text ""In general, how satisfied are you with all aspects of your life? [Likert 0–10: 0 = Not satisfied, 10 = Totally satisfied]"" .
:QHappiness pred:Text ""How happy did you feel yesterday? [Likert 0–10: 0 = At no time, 10 = All the time]"" .
:QLaughter pred:Text ""How much did you laugh yesterday? [Likert 0–10: 0 = At no time, 10 = All the time]"" .
:QLearning pred:Text ""Did you learn new or exciting things yesterday? [Likert 0–10: 0 = At no time, 10 = All the time]"" .
:QEnjoyment pred:Text ""How much did you enjoy the activities you did yesterday? [Likert 0–10: 0 = At no time, 10 = All the time]"" .
:QWorry pred:Text ""How worried did you feel yesterday? [Likert 0–10: 0 = At no time, 10 = All the time]"" .
:QDepression pred:Text ""How depressed did you feel yesterday? [Likert 0–10: 0 = At no time, 10 = All the time]"" .
:QAnger pred:Text ""How angry did you feel yesterday? [Likert 0–10: 0 = At no time, 10 = All the time]"" .
:QStress pred:Text ""How much stress did you feel yesterday? [Likert 0–10: 0 = At no time, 10 = All the time]"" .
:QLoneliness pred:Text ""How lonely or unsupported did you feel yesterday? [Likert 0–10: 0 = At no time, 10 = All the time]"" .

:QGEmotional_Regulation_Frequency pred:BaseQuestion ""Next, you will be asked questions about your emotional state. Please answer on a scale of 0 to 4, where 0 is never, 1 is 'almost never', 2 is 'sometimes', 3 is 'fairly often', and 4 is 'very often', how often you experienced the following feelings during the last month: [Likert 0–4]"" ;
    qg:hasSubQuestion :QEmotional_Regulation_Frequency_Upset_by_Unexpected_Events,
                      :QEmotional_Regulation_Frequency_Unable_to_Control_Important_Things,
                      :QEmotional_Regulation_Frequency_Nervous_and_Stressed,
                      :QEmotional_Regulation_Frequency_Lacked_Confidence_Handling_Problems,
                      :QEmotional_Regulation_Frequency_Things_Going_Your_Way,
                      :QEmotional_Regulation_Frequency_Unable_to_Cope,
                      :QEmotional_Regulation_Frequency_Irritated_by_Life,
                      :QEmotional_Regulation_Frequency_On_Top_of_Things,
                      :QEmotional_Regulation_Frequency_Angered_by_Uncontrollable_Events,
                      :QEmotional_Regulation_Frequency_Felt_Overwhelmed .

:QEmotional_Regulation_Frequency_Upset_by_Unexpected_Events pred:Text ""how often have you been upset because of something that happened unexpectedly?"" .
:QEmotional_Regulation_Frequency_Unable_to_Control_Important_Things pred:Text ""how often have you felt that you were unable to control the important things in your life?"" .
:QEmotional_Regulation_Frequency_Nervous_and_Stressed pred:Text ""how often have you felt nervous and stressed?"" .
:QEmotional_Regulation_Frequency_Lacked_Confidence_Handling_Problems pred:Text ""how often have you felt confident about your ability to handle your personal problems?"" .
:QEmotional_Regulation_Frequency_Things_Going_Your_Way pred:Text ""how often have you felt that things were going your way?"" .
:QEmotional_Regulation_Frequency_Unable_to_Cope pred:Text ""how often have you found that you could not cope with all the things that you had to do?"" .
:QEmotional_Regulation_Frequency_Irritated_by_Life pred:Text ""how often have you been able to control irritations in your life?"" .
:QEmotional_Regulation_Frequency_On_Top_of_Things pred:Text ""how often have you felt that you were on top of things?"" .
:QEmotional_Regulation_Frequency_Angered_by_Uncontrollable_Events pred:Text ""how often have you been angered because of things that happened that were outside of your control?"" .
:QEmotional_Regulation_Frequency_Felt_Overwhelmed pred:Text ""how often have you felt difficulties were piling up so high that you could not overcome them?"" .

:QGAnxiety_Symptoms_Frequency pred:BaseQuestion ""Next, you will be asked questions about your emotional state. Please answer on a scale of 0 to 3, where 0 is 'Not at all', 1 is 'several days', 2 is 'more than half of the days', and 3 is 'Nearly every day'. Over the last two weeks, how often have you been bothered by the following problems? [Likert 0–3]"" ;
    qg:hasSubQuestion :QAnxiety_Symptoms_Frequency_Feeling_Nervous_or_On_Edge,
                      :QAnxiety_Symptoms_Frequency_Uncontrollable_Worrying,
                      :QAnxiety_Symptoms_Frequency_Excessive_Worry,
                      :QAnxiety_Symptoms_Frequency_Trouble_Relaxing,
                      :QAnxiety_Symptoms_Frequency_Restlessness,
                      :QAnxiety_Symptoms_Frequency_Irritability,
                      :QAnxiety_Symptoms_Frequency_Fear_Something_Awful_Might_Happen .

:QAnxiety_Symptoms_Frequency_Feeling_Nervous_or_On_Edge pred:Text ""Feeling nervous, anxious, or on edge"" .
:QAnxiety_Symptoms_Frequency_Uncontrollable_Worrying pred:Text ""Not being able to stop or control worrying"" .
:QAnxiety_Symptoms_Frequency_Excessive_Worry pred:Text ""Worrying too much about different things"" .
:QAnxiety_Symptoms_Frequency_Trouble_Relaxing pred:Text ""Trouble relaxing"" .
:QAnxiety_Symptoms_Frequency_Restlessness pred:Text ""Being so restless that it is hard to sit still"" .
:QAnxiety_Symptoms_Frequency_Irritability pred:Text ""Becoming easily annoyed or irritable"" .
:QAnxiety_Symptoms_Frequency_Fear_Something_Awful_Might_Happen pred:Text ""Feeling afraid, as if something awful might happen"" .

:QGDepressive_Symptoms_Frequency pred:BaseQuestion ""Next, you will be asked questions about your emotional state. Please answer on a scale of 0 to 3, where 0 is 'Not at all', 1 is 'several days', 2 is 'more than half of the days', and 3 is 'Nearly every day'. Over the last two weeks, how often have you been bothered by the following problems?"" ;
    qg:hasSubQuestion :QDepressive_Symptoms_Frequency_Anhedonia,
                      :QDepressive_Symptoms_Frequency_Depressed_Mood,
                      :QDepressive_Symptoms_Frequency_Sleep_Problems,
                      :QDepressive_Symptoms_Frequency_Fatigue,
                      :QDepressive_Symptoms_Frequency_Appetite_Changes,
                      :QDepressive_Symptoms_Frequency_Feelings_of_Worthlessness,
                      :QDepressive_Symptoms_Frequency_Concentration_Difficulties,
                      :QDepressive_Symptoms_Frequency_Psychomotor_Changes,
                      :QDepressive_Symptoms_Frequency_Suicidal_Thoughts .

:QDepressive_Symptoms_Frequency_Anhedonia pred:Text ""Little interest or pleasure in doing things"" .
:QDepressive_Symptoms_Frequency_Depressed_Mood pred:Text ""Feeling down, depressed, or hopeless"" .
:QDepressive_Symptoms_Frequency_Sleep_Problems pred:Text ""Trouble falling or staying asleep, or sleeping too much"" .
:QDepressive_Symptoms_Frequency_Fatigue pred:Text ""Feeling tired or having little energy"" .
:QDepressive_Symptoms_Frequency_Appetite_Changes pred:Text ""Poor appetite or overeating"" .
:QDepressive_Symptoms_Frequency_Feelings_of_Worthlessness pred:Text ""Feeling bad about yourself or that you are a failure or have let yourself or your family down"" .
:QDepressive_Symptoms_Frequency_Concentration_Difficulties pred:Text ""Trouble concentrating on things, such as reading the newspaper or watching television"" .
:QDepressive_Symptoms_Frequency_Psychomotor_Changes pred:Text ""Moving or speaking so slowly that other people could have noticed. Or the opposite — being so fidgety or restless that you have been moving around a lot more than usual"" .
:QDepressive_Symptoms_Frequency_Suicidal_Thoughts pred:Text ""Thoughts that you would be better off dead, or of hurting yourself"" .

# Responses
:Respondent94 pred:Year_of_birth 2003.0 ;
     pred:Gender 1.0 ;
     pred:Socio_economic_status 4.0 ;
     pred:Ethnic_identity 6.0 .

:Respondent94_Parental_Education
                       pred:Father 30.0 ;
                       pred:Mother 37.0 .
:Respondent94 pred:hasGroupResponse :Respondent94_Parental_Education .

:Respondent94 pred:Life_satisfaction 8.0 ;
     pred:Happiness 8.0 ;
     pred:Laughter 9.0 ;
     pred:Learning 10.0 ;
     pred:Enjoyment 7.0 ;
     pred:Worry 1.0 ;
     pred:Depression 0.0 ;
     pred:Anger 1.0 ;
     pred:Stress 4.0 ;
     pred:Loneliness 0.0 .

:Respondent94_Emotional_Regulation_Frequency
                                   pred:Upset_by_Unexpected_Events 1.0 ;
                                   pred:Unable_to_Control_Important_Things 3.0 ;
                                   pred:Lacked_Confidence_Handling_Problems 3.0 ;
                                   pred:Unable_to_Cope 2.0 ;
                                   pred:Irritated_by_Life 3.0 ;
                                   pred:On_Top_of_Things 3.0 .
:Respondent94 pred:hasGroupResponse :Respondent94_Emotional_Regulation_Frequency .

:Respondent94_Anxiety_Symptoms_Frequency
                               pred:Feeling_Nervous_or_On_Edge 3.0 ;
                               pred:Trouble_Relaxing 0.0 ;
                               pred:Restlessness 0.0 ;
                               pred:Irritability 1.0 ;
                               pred:Fear_Something_Awful_Might_Happen 0.0 .
:Respondent94 pred:hasGroupResponse :Respondent94_Anxiety_Symptoms_Frequency .

:Respondent94_Depressive_Symptoms_Frequency
                                  pred:Anhedonia 0.0 ;
                                  pred:Sleep_Problems 0.0 ;
                                  pred:Fatigue 2.0 ;
                                  pred:Appetite_Changes 3.0 ;
                                  pred:Feelings_of_Worthlessness 1.0 ;
                                  pred:Concentration_Difficulties 1.0 ;
                                  pred:Suicidal_Thoughts 0.0 .
:Respondent94 pred:hasGroupResponse :Respondent94_Depressive_Symptoms_Frequency .

:Respondent42 pred:Year_of_birth 2004.0 ;
     pred:Gender 2.0 ;
     pred:Socio_economic_status 5.0 ;
     pred:Ethnic_identity 5.0 .

:Respondent42_Parental_Education
                       pred:Father 19.0 ;
                       pred:Mother 28.0 .
:Respondent42 pred:hasGroupResponse :Respondent42_Parental_Education .

:Respondent42 pred:Life_satisfaction 7.0 ;
     pred:Happiness 4.0 ;
     pred:Laughter 9.0 ;
     pred:Learning 7.0 ;
     pred:Enjoyment 1.0 ;
     pred:Worry 3.0 ;
     pred:Depression 1.0 ;
     pred:Anger 3.0 ;
     pred:Stress 4.0 ;
     pred:Loneliness 10.0 .

:Respondent42_Emotional_Regulation_Frequency
                                   pred:Upset_by_Unexpected_Events 3.0 ;
                                   pred:Unable_to_Control_Important_Things 4.0 ;
                                   pred:Lacked_Confidence_Handling_Problems 2.0 ;
                                   pred:Unable_to_Cope 4.0 ;
                                   pred:Irritated_by_Life 2.0 ;
                                   pred:On_Top_of_Things 2.0 .
:Respondent42 pred:hasGroupResponse :Respondent42_Emotional_Regulation_Frequency .

:Respondent42_Anxiety_Symptoms_Frequency
                               pred:Feeling_Nervous_or_On_Edge 2.0 ;
                               pred:Trouble_Relaxing 1.0 ;
                               pred:Restlessness 1.0 ;
                               pred:Irritability 2.0 ;
                               pred:Fear_Something_Awful_Might_Happen 3.0 .
:Respondent42 pred:hasGroupResponse :Respondent42_Anxiety_Symptoms_Frequency .

:Respondent42_Depressive_Symptoms_Frequency
                                  pred:Anhedonia 3.0 ;
                                  pred:Sleep_Problems 2.0 ;
                                  pred:Fatigue 3.0 ;
                                  pred:Appetite_Changes 2.0 ;
                                  pred:Feelings_of_Worthlessness 3.0 ;
                                  pred:Concentration_Difficulties 3.0 ;
                                  pred:Suicidal_Thoughts 1.0 .
:Respondent42 pred:hasGroupResponse :Respondent42_Depressive_Symptoms_Frequency .

:Respondent104 pred:Year_of_birth 2003.0 ;
     pred:Gender 1.0 ;
     pred:Socio_economic_status 2.0 ;
     pred:Ethnic_identity 6.0 .

:Respondent104_Parental_Education
                       pred:Father 12.0 ;
                       pred:Mother 17.0 .
:Respondent104 pred:hasGroupResponse :Respondent104_Parental_Education .

:Respondent104 pred:Life_satisfaction 5.0 ;
     pred:Happiness 10.0 ;
     pred:Laughter 3.0 ;
     pred:Learning 9.0 ;
     pred:Enjoyment 10.0 ;
     pred:Worry 1.0 ;
     pred:Depression 0.0 ;
     pred:Anger 2.0 ;
     pred:Stress 3.0 ;
     pred:Loneliness 0.0 .

:Respondent104_Emotional_Regulation_Frequency
                                   pred:Upset_by_Unexpected_Events 4.0 ;
                                   pred:Unable_to_Control_Important_Things 2.0 ;
                                   pred:Lacked_Confidence_Handling_Problems 3.0 ;
                                   pred:Unable_to_Cope 2.0 ;
                                   pred:Irritated_by_Life 3.0 ;
                                   pred:On_Top_of_Things 3.0 .
:Respondent104 pred:hasGroupResponse :Respondent104_Emotional_Regulation_Frequency .

:Respondent104_Anxiety_Symptoms_Frequency
                               pred:Feeling_Nervous_or_On_Edge 2.0 ;
                               pred:Trouble_Relaxing 1.0 ;
                               pred:Restlessness 0.0 ;
                               pred:Irritability 1.0 ;
                               pred:Fear_Something_Awful_Might_Happen 3.0 .
:Respondent104 pred:hasGroupResponse :Respondent104_Anxiety_Symptoms_Frequency .

:Respondent104_Depressive_Symptoms_Frequency
                                  pred:Anhedonia 1.0 ;
                                  pred:Sleep_Problems 0.0 ;
                                  pred:Fatigue 1.0 ;
                                  pred:Appetite_Changes 0.0 ;
                                  pred:Feelings_of_Worthlessness 0.0 ;
                                  pred:Concentration_Difficulties 0.0 ;
                                  pred:Suicidal_Thoughts 0.0 .
:Respondent104 pred:hasGroupResponse :Respondent104_Depressive_Symptoms_Frequency .

You are a meticulous data analyst AI. Your primary function is to accurately analyze structured data and provide precise, verifiable answers.

You will be given a dataset with two key parts:

A 'questions' section: This is your data dictionary or schema. It is the single source of truth for understanding what each field and score means. Refer to it carefully.

A 'responses' section: This contains the raw data from each individual respondent.

To answer the question correctly, you must first use the 'questions' schema to fully understand the context and meaning of the data points within the 'responses'. Do not rely on any prior knowledge outside of this provided data. Base your entire analysis on the information given.

Provide your final answer directly and concisely. Output must be the human-readable value, not an option code.

Rules:
- For MCQ fields, map any letter codes in the Responses (case-insensitive) to the corresponding option text from the Questions schema, and output only that text. Do NOT include the letter or both.
  Example: If the schema is ""[MCQ: A. Abnormal B. Inconclusive C. Normal]"" and the response is ""a"", output ""Abnormal"".
- For open-ended fields, output the exact text value.
- If the question asks for a count, provide only the number (e.g., ""42"").
- If the question asks for a list of names or IDs, provide a simple comma-separated list (e.g., ""17, 21, 23"").
- Preserve capitalization exactly as in the schema (e.g., output ""Abnormal"", not ""abnormal"" or ""A"").

For respondent 94, what is the value for 'Concentration Difficulties' in the 'Depressive Symptoms Frequency' category?",,
case_18,answer_lookup,"For respondent 23, what is the value for 'Appetite Changes' in the 'Depressive Symptoms Frequency' category?","@prefix : <http://example.org/survey#> .
@prefix pred: <http://example.org/predicate#> .
@prefix qg: <http://example.org/question_group#> .

# Questions
:QYear_of_birth pred:Text ""What is your date of birth? [Open-ended]"" .
:QGender pred:Text ""What is your gender? [MCQ: 1. Male 2. Female]"" .
:QSocio_economic_status pred:Text ""What is the socio-economic status of your home? [Likert 1–6: 1 = Very low, 6 = Very high]"" .
:QEthnic_identity pred:Text ""According to your culture, people, or physical features, you are or are recognized as: [MCQ: 1. Indigenous 2. Gypsy 3. Raizal from San Andres, Providencia and Santa Catalina Archipelago 4. Palenquero from San Basilio 5. Black, mulatto (Afro-descendant), Afro-Colombian 6. None of the above]"" .

:QGParental_Education pred:BaseQuestion ""How many years of education did your parents receive? [Open-ended]"" ;
    qg:hasSubQuestion :QParental_Education_Father, :QParental_Education_Mother .
:QParental_Education_Father pred:Text ""Father?"" .
:QParental_Education_Mother pred:Text ""Mother?"" .

:QLife_satisfaction pred:Text ""In general, how satisfied are you with all aspects of your life? [Likert 0–10: 0 = Not satisfied, 10 = Totally satisfied]"" .
:QHappiness pred:Text ""How happy did you feel yesterday? [Likert 0–10: 0 = At no time, 10 = All the time]"" .
:QLaughter pred:Text ""How much did you laugh yesterday? [Likert 0–10: 0 = At no time, 10 = All the time]"" .
:QLearning pred:Text ""Did you learn new or exciting things yesterday? [Likert 0–10: 0 = At no time, 10 = All the time]"" .
:QEnjoyment pred:Text ""How much did you enjoy the activities you did yesterday? [Likert 0–10: 0 = At no time, 10 = All the time]"" .
:QWorry pred:Text ""How worried did you feel yesterday? [Likert 0–10: 0 = At no time, 10 = All the time]"" .
:QDepression pred:Text ""How depressed did you feel yesterday? [Likert 0–10: 0 = At no time, 10 = All the time]"" .
:QAnger pred:Text ""How angry did you feel yesterday? [Likert 0–10: 0 = At no time, 10 = All the time]"" .
:QStress pred:Text ""How much stress did you feel yesterday? [Likert 0–10: 0 = At no time, 10 = All the time]"" .
:QLoneliness pred:Text ""How lonely or unsupported did you feel yesterday? [Likert 0–10: 0 = At no time, 10 = All the time]"" .

:QGEmotional_Regulation_Frequency pred:BaseQuestion ""Next, you will be asked questions about your emotional state. Please answer on a scale of 0 to 4, where 0 is never, 1 is 'almost never', 2 is 'sometimes', 3 is 'fairly often', and 4 is 'very often', how often you experienced the following feelings during the last month: [Likert 0–4]"" ;
    qg:hasSubQuestion :QEmotional_Regulation_Frequency_Upset_by_Unexpected_Events,
                      :QEmotional_Regulation_Frequency_Unable_to_Control_Important_Things,
                      :QEmotional_Regulation_Frequency_Nervous_and_Stressed,
                      :QEmotional_Regulation_Frequency_Lacked_Confidence_Handling_Problems,
                      :QEmotional_Regulation_Frequency_Things_Going_Your_Way,
                      :QEmotional_Regulation_Frequency_Unable_to_Cope,
                      :QEmotional_Regulation_Frequency_Irritated_by_Life,
                      :QEmotional_Regulation_Frequency_On_Top_of_Things,
                      :QEmotional_Regulation_Frequency_Angered_by_Uncontrollable_Events,
                      :QEmotional_Regulation_Frequency_Felt_Overwhelmed .

:QEmotional_Regulation_Frequency_Upset_by_Unexpected_Events pred:Text ""how often have you been upset because of something that happened unexpectedly?"" .
:QEmotional_Regulation_Frequency_Unable_to_Control_Important_Things pred:Text ""how often have you felt that you were unable to control the important things in your life?"" .
:QEmotional_Regulation_Frequency_Nervous_and_Stressed pred:Text ""how often have you felt nervous and stressed?"" .
:QEmotional_Regulation_Frequency_Lacked_Confidence_Handling_Problems pred:Text ""how often have you felt confident about your ability to handle your personal problems?"" .
:QEmotional_Regulation_Frequency_Things_Going_Your_Way pred:Text ""how often have you felt that things were going your way?"" .
:QEmotional_Regulation_Frequency_Unable_to_Cope pred:Text ""how often have you found that you could not cope with all the things that you had to do?"" .
:QEmotional_Regulation_Frequency_Irritated_by_Life pred:Text ""how often have you been able to control irritations in your life?"" .
:QEmotional_Regulation_Frequency_On_Top_of_Things pred:Text ""how often have you felt that you were on top of things?"" .
:QEmotional_Regulation_Frequency_Angered_by_Uncontrollable_Events pred:Text ""how often have you been angered because of things that happened that were outside of your control?"" .
:QEmotional_Regulation_Frequency_Felt_Overwhelmed pred:Text ""how often have you felt difficulties were piling up so high that you could not overcome them?"" .

:QGAnxiety_Symptoms_Frequency pred:BaseQuestion ""Next, you will be asked questions about your emotional state. Please answer on a scale of 0 to 3, where 0 is 'Not at all', 1 is 'several days', 2 is 'more than half of the days', and 3 is 'Nearly every day'. Over the last two weeks, how often have you been bothered by the following problems? [Likert 0–3]"" ;
    qg:hasSubQuestion :QAnxiety_Symptoms_Frequency_Feeling_Nervous_or_On_Edge,
                      :QAnxiety_Symptoms_Frequency_Uncontrollable_Worrying,
                      :QAnxiety_Symptoms_Frequency_Excessive_Worry,
                      :QAnxiety_Symptoms_Frequency_Trouble_Relaxing,
                      :QAnxiety_Symptoms_Frequency_Restlessness,
                      :QAnxiety_Symptoms_Frequency_Irritability,
                      :QAnxiety_Symptoms_Frequency_Fear_Something_Awful_Might_Happen .

:QAnxiety_Symptoms_Frequency_Feeling_Nervous_or_On_Edge pred:Text ""Feeling nervous, anxious, or on edge"" .
:QAnxiety_Symptoms_Frequency_Uncontrollable_Worrying pred:Text ""Not being able to stop or control worrying"" .
:QAnxiety_Symptoms_Frequency_Excessive_Worry pred:Text ""Worrying too much about different things"" .
:QAnxiety_Symptoms_Frequency_Trouble_Relaxing pred:Text ""Trouble relaxing"" .
:QAnxiety_Symptoms_Frequency_Restlessness pred:Text ""Being so restless that it is hard to sit still"" .
:QAnxiety_Symptoms_Frequency_Irritability pred:Text ""Becoming easily annoyed or irritable"" .
:QAnxiety_Symptoms_Frequency_Fear_Something_Awful_Might_Happen pred:Text ""Feeling afraid, as if something awful might happen"" .

:QGDepressive_Symptoms_Frequency pred:BaseQuestion ""Next, you will be asked questions about your emotional state. Please answer on a scale of 0 to 3, where 0 is 'Not at all', 1 is 'several days', 2 is 'more than half of the days', and 3 is 'Nearly every day'. Over the last two weeks, how often have you been bothered by the following problems?"" ;
    qg:hasSubQuestion :QDepressive_Symptoms_Frequency_Anhedonia,
                      :QDepressive_Symptoms_Frequency_Depressed_Mood,
                      :QDepressive_Symptoms_Frequency_Sleep_Problems,
                      :QDepressive_Symptoms_Frequency_Fatigue,
                      :QDepressive_Symptoms_Frequency_Appetite_Changes,
                      :QDepressive_Symptoms_Frequency_Feelings_of_Worthlessness,
                      :QDepressive_Symptoms_Frequency_Concentration_Difficulties,
                      :QDepressive_Symptoms_Frequency_Psychomotor_Changes,
                      :QDepressive_Symptoms_Frequency_Suicidal_Thoughts .

:QDepressive_Symptoms_Frequency_Anhedonia pred:Text ""Little interest or pleasure in doing things"" .
:QDepressive_Symptoms_Frequency_Depressed_Mood pred:Text ""Feeling down, depressed, or hopeless"" .
:QDepressive_Symptoms_Frequency_Sleep_Problems pred:Text ""Trouble falling or staying asleep, or sleeping too much"" .
:QDepressive_Symptoms_Frequency_Fatigue pred:Text ""Feeling tired or having little energy"" .
:QDepressive_Symptoms_Frequency_Appetite_Changes pred:Text ""Poor appetite or overeating"" .
:QDepressive_Symptoms_Frequency_Feelings_of_Worthlessness pred:Text ""Feeling bad about yourself or that you are a failure or have let yourself or your family down"" .
:QDepressive_Symptoms_Frequency_Concentration_Difficulties pred:Text ""Trouble concentrating on things, such as reading the newspaper or watching television"" .
:QDepressive_Symptoms_Frequency_Psychomotor_Changes pred:Text ""Moving or speaking so slowly that other people could have noticed. Or the opposite — being so fidgety or restless that you have been moving around a lot more than usual"" .
:QDepressive_Symptoms_Frequency_Suicidal_Thoughts pred:Text ""Thoughts that you would be better off dead, or of hurting yourself"" .

# Responses
:Respondent133 pred:Year_of_birth 2002.0 ;
     pred:Gender 2.0 ;
     pred:Socio_economic_status 5.0 ;
     pred:Ethnic_identity 6.0 .

:Respondent133_Parental_Education
                       pred:Father 15.0 ;
                       pred:Mother 15.0 .
:Respondent133 pred:hasGroupResponse :Respondent133_Parental_Education .

:Respondent133 pred:Life_satisfaction 6.0 ;
     pred:Happiness 9.0 ;
     pred:Laughter 3.0 ;
     pred:Learning 7.0 ;
     pred:Enjoyment 4.0 ;
     pred:Worry 1.0 ;
     pred:Depression 3.0 ;
     pred:Anger 1.0 ;
     pred:Stress 3.0 ;
     pred:Loneliness 5.0 .

:Respondent133_Emotional_Regulation_Frequency
                                   pred:Upset_by_Unexpected_Events 2.0 ;
                                   pred:Unable_to_Control_Important_Things 3.0 ;
                                   pred:Lacked_Confidence_Handling_Problems 3.0 ;
                                   pred:Unable_to_Cope 3.0 ;
                                   pred:Irritated_by_Life 3.0 ;
                                   pred:On_Top_of_Things 2.0 .
:Respondent133 pred:hasGroupResponse :Respondent133_Emotional_Regulation_Frequency .

:Respondent133_Anxiety_Symptoms_Frequency
                               pred:Feeling_Nervous_or_On_Edge 2.0 ;
                               pred:Trouble_Relaxing 0.0 ;
                               pred:Restlessness 0.0 ;
                               pred:Irritability 0.0 ;
                               pred:Fear_Something_Awful_Might_Happen 0.0 .
:Respondent133 pred:hasGroupResponse :Respondent133_Anxiety_Symptoms_Frequency .

:Respondent133_Depressive_Symptoms_Frequency
                                  pred:Anhedonia 3.0 ;
                                  pred:Sleep_Problems 3.0 ;
                                  pred:Fatigue 2.0 ;
                                  pred:Appetite_Changes 0.0 ;
                                  pred:Feelings_of_Worthlessness 0.0 ;
                                  pred:Concentration_Difficulties 0.0 ;
                                  pred:Suicidal_Thoughts 0.0 .
:Respondent133 pred:hasGroupResponse :Respondent133_Depressive_Symptoms_Frequency .

:Respondent23 pred:Year_of_birth 2002.0 ;
     pred:Gender 1.0 ;
     pred:Socio_economic_status 4.0 ;
     pred:Ethnic_identity 6.0 .

:Respondent23_Parental_Education
                       pred:Father 17.0 ;
                       pred:Mother 17.0 .
:Respondent23 pred:hasGroupResponse :Respondent23_Parental_Education .

:Respondent23 pred:Life_satisfaction 5.0 ;
     pred:Happiness 4.0 ;
     pred:Laughter 4.0 ;
     pred:Learning 2.0 ;
     pred:Enjoyment 6.0 ;
     pred:Worry 3.0 ;
     pred:Depression 1.0 ;
     pred:Anger 3.0 ;
     pred:Stress 4.0 ;
     pred:Loneliness 6.0 .

:Respondent23_Emotional_Regulation_Frequency
                                   pred:Upset_by_Unexpected_Events 3.0 ;
                                   pred:Unable_to_Control_Important_Things 3.0 ;
                                   pred:Lacked_Confidence_Handling_Problems 1.0 ;
                                   pred:Unable_to_Cope 4.0 ;
                                   pred:Irritated_by_Life 3.0 ;
                                   pred:On_Top_of_Things 2.0 .
:Respondent23 pred:hasGroupResponse :Respondent23_Emotional_Regulation_Frequency .

:Respondent23_Anxiety_Symptoms_Frequency
                               pred:Feeling_Nervous_or_On_Edge 2.0 ;
                               pred:Trouble_Relaxing 2.0 ;
                               pred:Restlessness 1.0 ;
                               pred:Irritability 1.0 ;
                               pred:Fear_Something_Awful_Might_Happen 3.0 .
:Respondent23 pred:hasGroupResponse :Respondent23_Anxiety_Symptoms_Frequency .

:Respondent23_Depressive_Symptoms_Frequency
                                  pred:Anhedonia 1.0 ;
                                  pred:Sleep_Problems 1.0 ;
                                  pred:Fatigue 1.0 ;
                                  pred:Appetite_Changes 1.0 ;
                                  pred:Feelings_of_Worthlessness 2.0 ;
                                  pred:Concentration_Difficulties 2.0 ;
                                  pred:Suicidal_Thoughts 0.0 .
:Respondent23 pred:hasGroupResponse :Respondent23_Depressive_Symptoms_Frequency .

:Respondent107 pred:Year_of_birth 2003.0 ;
     pred:Gender 2.0 ;
     pred:Socio_economic_status 2.0 ;
     pred:Ethnic_identity 6.0 .

:Respondent107_Parental_Education
                       pred:Father 17.0 ;
                       pred:Mother 11.0 .
:Respondent107 pred:hasGroupResponse :Respondent107_Parental_Education .

:Respondent107 pred:Life_satisfaction 8.0 ;
     pred:Happiness 5.0 ;
     pred:Laughter 4.0 ;
     pred:Learning 10.0 ;
     pred:Enjoyment 10.0 ;
     pred:Worry 2.0 ;
     pred:Depression 1.0 ;
     pred:Anger 2.0 ;
     pred:Stress 4.0 ;
     pred:Loneliness 9.0 .

:Respondent107_Emotional_Regulation_Frequency
                                   pred:Upset_by_Unexpected_Events 2.0 ;
                                   pred:Unable_to_Control_Important_Things 1.0 ;
                                   pred:Lacked_Confidence_Handling_Problems 1.0 ;
                                   pred:Unable_to_Cope 2.0 ;
                                   pred:Irritated_by_Life 1.0 ;
                                   pred:On_Top_of_Things 1.0 .
:Respondent107 pred:hasGroupResponse :Respondent107_Emotional_Regulation_Frequency .

:Respondent107_Anxiety_Symptoms_Frequency
                               pred:Feeling_Nervous_or_On_Edge 1.0 ;
                               pred:Trouble_Relaxing 1.0 ;
                               pred:Restlessness 1.0 ;
                               pred:Irritability 1.0 ;
                               pred:Fear_Something_Awful_Might_Happen 3.0 .
:Respondent107 pred:hasGroupResponse :Respondent107_Anxiety_Symptoms_Frequency .

:Respondent107_Depressive_Symptoms_Frequency
                                  pred:Anhedonia 1.0 ;
                                  pred:Sleep_Problems 0.0 ;
                                  pred:Fatigue 1.0 ;
                                  pred:Appetite_Changes 0.0 ;
                                  pred:Feelings_of_Worthlessness 3.0 ;
                                  pred:Concentration_Difficulties 0.0 ;
                                  pred:Suicidal_Thoughts 0.0 .
:Respondent107 pred:hasGroupResponse :Respondent107_Depressive_Symptoms_Frequency .
",1.0,"For respondent 129, what is the value for 'Appetite Changes' in the 'Depressive Symptoms Frequency' category?

DATA:

@prefix : <http://example.org/survey#> .
@prefix pred: <http://example.org/predicate#> .
@prefix qg: <http://example.org/question_group#> .

# Questions
:QYear_of_birth pred:Text ""What is your date of birth? [Open-ended]"" .
:QGender pred:Text ""What is your gender? [MCQ: 1. Male 2. Female]"" .
:QSocio_economic_status pred:Text ""What is the socio-economic status of your home? [Likert 1–6: 1 = Very low, 6 = Very high]"" .
:QEthnic_identity pred:Text ""According to your culture, people, or physical features, you are or are recognized as: [MCQ: 1. Indigenous 2. Gypsy 3. Raizal from San Andres, Providencia and Santa Catalina Archipelago 4. Palenquero from San Basilio 5. Black, mulatto (Afro-descendant), Afro-Colombian 6. None of the above]"" .

:QGParental_Education pred:BaseQuestion ""How many years of education did your parents receive? [Open-ended]"" ;
    qg:hasSubQuestion :QParental_Education_Father, :QParental_Education_Mother .
:QParental_Education_Father pred:Text ""Father?"" .
:QParental_Education_Mother pred:Text ""Mother?"" .

:QLife_satisfaction pred:Text ""In general, how satisfied are you with all aspects of your life? [Likert 0–10: 0 = Not satisfied, 10 = Totally satisfied]"" .
:QHappiness pred:Text ""How happy did you feel yesterday? [Likert 0–10: 0 = At no time, 10 = All the time]"" .
:QLaughter pred:Text ""How much did you laugh yesterday? [Likert 0–10: 0 = At no time, 10 = All the time]"" .
:QLearning pred:Text ""Did you learn new or exciting things yesterday? [Likert 0–10: 0 = At no time, 10 = All the time]"" .
:QEnjoyment pred:Text ""How much did you enjoy the activities you did yesterday? [Likert 0–10: 0 = At no time, 10 = All the time]"" .
:QWorry pred:Text ""How worried did you feel yesterday? [Likert 0–10: 0 = At no time, 10 = All the time]"" .
:QDepression pred:Text ""How depressed did you feel yesterday? [Likert 0–10: 0 = At no time, 10 = All the time]"" .
:QAnger pred:Text ""How angry did you feel yesterday? [Likert 0–10: 0 = At no time, 10 = All the time]"" .
:QStress pred:Text ""How much stress did you feel yesterday? [Likert 0–10: 0 = At no time, 10 = All the time]"" .
:QLoneliness pred:Text ""How lonely or unsupported did you feel yesterday? [Likert 0–10: 0 = At no time, 10 = All the time]"" .

:QGEmotional_Regulation_Frequency pred:BaseQuestion ""Next, you will be asked questions about your emotional state. Please answer on a scale of 0 to 4, where 0 is never, 1 is 'almost never', 2 is 'sometimes', 3 is 'fairly often', and 4 is 'very often', how often you experienced the following feelings during the last month: [Likert 0–4]"" ;
    qg:hasSubQuestion :QEmotional_Regulation_Frequency_Upset_by_Unexpected_Events,
                      :QEmotional_Regulation_Frequency_Unable_to_Control_Important_Things,
                      :QEmotional_Regulation_Frequency_Nervous_and_Stressed,
                      :QEmotional_Regulation_Frequency_Lacked_Confidence_Handling_Problems,
                      :QEmotional_Regulation_Frequency_Things_Going_Your_Way,
                      :QEmotional_Regulation_Frequency_Unable_to_Cope,
                      :QEmotional_Regulation_Frequency_Irritated_by_Life,
                      :QEmotional_Regulation_Frequency_On_Top_of_Things,
                      :QEmotional_Regulation_Frequency_Angered_by_Uncontrollable_Events,
                      :QEmotional_Regulation_Frequency_Felt_Overwhelmed .

:QEmotional_Regulation_Frequency_Upset_by_Unexpected_Events pred:Text ""how often have you been upset because of something that happened unexpectedly?"" .
:QEmotional_Regulation_Frequency_Unable_to_Control_Important_Things pred:Text ""how often have you felt that you were unable to control the important things in your life?"" .
:QEmotional_Regulation_Frequency_Nervous_and_Stressed pred:Text ""how often have you felt nervous and stressed?"" .
:QEmotional_Regulation_Frequency_Lacked_Confidence_Handling_Problems pred:Text ""how often have you felt confident about your ability to handle your personal problems?"" .
:QEmotional_Regulation_Frequency_Things_Going_Your_Way pred:Text ""how often have you felt that things were going your way?"" .
:QEmotional_Regulation_Frequency_Unable_to_Cope pred:Text ""how often have you found that you could not cope with all the things that you had to do?"" .
:QEmotional_Regulation_Frequency_Irritated_by_Life pred:Text ""how often have you been able to control irritations in your life?"" .
:QEmotional_Regulation_Frequency_On_Top_of_Things pred:Text ""how often have you felt that you were on top of things?"" .
:QEmotional_Regulation_Frequency_Angered_by_Uncontrollable_Events pred:Text ""how often have you been angered because of things that happened that were outside of your control?"" .
:QEmotional_Regulation_Frequency_Felt_Overwhelmed pred:Text ""how often have you felt difficulties were piling up so high that you could not overcome them?"" .

:QGAnxiety_Symptoms_Frequency pred:BaseQuestion ""Next, you will be asked questions about your emotional state. Please answer on a scale of 0 to 3, where 0 is 'Not at all', 1 is 'several days', 2 is 'more than half of the days', and 3 is 'Nearly every day'. Over the last two weeks, how often have you been bothered by the following problems? [Likert 0–3]"" ;
    qg:hasSubQuestion :QAnxiety_Symptoms_Frequency_Feeling_Nervous_or_On_Edge,
                      :QAnxiety_Symptoms_Frequency_Uncontrollable_Worrying,
                      :QAnxiety_Symptoms_Frequency_Excessive_Worry,
                      :QAnxiety_Symptoms_Frequency_Trouble_Relaxing,
                      :QAnxiety_Symptoms_Frequency_Restlessness,
                      :QAnxiety_Symptoms_Frequency_Irritability,
                      :QAnxiety_Symptoms_Frequency_Fear_Something_Awful_Might_Happen .

:QAnxiety_Symptoms_Frequency_Feeling_Nervous_or_On_Edge pred:Text ""Feeling nervous, anxious, or on edge"" .
:QAnxiety_Symptoms_Frequency_Uncontrollable_Worrying pred:Text ""Not being able to stop or control worrying"" .
:QAnxiety_Symptoms_Frequency_Excessive_Worry pred:Text ""Worrying too much about different things"" .
:QAnxiety_Symptoms_Frequency_Trouble_Relaxing pred:Text ""Trouble relaxing"" .
:QAnxiety_Symptoms_Frequency_Restlessness pred:Text ""Being so restless that it is hard to sit still"" .
:QAnxiety_Symptoms_Frequency_Irritability pred:Text ""Becoming easily annoyed or irritable"" .
:QAnxiety_Symptoms_Frequency_Fear_Something_Awful_Might_Happen pred:Text ""Feeling afraid, as if something awful might happen"" .

:QGDepressive_Symptoms_Frequency pred:BaseQuestion ""Next, you will be asked questions about your emotional state. Please answer on a scale of 0 to 3, where 0 is 'Not at all', 1 is 'several days', 2 is 'more than half of the days', and 3 is 'Nearly every day'. Over the last two weeks, how often have you been bothered by the following problems?"" ;
    qg:hasSubQuestion :QDepressive_Symptoms_Frequency_Anhedonia,
                      :QDepressive_Symptoms_Frequency_Depressed_Mood,
                      :QDepressive_Symptoms_Frequency_Sleep_Problems,
                      :QDepressive_Symptoms_Frequency_Fatigue,
                      :QDepressive_Symptoms_Frequency_Appetite_Changes,
                      :QDepressive_Symptoms_Frequency_Feelings_of_Worthlessness,
                      :QDepressive_Symptoms_Frequency_Concentration_Difficulties,
                      :QDepressive_Symptoms_Frequency_Psychomotor_Changes,
                      :QDepressive_Symptoms_Frequency_Suicidal_Thoughts .

:QDepressive_Symptoms_Frequency_Anhedonia pred:Text ""Little interest or pleasure in doing things"" .
:QDepressive_Symptoms_Frequency_Depressed_Mood pred:Text ""Feeling down, depressed, or hopeless"" .
:QDepressive_Symptoms_Frequency_Sleep_Problems pred:Text ""Trouble falling or staying asleep, or sleeping too much"" .
:QDepressive_Symptoms_Frequency_Fatigue pred:Text ""Feeling tired or having little energy"" .
:QDepressive_Symptoms_Frequency_Appetite_Changes pred:Text ""Poor appetite or overeating"" .
:QDepressive_Symptoms_Frequency_Feelings_of_Worthlessness pred:Text ""Feeling bad about yourself or that you are a failure or have let yourself or your family down"" .
:QDepressive_Symptoms_Frequency_Concentration_Difficulties pred:Text ""Trouble concentrating on things, such as reading the newspaper or watching television"" .
:QDepressive_Symptoms_Frequency_Psychomotor_Changes pred:Text ""Moving or speaking so slowly that other people could have noticed. Or the opposite — being so fidgety or restless that you have been moving around a lot more than usual"" .
:QDepressive_Symptoms_Frequency_Suicidal_Thoughts pred:Text ""Thoughts that you would be better off dead, or of hurting yourself"" .

# Responses
:Respondent73 pred:Year_of_birth 2005.0 ;
     pred:Gender 2.0 ;
     pred:Socio_economic_status 2.0 ;
     pred:Ethnic_identity 6.0 .

:Respondent73_Parental_Education
                       pred:Father 25.0 ;
                       pred:Mother 15.0 .
:Respondent73 pred:hasGroupResponse :Respondent73_Parental_Education .

:Respondent73 pred:Life_satisfaction 8.0 ;
     pred:Happiness 5.0 ;
     pred:Laughter 4.0 ;
     pred:Learning 5.0 ;
     pred:Enjoyment 5.0 ;
     pred:Worry 2.0 ;
     pred:Depression 1.0 ;
     pred:Anger 2.0 ;
     pred:Stress 4.0 ;
     pred:Loneliness 6.0 .

:Respondent73_Emotional_Regulation_Frequency
                                   pred:Upset_by_Unexpected_Events 2.0 ;
                                   pred:Unable_to_Control_Important_Things 2.0 ;
                                   pred:Lacked_Confidence_Handling_Problems 2.0 ;
                                   pred:Unable_to_Cope 2.0 ;
                                   pred:Irritated_by_Life 2.0 ;
                                   pred:On_Top_of_Things 2.0 .
:Respondent73 pred:hasGroupResponse :Respondent73_Emotional_Regulation_Frequency .

:Respondent73_Anxiety_Symptoms_Frequency
                               pred:Feeling_Nervous_or_On_Edge 2.0 ;
                               pred:Trouble_Relaxing 1.0 ;
                               pred:Restlessness 1.0 ;
                               pred:Irritability 2.0 ;
                               pred:Fear_Something_Awful_Might_Happen 2.0 .
:Respondent73 pred:hasGroupResponse :Respondent73_Anxiety_Symptoms_Frequency .

:Respondent73_Depressive_Symptoms_Frequency
                                  pred:Anhedonia 1.0 ;
                                  pred:Sleep_Problems 2.0 ;
                                  pred:Fatigue 1.0 ;
                                  pred:Appetite_Changes 1.0 ;
                                  pred:Feelings_of_Worthlessness 1.0 ;
                                  pred:Concentration_Difficulties 1.0 ;
                                  pred:Suicidal_Thoughts 0.0 .
:Respondent73 pred:hasGroupResponse :Respondent73_Depressive_Symptoms_Frequency .

:Respondent85 pred:Year_of_birth 2004.0 ;
     pred:Gender 2.0 ;
     pred:Socio_economic_status 3.0 ;
     pred:Ethnic_identity 6.0 .

:Respondent85_Parental_Education
                       pred:Father 18.0 .
:Respondent85 pred:hasGroupResponse :Respondent85_Parental_Education .

:Respondent85 pred:Life_satisfaction 5.0 ;
     pred:Happiness 6.0 ;
     pred:Laughter 6.0 ;
     pred:Learning 8.0 ;
     pred:Enjoyment 5.0 ;
     pred:Worry 1.0 ;
     pred:Depression 1.0 ;
     pred:Anger 2.0 ;
     pred:Stress 4.0 ;
     pred:Loneliness 1.0 .

:Respondent85_Emotional_Regulation_Frequency
                                   pred:Upset_by_Unexpected_Events 2.0 ;
                                   pred:Unable_to_Control_Important_Things 3.0 ;
                                   pred:Lacked_Confidence_Handling_Problems 2.0 ;
                                   pred:Unable_to_Cope 3.0 ;
                                   pred:Irritated_by_Life 3.0 ;
                                   pred:On_Top_of_Things 2.0 .
:Respondent85 pred:hasGroupResponse :Respondent85_Emotional_Regulation_Frequency .

:Respondent85_Anxiety_Symptoms_Frequency
                               pred:Feeling_Nervous_or_On_Edge 1.0 ;
                               pred:Trouble_Relaxing 1.0 ;
                               pred:Restlessness 0.0 ;
                               pred:Irritability 1.0 ;
                               pred:Fear_Something_Awful_Might_Happen 1.0 .
:Respondent85 pred:hasGroupResponse :Respondent85_Anxiety_Symptoms_Frequency .

:Respondent85_Depressive_Symptoms_Frequency
                                  pred:Anhedonia 2.0 ;
                                  pred:Sleep_Problems 2.0 ;
                                  pred:Fatigue 3.0 ;
                                  pred:Appetite_Changes 3.0 ;
                                  pred:Feelings_of_Worthlessness 1.0 ;
                                  pred:Concentration_Difficulties 1.0 ;
                                  pred:Suicidal_Thoughts 0.0 .
:Respondent85 pred:hasGroupResponse :Respondent85_Depressive_Symptoms_Frequency .

:Respondent129 pred:Year_of_birth 2001.0 ;
     pred:Gender 2.0 ;
     pred:Socio_economic_status 3.0 ;
     pred:Ethnic_identity 6.0 .

:Respondent129_Parental_Education
                       pred:Father 13.0 ;
                       pred:Mother 13.0 .
:Respondent129 pred:hasGroupResponse :Respondent129_Parental_Education .

:Respondent129 pred:Life_satisfaction 8.0 ;
     pred:Happiness 9.0 ;
     pred:Laughter 6.0 ;
     pred:Learning 5.0 ;
     pred:Enjoyment 6.0 ;
     pred:Worry 1.0 ;
     pred:Depression 1.0 ;
     pred:Anger 1.0 ;
     pred:Stress 3.0 ;
     pred:Loneliness 0.0 .

:Respondent129_Emotional_Regulation_Frequency
                                   pred:Upset_by_Unexpected_Events 1.0 ;
                                   pred:Unable_to_Control_Important_Things 1.0 ;
                                   pred:Lacked_Confidence_Handling_Problems 3.0 ;
                                   pred:Unable_to_Cope 2.0 ;
                                   pred:Irritated_by_Life 3.0 ;
                                   pred:On_Top_of_Things 2.0 .
:Respondent129 pred:hasGroupResponse :Respondent129_Emotional_Regulation_Frequency .

:Respondent129_Anxiety_Symptoms_Frequency
                               pred:Feeling_Nervous_or_On_Edge 1.0 ;
                               pred:Trouble_Relaxing 1.0 ;
                               pred:Restlessness 0.0 ;
                               pred:Irritability 0.0 ;
                               pred:Fear_Something_Awful_Might_Happen 0.0 .
:Respondent129 pred:hasGroupResponse :Respondent129_Anxiety_Symptoms_Frequency .

:Respondent129_Depressive_Symptoms_Frequency
                                  pred:Anhedonia 1.0 ;
                                  pred:Sleep_Problems 1.0 ;
                                  pred:Fatigue 2.0 ;
                                  pred:Appetite_Changes 2.0 ;
                                  pred:Feelings_of_Worthlessness 0.0 ;
                                  pred:Concentration_Difficulties 2.0 ;
                                  pred:Suicidal_Thoughts 0.0 .
:Respondent129 pred:hasGroupResponse :Respondent129_Depressive_Symptoms_Frequency .

Answer: 2.0

@prefix : <http://example.org/survey#> .
@prefix pred: <http://example.org/predicate#> .
@prefix qg: <http://example.org/question_group#> .

# Questions
:QYear_of_birth pred:Text ""What is your date of birth? [Open-ended]"" .
:QGender pred:Text ""What is your gender? [MCQ: 1. Male 2. Female]"" .
:QSocio_economic_status pred:Text ""What is the socio-economic status of your home? [Likert 1–6: 1 = Very low, 6 = Very high]"" .
:QEthnic_identity pred:Text ""According to your culture, people, or physical features, you are or are recognized as: [MCQ: 1. Indigenous 2. Gypsy 3. Raizal from San Andres, Providencia and Santa Catalina Archipelago 4. Palenquero from San Basilio 5. Black, mulatto (Afro-descendant), Afro-Colombian 6. None of the above]"" .

:QGParental_Education pred:BaseQuestion ""How many years of education did your parents receive? [Open-ended]"" ;
    qg:hasSubQuestion :QParental_Education_Father, :QParental_Education_Mother .
:QParental_Education_Father pred:Text ""Father?"" .
:QParental_Education_Mother pred:Text ""Mother?"" .

:QLife_satisfaction pred:Text ""In general, how satisfied are you with all aspects of your life? [Likert 0–10: 0 = Not satisfied, 10 = Totally satisfied]"" .
:QHappiness pred:Text ""How happy did you feel yesterday? [Likert 0–10: 0 = At no time, 10 = All the time]"" .
:QLaughter pred:Text ""How much did you laugh yesterday? [Likert 0–10: 0 = At no time, 10 = All the time]"" .
:QLearning pred:Text ""Did you learn new or exciting things yesterday? [Likert 0–10: 0 = At no time, 10 = All the time]"" .
:QEnjoyment pred:Text ""How much did you enjoy the activities you did yesterday? [Likert 0–10: 0 = At no time, 10 = All the time]"" .
:QWorry pred:Text ""How worried did you feel yesterday? [Likert 0–10: 0 = At no time, 10 = All the time]"" .
:QDepression pred:Text ""How depressed did you feel yesterday? [Likert 0–10: 0 = At no time, 10 = All the time]"" .
:QAnger pred:Text ""How angry did you feel yesterday? [Likert 0–10: 0 = At no time, 10 = All the time]"" .
:QStress pred:Text ""How much stress did you feel yesterday? [Likert 0–10: 0 = At no time, 10 = All the time]"" .
:QLoneliness pred:Text ""How lonely or unsupported did you feel yesterday? [Likert 0–10: 0 = At no time, 10 = All the time]"" .

:QGEmotional_Regulation_Frequency pred:BaseQuestion ""Next, you will be asked questions about your emotional state. Please answer on a scale of 0 to 4, where 0 is never, 1 is 'almost never', 2 is 'sometimes', 3 is 'fairly often', and 4 is 'very often', how often you experienced the following feelings during the last month: [Likert 0–4]"" ;
    qg:hasSubQuestion :QEmotional_Regulation_Frequency_Upset_by_Unexpected_Events,
                      :QEmotional_Regulation_Frequency_Unable_to_Control_Important_Things,
                      :QEmotional_Regulation_Frequency_Nervous_and_Stressed,
                      :QEmotional_Regulation_Frequency_Lacked_Confidence_Handling_Problems,
                      :QEmotional_Regulation_Frequency_Things_Going_Your_Way,
                      :QEmotional_Regulation_Frequency_Unable_to_Cope,
                      :QEmotional_Regulation_Frequency_Irritated_by_Life,
                      :QEmotional_Regulation_Frequency_On_Top_of_Things,
                      :QEmotional_Regulation_Frequency_Angered_by_Uncontrollable_Events,
                      :QEmotional_Regulation_Frequency_Felt_Overwhelmed .

:QEmotional_Regulation_Frequency_Upset_by_Unexpected_Events pred:Text ""how often have you been upset because of something that happened unexpectedly?"" .
:QEmotional_Regulation_Frequency_Unable_to_Control_Important_Things pred:Text ""how often have you felt that you were unable to control the important things in your life?"" .
:QEmotional_Regulation_Frequency_Nervous_and_Stressed pred:Text ""how often have you felt nervous and stressed?"" .
:QEmotional_Regulation_Frequency_Lacked_Confidence_Handling_Problems pred:Text ""how often have you felt confident about your ability to handle your personal problems?"" .
:QEmotional_Regulation_Frequency_Things_Going_Your_Way pred:Text ""how often have you felt that things were going your way?"" .
:QEmotional_Regulation_Frequency_Unable_to_Cope pred:Text ""how often have you found that you could not cope with all the things that you had to do?"" .
:QEmotional_Regulation_Frequency_Irritated_by_Life pred:Text ""how often have you been able to control irritations in your life?"" .
:QEmotional_Regulation_Frequency_On_Top_of_Things pred:Text ""how often have you felt that you were on top of things?"" .
:QEmotional_Regulation_Frequency_Angered_by_Uncontrollable_Events pred:Text ""how often have you been angered because of things that happened that were outside of your control?"" .
:QEmotional_Regulation_Frequency_Felt_Overwhelmed pred:Text ""how often have you felt difficulties were piling up so high that you could not overcome them?"" .

:QGAnxiety_Symptoms_Frequency pred:BaseQuestion ""Next, you will be asked questions about your emotional state. Please answer on a scale of 0 to 3, where 0 is 'Not at all', 1 is 'several days', 2 is 'more than half of the days', and 3 is 'Nearly every day'. Over the last two weeks, how often have you been bothered by the following problems? [Likert 0–3]"" ;
    qg:hasSubQuestion :QAnxiety_Symptoms_Frequency_Feeling_Nervous_or_On_Edge,
                      :QAnxiety_Symptoms_Frequency_Uncontrollable_Worrying,
                      :QAnxiety_Symptoms_Frequency_Excessive_Worry,
                      :QAnxiety_Symptoms_Frequency_Trouble_Relaxing,
                      :QAnxiety_Symptoms_Frequency_Restlessness,
                      :QAnxiety_Symptoms_Frequency_Irritability,
                      :QAnxiety_Symptoms_Frequency_Fear_Something_Awful_Might_Happen .

:QAnxiety_Symptoms_Frequency_Feeling_Nervous_or_On_Edge pred:Text ""Feeling nervous, anxious, or on edge"" .
:QAnxiety_Symptoms_Frequency_Uncontrollable_Worrying pred:Text ""Not being able to stop or control worrying"" .
:QAnxiety_Symptoms_Frequency_Excessive_Worry pred:Text ""Worrying too much about different things"" .
:QAnxiety_Symptoms_Frequency_Trouble_Relaxing pred:Text ""Trouble relaxing"" .
:QAnxiety_Symptoms_Frequency_Restlessness pred:Text ""Being so restless that it is hard to sit still"" .
:QAnxiety_Symptoms_Frequency_Irritability pred:Text ""Becoming easily annoyed or irritable"" .
:QAnxiety_Symptoms_Frequency_Fear_Something_Awful_Might_Happen pred:Text ""Feeling afraid, as if something awful might happen"" .

:QGDepressive_Symptoms_Frequency pred:BaseQuestion ""Next, you will be asked questions about your emotional state. Please answer on a scale of 0 to 3, where 0 is 'Not at all', 1 is 'several days', 2 is 'more than half of the days', and 3 is 'Nearly every day'. Over the last two weeks, how often have you been bothered by the following problems?"" ;
    qg:hasSubQuestion :QDepressive_Symptoms_Frequency_Anhedonia,
                      :QDepressive_Symptoms_Frequency_Depressed_Mood,
                      :QDepressive_Symptoms_Frequency_Sleep_Problems,
                      :QDepressive_Symptoms_Frequency_Fatigue,
                      :QDepressive_Symptoms_Frequency_Appetite_Changes,
                      :QDepressive_Symptoms_Frequency_Feelings_of_Worthlessness,
                      :QDepressive_Symptoms_Frequency_Concentration_Difficulties,
                      :QDepressive_Symptoms_Frequency_Psychomotor_Changes,
                      :QDepressive_Symptoms_Frequency_Suicidal_Thoughts .

:QDepressive_Symptoms_Frequency_Anhedonia pred:Text ""Little interest or pleasure in doing things"" .
:QDepressive_Symptoms_Frequency_Depressed_Mood pred:Text ""Feeling down, depressed, or hopeless"" .
:QDepressive_Symptoms_Frequency_Sleep_Problems pred:Text ""Trouble falling or staying asleep, or sleeping too much"" .
:QDepressive_Symptoms_Frequency_Fatigue pred:Text ""Feeling tired or having little energy"" .
:QDepressive_Symptoms_Frequency_Appetite_Changes pred:Text ""Poor appetite or overeating"" .
:QDepressive_Symptoms_Frequency_Feelings_of_Worthlessness pred:Text ""Feeling bad about yourself or that you are a failure or have let yourself or your family down"" .
:QDepressive_Symptoms_Frequency_Concentration_Difficulties pred:Text ""Trouble concentrating on things, such as reading the newspaper or watching television"" .
:QDepressive_Symptoms_Frequency_Psychomotor_Changes pred:Text ""Moving or speaking so slowly that other people could have noticed. Or the opposite — being so fidgety or restless that you have been moving around a lot more than usual"" .
:QDepressive_Symptoms_Frequency_Suicidal_Thoughts pred:Text ""Thoughts that you would be better off dead, or of hurting yourself"" .

# Responses
:Respondent133 pred:Year_of_birth 2002.0 ;
     pred:Gender 2.0 ;
     pred:Socio_economic_status 5.0 ;
     pred:Ethnic_identity 6.0 .

:Respondent133_Parental_Education
                       pred:Father 15.0 ;
                       pred:Mother 15.0 .
:Respondent133 pred:hasGroupResponse :Respondent133_Parental_Education .

:Respondent133 pred:Life_satisfaction 6.0 ;
     pred:Happiness 9.0 ;
     pred:Laughter 3.0 ;
     pred:Learning 7.0 ;
     pred:Enjoyment 4.0 ;
     pred:Worry 1.0 ;
     pred:Depression 3.0 ;
     pred:Anger 1.0 ;
     pred:Stress 3.0 ;
     pred:Loneliness 5.0 .

:Respondent133_Emotional_Regulation_Frequency
                                   pred:Upset_by_Unexpected_Events 2.0 ;
                                   pred:Unable_to_Control_Important_Things 3.0 ;
                                   pred:Lacked_Confidence_Handling_Problems 3.0 ;
                                   pred:Unable_to_Cope 3.0 ;
                                   pred:Irritated_by_Life 3.0 ;
                                   pred:On_Top_of_Things 2.0 .
:Respondent133 pred:hasGroupResponse :Respondent133_Emotional_Regulation_Frequency .

:Respondent133_Anxiety_Symptoms_Frequency
                               pred:Feeling_Nervous_or_On_Edge 2.0 ;
                               pred:Trouble_Relaxing 0.0 ;
                               pred:Restlessness 0.0 ;
                               pred:Irritability 0.0 ;
                               pred:Fear_Something_Awful_Might_Happen 0.0 .
:Respondent133 pred:hasGroupResponse :Respondent133_Anxiety_Symptoms_Frequency .

:Respondent133_Depressive_Symptoms_Frequency
                                  pred:Anhedonia 3.0 ;
                                  pred:Sleep_Problems 3.0 ;
                                  pred:Fatigue 2.0 ;
                                  pred:Appetite_Changes 0.0 ;
                                  pred:Feelings_of_Worthlessness 0.0 ;
                                  pred:Concentration_Difficulties 0.0 ;
                                  pred:Suicidal_Thoughts 0.0 .
:Respondent133 pred:hasGroupResponse :Respondent133_Depressive_Symptoms_Frequency .

:Respondent23 pred:Year_of_birth 2002.0 ;
     pred:Gender 1.0 ;
     pred:Socio_economic_status 4.0 ;
     pred:Ethnic_identity 6.0 .

:Respondent23_Parental_Education
                       pred:Father 17.0 ;
                       pred:Mother 17.0 .
:Respondent23 pred:hasGroupResponse :Respondent23_Parental_Education .

:Respondent23 pred:Life_satisfaction 5.0 ;
     pred:Happiness 4.0 ;
     pred:Laughter 4.0 ;
     pred:Learning 2.0 ;
     pred:Enjoyment 6.0 ;
     pred:Worry 3.0 ;
     pred:Depression 1.0 ;
     pred:Anger 3.0 ;
     pred:Stress 4.0 ;
     pred:Loneliness 6.0 .

:Respondent23_Emotional_Regulation_Frequency
                                   pred:Upset_by_Unexpected_Events 3.0 ;
                                   pred:Unable_to_Control_Important_Things 3.0 ;
                                   pred:Lacked_Confidence_Handling_Problems 1.0 ;
                                   pred:Unable_to_Cope 4.0 ;
                                   pred:Irritated_by_Life 3.0 ;
                                   pred:On_Top_of_Things 2.0 .
:Respondent23 pred:hasGroupResponse :Respondent23_Emotional_Regulation_Frequency .

:Respondent23_Anxiety_Symptoms_Frequency
                               pred:Feeling_Nervous_or_On_Edge 2.0 ;
                               pred:Trouble_Relaxing 2.0 ;
                               pred:Restlessness 1.0 ;
                               pred:Irritability 1.0 ;
                               pred:Fear_Something_Awful_Might_Happen 3.0 .
:Respondent23 pred:hasGroupResponse :Respondent23_Anxiety_Symptoms_Frequency .

:Respondent23_Depressive_Symptoms_Frequency
                                  pred:Anhedonia 1.0 ;
                                  pred:Sleep_Problems 1.0 ;
                                  pred:Fatigue 1.0 ;
                                  pred:Appetite_Changes 1.0 ;
                                  pred:Feelings_of_Worthlessness 2.0 ;
                                  pred:Concentration_Difficulties 2.0 ;
                                  pred:Suicidal_Thoughts 0.0 .
:Respondent23 pred:hasGroupResponse :Respondent23_Depressive_Symptoms_Frequency .

:Respondent107 pred:Year_of_birth 2003.0 ;
     pred:Gender 2.0 ;
     pred:Socio_economic_status 2.0 ;
     pred:Ethnic_identity 6.0 .

:Respondent107_Parental_Education
                       pred:Father 17.0 ;
                       pred:Mother 11.0 .
:Respondent107 pred:hasGroupResponse :Respondent107_Parental_Education .

:Respondent107 pred:Life_satisfaction 8.0 ;
     pred:Happiness 5.0 ;
     pred:Laughter 4.0 ;
     pred:Learning 10.0 ;
     pred:Enjoyment 10.0 ;
     pred:Worry 2.0 ;
     pred:Depression 1.0 ;
     pred:Anger 2.0 ;
     pred:Stress 4.0 ;
     pred:Loneliness 9.0 .

:Respondent107_Emotional_Regulation_Frequency
                                   pred:Upset_by_Unexpected_Events 2.0 ;
                                   pred:Unable_to_Control_Important_Things 1.0 ;
                                   pred:Lacked_Confidence_Handling_Problems 1.0 ;
                                   pred:Unable_to_Cope 2.0 ;
                                   pred:Irritated_by_Life 1.0 ;
                                   pred:On_Top_of_Things 1.0 .
:Respondent107 pred:hasGroupResponse :Respondent107_Emotional_Regulation_Frequency .

:Respondent107_Anxiety_Symptoms_Frequency
                               pred:Feeling_Nervous_or_On_Edge 1.0 ;
                               pred:Trouble_Relaxing 1.0 ;
                               pred:Restlessness 1.0 ;
                               pred:Irritability 1.0 ;
                               pred:Fear_Something_Awful_Might_Happen 3.0 .
:Respondent107 pred:hasGroupResponse :Respondent107_Anxiety_Symptoms_Frequency .

:Respondent107_Depressive_Symptoms_Frequency
                                  pred:Anhedonia 1.0 ;
                                  pred:Sleep_Problems 0.0 ;
                                  pred:Fatigue 1.0 ;
                                  pred:Appetite_Changes 0.0 ;
                                  pred:Feelings_of_Worthlessness 3.0 ;
                                  pred:Concentration_Difficulties 0.0 ;
                                  pred:Suicidal_Thoughts 0.0 .
:Respondent107 pred:hasGroupResponse :Respondent107_Depressive_Symptoms_Frequency .

You are a meticulous data analyst AI. Your primary function is to accurately analyze structured data and provide precise, verifiable answers.

You will be given a dataset with two key parts:

A 'questions' section: This is your data dictionary or schema. It is the single source of truth for understanding what each field and score means. Refer to it carefully.

A 'responses' section: This contains the raw data from each individual respondent.

To answer the question correctly, you must first use the 'questions' schema to fully understand the context and meaning of the data points within the 'responses'. Do not rely on any prior knowledge outside of this provided data. Base your entire analysis on the information given.

Provide your final answer directly and concisely. Output must be the human-readable value, not an option code.

Rules:
- For MCQ fields, map any letter codes in the Responses (case-insensitive) to the corresponding option text from the Questions schema, and output only that text. Do NOT include the letter or both.
  Example: If the schema is ""[MCQ: A. Abnormal B. Inconclusive C. Normal]"" and the response is ""a"", output ""Abnormal"".
- For open-ended fields, output the exact text value.
- If the question asks for a count, provide only the number (e.g., ""42"").
- If the question asks for a list of names or IDs, provide a simple comma-separated list (e.g., ""17, 21, 23"").
- Preserve capitalization exactly as in the schema (e.g., output ""Abnormal"", not ""abnormal"" or ""A"").

For respondent 23, what is the value for 'Appetite Changes' in the 'Depressive Symptoms Frequency' category?",,
case_19,answer_lookup,What is the anger for respondent 121?,"@prefix : <http://example.org/survey#> .
@prefix pred: <http://example.org/predicate#> .
@prefix qg: <http://example.org/question_group#> .

# Questions
:QYear_of_birth pred:Text ""What is your date of birth? [Open-ended]"" .
:QGender pred:Text ""What is your gender? [MCQ: 1. Male 2. Female]"" .
:QSocio_economic_status pred:Text ""What is the socio-economic status of your home? [Likert 1–6: 1 = Very low, 6 = Very high]"" .
:QEthnic_identity pred:Text ""According to your culture, people, or physical features, you are or are recognized as: [MCQ: 1. Indigenous 2. Gypsy 3. Raizal from San Andres, Providencia and Santa Catalina Archipelago 4. Palenquero from San Basilio 5. Black, mulatto (Afro-descendant), Afro-Colombian 6. None of the above]"" .

:QGParental_Education pred:BaseQuestion ""How many years of education did your parents receive? [Open-ended]"" ;
    qg:hasSubQuestion :QParental_Education_Father, :QParental_Education_Mother .
:QParental_Education_Father pred:Text ""Father?"" .
:QParental_Education_Mother pred:Text ""Mother?"" .

:QLife_satisfaction pred:Text ""In general, how satisfied are you with all aspects of your life? [Likert 0–10: 0 = Not satisfied, 10 = Totally satisfied]"" .
:QHappiness pred:Text ""How happy did you feel yesterday? [Likert 0–10: 0 = At no time, 10 = All the time]"" .
:QLaughter pred:Text ""How much did you laugh yesterday? [Likert 0–10: 0 = At no time, 10 = All the time]"" .
:QLearning pred:Text ""Did you learn new or exciting things yesterday? [Likert 0–10: 0 = At no time, 10 = All the time]"" .
:QEnjoyment pred:Text ""How much did you enjoy the activities you did yesterday? [Likert 0–10: 0 = At no time, 10 = All the time]"" .
:QWorry pred:Text ""How worried did you feel yesterday? [Likert 0–10: 0 = At no time, 10 = All the time]"" .
:QDepression pred:Text ""How depressed did you feel yesterday? [Likert 0–10: 0 = At no time, 10 = All the time]"" .
:QAnger pred:Text ""How angry did you feel yesterday? [Likert 0–10: 0 = At no time, 10 = All the time]"" .
:QStress pred:Text ""How much stress did you feel yesterday? [Likert 0–10: 0 = At no time, 10 = All the time]"" .
:QLoneliness pred:Text ""How lonely or unsupported did you feel yesterday? [Likert 0–10: 0 = At no time, 10 = All the time]"" .

:QGEmotional_Regulation_Frequency pred:BaseQuestion ""Next, you will be asked questions about your emotional state. Please answer on a scale of 0 to 4, where 0 is never, 1 is 'almost never', 2 is 'sometimes', 3 is 'fairly often', and 4 is 'very often', how often you experienced the following feelings during the last month: [Likert 0–4]"" ;
    qg:hasSubQuestion :QEmotional_Regulation_Frequency_Upset_by_Unexpected_Events,
                      :QEmotional_Regulation_Frequency_Unable_to_Control_Important_Things,
                      :QEmotional_Regulation_Frequency_Nervous_and_Stressed,
                      :QEmotional_Regulation_Frequency_Lacked_Confidence_Handling_Problems,
                      :QEmotional_Regulation_Frequency_Things_Going_Your_Way,
                      :QEmotional_Regulation_Frequency_Unable_to_Cope,
                      :QEmotional_Regulation_Frequency_Irritated_by_Life,
                      :QEmotional_Regulation_Frequency_On_Top_of_Things,
                      :QEmotional_Regulation_Frequency_Angered_by_Uncontrollable_Events,
                      :QEmotional_Regulation_Frequency_Felt_Overwhelmed .

:QEmotional_Regulation_Frequency_Upset_by_Unexpected_Events pred:Text ""how often have you been upset because of something that happened unexpectedly?"" .
:QEmotional_Regulation_Frequency_Unable_to_Control_Important_Things pred:Text ""how often have you felt that you were unable to control the important things in your life?"" .
:QEmotional_Regulation_Frequency_Nervous_and_Stressed pred:Text ""how often have you felt nervous and stressed?"" .
:QEmotional_Regulation_Frequency_Lacked_Confidence_Handling_Problems pred:Text ""how often have you felt confident about your ability to handle your personal problems?"" .
:QEmotional_Regulation_Frequency_Things_Going_Your_Way pred:Text ""how often have you felt that things were going your way?"" .
:QEmotional_Regulation_Frequency_Unable_to_Cope pred:Text ""how often have you found that you could not cope with all the things that you had to do?"" .
:QEmotional_Regulation_Frequency_Irritated_by_Life pred:Text ""how often have you been able to control irritations in your life?"" .
:QEmotional_Regulation_Frequency_On_Top_of_Things pred:Text ""how often have you felt that you were on top of things?"" .
:QEmotional_Regulation_Frequency_Angered_by_Uncontrollable_Events pred:Text ""how often have you been angered because of things that happened that were outside of your control?"" .
:QEmotional_Regulation_Frequency_Felt_Overwhelmed pred:Text ""how often have you felt difficulties were piling up so high that you could not overcome them?"" .

:QGAnxiety_Symptoms_Frequency pred:BaseQuestion ""Next, you will be asked questions about your emotional state. Please answer on a scale of 0 to 3, where 0 is 'Not at all', 1 is 'several days', 2 is 'more than half of the days', and 3 is 'Nearly every day'. Over the last two weeks, how often have you been bothered by the following problems? [Likert 0–3]"" ;
    qg:hasSubQuestion :QAnxiety_Symptoms_Frequency_Feeling_Nervous_or_On_Edge,
                      :QAnxiety_Symptoms_Frequency_Uncontrollable_Worrying,
                      :QAnxiety_Symptoms_Frequency_Excessive_Worry,
                      :QAnxiety_Symptoms_Frequency_Trouble_Relaxing,
                      :QAnxiety_Symptoms_Frequency_Restlessness,
                      :QAnxiety_Symptoms_Frequency_Irritability,
                      :QAnxiety_Symptoms_Frequency_Fear_Something_Awful_Might_Happen .

:QAnxiety_Symptoms_Frequency_Feeling_Nervous_or_On_Edge pred:Text ""Feeling nervous, anxious, or on edge"" .
:QAnxiety_Symptoms_Frequency_Uncontrollable_Worrying pred:Text ""Not being able to stop or control worrying"" .
:QAnxiety_Symptoms_Frequency_Excessive_Worry pred:Text ""Worrying too much about different things"" .
:QAnxiety_Symptoms_Frequency_Trouble_Relaxing pred:Text ""Trouble relaxing"" .
:QAnxiety_Symptoms_Frequency_Restlessness pred:Text ""Being so restless that it is hard to sit still"" .
:QAnxiety_Symptoms_Frequency_Irritability pred:Text ""Becoming easily annoyed or irritable"" .
:QAnxiety_Symptoms_Frequency_Fear_Something_Awful_Might_Happen pred:Text ""Feeling afraid, as if something awful might happen"" .

:QGDepressive_Symptoms_Frequency pred:BaseQuestion ""Next, you will be asked questions about your emotional state. Please answer on a scale of 0 to 3, where 0 is 'Not at all', 1 is 'several days', 2 is 'more than half of the days', and 3 is 'Nearly every day'. Over the last two weeks, how often have you been bothered by the following problems?"" ;
    qg:hasSubQuestion :QDepressive_Symptoms_Frequency_Anhedonia,
                      :QDepressive_Symptoms_Frequency_Depressed_Mood,
                      :QDepressive_Symptoms_Frequency_Sleep_Problems,
                      :QDepressive_Symptoms_Frequency_Fatigue,
                      :QDepressive_Symptoms_Frequency_Appetite_Changes,
                      :QDepressive_Symptoms_Frequency_Feelings_of_Worthlessness,
                      :QDepressive_Symptoms_Frequency_Concentration_Difficulties,
                      :QDepressive_Symptoms_Frequency_Psychomotor_Changes,
                      :QDepressive_Symptoms_Frequency_Suicidal_Thoughts .

:QDepressive_Symptoms_Frequency_Anhedonia pred:Text ""Little interest or pleasure in doing things"" .
:QDepressive_Symptoms_Frequency_Depressed_Mood pred:Text ""Feeling down, depressed, or hopeless"" .
:QDepressive_Symptoms_Frequency_Sleep_Problems pred:Text ""Trouble falling or staying asleep, or sleeping too much"" .
:QDepressive_Symptoms_Frequency_Fatigue pred:Text ""Feeling tired or having little energy"" .
:QDepressive_Symptoms_Frequency_Appetite_Changes pred:Text ""Poor appetite or overeating"" .
:QDepressive_Symptoms_Frequency_Feelings_of_Worthlessness pred:Text ""Feeling bad about yourself or that you are a failure or have let yourself or your family down"" .
:QDepressive_Symptoms_Frequency_Concentration_Difficulties pred:Text ""Trouble concentrating on things, such as reading the newspaper or watching television"" .
:QDepressive_Symptoms_Frequency_Psychomotor_Changes pred:Text ""Moving or speaking so slowly that other people could have noticed. Or the opposite — being so fidgety or restless that you have been moving around a lot more than usual"" .
:QDepressive_Symptoms_Frequency_Suicidal_Thoughts pred:Text ""Thoughts that you would be better off dead, or of hurting yourself"" .

# Responses
:Respondent29 pred:Year_of_birth 2002.0 ;
     pred:Gender 1.0 ;
     pred:Socio_economic_status 5.0 ;
     pred:Ethnic_identity 6.0 .

:Respondent29_Parental_Education
                       pred:Father 11.0 ;
                       pred:Mother 11.0 .
:Respondent29 pred:hasGroupResponse :Respondent29_Parental_Education .

:Respondent29 pred:Life_satisfaction 8.0 ;
     pred:Happiness 10.0 ;
     pred:Laughter 6.0 ;
     pred:Learning 6.0 ;
     pred:Enjoyment 10.0 ;
     pred:Worry 0.0 ;
     pred:Depression 0.0 ;
     pred:Anger 1.0 ;
     pred:Stress 1.0 ;
     pred:Loneliness 0.0 .

:Respondent29_Emotional_Regulation_Frequency
                                   pred:Upset_by_Unexpected_Events 1.0 ;
                                   pred:Unable_to_Control_Important_Things 1.0 ;
                                   pred:Lacked_Confidence_Handling_Problems 4.0 ;
                                   pred:Unable_to_Cope 1.0 ;
                                   pred:Irritated_by_Life 4.0 ;
                                   pred:On_Top_of_Things 4.0 .
:Respondent29 pred:hasGroupResponse :Respondent29_Emotional_Regulation_Frequency .

:Respondent29_Anxiety_Symptoms_Frequency
                               pred:Feeling_Nervous_or_On_Edge 0.0 ;
                               pred:Trouble_Relaxing 0.0 ;
                               pred:Restlessness 1.0 ;
                               pred:Irritability 0.0 ;
                               pred:Fear_Something_Awful_Might_Happen 0.0 .
:Respondent29 pred:hasGroupResponse :Respondent29_Anxiety_Symptoms_Frequency .

:Respondent29_Depressive_Symptoms_Frequency
                                  pred:Anhedonia 1.0 ;
                                  pred:Sleep_Problems 2.0 ;
                                  pred:Fatigue 0.0 ;
                                  pred:Appetite_Changes 1.0 ;
                                  pred:Feelings_of_Worthlessness 0.0 ;
                                  pred:Concentration_Difficulties 0.0 ;
                                  pred:Suicidal_Thoughts 0.0 .
:Respondent29 pred:hasGroupResponse :Respondent29_Depressive_Symptoms_Frequency .

:Respondent132 pred:Year_of_birth 2002.0 ;
     pred:Gender 2.0 ;
     pred:Socio_economic_status 5.0 ;
     pred:Ethnic_identity 5.0 .

:Respondent132_Parental_Education
                       pred:Father 20.0 ;
                       pred:Mother 16.0 .
:Respondent132 pred:hasGroupResponse :Respondent132_Parental_Education .

:Respondent132 pred:Life_satisfaction 6.0 ;
     pred:Happiness 8.0 ;
     pred:Laughter 8.0 ;
     pred:Learning 9.0 ;
     pred:Enjoyment 9.0 ;
     pred:Worry 2.0 ;
     pred:Depression 1.0 ;
     pred:Anger 4.0 ;
     pred:Stress 4.0 ;
     pred:Loneliness 1.0 .

:Respondent132_Emotional_Regulation_Frequency
                                   pred:Upset_by_Unexpected_Events 4.0 ;
                                   pred:Unable_to_Control_Important_Things 3.0 ;
                                   pred:Lacked_Confidence_Handling_Problems 3.0 ;
                                   pred:Unable_to_Cope 3.0 ;
                                   pred:Irritated_by_Life 3.0 ;
                                   pred:On_Top_of_Things 2.0 .
:Respondent132 pred:hasGroupResponse :Respondent132_Emotional_Regulation_Frequency .

:Respondent132_Anxiety_Symptoms_Frequency
                               pred:Feeling_Nervous_or_On_Edge 3.0 ;
                               pred:Trouble_Relaxing 3.0 ;
                               pred:Restlessness 2.0 ;
                               pred:Irritability 1.0 ;
                               pred:Fear_Something_Awful_Might_Happen 3.0 .
:Respondent132 pred:hasGroupResponse :Respondent132_Anxiety_Symptoms_Frequency .

:Respondent132_Depressive_Symptoms_Frequency
                                  pred:Anhedonia 0.0 ;
                                  pred:Sleep_Problems 3.0 ;
                                  pred:Fatigue 2.0 ;
                                  pred:Appetite_Changes 3.0 ;
                                  pred:Feelings_of_Worthlessness 3.0 ;
                                  pred:Concentration_Difficulties 3.0 ;
                                  pred:Suicidal_Thoughts 1.0 .
:Respondent132 pred:hasGroupResponse :Respondent132_Depressive_Symptoms_Frequency .

:Respondent121 pred:Year_of_birth 2002.0 ;
     pred:Gender 1.0 ;
     pred:Socio_economic_status 6.0 ;
     pred:Ethnic_identity 6.0 .

:Respondent121_Parental_Education
                       pred:Father 17.0 ;
                       pred:Mother 15.0 .
:Respondent121 pred:hasGroupResponse :Respondent121_Parental_Education .

:Respondent121 pred:Life_satisfaction 9.0 ;
     pred:Happiness 7.0 ;
     pred:Laughter 7.0 ;
     pred:Learning 10.0 ;
     pred:Enjoyment 9.0 ;
     pred:Worry 2.0 ;
     pred:Depression 0.0 ;
     pred:Anger 2.0 ;
     pred:Stress 1.0 ;
     pred:Loneliness 0.0 .

:Respondent121_Emotional_Regulation_Frequency
                                   pred:Upset_by_Unexpected_Events 1.0 ;
                                   pred:Unable_to_Control_Important_Things 1.0 ;
                                   pred:Lacked_Confidence_Handling_Problems 3.0 ;
                                   pred:Unable_to_Cope 2.0 ;
                                   pred:Irritated_by_Life 2.0 ;
                                   pred:On_Top_of_Things 2.0 .
:Respondent121 pred:hasGroupResponse :Respondent121_Emotional_Regulation_Frequency .

:Respondent121_Anxiety_Symptoms_Frequency
                               pred:Feeling_Nervous_or_On_Edge 1.0 ;
                               pred:Trouble_Relaxing 0.0 ;
                               pred:Restlessness 0.0 ;
                               pred:Irritability 0.0 ;
                               pred:Fear_Something_Awful_Might_Happen 0.0 .
:Respondent121 pred:hasGroupResponse :Respondent121_Anxiety_Symptoms_Frequency .

:Respondent121_Depressive_Symptoms_Frequency
                                  pred:Anhedonia 1.0 ;
                                  pred:Sleep_Problems 0.0 ;
                                  pred:Fatigue 1.0 ;
                                  pred:Appetite_Changes 0.0 ;
                                  pred:Feelings_of_Worthlessness 0.0 ;
                                  pred:Concentration_Difficulties 0.0 ;
                                  pred:Suicidal_Thoughts 0.0 .
:Respondent121 pred:hasGroupResponse :Respondent121_Depressive_Symptoms_Frequency .
",2.0,"For respondent 129, what is the value for 'Appetite Changes' in the 'Depressive Symptoms Frequency' category?

DATA:

@prefix : <http://example.org/survey#> .
@prefix pred: <http://example.org/predicate#> .
@prefix qg: <http://example.org/question_group#> .

# Questions
:QYear_of_birth pred:Text ""What is your date of birth? [Open-ended]"" .
:QGender pred:Text ""What is your gender? [MCQ: 1. Male 2. Female]"" .
:QSocio_economic_status pred:Text ""What is the socio-economic status of your home? [Likert 1–6: 1 = Very low, 6 = Very high]"" .
:QEthnic_identity pred:Text ""According to your culture, people, or physical features, you are or are recognized as: [MCQ: 1. Indigenous 2. Gypsy 3. Raizal from San Andres, Providencia and Santa Catalina Archipelago 4. Palenquero from San Basilio 5. Black, mulatto (Afro-descendant), Afro-Colombian 6. None of the above]"" .

:QGParental_Education pred:BaseQuestion ""How many years of education did your parents receive? [Open-ended]"" ;
    qg:hasSubQuestion :QParental_Education_Father, :QParental_Education_Mother .
:QParental_Education_Father pred:Text ""Father?"" .
:QParental_Education_Mother pred:Text ""Mother?"" .

:QLife_satisfaction pred:Text ""In general, how satisfied are you with all aspects of your life? [Likert 0–10: 0 = Not satisfied, 10 = Totally satisfied]"" .
:QHappiness pred:Text ""How happy did you feel yesterday? [Likert 0–10: 0 = At no time, 10 = All the time]"" .
:QLaughter pred:Text ""How much did you laugh yesterday? [Likert 0–10: 0 = At no time, 10 = All the time]"" .
:QLearning pred:Text ""Did you learn new or exciting things yesterday? [Likert 0–10: 0 = At no time, 10 = All the time]"" .
:QEnjoyment pred:Text ""How much did you enjoy the activities you did yesterday? [Likert 0–10: 0 = At no time, 10 = All the time]"" .
:QWorry pred:Text ""How worried did you feel yesterday? [Likert 0–10: 0 = At no time, 10 = All the time]"" .
:QDepression pred:Text ""How depressed did you feel yesterday? [Likert 0–10: 0 = At no time, 10 = All the time]"" .
:QAnger pred:Text ""How angry did you feel yesterday? [Likert 0–10: 0 = At no time, 10 = All the time]"" .
:QStress pred:Text ""How much stress did you feel yesterday? [Likert 0–10: 0 = At no time, 10 = All the time]"" .
:QLoneliness pred:Text ""How lonely or unsupported did you feel yesterday? [Likert 0–10: 0 = At no time, 10 = All the time]"" .

:QGEmotional_Regulation_Frequency pred:BaseQuestion ""Next, you will be asked questions about your emotional state. Please answer on a scale of 0 to 4, where 0 is never, 1 is 'almost never', 2 is 'sometimes', 3 is 'fairly often', and 4 is 'very often', how often you experienced the following feelings during the last month: [Likert 0–4]"" ;
    qg:hasSubQuestion :QEmotional_Regulation_Frequency_Upset_by_Unexpected_Events,
                      :QEmotional_Regulation_Frequency_Unable_to_Control_Important_Things,
                      :QEmotional_Regulation_Frequency_Nervous_and_Stressed,
                      :QEmotional_Regulation_Frequency_Lacked_Confidence_Handling_Problems,
                      :QEmotional_Regulation_Frequency_Things_Going_Your_Way,
                      :QEmotional_Regulation_Frequency_Unable_to_Cope,
                      :QEmotional_Regulation_Frequency_Irritated_by_Life,
                      :QEmotional_Regulation_Frequency_On_Top_of_Things,
                      :QEmotional_Regulation_Frequency_Angered_by_Uncontrollable_Events,
                      :QEmotional_Regulation_Frequency_Felt_Overwhelmed .

:QEmotional_Regulation_Frequency_Upset_by_Unexpected_Events pred:Text ""how often have you been upset because of something that happened unexpectedly?"" .
:QEmotional_Regulation_Frequency_Unable_to_Control_Important_Things pred:Text ""how often have you felt that you were unable to control the important things in your life?"" .
:QEmotional_Regulation_Frequency_Nervous_and_Stressed pred:Text ""how often have you felt nervous and stressed?"" .
:QEmotional_Regulation_Frequency_Lacked_Confidence_Handling_Problems pred:Text ""how often have you felt confident about your ability to handle your personal problems?"" .
:QEmotional_Regulation_Frequency_Things_Going_Your_Way pred:Text ""how often have you felt that things were going your way?"" .
:QEmotional_Regulation_Frequency_Unable_to_Cope pred:Text ""how often have you found that you could not cope with all the things that you had to do?"" .
:QEmotional_Regulation_Frequency_Irritated_by_Life pred:Text ""how often have you been able to control irritations in your life?"" .
:QEmotional_Regulation_Frequency_On_Top_of_Things pred:Text ""how often have you felt that you were on top of things?"" .
:QEmotional_Regulation_Frequency_Angered_by_Uncontrollable_Events pred:Text ""how often have you been angered because of things that happened that were outside of your control?"" .
:QEmotional_Regulation_Frequency_Felt_Overwhelmed pred:Text ""how often have you felt difficulties were piling up so high that you could not overcome them?"" .

:QGAnxiety_Symptoms_Frequency pred:BaseQuestion ""Next, you will be asked questions about your emotional state. Please answer on a scale of 0 to 3, where 0 is 'Not at all', 1 is 'several days', 2 is 'more than half of the days', and 3 is 'Nearly every day'. Over the last two weeks, how often have you been bothered by the following problems? [Likert 0–3]"" ;
    qg:hasSubQuestion :QAnxiety_Symptoms_Frequency_Feeling_Nervous_or_On_Edge,
                      :QAnxiety_Symptoms_Frequency_Uncontrollable_Worrying,
                      :QAnxiety_Symptoms_Frequency_Excessive_Worry,
                      :QAnxiety_Symptoms_Frequency_Trouble_Relaxing,
                      :QAnxiety_Symptoms_Frequency_Restlessness,
                      :QAnxiety_Symptoms_Frequency_Irritability,
                      :QAnxiety_Symptoms_Frequency_Fear_Something_Awful_Might_Happen .

:QAnxiety_Symptoms_Frequency_Feeling_Nervous_or_On_Edge pred:Text ""Feeling nervous, anxious, or on edge"" .
:QAnxiety_Symptoms_Frequency_Uncontrollable_Worrying pred:Text ""Not being able to stop or control worrying"" .
:QAnxiety_Symptoms_Frequency_Excessive_Worry pred:Text ""Worrying too much about different things"" .
:QAnxiety_Symptoms_Frequency_Trouble_Relaxing pred:Text ""Trouble relaxing"" .
:QAnxiety_Symptoms_Frequency_Restlessness pred:Text ""Being so restless that it is hard to sit still"" .
:QAnxiety_Symptoms_Frequency_Irritability pred:Text ""Becoming easily annoyed or irritable"" .
:QAnxiety_Symptoms_Frequency_Fear_Something_Awful_Might_Happen pred:Text ""Feeling afraid, as if something awful might happen"" .

:QGDepressive_Symptoms_Frequency pred:BaseQuestion ""Next, you will be asked questions about your emotional state. Please answer on a scale of 0 to 3, where 0 is 'Not at all', 1 is 'several days', 2 is 'more than half of the days', and 3 is 'Nearly every day'. Over the last two weeks, how often have you been bothered by the following problems?"" ;
    qg:hasSubQuestion :QDepressive_Symptoms_Frequency_Anhedonia,
                      :QDepressive_Symptoms_Frequency_Depressed_Mood,
                      :QDepressive_Symptoms_Frequency_Sleep_Problems,
                      :QDepressive_Symptoms_Frequency_Fatigue,
                      :QDepressive_Symptoms_Frequency_Appetite_Changes,
                      :QDepressive_Symptoms_Frequency_Feelings_of_Worthlessness,
                      :QDepressive_Symptoms_Frequency_Concentration_Difficulties,
                      :QDepressive_Symptoms_Frequency_Psychomotor_Changes,
                      :QDepressive_Symptoms_Frequency_Suicidal_Thoughts .

:QDepressive_Symptoms_Frequency_Anhedonia pred:Text ""Little interest or pleasure in doing things"" .
:QDepressive_Symptoms_Frequency_Depressed_Mood pred:Text ""Feeling down, depressed, or hopeless"" .
:QDepressive_Symptoms_Frequency_Sleep_Problems pred:Text ""Trouble falling or staying asleep, or sleeping too much"" .
:QDepressive_Symptoms_Frequency_Fatigue pred:Text ""Feeling tired or having little energy"" .
:QDepressive_Symptoms_Frequency_Appetite_Changes pred:Text ""Poor appetite or overeating"" .
:QDepressive_Symptoms_Frequency_Feelings_of_Worthlessness pred:Text ""Feeling bad about yourself or that you are a failure or have let yourself or your family down"" .
:QDepressive_Symptoms_Frequency_Concentration_Difficulties pred:Text ""Trouble concentrating on things, such as reading the newspaper or watching television"" .
:QDepressive_Symptoms_Frequency_Psychomotor_Changes pred:Text ""Moving or speaking so slowly that other people could have noticed. Or the opposite — being so fidgety or restless that you have been moving around a lot more than usual"" .
:QDepressive_Symptoms_Frequency_Suicidal_Thoughts pred:Text ""Thoughts that you would be better off dead, or of hurting yourself"" .

# Responses
:Respondent73 pred:Year_of_birth 2005.0 ;
     pred:Gender 2.0 ;
     pred:Socio_economic_status 2.0 ;
     pred:Ethnic_identity 6.0 .

:Respondent73_Parental_Education
                       pred:Father 25.0 ;
                       pred:Mother 15.0 .
:Respondent73 pred:hasGroupResponse :Respondent73_Parental_Education .

:Respondent73 pred:Life_satisfaction 8.0 ;
     pred:Happiness 5.0 ;
     pred:Laughter 4.0 ;
     pred:Learning 5.0 ;
     pred:Enjoyment 5.0 ;
     pred:Worry 2.0 ;
     pred:Depression 1.0 ;
     pred:Anger 2.0 ;
     pred:Stress 4.0 ;
     pred:Loneliness 6.0 .

:Respondent73_Emotional_Regulation_Frequency
                                   pred:Upset_by_Unexpected_Events 2.0 ;
                                   pred:Unable_to_Control_Important_Things 2.0 ;
                                   pred:Lacked_Confidence_Handling_Problems 2.0 ;
                                   pred:Unable_to_Cope 2.0 ;
                                   pred:Irritated_by_Life 2.0 ;
                                   pred:On_Top_of_Things 2.0 .
:Respondent73 pred:hasGroupResponse :Respondent73_Emotional_Regulation_Frequency .

:Respondent73_Anxiety_Symptoms_Frequency
                               pred:Feeling_Nervous_or_On_Edge 2.0 ;
                               pred:Trouble_Relaxing 1.0 ;
                               pred:Restlessness 1.0 ;
                               pred:Irritability 2.0 ;
                               pred:Fear_Something_Awful_Might_Happen 2.0 .
:Respondent73 pred:hasGroupResponse :Respondent73_Anxiety_Symptoms_Frequency .

:Respondent73_Depressive_Symptoms_Frequency
                                  pred:Anhedonia 1.0 ;
                                  pred:Sleep_Problems 2.0 ;
                                  pred:Fatigue 1.0 ;
                                  pred:Appetite_Changes 1.0 ;
                                  pred:Feelings_of_Worthlessness 1.0 ;
                                  pred:Concentration_Difficulties 1.0 ;
                                  pred:Suicidal_Thoughts 0.0 .
:Respondent73 pred:hasGroupResponse :Respondent73_Depressive_Symptoms_Frequency .

:Respondent85 pred:Year_of_birth 2004.0 ;
     pred:Gender 2.0 ;
     pred:Socio_economic_status 3.0 ;
     pred:Ethnic_identity 6.0 .

:Respondent85_Parental_Education
                       pred:Father 18.0 .
:Respondent85 pred:hasGroupResponse :Respondent85_Parental_Education .

:Respondent85 pred:Life_satisfaction 5.0 ;
     pred:Happiness 6.0 ;
     pred:Laughter 6.0 ;
     pred:Learning 8.0 ;
     pred:Enjoyment 5.0 ;
     pred:Worry 1.0 ;
     pred:Depression 1.0 ;
     pred:Anger 2.0 ;
     pred:Stress 4.0 ;
     pred:Loneliness 1.0 .

:Respondent85_Emotional_Regulation_Frequency
                                   pred:Upset_by_Unexpected_Events 2.0 ;
                                   pred:Unable_to_Control_Important_Things 3.0 ;
                                   pred:Lacked_Confidence_Handling_Problems 2.0 ;
                                   pred:Unable_to_Cope 3.0 ;
                                   pred:Irritated_by_Life 3.0 ;
                                   pred:On_Top_of_Things 2.0 .
:Respondent85 pred:hasGroupResponse :Respondent85_Emotional_Regulation_Frequency .

:Respondent85_Anxiety_Symptoms_Frequency
                               pred:Feeling_Nervous_or_On_Edge 1.0 ;
                               pred:Trouble_Relaxing 1.0 ;
                               pred:Restlessness 0.0 ;
                               pred:Irritability 1.0 ;
                               pred:Fear_Something_Awful_Might_Happen 1.0 .
:Respondent85 pred:hasGroupResponse :Respondent85_Anxiety_Symptoms_Frequency .

:Respondent85_Depressive_Symptoms_Frequency
                                  pred:Anhedonia 2.0 ;
                                  pred:Sleep_Problems 2.0 ;
                                  pred:Fatigue 3.0 ;
                                  pred:Appetite_Changes 3.0 ;
                                  pred:Feelings_of_Worthlessness 1.0 ;
                                  pred:Concentration_Difficulties 1.0 ;
                                  pred:Suicidal_Thoughts 0.0 .
:Respondent85 pred:hasGroupResponse :Respondent85_Depressive_Symptoms_Frequency .

:Respondent129 pred:Year_of_birth 2001.0 ;
     pred:Gender 2.0 ;
     pred:Socio_economic_status 3.0 ;
     pred:Ethnic_identity 6.0 .

:Respondent129_Parental_Education
                       pred:Father 13.0 ;
                       pred:Mother 13.0 .
:Respondent129 pred:hasGroupResponse :Respondent129_Parental_Education .

:Respondent129 pred:Life_satisfaction 8.0 ;
     pred:Happiness 9.0 ;
     pred:Laughter 6.0 ;
     pred:Learning 5.0 ;
     pred:Enjoyment 6.0 ;
     pred:Worry 1.0 ;
     pred:Depression 1.0 ;
     pred:Anger 1.0 ;
     pred:Stress 3.0 ;
     pred:Loneliness 0.0 .

:Respondent129_Emotional_Regulation_Frequency
                                   pred:Upset_by_Unexpected_Events 1.0 ;
                                   pred:Unable_to_Control_Important_Things 1.0 ;
                                   pred:Lacked_Confidence_Handling_Problems 3.0 ;
                                   pred:Unable_to_Cope 2.0 ;
                                   pred:Irritated_by_Life 3.0 ;
                                   pred:On_Top_of_Things 2.0 .
:Respondent129 pred:hasGroupResponse :Respondent129_Emotional_Regulation_Frequency .

:Respondent129_Anxiety_Symptoms_Frequency
                               pred:Feeling_Nervous_or_On_Edge 1.0 ;
                               pred:Trouble_Relaxing 1.0 ;
                               pred:Restlessness 0.0 ;
                               pred:Irritability 0.0 ;
                               pred:Fear_Something_Awful_Might_Happen 0.0 .
:Respondent129 pred:hasGroupResponse :Respondent129_Anxiety_Symptoms_Frequency .

:Respondent129_Depressive_Symptoms_Frequency
                                  pred:Anhedonia 1.0 ;
                                  pred:Sleep_Problems 1.0 ;
                                  pred:Fatigue 2.0 ;
                                  pred:Appetite_Changes 2.0 ;
                                  pred:Feelings_of_Worthlessness 0.0 ;
                                  pred:Concentration_Difficulties 2.0 ;
                                  pred:Suicidal_Thoughts 0.0 .
:Respondent129 pred:hasGroupResponse :Respondent129_Depressive_Symptoms_Frequency .

Answer: 2.0

@prefix : <http://example.org/survey#> .
@prefix pred: <http://example.org/predicate#> .
@prefix qg: <http://example.org/question_group#> .

# Questions
:QYear_of_birth pred:Text ""What is your date of birth? [Open-ended]"" .
:QGender pred:Text ""What is your gender? [MCQ: 1. Male 2. Female]"" .
:QSocio_economic_status pred:Text ""What is the socio-economic status of your home? [Likert 1–6: 1 = Very low, 6 = Very high]"" .
:QEthnic_identity pred:Text ""According to your culture, people, or physical features, you are or are recognized as: [MCQ: 1. Indigenous 2. Gypsy 3. Raizal from San Andres, Providencia and Santa Catalina Archipelago 4. Palenquero from San Basilio 5. Black, mulatto (Afro-descendant), Afro-Colombian 6. None of the above]"" .

:QGParental_Education pred:BaseQuestion ""How many years of education did your parents receive? [Open-ended]"" ;
    qg:hasSubQuestion :QParental_Education_Father, :QParental_Education_Mother .
:QParental_Education_Father pred:Text ""Father?"" .
:QParental_Education_Mother pred:Text ""Mother?"" .

:QLife_satisfaction pred:Text ""In general, how satisfied are you with all aspects of your life? [Likert 0–10: 0 = Not satisfied, 10 = Totally satisfied]"" .
:QHappiness pred:Text ""How happy did you feel yesterday? [Likert 0–10: 0 = At no time, 10 = All the time]"" .
:QLaughter pred:Text ""How much did you laugh yesterday? [Likert 0–10: 0 = At no time, 10 = All the time]"" .
:QLearning pred:Text ""Did you learn new or exciting things yesterday? [Likert 0–10: 0 = At no time, 10 = All the time]"" .
:QEnjoyment pred:Text ""How much did you enjoy the activities you did yesterday? [Likert 0–10: 0 = At no time, 10 = All the time]"" .
:QWorry pred:Text ""How worried did you feel yesterday? [Likert 0–10: 0 = At no time, 10 = All the time]"" .
:QDepression pred:Text ""How depressed did you feel yesterday? [Likert 0–10: 0 = At no time, 10 = All the time]"" .
:QAnger pred:Text ""How angry did you feel yesterday? [Likert 0–10: 0 = At no time, 10 = All the time]"" .
:QStress pred:Text ""How much stress did you feel yesterday? [Likert 0–10: 0 = At no time, 10 = All the time]"" .
:QLoneliness pred:Text ""How lonely or unsupported did you feel yesterday? [Likert 0–10: 0 = At no time, 10 = All the time]"" .

:QGEmotional_Regulation_Frequency pred:BaseQuestion ""Next, you will be asked questions about your emotional state. Please answer on a scale of 0 to 4, where 0 is never, 1 is 'almost never', 2 is 'sometimes', 3 is 'fairly often', and 4 is 'very often', how often you experienced the following feelings during the last month: [Likert 0–4]"" ;
    qg:hasSubQuestion :QEmotional_Regulation_Frequency_Upset_by_Unexpected_Events,
                      :QEmotional_Regulation_Frequency_Unable_to_Control_Important_Things,
                      :QEmotional_Regulation_Frequency_Nervous_and_Stressed,
                      :QEmotional_Regulation_Frequency_Lacked_Confidence_Handling_Problems,
                      :QEmotional_Regulation_Frequency_Things_Going_Your_Way,
                      :QEmotional_Regulation_Frequency_Unable_to_Cope,
                      :QEmotional_Regulation_Frequency_Irritated_by_Life,
                      :QEmotional_Regulation_Frequency_On_Top_of_Things,
                      :QEmotional_Regulation_Frequency_Angered_by_Uncontrollable_Events,
                      :QEmotional_Regulation_Frequency_Felt_Overwhelmed .

:QEmotional_Regulation_Frequency_Upset_by_Unexpected_Events pred:Text ""how often have you been upset because of something that happened unexpectedly?"" .
:QEmotional_Regulation_Frequency_Unable_to_Control_Important_Things pred:Text ""how often have you felt that you were unable to control the important things in your life?"" .
:QEmotional_Regulation_Frequency_Nervous_and_Stressed pred:Text ""how often have you felt nervous and stressed?"" .
:QEmotional_Regulation_Frequency_Lacked_Confidence_Handling_Problems pred:Text ""how often have you felt confident about your ability to handle your personal problems?"" .
:QEmotional_Regulation_Frequency_Things_Going_Your_Way pred:Text ""how often have you felt that things were going your way?"" .
:QEmotional_Regulation_Frequency_Unable_to_Cope pred:Text ""how often have you found that you could not cope with all the things that you had to do?"" .
:QEmotional_Regulation_Frequency_Irritated_by_Life pred:Text ""how often have you been able to control irritations in your life?"" .
:QEmotional_Regulation_Frequency_On_Top_of_Things pred:Text ""how often have you felt that you were on top of things?"" .
:QEmotional_Regulation_Frequency_Angered_by_Uncontrollable_Events pred:Text ""how often have you been angered because of things that happened that were outside of your control?"" .
:QEmotional_Regulation_Frequency_Felt_Overwhelmed pred:Text ""how often have you felt difficulties were piling up so high that you could not overcome them?"" .

:QGAnxiety_Symptoms_Frequency pred:BaseQuestion ""Next, you will be asked questions about your emotional state. Please answer on a scale of 0 to 3, where 0 is 'Not at all', 1 is 'several days', 2 is 'more than half of the days', and 3 is 'Nearly every day'. Over the last two weeks, how often have you been bothered by the following problems? [Likert 0–3]"" ;
    qg:hasSubQuestion :QAnxiety_Symptoms_Frequency_Feeling_Nervous_or_On_Edge,
                      :QAnxiety_Symptoms_Frequency_Uncontrollable_Worrying,
                      :QAnxiety_Symptoms_Frequency_Excessive_Worry,
                      :QAnxiety_Symptoms_Frequency_Trouble_Relaxing,
                      :QAnxiety_Symptoms_Frequency_Restlessness,
                      :QAnxiety_Symptoms_Frequency_Irritability,
                      :QAnxiety_Symptoms_Frequency_Fear_Something_Awful_Might_Happen .

:QAnxiety_Symptoms_Frequency_Feeling_Nervous_or_On_Edge pred:Text ""Feeling nervous, anxious, or on edge"" .
:QAnxiety_Symptoms_Frequency_Uncontrollable_Worrying pred:Text ""Not being able to stop or control worrying"" .
:QAnxiety_Symptoms_Frequency_Excessive_Worry pred:Text ""Worrying too much about different things"" .
:QAnxiety_Symptoms_Frequency_Trouble_Relaxing pred:Text ""Trouble relaxing"" .
:QAnxiety_Symptoms_Frequency_Restlessness pred:Text ""Being so restless that it is hard to sit still"" .
:QAnxiety_Symptoms_Frequency_Irritability pred:Text ""Becoming easily annoyed or irritable"" .
:QAnxiety_Symptoms_Frequency_Fear_Something_Awful_Might_Happen pred:Text ""Feeling afraid, as if something awful might happen"" .

:QGDepressive_Symptoms_Frequency pred:BaseQuestion ""Next, you will be asked questions about your emotional state. Please answer on a scale of 0 to 3, where 0 is 'Not at all', 1 is 'several days', 2 is 'more than half of the days', and 3 is 'Nearly every day'. Over the last two weeks, how often have you been bothered by the following problems?"" ;
    qg:hasSubQuestion :QDepressive_Symptoms_Frequency_Anhedonia,
                      :QDepressive_Symptoms_Frequency_Depressed_Mood,
                      :QDepressive_Symptoms_Frequency_Sleep_Problems,
                      :QDepressive_Symptoms_Frequency_Fatigue,
                      :QDepressive_Symptoms_Frequency_Appetite_Changes,
                      :QDepressive_Symptoms_Frequency_Feelings_of_Worthlessness,
                      :QDepressive_Symptoms_Frequency_Concentration_Difficulties,
                      :QDepressive_Symptoms_Frequency_Psychomotor_Changes,
                      :QDepressive_Symptoms_Frequency_Suicidal_Thoughts .

:QDepressive_Symptoms_Frequency_Anhedonia pred:Text ""Little interest or pleasure in doing things"" .
:QDepressive_Symptoms_Frequency_Depressed_Mood pred:Text ""Feeling down, depressed, or hopeless"" .
:QDepressive_Symptoms_Frequency_Sleep_Problems pred:Text ""Trouble falling or staying asleep, or sleeping too much"" .
:QDepressive_Symptoms_Frequency_Fatigue pred:Text ""Feeling tired or having little energy"" .
:QDepressive_Symptoms_Frequency_Appetite_Changes pred:Text ""Poor appetite or overeating"" .
:QDepressive_Symptoms_Frequency_Feelings_of_Worthlessness pred:Text ""Feeling bad about yourself or that you are a failure or have let yourself or your family down"" .
:QDepressive_Symptoms_Frequency_Concentration_Difficulties pred:Text ""Trouble concentrating on things, such as reading the newspaper or watching television"" .
:QDepressive_Symptoms_Frequency_Psychomotor_Changes pred:Text ""Moving or speaking so slowly that other people could have noticed. Or the opposite — being so fidgety or restless that you have been moving around a lot more than usual"" .
:QDepressive_Symptoms_Frequency_Suicidal_Thoughts pred:Text ""Thoughts that you would be better off dead, or of hurting yourself"" .

# Responses
:Respondent29 pred:Year_of_birth 2002.0 ;
     pred:Gender 1.0 ;
     pred:Socio_economic_status 5.0 ;
     pred:Ethnic_identity 6.0 .

:Respondent29_Parental_Education
                       pred:Father 11.0 ;
                       pred:Mother 11.0 .
:Respondent29 pred:hasGroupResponse :Respondent29_Parental_Education .

:Respondent29 pred:Life_satisfaction 8.0 ;
     pred:Happiness 10.0 ;
     pred:Laughter 6.0 ;
     pred:Learning 6.0 ;
     pred:Enjoyment 10.0 ;
     pred:Worry 0.0 ;
     pred:Depression 0.0 ;
     pred:Anger 1.0 ;
     pred:Stress 1.0 ;
     pred:Loneliness 0.0 .

:Respondent29_Emotional_Regulation_Frequency
                                   pred:Upset_by_Unexpected_Events 1.0 ;
                                   pred:Unable_to_Control_Important_Things 1.0 ;
                                   pred:Lacked_Confidence_Handling_Problems 4.0 ;
                                   pred:Unable_to_Cope 1.0 ;
                                   pred:Irritated_by_Life 4.0 ;
                                   pred:On_Top_of_Things 4.0 .
:Respondent29 pred:hasGroupResponse :Respondent29_Emotional_Regulation_Frequency .

:Respondent29_Anxiety_Symptoms_Frequency
                               pred:Feeling_Nervous_or_On_Edge 0.0 ;
                               pred:Trouble_Relaxing 0.0 ;
                               pred:Restlessness 1.0 ;
                               pred:Irritability 0.0 ;
                               pred:Fear_Something_Awful_Might_Happen 0.0 .
:Respondent29 pred:hasGroupResponse :Respondent29_Anxiety_Symptoms_Frequency .

:Respondent29_Depressive_Symptoms_Frequency
                                  pred:Anhedonia 1.0 ;
                                  pred:Sleep_Problems 2.0 ;
                                  pred:Fatigue 0.0 ;
                                  pred:Appetite_Changes 1.0 ;
                                  pred:Feelings_of_Worthlessness 0.0 ;
                                  pred:Concentration_Difficulties 0.0 ;
                                  pred:Suicidal_Thoughts 0.0 .
:Respondent29 pred:hasGroupResponse :Respondent29_Depressive_Symptoms_Frequency .

:Respondent132 pred:Year_of_birth 2002.0 ;
     pred:Gender 2.0 ;
     pred:Socio_economic_status 5.0 ;
     pred:Ethnic_identity 5.0 .

:Respondent132_Parental_Education
                       pred:Father 20.0 ;
                       pred:Mother 16.0 .
:Respondent132 pred:hasGroupResponse :Respondent132_Parental_Education .

:Respondent132 pred:Life_satisfaction 6.0 ;
     pred:Happiness 8.0 ;
     pred:Laughter 8.0 ;
     pred:Learning 9.0 ;
     pred:Enjoyment 9.0 ;
     pred:Worry 2.0 ;
     pred:Depression 1.0 ;
     pred:Anger 4.0 ;
     pred:Stress 4.0 ;
     pred:Loneliness 1.0 .

:Respondent132_Emotional_Regulation_Frequency
                                   pred:Upset_by_Unexpected_Events 4.0 ;
                                   pred:Unable_to_Control_Important_Things 3.0 ;
                                   pred:Lacked_Confidence_Handling_Problems 3.0 ;
                                   pred:Unable_to_Cope 3.0 ;
                                   pred:Irritated_by_Life 3.0 ;
                                   pred:On_Top_of_Things 2.0 .
:Respondent132 pred:hasGroupResponse :Respondent132_Emotional_Regulation_Frequency .

:Respondent132_Anxiety_Symptoms_Frequency
                               pred:Feeling_Nervous_or_On_Edge 3.0 ;
                               pred:Trouble_Relaxing 3.0 ;
                               pred:Restlessness 2.0 ;
                               pred:Irritability 1.0 ;
                               pred:Fear_Something_Awful_Might_Happen 3.0 .
:Respondent132 pred:hasGroupResponse :Respondent132_Anxiety_Symptoms_Frequency .

:Respondent132_Depressive_Symptoms_Frequency
                                  pred:Anhedonia 0.0 ;
                                  pred:Sleep_Problems 3.0 ;
                                  pred:Fatigue 2.0 ;
                                  pred:Appetite_Changes 3.0 ;
                                  pred:Feelings_of_Worthlessness 3.0 ;
                                  pred:Concentration_Difficulties 3.0 ;
                                  pred:Suicidal_Thoughts 1.0 .
:Respondent132 pred:hasGroupResponse :Respondent132_Depressive_Symptoms_Frequency .

:Respondent121 pred:Year_of_birth 2002.0 ;
     pred:Gender 1.0 ;
     pred:Socio_economic_status 6.0 ;
     pred:Ethnic_identity 6.0 .

:Respondent121_Parental_Education
                       pred:Father 17.0 ;
                       pred:Mother 15.0 .
:Respondent121 pred:hasGroupResponse :Respondent121_Parental_Education .

:Respondent121 pred:Life_satisfaction 9.0 ;
     pred:Happiness 7.0 ;
     pred:Laughter 7.0 ;
     pred:Learning 10.0 ;
     pred:Enjoyment 9.0 ;
     pred:Worry 2.0 ;
     pred:Depression 0.0 ;
     pred:Anger 2.0 ;
     pred:Stress 1.0 ;
     pred:Loneliness 0.0 .

:Respondent121_Emotional_Regulation_Frequency
                                   pred:Upset_by_Unexpected_Events 1.0 ;
                                   pred:Unable_to_Control_Important_Things 1.0 ;
                                   pred:Lacked_Confidence_Handling_Problems 3.0 ;
                                   pred:Unable_to_Cope 2.0 ;
                                   pred:Irritated_by_Life 2.0 ;
                                   pred:On_Top_of_Things 2.0 .
:Respondent121 pred:hasGroupResponse :Respondent121_Emotional_Regulation_Frequency .

:Respondent121_Anxiety_Symptoms_Frequency
                               pred:Feeling_Nervous_or_On_Edge 1.0 ;
                               pred:Trouble_Relaxing 0.0 ;
                               pred:Restlessness 0.0 ;
                               pred:Irritability 0.0 ;
                               pred:Fear_Something_Awful_Might_Happen 0.0 .
:Respondent121 pred:hasGroupResponse :Respondent121_Anxiety_Symptoms_Frequency .

:Respondent121_Depressive_Symptoms_Frequency
                                  pred:Anhedonia 1.0 ;
                                  pred:Sleep_Problems 0.0 ;
                                  pred:Fatigue 1.0 ;
                                  pred:Appetite_Changes 0.0 ;
                                  pred:Feelings_of_Worthlessness 0.0 ;
                                  pred:Concentration_Difficulties 0.0 ;
                                  pred:Suicidal_Thoughts 0.0 .
:Respondent121 pred:hasGroupResponse :Respondent121_Depressive_Symptoms_Frequency .

You are a meticulous data analyst AI. Your primary function is to accurately analyze structured data and provide precise, verifiable answers.

You will be given a dataset with two key parts:

A 'questions' section: This is your data dictionary or schema. It is the single source of truth for understanding what each field and score means. Refer to it carefully.

A 'responses' section: This contains the raw data from each individual respondent.

To answer the question correctly, you must first use the 'questions' schema to fully understand the context and meaning of the data points within the 'responses'. Do not rely on any prior knowledge outside of this provided data. Base your entire analysis on the information given.

Provide your final answer directly and concisely. Output must be the human-readable value, not an option code.

Rules:
- For MCQ fields, map any letter codes in the Responses (case-insensitive) to the corresponding option text from the Questions schema, and output only that text. Do NOT include the letter or both.
  Example: If the schema is ""[MCQ: A. Abnormal B. Inconclusive C. Normal]"" and the response is ""a"", output ""Abnormal"".
- For open-ended fields, output the exact text value.
- If the question asks for a count, provide only the number (e.g., ""42"").
- If the question asks for a list of names or IDs, provide a simple comma-separated list (e.g., ""17, 21, 23"").
- Preserve capitalization exactly as in the schema (e.g., output ""Abnormal"", not ""abnormal"" or ""A"").

What is the anger for respondent 121?",,
case_20,answer_lookup,What is the frequency of trouble relaxing for respondent 50?,"@prefix : <http://example.org/survey#> .
@prefix pred: <http://example.org/predicate#> .
@prefix qg: <http://example.org/question_group#> .

# Questions
:QYear_of_birth pred:Text ""What is your date of birth? [Open-ended]"" .
:QGender pred:Text ""What is your gender? [MCQ: 1. Male 2. Female]"" .
:QSocio_economic_status pred:Text ""What is the socio-economic status of your home? [Likert 1–6: 1 = Very low, 6 = Very high]"" .
:QEthnic_identity pred:Text ""According to your culture, people, or physical features, you are or are recognized as: [MCQ: 1. Indigenous 2. Gypsy 3. Raizal from San Andres, Providencia and Santa Catalina Archipelago 4. Palenquero from San Basilio 5. Black, mulatto (Afro-descendant), Afro-Colombian 6. None of the above]"" .

:QGParental_Education pred:BaseQuestion ""How many years of education did your parents receive? [Open-ended]"" ;
    qg:hasSubQuestion :QParental_Education_Father, :QParental_Education_Mother .
:QParental_Education_Father pred:Text ""Father?"" .
:QParental_Education_Mother pred:Text ""Mother?"" .

:QLife_satisfaction pred:Text ""In general, how satisfied are you with all aspects of your life? [Likert 0–10: 0 = Not satisfied, 10 = Totally satisfied]"" .
:QHappiness pred:Text ""How happy did you feel yesterday? [Likert 0–10: 0 = At no time, 10 = All the time]"" .
:QLaughter pred:Text ""How much did you laugh yesterday? [Likert 0–10: 0 = At no time, 10 = All the time]"" .
:QLearning pred:Text ""Did you learn new or exciting things yesterday? [Likert 0–10: 0 = At no time, 10 = All the time]"" .
:QEnjoyment pred:Text ""How much did you enjoy the activities you did yesterday? [Likert 0–10: 0 = At no time, 10 = All the time]"" .
:QWorry pred:Text ""How worried did you feel yesterday? [Likert 0–10: 0 = At no time, 10 = All the time]"" .
:QDepression pred:Text ""How depressed did you feel yesterday? [Likert 0–10: 0 = At no time, 10 = All the time]"" .
:QAnger pred:Text ""How angry did you feel yesterday? [Likert 0–10: 0 = At no time, 10 = All the time]"" .
:QStress pred:Text ""How much stress did you feel yesterday? [Likert 0–10: 0 = At no time, 10 = All the time]"" .
:QLoneliness pred:Text ""How lonely or unsupported did you feel yesterday? [Likert 0–10: 0 = At no time, 10 = All the time]"" .

:QGEmotional_Regulation_Frequency pred:BaseQuestion ""Next, you will be asked questions about your emotional state. Please answer on a scale of 0 to 4, where 0 is never, 1 is 'almost never', 2 is 'sometimes', 3 is 'fairly often', and 4 is 'very often', how often you experienced the following feelings during the last month: [Likert 0–4]"" ;
    qg:hasSubQuestion :QEmotional_Regulation_Frequency_Upset_by_Unexpected_Events,
                      :QEmotional_Regulation_Frequency_Unable_to_Control_Important_Things,
                      :QEmotional_Regulation_Frequency_Nervous_and_Stressed,
                      :QEmotional_Regulation_Frequency_Lacked_Confidence_Handling_Problems,
                      :QEmotional_Regulation_Frequency_Things_Going_Your_Way,
                      :QEmotional_Regulation_Frequency_Unable_to_Cope,
                      :QEmotional_Regulation_Frequency_Irritated_by_Life,
                      :QEmotional_Regulation_Frequency_On_Top_of_Things,
                      :QEmotional_Regulation_Frequency_Angered_by_Uncontrollable_Events,
                      :QEmotional_Regulation_Frequency_Felt_Overwhelmed .

:QEmotional_Regulation_Frequency_Upset_by_Unexpected_Events pred:Text ""how often have you been upset because of something that happened unexpectedly?"" .
:QEmotional_Regulation_Frequency_Unable_to_Control_Important_Things pred:Text ""how often have you felt that you were unable to control the important things in your life?"" .
:QEmotional_Regulation_Frequency_Nervous_and_Stressed pred:Text ""how often have you felt nervous and stressed?"" .
:QEmotional_Regulation_Frequency_Lacked_Confidence_Handling_Problems pred:Text ""how often have you felt confident about your ability to handle your personal problems?"" .
:QEmotional_Regulation_Frequency_Things_Going_Your_Way pred:Text ""how often have you felt that things were going your way?"" .
:QEmotional_Regulation_Frequency_Unable_to_Cope pred:Text ""how often have you found that you could not cope with all the things that you had to do?"" .
:QEmotional_Regulation_Frequency_Irritated_by_Life pred:Text ""how often have you been able to control irritations in your life?"" .
:QEmotional_Regulation_Frequency_On_Top_of_Things pred:Text ""how often have you felt that you were on top of things?"" .
:QEmotional_Regulation_Frequency_Angered_by_Uncontrollable_Events pred:Text ""how often have you been angered because of things that happened that were outside of your control?"" .
:QEmotional_Regulation_Frequency_Felt_Overwhelmed pred:Text ""how often have you felt difficulties were piling up so high that you could not overcome them?"" .

:QGAnxiety_Symptoms_Frequency pred:BaseQuestion ""Next, you will be asked questions about your emotional state. Please answer on a scale of 0 to 3, where 0 is 'Not at all', 1 is 'several days', 2 is 'more than half of the days', and 3 is 'Nearly every day'. Over the last two weeks, how often have you been bothered by the following problems? [Likert 0–3]"" ;
    qg:hasSubQuestion :QAnxiety_Symptoms_Frequency_Feeling_Nervous_or_On_Edge,
                      :QAnxiety_Symptoms_Frequency_Uncontrollable_Worrying,
                      :QAnxiety_Symptoms_Frequency_Excessive_Worry,
                      :QAnxiety_Symptoms_Frequency_Trouble_Relaxing,
                      :QAnxiety_Symptoms_Frequency_Restlessness,
                      :QAnxiety_Symptoms_Frequency_Irritability,
                      :QAnxiety_Symptoms_Frequency_Fear_Something_Awful_Might_Happen .

:QAnxiety_Symptoms_Frequency_Feeling_Nervous_or_On_Edge pred:Text ""Feeling nervous, anxious, or on edge"" .
:QAnxiety_Symptoms_Frequency_Uncontrollable_Worrying pred:Text ""Not being able to stop or control worrying"" .
:QAnxiety_Symptoms_Frequency_Excessive_Worry pred:Text ""Worrying too much about different things"" .
:QAnxiety_Symptoms_Frequency_Trouble_Relaxing pred:Text ""Trouble relaxing"" .
:QAnxiety_Symptoms_Frequency_Restlessness pred:Text ""Being so restless that it is hard to sit still"" .
:QAnxiety_Symptoms_Frequency_Irritability pred:Text ""Becoming easily annoyed or irritable"" .
:QAnxiety_Symptoms_Frequency_Fear_Something_Awful_Might_Happen pred:Text ""Feeling afraid, as if something awful might happen"" .

:QGDepressive_Symptoms_Frequency pred:BaseQuestion ""Next, you will be asked questions about your emotional state. Please answer on a scale of 0 to 3, where 0 is 'Not at all', 1 is 'several days', 2 is 'more than half of the days', and 3 is 'Nearly every day'. Over the last two weeks, how often have you been bothered by the following problems?"" ;
    qg:hasSubQuestion :QDepressive_Symptoms_Frequency_Anhedonia,
                      :QDepressive_Symptoms_Frequency_Depressed_Mood,
                      :QDepressive_Symptoms_Frequency_Sleep_Problems,
                      :QDepressive_Symptoms_Frequency_Fatigue,
                      :QDepressive_Symptoms_Frequency_Appetite_Changes,
                      :QDepressive_Symptoms_Frequency_Feelings_of_Worthlessness,
                      :QDepressive_Symptoms_Frequency_Concentration_Difficulties,
                      :QDepressive_Symptoms_Frequency_Psychomotor_Changes,
                      :QDepressive_Symptoms_Frequency_Suicidal_Thoughts .

:QDepressive_Symptoms_Frequency_Anhedonia pred:Text ""Little interest or pleasure in doing things"" .
:QDepressive_Symptoms_Frequency_Depressed_Mood pred:Text ""Feeling down, depressed, or hopeless"" .
:QDepressive_Symptoms_Frequency_Sleep_Problems pred:Text ""Trouble falling or staying asleep, or sleeping too much"" .
:QDepressive_Symptoms_Frequency_Fatigue pred:Text ""Feeling tired or having little energy"" .
:QDepressive_Symptoms_Frequency_Appetite_Changes pred:Text ""Poor appetite or overeating"" .
:QDepressive_Symptoms_Frequency_Feelings_of_Worthlessness pred:Text ""Feeling bad about yourself or that you are a failure or have let yourself or your family down"" .
:QDepressive_Symptoms_Frequency_Concentration_Difficulties pred:Text ""Trouble concentrating on things, such as reading the newspaper or watching television"" .
:QDepressive_Symptoms_Frequency_Psychomotor_Changes pred:Text ""Moving or speaking so slowly that other people could have noticed. Or the opposite — being so fidgety or restless that you have been moving around a lot more than usual"" .
:QDepressive_Symptoms_Frequency_Suicidal_Thoughts pred:Text ""Thoughts that you would be better off dead, or of hurting yourself"" .

# Responses
:Respondent50 pred:Year_of_birth 2004.0 ;
     pred:Gender 2.0 ;
     pred:Socio_economic_status 1.0 ;
     pred:Ethnic_identity 6.0 .

:Respondent50_Parental_Education
                       pred:Father 16.0 ;
                       pred:Mother 11.0 .
:Respondent50 pred:hasGroupResponse :Respondent50_Parental_Education .

:Respondent50 pred:Life_satisfaction 8.0 ;
     pred:Happiness 8.0 ;
     pred:Laughter 6.0 ;
     pred:Learning 8.0 ;
     pred:Enjoyment 8.0 ;
     pred:Worry 1.0 ;
     pred:Depression 2.0 ;
     pred:Anger 4.0 ;
     pred:Stress 3.0 ;
     pred:Loneliness 0.0 .

:Respondent50_Emotional_Regulation_Frequency
                                   pred:Upset_by_Unexpected_Events 2.0 ;
                                   pred:Unable_to_Control_Important_Things 3.0 ;
                                   pred:Lacked_Confidence_Handling_Problems 3.0 ;
                                   pred:Unable_to_Cope 2.0 ;
                                   pred:Irritated_by_Life 3.0 ;
                                   pred:On_Top_of_Things 2.0 .
:Respondent50 pred:hasGroupResponse :Respondent50_Emotional_Regulation_Frequency .

:Respondent50_Anxiety_Symptoms_Frequency
                               pred:Feeling_Nervous_or_On_Edge 2.0 ;
                               pred:Trouble_Relaxing 1.0 ;
                               pred:Restlessness 0.0 ;
                               pred:Irritability 2.0 ;
                               pred:Fear_Something_Awful_Might_Happen 2.0 .
:Respondent50 pred:hasGroupResponse :Respondent50_Anxiety_Symptoms_Frequency .

:Respondent50_Depressive_Symptoms_Frequency
                                  pred:Anhedonia 1.0 ;
                                  pred:Sleep_Problems 2.0 ;
                                  pred:Fatigue 3.0 ;
                                  pred:Appetite_Changes 0.0 ;
                                  pred:Feelings_of_Worthlessness 1.0 ;
                                  pred:Concentration_Difficulties 0.0 ;
                                  pred:Suicidal_Thoughts 0.0 .
:Respondent50 pred:hasGroupResponse :Respondent50_Depressive_Symptoms_Frequency .

:Respondent147 pred:Year_of_birth 2004.0 ;
     pred:Gender 1.0 ;
     pred:Socio_economic_status 5.0 ;
     pred:Ethnic_identity 6.0 .

:Respondent147 pred:Life_satisfaction 7.0 ;
     pred:Happiness 8.0 ;
     pred:Laughter 6.0 ;
     pred:Learning 3.0 ;
     pred:Enjoyment 8.0 ;
     pred:Worry 0.0 ;
     pred:Depression 1.0 ;
     pred:Anger 2.0 ;
     pred:Stress 3.0 ;
     pred:Loneliness 0.0 .

:Respondent147_Emotional_Regulation_Frequency
                                   pred:Upset_by_Unexpected_Events 1.0 ;
                                   pred:Unable_to_Control_Important_Things 2.0 ;
                                   pred:Lacked_Confidence_Handling_Problems 4.0 ;
                                   pred:Unable_to_Cope 1.0 ;
                                   pred:Irritated_by_Life 4.0 ;
                                   pred:On_Top_of_Things 3.0 .
:Respondent147 pred:hasGroupResponse :Respondent147_Emotional_Regulation_Frequency .

:Respondent147_Anxiety_Symptoms_Frequency
                               pred:Feeling_Nervous_or_On_Edge 2.0 ;
                               pred:Trouble_Relaxing 1.0 ;
                               pred:Restlessness 0.0 ;
                               pred:Irritability 1.0 ;
                               pred:Fear_Something_Awful_Might_Happen 1.0 .
:Respondent147 pred:hasGroupResponse :Respondent147_Anxiety_Symptoms_Frequency .

:Respondent147_Depressive_Symptoms_Frequency
                                  pred:Anhedonia 0.0 ;
                                  pred:Sleep_Problems 2.0 ;
                                  pred:Fatigue 1.0 ;
                                  pred:Appetite_Changes 0.0 ;
                                  pred:Feelings_of_Worthlessness 0.0 ;
                                  pred:Concentration_Difficulties 0.0 ;
                                  pred:Suicidal_Thoughts 0.0 .
:Respondent147 pred:hasGroupResponse :Respondent147_Depressive_Symptoms_Frequency .

:Respondent96 pred:Year_of_birth 2003.0 ;
     pred:Gender 2.0 ;
     pred:Socio_economic_status 3.0 ;
     pred:Ethnic_identity 6.0 .

:Respondent96 pred:Life_satisfaction 6.0 ;
     pred:Happiness 8.0 ;
     pred:Laughter 5.0 ;
     pred:Learning 8.0 ;
     pred:Enjoyment 7.0 ;
     pred:Worry 0.0 ;
     pred:Depression 0.0 ;
     pred:Anger 1.0 ;
     pred:Stress 3.0 ;
     pred:Loneliness 1.0 .

:Respondent96_Emotional_Regulation_Frequency
                                   pred:Upset_by_Unexpected_Events 1.0 ;
                                   pred:Unable_to_Control_Important_Things 2.0 ;
                                   pred:Lacked_Confidence_Handling_Problems 3.0 ;
                                   pred:Unable_to_Cope 2.0 ;
                                   pred:Irritated_by_Life 3.0 ;
                                   pred:On_Top_of_Things 3.0 .
:Respondent96 pred:hasGroupResponse :Respondent96_Emotional_Regulation_Frequency .

:Respondent96_Anxiety_Symptoms_Frequency
                               pred:Feeling_Nervous_or_On_Edge 2.0 ;
                               pred:Trouble_Relaxing 1.0 ;
                               pred:Restlessness 0.0 ;
                               pred:Irritability 0.0 ;
                               pred:Fear_Something_Awful_Might_Happen 0.0 .
:Respondent96 pred:hasGroupResponse :Respondent96_Anxiety_Symptoms_Frequency .

:Respondent96_Depressive_Symptoms_Frequency
                                  pred:Anhedonia 0.0 ;
                                  pred:Sleep_Problems 0.0 ;
                                  pred:Fatigue 1.0 ;
                                  pred:Appetite_Changes 0.0 ;
                                  pred:Feelings_of_Worthlessness 0.0 ;
                                  pred:Concentration_Difficulties 0.0 ;
                                  pred:Suicidal_Thoughts 0.0 .
:Respondent96 pred:hasGroupResponse :Respondent96_Depressive_Symptoms_Frequency .
",1.0,"For respondent 129, what is the value for 'Appetite Changes' in the 'Depressive Symptoms Frequency' category?

DATA:

@prefix : <http://example.org/survey#> .
@prefix pred: <http://example.org/predicate#> .
@prefix qg: <http://example.org/question_group#> .

# Questions
:QYear_of_birth pred:Text ""What is your date of birth? [Open-ended]"" .
:QGender pred:Text ""What is your gender? [MCQ: 1. Male 2. Female]"" .
:QSocio_economic_status pred:Text ""What is the socio-economic status of your home? [Likert 1–6: 1 = Very low, 6 = Very high]"" .
:QEthnic_identity pred:Text ""According to your culture, people, or physical features, you are or are recognized as: [MCQ: 1. Indigenous 2. Gypsy 3. Raizal from San Andres, Providencia and Santa Catalina Archipelago 4. Palenquero from San Basilio 5. Black, mulatto (Afro-descendant), Afro-Colombian 6. None of the above]"" .

:QGParental_Education pred:BaseQuestion ""How many years of education did your parents receive? [Open-ended]"" ;
    qg:hasSubQuestion :QParental_Education_Father, :QParental_Education_Mother .
:QParental_Education_Father pred:Text ""Father?"" .
:QParental_Education_Mother pred:Text ""Mother?"" .

:QLife_satisfaction pred:Text ""In general, how satisfied are you with all aspects of your life? [Likert 0–10: 0 = Not satisfied, 10 = Totally satisfied]"" .
:QHappiness pred:Text ""How happy did you feel yesterday? [Likert 0–10: 0 = At no time, 10 = All the time]"" .
:QLaughter pred:Text ""How much did you laugh yesterday? [Likert 0–10: 0 = At no time, 10 = All the time]"" .
:QLearning pred:Text ""Did you learn new or exciting things yesterday? [Likert 0–10: 0 = At no time, 10 = All the time]"" .
:QEnjoyment pred:Text ""How much did you enjoy the activities you did yesterday? [Likert 0–10: 0 = At no time, 10 = All the time]"" .
:QWorry pred:Text ""How worried did you feel yesterday? [Likert 0–10: 0 = At no time, 10 = All the time]"" .
:QDepression pred:Text ""How depressed did you feel yesterday? [Likert 0–10: 0 = At no time, 10 = All the time]"" .
:QAnger pred:Text ""How angry did you feel yesterday? [Likert 0–10: 0 = At no time, 10 = All the time]"" .
:QStress pred:Text ""How much stress did you feel yesterday? [Likert 0–10: 0 = At no time, 10 = All the time]"" .
:QLoneliness pred:Text ""How lonely or unsupported did you feel yesterday? [Likert 0–10: 0 = At no time, 10 = All the time]"" .

:QGEmotional_Regulation_Frequency pred:BaseQuestion ""Next, you will be asked questions about your emotional state. Please answer on a scale of 0 to 4, where 0 is never, 1 is 'almost never', 2 is 'sometimes', 3 is 'fairly often', and 4 is 'very often', how often you experienced the following feelings during the last month: [Likert 0–4]"" ;
    qg:hasSubQuestion :QEmotional_Regulation_Frequency_Upset_by_Unexpected_Events,
                      :QEmotional_Regulation_Frequency_Unable_to_Control_Important_Things,
                      :QEmotional_Regulation_Frequency_Nervous_and_Stressed,
                      :QEmotional_Regulation_Frequency_Lacked_Confidence_Handling_Problems,
                      :QEmotional_Regulation_Frequency_Things_Going_Your_Way,
                      :QEmotional_Regulation_Frequency_Unable_to_Cope,
                      :QEmotional_Regulation_Frequency_Irritated_by_Life,
                      :QEmotional_Regulation_Frequency_On_Top_of_Things,
                      :QEmotional_Regulation_Frequency_Angered_by_Uncontrollable_Events,
                      :QEmotional_Regulation_Frequency_Felt_Overwhelmed .

:QEmotional_Regulation_Frequency_Upset_by_Unexpected_Events pred:Text ""how often have you been upset because of something that happened unexpectedly?"" .
:QEmotional_Regulation_Frequency_Unable_to_Control_Important_Things pred:Text ""how often have you felt that you were unable to control the important things in your life?"" .
:QEmotional_Regulation_Frequency_Nervous_and_Stressed pred:Text ""how often have you felt nervous and stressed?"" .
:QEmotional_Regulation_Frequency_Lacked_Confidence_Handling_Problems pred:Text ""how often have you felt confident about your ability to handle your personal problems?"" .
:QEmotional_Regulation_Frequency_Things_Going_Your_Way pred:Text ""how often have you felt that things were going your way?"" .
:QEmotional_Regulation_Frequency_Unable_to_Cope pred:Text ""how often have you found that you could not cope with all the things that you had to do?"" .
:QEmotional_Regulation_Frequency_Irritated_by_Life pred:Text ""how often have you been able to control irritations in your life?"" .
:QEmotional_Regulation_Frequency_On_Top_of_Things pred:Text ""how often have you felt that you were on top of things?"" .
:QEmotional_Regulation_Frequency_Angered_by_Uncontrollable_Events pred:Text ""how often have you been angered because of things that happened that were outside of your control?"" .
:QEmotional_Regulation_Frequency_Felt_Overwhelmed pred:Text ""how often have you felt difficulties were piling up so high that you could not overcome them?"" .

:QGAnxiety_Symptoms_Frequency pred:BaseQuestion ""Next, you will be asked questions about your emotional state. Please answer on a scale of 0 to 3, where 0 is 'Not at all', 1 is 'several days', 2 is 'more than half of the days', and 3 is 'Nearly every day'. Over the last two weeks, how often have you been bothered by the following problems? [Likert 0–3]"" ;
    qg:hasSubQuestion :QAnxiety_Symptoms_Frequency_Feeling_Nervous_or_On_Edge,
                      :QAnxiety_Symptoms_Frequency_Uncontrollable_Worrying,
                      :QAnxiety_Symptoms_Frequency_Excessive_Worry,
                      :QAnxiety_Symptoms_Frequency_Trouble_Relaxing,
                      :QAnxiety_Symptoms_Frequency_Restlessness,
                      :QAnxiety_Symptoms_Frequency_Irritability,
                      :QAnxiety_Symptoms_Frequency_Fear_Something_Awful_Might_Happen .

:QAnxiety_Symptoms_Frequency_Feeling_Nervous_or_On_Edge pred:Text ""Feeling nervous, anxious, or on edge"" .
:QAnxiety_Symptoms_Frequency_Uncontrollable_Worrying pred:Text ""Not being able to stop or control worrying"" .
:QAnxiety_Symptoms_Frequency_Excessive_Worry pred:Text ""Worrying too much about different things"" .
:QAnxiety_Symptoms_Frequency_Trouble_Relaxing pred:Text ""Trouble relaxing"" .
:QAnxiety_Symptoms_Frequency_Restlessness pred:Text ""Being so restless that it is hard to sit still"" .
:QAnxiety_Symptoms_Frequency_Irritability pred:Text ""Becoming easily annoyed or irritable"" .
:QAnxiety_Symptoms_Frequency_Fear_Something_Awful_Might_Happen pred:Text ""Feeling afraid, as if something awful might happen"" .

:QGDepressive_Symptoms_Frequency pred:BaseQuestion ""Next, you will be asked questions about your emotional state. Please answer on a scale of 0 to 3, where 0 is 'Not at all', 1 is 'several days', 2 is 'more than half of the days', and 3 is 'Nearly every day'. Over the last two weeks, how often have you been bothered by the following problems?"" ;
    qg:hasSubQuestion :QDepressive_Symptoms_Frequency_Anhedonia,
                      :QDepressive_Symptoms_Frequency_Depressed_Mood,
                      :QDepressive_Symptoms_Frequency_Sleep_Problems,
                      :QDepressive_Symptoms_Frequency_Fatigue,
                      :QDepressive_Symptoms_Frequency_Appetite_Changes,
                      :QDepressive_Symptoms_Frequency_Feelings_of_Worthlessness,
                      :QDepressive_Symptoms_Frequency_Concentration_Difficulties,
                      :QDepressive_Symptoms_Frequency_Psychomotor_Changes,
                      :QDepressive_Symptoms_Frequency_Suicidal_Thoughts .

:QDepressive_Symptoms_Frequency_Anhedonia pred:Text ""Little interest or pleasure in doing things"" .
:QDepressive_Symptoms_Frequency_Depressed_Mood pred:Text ""Feeling down, depressed, or hopeless"" .
:QDepressive_Symptoms_Frequency_Sleep_Problems pred:Text ""Trouble falling or staying asleep, or sleeping too much"" .
:QDepressive_Symptoms_Frequency_Fatigue pred:Text ""Feeling tired or having little energy"" .
:QDepressive_Symptoms_Frequency_Appetite_Changes pred:Text ""Poor appetite or overeating"" .
:QDepressive_Symptoms_Frequency_Feelings_of_Worthlessness pred:Text ""Feeling bad about yourself or that you are a failure or have let yourself or your family down"" .
:QDepressive_Symptoms_Frequency_Concentration_Difficulties pred:Text ""Trouble concentrating on things, such as reading the newspaper or watching television"" .
:QDepressive_Symptoms_Frequency_Psychomotor_Changes pred:Text ""Moving or speaking so slowly that other people could have noticed. Or the opposite — being so fidgety or restless that you have been moving around a lot more than usual"" .
:QDepressive_Symptoms_Frequency_Suicidal_Thoughts pred:Text ""Thoughts that you would be better off dead, or of hurting yourself"" .

# Responses
:Respondent73 pred:Year_of_birth 2005.0 ;
     pred:Gender 2.0 ;
     pred:Socio_economic_status 2.0 ;
     pred:Ethnic_identity 6.0 .

:Respondent73_Parental_Education
                       pred:Father 25.0 ;
                       pred:Mother 15.0 .
:Respondent73 pred:hasGroupResponse :Respondent73_Parental_Education .

:Respondent73 pred:Life_satisfaction 8.0 ;
     pred:Happiness 5.0 ;
     pred:Laughter 4.0 ;
     pred:Learning 5.0 ;
     pred:Enjoyment 5.0 ;
     pred:Worry 2.0 ;
     pred:Depression 1.0 ;
     pred:Anger 2.0 ;
     pred:Stress 4.0 ;
     pred:Loneliness 6.0 .

:Respondent73_Emotional_Regulation_Frequency
                                   pred:Upset_by_Unexpected_Events 2.0 ;
                                   pred:Unable_to_Control_Important_Things 2.0 ;
                                   pred:Lacked_Confidence_Handling_Problems 2.0 ;
                                   pred:Unable_to_Cope 2.0 ;
                                   pred:Irritated_by_Life 2.0 ;
                                   pred:On_Top_of_Things 2.0 .
:Respondent73 pred:hasGroupResponse :Respondent73_Emotional_Regulation_Frequency .

:Respondent73_Anxiety_Symptoms_Frequency
                               pred:Feeling_Nervous_or_On_Edge 2.0 ;
                               pred:Trouble_Relaxing 1.0 ;
                               pred:Restlessness 1.0 ;
                               pred:Irritability 2.0 ;
                               pred:Fear_Something_Awful_Might_Happen 2.0 .
:Respondent73 pred:hasGroupResponse :Respondent73_Anxiety_Symptoms_Frequency .

:Respondent73_Depressive_Symptoms_Frequency
                                  pred:Anhedonia 1.0 ;
                                  pred:Sleep_Problems 2.0 ;
                                  pred:Fatigue 1.0 ;
                                  pred:Appetite_Changes 1.0 ;
                                  pred:Feelings_of_Worthlessness 1.0 ;
                                  pred:Concentration_Difficulties 1.0 ;
                                  pred:Suicidal_Thoughts 0.0 .
:Respondent73 pred:hasGroupResponse :Respondent73_Depressive_Symptoms_Frequency .

:Respondent85 pred:Year_of_birth 2004.0 ;
     pred:Gender 2.0 ;
     pred:Socio_economic_status 3.0 ;
     pred:Ethnic_identity 6.0 .

:Respondent85_Parental_Education
                       pred:Father 18.0 .
:Respondent85 pred:hasGroupResponse :Respondent85_Parental_Education .

:Respondent85 pred:Life_satisfaction 5.0 ;
     pred:Happiness 6.0 ;
     pred:Laughter 6.0 ;
     pred:Learning 8.0 ;
     pred:Enjoyment 5.0 ;
     pred:Worry 1.0 ;
     pred:Depression 1.0 ;
     pred:Anger 2.0 ;
     pred:Stress 4.0 ;
     pred:Loneliness 1.0 .

:Respondent85_Emotional_Regulation_Frequency
                                   pred:Upset_by_Unexpected_Events 2.0 ;
                                   pred:Unable_to_Control_Important_Things 3.0 ;
                                   pred:Lacked_Confidence_Handling_Problems 2.0 ;
                                   pred:Unable_to_Cope 3.0 ;
                                   pred:Irritated_by_Life 3.0 ;
                                   pred:On_Top_of_Things 2.0 .
:Respondent85 pred:hasGroupResponse :Respondent85_Emotional_Regulation_Frequency .

:Respondent85_Anxiety_Symptoms_Frequency
                               pred:Feeling_Nervous_or_On_Edge 1.0 ;
                               pred:Trouble_Relaxing 1.0 ;
                               pred:Restlessness 0.0 ;
                               pred:Irritability 1.0 ;
                               pred:Fear_Something_Awful_Might_Happen 1.0 .
:Respondent85 pred:hasGroupResponse :Respondent85_Anxiety_Symptoms_Frequency .

:Respondent85_Depressive_Symptoms_Frequency
                                  pred:Anhedonia 2.0 ;
                                  pred:Sleep_Problems 2.0 ;
                                  pred:Fatigue 3.0 ;
                                  pred:Appetite_Changes 3.0 ;
                                  pred:Feelings_of_Worthlessness 1.0 ;
                                  pred:Concentration_Difficulties 1.0 ;
                                  pred:Suicidal_Thoughts 0.0 .
:Respondent85 pred:hasGroupResponse :Respondent85_Depressive_Symptoms_Frequency .

:Respondent129 pred:Year_of_birth 2001.0 ;
     pred:Gender 2.0 ;
     pred:Socio_economic_status 3.0 ;
     pred:Ethnic_identity 6.0 .

:Respondent129_Parental_Education
                       pred:Father 13.0 ;
                       pred:Mother 13.0 .
:Respondent129 pred:hasGroupResponse :Respondent129_Parental_Education .

:Respondent129 pred:Life_satisfaction 8.0 ;
     pred:Happiness 9.0 ;
     pred:Laughter 6.0 ;
     pred:Learning 5.0 ;
     pred:Enjoyment 6.0 ;
     pred:Worry 1.0 ;
     pred:Depression 1.0 ;
     pred:Anger 1.0 ;
     pred:Stress 3.0 ;
     pred:Loneliness 0.0 .

:Respondent129_Emotional_Regulation_Frequency
                                   pred:Upset_by_Unexpected_Events 1.0 ;
                                   pred:Unable_to_Control_Important_Things 1.0 ;
                                   pred:Lacked_Confidence_Handling_Problems 3.0 ;
                                   pred:Unable_to_Cope 2.0 ;
                                   pred:Irritated_by_Life 3.0 ;
                                   pred:On_Top_of_Things 2.0 .
:Respondent129 pred:hasGroupResponse :Respondent129_Emotional_Regulation_Frequency .

:Respondent129_Anxiety_Symptoms_Frequency
                               pred:Feeling_Nervous_or_On_Edge 1.0 ;
                               pred:Trouble_Relaxing 1.0 ;
                               pred:Restlessness 0.0 ;
                               pred:Irritability 0.0 ;
                               pred:Fear_Something_Awful_Might_Happen 0.0 .
:Respondent129 pred:hasGroupResponse :Respondent129_Anxiety_Symptoms_Frequency .

:Respondent129_Depressive_Symptoms_Frequency
                                  pred:Anhedonia 1.0 ;
                                  pred:Sleep_Problems 1.0 ;
                                  pred:Fatigue 2.0 ;
                                  pred:Appetite_Changes 2.0 ;
                                  pred:Feelings_of_Worthlessness 0.0 ;
                                  pred:Concentration_Difficulties 2.0 ;
                                  pred:Suicidal_Thoughts 0.0 .
:Respondent129 pred:hasGroupResponse :Respondent129_Depressive_Symptoms_Frequency .

Answer: 2.0

@prefix : <http://example.org/survey#> .
@prefix pred: <http://example.org/predicate#> .
@prefix qg: <http://example.org/question_group#> .

# Questions
:QYear_of_birth pred:Text ""What is your date of birth? [Open-ended]"" .
:QGender pred:Text ""What is your gender? [MCQ: 1. Male 2. Female]"" .
:QSocio_economic_status pred:Text ""What is the socio-economic status of your home? [Likert 1–6: 1 = Very low, 6 = Very high]"" .
:QEthnic_identity pred:Text ""According to your culture, people, or physical features, you are or are recognized as: [MCQ: 1. Indigenous 2. Gypsy 3. Raizal from San Andres, Providencia and Santa Catalina Archipelago 4. Palenquero from San Basilio 5. Black, mulatto (Afro-descendant), Afro-Colombian 6. None of the above]"" .

:QGParental_Education pred:BaseQuestion ""How many years of education did your parents receive? [Open-ended]"" ;
    qg:hasSubQuestion :QParental_Education_Father, :QParental_Education_Mother .
:QParental_Education_Father pred:Text ""Father?"" .
:QParental_Education_Mother pred:Text ""Mother?"" .

:QLife_satisfaction pred:Text ""In general, how satisfied are you with all aspects of your life? [Likert 0–10: 0 = Not satisfied, 10 = Totally satisfied]"" .
:QHappiness pred:Text ""How happy did you feel yesterday? [Likert 0–10: 0 = At no time, 10 = All the time]"" .
:QLaughter pred:Text ""How much did you laugh yesterday? [Likert 0–10: 0 = At no time, 10 = All the time]"" .
:QLearning pred:Text ""Did you learn new or exciting things yesterday? [Likert 0–10: 0 = At no time, 10 = All the time]"" .
:QEnjoyment pred:Text ""How much did you enjoy the activities you did yesterday? [Likert 0–10: 0 = At no time, 10 = All the time]"" .
:QWorry pred:Text ""How worried did you feel yesterday? [Likert 0–10: 0 = At no time, 10 = All the time]"" .
:QDepression pred:Text ""How depressed did you feel yesterday? [Likert 0–10: 0 = At no time, 10 = All the time]"" .
:QAnger pred:Text ""How angry did you feel yesterday? [Likert 0–10: 0 = At no time, 10 = All the time]"" .
:QStress pred:Text ""How much stress did you feel yesterday? [Likert 0–10: 0 = At no time, 10 = All the time]"" .
:QLoneliness pred:Text ""How lonely or unsupported did you feel yesterday? [Likert 0–10: 0 = At no time, 10 = All the time]"" .

:QGEmotional_Regulation_Frequency pred:BaseQuestion ""Next, you will be asked questions about your emotional state. Please answer on a scale of 0 to 4, where 0 is never, 1 is 'almost never', 2 is 'sometimes', 3 is 'fairly often', and 4 is 'very often', how often you experienced the following feelings during the last month: [Likert 0–4]"" ;
    qg:hasSubQuestion :QEmotional_Regulation_Frequency_Upset_by_Unexpected_Events,
                      :QEmotional_Regulation_Frequency_Unable_to_Control_Important_Things,
                      :QEmotional_Regulation_Frequency_Nervous_and_Stressed,
                      :QEmotional_Regulation_Frequency_Lacked_Confidence_Handling_Problems,
                      :QEmotional_Regulation_Frequency_Things_Going_Your_Way,
                      :QEmotional_Regulation_Frequency_Unable_to_Cope,
                      :QEmotional_Regulation_Frequency_Irritated_by_Life,
                      :QEmotional_Regulation_Frequency_On_Top_of_Things,
                      :QEmotional_Regulation_Frequency_Angered_by_Uncontrollable_Events,
                      :QEmotional_Regulation_Frequency_Felt_Overwhelmed .

:QEmotional_Regulation_Frequency_Upset_by_Unexpected_Events pred:Text ""how often have you been upset because of something that happened unexpectedly?"" .
:QEmotional_Regulation_Frequency_Unable_to_Control_Important_Things pred:Text ""how often have you felt that you were unable to control the important things in your life?"" .
:QEmotional_Regulation_Frequency_Nervous_and_Stressed pred:Text ""how often have you felt nervous and stressed?"" .
:QEmotional_Regulation_Frequency_Lacked_Confidence_Handling_Problems pred:Text ""how often have you felt confident about your ability to handle your personal problems?"" .
:QEmotional_Regulation_Frequency_Things_Going_Your_Way pred:Text ""how often have you felt that things were going your way?"" .
:QEmotional_Regulation_Frequency_Unable_to_Cope pred:Text ""how often have you found that you could not cope with all the things that you had to do?"" .
:QEmotional_Regulation_Frequency_Irritated_by_Life pred:Text ""how often have you been able to control irritations in your life?"" .
:QEmotional_Regulation_Frequency_On_Top_of_Things pred:Text ""how often have you felt that you were on top of things?"" .
:QEmotional_Regulation_Frequency_Angered_by_Uncontrollable_Events pred:Text ""how often have you been angered because of things that happened that were outside of your control?"" .
:QEmotional_Regulation_Frequency_Felt_Overwhelmed pred:Text ""how often have you felt difficulties were piling up so high that you could not overcome them?"" .

:QGAnxiety_Symptoms_Frequency pred:BaseQuestion ""Next, you will be asked questions about your emotional state. Please answer on a scale of 0 to 3, where 0 is 'Not at all', 1 is 'several days', 2 is 'more than half of the days', and 3 is 'Nearly every day'. Over the last two weeks, how often have you been bothered by the following problems? [Likert 0–3]"" ;
    qg:hasSubQuestion :QAnxiety_Symptoms_Frequency_Feeling_Nervous_or_On_Edge,
                      :QAnxiety_Symptoms_Frequency_Uncontrollable_Worrying,
                      :QAnxiety_Symptoms_Frequency_Excessive_Worry,
                      :QAnxiety_Symptoms_Frequency_Trouble_Relaxing,
                      :QAnxiety_Symptoms_Frequency_Restlessness,
                      :QAnxiety_Symptoms_Frequency_Irritability,
                      :QAnxiety_Symptoms_Frequency_Fear_Something_Awful_Might_Happen .

:QAnxiety_Symptoms_Frequency_Feeling_Nervous_or_On_Edge pred:Text ""Feeling nervous, anxious, or on edge"" .
:QAnxiety_Symptoms_Frequency_Uncontrollable_Worrying pred:Text ""Not being able to stop or control worrying"" .
:QAnxiety_Symptoms_Frequency_Excessive_Worry pred:Text ""Worrying too much about different things"" .
:QAnxiety_Symptoms_Frequency_Trouble_Relaxing pred:Text ""Trouble relaxing"" .
:QAnxiety_Symptoms_Frequency_Restlessness pred:Text ""Being so restless that it is hard to sit still"" .
:QAnxiety_Symptoms_Frequency_Irritability pred:Text ""Becoming easily annoyed or irritable"" .
:QAnxiety_Symptoms_Frequency_Fear_Something_Awful_Might_Happen pred:Text ""Feeling afraid, as if something awful might happen"" .

:QGDepressive_Symptoms_Frequency pred:BaseQuestion ""Next, you will be asked questions about your emotional state. Please answer on a scale of 0 to 3, where 0 is 'Not at all', 1 is 'several days', 2 is 'more than half of the days', and 3 is 'Nearly every day'. Over the last two weeks, how often have you been bothered by the following problems?"" ;
    qg:hasSubQuestion :QDepressive_Symptoms_Frequency_Anhedonia,
                      :QDepressive_Symptoms_Frequency_Depressed_Mood,
                      :QDepressive_Symptoms_Frequency_Sleep_Problems,
                      :QDepressive_Symptoms_Frequency_Fatigue,
                      :QDepressive_Symptoms_Frequency_Appetite_Changes,
                      :QDepressive_Symptoms_Frequency_Feelings_of_Worthlessness,
                      :QDepressive_Symptoms_Frequency_Concentration_Difficulties,
                      :QDepressive_Symptoms_Frequency_Psychomotor_Changes,
                      :QDepressive_Symptoms_Frequency_Suicidal_Thoughts .

:QDepressive_Symptoms_Frequency_Anhedonia pred:Text ""Little interest or pleasure in doing things"" .
:QDepressive_Symptoms_Frequency_Depressed_Mood pred:Text ""Feeling down, depressed, or hopeless"" .
:QDepressive_Symptoms_Frequency_Sleep_Problems pred:Text ""Trouble falling or staying asleep, or sleeping too much"" .
:QDepressive_Symptoms_Frequency_Fatigue pred:Text ""Feeling tired or having little energy"" .
:QDepressive_Symptoms_Frequency_Appetite_Changes pred:Text ""Poor appetite or overeating"" .
:QDepressive_Symptoms_Frequency_Feelings_of_Worthlessness pred:Text ""Feeling bad about yourself or that you are a failure or have let yourself or your family down"" .
:QDepressive_Symptoms_Frequency_Concentration_Difficulties pred:Text ""Trouble concentrating on things, such as reading the newspaper or watching television"" .
:QDepressive_Symptoms_Frequency_Psychomotor_Changes pred:Text ""Moving or speaking so slowly that other people could have noticed. Or the opposite — being so fidgety or restless that you have been moving around a lot more than usual"" .
:QDepressive_Symptoms_Frequency_Suicidal_Thoughts pred:Text ""Thoughts that you would be better off dead, or of hurting yourself"" .

# Responses
:Respondent50 pred:Year_of_birth 2004.0 ;
     pred:Gender 2.0 ;
     pred:Socio_economic_status 1.0 ;
     pred:Ethnic_identity 6.0 .

:Respondent50_Parental_Education
                       pred:Father 16.0 ;
                       pred:Mother 11.0 .
:Respondent50 pred:hasGroupResponse :Respondent50_Parental_Education .

:Respondent50 pred:Life_satisfaction 8.0 ;
     pred:Happiness 8.0 ;
     pred:Laughter 6.0 ;
     pred:Learning 8.0 ;
     pred:Enjoyment 8.0 ;
     pred:Worry 1.0 ;
     pred:Depression 2.0 ;
     pred:Anger 4.0 ;
     pred:Stress 3.0 ;
     pred:Loneliness 0.0 .

:Respondent50_Emotional_Regulation_Frequency
                                   pred:Upset_by_Unexpected_Events 2.0 ;
                                   pred:Unable_to_Control_Important_Things 3.0 ;
                                   pred:Lacked_Confidence_Handling_Problems 3.0 ;
                                   pred:Unable_to_Cope 2.0 ;
                                   pred:Irritated_by_Life 3.0 ;
                                   pred:On_Top_of_Things 2.0 .
:Respondent50 pred:hasGroupResponse :Respondent50_Emotional_Regulation_Frequency .

:Respondent50_Anxiety_Symptoms_Frequency
                               pred:Feeling_Nervous_or_On_Edge 2.0 ;
                               pred:Trouble_Relaxing 1.0 ;
                               pred:Restlessness 0.0 ;
                               pred:Irritability 2.0 ;
                               pred:Fear_Something_Awful_Might_Happen 2.0 .
:Respondent50 pred:hasGroupResponse :Respondent50_Anxiety_Symptoms_Frequency .

:Respondent50_Depressive_Symptoms_Frequency
                                  pred:Anhedonia 1.0 ;
                                  pred:Sleep_Problems 2.0 ;
                                  pred:Fatigue 3.0 ;
                                  pred:Appetite_Changes 0.0 ;
                                  pred:Feelings_of_Worthlessness 1.0 ;
                                  pred:Concentration_Difficulties 0.0 ;
                                  pred:Suicidal_Thoughts 0.0 .
:Respondent50 pred:hasGroupResponse :Respondent50_Depressive_Symptoms_Frequency .

:Respondent147 pred:Year_of_birth 2004.0 ;
     pred:Gender 1.0 ;
     pred:Socio_economic_status 5.0 ;
     pred:Ethnic_identity 6.0 .

:Respondent147 pred:Life_satisfaction 7.0 ;
     pred:Happiness 8.0 ;
     pred:Laughter 6.0 ;
     pred:Learning 3.0 ;
     pred:Enjoyment 8.0 ;
     pred:Worry 0.0 ;
     pred:Depression 1.0 ;
     pred:Anger 2.0 ;
     pred:Stress 3.0 ;
     pred:Loneliness 0.0 .

:Respondent147_Emotional_Regulation_Frequency
                                   pred:Upset_by_Unexpected_Events 1.0 ;
                                   pred:Unable_to_Control_Important_Things 2.0 ;
                                   pred:Lacked_Confidence_Handling_Problems 4.0 ;
                                   pred:Unable_to_Cope 1.0 ;
                                   pred:Irritated_by_Life 4.0 ;
                                   pred:On_Top_of_Things 3.0 .
:Respondent147 pred:hasGroupResponse :Respondent147_Emotional_Regulation_Frequency .

:Respondent147_Anxiety_Symptoms_Frequency
                               pred:Feeling_Nervous_or_On_Edge 2.0 ;
                               pred:Trouble_Relaxing 1.0 ;
                               pred:Restlessness 0.0 ;
                               pred:Irritability 1.0 ;
                               pred:Fear_Something_Awful_Might_Happen 1.0 .
:Respondent147 pred:hasGroupResponse :Respondent147_Anxiety_Symptoms_Frequency .

:Respondent147_Depressive_Symptoms_Frequency
                                  pred:Anhedonia 0.0 ;
                                  pred:Sleep_Problems 2.0 ;
                                  pred:Fatigue 1.0 ;
                                  pred:Appetite_Changes 0.0 ;
                                  pred:Feelings_of_Worthlessness 0.0 ;
                                  pred:Concentration_Difficulties 0.0 ;
                                  pred:Suicidal_Thoughts 0.0 .
:Respondent147 pred:hasGroupResponse :Respondent147_Depressive_Symptoms_Frequency .

:Respondent96 pred:Year_of_birth 2003.0 ;
     pred:Gender 2.0 ;
     pred:Socio_economic_status 3.0 ;
     pred:Ethnic_identity 6.0 .

:Respondent96 pred:Life_satisfaction 6.0 ;
     pred:Happiness 8.0 ;
     pred:Laughter 5.0 ;
     pred:Learning 8.0 ;
     pred:Enjoyment 7.0 ;
     pred:Worry 0.0 ;
     pred:Depression 0.0 ;
     pred:Anger 1.0 ;
     pred:Stress 3.0 ;
     pred:Loneliness 1.0 .

:Respondent96_Emotional_Regulation_Frequency
                                   pred:Upset_by_Unexpected_Events 1.0 ;
                                   pred:Unable_to_Control_Important_Things 2.0 ;
                                   pred:Lacked_Confidence_Handling_Problems 3.0 ;
                                   pred:Unable_to_Cope 2.0 ;
                                   pred:Irritated_by_Life 3.0 ;
                                   pred:On_Top_of_Things 3.0 .
:Respondent96 pred:hasGroupResponse :Respondent96_Emotional_Regulation_Frequency .

:Respondent96_Anxiety_Symptoms_Frequency
                               pred:Feeling_Nervous_or_On_Edge 2.0 ;
                               pred:Trouble_Relaxing 1.0 ;
                               pred:Restlessness 0.0 ;
                               pred:Irritability 0.0 ;
                               pred:Fear_Something_Awful_Might_Happen 0.0 .
:Respondent96 pred:hasGroupResponse :Respondent96_Anxiety_Symptoms_Frequency .

:Respondent96_Depressive_Symptoms_Frequency
                                  pred:Anhedonia 0.0 ;
                                  pred:Sleep_Problems 0.0 ;
                                  pred:Fatigue 1.0 ;
                                  pred:Appetite_Changes 0.0 ;
                                  pred:Feelings_of_Worthlessness 0.0 ;
                                  pred:Concentration_Difficulties 0.0 ;
                                  pred:Suicidal_Thoughts 0.0 .
:Respondent96 pred:hasGroupResponse :Respondent96_Depressive_Symptoms_Frequency .

You are a meticulous data analyst AI. Your primary function is to accurately analyze structured data and provide precise, verifiable answers.

You will be given a dataset with two key parts:

A 'questions' section: This is your data dictionary or schema. It is the single source of truth for understanding what each field and score means. Refer to it carefully.

A 'responses' section: This contains the raw data from each individual respondent.

To answer the question correctly, you must first use the 'questions' schema to fully understand the context and meaning of the data points within the 'responses'. Do not rely on any prior knowledge outside of this provided data. Base your entire analysis on the information given.

Provide your final answer directly and concisely. Output must be the human-readable value, not an option code.

Rules:
- For MCQ fields, map any letter codes in the Responses (case-insensitive) to the corresponding option text from the Questions schema, and output only that text. Do NOT include the letter or both.
  Example: If the schema is ""[MCQ: A. Abnormal B. Inconclusive C. Normal]"" and the response is ""a"", output ""Abnormal"".
- For open-ended fields, output the exact text value.
- If the question asks for a count, provide only the number (e.g., ""42"").
- If the question asks for a list of names or IDs, provide a simple comma-separated list (e.g., ""17, 21, 23"").
- Preserve capitalization exactly as in the schema (e.g., output ""Abnormal"", not ""abnormal"" or ""A"").

What is the frequency of trouble relaxing for respondent 50?",,
case_21,answer_lookup,"For respondent 81, what is the value for 'Appetite Changes' in the 'Depressive Symptoms Frequency' category?","@prefix : <http://example.org/survey#> .
@prefix pred: <http://example.org/predicate#> .
@prefix qg: <http://example.org/question_group#> .

# Questions
:QYear_of_birth pred:Text ""What is your date of birth? [Open-ended]"" .
:QGender pred:Text ""What is your gender? [MCQ: 1. Male 2. Female]"" .
:QSocio_economic_status pred:Text ""What is the socio-economic status of your home? [Likert 1–6: 1 = Very low, 6 = Very high]"" .
:QEthnic_identity pred:Text ""According to your culture, people, or physical features, you are or are recognized as: [MCQ: 1. Indigenous 2. Gypsy 3. Raizal from San Andres, Providencia and Santa Catalina Archipelago 4. Palenquero from San Basilio 5. Black, mulatto (Afro-descendant), Afro-Colombian 6. None of the above]"" .

:QGParental_Education pred:BaseQuestion ""How many years of education did your parents receive? [Open-ended]"" ;
    qg:hasSubQuestion :QParental_Education_Father, :QParental_Education_Mother .
:QParental_Education_Father pred:Text ""Father?"" .
:QParental_Education_Mother pred:Text ""Mother?"" .

:QLife_satisfaction pred:Text ""In general, how satisfied are you with all aspects of your life? [Likert 0–10: 0 = Not satisfied, 10 = Totally satisfied]"" .
:QHappiness pred:Text ""How happy did you feel yesterday? [Likert 0–10: 0 = At no time, 10 = All the time]"" .
:QLaughter pred:Text ""How much did you laugh yesterday? [Likert 0–10: 0 = At no time, 10 = All the time]"" .
:QLearning pred:Text ""Did you learn new or exciting things yesterday? [Likert 0–10: 0 = At no time, 10 = All the time]"" .
:QEnjoyment pred:Text ""How much did you enjoy the activities you did yesterday? [Likert 0–10: 0 = At no time, 10 = All the time]"" .
:QWorry pred:Text ""How worried did you feel yesterday? [Likert 0–10: 0 = At no time, 10 = All the time]"" .
:QDepression pred:Text ""How depressed did you feel yesterday? [Likert 0–10: 0 = At no time, 10 = All the time]"" .
:QAnger pred:Text ""How angry did you feel yesterday? [Likert 0–10: 0 = At no time, 10 = All the time]"" .
:QStress pred:Text ""How much stress did you feel yesterday? [Likert 0–10: 0 = At no time, 10 = All the time]"" .
:QLoneliness pred:Text ""How lonely or unsupported did you feel yesterday? [Likert 0–10: 0 = At no time, 10 = All the time]"" .

:QGEmotional_Regulation_Frequency pred:BaseQuestion ""Next, you will be asked questions about your emotional state. Please answer on a scale of 0 to 4, where 0 is never, 1 is 'almost never', 2 is 'sometimes', 3 is 'fairly often', and 4 is 'very often', how often you experienced the following feelings during the last month: [Likert 0–4]"" ;
    qg:hasSubQuestion :QEmotional_Regulation_Frequency_Upset_by_Unexpected_Events,
                      :QEmotional_Regulation_Frequency_Unable_to_Control_Important_Things,
                      :QEmotional_Regulation_Frequency_Nervous_and_Stressed,
                      :QEmotional_Regulation_Frequency_Lacked_Confidence_Handling_Problems,
                      :QEmotional_Regulation_Frequency_Things_Going_Your_Way,
                      :QEmotional_Regulation_Frequency_Unable_to_Cope,
                      :QEmotional_Regulation_Frequency_Irritated_by_Life,
                      :QEmotional_Regulation_Frequency_On_Top_of_Things,
                      :QEmotional_Regulation_Frequency_Angered_by_Uncontrollable_Events,
                      :QEmotional_Regulation_Frequency_Felt_Overwhelmed .

:QEmotional_Regulation_Frequency_Upset_by_Unexpected_Events pred:Text ""how often have you been upset because of something that happened unexpectedly?"" .
:QEmotional_Regulation_Frequency_Unable_to_Control_Important_Things pred:Text ""how often have you felt that you were unable to control the important things in your life?"" .
:QEmotional_Regulation_Frequency_Nervous_and_Stressed pred:Text ""how often have you felt nervous and stressed?"" .
:QEmotional_Regulation_Frequency_Lacked_Confidence_Handling_Problems pred:Text ""how often have you felt confident about your ability to handle your personal problems?"" .
:QEmotional_Regulation_Frequency_Things_Going_Your_Way pred:Text ""how often have you felt that things were going your way?"" .
:QEmotional_Regulation_Frequency_Unable_to_Cope pred:Text ""how often have you found that you could not cope with all the things that you had to do?"" .
:QEmotional_Regulation_Frequency_Irritated_by_Life pred:Text ""how often have you been able to control irritations in your life?"" .
:QEmotional_Regulation_Frequency_On_Top_of_Things pred:Text ""how often have you felt that you were on top of things?"" .
:QEmotional_Regulation_Frequency_Angered_by_Uncontrollable_Events pred:Text ""how often have you been angered because of things that happened that were outside of your control?"" .
:QEmotional_Regulation_Frequency_Felt_Overwhelmed pred:Text ""how often have you felt difficulties were piling up so high that you could not overcome them?"" .

:QGAnxiety_Symptoms_Frequency pred:BaseQuestion ""Next, you will be asked questions about your emotional state. Please answer on a scale of 0 to 3, where 0 is 'Not at all', 1 is 'several days', 2 is 'more than half of the days', and 3 is 'Nearly every day'. Over the last two weeks, how often have you been bothered by the following problems? [Likert 0–3]"" ;
    qg:hasSubQuestion :QAnxiety_Symptoms_Frequency_Feeling_Nervous_or_On_Edge,
                      :QAnxiety_Symptoms_Frequency_Uncontrollable_Worrying,
                      :QAnxiety_Symptoms_Frequency_Excessive_Worry,
                      :QAnxiety_Symptoms_Frequency_Trouble_Relaxing,
                      :QAnxiety_Symptoms_Frequency_Restlessness,
                      :QAnxiety_Symptoms_Frequency_Irritability,
                      :QAnxiety_Symptoms_Frequency_Fear_Something_Awful_Might_Happen .

:QAnxiety_Symptoms_Frequency_Feeling_Nervous_or_On_Edge pred:Text ""Feeling nervous, anxious, or on edge"" .
:QAnxiety_Symptoms_Frequency_Uncontrollable_Worrying pred:Text ""Not being able to stop or control worrying"" .
:QAnxiety_Symptoms_Frequency_Excessive_Worry pred:Text ""Worrying too much about different things"" .
:QAnxiety_Symptoms_Frequency_Trouble_Relaxing pred:Text ""Trouble relaxing"" .
:QAnxiety_Symptoms_Frequency_Restlessness pred:Text ""Being so restless that it is hard to sit still"" .
:QAnxiety_Symptoms_Frequency_Irritability pred:Text ""Becoming easily annoyed or irritable"" .
:QAnxiety_Symptoms_Frequency_Fear_Something_Awful_Might_Happen pred:Text ""Feeling afraid, as if something awful might happen"" .

:QGDepressive_Symptoms_Frequency pred:BaseQuestion ""Next, you will be asked questions about your emotional state. Please answer on a scale of 0 to 3, where 0 is 'Not at all', 1 is 'several days', 2 is 'more than half of the days', and 3 is 'Nearly every day'. Over the last two weeks, how often have you been bothered by the following problems?"" ;
    qg:hasSubQuestion :QDepressive_Symptoms_Frequency_Anhedonia,
                      :QDepressive_Symptoms_Frequency_Depressed_Mood,
                      :QDepressive_Symptoms_Frequency_Sleep_Problems,
                      :QDepressive_Symptoms_Frequency_Fatigue,
                      :QDepressive_Symptoms_Frequency_Appetite_Changes,
                      :QDepressive_Symptoms_Frequency_Feelings_of_Worthlessness,
                      :QDepressive_Symptoms_Frequency_Concentration_Difficulties,
                      :QDepressive_Symptoms_Frequency_Psychomotor_Changes,
                      :QDepressive_Symptoms_Frequency_Suicidal_Thoughts .

:QDepressive_Symptoms_Frequency_Anhedonia pred:Text ""Little interest or pleasure in doing things"" .
:QDepressive_Symptoms_Frequency_Depressed_Mood pred:Text ""Feeling down, depressed, or hopeless"" .
:QDepressive_Symptoms_Frequency_Sleep_Problems pred:Text ""Trouble falling or staying asleep, or sleeping too much"" .
:QDepressive_Symptoms_Frequency_Fatigue pred:Text ""Feeling tired or having little energy"" .
:QDepressive_Symptoms_Frequency_Appetite_Changes pred:Text ""Poor appetite or overeating"" .
:QDepressive_Symptoms_Frequency_Feelings_of_Worthlessness pred:Text ""Feeling bad about yourself or that you are a failure or have let yourself or your family down"" .
:QDepressive_Symptoms_Frequency_Concentration_Difficulties pred:Text ""Trouble concentrating on things, such as reading the newspaper or watching television"" .
:QDepressive_Symptoms_Frequency_Psychomotor_Changes pred:Text ""Moving or speaking so slowly that other people could have noticed. Or the opposite — being so fidgety or restless that you have been moving around a lot more than usual"" .
:QDepressive_Symptoms_Frequency_Suicidal_Thoughts pred:Text ""Thoughts that you would be better off dead, or of hurting yourself"" .

# Responses
:Respondent81 pred:Year_of_birth 2003.0 ;
     pred:Gender 2.0 ;
     pred:Socio_economic_status 3.0 ;
     pred:Ethnic_identity 6.0 .

:Respondent81 pred:Life_satisfaction 6.0 ;
     pred:Happiness 5.0 ;
     pred:Laughter 3.0 ;
     pred:Learning 8.0 ;
     pred:Enjoyment 6.0 ;
     pred:Worry 1.0 ;
     pred:Depression 0.0 ;
     pred:Anger 2.0 ;
     pred:Stress 2.0 ;
     pred:Loneliness 6.0 .

:Respondent81_Emotional_Regulation_Frequency
                                   pred:Upset_by_Unexpected_Events 2.0 ;
                                   pred:Unable_to_Control_Important_Things 1.0 ;
                                   pred:Lacked_Confidence_Handling_Problems 3.0 ;
                                   pred:Unable_to_Cope 1.0 ;
                                   pred:Irritated_by_Life 3.0 ;
                                   pred:On_Top_of_Things 2.0 .
:Respondent81 pred:hasGroupResponse :Respondent81_Emotional_Regulation_Frequency .

:Respondent81_Anxiety_Symptoms_Frequency
                               pred:Feeling_Nervous_or_On_Edge 1.0 ;
                               pred:Trouble_Relaxing 1.0 ;
                               pred:Restlessness 0.0 ;
                               pred:Irritability 1.0 ;
                               pred:Fear_Something_Awful_Might_Happen 1.0 .
:Respondent81 pred:hasGroupResponse :Respondent81_Anxiety_Symptoms_Frequency .

:Respondent81_Depressive_Symptoms_Frequency
                                  pred:Anhedonia 1.0 ;
                                  pred:Sleep_Problems 1.0 ;
                                  pred:Fatigue 1.0 ;
                                  pred:Appetite_Changes 1.0 ;
                                  pred:Feelings_of_Worthlessness 1.0 ;
                                  pred:Concentration_Difficulties 1.0 ;
                                  pred:Suicidal_Thoughts 0.0 .
:Respondent81 pred:hasGroupResponse :Respondent81_Depressive_Symptoms_Frequency .

:Respondent13 pred:Year_of_birth 2002.0 ;
     pred:Gender 1.0 ;
     pred:Socio_economic_status 3.0 ;
     pred:Ethnic_identity 6.0 .

:Respondent13 pred:Life_satisfaction 7.0 ;
     pred:Happiness 7.0 ;
     pred:Laughter 9.0 ;
     pred:Learning 5.0 ;
     pred:Enjoyment 9.0 ;
     pred:Worry 1.0 ;
     pred:Depression 1.0 ;
     pred:Anger 2.0 ;
     pred:Stress 3.0 ;
     pred:Loneliness 0.0 .

:Respondent13_Emotional_Regulation_Frequency
                                   pred:Upset_by_Unexpected_Events 2.0 ;
                                   pred:Unable_to_Control_Important_Things 3.0 ;
                                   pred:Lacked_Confidence_Handling_Problems 2.0 ;
                                   pred:Unable_to_Cope 2.0 ;
                                   pred:Irritated_by_Life 3.0 ;
                                   pred:On_Top_of_Things 2.0 .
:Respondent13 pred:hasGroupResponse :Respondent13_Emotional_Regulation_Frequency .

:Respondent13_Anxiety_Symptoms_Frequency
                               pred:Feeling_Nervous_or_On_Edge 1.0 ;
                               pred:Trouble_Relaxing 1.0 ;
                               pred:Restlessness 1.0 ;
                               pred:Irritability 1.0 ;
                               pred:Fear_Something_Awful_Might_Happen 0.0 .
:Respondent13 pred:hasGroupResponse :Respondent13_Anxiety_Symptoms_Frequency .

:Respondent13_Depressive_Symptoms_Frequency
                                  pred:Anhedonia 1.0 ;
                                  pred:Sleep_Problems 1.0 ;
                                  pred:Fatigue 1.0 ;
                                  pred:Appetite_Changes 0.0 ;
                                  pred:Feelings_of_Worthlessness 1.0 ;
                                  pred:Concentration_Difficulties 0.0 ;
                                  pred:Suicidal_Thoughts 0.0 .
:Respondent13 pred:hasGroupResponse :Respondent13_Depressive_Symptoms_Frequency .

:Respondent99 pred:Year_of_birth 2003.0 ;
     pred:Gender 1.0 ;
     pred:Socio_economic_status 6.0 ;
     pred:Ethnic_identity 6.0 .

:Respondent99 pred:Life_satisfaction 8.0 ;
     pred:Happiness 9.0 ;
     pred:Laughter 7.0 ;
     pred:Learning 9.0 ;
     pred:Enjoyment 7.0 ;
     pred:Worry 1.0 ;
     pred:Depression 0.0 ;
     pred:Anger 2.0 ;
     pred:Stress 2.0 ;
     pred:Loneliness 1.0 .

:Respondent99_Emotional_Regulation_Frequency
                                   pred:Upset_by_Unexpected_Events 2.0 ;
                                   pred:Unable_to_Control_Important_Things 1.0 ;
                                   pred:Lacked_Confidence_Handling_Problems 2.0 ;
                                   pred:Unable_to_Cope 1.0 ;
                                   pred:Irritated_by_Life 3.0 ;
                                   pred:On_Top_of_Things 3.0 .
:Respondent99 pred:hasGroupResponse :Respondent99_Emotional_Regulation_Frequency .

:Respondent99_Anxiety_Symptoms_Frequency
                               pred:Feeling_Nervous_or_On_Edge 1.0 ;
                               pred:Trouble_Relaxing 1.0 ;
                               pred:Restlessness 0.0 ;
                               pred:Irritability 1.0 ;
                               pred:Fear_Something_Awful_Might_Happen 0.0 .
:Respondent99 pred:hasGroupResponse :Respondent99_Anxiety_Symptoms_Frequency .

:Respondent99_Depressive_Symptoms_Frequency
                                  pred:Anhedonia 0.0 ;
                                  pred:Sleep_Problems 0.0 ;
                                  pred:Fatigue 1.0 ;
                                  pred:Appetite_Changes 0.0 ;
                                  pred:Feelings_of_Worthlessness 0.0 ;
                                  pred:Concentration_Difficulties 1.0 ;
                                  pred:Suicidal_Thoughts 0.0 .
:Respondent99 pred:hasGroupResponse :Respondent99_Depressive_Symptoms_Frequency .
",1.0,"For respondent 129, what is the value for 'Appetite Changes' in the 'Depressive Symptoms Frequency' category?

DATA:

@prefix : <http://example.org/survey#> .
@prefix pred: <http://example.org/predicate#> .
@prefix qg: <http://example.org/question_group#> .

# Questions
:QYear_of_birth pred:Text ""What is your date of birth? [Open-ended]"" .
:QGender pred:Text ""What is your gender? [MCQ: 1. Male 2. Female]"" .
:QSocio_economic_status pred:Text ""What is the socio-economic status of your home? [Likert 1–6: 1 = Very low, 6 = Very high]"" .
:QEthnic_identity pred:Text ""According to your culture, people, or physical features, you are or are recognized as: [MCQ: 1. Indigenous 2. Gypsy 3. Raizal from San Andres, Providencia and Santa Catalina Archipelago 4. Palenquero from San Basilio 5. Black, mulatto (Afro-descendant), Afro-Colombian 6. None of the above]"" .

:QGParental_Education pred:BaseQuestion ""How many years of education did your parents receive? [Open-ended]"" ;
    qg:hasSubQuestion :QParental_Education_Father, :QParental_Education_Mother .
:QParental_Education_Father pred:Text ""Father?"" .
:QParental_Education_Mother pred:Text ""Mother?"" .

:QLife_satisfaction pred:Text ""In general, how satisfied are you with all aspects of your life? [Likert 0–10: 0 = Not satisfied, 10 = Totally satisfied]"" .
:QHappiness pred:Text ""How happy did you feel yesterday? [Likert 0–10: 0 = At no time, 10 = All the time]"" .
:QLaughter pred:Text ""How much did you laugh yesterday? [Likert 0–10: 0 = At no time, 10 = All the time]"" .
:QLearning pred:Text ""Did you learn new or exciting things yesterday? [Likert 0–10: 0 = At no time, 10 = All the time]"" .
:QEnjoyment pred:Text ""How much did you enjoy the activities you did yesterday? [Likert 0–10: 0 = At no time, 10 = All the time]"" .
:QWorry pred:Text ""How worried did you feel yesterday? [Likert 0–10: 0 = At no time, 10 = All the time]"" .
:QDepression pred:Text ""How depressed did you feel yesterday? [Likert 0–10: 0 = At no time, 10 = All the time]"" .
:QAnger pred:Text ""How angry did you feel yesterday? [Likert 0–10: 0 = At no time, 10 = All the time]"" .
:QStress pred:Text ""How much stress did you feel yesterday? [Likert 0–10: 0 = At no time, 10 = All the time]"" .
:QLoneliness pred:Text ""How lonely or unsupported did you feel yesterday? [Likert 0–10: 0 = At no time, 10 = All the time]"" .

:QGEmotional_Regulation_Frequency pred:BaseQuestion ""Next, you will be asked questions about your emotional state. Please answer on a scale of 0 to 4, where 0 is never, 1 is 'almost never', 2 is 'sometimes', 3 is 'fairly often', and 4 is 'very often', how often you experienced the following feelings during the last month: [Likert 0–4]"" ;
    qg:hasSubQuestion :QEmotional_Regulation_Frequency_Upset_by_Unexpected_Events,
                      :QEmotional_Regulation_Frequency_Unable_to_Control_Important_Things,
                      :QEmotional_Regulation_Frequency_Nervous_and_Stressed,
                      :QEmotional_Regulation_Frequency_Lacked_Confidence_Handling_Problems,
                      :QEmotional_Regulation_Frequency_Things_Going_Your_Way,
                      :QEmotional_Regulation_Frequency_Unable_to_Cope,
                      :QEmotional_Regulation_Frequency_Irritated_by_Life,
                      :QEmotional_Regulation_Frequency_On_Top_of_Things,
                      :QEmotional_Regulation_Frequency_Angered_by_Uncontrollable_Events,
                      :QEmotional_Regulation_Frequency_Felt_Overwhelmed .

:QEmotional_Regulation_Frequency_Upset_by_Unexpected_Events pred:Text ""how often have you been upset because of something that happened unexpectedly?"" .
:QEmotional_Regulation_Frequency_Unable_to_Control_Important_Things pred:Text ""how often have you felt that you were unable to control the important things in your life?"" .
:QEmotional_Regulation_Frequency_Nervous_and_Stressed pred:Text ""how often have you felt nervous and stressed?"" .
:QEmotional_Regulation_Frequency_Lacked_Confidence_Handling_Problems pred:Text ""how often have you felt confident about your ability to handle your personal problems?"" .
:QEmotional_Regulation_Frequency_Things_Going_Your_Way pred:Text ""how often have you felt that things were going your way?"" .
:QEmotional_Regulation_Frequency_Unable_to_Cope pred:Text ""how often have you found that you could not cope with all the things that you had to do?"" .
:QEmotional_Regulation_Frequency_Irritated_by_Life pred:Text ""how often have you been able to control irritations in your life?"" .
:QEmotional_Regulation_Frequency_On_Top_of_Things pred:Text ""how often have you felt that you were on top of things?"" .
:QEmotional_Regulation_Frequency_Angered_by_Uncontrollable_Events pred:Text ""how often have you been angered because of things that happened that were outside of your control?"" .
:QEmotional_Regulation_Frequency_Felt_Overwhelmed pred:Text ""how often have you felt difficulties were piling up so high that you could not overcome them?"" .

:QGAnxiety_Symptoms_Frequency pred:BaseQuestion ""Next, you will be asked questions about your emotional state. Please answer on a scale of 0 to 3, where 0 is 'Not at all', 1 is 'several days', 2 is 'more than half of the days', and 3 is 'Nearly every day'. Over the last two weeks, how often have you been bothered by the following problems? [Likert 0–3]"" ;
    qg:hasSubQuestion :QAnxiety_Symptoms_Frequency_Feeling_Nervous_or_On_Edge,
                      :QAnxiety_Symptoms_Frequency_Uncontrollable_Worrying,
                      :QAnxiety_Symptoms_Frequency_Excessive_Worry,
                      :QAnxiety_Symptoms_Frequency_Trouble_Relaxing,
                      :QAnxiety_Symptoms_Frequency_Restlessness,
                      :QAnxiety_Symptoms_Frequency_Irritability,
                      :QAnxiety_Symptoms_Frequency_Fear_Something_Awful_Might_Happen .

:QAnxiety_Symptoms_Frequency_Feeling_Nervous_or_On_Edge pred:Text ""Feeling nervous, anxious, or on edge"" .
:QAnxiety_Symptoms_Frequency_Uncontrollable_Worrying pred:Text ""Not being able to stop or control worrying"" .
:QAnxiety_Symptoms_Frequency_Excessive_Worry pred:Text ""Worrying too much about different things"" .
:QAnxiety_Symptoms_Frequency_Trouble_Relaxing pred:Text ""Trouble relaxing"" .
:QAnxiety_Symptoms_Frequency_Restlessness pred:Text ""Being so restless that it is hard to sit still"" .
:QAnxiety_Symptoms_Frequency_Irritability pred:Text ""Becoming easily annoyed or irritable"" .
:QAnxiety_Symptoms_Frequency_Fear_Something_Awful_Might_Happen pred:Text ""Feeling afraid, as if something awful might happen"" .

:QGDepressive_Symptoms_Frequency pred:BaseQuestion ""Next, you will be asked questions about your emotional state. Please answer on a scale of 0 to 3, where 0 is 'Not at all', 1 is 'several days', 2 is 'more than half of the days', and 3 is 'Nearly every day'. Over the last two weeks, how often have you been bothered by the following problems?"" ;
    qg:hasSubQuestion :QDepressive_Symptoms_Frequency_Anhedonia,
                      :QDepressive_Symptoms_Frequency_Depressed_Mood,
                      :QDepressive_Symptoms_Frequency_Sleep_Problems,
                      :QDepressive_Symptoms_Frequency_Fatigue,
                      :QDepressive_Symptoms_Frequency_Appetite_Changes,
                      :QDepressive_Symptoms_Frequency_Feelings_of_Worthlessness,
                      :QDepressive_Symptoms_Frequency_Concentration_Difficulties,
                      :QDepressive_Symptoms_Frequency_Psychomotor_Changes,
                      :QDepressive_Symptoms_Frequency_Suicidal_Thoughts .

:QDepressive_Symptoms_Frequency_Anhedonia pred:Text ""Little interest or pleasure in doing things"" .
:QDepressive_Symptoms_Frequency_Depressed_Mood pred:Text ""Feeling down, depressed, or hopeless"" .
:QDepressive_Symptoms_Frequency_Sleep_Problems pred:Text ""Trouble falling or staying asleep, or sleeping too much"" .
:QDepressive_Symptoms_Frequency_Fatigue pred:Text ""Feeling tired or having little energy"" .
:QDepressive_Symptoms_Frequency_Appetite_Changes pred:Text ""Poor appetite or overeating"" .
:QDepressive_Symptoms_Frequency_Feelings_of_Worthlessness pred:Text ""Feeling bad about yourself or that you are a failure or have let yourself or your family down"" .
:QDepressive_Symptoms_Frequency_Concentration_Difficulties pred:Text ""Trouble concentrating on things, such as reading the newspaper or watching television"" .
:QDepressive_Symptoms_Frequency_Psychomotor_Changes pred:Text ""Moving or speaking so slowly that other people could have noticed. Or the opposite — being so fidgety or restless that you have been moving around a lot more than usual"" .
:QDepressive_Symptoms_Frequency_Suicidal_Thoughts pred:Text ""Thoughts that you would be better off dead, or of hurting yourself"" .

# Responses
:Respondent73 pred:Year_of_birth 2005.0 ;
     pred:Gender 2.0 ;
     pred:Socio_economic_status 2.0 ;
     pred:Ethnic_identity 6.0 .

:Respondent73_Parental_Education
                       pred:Father 25.0 ;
                       pred:Mother 15.0 .
:Respondent73 pred:hasGroupResponse :Respondent73_Parental_Education .

:Respondent73 pred:Life_satisfaction 8.0 ;
     pred:Happiness 5.0 ;
     pred:Laughter 4.0 ;
     pred:Learning 5.0 ;
     pred:Enjoyment 5.0 ;
     pred:Worry 2.0 ;
     pred:Depression 1.0 ;
     pred:Anger 2.0 ;
     pred:Stress 4.0 ;
     pred:Loneliness 6.0 .

:Respondent73_Emotional_Regulation_Frequency
                                   pred:Upset_by_Unexpected_Events 2.0 ;
                                   pred:Unable_to_Control_Important_Things 2.0 ;
                                   pred:Lacked_Confidence_Handling_Problems 2.0 ;
                                   pred:Unable_to_Cope 2.0 ;
                                   pred:Irritated_by_Life 2.0 ;
                                   pred:On_Top_of_Things 2.0 .
:Respondent73 pred:hasGroupResponse :Respondent73_Emotional_Regulation_Frequency .

:Respondent73_Anxiety_Symptoms_Frequency
                               pred:Feeling_Nervous_or_On_Edge 2.0 ;
                               pred:Trouble_Relaxing 1.0 ;
                               pred:Restlessness 1.0 ;
                               pred:Irritability 2.0 ;
                               pred:Fear_Something_Awful_Might_Happen 2.0 .
:Respondent73 pred:hasGroupResponse :Respondent73_Anxiety_Symptoms_Frequency .

:Respondent73_Depressive_Symptoms_Frequency
                                  pred:Anhedonia 1.0 ;
                                  pred:Sleep_Problems 2.0 ;
                                  pred:Fatigue 1.0 ;
                                  pred:Appetite_Changes 1.0 ;
                                  pred:Feelings_of_Worthlessness 1.0 ;
                                  pred:Concentration_Difficulties 1.0 ;
                                  pred:Suicidal_Thoughts 0.0 .
:Respondent73 pred:hasGroupResponse :Respondent73_Depressive_Symptoms_Frequency .

:Respondent85 pred:Year_of_birth 2004.0 ;
     pred:Gender 2.0 ;
     pred:Socio_economic_status 3.0 ;
     pred:Ethnic_identity 6.0 .

:Respondent85_Parental_Education
                       pred:Father 18.0 .
:Respondent85 pred:hasGroupResponse :Respondent85_Parental_Education .

:Respondent85 pred:Life_satisfaction 5.0 ;
     pred:Happiness 6.0 ;
     pred:Laughter 6.0 ;
     pred:Learning 8.0 ;
     pred:Enjoyment 5.0 ;
     pred:Worry 1.0 ;
     pred:Depression 1.0 ;
     pred:Anger 2.0 ;
     pred:Stress 4.0 ;
     pred:Loneliness 1.0 .

:Respondent85_Emotional_Regulation_Frequency
                                   pred:Upset_by_Unexpected_Events 2.0 ;
                                   pred:Unable_to_Control_Important_Things 3.0 ;
                                   pred:Lacked_Confidence_Handling_Problems 2.0 ;
                                   pred:Unable_to_Cope 3.0 ;
                                   pred:Irritated_by_Life 3.0 ;
                                   pred:On_Top_of_Things 2.0 .
:Respondent85 pred:hasGroupResponse :Respondent85_Emotional_Regulation_Frequency .

:Respondent85_Anxiety_Symptoms_Frequency
                               pred:Feeling_Nervous_or_On_Edge 1.0 ;
                               pred:Trouble_Relaxing 1.0 ;
                               pred:Restlessness 0.0 ;
                               pred:Irritability 1.0 ;
                               pred:Fear_Something_Awful_Might_Happen 1.0 .
:Respondent85 pred:hasGroupResponse :Respondent85_Anxiety_Symptoms_Frequency .

:Respondent85_Depressive_Symptoms_Frequency
                                  pred:Anhedonia 2.0 ;
                                  pred:Sleep_Problems 2.0 ;
                                  pred:Fatigue 3.0 ;
                                  pred:Appetite_Changes 3.0 ;
                                  pred:Feelings_of_Worthlessness 1.0 ;
                                  pred:Concentration_Difficulties 1.0 ;
                                  pred:Suicidal_Thoughts 0.0 .
:Respondent85 pred:hasGroupResponse :Respondent85_Depressive_Symptoms_Frequency .

:Respondent129 pred:Year_of_birth 2001.0 ;
     pred:Gender 2.0 ;
     pred:Socio_economic_status 3.0 ;
     pred:Ethnic_identity 6.0 .

:Respondent129_Parental_Education
                       pred:Father 13.0 ;
                       pred:Mother 13.0 .
:Respondent129 pred:hasGroupResponse :Respondent129_Parental_Education .

:Respondent129 pred:Life_satisfaction 8.0 ;
     pred:Happiness 9.0 ;
     pred:Laughter 6.0 ;
     pred:Learning 5.0 ;
     pred:Enjoyment 6.0 ;
     pred:Worry 1.0 ;
     pred:Depression 1.0 ;
     pred:Anger 1.0 ;
     pred:Stress 3.0 ;
     pred:Loneliness 0.0 .

:Respondent129_Emotional_Regulation_Frequency
                                   pred:Upset_by_Unexpected_Events 1.0 ;
                                   pred:Unable_to_Control_Important_Things 1.0 ;
                                   pred:Lacked_Confidence_Handling_Problems 3.0 ;
                                   pred:Unable_to_Cope 2.0 ;
                                   pred:Irritated_by_Life 3.0 ;
                                   pred:On_Top_of_Things 2.0 .
:Respondent129 pred:hasGroupResponse :Respondent129_Emotional_Regulation_Frequency .

:Respondent129_Anxiety_Symptoms_Frequency
                               pred:Feeling_Nervous_or_On_Edge 1.0 ;
                               pred:Trouble_Relaxing 1.0 ;
                               pred:Restlessness 0.0 ;
                               pred:Irritability 0.0 ;
                               pred:Fear_Something_Awful_Might_Happen 0.0 .
:Respondent129 pred:hasGroupResponse :Respondent129_Anxiety_Symptoms_Frequency .

:Respondent129_Depressive_Symptoms_Frequency
                                  pred:Anhedonia 1.0 ;
                                  pred:Sleep_Problems 1.0 ;
                                  pred:Fatigue 2.0 ;
                                  pred:Appetite_Changes 2.0 ;
                                  pred:Feelings_of_Worthlessness 0.0 ;
                                  pred:Concentration_Difficulties 2.0 ;
                                  pred:Suicidal_Thoughts 0.0 .
:Respondent129 pred:hasGroupResponse :Respondent129_Depressive_Symptoms_Frequency .

Answer: 2.0

@prefix : <http://example.org/survey#> .
@prefix pred: <http://example.org/predicate#> .
@prefix qg: <http://example.org/question_group#> .

# Questions
:QYear_of_birth pred:Text ""What is your date of birth? [Open-ended]"" .
:QGender pred:Text ""What is your gender? [MCQ: 1. Male 2. Female]"" .
:QSocio_economic_status pred:Text ""What is the socio-economic status of your home? [Likert 1–6: 1 = Very low, 6 = Very high]"" .
:QEthnic_identity pred:Text ""According to your culture, people, or physical features, you are or are recognized as: [MCQ: 1. Indigenous 2. Gypsy 3. Raizal from San Andres, Providencia and Santa Catalina Archipelago 4. Palenquero from San Basilio 5. Black, mulatto (Afro-descendant), Afro-Colombian 6. None of the above]"" .

:QGParental_Education pred:BaseQuestion ""How many years of education did your parents receive? [Open-ended]"" ;
    qg:hasSubQuestion :QParental_Education_Father, :QParental_Education_Mother .
:QParental_Education_Father pred:Text ""Father?"" .
:QParental_Education_Mother pred:Text ""Mother?"" .

:QLife_satisfaction pred:Text ""In general, how satisfied are you with all aspects of your life? [Likert 0–10: 0 = Not satisfied, 10 = Totally satisfied]"" .
:QHappiness pred:Text ""How happy did you feel yesterday? [Likert 0–10: 0 = At no time, 10 = All the time]"" .
:QLaughter pred:Text ""How much did you laugh yesterday? [Likert 0–10: 0 = At no time, 10 = All the time]"" .
:QLearning pred:Text ""Did you learn new or exciting things yesterday? [Likert 0–10: 0 = At no time, 10 = All the time]"" .
:QEnjoyment pred:Text ""How much did you enjoy the activities you did yesterday? [Likert 0–10: 0 = At no time, 10 = All the time]"" .
:QWorry pred:Text ""How worried did you feel yesterday? [Likert 0–10: 0 = At no time, 10 = All the time]"" .
:QDepression pred:Text ""How depressed did you feel yesterday? [Likert 0–10: 0 = At no time, 10 = All the time]"" .
:QAnger pred:Text ""How angry did you feel yesterday? [Likert 0–10: 0 = At no time, 10 = All the time]"" .
:QStress pred:Text ""How much stress did you feel yesterday? [Likert 0–10: 0 = At no time, 10 = All the time]"" .
:QLoneliness pred:Text ""How lonely or unsupported did you feel yesterday? [Likert 0–10: 0 = At no time, 10 = All the time]"" .

:QGEmotional_Regulation_Frequency pred:BaseQuestion ""Next, you will be asked questions about your emotional state. Please answer on a scale of 0 to 4, where 0 is never, 1 is 'almost never', 2 is 'sometimes', 3 is 'fairly often', and 4 is 'very often', how often you experienced the following feelings during the last month: [Likert 0–4]"" ;
    qg:hasSubQuestion :QEmotional_Regulation_Frequency_Upset_by_Unexpected_Events,
                      :QEmotional_Regulation_Frequency_Unable_to_Control_Important_Things,
                      :QEmotional_Regulation_Frequency_Nervous_and_Stressed,
                      :QEmotional_Regulation_Frequency_Lacked_Confidence_Handling_Problems,
                      :QEmotional_Regulation_Frequency_Things_Going_Your_Way,
                      :QEmotional_Regulation_Frequency_Unable_to_Cope,
                      :QEmotional_Regulation_Frequency_Irritated_by_Life,
                      :QEmotional_Regulation_Frequency_On_Top_of_Things,
                      :QEmotional_Regulation_Frequency_Angered_by_Uncontrollable_Events,
                      :QEmotional_Regulation_Frequency_Felt_Overwhelmed .

:QEmotional_Regulation_Frequency_Upset_by_Unexpected_Events pred:Text ""how often have you been upset because of something that happened unexpectedly?"" .
:QEmotional_Regulation_Frequency_Unable_to_Control_Important_Things pred:Text ""how often have you felt that you were unable to control the important things in your life?"" .
:QEmotional_Regulation_Frequency_Nervous_and_Stressed pred:Text ""how often have you felt nervous and stressed?"" .
:QEmotional_Regulation_Frequency_Lacked_Confidence_Handling_Problems pred:Text ""how often have you felt confident about your ability to handle your personal problems?"" .
:QEmotional_Regulation_Frequency_Things_Going_Your_Way pred:Text ""how often have you felt that things were going your way?"" .
:QEmotional_Regulation_Frequency_Unable_to_Cope pred:Text ""how often have you found that you could not cope with all the things that you had to do?"" .
:QEmotional_Regulation_Frequency_Irritated_by_Life pred:Text ""how often have you been able to control irritations in your life?"" .
:QEmotional_Regulation_Frequency_On_Top_of_Things pred:Text ""how often have you felt that you were on top of things?"" .
:QEmotional_Regulation_Frequency_Angered_by_Uncontrollable_Events pred:Text ""how often have you been angered because of things that happened that were outside of your control?"" .
:QEmotional_Regulation_Frequency_Felt_Overwhelmed pred:Text ""how often have you felt difficulties were piling up so high that you could not overcome them?"" .

:QGAnxiety_Symptoms_Frequency pred:BaseQuestion ""Next, you will be asked questions about your emotional state. Please answer on a scale of 0 to 3, where 0 is 'Not at all', 1 is 'several days', 2 is 'more than half of the days', and 3 is 'Nearly every day'. Over the last two weeks, how often have you been bothered by the following problems? [Likert 0–3]"" ;
    qg:hasSubQuestion :QAnxiety_Symptoms_Frequency_Feeling_Nervous_or_On_Edge,
                      :QAnxiety_Symptoms_Frequency_Uncontrollable_Worrying,
                      :QAnxiety_Symptoms_Frequency_Excessive_Worry,
                      :QAnxiety_Symptoms_Frequency_Trouble_Relaxing,
                      :QAnxiety_Symptoms_Frequency_Restlessness,
                      :QAnxiety_Symptoms_Frequency_Irritability,
                      :QAnxiety_Symptoms_Frequency_Fear_Something_Awful_Might_Happen .

:QAnxiety_Symptoms_Frequency_Feeling_Nervous_or_On_Edge pred:Text ""Feeling nervous, anxious, or on edge"" .
:QAnxiety_Symptoms_Frequency_Uncontrollable_Worrying pred:Text ""Not being able to stop or control worrying"" .
:QAnxiety_Symptoms_Frequency_Excessive_Worry pred:Text ""Worrying too much about different things"" .
:QAnxiety_Symptoms_Frequency_Trouble_Relaxing pred:Text ""Trouble relaxing"" .
:QAnxiety_Symptoms_Frequency_Restlessness pred:Text ""Being so restless that it is hard to sit still"" .
:QAnxiety_Symptoms_Frequency_Irritability pred:Text ""Becoming easily annoyed or irritable"" .
:QAnxiety_Symptoms_Frequency_Fear_Something_Awful_Might_Happen pred:Text ""Feeling afraid, as if something awful might happen"" .

:QGDepressive_Symptoms_Frequency pred:BaseQuestion ""Next, you will be asked questions about your emotional state. Please answer on a scale of 0 to 3, where 0 is 'Not at all', 1 is 'several days', 2 is 'more than half of the days', and 3 is 'Nearly every day'. Over the last two weeks, how often have you been bothered by the following problems?"" ;
    qg:hasSubQuestion :QDepressive_Symptoms_Frequency_Anhedonia,
                      :QDepressive_Symptoms_Frequency_Depressed_Mood,
                      :QDepressive_Symptoms_Frequency_Sleep_Problems,
                      :QDepressive_Symptoms_Frequency_Fatigue,
                      :QDepressive_Symptoms_Frequency_Appetite_Changes,
                      :QDepressive_Symptoms_Frequency_Feelings_of_Worthlessness,
                      :QDepressive_Symptoms_Frequency_Concentration_Difficulties,
                      :QDepressive_Symptoms_Frequency_Psychomotor_Changes,
                      :QDepressive_Symptoms_Frequency_Suicidal_Thoughts .

:QDepressive_Symptoms_Frequency_Anhedonia pred:Text ""Little interest or pleasure in doing things"" .
:QDepressive_Symptoms_Frequency_Depressed_Mood pred:Text ""Feeling down, depressed, or hopeless"" .
:QDepressive_Symptoms_Frequency_Sleep_Problems pred:Text ""Trouble falling or staying asleep, or sleeping too much"" .
:QDepressive_Symptoms_Frequency_Fatigue pred:Text ""Feeling tired or having little energy"" .
:QDepressive_Symptoms_Frequency_Appetite_Changes pred:Text ""Poor appetite or overeating"" .
:QDepressive_Symptoms_Frequency_Feelings_of_Worthlessness pred:Text ""Feeling bad about yourself or that you are a failure or have let yourself or your family down"" .
:QDepressive_Symptoms_Frequency_Concentration_Difficulties pred:Text ""Trouble concentrating on things, such as reading the newspaper or watching television"" .
:QDepressive_Symptoms_Frequency_Psychomotor_Changes pred:Text ""Moving or speaking so slowly that other people could have noticed. Or the opposite — being so fidgety or restless that you have been moving around a lot more than usual"" .
:QDepressive_Symptoms_Frequency_Suicidal_Thoughts pred:Text ""Thoughts that you would be better off dead, or of hurting yourself"" .

# Responses
:Respondent81 pred:Year_of_birth 2003.0 ;
     pred:Gender 2.0 ;
     pred:Socio_economic_status 3.0 ;
     pred:Ethnic_identity 6.0 .

:Respondent81 pred:Life_satisfaction 6.0 ;
     pred:Happiness 5.0 ;
     pred:Laughter 3.0 ;
     pred:Learning 8.0 ;
     pred:Enjoyment 6.0 ;
     pred:Worry 1.0 ;
     pred:Depression 0.0 ;
     pred:Anger 2.0 ;
     pred:Stress 2.0 ;
     pred:Loneliness 6.0 .

:Respondent81_Emotional_Regulation_Frequency
                                   pred:Upset_by_Unexpected_Events 2.0 ;
                                   pred:Unable_to_Control_Important_Things 1.0 ;
                                   pred:Lacked_Confidence_Handling_Problems 3.0 ;
                                   pred:Unable_to_Cope 1.0 ;
                                   pred:Irritated_by_Life 3.0 ;
                                   pred:On_Top_of_Things 2.0 .
:Respondent81 pred:hasGroupResponse :Respondent81_Emotional_Regulation_Frequency .

:Respondent81_Anxiety_Symptoms_Frequency
                               pred:Feeling_Nervous_or_On_Edge 1.0 ;
                               pred:Trouble_Relaxing 1.0 ;
                               pred:Restlessness 0.0 ;
                               pred:Irritability 1.0 ;
                               pred:Fear_Something_Awful_Might_Happen 1.0 .
:Respondent81 pred:hasGroupResponse :Respondent81_Anxiety_Symptoms_Frequency .

:Respondent81_Depressive_Symptoms_Frequency
                                  pred:Anhedonia 1.0 ;
                                  pred:Sleep_Problems 1.0 ;
                                  pred:Fatigue 1.0 ;
                                  pred:Appetite_Changes 1.0 ;
                                  pred:Feelings_of_Worthlessness 1.0 ;
                                  pred:Concentration_Difficulties 1.0 ;
                                  pred:Suicidal_Thoughts 0.0 .
:Respondent81 pred:hasGroupResponse :Respondent81_Depressive_Symptoms_Frequency .

:Respondent13 pred:Year_of_birth 2002.0 ;
     pred:Gender 1.0 ;
     pred:Socio_economic_status 3.0 ;
     pred:Ethnic_identity 6.0 .

:Respondent13 pred:Life_satisfaction 7.0 ;
     pred:Happiness 7.0 ;
     pred:Laughter 9.0 ;
     pred:Learning 5.0 ;
     pred:Enjoyment 9.0 ;
     pred:Worry 1.0 ;
     pred:Depression 1.0 ;
     pred:Anger 2.0 ;
     pred:Stress 3.0 ;
     pred:Loneliness 0.0 .

:Respondent13_Emotional_Regulation_Frequency
                                   pred:Upset_by_Unexpected_Events 2.0 ;
                                   pred:Unable_to_Control_Important_Things 3.0 ;
                                   pred:Lacked_Confidence_Handling_Problems 2.0 ;
                                   pred:Unable_to_Cope 2.0 ;
                                   pred:Irritated_by_Life 3.0 ;
                                   pred:On_Top_of_Things 2.0 .
:Respondent13 pred:hasGroupResponse :Respondent13_Emotional_Regulation_Frequency .

:Respondent13_Anxiety_Symptoms_Frequency
                               pred:Feeling_Nervous_or_On_Edge 1.0 ;
                               pred:Trouble_Relaxing 1.0 ;
                               pred:Restlessness 1.0 ;
                               pred:Irritability 1.0 ;
                               pred:Fear_Something_Awful_Might_Happen 0.0 .
:Respondent13 pred:hasGroupResponse :Respondent13_Anxiety_Symptoms_Frequency .

:Respondent13_Depressive_Symptoms_Frequency
                                  pred:Anhedonia 1.0 ;
                                  pred:Sleep_Problems 1.0 ;
                                  pred:Fatigue 1.0 ;
                                  pred:Appetite_Changes 0.0 ;
                                  pred:Feelings_of_Worthlessness 1.0 ;
                                  pred:Concentration_Difficulties 0.0 ;
                                  pred:Suicidal_Thoughts 0.0 .
:Respondent13 pred:hasGroupResponse :Respondent13_Depressive_Symptoms_Frequency .

:Respondent99 pred:Year_of_birth 2003.0 ;
     pred:Gender 1.0 ;
     pred:Socio_economic_status 6.0 ;
     pred:Ethnic_identity 6.0 .

:Respondent99 pred:Life_satisfaction 8.0 ;
     pred:Happiness 9.0 ;
     pred:Laughter 7.0 ;
     pred:Learning 9.0 ;
     pred:Enjoyment 7.0 ;
     pred:Worry 1.0 ;
     pred:Depression 0.0 ;
     pred:Anger 2.0 ;
     pred:Stress 2.0 ;
     pred:Loneliness 1.0 .

:Respondent99_Emotional_Regulation_Frequency
                                   pred:Upset_by_Unexpected_Events 2.0 ;
                                   pred:Unable_to_Control_Important_Things 1.0 ;
                                   pred:Lacked_Confidence_Handling_Problems 2.0 ;
                                   pred:Unable_to_Cope 1.0 ;
                                   pred:Irritated_by_Life 3.0 ;
                                   pred:On_Top_of_Things 3.0 .
:Respondent99 pred:hasGroupResponse :Respondent99_Emotional_Regulation_Frequency .

:Respondent99_Anxiety_Symptoms_Frequency
                               pred:Feeling_Nervous_or_On_Edge 1.0 ;
                               pred:Trouble_Relaxing 1.0 ;
                               pred:Restlessness 0.0 ;
                               pred:Irritability 1.0 ;
                               pred:Fear_Something_Awful_Might_Happen 0.0 .
:Respondent99 pred:hasGroupResponse :Respondent99_Anxiety_Symptoms_Frequency .

:Respondent99_Depressive_Symptoms_Frequency
                                  pred:Anhedonia 0.0 ;
                                  pred:Sleep_Problems 0.0 ;
                                  pred:Fatigue 1.0 ;
                                  pred:Appetite_Changes 0.0 ;
                                  pred:Feelings_of_Worthlessness 0.0 ;
                                  pred:Concentration_Difficulties 1.0 ;
                                  pred:Suicidal_Thoughts 0.0 .
:Respondent99 pred:hasGroupResponse :Respondent99_Depressive_Symptoms_Frequency .

You are a meticulous data analyst AI. Your primary function is to accurately analyze structured data and provide precise, verifiable answers.

You will be given a dataset with two key parts:

A 'questions' section: This is your data dictionary or schema. It is the single source of truth for understanding what each field and score means. Refer to it carefully.

A 'responses' section: This contains the raw data from each individual respondent.

To answer the question correctly, you must first use the 'questions' schema to fully understand the context and meaning of the data points within the 'responses'. Do not rely on any prior knowledge outside of this provided data. Base your entire analysis on the information given.

Provide your final answer directly and concisely. Output must be the human-readable value, not an option code.

Rules:
- For MCQ fields, map any letter codes in the Responses (case-insensitive) to the corresponding option text from the Questions schema, and output only that text. Do NOT include the letter or both.
  Example: If the schema is ""[MCQ: A. Abnormal B. Inconclusive C. Normal]"" and the response is ""a"", output ""Abnormal"".
- For open-ended fields, output the exact text value.
- If the question asks for a count, provide only the number (e.g., ""42"").
- If the question asks for a list of names or IDs, provide a simple comma-separated list (e.g., ""17, 21, 23"").
- Preserve capitalization exactly as in the schema (e.g., output ""Abnormal"", not ""abnormal"" or ""A"").

For respondent 81, what is the value for 'Appetite Changes' in the 'Depressive Symptoms Frequency' category?",,
case_22,answer_lookup,What is the socio-economic status for respondent 112?,"@prefix : <http://example.org/survey#> .
@prefix pred: <http://example.org/predicate#> .
@prefix qg: <http://example.org/question_group#> .

# Questions
:QYear_of_birth pred:Text ""What is your date of birth? [Open-ended]"" .
:QGender pred:Text ""What is your gender? [MCQ: 1. Male 2. Female]"" .
:QSocio_economic_status pred:Text ""What is the socio-economic status of your home? [Likert 1–6: 1 = Very low, 6 = Very high]"" .
:QEthnic_identity pred:Text ""According to your culture, people, or physical features, you are or are recognized as: [MCQ: 1. Indigenous 2. Gypsy 3. Raizal from San Andres, Providencia and Santa Catalina Archipelago 4. Palenquero from San Basilio 5. Black, mulatto (Afro-descendant), Afro-Colombian 6. None of the above]"" .

:QGParental_Education pred:BaseQuestion ""How many years of education did your parents receive? [Open-ended]"" ;
    qg:hasSubQuestion :QParental_Education_Father, :QParental_Education_Mother .
:QParental_Education_Father pred:Text ""Father?"" .
:QParental_Education_Mother pred:Text ""Mother?"" .

:QLife_satisfaction pred:Text ""In general, how satisfied are you with all aspects of your life? [Likert 0–10: 0 = Not satisfied, 10 = Totally satisfied]"" .
:QHappiness pred:Text ""How happy did you feel yesterday? [Likert 0–10: 0 = At no time, 10 = All the time]"" .
:QLaughter pred:Text ""How much did you laugh yesterday? [Likert 0–10: 0 = At no time, 10 = All the time]"" .
:QLearning pred:Text ""Did you learn new or exciting things yesterday? [Likert 0–10: 0 = At no time, 10 = All the time]"" .
:QEnjoyment pred:Text ""How much did you enjoy the activities you did yesterday? [Likert 0–10: 0 = At no time, 10 = All the time]"" .
:QWorry pred:Text ""How worried did you feel yesterday? [Likert 0–10: 0 = At no time, 10 = All the time]"" .
:QDepression pred:Text ""How depressed did you feel yesterday? [Likert 0–10: 0 = At no time, 10 = All the time]"" .
:QAnger pred:Text ""How angry did you feel yesterday? [Likert 0–10: 0 = At no time, 10 = All the time]"" .
:QStress pred:Text ""How much stress did you feel yesterday? [Likert 0–10: 0 = At no time, 10 = All the time]"" .
:QLoneliness pred:Text ""How lonely or unsupported did you feel yesterday? [Likert 0–10: 0 = At no time, 10 = All the time]"" .

:QGEmotional_Regulation_Frequency pred:BaseQuestion ""Next, you will be asked questions about your emotional state. Please answer on a scale of 0 to 4, where 0 is never, 1 is 'almost never', 2 is 'sometimes', 3 is 'fairly often', and 4 is 'very often', how often you experienced the following feelings during the last month: [Likert 0–4]"" ;
    qg:hasSubQuestion :QEmotional_Regulation_Frequency_Upset_by_Unexpected_Events,
                      :QEmotional_Regulation_Frequency_Unable_to_Control_Important_Things,
                      :QEmotional_Regulation_Frequency_Nervous_and_Stressed,
                      :QEmotional_Regulation_Frequency_Lacked_Confidence_Handling_Problems,
                      :QEmotional_Regulation_Frequency_Things_Going_Your_Way,
                      :QEmotional_Regulation_Frequency_Unable_to_Cope,
                      :QEmotional_Regulation_Frequency_Irritated_by_Life,
                      :QEmotional_Regulation_Frequency_On_Top_of_Things,
                      :QEmotional_Regulation_Frequency_Angered_by_Uncontrollable_Events,
                      :QEmotional_Regulation_Frequency_Felt_Overwhelmed .

:QEmotional_Regulation_Frequency_Upset_by_Unexpected_Events pred:Text ""how often have you been upset because of something that happened unexpectedly?"" .
:QEmotional_Regulation_Frequency_Unable_to_Control_Important_Things pred:Text ""how often have you felt that you were unable to control the important things in your life?"" .
:QEmotional_Regulation_Frequency_Nervous_and_Stressed pred:Text ""how often have you felt nervous and stressed?"" .
:QEmotional_Regulation_Frequency_Lacked_Confidence_Handling_Problems pred:Text ""how often have you felt confident about your ability to handle your personal problems?"" .
:QEmotional_Regulation_Frequency_Things_Going_Your_Way pred:Text ""how often have you felt that things were going your way?"" .
:QEmotional_Regulation_Frequency_Unable_to_Cope pred:Text ""how often have you found that you could not cope with all the things that you had to do?"" .
:QEmotional_Regulation_Frequency_Irritated_by_Life pred:Text ""how often have you been able to control irritations in your life?"" .
:QEmotional_Regulation_Frequency_On_Top_of_Things pred:Text ""how often have you felt that you were on top of things?"" .
:QEmotional_Regulation_Frequency_Angered_by_Uncontrollable_Events pred:Text ""how often have you been angered because of things that happened that were outside of your control?"" .
:QEmotional_Regulation_Frequency_Felt_Overwhelmed pred:Text ""how often have you felt difficulties were piling up so high that you could not overcome them?"" .

:QGAnxiety_Symptoms_Frequency pred:BaseQuestion ""Next, you will be asked questions about your emotional state. Please answer on a scale of 0 to 3, where 0 is 'Not at all', 1 is 'several days', 2 is 'more than half of the days', and 3 is 'Nearly every day'. Over the last two weeks, how often have you been bothered by the following problems? [Likert 0–3]"" ;
    qg:hasSubQuestion :QAnxiety_Symptoms_Frequency_Feeling_Nervous_or_On_Edge,
                      :QAnxiety_Symptoms_Frequency_Uncontrollable_Worrying,
                      :QAnxiety_Symptoms_Frequency_Excessive_Worry,
                      :QAnxiety_Symptoms_Frequency_Trouble_Relaxing,
                      :QAnxiety_Symptoms_Frequency_Restlessness,
                      :QAnxiety_Symptoms_Frequency_Irritability,
                      :QAnxiety_Symptoms_Frequency_Fear_Something_Awful_Might_Happen .

:QAnxiety_Symptoms_Frequency_Feeling_Nervous_or_On_Edge pred:Text ""Feeling nervous, anxious, or on edge"" .
:QAnxiety_Symptoms_Frequency_Uncontrollable_Worrying pred:Text ""Not being able to stop or control worrying"" .
:QAnxiety_Symptoms_Frequency_Excessive_Worry pred:Text ""Worrying too much about different things"" .
:QAnxiety_Symptoms_Frequency_Trouble_Relaxing pred:Text ""Trouble relaxing"" .
:QAnxiety_Symptoms_Frequency_Restlessness pred:Text ""Being so restless that it is hard to sit still"" .
:QAnxiety_Symptoms_Frequency_Irritability pred:Text ""Becoming easily annoyed or irritable"" .
:QAnxiety_Symptoms_Frequency_Fear_Something_Awful_Might_Happen pred:Text ""Feeling afraid, as if something awful might happen"" .

:QGDepressive_Symptoms_Frequency pred:BaseQuestion ""Next, you will be asked questions about your emotional state. Please answer on a scale of 0 to 3, where 0 is 'Not at all', 1 is 'several days', 2 is 'more than half of the days', and 3 is 'Nearly every day'. Over the last two weeks, how often have you been bothered by the following problems?"" ;
    qg:hasSubQuestion :QDepressive_Symptoms_Frequency_Anhedonia,
                      :QDepressive_Symptoms_Frequency_Depressed_Mood,
                      :QDepressive_Symptoms_Frequency_Sleep_Problems,
                      :QDepressive_Symptoms_Frequency_Fatigue,
                      :QDepressive_Symptoms_Frequency_Appetite_Changes,
                      :QDepressive_Symptoms_Frequency_Feelings_of_Worthlessness,
                      :QDepressive_Symptoms_Frequency_Concentration_Difficulties,
                      :QDepressive_Symptoms_Frequency_Psychomotor_Changes,
                      :QDepressive_Symptoms_Frequency_Suicidal_Thoughts .

:QDepressive_Symptoms_Frequency_Anhedonia pred:Text ""Little interest or pleasure in doing things"" .
:QDepressive_Symptoms_Frequency_Depressed_Mood pred:Text ""Feeling down, depressed, or hopeless"" .
:QDepressive_Symptoms_Frequency_Sleep_Problems pred:Text ""Trouble falling or staying asleep, or sleeping too much"" .
:QDepressive_Symptoms_Frequency_Fatigue pred:Text ""Feeling tired or having little energy"" .
:QDepressive_Symptoms_Frequency_Appetite_Changes pred:Text ""Poor appetite or overeating"" .
:QDepressive_Symptoms_Frequency_Feelings_of_Worthlessness pred:Text ""Feeling bad about yourself or that you are a failure or have let yourself or your family down"" .
:QDepressive_Symptoms_Frequency_Concentration_Difficulties pred:Text ""Trouble concentrating on things, such as reading the newspaper or watching television"" .
:QDepressive_Symptoms_Frequency_Psychomotor_Changes pred:Text ""Moving or speaking so slowly that other people could have noticed. Or the opposite — being so fidgety or restless that you have been moving around a lot more than usual"" .
:QDepressive_Symptoms_Frequency_Suicidal_Thoughts pred:Text ""Thoughts that you would be better off dead, or of hurting yourself"" .

# Responses
:Respondent112 pred:Year_of_birth 2002.0 ;
     pred:Gender 1.0 ;
     pred:Socio_economic_status 4.0 ;
     pred:Ethnic_identity 6.0 .

:Respondent112_Parental_Education
                       pred:Father 13.0 ;
                       pred:Mother 11.0 .
:Respondent112 pred:hasGroupResponse :Respondent112_Parental_Education .

:Respondent112 pred:Life_satisfaction 6.0 ;
     pred:Happiness 8.0 ;
     pred:Laughter 6.0 ;
     pred:Learning 8.0 ;
     pred:Enjoyment 9.0 ;
     pred:Worry 0.0 ;
     pred:Depression 1.0 ;
     pred:Anger 1.0 ;
     pred:Stress 3.0 ;
     pred:Loneliness 5.0 .

:Respondent112_Emotional_Regulation_Frequency
                                   pred:Upset_by_Unexpected_Events 2.0 ;
                                   pred:Unable_to_Control_Important_Things 4.0 ;
                                   pred:Lacked_Confidence_Handling_Problems 2.0 ;
                                   pred:Unable_to_Cope 3.0 ;
                                   pred:Irritated_by_Life 3.0 ;
                                   pred:On_Top_of_Things 1.0 .
:Respondent112 pred:hasGroupResponse :Respondent112_Emotional_Regulation_Frequency .

:Respondent112_Anxiety_Symptoms_Frequency
                               pred:Feeling_Nervous_or_On_Edge 1.0 ;
                               pred:Trouble_Relaxing 1.0 ;
                               pred:Restlessness 2.0 ;
                               pred:Irritability 0.0 ;
                               pred:Fear_Something_Awful_Might_Happen 0.0 .
:Respondent112 pred:hasGroupResponse :Respondent112_Anxiety_Symptoms_Frequency .

:Respondent112_Depressive_Symptoms_Frequency
                                  pred:Anhedonia 2.0 ;
                                  pred:Sleep_Problems 1.0 ;
                                  pred:Fatigue 2.0 ;
                                  pred:Appetite_Changes 0.0 ;
                                  pred:Feelings_of_Worthlessness 3.0 ;
                                  pred:Concentration_Difficulties 2.0 ;
                                  pred:Suicidal_Thoughts 0.0 .
:Respondent112 pred:hasGroupResponse :Respondent112_Depressive_Symptoms_Frequency .

:Respondent121 pred:Year_of_birth 2002.0 ;
     pred:Gender 1.0 ;
     pred:Socio_economic_status 6.0 ;
     pred:Ethnic_identity 6.0 .

:Respondent121_Parental_Education
                       pred:Father 17.0 ;
                       pred:Mother 15.0 .
:Respondent121 pred:hasGroupResponse :Respondent121_Parental_Education .

:Respondent121 pred:Life_satisfaction 9.0 ;
     pred:Happiness 7.0 ;
     pred:Laughter 7.0 ;
     pred:Learning 10.0 ;
     pred:Enjoyment 9.0 ;
     pred:Worry 2.0 ;
     pred:Depression 0.0 ;
     pred:Anger 2.0 ;
     pred:Stress 1.0 ;
     pred:Loneliness 0.0 .

:Respondent121_Emotional_Regulation_Frequency
                                   pred:Upset_by_Unexpected_Events 1.0 ;
                                   pred:Unable_to_Control_Important_Things 1.0 ;
                                   pred:Lacked_Confidence_Handling_Problems 3.0 ;
                                   pred:Unable_to_Cope 2.0 ;
                                   pred:Irritated_by_Life 2.0 ;
                                   pred:On_Top_of_Things 2.0 .
:Respondent121 pred:hasGroupResponse :Respondent121_Emotional_Regulation_Frequency .

:Respondent121_Anxiety_Symptoms_Frequency
                               pred:Feeling_Nervous_or_On_Edge 1.0 ;
                               pred:Trouble_Relaxing 0.0 ;
                               pred:Restlessness 0.0 ;
                               pred:Irritability 0.0 ;
                               pred:Fear_Something_Awful_Might_Happen 0.0 .
:Respondent121 pred:hasGroupResponse :Respondent121_Anxiety_Symptoms_Frequency .

:Respondent121_Depressive_Symptoms_Frequency
                                  pred:Anhedonia 1.0 ;
                                  pred:Sleep_Problems 0.0 ;
                                  pred:Fatigue 1.0 ;
                                  pred:Appetite_Changes 0.0 ;
                                  pred:Feelings_of_Worthlessness 0.0 ;
                                  pred:Concentration_Difficulties 0.0 ;
                                  pred:Suicidal_Thoughts 0.0 .
:Respondent121 pred:hasGroupResponse :Respondent121_Depressive_Symptoms_Frequency .

:Respondent39 pred:Year_of_birth 2002.0 ;
     pred:Gender 2.0 ;
     pred:Socio_economic_status 3.0 ;
     pred:Ethnic_identity 6.0 .

:Respondent39 pred:Life_satisfaction 7.0 ;
     pred:Happiness 6.0 ;
     pred:Laughter 4.0 ;
     pred:Learning 7.0 ;
     pred:Enjoyment 5.0 ;
     pred:Worry 2.0 ;
     pred:Depression 1.0 ;
     pred:Anger 2.0 ;
     pred:Stress 4.0 ;
     pred:Loneliness 2.0 .

:Respondent39_Emotional_Regulation_Frequency
                                   pred:Upset_by_Unexpected_Events 3.0 ;
                                   pred:Unable_to_Control_Important_Things 2.0 ;
                                   pred:Lacked_Confidence_Handling_Problems 2.0 ;
                                   pred:Unable_to_Cope 3.0 ;
                                   pred:Irritated_by_Life 3.0 ;
                                   pred:On_Top_of_Things 1.0 .
:Respondent39 pred:hasGroupResponse :Respondent39_Emotional_Regulation_Frequency .

:Respondent39_Anxiety_Symptoms_Frequency
                               pred:Feeling_Nervous_or_On_Edge 1.0 ;
                               pred:Trouble_Relaxing 1.0 ;
                               pred:Restlessness 1.0 ;
                               pred:Irritability 2.0 ;
                               pred:Fear_Something_Awful_Might_Happen 2.0 .
:Respondent39 pred:hasGroupResponse :Respondent39_Anxiety_Symptoms_Frequency .

:Respondent39_Depressive_Symptoms_Frequency
                                  pred:Anhedonia 1.0 ;
                                  pred:Sleep_Problems 2.0 ;
                                  pred:Fatigue 2.0 ;
                                  pred:Appetite_Changes 2.0 ;
                                  pred:Feelings_of_Worthlessness 2.0 ;
                                  pred:Concentration_Difficulties 2.0 ;
                                  pred:Suicidal_Thoughts 0.0 .
:Respondent39 pred:hasGroupResponse :Respondent39_Depressive_Symptoms_Frequency .
",4.0,"For respondent 129, what is the value for 'Appetite Changes' in the 'Depressive Symptoms Frequency' category?

DATA:

@prefix : <http://example.org/survey#> .
@prefix pred: <http://example.org/predicate#> .
@prefix qg: <http://example.org/question_group#> .

# Questions
:QYear_of_birth pred:Text ""What is your date of birth? [Open-ended]"" .
:QGender pred:Text ""What is your gender? [MCQ: 1. Male 2. Female]"" .
:QSocio_economic_status pred:Text ""What is the socio-economic status of your home? [Likert 1–6: 1 = Very low, 6 = Very high]"" .
:QEthnic_identity pred:Text ""According to your culture, people, or physical features, you are or are recognized as: [MCQ: 1. Indigenous 2. Gypsy 3. Raizal from San Andres, Providencia and Santa Catalina Archipelago 4. Palenquero from San Basilio 5. Black, mulatto (Afro-descendant), Afro-Colombian 6. None of the above]"" .

:QGParental_Education pred:BaseQuestion ""How many years of education did your parents receive? [Open-ended]"" ;
    qg:hasSubQuestion :QParental_Education_Father, :QParental_Education_Mother .
:QParental_Education_Father pred:Text ""Father?"" .
:QParental_Education_Mother pred:Text ""Mother?"" .

:QLife_satisfaction pred:Text ""In general, how satisfied are you with all aspects of your life? [Likert 0–10: 0 = Not satisfied, 10 = Totally satisfied]"" .
:QHappiness pred:Text ""How happy did you feel yesterday? [Likert 0–10: 0 = At no time, 10 = All the time]"" .
:QLaughter pred:Text ""How much did you laugh yesterday? [Likert 0–10: 0 = At no time, 10 = All the time]"" .
:QLearning pred:Text ""Did you learn new or exciting things yesterday? [Likert 0–10: 0 = At no time, 10 = All the time]"" .
:QEnjoyment pred:Text ""How much did you enjoy the activities you did yesterday? [Likert 0–10: 0 = At no time, 10 = All the time]"" .
:QWorry pred:Text ""How worried did you feel yesterday? [Likert 0–10: 0 = At no time, 10 = All the time]"" .
:QDepression pred:Text ""How depressed did you feel yesterday? [Likert 0–10: 0 = At no time, 10 = All the time]"" .
:QAnger pred:Text ""How angry did you feel yesterday? [Likert 0–10: 0 = At no time, 10 = All the time]"" .
:QStress pred:Text ""How much stress did you feel yesterday? [Likert 0–10: 0 = At no time, 10 = All the time]"" .
:QLoneliness pred:Text ""How lonely or unsupported did you feel yesterday? [Likert 0–10: 0 = At no time, 10 = All the time]"" .

:QGEmotional_Regulation_Frequency pred:BaseQuestion ""Next, you will be asked questions about your emotional state. Please answer on a scale of 0 to 4, where 0 is never, 1 is 'almost never', 2 is 'sometimes', 3 is 'fairly often', and 4 is 'very often', how often you experienced the following feelings during the last month: [Likert 0–4]"" ;
    qg:hasSubQuestion :QEmotional_Regulation_Frequency_Upset_by_Unexpected_Events,
                      :QEmotional_Regulation_Frequency_Unable_to_Control_Important_Things,
                      :QEmotional_Regulation_Frequency_Nervous_and_Stressed,
                      :QEmotional_Regulation_Frequency_Lacked_Confidence_Handling_Problems,
                      :QEmotional_Regulation_Frequency_Things_Going_Your_Way,
                      :QEmotional_Regulation_Frequency_Unable_to_Cope,
                      :QEmotional_Regulation_Frequency_Irritated_by_Life,
                      :QEmotional_Regulation_Frequency_On_Top_of_Things,
                      :QEmotional_Regulation_Frequency_Angered_by_Uncontrollable_Events,
                      :QEmotional_Regulation_Frequency_Felt_Overwhelmed .

:QEmotional_Regulation_Frequency_Upset_by_Unexpected_Events pred:Text ""how often have you been upset because of something that happened unexpectedly?"" .
:QEmotional_Regulation_Frequency_Unable_to_Control_Important_Things pred:Text ""how often have you felt that you were unable to control the important things in your life?"" .
:QEmotional_Regulation_Frequency_Nervous_and_Stressed pred:Text ""how often have you felt nervous and stressed?"" .
:QEmotional_Regulation_Frequency_Lacked_Confidence_Handling_Problems pred:Text ""how often have you felt confident about your ability to handle your personal problems?"" .
:QEmotional_Regulation_Frequency_Things_Going_Your_Way pred:Text ""how often have you felt that things were going your way?"" .
:QEmotional_Regulation_Frequency_Unable_to_Cope pred:Text ""how often have you found that you could not cope with all the things that you had to do?"" .
:QEmotional_Regulation_Frequency_Irritated_by_Life pred:Text ""how often have you been able to control irritations in your life?"" .
:QEmotional_Regulation_Frequency_On_Top_of_Things pred:Text ""how often have you felt that you were on top of things?"" .
:QEmotional_Regulation_Frequency_Angered_by_Uncontrollable_Events pred:Text ""how often have you been angered because of things that happened that were outside of your control?"" .
:QEmotional_Regulation_Frequency_Felt_Overwhelmed pred:Text ""how often have you felt difficulties were piling up so high that you could not overcome them?"" .

:QGAnxiety_Symptoms_Frequency pred:BaseQuestion ""Next, you will be asked questions about your emotional state. Please answer on a scale of 0 to 3, where 0 is 'Not at all', 1 is 'several days', 2 is 'more than half of the days', and 3 is 'Nearly every day'. Over the last two weeks, how often have you been bothered by the following problems? [Likert 0–3]"" ;
    qg:hasSubQuestion :QAnxiety_Symptoms_Frequency_Feeling_Nervous_or_On_Edge,
                      :QAnxiety_Symptoms_Frequency_Uncontrollable_Worrying,
                      :QAnxiety_Symptoms_Frequency_Excessive_Worry,
                      :QAnxiety_Symptoms_Frequency_Trouble_Relaxing,
                      :QAnxiety_Symptoms_Frequency_Restlessness,
                      :QAnxiety_Symptoms_Frequency_Irritability,
                      :QAnxiety_Symptoms_Frequency_Fear_Something_Awful_Might_Happen .

:QAnxiety_Symptoms_Frequency_Feeling_Nervous_or_On_Edge pred:Text ""Feeling nervous, anxious, or on edge"" .
:QAnxiety_Symptoms_Frequency_Uncontrollable_Worrying pred:Text ""Not being able to stop or control worrying"" .
:QAnxiety_Symptoms_Frequency_Excessive_Worry pred:Text ""Worrying too much about different things"" .
:QAnxiety_Symptoms_Frequency_Trouble_Relaxing pred:Text ""Trouble relaxing"" .
:QAnxiety_Symptoms_Frequency_Restlessness pred:Text ""Being so restless that it is hard to sit still"" .
:QAnxiety_Symptoms_Frequency_Irritability pred:Text ""Becoming easily annoyed or irritable"" .
:QAnxiety_Symptoms_Frequency_Fear_Something_Awful_Might_Happen pred:Text ""Feeling afraid, as if something awful might happen"" .

:QGDepressive_Symptoms_Frequency pred:BaseQuestion ""Next, you will be asked questions about your emotional state. Please answer on a scale of 0 to 3, where 0 is 'Not at all', 1 is 'several days', 2 is 'more than half of the days', and 3 is 'Nearly every day'. Over the last two weeks, how often have you been bothered by the following problems?"" ;
    qg:hasSubQuestion :QDepressive_Symptoms_Frequency_Anhedonia,
                      :QDepressive_Symptoms_Frequency_Depressed_Mood,
                      :QDepressive_Symptoms_Frequency_Sleep_Problems,
                      :QDepressive_Symptoms_Frequency_Fatigue,
                      :QDepressive_Symptoms_Frequency_Appetite_Changes,
                      :QDepressive_Symptoms_Frequency_Feelings_of_Worthlessness,
                      :QDepressive_Symptoms_Frequency_Concentration_Difficulties,
                      :QDepressive_Symptoms_Frequency_Psychomotor_Changes,
                      :QDepressive_Symptoms_Frequency_Suicidal_Thoughts .

:QDepressive_Symptoms_Frequency_Anhedonia pred:Text ""Little interest or pleasure in doing things"" .
:QDepressive_Symptoms_Frequency_Depressed_Mood pred:Text ""Feeling down, depressed, or hopeless"" .
:QDepressive_Symptoms_Frequency_Sleep_Problems pred:Text ""Trouble falling or staying asleep, or sleeping too much"" .
:QDepressive_Symptoms_Frequency_Fatigue pred:Text ""Feeling tired or having little energy"" .
:QDepressive_Symptoms_Frequency_Appetite_Changes pred:Text ""Poor appetite or overeating"" .
:QDepressive_Symptoms_Frequency_Feelings_of_Worthlessness pred:Text ""Feeling bad about yourself or that you are a failure or have let yourself or your family down"" .
:QDepressive_Symptoms_Frequency_Concentration_Difficulties pred:Text ""Trouble concentrating on things, such as reading the newspaper or watching television"" .
:QDepressive_Symptoms_Frequency_Psychomotor_Changes pred:Text ""Moving or speaking so slowly that other people could have noticed. Or the opposite — being so fidgety or restless that you have been moving around a lot more than usual"" .
:QDepressive_Symptoms_Frequency_Suicidal_Thoughts pred:Text ""Thoughts that you would be better off dead, or of hurting yourself"" .

# Responses
:Respondent73 pred:Year_of_birth 2005.0 ;
     pred:Gender 2.0 ;
     pred:Socio_economic_status 2.0 ;
     pred:Ethnic_identity 6.0 .

:Respondent73_Parental_Education
                       pred:Father 25.0 ;
                       pred:Mother 15.0 .
:Respondent73 pred:hasGroupResponse :Respondent73_Parental_Education .

:Respondent73 pred:Life_satisfaction 8.0 ;
     pred:Happiness 5.0 ;
     pred:Laughter 4.0 ;
     pred:Learning 5.0 ;
     pred:Enjoyment 5.0 ;
     pred:Worry 2.0 ;
     pred:Depression 1.0 ;
     pred:Anger 2.0 ;
     pred:Stress 4.0 ;
     pred:Loneliness 6.0 .

:Respondent73_Emotional_Regulation_Frequency
                                   pred:Upset_by_Unexpected_Events 2.0 ;
                                   pred:Unable_to_Control_Important_Things 2.0 ;
                                   pred:Lacked_Confidence_Handling_Problems 2.0 ;
                                   pred:Unable_to_Cope 2.0 ;
                                   pred:Irritated_by_Life 2.0 ;
                                   pred:On_Top_of_Things 2.0 .
:Respondent73 pred:hasGroupResponse :Respondent73_Emotional_Regulation_Frequency .

:Respondent73_Anxiety_Symptoms_Frequency
                               pred:Feeling_Nervous_or_On_Edge 2.0 ;
                               pred:Trouble_Relaxing 1.0 ;
                               pred:Restlessness 1.0 ;
                               pred:Irritability 2.0 ;
                               pred:Fear_Something_Awful_Might_Happen 2.0 .
:Respondent73 pred:hasGroupResponse :Respondent73_Anxiety_Symptoms_Frequency .

:Respondent73_Depressive_Symptoms_Frequency
                                  pred:Anhedonia 1.0 ;
                                  pred:Sleep_Problems 2.0 ;
                                  pred:Fatigue 1.0 ;
                                  pred:Appetite_Changes 1.0 ;
                                  pred:Feelings_of_Worthlessness 1.0 ;
                                  pred:Concentration_Difficulties 1.0 ;
                                  pred:Suicidal_Thoughts 0.0 .
:Respondent73 pred:hasGroupResponse :Respondent73_Depressive_Symptoms_Frequency .

:Respondent85 pred:Year_of_birth 2004.0 ;
     pred:Gender 2.0 ;
     pred:Socio_economic_status 3.0 ;
     pred:Ethnic_identity 6.0 .

:Respondent85_Parental_Education
                       pred:Father 18.0 .
:Respondent85 pred:hasGroupResponse :Respondent85_Parental_Education .

:Respondent85 pred:Life_satisfaction 5.0 ;
     pred:Happiness 6.0 ;
     pred:Laughter 6.0 ;
     pred:Learning 8.0 ;
     pred:Enjoyment 5.0 ;
     pred:Worry 1.0 ;
     pred:Depression 1.0 ;
     pred:Anger 2.0 ;
     pred:Stress 4.0 ;
     pred:Loneliness 1.0 .

:Respondent85_Emotional_Regulation_Frequency
                                   pred:Upset_by_Unexpected_Events 2.0 ;
                                   pred:Unable_to_Control_Important_Things 3.0 ;
                                   pred:Lacked_Confidence_Handling_Problems 2.0 ;
                                   pred:Unable_to_Cope 3.0 ;
                                   pred:Irritated_by_Life 3.0 ;
                                   pred:On_Top_of_Things 2.0 .
:Respondent85 pred:hasGroupResponse :Respondent85_Emotional_Regulation_Frequency .

:Respondent85_Anxiety_Symptoms_Frequency
                               pred:Feeling_Nervous_or_On_Edge 1.0 ;
                               pred:Trouble_Relaxing 1.0 ;
                               pred:Restlessness 0.0 ;
                               pred:Irritability 1.0 ;
                               pred:Fear_Something_Awful_Might_Happen 1.0 .
:Respondent85 pred:hasGroupResponse :Respondent85_Anxiety_Symptoms_Frequency .

:Respondent85_Depressive_Symptoms_Frequency
                                  pred:Anhedonia 2.0 ;
                                  pred:Sleep_Problems 2.0 ;
                                  pred:Fatigue 3.0 ;
                                  pred:Appetite_Changes 3.0 ;
                                  pred:Feelings_of_Worthlessness 1.0 ;
                                  pred:Concentration_Difficulties 1.0 ;
                                  pred:Suicidal_Thoughts 0.0 .
:Respondent85 pred:hasGroupResponse :Respondent85_Depressive_Symptoms_Frequency .

:Respondent129 pred:Year_of_birth 2001.0 ;
     pred:Gender 2.0 ;
     pred:Socio_economic_status 3.0 ;
     pred:Ethnic_identity 6.0 .

:Respondent129_Parental_Education
                       pred:Father 13.0 ;
                       pred:Mother 13.0 .
:Respondent129 pred:hasGroupResponse :Respondent129_Parental_Education .

:Respondent129 pred:Life_satisfaction 8.0 ;
     pred:Happiness 9.0 ;
     pred:Laughter 6.0 ;
     pred:Learning 5.0 ;
     pred:Enjoyment 6.0 ;
     pred:Worry 1.0 ;
     pred:Depression 1.0 ;
     pred:Anger 1.0 ;
     pred:Stress 3.0 ;
     pred:Loneliness 0.0 .

:Respondent129_Emotional_Regulation_Frequency
                                   pred:Upset_by_Unexpected_Events 1.0 ;
                                   pred:Unable_to_Control_Important_Things 1.0 ;
                                   pred:Lacked_Confidence_Handling_Problems 3.0 ;
                                   pred:Unable_to_Cope 2.0 ;
                                   pred:Irritated_by_Life 3.0 ;
                                   pred:On_Top_of_Things 2.0 .
:Respondent129 pred:hasGroupResponse :Respondent129_Emotional_Regulation_Frequency .

:Respondent129_Anxiety_Symptoms_Frequency
                               pred:Feeling_Nervous_or_On_Edge 1.0 ;
                               pred:Trouble_Relaxing 1.0 ;
                               pred:Restlessness 0.0 ;
                               pred:Irritability 0.0 ;
                               pred:Fear_Something_Awful_Might_Happen 0.0 .
:Respondent129 pred:hasGroupResponse :Respondent129_Anxiety_Symptoms_Frequency .

:Respondent129_Depressive_Symptoms_Frequency
                                  pred:Anhedonia 1.0 ;
                                  pred:Sleep_Problems 1.0 ;
                                  pred:Fatigue 2.0 ;
                                  pred:Appetite_Changes 2.0 ;
                                  pred:Feelings_of_Worthlessness 0.0 ;
                                  pred:Concentration_Difficulties 2.0 ;
                                  pred:Suicidal_Thoughts 0.0 .
:Respondent129 pred:hasGroupResponse :Respondent129_Depressive_Symptoms_Frequency .

Answer: 2.0

@prefix : <http://example.org/survey#> .
@prefix pred: <http://example.org/predicate#> .
@prefix qg: <http://example.org/question_group#> .

# Questions
:QYear_of_birth pred:Text ""What is your date of birth? [Open-ended]"" .
:QGender pred:Text ""What is your gender? [MCQ: 1. Male 2. Female]"" .
:QSocio_economic_status pred:Text ""What is the socio-economic status of your home? [Likert 1–6: 1 = Very low, 6 = Very high]"" .
:QEthnic_identity pred:Text ""According to your culture, people, or physical features, you are or are recognized as: [MCQ: 1. Indigenous 2. Gypsy 3. Raizal from San Andres, Providencia and Santa Catalina Archipelago 4. Palenquero from San Basilio 5. Black, mulatto (Afro-descendant), Afro-Colombian 6. None of the above]"" .

:QGParental_Education pred:BaseQuestion ""How many years of education did your parents receive? [Open-ended]"" ;
    qg:hasSubQuestion :QParental_Education_Father, :QParental_Education_Mother .
:QParental_Education_Father pred:Text ""Father?"" .
:QParental_Education_Mother pred:Text ""Mother?"" .

:QLife_satisfaction pred:Text ""In general, how satisfied are you with all aspects of your life? [Likert 0–10: 0 = Not satisfied, 10 = Totally satisfied]"" .
:QHappiness pred:Text ""How happy did you feel yesterday? [Likert 0–10: 0 = At no time, 10 = All the time]"" .
:QLaughter pred:Text ""How much did you laugh yesterday? [Likert 0–10: 0 = At no time, 10 = All the time]"" .
:QLearning pred:Text ""Did you learn new or exciting things yesterday? [Likert 0–10: 0 = At no time, 10 = All the time]"" .
:QEnjoyment pred:Text ""How much did you enjoy the activities you did yesterday? [Likert 0–10: 0 = At no time, 10 = All the time]"" .
:QWorry pred:Text ""How worried did you feel yesterday? [Likert 0–10: 0 = At no time, 10 = All the time]"" .
:QDepression pred:Text ""How depressed did you feel yesterday? [Likert 0–10: 0 = At no time, 10 = All the time]"" .
:QAnger pred:Text ""How angry did you feel yesterday? [Likert 0–10: 0 = At no time, 10 = All the time]"" .
:QStress pred:Text ""How much stress did you feel yesterday? [Likert 0–10: 0 = At no time, 10 = All the time]"" .
:QLoneliness pred:Text ""How lonely or unsupported did you feel yesterday? [Likert 0–10: 0 = At no time, 10 = All the time]"" .

:QGEmotional_Regulation_Frequency pred:BaseQuestion ""Next, you will be asked questions about your emotional state. Please answer on a scale of 0 to 4, where 0 is never, 1 is 'almost never', 2 is 'sometimes', 3 is 'fairly often', and 4 is 'very often', how often you experienced the following feelings during the last month: [Likert 0–4]"" ;
    qg:hasSubQuestion :QEmotional_Regulation_Frequency_Upset_by_Unexpected_Events,
                      :QEmotional_Regulation_Frequency_Unable_to_Control_Important_Things,
                      :QEmotional_Regulation_Frequency_Nervous_and_Stressed,
                      :QEmotional_Regulation_Frequency_Lacked_Confidence_Handling_Problems,
                      :QEmotional_Regulation_Frequency_Things_Going_Your_Way,
                      :QEmotional_Regulation_Frequency_Unable_to_Cope,
                      :QEmotional_Regulation_Frequency_Irritated_by_Life,
                      :QEmotional_Regulation_Frequency_On_Top_of_Things,
                      :QEmotional_Regulation_Frequency_Angered_by_Uncontrollable_Events,
                      :QEmotional_Regulation_Frequency_Felt_Overwhelmed .

:QEmotional_Regulation_Frequency_Upset_by_Unexpected_Events pred:Text ""how often have you been upset because of something that happened unexpectedly?"" .
:QEmotional_Regulation_Frequency_Unable_to_Control_Important_Things pred:Text ""how often have you felt that you were unable to control the important things in your life?"" .
:QEmotional_Regulation_Frequency_Nervous_and_Stressed pred:Text ""how often have you felt nervous and stressed?"" .
:QEmotional_Regulation_Frequency_Lacked_Confidence_Handling_Problems pred:Text ""how often have you felt confident about your ability to handle your personal problems?"" .
:QEmotional_Regulation_Frequency_Things_Going_Your_Way pred:Text ""how often have you felt that things were going your way?"" .
:QEmotional_Regulation_Frequency_Unable_to_Cope pred:Text ""how often have you found that you could not cope with all the things that you had to do?"" .
:QEmotional_Regulation_Frequency_Irritated_by_Life pred:Text ""how often have you been able to control irritations in your life?"" .
:QEmotional_Regulation_Frequency_On_Top_of_Things pred:Text ""how often have you felt that you were on top of things?"" .
:QEmotional_Regulation_Frequency_Angered_by_Uncontrollable_Events pred:Text ""how often have you been angered because of things that happened that were outside of your control?"" .
:QEmotional_Regulation_Frequency_Felt_Overwhelmed pred:Text ""how often have you felt difficulties were piling up so high that you could not overcome them?"" .

:QGAnxiety_Symptoms_Frequency pred:BaseQuestion ""Next, you will be asked questions about your emotional state. Please answer on a scale of 0 to 3, where 0 is 'Not at all', 1 is 'several days', 2 is 'more than half of the days', and 3 is 'Nearly every day'. Over the last two weeks, how often have you been bothered by the following problems? [Likert 0–3]"" ;
    qg:hasSubQuestion :QAnxiety_Symptoms_Frequency_Feeling_Nervous_or_On_Edge,
                      :QAnxiety_Symptoms_Frequency_Uncontrollable_Worrying,
                      :QAnxiety_Symptoms_Frequency_Excessive_Worry,
                      :QAnxiety_Symptoms_Frequency_Trouble_Relaxing,
                      :QAnxiety_Symptoms_Frequency_Restlessness,
                      :QAnxiety_Symptoms_Frequency_Irritability,
                      :QAnxiety_Symptoms_Frequency_Fear_Something_Awful_Might_Happen .

:QAnxiety_Symptoms_Frequency_Feeling_Nervous_or_On_Edge pred:Text ""Feeling nervous, anxious, or on edge"" .
:QAnxiety_Symptoms_Frequency_Uncontrollable_Worrying pred:Text ""Not being able to stop or control worrying"" .
:QAnxiety_Symptoms_Frequency_Excessive_Worry pred:Text ""Worrying too much about different things"" .
:QAnxiety_Symptoms_Frequency_Trouble_Relaxing pred:Text ""Trouble relaxing"" .
:QAnxiety_Symptoms_Frequency_Restlessness pred:Text ""Being so restless that it is hard to sit still"" .
:QAnxiety_Symptoms_Frequency_Irritability pred:Text ""Becoming easily annoyed or irritable"" .
:QAnxiety_Symptoms_Frequency_Fear_Something_Awful_Might_Happen pred:Text ""Feeling afraid, as if something awful might happen"" .

:QGDepressive_Symptoms_Frequency pred:BaseQuestion ""Next, you will be asked questions about your emotional state. Please answer on a scale of 0 to 3, where 0 is 'Not at all', 1 is 'several days', 2 is 'more than half of the days', and 3 is 'Nearly every day'. Over the last two weeks, how often have you been bothered by the following problems?"" ;
    qg:hasSubQuestion :QDepressive_Symptoms_Frequency_Anhedonia,
                      :QDepressive_Symptoms_Frequency_Depressed_Mood,
                      :QDepressive_Symptoms_Frequency_Sleep_Problems,
                      :QDepressive_Symptoms_Frequency_Fatigue,
                      :QDepressive_Symptoms_Frequency_Appetite_Changes,
                      :QDepressive_Symptoms_Frequency_Feelings_of_Worthlessness,
                      :QDepressive_Symptoms_Frequency_Concentration_Difficulties,
                      :QDepressive_Symptoms_Frequency_Psychomotor_Changes,
                      :QDepressive_Symptoms_Frequency_Suicidal_Thoughts .

:QDepressive_Symptoms_Frequency_Anhedonia pred:Text ""Little interest or pleasure in doing things"" .
:QDepressive_Symptoms_Frequency_Depressed_Mood pred:Text ""Feeling down, depressed, or hopeless"" .
:QDepressive_Symptoms_Frequency_Sleep_Problems pred:Text ""Trouble falling or staying asleep, or sleeping too much"" .
:QDepressive_Symptoms_Frequency_Fatigue pred:Text ""Feeling tired or having little energy"" .
:QDepressive_Symptoms_Frequency_Appetite_Changes pred:Text ""Poor appetite or overeating"" .
:QDepressive_Symptoms_Frequency_Feelings_of_Worthlessness pred:Text ""Feeling bad about yourself or that you are a failure or have let yourself or your family down"" .
:QDepressive_Symptoms_Frequency_Concentration_Difficulties pred:Text ""Trouble concentrating on things, such as reading the newspaper or watching television"" .
:QDepressive_Symptoms_Frequency_Psychomotor_Changes pred:Text ""Moving or speaking so slowly that other people could have noticed. Or the opposite — being so fidgety or restless that you have been moving around a lot more than usual"" .
:QDepressive_Symptoms_Frequency_Suicidal_Thoughts pred:Text ""Thoughts that you would be better off dead, or of hurting yourself"" .

# Responses
:Respondent112 pred:Year_of_birth 2002.0 ;
     pred:Gender 1.0 ;
     pred:Socio_economic_status 4.0 ;
     pred:Ethnic_identity 6.0 .

:Respondent112_Parental_Education
                       pred:Father 13.0 ;
                       pred:Mother 11.0 .
:Respondent112 pred:hasGroupResponse :Respondent112_Parental_Education .

:Respondent112 pred:Life_satisfaction 6.0 ;
     pred:Happiness 8.0 ;
     pred:Laughter 6.0 ;
     pred:Learning 8.0 ;
     pred:Enjoyment 9.0 ;
     pred:Worry 0.0 ;
     pred:Depression 1.0 ;
     pred:Anger 1.0 ;
     pred:Stress 3.0 ;
     pred:Loneliness 5.0 .

:Respondent112_Emotional_Regulation_Frequency
                                   pred:Upset_by_Unexpected_Events 2.0 ;
                                   pred:Unable_to_Control_Important_Things 4.0 ;
                                   pred:Lacked_Confidence_Handling_Problems 2.0 ;
                                   pred:Unable_to_Cope 3.0 ;
                                   pred:Irritated_by_Life 3.0 ;
                                   pred:On_Top_of_Things 1.0 .
:Respondent112 pred:hasGroupResponse :Respondent112_Emotional_Regulation_Frequency .

:Respondent112_Anxiety_Symptoms_Frequency
                               pred:Feeling_Nervous_or_On_Edge 1.0 ;
                               pred:Trouble_Relaxing 1.0 ;
                               pred:Restlessness 2.0 ;
                               pred:Irritability 0.0 ;
                               pred:Fear_Something_Awful_Might_Happen 0.0 .
:Respondent112 pred:hasGroupResponse :Respondent112_Anxiety_Symptoms_Frequency .

:Respondent112_Depressive_Symptoms_Frequency
                                  pred:Anhedonia 2.0 ;
                                  pred:Sleep_Problems 1.0 ;
                                  pred:Fatigue 2.0 ;
                                  pred:Appetite_Changes 0.0 ;
                                  pred:Feelings_of_Worthlessness 3.0 ;
                                  pred:Concentration_Difficulties 2.0 ;
                                  pred:Suicidal_Thoughts 0.0 .
:Respondent112 pred:hasGroupResponse :Respondent112_Depressive_Symptoms_Frequency .

:Respondent121 pred:Year_of_birth 2002.0 ;
     pred:Gender 1.0 ;
     pred:Socio_economic_status 6.0 ;
     pred:Ethnic_identity 6.0 .

:Respondent121_Parental_Education
                       pred:Father 17.0 ;
                       pred:Mother 15.0 .
:Respondent121 pred:hasGroupResponse :Respondent121_Parental_Education .

:Respondent121 pred:Life_satisfaction 9.0 ;
     pred:Happiness 7.0 ;
     pred:Laughter 7.0 ;
     pred:Learning 10.0 ;
     pred:Enjoyment 9.0 ;
     pred:Worry 2.0 ;
     pred:Depression 0.0 ;
     pred:Anger 2.0 ;
     pred:Stress 1.0 ;
     pred:Loneliness 0.0 .

:Respondent121_Emotional_Regulation_Frequency
                                   pred:Upset_by_Unexpected_Events 1.0 ;
                                   pred:Unable_to_Control_Important_Things 1.0 ;
                                   pred:Lacked_Confidence_Handling_Problems 3.0 ;
                                   pred:Unable_to_Cope 2.0 ;
                                   pred:Irritated_by_Life 2.0 ;
                                   pred:On_Top_of_Things 2.0 .
:Respondent121 pred:hasGroupResponse :Respondent121_Emotional_Regulation_Frequency .

:Respondent121_Anxiety_Symptoms_Frequency
                               pred:Feeling_Nervous_or_On_Edge 1.0 ;
                               pred:Trouble_Relaxing 0.0 ;
                               pred:Restlessness 0.0 ;
                               pred:Irritability 0.0 ;
                               pred:Fear_Something_Awful_Might_Happen 0.0 .
:Respondent121 pred:hasGroupResponse :Respondent121_Anxiety_Symptoms_Frequency .

:Respondent121_Depressive_Symptoms_Frequency
                                  pred:Anhedonia 1.0 ;
                                  pred:Sleep_Problems 0.0 ;
                                  pred:Fatigue 1.0 ;
                                  pred:Appetite_Changes 0.0 ;
                                  pred:Feelings_of_Worthlessness 0.0 ;
                                  pred:Concentration_Difficulties 0.0 ;
                                  pred:Suicidal_Thoughts 0.0 .
:Respondent121 pred:hasGroupResponse :Respondent121_Depressive_Symptoms_Frequency .

:Respondent39 pred:Year_of_birth 2002.0 ;
     pred:Gender 2.0 ;
     pred:Socio_economic_status 3.0 ;
     pred:Ethnic_identity 6.0 .

:Respondent39 pred:Life_satisfaction 7.0 ;
     pred:Happiness 6.0 ;
     pred:Laughter 4.0 ;
     pred:Learning 7.0 ;
     pred:Enjoyment 5.0 ;
     pred:Worry 2.0 ;
     pred:Depression 1.0 ;
     pred:Anger 2.0 ;
     pred:Stress 4.0 ;
     pred:Loneliness 2.0 .

:Respondent39_Emotional_Regulation_Frequency
                                   pred:Upset_by_Unexpected_Events 3.0 ;
                                   pred:Unable_to_Control_Important_Things 2.0 ;
                                   pred:Lacked_Confidence_Handling_Problems 2.0 ;
                                   pred:Unable_to_Cope 3.0 ;
                                   pred:Irritated_by_Life 3.0 ;
                                   pred:On_Top_of_Things 1.0 .
:Respondent39 pred:hasGroupResponse :Respondent39_Emotional_Regulation_Frequency .

:Respondent39_Anxiety_Symptoms_Frequency
                               pred:Feeling_Nervous_or_On_Edge 1.0 ;
                               pred:Trouble_Relaxing 1.0 ;
                               pred:Restlessness 1.0 ;
                               pred:Irritability 2.0 ;
                               pred:Fear_Something_Awful_Might_Happen 2.0 .
:Respondent39 pred:hasGroupResponse :Respondent39_Anxiety_Symptoms_Frequency .

:Respondent39_Depressive_Symptoms_Frequency
                                  pred:Anhedonia 1.0 ;
                                  pred:Sleep_Problems 2.0 ;
                                  pred:Fatigue 2.0 ;
                                  pred:Appetite_Changes 2.0 ;
                                  pred:Feelings_of_Worthlessness 2.0 ;
                                  pred:Concentration_Difficulties 2.0 ;
                                  pred:Suicidal_Thoughts 0.0 .
:Respondent39 pred:hasGroupResponse :Respondent39_Depressive_Symptoms_Frequency .

You are a meticulous data analyst AI. Your primary function is to accurately analyze structured data and provide precise, verifiable answers.

You will be given a dataset with two key parts:

A 'questions' section: This is your data dictionary or schema. It is the single source of truth for understanding what each field and score means. Refer to it carefully.

A 'responses' section: This contains the raw data from each individual respondent.

To answer the question correctly, you must first use the 'questions' schema to fully understand the context and meaning of the data points within the 'responses'. Do not rely on any prior knowledge outside of this provided data. Base your entire analysis on the information given.

Provide your final answer directly and concisely. Output must be the human-readable value, not an option code.

Rules:
- For MCQ fields, map any letter codes in the Responses (case-insensitive) to the corresponding option text from the Questions schema, and output only that text. Do NOT include the letter or both.
  Example: If the schema is ""[MCQ: A. Abnormal B. Inconclusive C. Normal]"" and the response is ""a"", output ""Abnormal"".
- For open-ended fields, output the exact text value.
- If the question asks for a count, provide only the number (e.g., ""42"").
- If the question asks for a list of names or IDs, provide a simple comma-separated list (e.g., ""17, 21, 23"").
- Preserve capitalization exactly as in the schema (e.g., output ""Abnormal"", not ""abnormal"" or ""A"").

What is the socio-economic status for respondent 112?",,
case_23,answer_lookup,What is the anger level for respondent 95?,"@prefix : <http://example.org/survey#> .
@prefix pred: <http://example.org/predicate#> .
@prefix qg: <http://example.org/question_group#> .

# Questions
:QYear_of_birth pred:Text ""What is your date of birth? [Open-ended]"" .
:QGender pred:Text ""What is your gender? [MCQ: 1. Male 2. Female]"" .
:QSocio_economic_status pred:Text ""What is the socio-economic status of your home? [Likert 1–6: 1 = Very low, 6 = Very high]"" .
:QEthnic_identity pred:Text ""According to your culture, people, or physical features, you are or are recognized as: [MCQ: 1. Indigenous 2. Gypsy 3. Raizal from San Andres, Providencia and Santa Catalina Archipelago 4. Palenquero from San Basilio 5. Black, mulatto (Afro-descendant), Afro-Colombian 6. None of the above]"" .

:QGParental_Education pred:BaseQuestion ""How many years of education did your parents receive? [Open-ended]"" ;
    qg:hasSubQuestion :QParental_Education_Father, :QParental_Education_Mother .
:QParental_Education_Father pred:Text ""Father?"" .
:QParental_Education_Mother pred:Text ""Mother?"" .

:QLife_satisfaction pred:Text ""In general, how satisfied are you with all aspects of your life? [Likert 0–10: 0 = Not satisfied, 10 = Totally satisfied]"" .
:QHappiness pred:Text ""How happy did you feel yesterday? [Likert 0–10: 0 = At no time, 10 = All the time]"" .
:QLaughter pred:Text ""How much did you laugh yesterday? [Likert 0–10: 0 = At no time, 10 = All the time]"" .
:QLearning pred:Text ""Did you learn new or exciting things yesterday? [Likert 0–10: 0 = At no time, 10 = All the time]"" .
:QEnjoyment pred:Text ""How much did you enjoy the activities you did yesterday? [Likert 0–10: 0 = At no time, 10 = All the time]"" .
:QWorry pred:Text ""How worried did you feel yesterday? [Likert 0–10: 0 = At no time, 10 = All the time]"" .
:QDepression pred:Text ""How depressed did you feel yesterday? [Likert 0–10: 0 = At no time, 10 = All the time]"" .
:QAnger pred:Text ""How angry did you feel yesterday? [Likert 0–10: 0 = At no time, 10 = All the time]"" .
:QStress pred:Text ""How much stress did you feel yesterday? [Likert 0–10: 0 = At no time, 10 = All the time]"" .
:QLoneliness pred:Text ""How lonely or unsupported did you feel yesterday? [Likert 0–10: 0 = At no time, 10 = All the time]"" .

:QGEmotional_Regulation_Frequency pred:BaseQuestion ""Next, you will be asked questions about your emotional state. Please answer on a scale of 0 to 4, where 0 is never, 1 is 'almost never', 2 is 'sometimes', 3 is 'fairly often', and 4 is 'very often', how often you experienced the following feelings during the last month: [Likert 0–4]"" ;
    qg:hasSubQuestion :QEmotional_Regulation_Frequency_Upset_by_Unexpected_Events,
                      :QEmotional_Regulation_Frequency_Unable_to_Control_Important_Things,
                      :QEmotional_Regulation_Frequency_Nervous_and_Stressed,
                      :QEmotional_Regulation_Frequency_Lacked_Confidence_Handling_Problems,
                      :QEmotional_Regulation_Frequency_Things_Going_Your_Way,
                      :QEmotional_Regulation_Frequency_Unable_to_Cope,
                      :QEmotional_Regulation_Frequency_Irritated_by_Life,
                      :QEmotional_Regulation_Frequency_On_Top_of_Things,
                      :QEmotional_Regulation_Frequency_Angered_by_Uncontrollable_Events,
                      :QEmotional_Regulation_Frequency_Felt_Overwhelmed .

:QEmotional_Regulation_Frequency_Upset_by_Unexpected_Events pred:Text ""how often have you been upset because of something that happened unexpectedly?"" .
:QEmotional_Regulation_Frequency_Unable_to_Control_Important_Things pred:Text ""how often have you felt that you were unable to control the important things in your life?"" .
:QEmotional_Regulation_Frequency_Nervous_and_Stressed pred:Text ""how often have you felt nervous and stressed?"" .
:QEmotional_Regulation_Frequency_Lacked_Confidence_Handling_Problems pred:Text ""how often have you felt confident about your ability to handle your personal problems?"" .
:QEmotional_Regulation_Frequency_Things_Going_Your_Way pred:Text ""how often have you felt that things were going your way?"" .
:QEmotional_Regulation_Frequency_Unable_to_Cope pred:Text ""how often have you found that you could not cope with all the things that you had to do?"" .
:QEmotional_Regulation_Frequency_Irritated_by_Life pred:Text ""how often have you been able to control irritations in your life?"" .
:QEmotional_Regulation_Frequency_On_Top_of_Things pred:Text ""how often have you felt that you were on top of things?"" .
:QEmotional_Regulation_Frequency_Angered_by_Uncontrollable_Events pred:Text ""how often have you been angered because of things that happened that were outside of your control?"" .
:QEmotional_Regulation_Frequency_Felt_Overwhelmed pred:Text ""how often have you felt difficulties were piling up so high that you could not overcome them?"" .

:QGAnxiety_Symptoms_Frequency pred:BaseQuestion ""Next, you will be asked questions about your emotional state. Please answer on a scale of 0 to 3, where 0 is 'Not at all', 1 is 'several days', 2 is 'more than half of the days', and 3 is 'Nearly every day'. Over the last two weeks, how often have you been bothered by the following problems? [Likert 0–3]"" ;
    qg:hasSubQuestion :QAnxiety_Symptoms_Frequency_Feeling_Nervous_or_On_Edge,
                      :QAnxiety_Symptoms_Frequency_Uncontrollable_Worrying,
                      :QAnxiety_Symptoms_Frequency_Excessive_Worry,
                      :QAnxiety_Symptoms_Frequency_Trouble_Relaxing,
                      :QAnxiety_Symptoms_Frequency_Restlessness,
                      :QAnxiety_Symptoms_Frequency_Irritability,
                      :QAnxiety_Symptoms_Frequency_Fear_Something_Awful_Might_Happen .

:QAnxiety_Symptoms_Frequency_Feeling_Nervous_or_On_Edge pred:Text ""Feeling nervous, anxious, or on edge"" .
:QAnxiety_Symptoms_Frequency_Uncontrollable_Worrying pred:Text ""Not being able to stop or control worrying"" .
:QAnxiety_Symptoms_Frequency_Excessive_Worry pred:Text ""Worrying too much about different things"" .
:QAnxiety_Symptoms_Frequency_Trouble_Relaxing pred:Text ""Trouble relaxing"" .
:QAnxiety_Symptoms_Frequency_Restlessness pred:Text ""Being so restless that it is hard to sit still"" .
:QAnxiety_Symptoms_Frequency_Irritability pred:Text ""Becoming easily annoyed or irritable"" .
:QAnxiety_Symptoms_Frequency_Fear_Something_Awful_Might_Happen pred:Text ""Feeling afraid, as if something awful might happen"" .

:QGDepressive_Symptoms_Frequency pred:BaseQuestion ""Next, you will be asked questions about your emotional state. Please answer on a scale of 0 to 3, where 0 is 'Not at all', 1 is 'several days', 2 is 'more than half of the days', and 3 is 'Nearly every day'. Over the last two weeks, how often have you been bothered by the following problems?"" ;
    qg:hasSubQuestion :QDepressive_Symptoms_Frequency_Anhedonia,
                      :QDepressive_Symptoms_Frequency_Depressed_Mood,
                      :QDepressive_Symptoms_Frequency_Sleep_Problems,
                      :QDepressive_Symptoms_Frequency_Fatigue,
                      :QDepressive_Symptoms_Frequency_Appetite_Changes,
                      :QDepressive_Symptoms_Frequency_Feelings_of_Worthlessness,
                      :QDepressive_Symptoms_Frequency_Concentration_Difficulties,
                      :QDepressive_Symptoms_Frequency_Psychomotor_Changes,
                      :QDepressive_Symptoms_Frequency_Suicidal_Thoughts .

:QDepressive_Symptoms_Frequency_Anhedonia pred:Text ""Little interest or pleasure in doing things"" .
:QDepressive_Symptoms_Frequency_Depressed_Mood pred:Text ""Feeling down, depressed, or hopeless"" .
:QDepressive_Symptoms_Frequency_Sleep_Problems pred:Text ""Trouble falling or staying asleep, or sleeping too much"" .
:QDepressive_Symptoms_Frequency_Fatigue pred:Text ""Feeling tired or having little energy"" .
:QDepressive_Symptoms_Frequency_Appetite_Changes pred:Text ""Poor appetite or overeating"" .
:QDepressive_Symptoms_Frequency_Feelings_of_Worthlessness pred:Text ""Feeling bad about yourself or that you are a failure or have let yourself or your family down"" .
:QDepressive_Symptoms_Frequency_Concentration_Difficulties pred:Text ""Trouble concentrating on things, such as reading the newspaper or watching television"" .
:QDepressive_Symptoms_Frequency_Psychomotor_Changes pred:Text ""Moving or speaking so slowly that other people could have noticed. Or the opposite — being so fidgety or restless that you have been moving around a lot more than usual"" .
:QDepressive_Symptoms_Frequency_Suicidal_Thoughts pred:Text ""Thoughts that you would be better off dead, or of hurting yourself"" .

# Responses
:Respondent95 pred:Year_of_birth 2003.0 ;
     pred:Gender 1.0 ;
     pred:Socio_economic_status 1.0 ;
     pred:Ethnic_identity 6.0 .

:Respondent95 pred:Life_satisfaction 7.0 ;
     pred:Happiness 7.0 ;
     pred:Laughter 5.0 ;
     pred:Learning 6.0 ;
     pred:Enjoyment 7.0 ;
     pred:Worry 1.0 ;
     pred:Depression 0.0 ;
     pred:Anger 3.0 ;
     pred:Stress 2.0 ;
     pred:Loneliness 4.0 .

:Respondent95_Emotional_Regulation_Frequency
                                   pred:Upset_by_Unexpected_Events 2.0 ;
                                   pred:Unable_to_Control_Important_Things 1.0 ;
                                   pred:Lacked_Confidence_Handling_Problems 2.0 ;
                                   pred:Unable_to_Cope 1.0 ;
                                   pred:Irritated_by_Life 3.0 ;
                                   pred:On_Top_of_Things 4.0 .
:Respondent95 pred:hasGroupResponse :Respondent95_Emotional_Regulation_Frequency .

:Respondent95_Anxiety_Symptoms_Frequency
                               pred:Feeling_Nervous_or_On_Edge 1.0 ;
                               pred:Trouble_Relaxing 1.0 ;
                               pred:Restlessness 0.0 ;
                               pred:Irritability 2.0 ;
                               pred:Fear_Something_Awful_Might_Happen 1.0 .
:Respondent95 pred:hasGroupResponse :Respondent95_Anxiety_Symptoms_Frequency .

:Respondent95_Depressive_Symptoms_Frequency
                                  pred:Anhedonia 1.0 ;
                                  pred:Sleep_Problems 2.0 ;
                                  pred:Fatigue 2.0 ;
                                  pred:Appetite_Changes 1.0 ;
                                  pred:Feelings_of_Worthlessness 0.0 ;
                                  pred:Concentration_Difficulties 2.0 ;
                                  pred:Suicidal_Thoughts 0.0 .
:Respondent95 pred:hasGroupResponse :Respondent95_Depressive_Symptoms_Frequency .

:Respondent123 pred:Year_of_birth 2001.0 ;
     pred:Gender 2.0 ;
     pred:Socio_economic_status 3.0 ;
     pred:Ethnic_identity 6.0 .

:Respondent123_Parental_Education
                       pred:Father 11.0 .
:Respondent123 pred:hasGroupResponse :Respondent123_Parental_Education .

:Respondent123 pred:Life_satisfaction 7.0 ;
     pred:Happiness 8.0 ;
     pred:Laughter 10.0 ;
     pred:Learning 10.0 ;
     pred:Enjoyment 10.0 ;
     pred:Worry 3.0 ;
     pred:Depression 1.0 ;
     pred:Anger 4.0 ;
     pred:Stress 4.0 ;
     pred:Loneliness 1.0 .

:Respondent123_Emotional_Regulation_Frequency
                                   pred:Upset_by_Unexpected_Events 4.0 ;
                                   pred:Unable_to_Control_Important_Things 3.0 ;
                                   pred:Lacked_Confidence_Handling_Problems 2.0 ;
                                   pred:Unable_to_Cope 3.0 ;
                                   pred:Irritated_by_Life 2.0 ;
                                   pred:On_Top_of_Things 2.0 .
:Respondent123 pred:hasGroupResponse :Respondent123_Emotional_Regulation_Frequency .

:Respondent123_Anxiety_Symptoms_Frequency
                               pred:Feeling_Nervous_or_On_Edge 2.0 ;
                               pred:Trouble_Relaxing 2.0 ;
                               pred:Restlessness 0.0 ;
                               pred:Irritability 3.0 ;
                               pred:Fear_Something_Awful_Might_Happen 3.0 .
:Respondent123 pred:hasGroupResponse :Respondent123_Anxiety_Symptoms_Frequency .

:Respondent123_Depressive_Symptoms_Frequency
                                  pred:Anhedonia 0.0 ;
                                  pred:Sleep_Problems 1.0 ;
                                  pred:Fatigue 2.0 ;
                                  pred:Appetite_Changes 0.0 ;
                                  pred:Feelings_of_Worthlessness 2.0 ;
                                  pred:Concentration_Difficulties 1.0 ;
                                  pred:Suicidal_Thoughts 1.0 .
:Respondent123 pred:hasGroupResponse :Respondent123_Depressive_Symptoms_Frequency .

:Respondent114 pred:Year_of_birth 2004.0 ;
     pred:Gender 1.0 ;
     pred:Socio_economic_status 1.0 ;
     pred:Ethnic_identity 5.0 .

:Respondent114 pred:Life_satisfaction 7.0 ;
     pred:Happiness 9.0 ;
     pred:Laughter 10.0 ;
     pred:Learning 7.0 ;
     pred:Enjoyment 10.0 ;
     pred:Worry 1.0 ;
     pred:Depression 0.0 ;
     pred:Anger 3.0 ;
     pred:Stress 2.0 ;
     pred:Loneliness 8.0 .

:Respondent114_Emotional_Regulation_Frequency
                                   pred:Upset_by_Unexpected_Events 2.0 ;
                                   pred:Unable_to_Control_Important_Things 1.0 ;
                                   pred:Lacked_Confidence_Handling_Problems 3.0 ;
                                   pred:Unable_to_Cope 2.0 ;
                                   pred:Irritated_by_Life 3.0 ;
                                   pred:On_Top_of_Things 3.0 .
:Respondent114 pred:hasGroupResponse :Respondent114_Emotional_Regulation_Frequency .

:Respondent114_Anxiety_Symptoms_Frequency
                               pred:Feeling_Nervous_or_On_Edge 0.0 ;
                               pred:Trouble_Relaxing 0.0 ;
                               pred:Restlessness 0.0 ;
                               pred:Irritability 0.0 ;
                               pred:Fear_Something_Awful_Might_Happen 0.0 .
:Respondent114 pred:hasGroupResponse :Respondent114_Anxiety_Symptoms_Frequency .

:Respondent114_Depressive_Symptoms_Frequency
                                  pred:Anhedonia 1.0 ;
                                  pred:Sleep_Problems 0.0 ;
                                  pred:Fatigue 1.0 ;
                                  pred:Appetite_Changes 2.0 ;
                                  pred:Feelings_of_Worthlessness 0.0 ;
                                  pred:Concentration_Difficulties 0.0 ;
                                  pred:Suicidal_Thoughts 0.0 .
:Respondent114 pred:hasGroupResponse :Respondent114_Depressive_Symptoms_Frequency .
",3.0,"For respondent 129, what is the value for 'Appetite Changes' in the 'Depressive Symptoms Frequency' category?

DATA:

@prefix : <http://example.org/survey#> .
@prefix pred: <http://example.org/predicate#> .
@prefix qg: <http://example.org/question_group#> .

# Questions
:QYear_of_birth pred:Text ""What is your date of birth? [Open-ended]"" .
:QGender pred:Text ""What is your gender? [MCQ: 1. Male 2. Female]"" .
:QSocio_economic_status pred:Text ""What is the socio-economic status of your home? [Likert 1–6: 1 = Very low, 6 = Very high]"" .
:QEthnic_identity pred:Text ""According to your culture, people, or physical features, you are or are recognized as: [MCQ: 1. Indigenous 2. Gypsy 3. Raizal from San Andres, Providencia and Santa Catalina Archipelago 4. Palenquero from San Basilio 5. Black, mulatto (Afro-descendant), Afro-Colombian 6. None of the above]"" .

:QGParental_Education pred:BaseQuestion ""How many years of education did your parents receive? [Open-ended]"" ;
    qg:hasSubQuestion :QParental_Education_Father, :QParental_Education_Mother .
:QParental_Education_Father pred:Text ""Father?"" .
:QParental_Education_Mother pred:Text ""Mother?"" .

:QLife_satisfaction pred:Text ""In general, how satisfied are you with all aspects of your life? [Likert 0–10: 0 = Not satisfied, 10 = Totally satisfied]"" .
:QHappiness pred:Text ""How happy did you feel yesterday? [Likert 0–10: 0 = At no time, 10 = All the time]"" .
:QLaughter pred:Text ""How much did you laugh yesterday? [Likert 0–10: 0 = At no time, 10 = All the time]"" .
:QLearning pred:Text ""Did you learn new or exciting things yesterday? [Likert 0–10: 0 = At no time, 10 = All the time]"" .
:QEnjoyment pred:Text ""How much did you enjoy the activities you did yesterday? [Likert 0–10: 0 = At no time, 10 = All the time]"" .
:QWorry pred:Text ""How worried did you feel yesterday? [Likert 0–10: 0 = At no time, 10 = All the time]"" .
:QDepression pred:Text ""How depressed did you feel yesterday? [Likert 0–10: 0 = At no time, 10 = All the time]"" .
:QAnger pred:Text ""How angry did you feel yesterday? [Likert 0–10: 0 = At no time, 10 = All the time]"" .
:QStress pred:Text ""How much stress did you feel yesterday? [Likert 0–10: 0 = At no time, 10 = All the time]"" .
:QLoneliness pred:Text ""How lonely or unsupported did you feel yesterday? [Likert 0–10: 0 = At no time, 10 = All the time]"" .

:QGEmotional_Regulation_Frequency pred:BaseQuestion ""Next, you will be asked questions about your emotional state. Please answer on a scale of 0 to 4, where 0 is never, 1 is 'almost never', 2 is 'sometimes', 3 is 'fairly often', and 4 is 'very often', how often you experienced the following feelings during the last month: [Likert 0–4]"" ;
    qg:hasSubQuestion :QEmotional_Regulation_Frequency_Upset_by_Unexpected_Events,
                      :QEmotional_Regulation_Frequency_Unable_to_Control_Important_Things,
                      :QEmotional_Regulation_Frequency_Nervous_and_Stressed,
                      :QEmotional_Regulation_Frequency_Lacked_Confidence_Handling_Problems,
                      :QEmotional_Regulation_Frequency_Things_Going_Your_Way,
                      :QEmotional_Regulation_Frequency_Unable_to_Cope,
                      :QEmotional_Regulation_Frequency_Irritated_by_Life,
                      :QEmotional_Regulation_Frequency_On_Top_of_Things,
                      :QEmotional_Regulation_Frequency_Angered_by_Uncontrollable_Events,
                      :QEmotional_Regulation_Frequency_Felt_Overwhelmed .

:QEmotional_Regulation_Frequency_Upset_by_Unexpected_Events pred:Text ""how often have you been upset because of something that happened unexpectedly?"" .
:QEmotional_Regulation_Frequency_Unable_to_Control_Important_Things pred:Text ""how often have you felt that you were unable to control the important things in your life?"" .
:QEmotional_Regulation_Frequency_Nervous_and_Stressed pred:Text ""how often have you felt nervous and stressed?"" .
:QEmotional_Regulation_Frequency_Lacked_Confidence_Handling_Problems pred:Text ""how often have you felt confident about your ability to handle your personal problems?"" .
:QEmotional_Regulation_Frequency_Things_Going_Your_Way pred:Text ""how often have you felt that things were going your way?"" .
:QEmotional_Regulation_Frequency_Unable_to_Cope pred:Text ""how often have you found that you could not cope with all the things that you had to do?"" .
:QEmotional_Regulation_Frequency_Irritated_by_Life pred:Text ""how often have you been able to control irritations in your life?"" .
:QEmotional_Regulation_Frequency_On_Top_of_Things pred:Text ""how often have you felt that you were on top of things?"" .
:QEmotional_Regulation_Frequency_Angered_by_Uncontrollable_Events pred:Text ""how often have you been angered because of things that happened that were outside of your control?"" .
:QEmotional_Regulation_Frequency_Felt_Overwhelmed pred:Text ""how often have you felt difficulties were piling up so high that you could not overcome them?"" .

:QGAnxiety_Symptoms_Frequency pred:BaseQuestion ""Next, you will be asked questions about your emotional state. Please answer on a scale of 0 to 3, where 0 is 'Not at all', 1 is 'several days', 2 is 'more than half of the days', and 3 is 'Nearly every day'. Over the last two weeks, how often have you been bothered by the following problems? [Likert 0–3]"" ;
    qg:hasSubQuestion :QAnxiety_Symptoms_Frequency_Feeling_Nervous_or_On_Edge,
                      :QAnxiety_Symptoms_Frequency_Uncontrollable_Worrying,
                      :QAnxiety_Symptoms_Frequency_Excessive_Worry,
                      :QAnxiety_Symptoms_Frequency_Trouble_Relaxing,
                      :QAnxiety_Symptoms_Frequency_Restlessness,
                      :QAnxiety_Symptoms_Frequency_Irritability,
                      :QAnxiety_Symptoms_Frequency_Fear_Something_Awful_Might_Happen .

:QAnxiety_Symptoms_Frequency_Feeling_Nervous_or_On_Edge pred:Text ""Feeling nervous, anxious, or on edge"" .
:QAnxiety_Symptoms_Frequency_Uncontrollable_Worrying pred:Text ""Not being able to stop or control worrying"" .
:QAnxiety_Symptoms_Frequency_Excessive_Worry pred:Text ""Worrying too much about different things"" .
:QAnxiety_Symptoms_Frequency_Trouble_Relaxing pred:Text ""Trouble relaxing"" .
:QAnxiety_Symptoms_Frequency_Restlessness pred:Text ""Being so restless that it is hard to sit still"" .
:QAnxiety_Symptoms_Frequency_Irritability pred:Text ""Becoming easily annoyed or irritable"" .
:QAnxiety_Symptoms_Frequency_Fear_Something_Awful_Might_Happen pred:Text ""Feeling afraid, as if something awful might happen"" .

:QGDepressive_Symptoms_Frequency pred:BaseQuestion ""Next, you will be asked questions about your emotional state. Please answer on a scale of 0 to 3, where 0 is 'Not at all', 1 is 'several days', 2 is 'more than half of the days', and 3 is 'Nearly every day'. Over the last two weeks, how often have you been bothered by the following problems?"" ;
    qg:hasSubQuestion :QDepressive_Symptoms_Frequency_Anhedonia,
                      :QDepressive_Symptoms_Frequency_Depressed_Mood,
                      :QDepressive_Symptoms_Frequency_Sleep_Problems,
                      :QDepressive_Symptoms_Frequency_Fatigue,
                      :QDepressive_Symptoms_Frequency_Appetite_Changes,
                      :QDepressive_Symptoms_Frequency_Feelings_of_Worthlessness,
                      :QDepressive_Symptoms_Frequency_Concentration_Difficulties,
                      :QDepressive_Symptoms_Frequency_Psychomotor_Changes,
                      :QDepressive_Symptoms_Frequency_Suicidal_Thoughts .

:QDepressive_Symptoms_Frequency_Anhedonia pred:Text ""Little interest or pleasure in doing things"" .
:QDepressive_Symptoms_Frequency_Depressed_Mood pred:Text ""Feeling down, depressed, or hopeless"" .
:QDepressive_Symptoms_Frequency_Sleep_Problems pred:Text ""Trouble falling or staying asleep, or sleeping too much"" .
:QDepressive_Symptoms_Frequency_Fatigue pred:Text ""Feeling tired or having little energy"" .
:QDepressive_Symptoms_Frequency_Appetite_Changes pred:Text ""Poor appetite or overeating"" .
:QDepressive_Symptoms_Frequency_Feelings_of_Worthlessness pred:Text ""Feeling bad about yourself or that you are a failure or have let yourself or your family down"" .
:QDepressive_Symptoms_Frequency_Concentration_Difficulties pred:Text ""Trouble concentrating on things, such as reading the newspaper or watching television"" .
:QDepressive_Symptoms_Frequency_Psychomotor_Changes pred:Text ""Moving or speaking so slowly that other people could have noticed. Or the opposite — being so fidgety or restless that you have been moving around a lot more than usual"" .
:QDepressive_Symptoms_Frequency_Suicidal_Thoughts pred:Text ""Thoughts that you would be better off dead, or of hurting yourself"" .

# Responses
:Respondent73 pred:Year_of_birth 2005.0 ;
     pred:Gender 2.0 ;
     pred:Socio_economic_status 2.0 ;
     pred:Ethnic_identity 6.0 .

:Respondent73_Parental_Education
                       pred:Father 25.0 ;
                       pred:Mother 15.0 .
:Respondent73 pred:hasGroupResponse :Respondent73_Parental_Education .

:Respondent73 pred:Life_satisfaction 8.0 ;
     pred:Happiness 5.0 ;
     pred:Laughter 4.0 ;
     pred:Learning 5.0 ;
     pred:Enjoyment 5.0 ;
     pred:Worry 2.0 ;
     pred:Depression 1.0 ;
     pred:Anger 2.0 ;
     pred:Stress 4.0 ;
     pred:Loneliness 6.0 .

:Respondent73_Emotional_Regulation_Frequency
                                   pred:Upset_by_Unexpected_Events 2.0 ;
                                   pred:Unable_to_Control_Important_Things 2.0 ;
                                   pred:Lacked_Confidence_Handling_Problems 2.0 ;
                                   pred:Unable_to_Cope 2.0 ;
                                   pred:Irritated_by_Life 2.0 ;
                                   pred:On_Top_of_Things 2.0 .
:Respondent73 pred:hasGroupResponse :Respondent73_Emotional_Regulation_Frequency .

:Respondent73_Anxiety_Symptoms_Frequency
                               pred:Feeling_Nervous_or_On_Edge 2.0 ;
                               pred:Trouble_Relaxing 1.0 ;
                               pred:Restlessness 1.0 ;
                               pred:Irritability 2.0 ;
                               pred:Fear_Something_Awful_Might_Happen 2.0 .
:Respondent73 pred:hasGroupResponse :Respondent73_Anxiety_Symptoms_Frequency .

:Respondent73_Depressive_Symptoms_Frequency
                                  pred:Anhedonia 1.0 ;
                                  pred:Sleep_Problems 2.0 ;
                                  pred:Fatigue 1.0 ;
                                  pred:Appetite_Changes 1.0 ;
                                  pred:Feelings_of_Worthlessness 1.0 ;
                                  pred:Concentration_Difficulties 1.0 ;
                                  pred:Suicidal_Thoughts 0.0 .
:Respondent73 pred:hasGroupResponse :Respondent73_Depressive_Symptoms_Frequency .

:Respondent85 pred:Year_of_birth 2004.0 ;
     pred:Gender 2.0 ;
     pred:Socio_economic_status 3.0 ;
     pred:Ethnic_identity 6.0 .

:Respondent85_Parental_Education
                       pred:Father 18.0 .
:Respondent85 pred:hasGroupResponse :Respondent85_Parental_Education .

:Respondent85 pred:Life_satisfaction 5.0 ;
     pred:Happiness 6.0 ;
     pred:Laughter 6.0 ;
     pred:Learning 8.0 ;
     pred:Enjoyment 5.0 ;
     pred:Worry 1.0 ;
     pred:Depression 1.0 ;
     pred:Anger 2.0 ;
     pred:Stress 4.0 ;
     pred:Loneliness 1.0 .

:Respondent85_Emotional_Regulation_Frequency
                                   pred:Upset_by_Unexpected_Events 2.0 ;
                                   pred:Unable_to_Control_Important_Things 3.0 ;
                                   pred:Lacked_Confidence_Handling_Problems 2.0 ;
                                   pred:Unable_to_Cope 3.0 ;
                                   pred:Irritated_by_Life 3.0 ;
                                   pred:On_Top_of_Things 2.0 .
:Respondent85 pred:hasGroupResponse :Respondent85_Emotional_Regulation_Frequency .

:Respondent85_Anxiety_Symptoms_Frequency
                               pred:Feeling_Nervous_or_On_Edge 1.0 ;
                               pred:Trouble_Relaxing 1.0 ;
                               pred:Restlessness 0.0 ;
                               pred:Irritability 1.0 ;
                               pred:Fear_Something_Awful_Might_Happen 1.0 .
:Respondent85 pred:hasGroupResponse :Respondent85_Anxiety_Symptoms_Frequency .

:Respondent85_Depressive_Symptoms_Frequency
                                  pred:Anhedonia 2.0 ;
                                  pred:Sleep_Problems 2.0 ;
                                  pred:Fatigue 3.0 ;
                                  pred:Appetite_Changes 3.0 ;
                                  pred:Feelings_of_Worthlessness 1.0 ;
                                  pred:Concentration_Difficulties 1.0 ;
                                  pred:Suicidal_Thoughts 0.0 .
:Respondent85 pred:hasGroupResponse :Respondent85_Depressive_Symptoms_Frequency .

:Respondent129 pred:Year_of_birth 2001.0 ;
     pred:Gender 2.0 ;
     pred:Socio_economic_status 3.0 ;
     pred:Ethnic_identity 6.0 .

:Respondent129_Parental_Education
                       pred:Father 13.0 ;
                       pred:Mother 13.0 .
:Respondent129 pred:hasGroupResponse :Respondent129_Parental_Education .

:Respondent129 pred:Life_satisfaction 8.0 ;
     pred:Happiness 9.0 ;
     pred:Laughter 6.0 ;
     pred:Learning 5.0 ;
     pred:Enjoyment 6.0 ;
     pred:Worry 1.0 ;
     pred:Depression 1.0 ;
     pred:Anger 1.0 ;
     pred:Stress 3.0 ;
     pred:Loneliness 0.0 .

:Respondent129_Emotional_Regulation_Frequency
                                   pred:Upset_by_Unexpected_Events 1.0 ;
                                   pred:Unable_to_Control_Important_Things 1.0 ;
                                   pred:Lacked_Confidence_Handling_Problems 3.0 ;
                                   pred:Unable_to_Cope 2.0 ;
                                   pred:Irritated_by_Life 3.0 ;
                                   pred:On_Top_of_Things 2.0 .
:Respondent129 pred:hasGroupResponse :Respondent129_Emotional_Regulation_Frequency .

:Respondent129_Anxiety_Symptoms_Frequency
                               pred:Feeling_Nervous_or_On_Edge 1.0 ;
                               pred:Trouble_Relaxing 1.0 ;
                               pred:Restlessness 0.0 ;
                               pred:Irritability 0.0 ;
                               pred:Fear_Something_Awful_Might_Happen 0.0 .
:Respondent129 pred:hasGroupResponse :Respondent129_Anxiety_Symptoms_Frequency .

:Respondent129_Depressive_Symptoms_Frequency
                                  pred:Anhedonia 1.0 ;
                                  pred:Sleep_Problems 1.0 ;
                                  pred:Fatigue 2.0 ;
                                  pred:Appetite_Changes 2.0 ;
                                  pred:Feelings_of_Worthlessness 0.0 ;
                                  pred:Concentration_Difficulties 2.0 ;
                                  pred:Suicidal_Thoughts 0.0 .
:Respondent129 pred:hasGroupResponse :Respondent129_Depressive_Symptoms_Frequency .

Answer: 2.0

@prefix : <http://example.org/survey#> .
@prefix pred: <http://example.org/predicate#> .
@prefix qg: <http://example.org/question_group#> .

# Questions
:QYear_of_birth pred:Text ""What is your date of birth? [Open-ended]"" .
:QGender pred:Text ""What is your gender? [MCQ: 1. Male 2. Female]"" .
:QSocio_economic_status pred:Text ""What is the socio-economic status of your home? [Likert 1–6: 1 = Very low, 6 = Very high]"" .
:QEthnic_identity pred:Text ""According to your culture, people, or physical features, you are or are recognized as: [MCQ: 1. Indigenous 2. Gypsy 3. Raizal from San Andres, Providencia and Santa Catalina Archipelago 4. Palenquero from San Basilio 5. Black, mulatto (Afro-descendant), Afro-Colombian 6. None of the above]"" .

:QGParental_Education pred:BaseQuestion ""How many years of education did your parents receive? [Open-ended]"" ;
    qg:hasSubQuestion :QParental_Education_Father, :QParental_Education_Mother .
:QParental_Education_Father pred:Text ""Father?"" .
:QParental_Education_Mother pred:Text ""Mother?"" .

:QLife_satisfaction pred:Text ""In general, how satisfied are you with all aspects of your life? [Likert 0–10: 0 = Not satisfied, 10 = Totally satisfied]"" .
:QHappiness pred:Text ""How happy did you feel yesterday? [Likert 0–10: 0 = At no time, 10 = All the time]"" .
:QLaughter pred:Text ""How much did you laugh yesterday? [Likert 0–10: 0 = At no time, 10 = All the time]"" .
:QLearning pred:Text ""Did you learn new or exciting things yesterday? [Likert 0–10: 0 = At no time, 10 = All the time]"" .
:QEnjoyment pred:Text ""How much did you enjoy the activities you did yesterday? [Likert 0–10: 0 = At no time, 10 = All the time]"" .
:QWorry pred:Text ""How worried did you feel yesterday? [Likert 0–10: 0 = At no time, 10 = All the time]"" .
:QDepression pred:Text ""How depressed did you feel yesterday? [Likert 0–10: 0 = At no time, 10 = All the time]"" .
:QAnger pred:Text ""How angry did you feel yesterday? [Likert 0–10: 0 = At no time, 10 = All the time]"" .
:QStress pred:Text ""How much stress did you feel yesterday? [Likert 0–10: 0 = At no time, 10 = All the time]"" .
:QLoneliness pred:Text ""How lonely or unsupported did you feel yesterday? [Likert 0–10: 0 = At no time, 10 = All the time]"" .

:QGEmotional_Regulation_Frequency pred:BaseQuestion ""Next, you will be asked questions about your emotional state. Please answer on a scale of 0 to 4, where 0 is never, 1 is 'almost never', 2 is 'sometimes', 3 is 'fairly often', and 4 is 'very often', how often you experienced the following feelings during the last month: [Likert 0–4]"" ;
    qg:hasSubQuestion :QEmotional_Regulation_Frequency_Upset_by_Unexpected_Events,
                      :QEmotional_Regulation_Frequency_Unable_to_Control_Important_Things,
                      :QEmotional_Regulation_Frequency_Nervous_and_Stressed,
                      :QEmotional_Regulation_Frequency_Lacked_Confidence_Handling_Problems,
                      :QEmotional_Regulation_Frequency_Things_Going_Your_Way,
                      :QEmotional_Regulation_Frequency_Unable_to_Cope,
                      :QEmotional_Regulation_Frequency_Irritated_by_Life,
                      :QEmotional_Regulation_Frequency_On_Top_of_Things,
                      :QEmotional_Regulation_Frequency_Angered_by_Uncontrollable_Events,
                      :QEmotional_Regulation_Frequency_Felt_Overwhelmed .

:QEmotional_Regulation_Frequency_Upset_by_Unexpected_Events pred:Text ""how often have you been upset because of something that happened unexpectedly?"" .
:QEmotional_Regulation_Frequency_Unable_to_Control_Important_Things pred:Text ""how often have you felt that you were unable to control the important things in your life?"" .
:QEmotional_Regulation_Frequency_Nervous_and_Stressed pred:Text ""how often have you felt nervous and stressed?"" .
:QEmotional_Regulation_Frequency_Lacked_Confidence_Handling_Problems pred:Text ""how often have you felt confident about your ability to handle your personal problems?"" .
:QEmotional_Regulation_Frequency_Things_Going_Your_Way pred:Text ""how often have you felt that things were going your way?"" .
:QEmotional_Regulation_Frequency_Unable_to_Cope pred:Text ""how often have you found that you could not cope with all the things that you had to do?"" .
:QEmotional_Regulation_Frequency_Irritated_by_Life pred:Text ""how often have you been able to control irritations in your life?"" .
:QEmotional_Regulation_Frequency_On_Top_of_Things pred:Text ""how often have you felt that you were on top of things?"" .
:QEmotional_Regulation_Frequency_Angered_by_Uncontrollable_Events pred:Text ""how often have you been angered because of things that happened that were outside of your control?"" .
:QEmotional_Regulation_Frequency_Felt_Overwhelmed pred:Text ""how often have you felt difficulties were piling up so high that you could not overcome them?"" .

:QGAnxiety_Symptoms_Frequency pred:BaseQuestion ""Next, you will be asked questions about your emotional state. Please answer on a scale of 0 to 3, where 0 is 'Not at all', 1 is 'several days', 2 is 'more than half of the days', and 3 is 'Nearly every day'. Over the last two weeks, how often have you been bothered by the following problems? [Likert 0–3]"" ;
    qg:hasSubQuestion :QAnxiety_Symptoms_Frequency_Feeling_Nervous_or_On_Edge,
                      :QAnxiety_Symptoms_Frequency_Uncontrollable_Worrying,
                      :QAnxiety_Symptoms_Frequency_Excessive_Worry,
                      :QAnxiety_Symptoms_Frequency_Trouble_Relaxing,
                      :QAnxiety_Symptoms_Frequency_Restlessness,
                      :QAnxiety_Symptoms_Frequency_Irritability,
                      :QAnxiety_Symptoms_Frequency_Fear_Something_Awful_Might_Happen .

:QAnxiety_Symptoms_Frequency_Feeling_Nervous_or_On_Edge pred:Text ""Feeling nervous, anxious, or on edge"" .
:QAnxiety_Symptoms_Frequency_Uncontrollable_Worrying pred:Text ""Not being able to stop or control worrying"" .
:QAnxiety_Symptoms_Frequency_Excessive_Worry pred:Text ""Worrying too much about different things"" .
:QAnxiety_Symptoms_Frequency_Trouble_Relaxing pred:Text ""Trouble relaxing"" .
:QAnxiety_Symptoms_Frequency_Restlessness pred:Text ""Being so restless that it is hard to sit still"" .
:QAnxiety_Symptoms_Frequency_Irritability pred:Text ""Becoming easily annoyed or irritable"" .
:QAnxiety_Symptoms_Frequency_Fear_Something_Awful_Might_Happen pred:Text ""Feeling afraid, as if something awful might happen"" .

:QGDepressive_Symptoms_Frequency pred:BaseQuestion ""Next, you will be asked questions about your emotional state. Please answer on a scale of 0 to 3, where 0 is 'Not at all', 1 is 'several days', 2 is 'more than half of the days', and 3 is 'Nearly every day'. Over the last two weeks, how often have you been bothered by the following problems?"" ;
    qg:hasSubQuestion :QDepressive_Symptoms_Frequency_Anhedonia,
                      :QDepressive_Symptoms_Frequency_Depressed_Mood,
                      :QDepressive_Symptoms_Frequency_Sleep_Problems,
                      :QDepressive_Symptoms_Frequency_Fatigue,
                      :QDepressive_Symptoms_Frequency_Appetite_Changes,
                      :QDepressive_Symptoms_Frequency_Feelings_of_Worthlessness,
                      :QDepressive_Symptoms_Frequency_Concentration_Difficulties,
                      :QDepressive_Symptoms_Frequency_Psychomotor_Changes,
                      :QDepressive_Symptoms_Frequency_Suicidal_Thoughts .

:QDepressive_Symptoms_Frequency_Anhedonia pred:Text ""Little interest or pleasure in doing things"" .
:QDepressive_Symptoms_Frequency_Depressed_Mood pred:Text ""Feeling down, depressed, or hopeless"" .
:QDepressive_Symptoms_Frequency_Sleep_Problems pred:Text ""Trouble falling or staying asleep, or sleeping too much"" .
:QDepressive_Symptoms_Frequency_Fatigue pred:Text ""Feeling tired or having little energy"" .
:QDepressive_Symptoms_Frequency_Appetite_Changes pred:Text ""Poor appetite or overeating"" .
:QDepressive_Symptoms_Frequency_Feelings_of_Worthlessness pred:Text ""Feeling bad about yourself or that you are a failure or have let yourself or your family down"" .
:QDepressive_Symptoms_Frequency_Concentration_Difficulties pred:Text ""Trouble concentrating on things, such as reading the newspaper or watching television"" .
:QDepressive_Symptoms_Frequency_Psychomotor_Changes pred:Text ""Moving or speaking so slowly that other people could have noticed. Or the opposite — being so fidgety or restless that you have been moving around a lot more than usual"" .
:QDepressive_Symptoms_Frequency_Suicidal_Thoughts pred:Text ""Thoughts that you would be better off dead, or of hurting yourself"" .

# Responses
:Respondent95 pred:Year_of_birth 2003.0 ;
     pred:Gender 1.0 ;
     pred:Socio_economic_status 1.0 ;
     pred:Ethnic_identity 6.0 .

:Respondent95 pred:Life_satisfaction 7.0 ;
     pred:Happiness 7.0 ;
     pred:Laughter 5.0 ;
     pred:Learning 6.0 ;
     pred:Enjoyment 7.0 ;
     pred:Worry 1.0 ;
     pred:Depression 0.0 ;
     pred:Anger 3.0 ;
     pred:Stress 2.0 ;
     pred:Loneliness 4.0 .

:Respondent95_Emotional_Regulation_Frequency
                                   pred:Upset_by_Unexpected_Events 2.0 ;
                                   pred:Unable_to_Control_Important_Things 1.0 ;
                                   pred:Lacked_Confidence_Handling_Problems 2.0 ;
                                   pred:Unable_to_Cope 1.0 ;
                                   pred:Irritated_by_Life 3.0 ;
                                   pred:On_Top_of_Things 4.0 .
:Respondent95 pred:hasGroupResponse :Respondent95_Emotional_Regulation_Frequency .

:Respondent95_Anxiety_Symptoms_Frequency
                               pred:Feeling_Nervous_or_On_Edge 1.0 ;
                               pred:Trouble_Relaxing 1.0 ;
                               pred:Restlessness 0.0 ;
                               pred:Irritability 2.0 ;
                               pred:Fear_Something_Awful_Might_Happen 1.0 .
:Respondent95 pred:hasGroupResponse :Respondent95_Anxiety_Symptoms_Frequency .

:Respondent95_Depressive_Symptoms_Frequency
                                  pred:Anhedonia 1.0 ;
                                  pred:Sleep_Problems 2.0 ;
                                  pred:Fatigue 2.0 ;
                                  pred:Appetite_Changes 1.0 ;
                                  pred:Feelings_of_Worthlessness 0.0 ;
                                  pred:Concentration_Difficulties 2.0 ;
                                  pred:Suicidal_Thoughts 0.0 .
:Respondent95 pred:hasGroupResponse :Respondent95_Depressive_Symptoms_Frequency .

:Respondent123 pred:Year_of_birth 2001.0 ;
     pred:Gender 2.0 ;
     pred:Socio_economic_status 3.0 ;
     pred:Ethnic_identity 6.0 .

:Respondent123_Parental_Education
                       pred:Father 11.0 .
:Respondent123 pred:hasGroupResponse :Respondent123_Parental_Education .

:Respondent123 pred:Life_satisfaction 7.0 ;
     pred:Happiness 8.0 ;
     pred:Laughter 10.0 ;
     pred:Learning 10.0 ;
     pred:Enjoyment 10.0 ;
     pred:Worry 3.0 ;
     pred:Depression 1.0 ;
     pred:Anger 4.0 ;
     pred:Stress 4.0 ;
     pred:Loneliness 1.0 .

:Respondent123_Emotional_Regulation_Frequency
                                   pred:Upset_by_Unexpected_Events 4.0 ;
                                   pred:Unable_to_Control_Important_Things 3.0 ;
                                   pred:Lacked_Confidence_Handling_Problems 2.0 ;
                                   pred:Unable_to_Cope 3.0 ;
                                   pred:Irritated_by_Life 2.0 ;
                                   pred:On_Top_of_Things 2.0 .
:Respondent123 pred:hasGroupResponse :Respondent123_Emotional_Regulation_Frequency .

:Respondent123_Anxiety_Symptoms_Frequency
                               pred:Feeling_Nervous_or_On_Edge 2.0 ;
                               pred:Trouble_Relaxing 2.0 ;
                               pred:Restlessness 0.0 ;
                               pred:Irritability 3.0 ;
                               pred:Fear_Something_Awful_Might_Happen 3.0 .
:Respondent123 pred:hasGroupResponse :Respondent123_Anxiety_Symptoms_Frequency .

:Respondent123_Depressive_Symptoms_Frequency
                                  pred:Anhedonia 0.0 ;
                                  pred:Sleep_Problems 1.0 ;
                                  pred:Fatigue 2.0 ;
                                  pred:Appetite_Changes 0.0 ;
                                  pred:Feelings_of_Worthlessness 2.0 ;
                                  pred:Concentration_Difficulties 1.0 ;
                                  pred:Suicidal_Thoughts 1.0 .
:Respondent123 pred:hasGroupResponse :Respondent123_Depressive_Symptoms_Frequency .

:Respondent114 pred:Year_of_birth 2004.0 ;
     pred:Gender 1.0 ;
     pred:Socio_economic_status 1.0 ;
     pred:Ethnic_identity 5.0 .

:Respondent114 pred:Life_satisfaction 7.0 ;
     pred:Happiness 9.0 ;
     pred:Laughter 10.0 ;
     pred:Learning 7.0 ;
     pred:Enjoyment 10.0 ;
     pred:Worry 1.0 ;
     pred:Depression 0.0 ;
     pred:Anger 3.0 ;
     pred:Stress 2.0 ;
     pred:Loneliness 8.0 .

:Respondent114_Emotional_Regulation_Frequency
                                   pred:Upset_by_Unexpected_Events 2.0 ;
                                   pred:Unable_to_Control_Important_Things 1.0 ;
                                   pred:Lacked_Confidence_Handling_Problems 3.0 ;
                                   pred:Unable_to_Cope 2.0 ;
                                   pred:Irritated_by_Life 3.0 ;
                                   pred:On_Top_of_Things 3.0 .
:Respondent114 pred:hasGroupResponse :Respondent114_Emotional_Regulation_Frequency .

:Respondent114_Anxiety_Symptoms_Frequency
                               pred:Feeling_Nervous_or_On_Edge 0.0 ;
                               pred:Trouble_Relaxing 0.0 ;
                               pred:Restlessness 0.0 ;
                               pred:Irritability 0.0 ;
                               pred:Fear_Something_Awful_Might_Happen 0.0 .
:Respondent114 pred:hasGroupResponse :Respondent114_Anxiety_Symptoms_Frequency .

:Respondent114_Depressive_Symptoms_Frequency
                                  pred:Anhedonia 1.0 ;
                                  pred:Sleep_Problems 0.0 ;
                                  pred:Fatigue 1.0 ;
                                  pred:Appetite_Changes 2.0 ;
                                  pred:Feelings_of_Worthlessness 0.0 ;
                                  pred:Concentration_Difficulties 0.0 ;
                                  pred:Suicidal_Thoughts 0.0 .
:Respondent114 pred:hasGroupResponse :Respondent114_Depressive_Symptoms_Frequency .

You are a meticulous data analyst AI. Your primary function is to accurately analyze structured data and provide precise, verifiable answers.

You will be given a dataset with two key parts:

A 'questions' section: This is your data dictionary or schema. It is the single source of truth for understanding what each field and score means. Refer to it carefully.

A 'responses' section: This contains the raw data from each individual respondent.

To answer the question correctly, you must first use the 'questions' schema to fully understand the context and meaning of the data points within the 'responses'. Do not rely on any prior knowledge outside of this provided data. Base your entire analysis on the information given.

Provide your final answer directly and concisely. Output must be the human-readable value, not an option code.

Rules:
- For MCQ fields, map any letter codes in the Responses (case-insensitive) to the corresponding option text from the Questions schema, and output only that text. Do NOT include the letter or both.
  Example: If the schema is ""[MCQ: A. Abnormal B. Inconclusive C. Normal]"" and the response is ""a"", output ""Abnormal"".
- For open-ended fields, output the exact text value.
- If the question asks for a count, provide only the number (e.g., ""42"").
- If the question asks for a list of names or IDs, provide a simple comma-separated list (e.g., ""17, 21, 23"").
- Preserve capitalization exactly as in the schema (e.g., output ""Abnormal"", not ""abnormal"" or ""A"").

What is the anger level for respondent 95?",,
case_24,answer_lookup,What is the frequency of sleep problems for respondent 60?,"@prefix : <http://example.org/survey#> .
@prefix pred: <http://example.org/predicate#> .
@prefix qg: <http://example.org/question_group#> .

# Questions
:QYear_of_birth pred:Text ""What is your date of birth? [Open-ended]"" .
:QGender pred:Text ""What is your gender? [MCQ: 1. Male 2. Female]"" .
:QSocio_economic_status pred:Text ""What is the socio-economic status of your home? [Likert 1–6: 1 = Very low, 6 = Very high]"" .
:QEthnic_identity pred:Text ""According to your culture, people, or physical features, you are or are recognized as: [MCQ: 1. Indigenous 2. Gypsy 3. Raizal from San Andres, Providencia and Santa Catalina Archipelago 4. Palenquero from San Basilio 5. Black, mulatto (Afro-descendant), Afro-Colombian 6. None of the above]"" .

:QGParental_Education pred:BaseQuestion ""How many years of education did your parents receive? [Open-ended]"" ;
    qg:hasSubQuestion :QParental_Education_Father, :QParental_Education_Mother .
:QParental_Education_Father pred:Text ""Father?"" .
:QParental_Education_Mother pred:Text ""Mother?"" .

:QLife_satisfaction pred:Text ""In general, how satisfied are you with all aspects of your life? [Likert 0–10: 0 = Not satisfied, 10 = Totally satisfied]"" .
:QHappiness pred:Text ""How happy did you feel yesterday? [Likert 0–10: 0 = At no time, 10 = All the time]"" .
:QLaughter pred:Text ""How much did you laugh yesterday? [Likert 0–10: 0 = At no time, 10 = All the time]"" .
:QLearning pred:Text ""Did you learn new or exciting things yesterday? [Likert 0–10: 0 = At no time, 10 = All the time]"" .
:QEnjoyment pred:Text ""How much did you enjoy the activities you did yesterday? [Likert 0–10: 0 = At no time, 10 = All the time]"" .
:QWorry pred:Text ""How worried did you feel yesterday? [Likert 0–10: 0 = At no time, 10 = All the time]"" .
:QDepression pred:Text ""How depressed did you feel yesterday? [Likert 0–10: 0 = At no time, 10 = All the time]"" .
:QAnger pred:Text ""How angry did you feel yesterday? [Likert 0–10: 0 = At no time, 10 = All the time]"" .
:QStress pred:Text ""How much stress did you feel yesterday? [Likert 0–10: 0 = At no time, 10 = All the time]"" .
:QLoneliness pred:Text ""How lonely or unsupported did you feel yesterday? [Likert 0–10: 0 = At no time, 10 = All the time]"" .

:QGEmotional_Regulation_Frequency pred:BaseQuestion ""Next, you will be asked questions about your emotional state. Please answer on a scale of 0 to 4, where 0 is never, 1 is 'almost never', 2 is 'sometimes', 3 is 'fairly often', and 4 is 'very often', how often you experienced the following feelings during the last month: [Likert 0–4]"" ;
    qg:hasSubQuestion :QEmotional_Regulation_Frequency_Upset_by_Unexpected_Events,
                      :QEmotional_Regulation_Frequency_Unable_to_Control_Important_Things,
                      :QEmotional_Regulation_Frequency_Nervous_and_Stressed,
                      :QEmotional_Regulation_Frequency_Lacked_Confidence_Handling_Problems,
                      :QEmotional_Regulation_Frequency_Things_Going_Your_Way,
                      :QEmotional_Regulation_Frequency_Unable_to_Cope,
                      :QEmotional_Regulation_Frequency_Irritated_by_Life,
                      :QEmotional_Regulation_Frequency_On_Top_of_Things,
                      :QEmotional_Regulation_Frequency_Angered_by_Uncontrollable_Events,
                      :QEmotional_Regulation_Frequency_Felt_Overwhelmed .

:QEmotional_Regulation_Frequency_Upset_by_Unexpected_Events pred:Text ""how often have you been upset because of something that happened unexpectedly?"" .
:QEmotional_Regulation_Frequency_Unable_to_Control_Important_Things pred:Text ""how often have you felt that you were unable to control the important things in your life?"" .
:QEmotional_Regulation_Frequency_Nervous_and_Stressed pred:Text ""how often have you felt nervous and stressed?"" .
:QEmotional_Regulation_Frequency_Lacked_Confidence_Handling_Problems pred:Text ""how often have you felt confident about your ability to handle your personal problems?"" .
:QEmotional_Regulation_Frequency_Things_Going_Your_Way pred:Text ""how often have you felt that things were going your way?"" .
:QEmotional_Regulation_Frequency_Unable_to_Cope pred:Text ""how often have you found that you could not cope with all the things that you had to do?"" .
:QEmotional_Regulation_Frequency_Irritated_by_Life pred:Text ""how often have you been able to control irritations in your life?"" .
:QEmotional_Regulation_Frequency_On_Top_of_Things pred:Text ""how often have you felt that you were on top of things?"" .
:QEmotional_Regulation_Frequency_Angered_by_Uncontrollable_Events pred:Text ""how often have you been angered because of things that happened that were outside of your control?"" .
:QEmotional_Regulation_Frequency_Felt_Overwhelmed pred:Text ""how often have you felt difficulties were piling up so high that you could not overcome them?"" .

:QGAnxiety_Symptoms_Frequency pred:BaseQuestion ""Next, you will be asked questions about your emotional state. Please answer on a scale of 0 to 3, where 0 is 'Not at all', 1 is 'several days', 2 is 'more than half of the days', and 3 is 'Nearly every day'. Over the last two weeks, how often have you been bothered by the following problems? [Likert 0–3]"" ;
    qg:hasSubQuestion :QAnxiety_Symptoms_Frequency_Feeling_Nervous_or_On_Edge,
                      :QAnxiety_Symptoms_Frequency_Uncontrollable_Worrying,
                      :QAnxiety_Symptoms_Frequency_Excessive_Worry,
                      :QAnxiety_Symptoms_Frequency_Trouble_Relaxing,
                      :QAnxiety_Symptoms_Frequency_Restlessness,
                      :QAnxiety_Symptoms_Frequency_Irritability,
                      :QAnxiety_Symptoms_Frequency_Fear_Something_Awful_Might_Happen .

:QAnxiety_Symptoms_Frequency_Feeling_Nervous_or_On_Edge pred:Text ""Feeling nervous, anxious, or on edge"" .
:QAnxiety_Symptoms_Frequency_Uncontrollable_Worrying pred:Text ""Not being able to stop or control worrying"" .
:QAnxiety_Symptoms_Frequency_Excessive_Worry pred:Text ""Worrying too much about different things"" .
:QAnxiety_Symptoms_Frequency_Trouble_Relaxing pred:Text ""Trouble relaxing"" .
:QAnxiety_Symptoms_Frequency_Restlessness pred:Text ""Being so restless that it is hard to sit still"" .
:QAnxiety_Symptoms_Frequency_Irritability pred:Text ""Becoming easily annoyed or irritable"" .
:QAnxiety_Symptoms_Frequency_Fear_Something_Awful_Might_Happen pred:Text ""Feeling afraid, as if something awful might happen"" .

:QGDepressive_Symptoms_Frequency pred:BaseQuestion ""Next, you will be asked questions about your emotional state. Please answer on a scale of 0 to 3, where 0 is 'Not at all', 1 is 'several days', 2 is 'more than half of the days', and 3 is 'Nearly every day'. Over the last two weeks, how often have you been bothered by the following problems?"" ;
    qg:hasSubQuestion :QDepressive_Symptoms_Frequency_Anhedonia,
                      :QDepressive_Symptoms_Frequency_Depressed_Mood,
                      :QDepressive_Symptoms_Frequency_Sleep_Problems,
                      :QDepressive_Symptoms_Frequency_Fatigue,
                      :QDepressive_Symptoms_Frequency_Appetite_Changes,
                      :QDepressive_Symptoms_Frequency_Feelings_of_Worthlessness,
                      :QDepressive_Symptoms_Frequency_Concentration_Difficulties,
                      :QDepressive_Symptoms_Frequency_Psychomotor_Changes,
                      :QDepressive_Symptoms_Frequency_Suicidal_Thoughts .

:QDepressive_Symptoms_Frequency_Anhedonia pred:Text ""Little interest or pleasure in doing things"" .
:QDepressive_Symptoms_Frequency_Depressed_Mood pred:Text ""Feeling down, depressed, or hopeless"" .
:QDepressive_Symptoms_Frequency_Sleep_Problems pred:Text ""Trouble falling or staying asleep, or sleeping too much"" .
:QDepressive_Symptoms_Frequency_Fatigue pred:Text ""Feeling tired or having little energy"" .
:QDepressive_Symptoms_Frequency_Appetite_Changes pred:Text ""Poor appetite or overeating"" .
:QDepressive_Symptoms_Frequency_Feelings_of_Worthlessness pred:Text ""Feeling bad about yourself or that you are a failure or have let yourself or your family down"" .
:QDepressive_Symptoms_Frequency_Concentration_Difficulties pred:Text ""Trouble concentrating on things, such as reading the newspaper or watching television"" .
:QDepressive_Symptoms_Frequency_Psychomotor_Changes pred:Text ""Moving or speaking so slowly that other people could have noticed. Or the opposite — being so fidgety or restless that you have been moving around a lot more than usual"" .
:QDepressive_Symptoms_Frequency_Suicidal_Thoughts pred:Text ""Thoughts that you would be better off dead, or of hurting yourself"" .

# Responses
:Respondent60 pred:Year_of_birth 2003.0 ;
     pred:Gender 1.0 ;
     pred:Socio_economic_status 6.0 ;
     pred:Ethnic_identity 6.0 .

:Respondent60 pred:Life_satisfaction 10.0 ;
     pred:Happiness 10.0 ;
     pred:Laughter 9.0 ;
     pred:Learning 8.0 ;
     pred:Enjoyment 9.0 ;
     pred:Worry 0.0 ;
     pred:Depression 0.0 ;
     pred:Anger 2.0 ;
     pred:Stress 1.0 ;
     pred:Loneliness 0.0 .

:Respondent60_Emotional_Regulation_Frequency
                                   pred:Upset_by_Unexpected_Events 1.0 ;
                                   pred:Unable_to_Control_Important_Things 2.0 ;
                                   pred:Lacked_Confidence_Handling_Problems 4.0 ;
                                   pred:Unable_to_Cope 1.0 ;
                                   pred:Irritated_by_Life 4.0 ;
                                   pred:On_Top_of_Things 3.0 .
:Respondent60 pred:hasGroupResponse :Respondent60_Emotional_Regulation_Frequency .

:Respondent60_Anxiety_Symptoms_Frequency
                               pred:Feeling_Nervous_or_On_Edge 0.0 ;
                               pred:Trouble_Relaxing 0.0 ;
                               pred:Restlessness 0.0 ;
                               pred:Irritability 0.0 ;
                               pred:Fear_Something_Awful_Might_Happen 0.0 .
:Respondent60 pred:hasGroupResponse :Respondent60_Anxiety_Symptoms_Frequency .

:Respondent60_Depressive_Symptoms_Frequency
                                  pred:Anhedonia 0.0 ;
                                  pred:Sleep_Problems 0.0 ;
                                  pred:Fatigue 1.0 ;
                                  pred:Appetite_Changes 0.0 ;
                                  pred:Feelings_of_Worthlessness 0.0 ;
                                  pred:Concentration_Difficulties 0.0 ;
                                  pred:Suicidal_Thoughts 0.0 .
:Respondent60 pred:hasGroupResponse :Respondent60_Depressive_Symptoms_Frequency .

:Respondent19 pred:Year_of_birth 2005.0 ;
     pred:Gender 1.0 ;
     pred:Socio_economic_status 4.0 ;
     pred:Ethnic_identity 5.0 .

:Respondent19_Parental_Education
                       pred:Father 25.0 ;
                       pred:Mother 20.0 .
:Respondent19 pred:hasGroupResponse :Respondent19_Parental_Education .

:Respondent19 pred:Life_satisfaction 8.0 ;
     pred:Happiness 7.0 ;
     pred:Laughter 6.0 ;
     pred:Learning 6.0 ;
     pred:Enjoyment 7.0 ;
     pred:Worry 3.0 ;
     pred:Depression 0.0 ;
     pred:Anger 1.0 ;
     pred:Stress 4.0 ;
     pred:Loneliness 4.0 .

:Respondent19_Emotional_Regulation_Frequency
                                   pred:Upset_by_Unexpected_Events 1.0 ;
                                   pred:Unable_to_Control_Important_Things 3.0 ;
                                   pred:Lacked_Confidence_Handling_Problems 2.0 ;
                                   pred:Unable_to_Cope 1.0 ;
                                   pred:Irritated_by_Life 3.0 ;
                                   pred:On_Top_of_Things 3.0 .
:Respondent19 pred:hasGroupResponse :Respondent19_Emotional_Regulation_Frequency .

:Respondent19_Anxiety_Symptoms_Frequency
                               pred:Feeling_Nervous_or_On_Edge 3.0 ;
                               pred:Trouble_Relaxing 3.0 ;
                               pred:Restlessness 0.0 ;
                               pred:Irritability 1.0 ;
                               pred:Fear_Something_Awful_Might_Happen 1.0 .
:Respondent19 pred:hasGroupResponse :Respondent19_Anxiety_Symptoms_Frequency .

:Respondent19_Depressive_Symptoms_Frequency
                                  pred:Anhedonia 1.0 ;
                                  pred:Sleep_Problems 1.0 ;
                                  pred:Fatigue 3.0 ;
                                  pred:Appetite_Changes 1.0 ;
                                  pred:Feelings_of_Worthlessness 0.0 ;
                                  pred:Concentration_Difficulties 1.0 ;
                                  pred:Suicidal_Thoughts 0.0 .
:Respondent19 pred:hasGroupResponse :Respondent19_Depressive_Symptoms_Frequency .

:Respondent8 pred:Year_of_birth 2002.0 ;
     pred:Gender 1.0 ;
     pred:Socio_economic_status 5.0 ;
     pred:Ethnic_identity 6.0 .

:Respondent8 pred:Life_satisfaction 7.0 ;
     pred:Happiness 8.0 ;
     pred:Laughter 8.0 ;
     pred:Learning 7.0 ;
     pred:Enjoyment 8.0 ;
     pred:Worry 1.0 ;
     pred:Depression 0.0 ;
     pred:Anger 2.0 ;
     pred:Stress 3.0 ;
     pred:Loneliness 0.0 .

:Respondent8_Emotional_Regulation_Frequency
                                   pred:Upset_by_Unexpected_Events 1.0 ;
                                   pred:Unable_to_Control_Important_Things 1.0 ;
                                   pred:Lacked_Confidence_Handling_Problems 2.0 ;
                                   pred:Unable_to_Cope 2.0 ;
                                   pred:Irritated_by_Life 3.0 ;
                                   pred:On_Top_of_Things 2.0 .
:Respondent8 pred:hasGroupResponse :Respondent8_Emotional_Regulation_Frequency .

:Respondent8_Anxiety_Symptoms_Frequency
                               pred:Feeling_Nervous_or_On_Edge 1.0 ;
                               pred:Trouble_Relaxing 1.0 ;
                               pred:Restlessness 0.0 ;
                               pred:Irritability 1.0 ;
                               pred:Fear_Something_Awful_Might_Happen 0.0 .
:Respondent8 pred:hasGroupResponse :Respondent8_Anxiety_Symptoms_Frequency .

:Respondent8_Depressive_Symptoms_Frequency
                                  pred:Anhedonia 0.0 ;
                                  pred:Sleep_Problems 1.0 ;
                                  pred:Fatigue 0.0 ;
                                  pred:Appetite_Changes 1.0 ;
                                  pred:Feelings_of_Worthlessness 0.0 ;
                                  pred:Concentration_Difficulties 0.0 ;
                                  pred:Suicidal_Thoughts 0.0 .
:Respondent8 pred:hasGroupResponse :Respondent8_Depressive_Symptoms_Frequency .
",0.0,"For respondent 129, what is the value for 'Appetite Changes' in the 'Depressive Symptoms Frequency' category?

DATA:

@prefix : <http://example.org/survey#> .
@prefix pred: <http://example.org/predicate#> .
@prefix qg: <http://example.org/question_group#> .

# Questions
:QYear_of_birth pred:Text ""What is your date of birth? [Open-ended]"" .
:QGender pred:Text ""What is your gender? [MCQ: 1. Male 2. Female]"" .
:QSocio_economic_status pred:Text ""What is the socio-economic status of your home? [Likert 1–6: 1 = Very low, 6 = Very high]"" .
:QEthnic_identity pred:Text ""According to your culture, people, or physical features, you are or are recognized as: [MCQ: 1. Indigenous 2. Gypsy 3. Raizal from San Andres, Providencia and Santa Catalina Archipelago 4. Palenquero from San Basilio 5. Black, mulatto (Afro-descendant), Afro-Colombian 6. None of the above]"" .

:QGParental_Education pred:BaseQuestion ""How many years of education did your parents receive? [Open-ended]"" ;
    qg:hasSubQuestion :QParental_Education_Father, :QParental_Education_Mother .
:QParental_Education_Father pred:Text ""Father?"" .
:QParental_Education_Mother pred:Text ""Mother?"" .

:QLife_satisfaction pred:Text ""In general, how satisfied are you with all aspects of your life? [Likert 0–10: 0 = Not satisfied, 10 = Totally satisfied]"" .
:QHappiness pred:Text ""How happy did you feel yesterday? [Likert 0–10: 0 = At no time, 10 = All the time]"" .
:QLaughter pred:Text ""How much did you laugh yesterday? [Likert 0–10: 0 = At no time, 10 = All the time]"" .
:QLearning pred:Text ""Did you learn new or exciting things yesterday? [Likert 0–10: 0 = At no time, 10 = All the time]"" .
:QEnjoyment pred:Text ""How much did you enjoy the activities you did yesterday? [Likert 0–10: 0 = At no time, 10 = All the time]"" .
:QWorry pred:Text ""How worried did you feel yesterday? [Likert 0–10: 0 = At no time, 10 = All the time]"" .
:QDepression pred:Text ""How depressed did you feel yesterday? [Likert 0–10: 0 = At no time, 10 = All the time]"" .
:QAnger pred:Text ""How angry did you feel yesterday? [Likert 0–10: 0 = At no time, 10 = All the time]"" .
:QStress pred:Text ""How much stress did you feel yesterday? [Likert 0–10: 0 = At no time, 10 = All the time]"" .
:QLoneliness pred:Text ""How lonely or unsupported did you feel yesterday? [Likert 0–10: 0 = At no time, 10 = All the time]"" .

:QGEmotional_Regulation_Frequency pred:BaseQuestion ""Next, you will be asked questions about your emotional state. Please answer on a scale of 0 to 4, where 0 is never, 1 is 'almost never', 2 is 'sometimes', 3 is 'fairly often', and 4 is 'very often', how often you experienced the following feelings during the last month: [Likert 0–4]"" ;
    qg:hasSubQuestion :QEmotional_Regulation_Frequency_Upset_by_Unexpected_Events,
                      :QEmotional_Regulation_Frequency_Unable_to_Control_Important_Things,
                      :QEmotional_Regulation_Frequency_Nervous_and_Stressed,
                      :QEmotional_Regulation_Frequency_Lacked_Confidence_Handling_Problems,
                      :QEmotional_Regulation_Frequency_Things_Going_Your_Way,
                      :QEmotional_Regulation_Frequency_Unable_to_Cope,
                      :QEmotional_Regulation_Frequency_Irritated_by_Life,
                      :QEmotional_Regulation_Frequency_On_Top_of_Things,
                      :QEmotional_Regulation_Frequency_Angered_by_Uncontrollable_Events,
                      :QEmotional_Regulation_Frequency_Felt_Overwhelmed .

:QEmotional_Regulation_Frequency_Upset_by_Unexpected_Events pred:Text ""how often have you been upset because of something that happened unexpectedly?"" .
:QEmotional_Regulation_Frequency_Unable_to_Control_Important_Things pred:Text ""how often have you felt that you were unable to control the important things in your life?"" .
:QEmotional_Regulation_Frequency_Nervous_and_Stressed pred:Text ""how often have you felt nervous and stressed?"" .
:QEmotional_Regulation_Frequency_Lacked_Confidence_Handling_Problems pred:Text ""how often have you felt confident about your ability to handle your personal problems?"" .
:QEmotional_Regulation_Frequency_Things_Going_Your_Way pred:Text ""how often have you felt that things were going your way?"" .
:QEmotional_Regulation_Frequency_Unable_to_Cope pred:Text ""how often have you found that you could not cope with all the things that you had to do?"" .
:QEmotional_Regulation_Frequency_Irritated_by_Life pred:Text ""how often have you been able to control irritations in your life?"" .
:QEmotional_Regulation_Frequency_On_Top_of_Things pred:Text ""how often have you felt that you were on top of things?"" .
:QEmotional_Regulation_Frequency_Angered_by_Uncontrollable_Events pred:Text ""how often have you been angered because of things that happened that were outside of your control?"" .
:QEmotional_Regulation_Frequency_Felt_Overwhelmed pred:Text ""how often have you felt difficulties were piling up so high that you could not overcome them?"" .

:QGAnxiety_Symptoms_Frequency pred:BaseQuestion ""Next, you will be asked questions about your emotional state. Please answer on a scale of 0 to 3, where 0 is 'Not at all', 1 is 'several days', 2 is 'more than half of the days', and 3 is 'Nearly every day'. Over the last two weeks, how often have you been bothered by the following problems? [Likert 0–3]"" ;
    qg:hasSubQuestion :QAnxiety_Symptoms_Frequency_Feeling_Nervous_or_On_Edge,
                      :QAnxiety_Symptoms_Frequency_Uncontrollable_Worrying,
                      :QAnxiety_Symptoms_Frequency_Excessive_Worry,
                      :QAnxiety_Symptoms_Frequency_Trouble_Relaxing,
                      :QAnxiety_Symptoms_Frequency_Restlessness,
                      :QAnxiety_Symptoms_Frequency_Irritability,
                      :QAnxiety_Symptoms_Frequency_Fear_Something_Awful_Might_Happen .

:QAnxiety_Symptoms_Frequency_Feeling_Nervous_or_On_Edge pred:Text ""Feeling nervous, anxious, or on edge"" .
:QAnxiety_Symptoms_Frequency_Uncontrollable_Worrying pred:Text ""Not being able to stop or control worrying"" .
:QAnxiety_Symptoms_Frequency_Excessive_Worry pred:Text ""Worrying too much about different things"" .
:QAnxiety_Symptoms_Frequency_Trouble_Relaxing pred:Text ""Trouble relaxing"" .
:QAnxiety_Symptoms_Frequency_Restlessness pred:Text ""Being so restless that it is hard to sit still"" .
:QAnxiety_Symptoms_Frequency_Irritability pred:Text ""Becoming easily annoyed or irritable"" .
:QAnxiety_Symptoms_Frequency_Fear_Something_Awful_Might_Happen pred:Text ""Feeling afraid, as if something awful might happen"" .

:QGDepressive_Symptoms_Frequency pred:BaseQuestion ""Next, you will be asked questions about your emotional state. Please answer on a scale of 0 to 3, where 0 is 'Not at all', 1 is 'several days', 2 is 'more than half of the days', and 3 is 'Nearly every day'. Over the last two weeks, how often have you been bothered by the following problems?"" ;
    qg:hasSubQuestion :QDepressive_Symptoms_Frequency_Anhedonia,
                      :QDepressive_Symptoms_Frequency_Depressed_Mood,
                      :QDepressive_Symptoms_Frequency_Sleep_Problems,
                      :QDepressive_Symptoms_Frequency_Fatigue,
                      :QDepressive_Symptoms_Frequency_Appetite_Changes,
                      :QDepressive_Symptoms_Frequency_Feelings_of_Worthlessness,
                      :QDepressive_Symptoms_Frequency_Concentration_Difficulties,
                      :QDepressive_Symptoms_Frequency_Psychomotor_Changes,
                      :QDepressive_Symptoms_Frequency_Suicidal_Thoughts .

:QDepressive_Symptoms_Frequency_Anhedonia pred:Text ""Little interest or pleasure in doing things"" .
:QDepressive_Symptoms_Frequency_Depressed_Mood pred:Text ""Feeling down, depressed, or hopeless"" .
:QDepressive_Symptoms_Frequency_Sleep_Problems pred:Text ""Trouble falling or staying asleep, or sleeping too much"" .
:QDepressive_Symptoms_Frequency_Fatigue pred:Text ""Feeling tired or having little energy"" .
:QDepressive_Symptoms_Frequency_Appetite_Changes pred:Text ""Poor appetite or overeating"" .
:QDepressive_Symptoms_Frequency_Feelings_of_Worthlessness pred:Text ""Feeling bad about yourself or that you are a failure or have let yourself or your family down"" .
:QDepressive_Symptoms_Frequency_Concentration_Difficulties pred:Text ""Trouble concentrating on things, such as reading the newspaper or watching television"" .
:QDepressive_Symptoms_Frequency_Psychomotor_Changes pred:Text ""Moving or speaking so slowly that other people could have noticed. Or the opposite — being so fidgety or restless that you have been moving around a lot more than usual"" .
:QDepressive_Symptoms_Frequency_Suicidal_Thoughts pred:Text ""Thoughts that you would be better off dead, or of hurting yourself"" .

# Responses
:Respondent73 pred:Year_of_birth 2005.0 ;
     pred:Gender 2.0 ;
     pred:Socio_economic_status 2.0 ;
     pred:Ethnic_identity 6.0 .

:Respondent73_Parental_Education
                       pred:Father 25.0 ;
                       pred:Mother 15.0 .
:Respondent73 pred:hasGroupResponse :Respondent73_Parental_Education .

:Respondent73 pred:Life_satisfaction 8.0 ;
     pred:Happiness 5.0 ;
     pred:Laughter 4.0 ;
     pred:Learning 5.0 ;
     pred:Enjoyment 5.0 ;
     pred:Worry 2.0 ;
     pred:Depression 1.0 ;
     pred:Anger 2.0 ;
     pred:Stress 4.0 ;
     pred:Loneliness 6.0 .

:Respondent73_Emotional_Regulation_Frequency
                                   pred:Upset_by_Unexpected_Events 2.0 ;
                                   pred:Unable_to_Control_Important_Things 2.0 ;
                                   pred:Lacked_Confidence_Handling_Problems 2.0 ;
                                   pred:Unable_to_Cope 2.0 ;
                                   pred:Irritated_by_Life 2.0 ;
                                   pred:On_Top_of_Things 2.0 .
:Respondent73 pred:hasGroupResponse :Respondent73_Emotional_Regulation_Frequency .

:Respondent73_Anxiety_Symptoms_Frequency
                               pred:Feeling_Nervous_or_On_Edge 2.0 ;
                               pred:Trouble_Relaxing 1.0 ;
                               pred:Restlessness 1.0 ;
                               pred:Irritability 2.0 ;
                               pred:Fear_Something_Awful_Might_Happen 2.0 .
:Respondent73 pred:hasGroupResponse :Respondent73_Anxiety_Symptoms_Frequency .

:Respondent73_Depressive_Symptoms_Frequency
                                  pred:Anhedonia 1.0 ;
                                  pred:Sleep_Problems 2.0 ;
                                  pred:Fatigue 1.0 ;
                                  pred:Appetite_Changes 1.0 ;
                                  pred:Feelings_of_Worthlessness 1.0 ;
                                  pred:Concentration_Difficulties 1.0 ;
                                  pred:Suicidal_Thoughts 0.0 .
:Respondent73 pred:hasGroupResponse :Respondent73_Depressive_Symptoms_Frequency .

:Respondent85 pred:Year_of_birth 2004.0 ;
     pred:Gender 2.0 ;
     pred:Socio_economic_status 3.0 ;
     pred:Ethnic_identity 6.0 .

:Respondent85_Parental_Education
                       pred:Father 18.0 .
:Respondent85 pred:hasGroupResponse :Respondent85_Parental_Education .

:Respondent85 pred:Life_satisfaction 5.0 ;
     pred:Happiness 6.0 ;
     pred:Laughter 6.0 ;
     pred:Learning 8.0 ;
     pred:Enjoyment 5.0 ;
     pred:Worry 1.0 ;
     pred:Depression 1.0 ;
     pred:Anger 2.0 ;
     pred:Stress 4.0 ;
     pred:Loneliness 1.0 .

:Respondent85_Emotional_Regulation_Frequency
                                   pred:Upset_by_Unexpected_Events 2.0 ;
                                   pred:Unable_to_Control_Important_Things 3.0 ;
                                   pred:Lacked_Confidence_Handling_Problems 2.0 ;
                                   pred:Unable_to_Cope 3.0 ;
                                   pred:Irritated_by_Life 3.0 ;
                                   pred:On_Top_of_Things 2.0 .
:Respondent85 pred:hasGroupResponse :Respondent85_Emotional_Regulation_Frequency .

:Respondent85_Anxiety_Symptoms_Frequency
                               pred:Feeling_Nervous_or_On_Edge 1.0 ;
                               pred:Trouble_Relaxing 1.0 ;
                               pred:Restlessness 0.0 ;
                               pred:Irritability 1.0 ;
                               pred:Fear_Something_Awful_Might_Happen 1.0 .
:Respondent85 pred:hasGroupResponse :Respondent85_Anxiety_Symptoms_Frequency .

:Respondent85_Depressive_Symptoms_Frequency
                                  pred:Anhedonia 2.0 ;
                                  pred:Sleep_Problems 2.0 ;
                                  pred:Fatigue 3.0 ;
                                  pred:Appetite_Changes 3.0 ;
                                  pred:Feelings_of_Worthlessness 1.0 ;
                                  pred:Concentration_Difficulties 1.0 ;
                                  pred:Suicidal_Thoughts 0.0 .
:Respondent85 pred:hasGroupResponse :Respondent85_Depressive_Symptoms_Frequency .

:Respondent129 pred:Year_of_birth 2001.0 ;
     pred:Gender 2.0 ;
     pred:Socio_economic_status 3.0 ;
     pred:Ethnic_identity 6.0 .

:Respondent129_Parental_Education
                       pred:Father 13.0 ;
                       pred:Mother 13.0 .
:Respondent129 pred:hasGroupResponse :Respondent129_Parental_Education .

:Respondent129 pred:Life_satisfaction 8.0 ;
     pred:Happiness 9.0 ;
     pred:Laughter 6.0 ;
     pred:Learning 5.0 ;
     pred:Enjoyment 6.0 ;
     pred:Worry 1.0 ;
     pred:Depression 1.0 ;
     pred:Anger 1.0 ;
     pred:Stress 3.0 ;
     pred:Loneliness 0.0 .

:Respondent129_Emotional_Regulation_Frequency
                                   pred:Upset_by_Unexpected_Events 1.0 ;
                                   pred:Unable_to_Control_Important_Things 1.0 ;
                                   pred:Lacked_Confidence_Handling_Problems 3.0 ;
                                   pred:Unable_to_Cope 2.0 ;
                                   pred:Irritated_by_Life 3.0 ;
                                   pred:On_Top_of_Things 2.0 .
:Respondent129 pred:hasGroupResponse :Respondent129_Emotional_Regulation_Frequency .

:Respondent129_Anxiety_Symptoms_Frequency
                               pred:Feeling_Nervous_or_On_Edge 1.0 ;
                               pred:Trouble_Relaxing 1.0 ;
                               pred:Restlessness 0.0 ;
                               pred:Irritability 0.0 ;
                               pred:Fear_Something_Awful_Might_Happen 0.0 .
:Respondent129 pred:hasGroupResponse :Respondent129_Anxiety_Symptoms_Frequency .

:Respondent129_Depressive_Symptoms_Frequency
                                  pred:Anhedonia 1.0 ;
                                  pred:Sleep_Problems 1.0 ;
                                  pred:Fatigue 2.0 ;
                                  pred:Appetite_Changes 2.0 ;
                                  pred:Feelings_of_Worthlessness 0.0 ;
                                  pred:Concentration_Difficulties 2.0 ;
                                  pred:Suicidal_Thoughts 0.0 .
:Respondent129 pred:hasGroupResponse :Respondent129_Depressive_Symptoms_Frequency .

Answer: 2.0

@prefix : <http://example.org/survey#> .
@prefix pred: <http://example.org/predicate#> .
@prefix qg: <http://example.org/question_group#> .

# Questions
:QYear_of_birth pred:Text ""What is your date of birth? [Open-ended]"" .
:QGender pred:Text ""What is your gender? [MCQ: 1. Male 2. Female]"" .
:QSocio_economic_status pred:Text ""What is the socio-economic status of your home? [Likert 1–6: 1 = Very low, 6 = Very high]"" .
:QEthnic_identity pred:Text ""According to your culture, people, or physical features, you are or are recognized as: [MCQ: 1. Indigenous 2. Gypsy 3. Raizal from San Andres, Providencia and Santa Catalina Archipelago 4. Palenquero from San Basilio 5. Black, mulatto (Afro-descendant), Afro-Colombian 6. None of the above]"" .

:QGParental_Education pred:BaseQuestion ""How many years of education did your parents receive? [Open-ended]"" ;
    qg:hasSubQuestion :QParental_Education_Father, :QParental_Education_Mother .
:QParental_Education_Father pred:Text ""Father?"" .
:QParental_Education_Mother pred:Text ""Mother?"" .

:QLife_satisfaction pred:Text ""In general, how satisfied are you with all aspects of your life? [Likert 0–10: 0 = Not satisfied, 10 = Totally satisfied]"" .
:QHappiness pred:Text ""How happy did you feel yesterday? [Likert 0–10: 0 = At no time, 10 = All the time]"" .
:QLaughter pred:Text ""How much did you laugh yesterday? [Likert 0–10: 0 = At no time, 10 = All the time]"" .
:QLearning pred:Text ""Did you learn new or exciting things yesterday? [Likert 0–10: 0 = At no time, 10 = All the time]"" .
:QEnjoyment pred:Text ""How much did you enjoy the activities you did yesterday? [Likert 0–10: 0 = At no time, 10 = All the time]"" .
:QWorry pred:Text ""How worried did you feel yesterday? [Likert 0–10: 0 = At no time, 10 = All the time]"" .
:QDepression pred:Text ""How depressed did you feel yesterday? [Likert 0–10: 0 = At no time, 10 = All the time]"" .
:QAnger pred:Text ""How angry did you feel yesterday? [Likert 0–10: 0 = At no time, 10 = All the time]"" .
:QStress pred:Text ""How much stress did you feel yesterday? [Likert 0–10: 0 = At no time, 10 = All the time]"" .
:QLoneliness pred:Text ""How lonely or unsupported did you feel yesterday? [Likert 0–10: 0 = At no time, 10 = All the time]"" .

:QGEmotional_Regulation_Frequency pred:BaseQuestion ""Next, you will be asked questions about your emotional state. Please answer on a scale of 0 to 4, where 0 is never, 1 is 'almost never', 2 is 'sometimes', 3 is 'fairly often', and 4 is 'very often', how often you experienced the following feelings during the last month: [Likert 0–4]"" ;
    qg:hasSubQuestion :QEmotional_Regulation_Frequency_Upset_by_Unexpected_Events,
                      :QEmotional_Regulation_Frequency_Unable_to_Control_Important_Things,
                      :QEmotional_Regulation_Frequency_Nervous_and_Stressed,
                      :QEmotional_Regulation_Frequency_Lacked_Confidence_Handling_Problems,
                      :QEmotional_Regulation_Frequency_Things_Going_Your_Way,
                      :QEmotional_Regulation_Frequency_Unable_to_Cope,
                      :QEmotional_Regulation_Frequency_Irritated_by_Life,
                      :QEmotional_Regulation_Frequency_On_Top_of_Things,
                      :QEmotional_Regulation_Frequency_Angered_by_Uncontrollable_Events,
                      :QEmotional_Regulation_Frequency_Felt_Overwhelmed .

:QEmotional_Regulation_Frequency_Upset_by_Unexpected_Events pred:Text ""how often have you been upset because of something that happened unexpectedly?"" .
:QEmotional_Regulation_Frequency_Unable_to_Control_Important_Things pred:Text ""how often have you felt that you were unable to control the important things in your life?"" .
:QEmotional_Regulation_Frequency_Nervous_and_Stressed pred:Text ""how often have you felt nervous and stressed?"" .
:QEmotional_Regulation_Frequency_Lacked_Confidence_Handling_Problems pred:Text ""how often have you felt confident about your ability to handle your personal problems?"" .
:QEmotional_Regulation_Frequency_Things_Going_Your_Way pred:Text ""how often have you felt that things were going your way?"" .
:QEmotional_Regulation_Frequency_Unable_to_Cope pred:Text ""how often have you found that you could not cope with all the things that you had to do?"" .
:QEmotional_Regulation_Frequency_Irritated_by_Life pred:Text ""how often have you been able to control irritations in your life?"" .
:QEmotional_Regulation_Frequency_On_Top_of_Things pred:Text ""how often have you felt that you were on top of things?"" .
:QEmotional_Regulation_Frequency_Angered_by_Uncontrollable_Events pred:Text ""how often have you been angered because of things that happened that were outside of your control?"" .
:QEmotional_Regulation_Frequency_Felt_Overwhelmed pred:Text ""how often have you felt difficulties were piling up so high that you could not overcome them?"" .

:QGAnxiety_Symptoms_Frequency pred:BaseQuestion ""Next, you will be asked questions about your emotional state. Please answer on a scale of 0 to 3, where 0 is 'Not at all', 1 is 'several days', 2 is 'more than half of the days', and 3 is 'Nearly every day'. Over the last two weeks, how often have you been bothered by the following problems? [Likert 0–3]"" ;
    qg:hasSubQuestion :QAnxiety_Symptoms_Frequency_Feeling_Nervous_or_On_Edge,
                      :QAnxiety_Symptoms_Frequency_Uncontrollable_Worrying,
                      :QAnxiety_Symptoms_Frequency_Excessive_Worry,
                      :QAnxiety_Symptoms_Frequency_Trouble_Relaxing,
                      :QAnxiety_Symptoms_Frequency_Restlessness,
                      :QAnxiety_Symptoms_Frequency_Irritability,
                      :QAnxiety_Symptoms_Frequency_Fear_Something_Awful_Might_Happen .

:QAnxiety_Symptoms_Frequency_Feeling_Nervous_or_On_Edge pred:Text ""Feeling nervous, anxious, or on edge"" .
:QAnxiety_Symptoms_Frequency_Uncontrollable_Worrying pred:Text ""Not being able to stop or control worrying"" .
:QAnxiety_Symptoms_Frequency_Excessive_Worry pred:Text ""Worrying too much about different things"" .
:QAnxiety_Symptoms_Frequency_Trouble_Relaxing pred:Text ""Trouble relaxing"" .
:QAnxiety_Symptoms_Frequency_Restlessness pred:Text ""Being so restless that it is hard to sit still"" .
:QAnxiety_Symptoms_Frequency_Irritability pred:Text ""Becoming easily annoyed or irritable"" .
:QAnxiety_Symptoms_Frequency_Fear_Something_Awful_Might_Happen pred:Text ""Feeling afraid, as if something awful might happen"" .

:QGDepressive_Symptoms_Frequency pred:BaseQuestion ""Next, you will be asked questions about your emotional state. Please answer on a scale of 0 to 3, where 0 is 'Not at all', 1 is 'several days', 2 is 'more than half of the days', and 3 is 'Nearly every day'. Over the last two weeks, how often have you been bothered by the following problems?"" ;
    qg:hasSubQuestion :QDepressive_Symptoms_Frequency_Anhedonia,
                      :QDepressive_Symptoms_Frequency_Depressed_Mood,
                      :QDepressive_Symptoms_Frequency_Sleep_Problems,
                      :QDepressive_Symptoms_Frequency_Fatigue,
                      :QDepressive_Symptoms_Frequency_Appetite_Changes,
                      :QDepressive_Symptoms_Frequency_Feelings_of_Worthlessness,
                      :QDepressive_Symptoms_Frequency_Concentration_Difficulties,
                      :QDepressive_Symptoms_Frequency_Psychomotor_Changes,
                      :QDepressive_Symptoms_Frequency_Suicidal_Thoughts .

:QDepressive_Symptoms_Frequency_Anhedonia pred:Text ""Little interest or pleasure in doing things"" .
:QDepressive_Symptoms_Frequency_Depressed_Mood pred:Text ""Feeling down, depressed, or hopeless"" .
:QDepressive_Symptoms_Frequency_Sleep_Problems pred:Text ""Trouble falling or staying asleep, or sleeping too much"" .
:QDepressive_Symptoms_Frequency_Fatigue pred:Text ""Feeling tired or having little energy"" .
:QDepressive_Symptoms_Frequency_Appetite_Changes pred:Text ""Poor appetite or overeating"" .
:QDepressive_Symptoms_Frequency_Feelings_of_Worthlessness pred:Text ""Feeling bad about yourself or that you are a failure or have let yourself or your family down"" .
:QDepressive_Symptoms_Frequency_Concentration_Difficulties pred:Text ""Trouble concentrating on things, such as reading the newspaper or watching television"" .
:QDepressive_Symptoms_Frequency_Psychomotor_Changes pred:Text ""Moving or speaking so slowly that other people could have noticed. Or the opposite — being so fidgety or restless that you have been moving around a lot more than usual"" .
:QDepressive_Symptoms_Frequency_Suicidal_Thoughts pred:Text ""Thoughts that you would be better off dead, or of hurting yourself"" .

# Responses
:Respondent60 pred:Year_of_birth 2003.0 ;
     pred:Gender 1.0 ;
     pred:Socio_economic_status 6.0 ;
     pred:Ethnic_identity 6.0 .

:Respondent60 pred:Life_satisfaction 10.0 ;
     pred:Happiness 10.0 ;
     pred:Laughter 9.0 ;
     pred:Learning 8.0 ;
     pred:Enjoyment 9.0 ;
     pred:Worry 0.0 ;
     pred:Depression 0.0 ;
     pred:Anger 2.0 ;
     pred:Stress 1.0 ;
     pred:Loneliness 0.0 .

:Respondent60_Emotional_Regulation_Frequency
                                   pred:Upset_by_Unexpected_Events 1.0 ;
                                   pred:Unable_to_Control_Important_Things 2.0 ;
                                   pred:Lacked_Confidence_Handling_Problems 4.0 ;
                                   pred:Unable_to_Cope 1.0 ;
                                   pred:Irritated_by_Life 4.0 ;
                                   pred:On_Top_of_Things 3.0 .
:Respondent60 pred:hasGroupResponse :Respondent60_Emotional_Regulation_Frequency .

:Respondent60_Anxiety_Symptoms_Frequency
                               pred:Feeling_Nervous_or_On_Edge 0.0 ;
                               pred:Trouble_Relaxing 0.0 ;
                               pred:Restlessness 0.0 ;
                               pred:Irritability 0.0 ;
                               pred:Fear_Something_Awful_Might_Happen 0.0 .
:Respondent60 pred:hasGroupResponse :Respondent60_Anxiety_Symptoms_Frequency .

:Respondent60_Depressive_Symptoms_Frequency
                                  pred:Anhedonia 0.0 ;
                                  pred:Sleep_Problems 0.0 ;
                                  pred:Fatigue 1.0 ;
                                  pred:Appetite_Changes 0.0 ;
                                  pred:Feelings_of_Worthlessness 0.0 ;
                                  pred:Concentration_Difficulties 0.0 ;
                                  pred:Suicidal_Thoughts 0.0 .
:Respondent60 pred:hasGroupResponse :Respondent60_Depressive_Symptoms_Frequency .

:Respondent19 pred:Year_of_birth 2005.0 ;
     pred:Gender 1.0 ;
     pred:Socio_economic_status 4.0 ;
     pred:Ethnic_identity 5.0 .

:Respondent19_Parental_Education
                       pred:Father 25.0 ;
                       pred:Mother 20.0 .
:Respondent19 pred:hasGroupResponse :Respondent19_Parental_Education .

:Respondent19 pred:Life_satisfaction 8.0 ;
     pred:Happiness 7.0 ;
     pred:Laughter 6.0 ;
     pred:Learning 6.0 ;
     pred:Enjoyment 7.0 ;
     pred:Worry 3.0 ;
     pred:Depression 0.0 ;
     pred:Anger 1.0 ;
     pred:Stress 4.0 ;
     pred:Loneliness 4.0 .

:Respondent19_Emotional_Regulation_Frequency
                                   pred:Upset_by_Unexpected_Events 1.0 ;
                                   pred:Unable_to_Control_Important_Things 3.0 ;
                                   pred:Lacked_Confidence_Handling_Problems 2.0 ;
                                   pred:Unable_to_Cope 1.0 ;
                                   pred:Irritated_by_Life 3.0 ;
                                   pred:On_Top_of_Things 3.0 .
:Respondent19 pred:hasGroupResponse :Respondent19_Emotional_Regulation_Frequency .

:Respondent19_Anxiety_Symptoms_Frequency
                               pred:Feeling_Nervous_or_On_Edge 3.0 ;
                               pred:Trouble_Relaxing 3.0 ;
                               pred:Restlessness 0.0 ;
                               pred:Irritability 1.0 ;
                               pred:Fear_Something_Awful_Might_Happen 1.0 .
:Respondent19 pred:hasGroupResponse :Respondent19_Anxiety_Symptoms_Frequency .

:Respondent19_Depressive_Symptoms_Frequency
                                  pred:Anhedonia 1.0 ;
                                  pred:Sleep_Problems 1.0 ;
                                  pred:Fatigue 3.0 ;
                                  pred:Appetite_Changes 1.0 ;
                                  pred:Feelings_of_Worthlessness 0.0 ;
                                  pred:Concentration_Difficulties 1.0 ;
                                  pred:Suicidal_Thoughts 0.0 .
:Respondent19 pred:hasGroupResponse :Respondent19_Depressive_Symptoms_Frequency .

:Respondent8 pred:Year_of_birth 2002.0 ;
     pred:Gender 1.0 ;
     pred:Socio_economic_status 5.0 ;
     pred:Ethnic_identity 6.0 .

:Respondent8 pred:Life_satisfaction 7.0 ;
     pred:Happiness 8.0 ;
     pred:Laughter 8.0 ;
     pred:Learning 7.0 ;
     pred:Enjoyment 8.0 ;
     pred:Worry 1.0 ;
     pred:Depression 0.0 ;
     pred:Anger 2.0 ;
     pred:Stress 3.0 ;
     pred:Loneliness 0.0 .

:Respondent8_Emotional_Regulation_Frequency
                                   pred:Upset_by_Unexpected_Events 1.0 ;
                                   pred:Unable_to_Control_Important_Things 1.0 ;
                                   pred:Lacked_Confidence_Handling_Problems 2.0 ;
                                   pred:Unable_to_Cope 2.0 ;
                                   pred:Irritated_by_Life 3.0 ;
                                   pred:On_Top_of_Things 2.0 .
:Respondent8 pred:hasGroupResponse :Respondent8_Emotional_Regulation_Frequency .

:Respondent8_Anxiety_Symptoms_Frequency
                               pred:Feeling_Nervous_or_On_Edge 1.0 ;
                               pred:Trouble_Relaxing 1.0 ;
                               pred:Restlessness 0.0 ;
                               pred:Irritability 1.0 ;
                               pred:Fear_Something_Awful_Might_Happen 0.0 .
:Respondent8 pred:hasGroupResponse :Respondent8_Anxiety_Symptoms_Frequency .

:Respondent8_Depressive_Symptoms_Frequency
                                  pred:Anhedonia 0.0 ;
                                  pred:Sleep_Problems 1.0 ;
                                  pred:Fatigue 0.0 ;
                                  pred:Appetite_Changes 1.0 ;
                                  pred:Feelings_of_Worthlessness 0.0 ;
                                  pred:Concentration_Difficulties 0.0 ;
                                  pred:Suicidal_Thoughts 0.0 .
:Respondent8 pred:hasGroupResponse :Respondent8_Depressive_Symptoms_Frequency .

You are a meticulous data analyst AI. Your primary function is to accurately analyze structured data and provide precise, verifiable answers.

You will be given a dataset with two key parts:

A 'questions' section: This is your data dictionary or schema. It is the single source of truth for understanding what each field and score means. Refer to it carefully.

A 'responses' section: This contains the raw data from each individual respondent.

To answer the question correctly, you must first use the 'questions' schema to fully understand the context and meaning of the data points within the 'responses'. Do not rely on any prior knowledge outside of this provided data. Base your entire analysis on the information given.

Provide your final answer directly and concisely. Output must be the human-readable value, not an option code.

Rules:
- For MCQ fields, map any letter codes in the Responses (case-insensitive) to the corresponding option text from the Questions schema, and output only that text. Do NOT include the letter or both.
  Example: If the schema is ""[MCQ: A. Abnormal B. Inconclusive C. Normal]"" and the response is ""a"", output ""Abnormal"".
- For open-ended fields, output the exact text value.
- If the question asks for a count, provide only the number (e.g., ""42"").
- If the question asks for a list of names or IDs, provide a simple comma-separated list (e.g., ""17, 21, 23"").
- Preserve capitalization exactly as in the schema (e.g., output ""Abnormal"", not ""abnormal"" or ""A"").

What is the frequency of sleep problems for respondent 60?",,
case_25,answer_lookup,What is the laughter level for respondent 131?,"@prefix : <http://example.org/survey#> .
@prefix pred: <http://example.org/predicate#> .
@prefix qg: <http://example.org/question_group#> .

# Questions
:QYear_of_birth pred:Text ""What is your date of birth? [Open-ended]"" .
:QGender pred:Text ""What is your gender? [MCQ: 1. Male 2. Female]"" .
:QSocio_economic_status pred:Text ""What is the socio-economic status of your home? [Likert 1–6: 1 = Very low, 6 = Very high]"" .
:QEthnic_identity pred:Text ""According to your culture, people, or physical features, you are or are recognized as: [MCQ: 1. Indigenous 2. Gypsy 3. Raizal from San Andres, Providencia and Santa Catalina Archipelago 4. Palenquero from San Basilio 5. Black, mulatto (Afro-descendant), Afro-Colombian 6. None of the above]"" .

:QGParental_Education pred:BaseQuestion ""How many years of education did your parents receive? [Open-ended]"" ;
    qg:hasSubQuestion :QParental_Education_Father, :QParental_Education_Mother .
:QParental_Education_Father pred:Text ""Father?"" .
:QParental_Education_Mother pred:Text ""Mother?"" .

:QLife_satisfaction pred:Text ""In general, how satisfied are you with all aspects of your life? [Likert 0–10: 0 = Not satisfied, 10 = Totally satisfied]"" .
:QHappiness pred:Text ""How happy did you feel yesterday? [Likert 0–10: 0 = At no time, 10 = All the time]"" .
:QLaughter pred:Text ""How much did you laugh yesterday? [Likert 0–10: 0 = At no time, 10 = All the time]"" .
:QLearning pred:Text ""Did you learn new or exciting things yesterday? [Likert 0–10: 0 = At no time, 10 = All the time]"" .
:QEnjoyment pred:Text ""How much did you enjoy the activities you did yesterday? [Likert 0–10: 0 = At no time, 10 = All the time]"" .
:QWorry pred:Text ""How worried did you feel yesterday? [Likert 0–10: 0 = At no time, 10 = All the time]"" .
:QDepression pred:Text ""How depressed did you feel yesterday? [Likert 0–10: 0 = At no time, 10 = All the time]"" .
:QAnger pred:Text ""How angry did you feel yesterday? [Likert 0–10: 0 = At no time, 10 = All the time]"" .
:QStress pred:Text ""How much stress did you feel yesterday? [Likert 0–10: 0 = At no time, 10 = All the time]"" .
:QLoneliness pred:Text ""How lonely or unsupported did you feel yesterday? [Likert 0–10: 0 = At no time, 10 = All the time]"" .

:QGEmotional_Regulation_Frequency pred:BaseQuestion ""Next, you will be asked questions about your emotional state. Please answer on a scale of 0 to 4, where 0 is never, 1 is 'almost never', 2 is 'sometimes', 3 is 'fairly often', and 4 is 'very often', how often you experienced the following feelings during the last month: [Likert 0–4]"" ;
    qg:hasSubQuestion :QEmotional_Regulation_Frequency_Upset_by_Unexpected_Events,
                      :QEmotional_Regulation_Frequency_Unable_to_Control_Important_Things,
                      :QEmotional_Regulation_Frequency_Nervous_and_Stressed,
                      :QEmotional_Regulation_Frequency_Lacked_Confidence_Handling_Problems,
                      :QEmotional_Regulation_Frequency_Things_Going_Your_Way,
                      :QEmotional_Regulation_Frequency_Unable_to_Cope,
                      :QEmotional_Regulation_Frequency_Irritated_by_Life,
                      :QEmotional_Regulation_Frequency_On_Top_of_Things,
                      :QEmotional_Regulation_Frequency_Angered_by_Uncontrollable_Events,
                      :QEmotional_Regulation_Frequency_Felt_Overwhelmed .

:QEmotional_Regulation_Frequency_Upset_by_Unexpected_Events pred:Text ""how often have you been upset because of something that happened unexpectedly?"" .
:QEmotional_Regulation_Frequency_Unable_to_Control_Important_Things pred:Text ""how often have you felt that you were unable to control the important things in your life?"" .
:QEmotional_Regulation_Frequency_Nervous_and_Stressed pred:Text ""how often have you felt nervous and stressed?"" .
:QEmotional_Regulation_Frequency_Lacked_Confidence_Handling_Problems pred:Text ""how often have you felt confident about your ability to handle your personal problems?"" .
:QEmotional_Regulation_Frequency_Things_Going_Your_Way pred:Text ""how often have you felt that things were going your way?"" .
:QEmotional_Regulation_Frequency_Unable_to_Cope pred:Text ""how often have you found that you could not cope with all the things that you had to do?"" .
:QEmotional_Regulation_Frequency_Irritated_by_Life pred:Text ""how often have you been able to control irritations in your life?"" .
:QEmotional_Regulation_Frequency_On_Top_of_Things pred:Text ""how often have you felt that you were on top of things?"" .
:QEmotional_Regulation_Frequency_Angered_by_Uncontrollable_Events pred:Text ""how often have you been angered because of things that happened that were outside of your control?"" .
:QEmotional_Regulation_Frequency_Felt_Overwhelmed pred:Text ""how often have you felt difficulties were piling up so high that you could not overcome them?"" .

:QGAnxiety_Symptoms_Frequency pred:BaseQuestion ""Next, you will be asked questions about your emotional state. Please answer on a scale of 0 to 3, where 0 is 'Not at all', 1 is 'several days', 2 is 'more than half of the days', and 3 is 'Nearly every day'. Over the last two weeks, how often have you been bothered by the following problems? [Likert 0–3]"" ;
    qg:hasSubQuestion :QAnxiety_Symptoms_Frequency_Feeling_Nervous_or_On_Edge,
                      :QAnxiety_Symptoms_Frequency_Uncontrollable_Worrying,
                      :QAnxiety_Symptoms_Frequency_Excessive_Worry,
                      :QAnxiety_Symptoms_Frequency_Trouble_Relaxing,
                      :QAnxiety_Symptoms_Frequency_Restlessness,
                      :QAnxiety_Symptoms_Frequency_Irritability,
                      :QAnxiety_Symptoms_Frequency_Fear_Something_Awful_Might_Happen .

:QAnxiety_Symptoms_Frequency_Feeling_Nervous_or_On_Edge pred:Text ""Feeling nervous, anxious, or on edge"" .
:QAnxiety_Symptoms_Frequency_Uncontrollable_Worrying pred:Text ""Not being able to stop or control worrying"" .
:QAnxiety_Symptoms_Frequency_Excessive_Worry pred:Text ""Worrying too much about different things"" .
:QAnxiety_Symptoms_Frequency_Trouble_Relaxing pred:Text ""Trouble relaxing"" .
:QAnxiety_Symptoms_Frequency_Restlessness pred:Text ""Being so restless that it is hard to sit still"" .
:QAnxiety_Symptoms_Frequency_Irritability pred:Text ""Becoming easily annoyed or irritable"" .
:QAnxiety_Symptoms_Frequency_Fear_Something_Awful_Might_Happen pred:Text ""Feeling afraid, as if something awful might happen"" .

:QGDepressive_Symptoms_Frequency pred:BaseQuestion ""Next, you will be asked questions about your emotional state. Please answer on a scale of 0 to 3, where 0 is 'Not at all', 1 is 'several days', 2 is 'more than half of the days', and 3 is 'Nearly every day'. Over the last two weeks, how often have you been bothered by the following problems?"" ;
    qg:hasSubQuestion :QDepressive_Symptoms_Frequency_Anhedonia,
                      :QDepressive_Symptoms_Frequency_Depressed_Mood,
                      :QDepressive_Symptoms_Frequency_Sleep_Problems,
                      :QDepressive_Symptoms_Frequency_Fatigue,
                      :QDepressive_Symptoms_Frequency_Appetite_Changes,
                      :QDepressive_Symptoms_Frequency_Feelings_of_Worthlessness,
                      :QDepressive_Symptoms_Frequency_Concentration_Difficulties,
                      :QDepressive_Symptoms_Frequency_Psychomotor_Changes,
                      :QDepressive_Symptoms_Frequency_Suicidal_Thoughts .

:QDepressive_Symptoms_Frequency_Anhedonia pred:Text ""Little interest or pleasure in doing things"" .
:QDepressive_Symptoms_Frequency_Depressed_Mood pred:Text ""Feeling down, depressed, or hopeless"" .
:QDepressive_Symptoms_Frequency_Sleep_Problems pred:Text ""Trouble falling or staying asleep, or sleeping too much"" .
:QDepressive_Symptoms_Frequency_Fatigue pred:Text ""Feeling tired or having little energy"" .
:QDepressive_Symptoms_Frequency_Appetite_Changes pred:Text ""Poor appetite or overeating"" .
:QDepressive_Symptoms_Frequency_Feelings_of_Worthlessness pred:Text ""Feeling bad about yourself or that you are a failure or have let yourself or your family down"" .
:QDepressive_Symptoms_Frequency_Concentration_Difficulties pred:Text ""Trouble concentrating on things, such as reading the newspaper or watching television"" .
:QDepressive_Symptoms_Frequency_Psychomotor_Changes pred:Text ""Moving or speaking so slowly that other people could have noticed. Or the opposite — being so fidgety or restless that you have been moving around a lot more than usual"" .
:QDepressive_Symptoms_Frequency_Suicidal_Thoughts pred:Text ""Thoughts that you would be better off dead, or of hurting yourself"" .

# Responses
:Respondent131 pred:Year_of_birth 2003.0 ;
     pred:Gender 1.0 ;
     pred:Socio_economic_status 2.0 ;
     pred:Ethnic_identity 6.0 .

:Respondent131_Parental_Education
                       pred:Father 11.0 ;
                       pred:Mother 14.0 .
:Respondent131 pred:hasGroupResponse :Respondent131_Parental_Education .

:Respondent131 pred:Life_satisfaction 8.0 ;
     pred:Happiness 6.0 ;
     pred:Laughter 7.0 ;
     pred:Learning 8.0 ;
     pred:Enjoyment 8.0 ;
     pred:Worry 2.0 ;
     pred:Depression 2.0 ;
     pred:Anger 4.0 ;
     pred:Stress 3.0 ;
     pred:Loneliness 7.0 .

:Respondent131_Emotional_Regulation_Frequency
                                   pred:Upset_by_Unexpected_Events 3.0 ;
                                   pred:Unable_to_Control_Important_Things 4.0 ;
                                   pred:Lacked_Confidence_Handling_Problems 2.0 ;
                                   pred:Unable_to_Cope 4.0 ;
                                   pred:Irritated_by_Life 1.0 ;
                                   pred:On_Top_of_Things 2.0 .
:Respondent131 pred:hasGroupResponse :Respondent131_Emotional_Regulation_Frequency .

:Respondent131_Anxiety_Symptoms_Frequency
                               pred:Feeling_Nervous_or_On_Edge 2.0 ;
                               pred:Trouble_Relaxing 2.0 ;
                               pred:Restlessness 0.0 ;
                               pred:Irritability 0.0 ;
                               pred:Fear_Something_Awful_Might_Happen 2.0 .
:Respondent131 pred:hasGroupResponse :Respondent131_Anxiety_Symptoms_Frequency .

:Respondent131_Depressive_Symptoms_Frequency
                                  pred:Anhedonia 1.0 ;
                                  pred:Sleep_Problems 1.0 ;
                                  pred:Fatigue 2.0 ;
                                  pred:Appetite_Changes 2.0 ;
                                  pred:Feelings_of_Worthlessness 1.0 ;
                                  pred:Concentration_Difficulties 0.0 ;
                                  pred:Suicidal_Thoughts 0.0 .
:Respondent131 pred:hasGroupResponse :Respondent131_Depressive_Symptoms_Frequency .

:Respondent108 pred:Year_of_birth 2003.0 ;
     pred:Gender 2.0 ;
     pred:Socio_economic_status 6.0 ;
     pred:Ethnic_identity 1.0 .

:Respondent108 pred:Life_satisfaction 5.0 ;
     pred:Happiness 4.0 ;
     pred:Laughter 3.0 ;
     pred:Learning 7.0 ;
     pred:Enjoyment 5.0 ;
     pred:Worry 1.0 ;
     pred:Depression 1.0 ;
     pred:Anger 3.0 ;
     pred:Stress 3.0 ;
     pred:Loneliness 2.0 .

:Respondent108_Emotional_Regulation_Frequency
                                   pred:Upset_by_Unexpected_Events 4.0 ;
                                   pred:Unable_to_Control_Important_Things 3.0 ;
                                   pred:Lacked_Confidence_Handling_Problems 2.0 ;
                                   pred:Unable_to_Cope 4.0 ;
                                   pred:Irritated_by_Life 3.0 ;
                                   pred:On_Top_of_Things 1.0 .
:Respondent108 pred:hasGroupResponse :Respondent108_Emotional_Regulation_Frequency .

:Respondent108_Anxiety_Symptoms_Frequency
                               pred:Feeling_Nervous_or_On_Edge 2.0 ;
                               pred:Trouble_Relaxing 2.0 ;
                               pred:Restlessness 1.0 ;
                               pred:Irritability 0.0 ;
                               pred:Fear_Something_Awful_Might_Happen 3.0 .
:Respondent108 pred:hasGroupResponse :Respondent108_Anxiety_Symptoms_Frequency .

:Respondent108_Depressive_Symptoms_Frequency
                                  pred:Anhedonia 2.0 ;
                                  pred:Sleep_Problems 2.0 ;
                                  pred:Fatigue 2.0 ;
                                  pred:Appetite_Changes 0.0 ;
                                  pred:Feelings_of_Worthlessness 2.0 ;
                                  pred:Concentration_Difficulties 0.0 ;
                                  pred:Suicidal_Thoughts 0.0 .
:Respondent108 pred:hasGroupResponse :Respondent108_Depressive_Symptoms_Frequency .

:Respondent96 pred:Year_of_birth 2003.0 ;
     pred:Gender 2.0 ;
     pred:Socio_economic_status 3.0 ;
     pred:Ethnic_identity 6.0 .

:Respondent96 pred:Life_satisfaction 6.0 ;
     pred:Happiness 8.0 ;
     pred:Laughter 5.0 ;
     pred:Learning 8.0 ;
     pred:Enjoyment 7.0 ;
     pred:Worry 0.0 ;
     pred:Depression 0.0 ;
     pred:Anger 1.0 ;
     pred:Stress 3.0 ;
     pred:Loneliness 1.0 .

:Respondent96_Emotional_Regulation_Frequency
                                   pred:Upset_by_Unexpected_Events 1.0 ;
                                   pred:Unable_to_Control_Important_Things 2.0 ;
                                   pred:Lacked_Confidence_Handling_Problems 3.0 ;
                                   pred:Unable_to_Cope 2.0 ;
                                   pred:Irritated_by_Life 3.0 ;
                                   pred:On_Top_of_Things 3.0 .
:Respondent96 pred:hasGroupResponse :Respondent96_Emotional_Regulation_Frequency .

:Respondent96_Anxiety_Symptoms_Frequency
                               pred:Feeling_Nervous_or_On_Edge 2.0 ;
                               pred:Trouble_Relaxing 1.0 ;
                               pred:Restlessness 0.0 ;
                               pred:Irritability 0.0 ;
                               pred:Fear_Something_Awful_Might_Happen 0.0 .
:Respondent96 pred:hasGroupResponse :Respondent96_Anxiety_Symptoms_Frequency .

:Respondent96_Depressive_Symptoms_Frequency
                                  pred:Anhedonia 0.0 ;
                                  pred:Sleep_Problems 0.0 ;
                                  pred:Fatigue 1.0 ;
                                  pred:Appetite_Changes 0.0 ;
                                  pred:Feelings_of_Worthlessness 0.0 ;
                                  pred:Concentration_Difficulties 0.0 ;
                                  pred:Suicidal_Thoughts 0.0 .
:Respondent96 pred:hasGroupResponse :Respondent96_Depressive_Symptoms_Frequency .
",7.0,"For respondent 129, what is the value for 'Appetite Changes' in the 'Depressive Symptoms Frequency' category?

DATA:

@prefix : <http://example.org/survey#> .
@prefix pred: <http://example.org/predicate#> .
@prefix qg: <http://example.org/question_group#> .

# Questions
:QYear_of_birth pred:Text ""What is your date of birth? [Open-ended]"" .
:QGender pred:Text ""What is your gender? [MCQ: 1. Male 2. Female]"" .
:QSocio_economic_status pred:Text ""What is the socio-economic status of your home? [Likert 1–6: 1 = Very low, 6 = Very high]"" .
:QEthnic_identity pred:Text ""According to your culture, people, or physical features, you are or are recognized as: [MCQ: 1. Indigenous 2. Gypsy 3. Raizal from San Andres, Providencia and Santa Catalina Archipelago 4. Palenquero from San Basilio 5. Black, mulatto (Afro-descendant), Afro-Colombian 6. None of the above]"" .

:QGParental_Education pred:BaseQuestion ""How many years of education did your parents receive? [Open-ended]"" ;
    qg:hasSubQuestion :QParental_Education_Father, :QParental_Education_Mother .
:QParental_Education_Father pred:Text ""Father?"" .
:QParental_Education_Mother pred:Text ""Mother?"" .

:QLife_satisfaction pred:Text ""In general, how satisfied are you with all aspects of your life? [Likert 0–10: 0 = Not satisfied, 10 = Totally satisfied]"" .
:QHappiness pred:Text ""How happy did you feel yesterday? [Likert 0–10: 0 = At no time, 10 = All the time]"" .
:QLaughter pred:Text ""How much did you laugh yesterday? [Likert 0–10: 0 = At no time, 10 = All the time]"" .
:QLearning pred:Text ""Did you learn new or exciting things yesterday? [Likert 0–10: 0 = At no time, 10 = All the time]"" .
:QEnjoyment pred:Text ""How much did you enjoy the activities you did yesterday? [Likert 0–10: 0 = At no time, 10 = All the time]"" .
:QWorry pred:Text ""How worried did you feel yesterday? [Likert 0–10: 0 = At no time, 10 = All the time]"" .
:QDepression pred:Text ""How depressed did you feel yesterday? [Likert 0–10: 0 = At no time, 10 = All the time]"" .
:QAnger pred:Text ""How angry did you feel yesterday? [Likert 0–10: 0 = At no time, 10 = All the time]"" .
:QStress pred:Text ""How much stress did you feel yesterday? [Likert 0–10: 0 = At no time, 10 = All the time]"" .
:QLoneliness pred:Text ""How lonely or unsupported did you feel yesterday? [Likert 0–10: 0 = At no time, 10 = All the time]"" .

:QGEmotional_Regulation_Frequency pred:BaseQuestion ""Next, you will be asked questions about your emotional state. Please answer on a scale of 0 to 4, where 0 is never, 1 is 'almost never', 2 is 'sometimes', 3 is 'fairly often', and 4 is 'very often', how often you experienced the following feelings during the last month: [Likert 0–4]"" ;
    qg:hasSubQuestion :QEmotional_Regulation_Frequency_Upset_by_Unexpected_Events,
                      :QEmotional_Regulation_Frequency_Unable_to_Control_Important_Things,
                      :QEmotional_Regulation_Frequency_Nervous_and_Stressed,
                      :QEmotional_Regulation_Frequency_Lacked_Confidence_Handling_Problems,
                      :QEmotional_Regulation_Frequency_Things_Going_Your_Way,
                      :QEmotional_Regulation_Frequency_Unable_to_Cope,
                      :QEmotional_Regulation_Frequency_Irritated_by_Life,
                      :QEmotional_Regulation_Frequency_On_Top_of_Things,
                      :QEmotional_Regulation_Frequency_Angered_by_Uncontrollable_Events,
                      :QEmotional_Regulation_Frequency_Felt_Overwhelmed .

:QEmotional_Regulation_Frequency_Upset_by_Unexpected_Events pred:Text ""how often have you been upset because of something that happened unexpectedly?"" .
:QEmotional_Regulation_Frequency_Unable_to_Control_Important_Things pred:Text ""how often have you felt that you were unable to control the important things in your life?"" .
:QEmotional_Regulation_Frequency_Nervous_and_Stressed pred:Text ""how often have you felt nervous and stressed?"" .
:QEmotional_Regulation_Frequency_Lacked_Confidence_Handling_Problems pred:Text ""how often have you felt confident about your ability to handle your personal problems?"" .
:QEmotional_Regulation_Frequency_Things_Going_Your_Way pred:Text ""how often have you felt that things were going your way?"" .
:QEmotional_Regulation_Frequency_Unable_to_Cope pred:Text ""how often have you found that you could not cope with all the things that you had to do?"" .
:QEmotional_Regulation_Frequency_Irritated_by_Life pred:Text ""how often have you been able to control irritations in your life?"" .
:QEmotional_Regulation_Frequency_On_Top_of_Things pred:Text ""how often have you felt that you were on top of things?"" .
:QEmotional_Regulation_Frequency_Angered_by_Uncontrollable_Events pred:Text ""how often have you been angered because of things that happened that were outside of your control?"" .
:QEmotional_Regulation_Frequency_Felt_Overwhelmed pred:Text ""how often have you felt difficulties were piling up so high that you could not overcome them?"" .

:QGAnxiety_Symptoms_Frequency pred:BaseQuestion ""Next, you will be asked questions about your emotional state. Please answer on a scale of 0 to 3, where 0 is 'Not at all', 1 is 'several days', 2 is 'more than half of the days', and 3 is 'Nearly every day'. Over the last two weeks, how often have you been bothered by the following problems? [Likert 0–3]"" ;
    qg:hasSubQuestion :QAnxiety_Symptoms_Frequency_Feeling_Nervous_or_On_Edge,
                      :QAnxiety_Symptoms_Frequency_Uncontrollable_Worrying,
                      :QAnxiety_Symptoms_Frequency_Excessive_Worry,
                      :QAnxiety_Symptoms_Frequency_Trouble_Relaxing,
                      :QAnxiety_Symptoms_Frequency_Restlessness,
                      :QAnxiety_Symptoms_Frequency_Irritability,
                      :QAnxiety_Symptoms_Frequency_Fear_Something_Awful_Might_Happen .

:QAnxiety_Symptoms_Frequency_Feeling_Nervous_or_On_Edge pred:Text ""Feeling nervous, anxious, or on edge"" .
:QAnxiety_Symptoms_Frequency_Uncontrollable_Worrying pred:Text ""Not being able to stop or control worrying"" .
:QAnxiety_Symptoms_Frequency_Excessive_Worry pred:Text ""Worrying too much about different things"" .
:QAnxiety_Symptoms_Frequency_Trouble_Relaxing pred:Text ""Trouble relaxing"" .
:QAnxiety_Symptoms_Frequency_Restlessness pred:Text ""Being so restless that it is hard to sit still"" .
:QAnxiety_Symptoms_Frequency_Irritability pred:Text ""Becoming easily annoyed or irritable"" .
:QAnxiety_Symptoms_Frequency_Fear_Something_Awful_Might_Happen pred:Text ""Feeling afraid, as if something awful might happen"" .

:QGDepressive_Symptoms_Frequency pred:BaseQuestion ""Next, you will be asked questions about your emotional state. Please answer on a scale of 0 to 3, where 0 is 'Not at all', 1 is 'several days', 2 is 'more than half of the days', and 3 is 'Nearly every day'. Over the last two weeks, how often have you been bothered by the following problems?"" ;
    qg:hasSubQuestion :QDepressive_Symptoms_Frequency_Anhedonia,
                      :QDepressive_Symptoms_Frequency_Depressed_Mood,
                      :QDepressive_Symptoms_Frequency_Sleep_Problems,
                      :QDepressive_Symptoms_Frequency_Fatigue,
                      :QDepressive_Symptoms_Frequency_Appetite_Changes,
                      :QDepressive_Symptoms_Frequency_Feelings_of_Worthlessness,
                      :QDepressive_Symptoms_Frequency_Concentration_Difficulties,
                      :QDepressive_Symptoms_Frequency_Psychomotor_Changes,
                      :QDepressive_Symptoms_Frequency_Suicidal_Thoughts .

:QDepressive_Symptoms_Frequency_Anhedonia pred:Text ""Little interest or pleasure in doing things"" .
:QDepressive_Symptoms_Frequency_Depressed_Mood pred:Text ""Feeling down, depressed, or hopeless"" .
:QDepressive_Symptoms_Frequency_Sleep_Problems pred:Text ""Trouble falling or staying asleep, or sleeping too much"" .
:QDepressive_Symptoms_Frequency_Fatigue pred:Text ""Feeling tired or having little energy"" .
:QDepressive_Symptoms_Frequency_Appetite_Changes pred:Text ""Poor appetite or overeating"" .
:QDepressive_Symptoms_Frequency_Feelings_of_Worthlessness pred:Text ""Feeling bad about yourself or that you are a failure or have let yourself or your family down"" .
:QDepressive_Symptoms_Frequency_Concentration_Difficulties pred:Text ""Trouble concentrating on things, such as reading the newspaper or watching television"" .
:QDepressive_Symptoms_Frequency_Psychomotor_Changes pred:Text ""Moving or speaking so slowly that other people could have noticed. Or the opposite — being so fidgety or restless that you have been moving around a lot more than usual"" .
:QDepressive_Symptoms_Frequency_Suicidal_Thoughts pred:Text ""Thoughts that you would be better off dead, or of hurting yourself"" .

# Responses
:Respondent73 pred:Year_of_birth 2005.0 ;
     pred:Gender 2.0 ;
     pred:Socio_economic_status 2.0 ;
     pred:Ethnic_identity 6.0 .

:Respondent73_Parental_Education
                       pred:Father 25.0 ;
                       pred:Mother 15.0 .
:Respondent73 pred:hasGroupResponse :Respondent73_Parental_Education .

:Respondent73 pred:Life_satisfaction 8.0 ;
     pred:Happiness 5.0 ;
     pred:Laughter 4.0 ;
     pred:Learning 5.0 ;
     pred:Enjoyment 5.0 ;
     pred:Worry 2.0 ;
     pred:Depression 1.0 ;
     pred:Anger 2.0 ;
     pred:Stress 4.0 ;
     pred:Loneliness 6.0 .

:Respondent73_Emotional_Regulation_Frequency
                                   pred:Upset_by_Unexpected_Events 2.0 ;
                                   pred:Unable_to_Control_Important_Things 2.0 ;
                                   pred:Lacked_Confidence_Handling_Problems 2.0 ;
                                   pred:Unable_to_Cope 2.0 ;
                                   pred:Irritated_by_Life 2.0 ;
                                   pred:On_Top_of_Things 2.0 .
:Respondent73 pred:hasGroupResponse :Respondent73_Emotional_Regulation_Frequency .

:Respondent73_Anxiety_Symptoms_Frequency
                               pred:Feeling_Nervous_or_On_Edge 2.0 ;
                               pred:Trouble_Relaxing 1.0 ;
                               pred:Restlessness 1.0 ;
                               pred:Irritability 2.0 ;
                               pred:Fear_Something_Awful_Might_Happen 2.0 .
:Respondent73 pred:hasGroupResponse :Respondent73_Anxiety_Symptoms_Frequency .

:Respondent73_Depressive_Symptoms_Frequency
                                  pred:Anhedonia 1.0 ;
                                  pred:Sleep_Problems 2.0 ;
                                  pred:Fatigue 1.0 ;
                                  pred:Appetite_Changes 1.0 ;
                                  pred:Feelings_of_Worthlessness 1.0 ;
                                  pred:Concentration_Difficulties 1.0 ;
                                  pred:Suicidal_Thoughts 0.0 .
:Respondent73 pred:hasGroupResponse :Respondent73_Depressive_Symptoms_Frequency .

:Respondent85 pred:Year_of_birth 2004.0 ;
     pred:Gender 2.0 ;
     pred:Socio_economic_status 3.0 ;
     pred:Ethnic_identity 6.0 .

:Respondent85_Parental_Education
                       pred:Father 18.0 .
:Respondent85 pred:hasGroupResponse :Respondent85_Parental_Education .

:Respondent85 pred:Life_satisfaction 5.0 ;
     pred:Happiness 6.0 ;
     pred:Laughter 6.0 ;
     pred:Learning 8.0 ;
     pred:Enjoyment 5.0 ;
     pred:Worry 1.0 ;
     pred:Depression 1.0 ;
     pred:Anger 2.0 ;
     pred:Stress 4.0 ;
     pred:Loneliness 1.0 .

:Respondent85_Emotional_Regulation_Frequency
                                   pred:Upset_by_Unexpected_Events 2.0 ;
                                   pred:Unable_to_Control_Important_Things 3.0 ;
                                   pred:Lacked_Confidence_Handling_Problems 2.0 ;
                                   pred:Unable_to_Cope 3.0 ;
                                   pred:Irritated_by_Life 3.0 ;
                                   pred:On_Top_of_Things 2.0 .
:Respondent85 pred:hasGroupResponse :Respondent85_Emotional_Regulation_Frequency .

:Respondent85_Anxiety_Symptoms_Frequency
                               pred:Feeling_Nervous_or_On_Edge 1.0 ;
                               pred:Trouble_Relaxing 1.0 ;
                               pred:Restlessness 0.0 ;
                               pred:Irritability 1.0 ;
                               pred:Fear_Something_Awful_Might_Happen 1.0 .
:Respondent85 pred:hasGroupResponse :Respondent85_Anxiety_Symptoms_Frequency .

:Respondent85_Depressive_Symptoms_Frequency
                                  pred:Anhedonia 2.0 ;
                                  pred:Sleep_Problems 2.0 ;
                                  pred:Fatigue 3.0 ;
                                  pred:Appetite_Changes 3.0 ;
                                  pred:Feelings_of_Worthlessness 1.0 ;
                                  pred:Concentration_Difficulties 1.0 ;
                                  pred:Suicidal_Thoughts 0.0 .
:Respondent85 pred:hasGroupResponse :Respondent85_Depressive_Symptoms_Frequency .

:Respondent129 pred:Year_of_birth 2001.0 ;
     pred:Gender 2.0 ;
     pred:Socio_economic_status 3.0 ;
     pred:Ethnic_identity 6.0 .

:Respondent129_Parental_Education
                       pred:Father 13.0 ;
                       pred:Mother 13.0 .
:Respondent129 pred:hasGroupResponse :Respondent129_Parental_Education .

:Respondent129 pred:Life_satisfaction 8.0 ;
     pred:Happiness 9.0 ;
     pred:Laughter 6.0 ;
     pred:Learning 5.0 ;
     pred:Enjoyment 6.0 ;
     pred:Worry 1.0 ;
     pred:Depression 1.0 ;
     pred:Anger 1.0 ;
     pred:Stress 3.0 ;
     pred:Loneliness 0.0 .

:Respondent129_Emotional_Regulation_Frequency
                                   pred:Upset_by_Unexpected_Events 1.0 ;
                                   pred:Unable_to_Control_Important_Things 1.0 ;
                                   pred:Lacked_Confidence_Handling_Problems 3.0 ;
                                   pred:Unable_to_Cope 2.0 ;
                                   pred:Irritated_by_Life 3.0 ;
                                   pred:On_Top_of_Things 2.0 .
:Respondent129 pred:hasGroupResponse :Respondent129_Emotional_Regulation_Frequency .

:Respondent129_Anxiety_Symptoms_Frequency
                               pred:Feeling_Nervous_or_On_Edge 1.0 ;
                               pred:Trouble_Relaxing 1.0 ;
                               pred:Restlessness 0.0 ;
                               pred:Irritability 0.0 ;
                               pred:Fear_Something_Awful_Might_Happen 0.0 .
:Respondent129 pred:hasGroupResponse :Respondent129_Anxiety_Symptoms_Frequency .

:Respondent129_Depressive_Symptoms_Frequency
                                  pred:Anhedonia 1.0 ;
                                  pred:Sleep_Problems 1.0 ;
                                  pred:Fatigue 2.0 ;
                                  pred:Appetite_Changes 2.0 ;
                                  pred:Feelings_of_Worthlessness 0.0 ;
                                  pred:Concentration_Difficulties 2.0 ;
                                  pred:Suicidal_Thoughts 0.0 .
:Respondent129 pred:hasGroupResponse :Respondent129_Depressive_Symptoms_Frequency .

Answer: 2.0

@prefix : <http://example.org/survey#> .
@prefix pred: <http://example.org/predicate#> .
@prefix qg: <http://example.org/question_group#> .

# Questions
:QYear_of_birth pred:Text ""What is your date of birth? [Open-ended]"" .
:QGender pred:Text ""What is your gender? [MCQ: 1. Male 2. Female]"" .
:QSocio_economic_status pred:Text ""What is the socio-economic status of your home? [Likert 1–6: 1 = Very low, 6 = Very high]"" .
:QEthnic_identity pred:Text ""According to your culture, people, or physical features, you are or are recognized as: [MCQ: 1. Indigenous 2. Gypsy 3. Raizal from San Andres, Providencia and Santa Catalina Archipelago 4. Palenquero from San Basilio 5. Black, mulatto (Afro-descendant), Afro-Colombian 6. None of the above]"" .

:QGParental_Education pred:BaseQuestion ""How many years of education did your parents receive? [Open-ended]"" ;
    qg:hasSubQuestion :QParental_Education_Father, :QParental_Education_Mother .
:QParental_Education_Father pred:Text ""Father?"" .
:QParental_Education_Mother pred:Text ""Mother?"" .

:QLife_satisfaction pred:Text ""In general, how satisfied are you with all aspects of your life? [Likert 0–10: 0 = Not satisfied, 10 = Totally satisfied]"" .
:QHappiness pred:Text ""How happy did you feel yesterday? [Likert 0–10: 0 = At no time, 10 = All the time]"" .
:QLaughter pred:Text ""How much did you laugh yesterday? [Likert 0–10: 0 = At no time, 10 = All the time]"" .
:QLearning pred:Text ""Did you learn new or exciting things yesterday? [Likert 0–10: 0 = At no time, 10 = All the time]"" .
:QEnjoyment pred:Text ""How much did you enjoy the activities you did yesterday? [Likert 0–10: 0 = At no time, 10 = All the time]"" .
:QWorry pred:Text ""How worried did you feel yesterday? [Likert 0–10: 0 = At no time, 10 = All the time]"" .
:QDepression pred:Text ""How depressed did you feel yesterday? [Likert 0–10: 0 = At no time, 10 = All the time]"" .
:QAnger pred:Text ""How angry did you feel yesterday? [Likert 0–10: 0 = At no time, 10 = All the time]"" .
:QStress pred:Text ""How much stress did you feel yesterday? [Likert 0–10: 0 = At no time, 10 = All the time]"" .
:QLoneliness pred:Text ""How lonely or unsupported did you feel yesterday? [Likert 0–10: 0 = At no time, 10 = All the time]"" .

:QGEmotional_Regulation_Frequency pred:BaseQuestion ""Next, you will be asked questions about your emotional state. Please answer on a scale of 0 to 4, where 0 is never, 1 is 'almost never', 2 is 'sometimes', 3 is 'fairly often', and 4 is 'very often', how often you experienced the following feelings during the last month: [Likert 0–4]"" ;
    qg:hasSubQuestion :QEmotional_Regulation_Frequency_Upset_by_Unexpected_Events,
                      :QEmotional_Regulation_Frequency_Unable_to_Control_Important_Things,
                      :QEmotional_Regulation_Frequency_Nervous_and_Stressed,
                      :QEmotional_Regulation_Frequency_Lacked_Confidence_Handling_Problems,
                      :QEmotional_Regulation_Frequency_Things_Going_Your_Way,
                      :QEmotional_Regulation_Frequency_Unable_to_Cope,
                      :QEmotional_Regulation_Frequency_Irritated_by_Life,
                      :QEmotional_Regulation_Frequency_On_Top_of_Things,
                      :QEmotional_Regulation_Frequency_Angered_by_Uncontrollable_Events,
                      :QEmotional_Regulation_Frequency_Felt_Overwhelmed .

:QEmotional_Regulation_Frequency_Upset_by_Unexpected_Events pred:Text ""how often have you been upset because of something that happened unexpectedly?"" .
:QEmotional_Regulation_Frequency_Unable_to_Control_Important_Things pred:Text ""how often have you felt that you were unable to control the important things in your life?"" .
:QEmotional_Regulation_Frequency_Nervous_and_Stressed pred:Text ""how often have you felt nervous and stressed?"" .
:QEmotional_Regulation_Frequency_Lacked_Confidence_Handling_Problems pred:Text ""how often have you felt confident about your ability to handle your personal problems?"" .
:QEmotional_Regulation_Frequency_Things_Going_Your_Way pred:Text ""how often have you felt that things were going your way?"" .
:QEmotional_Regulation_Frequency_Unable_to_Cope pred:Text ""how often have you found that you could not cope with all the things that you had to do?"" .
:QEmotional_Regulation_Frequency_Irritated_by_Life pred:Text ""how often have you been able to control irritations in your life?"" .
:QEmotional_Regulation_Frequency_On_Top_of_Things pred:Text ""how often have you felt that you were on top of things?"" .
:QEmotional_Regulation_Frequency_Angered_by_Uncontrollable_Events pred:Text ""how often have you been angered because of things that happened that were outside of your control?"" .
:QEmotional_Regulation_Frequency_Felt_Overwhelmed pred:Text ""how often have you felt difficulties were piling up so high that you could not overcome them?"" .

:QGAnxiety_Symptoms_Frequency pred:BaseQuestion ""Next, you will be asked questions about your emotional state. Please answer on a scale of 0 to 3, where 0 is 'Not at all', 1 is 'several days', 2 is 'more than half of the days', and 3 is 'Nearly every day'. Over the last two weeks, how often have you been bothered by the following problems? [Likert 0–3]"" ;
    qg:hasSubQuestion :QAnxiety_Symptoms_Frequency_Feeling_Nervous_or_On_Edge,
                      :QAnxiety_Symptoms_Frequency_Uncontrollable_Worrying,
                      :QAnxiety_Symptoms_Frequency_Excessive_Worry,
                      :QAnxiety_Symptoms_Frequency_Trouble_Relaxing,
                      :QAnxiety_Symptoms_Frequency_Restlessness,
                      :QAnxiety_Symptoms_Frequency_Irritability,
                      :QAnxiety_Symptoms_Frequency_Fear_Something_Awful_Might_Happen .

:QAnxiety_Symptoms_Frequency_Feeling_Nervous_or_On_Edge pred:Text ""Feeling nervous, anxious, or on edge"" .
:QAnxiety_Symptoms_Frequency_Uncontrollable_Worrying pred:Text ""Not being able to stop or control worrying"" .
:QAnxiety_Symptoms_Frequency_Excessive_Worry pred:Text ""Worrying too much about different things"" .
:QAnxiety_Symptoms_Frequency_Trouble_Relaxing pred:Text ""Trouble relaxing"" .
:QAnxiety_Symptoms_Frequency_Restlessness pred:Text ""Being so restless that it is hard to sit still"" .
:QAnxiety_Symptoms_Frequency_Irritability pred:Text ""Becoming easily annoyed or irritable"" .
:QAnxiety_Symptoms_Frequency_Fear_Something_Awful_Might_Happen pred:Text ""Feeling afraid, as if something awful might happen"" .

:QGDepressive_Symptoms_Frequency pred:BaseQuestion ""Next, you will be asked questions about your emotional state. Please answer on a scale of 0 to 3, where 0 is 'Not at all', 1 is 'several days', 2 is 'more than half of the days', and 3 is 'Nearly every day'. Over the last two weeks, how often have you been bothered by the following problems?"" ;
    qg:hasSubQuestion :QDepressive_Symptoms_Frequency_Anhedonia,
                      :QDepressive_Symptoms_Frequency_Depressed_Mood,
                      :QDepressive_Symptoms_Frequency_Sleep_Problems,
                      :QDepressive_Symptoms_Frequency_Fatigue,
                      :QDepressive_Symptoms_Frequency_Appetite_Changes,
                      :QDepressive_Symptoms_Frequency_Feelings_of_Worthlessness,
                      :QDepressive_Symptoms_Frequency_Concentration_Difficulties,
                      :QDepressive_Symptoms_Frequency_Psychomotor_Changes,
                      :QDepressive_Symptoms_Frequency_Suicidal_Thoughts .

:QDepressive_Symptoms_Frequency_Anhedonia pred:Text ""Little interest or pleasure in doing things"" .
:QDepressive_Symptoms_Frequency_Depressed_Mood pred:Text ""Feeling down, depressed, or hopeless"" .
:QDepressive_Symptoms_Frequency_Sleep_Problems pred:Text ""Trouble falling or staying asleep, or sleeping too much"" .
:QDepressive_Symptoms_Frequency_Fatigue pred:Text ""Feeling tired or having little energy"" .
:QDepressive_Symptoms_Frequency_Appetite_Changes pred:Text ""Poor appetite or overeating"" .
:QDepressive_Symptoms_Frequency_Feelings_of_Worthlessness pred:Text ""Feeling bad about yourself or that you are a failure or have let yourself or your family down"" .
:QDepressive_Symptoms_Frequency_Concentration_Difficulties pred:Text ""Trouble concentrating on things, such as reading the newspaper or watching television"" .
:QDepressive_Symptoms_Frequency_Psychomotor_Changes pred:Text ""Moving or speaking so slowly that other people could have noticed. Or the opposite — being so fidgety or restless that you have been moving around a lot more than usual"" .
:QDepressive_Symptoms_Frequency_Suicidal_Thoughts pred:Text ""Thoughts that you would be better off dead, or of hurting yourself"" .

# Responses
:Respondent131 pred:Year_of_birth 2003.0 ;
     pred:Gender 1.0 ;
     pred:Socio_economic_status 2.0 ;
     pred:Ethnic_identity 6.0 .

:Respondent131_Parental_Education
                       pred:Father 11.0 ;
                       pred:Mother 14.0 .
:Respondent131 pred:hasGroupResponse :Respondent131_Parental_Education .

:Respondent131 pred:Life_satisfaction 8.0 ;
     pred:Happiness 6.0 ;
     pred:Laughter 7.0 ;
     pred:Learning 8.0 ;
     pred:Enjoyment 8.0 ;
     pred:Worry 2.0 ;
     pred:Depression 2.0 ;
     pred:Anger 4.0 ;
     pred:Stress 3.0 ;
     pred:Loneliness 7.0 .

:Respondent131_Emotional_Regulation_Frequency
                                   pred:Upset_by_Unexpected_Events 3.0 ;
                                   pred:Unable_to_Control_Important_Things 4.0 ;
                                   pred:Lacked_Confidence_Handling_Problems 2.0 ;
                                   pred:Unable_to_Cope 4.0 ;
                                   pred:Irritated_by_Life 1.0 ;
                                   pred:On_Top_of_Things 2.0 .
:Respondent131 pred:hasGroupResponse :Respondent131_Emotional_Regulation_Frequency .

:Respondent131_Anxiety_Symptoms_Frequency
                               pred:Feeling_Nervous_or_On_Edge 2.0 ;
                               pred:Trouble_Relaxing 2.0 ;
                               pred:Restlessness 0.0 ;
                               pred:Irritability 0.0 ;
                               pred:Fear_Something_Awful_Might_Happen 2.0 .
:Respondent131 pred:hasGroupResponse :Respondent131_Anxiety_Symptoms_Frequency .

:Respondent131_Depressive_Symptoms_Frequency
                                  pred:Anhedonia 1.0 ;
                                  pred:Sleep_Problems 1.0 ;
                                  pred:Fatigue 2.0 ;
                                  pred:Appetite_Changes 2.0 ;
                                  pred:Feelings_of_Worthlessness 1.0 ;
                                  pred:Concentration_Difficulties 0.0 ;
                                  pred:Suicidal_Thoughts 0.0 .
:Respondent131 pred:hasGroupResponse :Respondent131_Depressive_Symptoms_Frequency .

:Respondent108 pred:Year_of_birth 2003.0 ;
     pred:Gender 2.0 ;
     pred:Socio_economic_status 6.0 ;
     pred:Ethnic_identity 1.0 .

:Respondent108 pred:Life_satisfaction 5.0 ;
     pred:Happiness 4.0 ;
     pred:Laughter 3.0 ;
     pred:Learning 7.0 ;
     pred:Enjoyment 5.0 ;
     pred:Worry 1.0 ;
     pred:Depression 1.0 ;
     pred:Anger 3.0 ;
     pred:Stress 3.0 ;
     pred:Loneliness 2.0 .

:Respondent108_Emotional_Regulation_Frequency
                                   pred:Upset_by_Unexpected_Events 4.0 ;
                                   pred:Unable_to_Control_Important_Things 3.0 ;
                                   pred:Lacked_Confidence_Handling_Problems 2.0 ;
                                   pred:Unable_to_Cope 4.0 ;
                                   pred:Irritated_by_Life 3.0 ;
                                   pred:On_Top_of_Things 1.0 .
:Respondent108 pred:hasGroupResponse :Respondent108_Emotional_Regulation_Frequency .

:Respondent108_Anxiety_Symptoms_Frequency
                               pred:Feeling_Nervous_or_On_Edge 2.0 ;
                               pred:Trouble_Relaxing 2.0 ;
                               pred:Restlessness 1.0 ;
                               pred:Irritability 0.0 ;
                               pred:Fear_Something_Awful_Might_Happen 3.0 .
:Respondent108 pred:hasGroupResponse :Respondent108_Anxiety_Symptoms_Frequency .

:Respondent108_Depressive_Symptoms_Frequency
                                  pred:Anhedonia 2.0 ;
                                  pred:Sleep_Problems 2.0 ;
                                  pred:Fatigue 2.0 ;
                                  pred:Appetite_Changes 0.0 ;
                                  pred:Feelings_of_Worthlessness 2.0 ;
                                  pred:Concentration_Difficulties 0.0 ;
                                  pred:Suicidal_Thoughts 0.0 .
:Respondent108 pred:hasGroupResponse :Respondent108_Depressive_Symptoms_Frequency .

:Respondent96 pred:Year_of_birth 2003.0 ;
     pred:Gender 2.0 ;
     pred:Socio_economic_status 3.0 ;
     pred:Ethnic_identity 6.0 .

:Respondent96 pred:Life_satisfaction 6.0 ;
     pred:Happiness 8.0 ;
     pred:Laughter 5.0 ;
     pred:Learning 8.0 ;
     pred:Enjoyment 7.0 ;
     pred:Worry 0.0 ;
     pred:Depression 0.0 ;
     pred:Anger 1.0 ;
     pred:Stress 3.0 ;
     pred:Loneliness 1.0 .

:Respondent96_Emotional_Regulation_Frequency
                                   pred:Upset_by_Unexpected_Events 1.0 ;
                                   pred:Unable_to_Control_Important_Things 2.0 ;
                                   pred:Lacked_Confidence_Handling_Problems 3.0 ;
                                   pred:Unable_to_Cope 2.0 ;
                                   pred:Irritated_by_Life 3.0 ;
                                   pred:On_Top_of_Things 3.0 .
:Respondent96 pred:hasGroupResponse :Respondent96_Emotional_Regulation_Frequency .

:Respondent96_Anxiety_Symptoms_Frequency
                               pred:Feeling_Nervous_or_On_Edge 2.0 ;
                               pred:Trouble_Relaxing 1.0 ;
                               pred:Restlessness 0.0 ;
                               pred:Irritability 0.0 ;
                               pred:Fear_Something_Awful_Might_Happen 0.0 .
:Respondent96 pred:hasGroupResponse :Respondent96_Anxiety_Symptoms_Frequency .

:Respondent96_Depressive_Symptoms_Frequency
                                  pred:Anhedonia 0.0 ;
                                  pred:Sleep_Problems 0.0 ;
                                  pred:Fatigue 1.0 ;
                                  pred:Appetite_Changes 0.0 ;
                                  pred:Feelings_of_Worthlessness 0.0 ;
                                  pred:Concentration_Difficulties 0.0 ;
                                  pred:Suicidal_Thoughts 0.0 .
:Respondent96 pred:hasGroupResponse :Respondent96_Depressive_Symptoms_Frequency .

You are a meticulous data analyst AI. Your primary function is to accurately analyze structured data and provide precise, verifiable answers.

You will be given a dataset with two key parts:

A 'questions' section: This is your data dictionary or schema. It is the single source of truth for understanding what each field and score means. Refer to it carefully.

A 'responses' section: This contains the raw data from each individual respondent.

To answer the question correctly, you must first use the 'questions' schema to fully understand the context and meaning of the data points within the 'responses'. Do not rely on any prior knowledge outside of this provided data. Base your entire analysis on the information given.

Provide your final answer directly and concisely. Output must be the human-readable value, not an option code.

Rules:
- For MCQ fields, map any letter codes in the Responses (case-insensitive) to the corresponding option text from the Questions schema, and output only that text. Do NOT include the letter or both.
  Example: If the schema is ""[MCQ: A. Abnormal B. Inconclusive C. Normal]"" and the response is ""a"", output ""Abnormal"".
- For open-ended fields, output the exact text value.
- If the question asks for a count, provide only the number (e.g., ""42"").
- If the question asks for a list of names or IDs, provide a simple comma-separated list (e.g., ""17, 21, 23"").
- Preserve capitalization exactly as in the schema (e.g., output ""Abnormal"", not ""abnormal"" or ""A"").

What is the laughter level for respondent 131?",,
case_26,answer_lookup,What is the happiness for respondent 14?,"@prefix : <http://example.org/survey#> .
@prefix pred: <http://example.org/predicate#> .
@prefix qg: <http://example.org/question_group#> .

# Questions
:QYear_of_birth pred:Text ""What is your date of birth? [Open-ended]"" .
:QGender pred:Text ""What is your gender? [MCQ: 1. Male 2. Female]"" .
:QSocio_economic_status pred:Text ""What is the socio-economic status of your home? [Likert 1–6: 1 = Very low, 6 = Very high]"" .
:QEthnic_identity pred:Text ""According to your culture, people, or physical features, you are or are recognized as: [MCQ: 1. Indigenous 2. Gypsy 3. Raizal from San Andres, Providencia and Santa Catalina Archipelago 4. Palenquero from San Basilio 5. Black, mulatto (Afro-descendant), Afro-Colombian 6. None of the above]"" .

:QGParental_Education pred:BaseQuestion ""How many years of education did your parents receive? [Open-ended]"" ;
    qg:hasSubQuestion :QParental_Education_Father, :QParental_Education_Mother .
:QParental_Education_Father pred:Text ""Father?"" .
:QParental_Education_Mother pred:Text ""Mother?"" .

:QLife_satisfaction pred:Text ""In general, how satisfied are you with all aspects of your life? [Likert 0–10: 0 = Not satisfied, 10 = Totally satisfied]"" .
:QHappiness pred:Text ""How happy did you feel yesterday? [Likert 0–10: 0 = At no time, 10 = All the time]"" .
:QLaughter pred:Text ""How much did you laugh yesterday? [Likert 0–10: 0 = At no time, 10 = All the time]"" .
:QLearning pred:Text ""Did you learn new or exciting things yesterday? [Likert 0–10: 0 = At no time, 10 = All the time]"" .
:QEnjoyment pred:Text ""How much did you enjoy the activities you did yesterday? [Likert 0–10: 0 = At no time, 10 = All the time]"" .
:QWorry pred:Text ""How worried did you feel yesterday? [Likert 0–10: 0 = At no time, 10 = All the time]"" .
:QDepression pred:Text ""How depressed did you feel yesterday? [Likert 0–10: 0 = At no time, 10 = All the time]"" .
:QAnger pred:Text ""How angry did you feel yesterday? [Likert 0–10: 0 = At no time, 10 = All the time]"" .
:QStress pred:Text ""How much stress did you feel yesterday? [Likert 0–10: 0 = At no time, 10 = All the time]"" .
:QLoneliness pred:Text ""How lonely or unsupported did you feel yesterday? [Likert 0–10: 0 = At no time, 10 = All the time]"" .

:QGEmotional_Regulation_Frequency pred:BaseQuestion ""Next, you will be asked questions about your emotional state. Please answer on a scale of 0 to 4, where 0 is never, 1 is 'almost never', 2 is 'sometimes', 3 is 'fairly often', and 4 is 'very often', how often you experienced the following feelings during the last month: [Likert 0–4]"" ;
    qg:hasSubQuestion :QEmotional_Regulation_Frequency_Upset_by_Unexpected_Events,
                      :QEmotional_Regulation_Frequency_Unable_to_Control_Important_Things,
                      :QEmotional_Regulation_Frequency_Nervous_and_Stressed,
                      :QEmotional_Regulation_Frequency_Lacked_Confidence_Handling_Problems,
                      :QEmotional_Regulation_Frequency_Things_Going_Your_Way,
                      :QEmotional_Regulation_Frequency_Unable_to_Cope,
                      :QEmotional_Regulation_Frequency_Irritated_by_Life,
                      :QEmotional_Regulation_Frequency_On_Top_of_Things,
                      :QEmotional_Regulation_Frequency_Angered_by_Uncontrollable_Events,
                      :QEmotional_Regulation_Frequency_Felt_Overwhelmed .

:QEmotional_Regulation_Frequency_Upset_by_Unexpected_Events pred:Text ""how often have you been upset because of something that happened unexpectedly?"" .
:QEmotional_Regulation_Frequency_Unable_to_Control_Important_Things pred:Text ""how often have you felt that you were unable to control the important things in your life?"" .
:QEmotional_Regulation_Frequency_Nervous_and_Stressed pred:Text ""how often have you felt nervous and stressed?"" .
:QEmotional_Regulation_Frequency_Lacked_Confidence_Handling_Problems pred:Text ""how often have you felt confident about your ability to handle your personal problems?"" .
:QEmotional_Regulation_Frequency_Things_Going_Your_Way pred:Text ""how often have you felt that things were going your way?"" .
:QEmotional_Regulation_Frequency_Unable_to_Cope pred:Text ""how often have you found that you could not cope with all the things that you had to do?"" .
:QEmotional_Regulation_Frequency_Irritated_by_Life pred:Text ""how often have you been able to control irritations in your life?"" .
:QEmotional_Regulation_Frequency_On_Top_of_Things pred:Text ""how often have you felt that you were on top of things?"" .
:QEmotional_Regulation_Frequency_Angered_by_Uncontrollable_Events pred:Text ""how often have you been angered because of things that happened that were outside of your control?"" .
:QEmotional_Regulation_Frequency_Felt_Overwhelmed pred:Text ""how often have you felt difficulties were piling up so high that you could not overcome them?"" .

:QGAnxiety_Symptoms_Frequency pred:BaseQuestion ""Next, you will be asked questions about your emotional state. Please answer on a scale of 0 to 3, where 0 is 'Not at all', 1 is 'several days', 2 is 'more than half of the days', and 3 is 'Nearly every day'. Over the last two weeks, how often have you been bothered by the following problems? [Likert 0–3]"" ;
    qg:hasSubQuestion :QAnxiety_Symptoms_Frequency_Feeling_Nervous_or_On_Edge,
                      :QAnxiety_Symptoms_Frequency_Uncontrollable_Worrying,
                      :QAnxiety_Symptoms_Frequency_Excessive_Worry,
                      :QAnxiety_Symptoms_Frequency_Trouble_Relaxing,
                      :QAnxiety_Symptoms_Frequency_Restlessness,
                      :QAnxiety_Symptoms_Frequency_Irritability,
                      :QAnxiety_Symptoms_Frequency_Fear_Something_Awful_Might_Happen .

:QAnxiety_Symptoms_Frequency_Feeling_Nervous_or_On_Edge pred:Text ""Feeling nervous, anxious, or on edge"" .
:QAnxiety_Symptoms_Frequency_Uncontrollable_Worrying pred:Text ""Not being able to stop or control worrying"" .
:QAnxiety_Symptoms_Frequency_Excessive_Worry pred:Text ""Worrying too much about different things"" .
:QAnxiety_Symptoms_Frequency_Trouble_Relaxing pred:Text ""Trouble relaxing"" .
:QAnxiety_Symptoms_Frequency_Restlessness pred:Text ""Being so restless that it is hard to sit still"" .
:QAnxiety_Symptoms_Frequency_Irritability pred:Text ""Becoming easily annoyed or irritable"" .
:QAnxiety_Symptoms_Frequency_Fear_Something_Awful_Might_Happen pred:Text ""Feeling afraid, as if something awful might happen"" .

:QGDepressive_Symptoms_Frequency pred:BaseQuestion ""Next, you will be asked questions about your emotional state. Please answer on a scale of 0 to 3, where 0 is 'Not at all', 1 is 'several days', 2 is 'more than half of the days', and 3 is 'Nearly every day'. Over the last two weeks, how often have you been bothered by the following problems?"" ;
    qg:hasSubQuestion :QDepressive_Symptoms_Frequency_Anhedonia,
                      :QDepressive_Symptoms_Frequency_Depressed_Mood,
                      :QDepressive_Symptoms_Frequency_Sleep_Problems,
                      :QDepressive_Symptoms_Frequency_Fatigue,
                      :QDepressive_Symptoms_Frequency_Appetite_Changes,
                      :QDepressive_Symptoms_Frequency_Feelings_of_Worthlessness,
                      :QDepressive_Symptoms_Frequency_Concentration_Difficulties,
                      :QDepressive_Symptoms_Frequency_Psychomotor_Changes,
                      :QDepressive_Symptoms_Frequency_Suicidal_Thoughts .

:QDepressive_Symptoms_Frequency_Anhedonia pred:Text ""Little interest or pleasure in doing things"" .
:QDepressive_Symptoms_Frequency_Depressed_Mood pred:Text ""Feeling down, depressed, or hopeless"" .
:QDepressive_Symptoms_Frequency_Sleep_Problems pred:Text ""Trouble falling or staying asleep, or sleeping too much"" .
:QDepressive_Symptoms_Frequency_Fatigue pred:Text ""Feeling tired or having little energy"" .
:QDepressive_Symptoms_Frequency_Appetite_Changes pred:Text ""Poor appetite or overeating"" .
:QDepressive_Symptoms_Frequency_Feelings_of_Worthlessness pred:Text ""Feeling bad about yourself or that you are a failure or have let yourself or your family down"" .
:QDepressive_Symptoms_Frequency_Concentration_Difficulties pred:Text ""Trouble concentrating on things, such as reading the newspaper or watching television"" .
:QDepressive_Symptoms_Frequency_Psychomotor_Changes pred:Text ""Moving or speaking so slowly that other people could have noticed. Or the opposite — being so fidgety or restless that you have been moving around a lot more than usual"" .
:QDepressive_Symptoms_Frequency_Suicidal_Thoughts pred:Text ""Thoughts that you would be better off dead, or of hurting yourself"" .

# Responses
:Respondent14 pred:Year_of_birth 2005.0 ;
     pred:Gender 1.0 ;
     pred:Socio_economic_status 5.0 ;
     pred:Ethnic_identity 6.0 .

:Respondent14 pred:Life_satisfaction 8.0 ;
     pred:Happiness 6.0 ;
     pred:Laughter 6.0 ;
     pred:Learning 8.0 ;
     pred:Enjoyment 4.0 ;
     pred:Worry 0.0 ;
     pred:Depression 0.0 ;
     pred:Anger 2.0 ;
     pred:Stress 2.0 ;
     pred:Loneliness 0.0 .

:Respondent14_Emotional_Regulation_Frequency
                                   pred:Upset_by_Unexpected_Events 2.0 ;
                                   pred:Unable_to_Control_Important_Things 1.0 ;
                                   pred:Lacked_Confidence_Handling_Problems 3.0 ;
                                   pred:Unable_to_Cope 1.0 ;
                                   pred:Irritated_by_Life 3.0 ;
                                   pred:On_Top_of_Things 2.0 .
:Respondent14 pred:hasGroupResponse :Respondent14_Emotional_Regulation_Frequency .

:Respondent14_Anxiety_Symptoms_Frequency
                               pred:Feeling_Nervous_or_On_Edge 0.0 ;
                               pred:Trouble_Relaxing 0.0 ;
                               pred:Restlessness 0.0 ;
                               pred:Irritability 1.0 ;
                               pred:Fear_Something_Awful_Might_Happen 1.0 .
:Respondent14 pred:hasGroupResponse :Respondent14_Anxiety_Symptoms_Frequency .

:Respondent14_Depressive_Symptoms_Frequency
                                  pred:Anhedonia 0.0 ;
                                  pred:Sleep_Problems 1.0 ;
                                  pred:Fatigue 0.0 ;
                                  pred:Appetite_Changes 0.0 ;
                                  pred:Feelings_of_Worthlessness 1.0 ;
                                  pred:Concentration_Difficulties 3.0 ;
                                  pred:Suicidal_Thoughts 0.0 .
:Respondent14 pred:hasGroupResponse :Respondent14_Depressive_Symptoms_Frequency .

:Respondent85 pred:Year_of_birth 2004.0 ;
     pred:Gender 2.0 ;
     pred:Socio_economic_status 3.0 ;
     pred:Ethnic_identity 6.0 .

:Respondent85_Parental_Education
                       pred:Father 18.0 .
:Respondent85 pred:hasGroupResponse :Respondent85_Parental_Education .

:Respondent85 pred:Life_satisfaction 5.0 ;
     pred:Happiness 6.0 ;
     pred:Laughter 6.0 ;
     pred:Learning 8.0 ;
     pred:Enjoyment 5.0 ;
     pred:Worry 1.0 ;
     pred:Depression 1.0 ;
     pred:Anger 2.0 ;
     pred:Stress 4.0 ;
     pred:Loneliness 1.0 .

:Respondent85_Emotional_Regulation_Frequency
                                   pred:Upset_by_Unexpected_Events 2.0 ;
                                   pred:Unable_to_Control_Important_Things 3.0 ;
                                   pred:Lacked_Confidence_Handling_Problems 2.0 ;
                                   pred:Unable_to_Cope 3.0 ;
                                   pred:Irritated_by_Life 3.0 ;
                                   pred:On_Top_of_Things 2.0 .
:Respondent85 pred:hasGroupResponse :Respondent85_Emotional_Regulation_Frequency .

:Respondent85_Anxiety_Symptoms_Frequency
                               pred:Feeling_Nervous_or_On_Edge 1.0 ;
                               pred:Trouble_Relaxing 1.0 ;
                               pred:Restlessness 0.0 ;
                               pred:Irritability 1.0 ;
                               pred:Fear_Something_Awful_Might_Happen 1.0 .
:Respondent85 pred:hasGroupResponse :Respondent85_Anxiety_Symptoms_Frequency .

:Respondent85_Depressive_Symptoms_Frequency
                                  pred:Anhedonia 2.0 ;
                                  pred:Sleep_Problems 2.0 ;
                                  pred:Fatigue 3.0 ;
                                  pred:Appetite_Changes 3.0 ;
                                  pred:Feelings_of_Worthlessness 1.0 ;
                                  pred:Concentration_Difficulties 1.0 ;
                                  pred:Suicidal_Thoughts 0.0 .
:Respondent85 pred:hasGroupResponse :Respondent85_Depressive_Symptoms_Frequency .

:Respondent124 pred:Year_of_birth 2001.0 ;
     pred:Gender 1.0 ;
     pred:Socio_economic_status 1.0 ;
     pred:Ethnic_identity 6.0 .

:Respondent124_Parental_Education
                       pred:Father 7.0 ;
                       pred:Mother 6.0 .
:Respondent124 pred:hasGroupResponse :Respondent124_Parental_Education .

:Respondent124 pred:Life_satisfaction 6.0 ;
     pred:Happiness 5.0 ;
     pred:Laughter 6.0 ;
     pred:Learning 4.0 ;
     pred:Enjoyment 6.0 ;
     pred:Worry 1.0 ;
     pred:Depression 1.0 ;
     pred:Anger 3.0 ;
     pred:Stress 3.0 ;
     pred:Loneliness 7.0 .

:Respondent124_Emotional_Regulation_Frequency
                                   pred:Upset_by_Unexpected_Events 3.0 ;
                                   pred:Unable_to_Control_Important_Things 3.0 ;
                                   pred:Lacked_Confidence_Handling_Problems 2.0 ;
                                   pred:Unable_to_Cope 2.0 ;
                                   pred:Irritated_by_Life 2.0 ;
                                   pred:On_Top_of_Things 2.0 .
:Respondent124 pred:hasGroupResponse :Respondent124_Emotional_Regulation_Frequency .

:Respondent124_Anxiety_Symptoms_Frequency
                               pred:Feeling_Nervous_or_On_Edge 1.0 ;
                               pred:Trouble_Relaxing 1.0 ;
                               pred:Restlessness 0.0 ;
                               pred:Irritability 1.0 ;
                               pred:Fear_Something_Awful_Might_Happen 0.0 .
:Respondent124 pred:hasGroupResponse :Respondent124_Anxiety_Symptoms_Frequency .

:Respondent124_Depressive_Symptoms_Frequency
                                  pred:Anhedonia 1.0 ;
                                  pred:Sleep_Problems 0.0 ;
                                  pred:Fatigue 1.0 ;
                                  pred:Appetite_Changes 0.0 ;
                                  pred:Feelings_of_Worthlessness 2.0 ;
                                  pred:Concentration_Difficulties 2.0 ;
                                  pred:Suicidal_Thoughts 1.0 .
:Respondent124 pred:hasGroupResponse :Respondent124_Depressive_Symptoms_Frequency .
",6.0,"For respondent 129, what is the value for 'Appetite Changes' in the 'Depressive Symptoms Frequency' category?

DATA:

@prefix : <http://example.org/survey#> .
@prefix pred: <http://example.org/predicate#> .
@prefix qg: <http://example.org/question_group#> .

# Questions
:QYear_of_birth pred:Text ""What is your date of birth? [Open-ended]"" .
:QGender pred:Text ""What is your gender? [MCQ: 1. Male 2. Female]"" .
:QSocio_economic_status pred:Text ""What is the socio-economic status of your home? [Likert 1–6: 1 = Very low, 6 = Very high]"" .
:QEthnic_identity pred:Text ""According to your culture, people, or physical features, you are or are recognized as: [MCQ: 1. Indigenous 2. Gypsy 3. Raizal from San Andres, Providencia and Santa Catalina Archipelago 4. Palenquero from San Basilio 5. Black, mulatto (Afro-descendant), Afro-Colombian 6. None of the above]"" .

:QGParental_Education pred:BaseQuestion ""How many years of education did your parents receive? [Open-ended]"" ;
    qg:hasSubQuestion :QParental_Education_Father, :QParental_Education_Mother .
:QParental_Education_Father pred:Text ""Father?"" .
:QParental_Education_Mother pred:Text ""Mother?"" .

:QLife_satisfaction pred:Text ""In general, how satisfied are you with all aspects of your life? [Likert 0–10: 0 = Not satisfied, 10 = Totally satisfied]"" .
:QHappiness pred:Text ""How happy did you feel yesterday? [Likert 0–10: 0 = At no time, 10 = All the time]"" .
:QLaughter pred:Text ""How much did you laugh yesterday? [Likert 0–10: 0 = At no time, 10 = All the time]"" .
:QLearning pred:Text ""Did you learn new or exciting things yesterday? [Likert 0–10: 0 = At no time, 10 = All the time]"" .
:QEnjoyment pred:Text ""How much did you enjoy the activities you did yesterday? [Likert 0–10: 0 = At no time, 10 = All the time]"" .
:QWorry pred:Text ""How worried did you feel yesterday? [Likert 0–10: 0 = At no time, 10 = All the time]"" .
:QDepression pred:Text ""How depressed did you feel yesterday? [Likert 0–10: 0 = At no time, 10 = All the time]"" .
:QAnger pred:Text ""How angry did you feel yesterday? [Likert 0–10: 0 = At no time, 10 = All the time]"" .
:QStress pred:Text ""How much stress did you feel yesterday? [Likert 0–10: 0 = At no time, 10 = All the time]"" .
:QLoneliness pred:Text ""How lonely or unsupported did you feel yesterday? [Likert 0–10: 0 = At no time, 10 = All the time]"" .

:QGEmotional_Regulation_Frequency pred:BaseQuestion ""Next, you will be asked questions about your emotional state. Please answer on a scale of 0 to 4, where 0 is never, 1 is 'almost never', 2 is 'sometimes', 3 is 'fairly often', and 4 is 'very often', how often you experienced the following feelings during the last month: [Likert 0–4]"" ;
    qg:hasSubQuestion :QEmotional_Regulation_Frequency_Upset_by_Unexpected_Events,
                      :QEmotional_Regulation_Frequency_Unable_to_Control_Important_Things,
                      :QEmotional_Regulation_Frequency_Nervous_and_Stressed,
                      :QEmotional_Regulation_Frequency_Lacked_Confidence_Handling_Problems,
                      :QEmotional_Regulation_Frequency_Things_Going_Your_Way,
                      :QEmotional_Regulation_Frequency_Unable_to_Cope,
                      :QEmotional_Regulation_Frequency_Irritated_by_Life,
                      :QEmotional_Regulation_Frequency_On_Top_of_Things,
                      :QEmotional_Regulation_Frequency_Angered_by_Uncontrollable_Events,
                      :QEmotional_Regulation_Frequency_Felt_Overwhelmed .

:QEmotional_Regulation_Frequency_Upset_by_Unexpected_Events pred:Text ""how often have you been upset because of something that happened unexpectedly?"" .
:QEmotional_Regulation_Frequency_Unable_to_Control_Important_Things pred:Text ""how often have you felt that you were unable to control the important things in your life?"" .
:QEmotional_Regulation_Frequency_Nervous_and_Stressed pred:Text ""how often have you felt nervous and stressed?"" .
:QEmotional_Regulation_Frequency_Lacked_Confidence_Handling_Problems pred:Text ""how often have you felt confident about your ability to handle your personal problems?"" .
:QEmotional_Regulation_Frequency_Things_Going_Your_Way pred:Text ""how often have you felt that things were going your way?"" .
:QEmotional_Regulation_Frequency_Unable_to_Cope pred:Text ""how often have you found that you could not cope with all the things that you had to do?"" .
:QEmotional_Regulation_Frequency_Irritated_by_Life pred:Text ""how often have you been able to control irritations in your life?"" .
:QEmotional_Regulation_Frequency_On_Top_of_Things pred:Text ""how often have you felt that you were on top of things?"" .
:QEmotional_Regulation_Frequency_Angered_by_Uncontrollable_Events pred:Text ""how often have you been angered because of things that happened that were outside of your control?"" .
:QEmotional_Regulation_Frequency_Felt_Overwhelmed pred:Text ""how often have you felt difficulties were piling up so high that you could not overcome them?"" .

:QGAnxiety_Symptoms_Frequency pred:BaseQuestion ""Next, you will be asked questions about your emotional state. Please answer on a scale of 0 to 3, where 0 is 'Not at all', 1 is 'several days', 2 is 'more than half of the days', and 3 is 'Nearly every day'. Over the last two weeks, how often have you been bothered by the following problems? [Likert 0–3]"" ;
    qg:hasSubQuestion :QAnxiety_Symptoms_Frequency_Feeling_Nervous_or_On_Edge,
                      :QAnxiety_Symptoms_Frequency_Uncontrollable_Worrying,
                      :QAnxiety_Symptoms_Frequency_Excessive_Worry,
                      :QAnxiety_Symptoms_Frequency_Trouble_Relaxing,
                      :QAnxiety_Symptoms_Frequency_Restlessness,
                      :QAnxiety_Symptoms_Frequency_Irritability,
                      :QAnxiety_Symptoms_Frequency_Fear_Something_Awful_Might_Happen .

:QAnxiety_Symptoms_Frequency_Feeling_Nervous_or_On_Edge pred:Text ""Feeling nervous, anxious, or on edge"" .
:QAnxiety_Symptoms_Frequency_Uncontrollable_Worrying pred:Text ""Not being able to stop or control worrying"" .
:QAnxiety_Symptoms_Frequency_Excessive_Worry pred:Text ""Worrying too much about different things"" .
:QAnxiety_Symptoms_Frequency_Trouble_Relaxing pred:Text ""Trouble relaxing"" .
:QAnxiety_Symptoms_Frequency_Restlessness pred:Text ""Being so restless that it is hard to sit still"" .
:QAnxiety_Symptoms_Frequency_Irritability pred:Text ""Becoming easily annoyed or irritable"" .
:QAnxiety_Symptoms_Frequency_Fear_Something_Awful_Might_Happen pred:Text ""Feeling afraid, as if something awful might happen"" .

:QGDepressive_Symptoms_Frequency pred:BaseQuestion ""Next, you will be asked questions about your emotional state. Please answer on a scale of 0 to 3, where 0 is 'Not at all', 1 is 'several days', 2 is 'more than half of the days', and 3 is 'Nearly every day'. Over the last two weeks, how often have you been bothered by the following problems?"" ;
    qg:hasSubQuestion :QDepressive_Symptoms_Frequency_Anhedonia,
                      :QDepressive_Symptoms_Frequency_Depressed_Mood,
                      :QDepressive_Symptoms_Frequency_Sleep_Problems,
                      :QDepressive_Symptoms_Frequency_Fatigue,
                      :QDepressive_Symptoms_Frequency_Appetite_Changes,
                      :QDepressive_Symptoms_Frequency_Feelings_of_Worthlessness,
                      :QDepressive_Symptoms_Frequency_Concentration_Difficulties,
                      :QDepressive_Symptoms_Frequency_Psychomotor_Changes,
                      :QDepressive_Symptoms_Frequency_Suicidal_Thoughts .

:QDepressive_Symptoms_Frequency_Anhedonia pred:Text ""Little interest or pleasure in doing things"" .
:QDepressive_Symptoms_Frequency_Depressed_Mood pred:Text ""Feeling down, depressed, or hopeless"" .
:QDepressive_Symptoms_Frequency_Sleep_Problems pred:Text ""Trouble falling or staying asleep, or sleeping too much"" .
:QDepressive_Symptoms_Frequency_Fatigue pred:Text ""Feeling tired or having little energy"" .
:QDepressive_Symptoms_Frequency_Appetite_Changes pred:Text ""Poor appetite or overeating"" .
:QDepressive_Symptoms_Frequency_Feelings_of_Worthlessness pred:Text ""Feeling bad about yourself or that you are a failure or have let yourself or your family down"" .
:QDepressive_Symptoms_Frequency_Concentration_Difficulties pred:Text ""Trouble concentrating on things, such as reading the newspaper or watching television"" .
:QDepressive_Symptoms_Frequency_Psychomotor_Changes pred:Text ""Moving or speaking so slowly that other people could have noticed. Or the opposite — being so fidgety or restless that you have been moving around a lot more than usual"" .
:QDepressive_Symptoms_Frequency_Suicidal_Thoughts pred:Text ""Thoughts that you would be better off dead, or of hurting yourself"" .

# Responses
:Respondent73 pred:Year_of_birth 2005.0 ;
     pred:Gender 2.0 ;
     pred:Socio_economic_status 2.0 ;
     pred:Ethnic_identity 6.0 .

:Respondent73_Parental_Education
                       pred:Father 25.0 ;
                       pred:Mother 15.0 .
:Respondent73 pred:hasGroupResponse :Respondent73_Parental_Education .

:Respondent73 pred:Life_satisfaction 8.0 ;
     pred:Happiness 5.0 ;
     pred:Laughter 4.0 ;
     pred:Learning 5.0 ;
     pred:Enjoyment 5.0 ;
     pred:Worry 2.0 ;
     pred:Depression 1.0 ;
     pred:Anger 2.0 ;
     pred:Stress 4.0 ;
     pred:Loneliness 6.0 .

:Respondent73_Emotional_Regulation_Frequency
                                   pred:Upset_by_Unexpected_Events 2.0 ;
                                   pred:Unable_to_Control_Important_Things 2.0 ;
                                   pred:Lacked_Confidence_Handling_Problems 2.0 ;
                                   pred:Unable_to_Cope 2.0 ;
                                   pred:Irritated_by_Life 2.0 ;
                                   pred:On_Top_of_Things 2.0 .
:Respondent73 pred:hasGroupResponse :Respondent73_Emotional_Regulation_Frequency .

:Respondent73_Anxiety_Symptoms_Frequency
                               pred:Feeling_Nervous_or_On_Edge 2.0 ;
                               pred:Trouble_Relaxing 1.0 ;
                               pred:Restlessness 1.0 ;
                               pred:Irritability 2.0 ;
                               pred:Fear_Something_Awful_Might_Happen 2.0 .
:Respondent73 pred:hasGroupResponse :Respondent73_Anxiety_Symptoms_Frequency .

:Respondent73_Depressive_Symptoms_Frequency
                                  pred:Anhedonia 1.0 ;
                                  pred:Sleep_Problems 2.0 ;
                                  pred:Fatigue 1.0 ;
                                  pred:Appetite_Changes 1.0 ;
                                  pred:Feelings_of_Worthlessness 1.0 ;
                                  pred:Concentration_Difficulties 1.0 ;
                                  pred:Suicidal_Thoughts 0.0 .
:Respondent73 pred:hasGroupResponse :Respondent73_Depressive_Symptoms_Frequency .

:Respondent85 pred:Year_of_birth 2004.0 ;
     pred:Gender 2.0 ;
     pred:Socio_economic_status 3.0 ;
     pred:Ethnic_identity 6.0 .

:Respondent85_Parental_Education
                       pred:Father 18.0 .
:Respondent85 pred:hasGroupResponse :Respondent85_Parental_Education .

:Respondent85 pred:Life_satisfaction 5.0 ;
     pred:Happiness 6.0 ;
     pred:Laughter 6.0 ;
     pred:Learning 8.0 ;
     pred:Enjoyment 5.0 ;
     pred:Worry 1.0 ;
     pred:Depression 1.0 ;
     pred:Anger 2.0 ;
     pred:Stress 4.0 ;
     pred:Loneliness 1.0 .

:Respondent85_Emotional_Regulation_Frequency
                                   pred:Upset_by_Unexpected_Events 2.0 ;
                                   pred:Unable_to_Control_Important_Things 3.0 ;
                                   pred:Lacked_Confidence_Handling_Problems 2.0 ;
                                   pred:Unable_to_Cope 3.0 ;
                                   pred:Irritated_by_Life 3.0 ;
                                   pred:On_Top_of_Things 2.0 .
:Respondent85 pred:hasGroupResponse :Respondent85_Emotional_Regulation_Frequency .

:Respondent85_Anxiety_Symptoms_Frequency
                               pred:Feeling_Nervous_or_On_Edge 1.0 ;
                               pred:Trouble_Relaxing 1.0 ;
                               pred:Restlessness 0.0 ;
                               pred:Irritability 1.0 ;
                               pred:Fear_Something_Awful_Might_Happen 1.0 .
:Respondent85 pred:hasGroupResponse :Respondent85_Anxiety_Symptoms_Frequency .

:Respondent85_Depressive_Symptoms_Frequency
                                  pred:Anhedonia 2.0 ;
                                  pred:Sleep_Problems 2.0 ;
                                  pred:Fatigue 3.0 ;
                                  pred:Appetite_Changes 3.0 ;
                                  pred:Feelings_of_Worthlessness 1.0 ;
                                  pred:Concentration_Difficulties 1.0 ;
                                  pred:Suicidal_Thoughts 0.0 .
:Respondent85 pred:hasGroupResponse :Respondent85_Depressive_Symptoms_Frequency .

:Respondent129 pred:Year_of_birth 2001.0 ;
     pred:Gender 2.0 ;
     pred:Socio_economic_status 3.0 ;
     pred:Ethnic_identity 6.0 .

:Respondent129_Parental_Education
                       pred:Father 13.0 ;
                       pred:Mother 13.0 .
:Respondent129 pred:hasGroupResponse :Respondent129_Parental_Education .

:Respondent129 pred:Life_satisfaction 8.0 ;
     pred:Happiness 9.0 ;
     pred:Laughter 6.0 ;
     pred:Learning 5.0 ;
     pred:Enjoyment 6.0 ;
     pred:Worry 1.0 ;
     pred:Depression 1.0 ;
     pred:Anger 1.0 ;
     pred:Stress 3.0 ;
     pred:Loneliness 0.0 .

:Respondent129_Emotional_Regulation_Frequency
                                   pred:Upset_by_Unexpected_Events 1.0 ;
                                   pred:Unable_to_Control_Important_Things 1.0 ;
                                   pred:Lacked_Confidence_Handling_Problems 3.0 ;
                                   pred:Unable_to_Cope 2.0 ;
                                   pred:Irritated_by_Life 3.0 ;
                                   pred:On_Top_of_Things 2.0 .
:Respondent129 pred:hasGroupResponse :Respondent129_Emotional_Regulation_Frequency .

:Respondent129_Anxiety_Symptoms_Frequency
                               pred:Feeling_Nervous_or_On_Edge 1.0 ;
                               pred:Trouble_Relaxing 1.0 ;
                               pred:Restlessness 0.0 ;
                               pred:Irritability 0.0 ;
                               pred:Fear_Something_Awful_Might_Happen 0.0 .
:Respondent129 pred:hasGroupResponse :Respondent129_Anxiety_Symptoms_Frequency .

:Respondent129_Depressive_Symptoms_Frequency
                                  pred:Anhedonia 1.0 ;
                                  pred:Sleep_Problems 1.0 ;
                                  pred:Fatigue 2.0 ;
                                  pred:Appetite_Changes 2.0 ;
                                  pred:Feelings_of_Worthlessness 0.0 ;
                                  pred:Concentration_Difficulties 2.0 ;
                                  pred:Suicidal_Thoughts 0.0 .
:Respondent129 pred:hasGroupResponse :Respondent129_Depressive_Symptoms_Frequency .

Answer: 2.0

@prefix : <http://example.org/survey#> .
@prefix pred: <http://example.org/predicate#> .
@prefix qg: <http://example.org/question_group#> .

# Questions
:QYear_of_birth pred:Text ""What is your date of birth? [Open-ended]"" .
:QGender pred:Text ""What is your gender? [MCQ: 1. Male 2. Female]"" .
:QSocio_economic_status pred:Text ""What is the socio-economic status of your home? [Likert 1–6: 1 = Very low, 6 = Very high]"" .
:QEthnic_identity pred:Text ""According to your culture, people, or physical features, you are or are recognized as: [MCQ: 1. Indigenous 2. Gypsy 3. Raizal from San Andres, Providencia and Santa Catalina Archipelago 4. Palenquero from San Basilio 5. Black, mulatto (Afro-descendant), Afro-Colombian 6. None of the above]"" .

:QGParental_Education pred:BaseQuestion ""How many years of education did your parents receive? [Open-ended]"" ;
    qg:hasSubQuestion :QParental_Education_Father, :QParental_Education_Mother .
:QParental_Education_Father pred:Text ""Father?"" .
:QParental_Education_Mother pred:Text ""Mother?"" .

:QLife_satisfaction pred:Text ""In general, how satisfied are you with all aspects of your life? [Likert 0–10: 0 = Not satisfied, 10 = Totally satisfied]"" .
:QHappiness pred:Text ""How happy did you feel yesterday? [Likert 0–10: 0 = At no time, 10 = All the time]"" .
:QLaughter pred:Text ""How much did you laugh yesterday? [Likert 0–10: 0 = At no time, 10 = All the time]"" .
:QLearning pred:Text ""Did you learn new or exciting things yesterday? [Likert 0–10: 0 = At no time, 10 = All the time]"" .
:QEnjoyment pred:Text ""How much did you enjoy the activities you did yesterday? [Likert 0–10: 0 = At no time, 10 = All the time]"" .
:QWorry pred:Text ""How worried did you feel yesterday? [Likert 0–10: 0 = At no time, 10 = All the time]"" .
:QDepression pred:Text ""How depressed did you feel yesterday? [Likert 0–10: 0 = At no time, 10 = All the time]"" .
:QAnger pred:Text ""How angry did you feel yesterday? [Likert 0–10: 0 = At no time, 10 = All the time]"" .
:QStress pred:Text ""How much stress did you feel yesterday? [Likert 0–10: 0 = At no time, 10 = All the time]"" .
:QLoneliness pred:Text ""How lonely or unsupported did you feel yesterday? [Likert 0–10: 0 = At no time, 10 = All the time]"" .

:QGEmotional_Regulation_Frequency pred:BaseQuestion ""Next, you will be asked questions about your emotional state. Please answer on a scale of 0 to 4, where 0 is never, 1 is 'almost never', 2 is 'sometimes', 3 is 'fairly often', and 4 is 'very often', how often you experienced the following feelings during the last month: [Likert 0–4]"" ;
    qg:hasSubQuestion :QEmotional_Regulation_Frequency_Upset_by_Unexpected_Events,
                      :QEmotional_Regulation_Frequency_Unable_to_Control_Important_Things,
                      :QEmotional_Regulation_Frequency_Nervous_and_Stressed,
                      :QEmotional_Regulation_Frequency_Lacked_Confidence_Handling_Problems,
                      :QEmotional_Regulation_Frequency_Things_Going_Your_Way,
                      :QEmotional_Regulation_Frequency_Unable_to_Cope,
                      :QEmotional_Regulation_Frequency_Irritated_by_Life,
                      :QEmotional_Regulation_Frequency_On_Top_of_Things,
                      :QEmotional_Regulation_Frequency_Angered_by_Uncontrollable_Events,
                      :QEmotional_Regulation_Frequency_Felt_Overwhelmed .

:QEmotional_Regulation_Frequency_Upset_by_Unexpected_Events pred:Text ""how often have you been upset because of something that happened unexpectedly?"" .
:QEmotional_Regulation_Frequency_Unable_to_Control_Important_Things pred:Text ""how often have you felt that you were unable to control the important things in your life?"" .
:QEmotional_Regulation_Frequency_Nervous_and_Stressed pred:Text ""how often have you felt nervous and stressed?"" .
:QEmotional_Regulation_Frequency_Lacked_Confidence_Handling_Problems pred:Text ""how often have you felt confident about your ability to handle your personal problems?"" .
:QEmotional_Regulation_Frequency_Things_Going_Your_Way pred:Text ""how often have you felt that things were going your way?"" .
:QEmotional_Regulation_Frequency_Unable_to_Cope pred:Text ""how often have you found that you could not cope with all the things that you had to do?"" .
:QEmotional_Regulation_Frequency_Irritated_by_Life pred:Text ""how often have you been able to control irritations in your life?"" .
:QEmotional_Regulation_Frequency_On_Top_of_Things pred:Text ""how often have you felt that you were on top of things?"" .
:QEmotional_Regulation_Frequency_Angered_by_Uncontrollable_Events pred:Text ""how often have you been angered because of things that happened that were outside of your control?"" .
:QEmotional_Regulation_Frequency_Felt_Overwhelmed pred:Text ""how often have you felt difficulties were piling up so high that you could not overcome them?"" .

:QGAnxiety_Symptoms_Frequency pred:BaseQuestion ""Next, you will be asked questions about your emotional state. Please answer on a scale of 0 to 3, where 0 is 'Not at all', 1 is 'several days', 2 is 'more than half of the days', and 3 is 'Nearly every day'. Over the last two weeks, how often have you been bothered by the following problems? [Likert 0–3]"" ;
    qg:hasSubQuestion :QAnxiety_Symptoms_Frequency_Feeling_Nervous_or_On_Edge,
                      :QAnxiety_Symptoms_Frequency_Uncontrollable_Worrying,
                      :QAnxiety_Symptoms_Frequency_Excessive_Worry,
                      :QAnxiety_Symptoms_Frequency_Trouble_Relaxing,
                      :QAnxiety_Symptoms_Frequency_Restlessness,
                      :QAnxiety_Symptoms_Frequency_Irritability,
                      :QAnxiety_Symptoms_Frequency_Fear_Something_Awful_Might_Happen .

:QAnxiety_Symptoms_Frequency_Feeling_Nervous_or_On_Edge pred:Text ""Feeling nervous, anxious, or on edge"" .
:QAnxiety_Symptoms_Frequency_Uncontrollable_Worrying pred:Text ""Not being able to stop or control worrying"" .
:QAnxiety_Symptoms_Frequency_Excessive_Worry pred:Text ""Worrying too much about different things"" .
:QAnxiety_Symptoms_Frequency_Trouble_Relaxing pred:Text ""Trouble relaxing"" .
:QAnxiety_Symptoms_Frequency_Restlessness pred:Text ""Being so restless that it is hard to sit still"" .
:QAnxiety_Symptoms_Frequency_Irritability pred:Text ""Becoming easily annoyed or irritable"" .
:QAnxiety_Symptoms_Frequency_Fear_Something_Awful_Might_Happen pred:Text ""Feeling afraid, as if something awful might happen"" .

:QGDepressive_Symptoms_Frequency pred:BaseQuestion ""Next, you will be asked questions about your emotional state. Please answer on a scale of 0 to 3, where 0 is 'Not at all', 1 is 'several days', 2 is 'more than half of the days', and 3 is 'Nearly every day'. Over the last two weeks, how often have you been bothered by the following problems?"" ;
    qg:hasSubQuestion :QDepressive_Symptoms_Frequency_Anhedonia,
                      :QDepressive_Symptoms_Frequency_Depressed_Mood,
                      :QDepressive_Symptoms_Frequency_Sleep_Problems,
                      :QDepressive_Symptoms_Frequency_Fatigue,
                      :QDepressive_Symptoms_Frequency_Appetite_Changes,
                      :QDepressive_Symptoms_Frequency_Feelings_of_Worthlessness,
                      :QDepressive_Symptoms_Frequency_Concentration_Difficulties,
                      :QDepressive_Symptoms_Frequency_Psychomotor_Changes,
                      :QDepressive_Symptoms_Frequency_Suicidal_Thoughts .

:QDepressive_Symptoms_Frequency_Anhedonia pred:Text ""Little interest or pleasure in doing things"" .
:QDepressive_Symptoms_Frequency_Depressed_Mood pred:Text ""Feeling down, depressed, or hopeless"" .
:QDepressive_Symptoms_Frequency_Sleep_Problems pred:Text ""Trouble falling or staying asleep, or sleeping too much"" .
:QDepressive_Symptoms_Frequency_Fatigue pred:Text ""Feeling tired or having little energy"" .
:QDepressive_Symptoms_Frequency_Appetite_Changes pred:Text ""Poor appetite or overeating"" .
:QDepressive_Symptoms_Frequency_Feelings_of_Worthlessness pred:Text ""Feeling bad about yourself or that you are a failure or have let yourself or your family down"" .
:QDepressive_Symptoms_Frequency_Concentration_Difficulties pred:Text ""Trouble concentrating on things, such as reading the newspaper or watching television"" .
:QDepressive_Symptoms_Frequency_Psychomotor_Changes pred:Text ""Moving or speaking so slowly that other people could have noticed. Or the opposite — being so fidgety or restless that you have been moving around a lot more than usual"" .
:QDepressive_Symptoms_Frequency_Suicidal_Thoughts pred:Text ""Thoughts that you would be better off dead, or of hurting yourself"" .

# Responses
:Respondent14 pred:Year_of_birth 2005.0 ;
     pred:Gender 1.0 ;
     pred:Socio_economic_status 5.0 ;
     pred:Ethnic_identity 6.0 .

:Respondent14 pred:Life_satisfaction 8.0 ;
     pred:Happiness 6.0 ;
     pred:Laughter 6.0 ;
     pred:Learning 8.0 ;
     pred:Enjoyment 4.0 ;
     pred:Worry 0.0 ;
     pred:Depression 0.0 ;
     pred:Anger 2.0 ;
     pred:Stress 2.0 ;
     pred:Loneliness 0.0 .

:Respondent14_Emotional_Regulation_Frequency
                                   pred:Upset_by_Unexpected_Events 2.0 ;
                                   pred:Unable_to_Control_Important_Things 1.0 ;
                                   pred:Lacked_Confidence_Handling_Problems 3.0 ;
                                   pred:Unable_to_Cope 1.0 ;
                                   pred:Irritated_by_Life 3.0 ;
                                   pred:On_Top_of_Things 2.0 .
:Respondent14 pred:hasGroupResponse :Respondent14_Emotional_Regulation_Frequency .

:Respondent14_Anxiety_Symptoms_Frequency
                               pred:Feeling_Nervous_or_On_Edge 0.0 ;
                               pred:Trouble_Relaxing 0.0 ;
                               pred:Restlessness 0.0 ;
                               pred:Irritability 1.0 ;
                               pred:Fear_Something_Awful_Might_Happen 1.0 .
:Respondent14 pred:hasGroupResponse :Respondent14_Anxiety_Symptoms_Frequency .

:Respondent14_Depressive_Symptoms_Frequency
                                  pred:Anhedonia 0.0 ;
                                  pred:Sleep_Problems 1.0 ;
                                  pred:Fatigue 0.0 ;
                                  pred:Appetite_Changes 0.0 ;
                                  pred:Feelings_of_Worthlessness 1.0 ;
                                  pred:Concentration_Difficulties 3.0 ;
                                  pred:Suicidal_Thoughts 0.0 .
:Respondent14 pred:hasGroupResponse :Respondent14_Depressive_Symptoms_Frequency .

:Respondent85 pred:Year_of_birth 2004.0 ;
     pred:Gender 2.0 ;
     pred:Socio_economic_status 3.0 ;
     pred:Ethnic_identity 6.0 .

:Respondent85_Parental_Education
                       pred:Father 18.0 .
:Respondent85 pred:hasGroupResponse :Respondent85_Parental_Education .

:Respondent85 pred:Life_satisfaction 5.0 ;
     pred:Happiness 6.0 ;
     pred:Laughter 6.0 ;
     pred:Learning 8.0 ;
     pred:Enjoyment 5.0 ;
     pred:Worry 1.0 ;
     pred:Depression 1.0 ;
     pred:Anger 2.0 ;
     pred:Stress 4.0 ;
     pred:Loneliness 1.0 .

:Respondent85_Emotional_Regulation_Frequency
                                   pred:Upset_by_Unexpected_Events 2.0 ;
                                   pred:Unable_to_Control_Important_Things 3.0 ;
                                   pred:Lacked_Confidence_Handling_Problems 2.0 ;
                                   pred:Unable_to_Cope 3.0 ;
                                   pred:Irritated_by_Life 3.0 ;
                                   pred:On_Top_of_Things 2.0 .
:Respondent85 pred:hasGroupResponse :Respondent85_Emotional_Regulation_Frequency .

:Respondent85_Anxiety_Symptoms_Frequency
                               pred:Feeling_Nervous_or_On_Edge 1.0 ;
                               pred:Trouble_Relaxing 1.0 ;
                               pred:Restlessness 0.0 ;
                               pred:Irritability 1.0 ;
                               pred:Fear_Something_Awful_Might_Happen 1.0 .
:Respondent85 pred:hasGroupResponse :Respondent85_Anxiety_Symptoms_Frequency .

:Respondent85_Depressive_Symptoms_Frequency
                                  pred:Anhedonia 2.0 ;
                                  pred:Sleep_Problems 2.0 ;
                                  pred:Fatigue 3.0 ;
                                  pred:Appetite_Changes 3.0 ;
                                  pred:Feelings_of_Worthlessness 1.0 ;
                                  pred:Concentration_Difficulties 1.0 ;
                                  pred:Suicidal_Thoughts 0.0 .
:Respondent85 pred:hasGroupResponse :Respondent85_Depressive_Symptoms_Frequency .

:Respondent124 pred:Year_of_birth 2001.0 ;
     pred:Gender 1.0 ;
     pred:Socio_economic_status 1.0 ;
     pred:Ethnic_identity 6.0 .

:Respondent124_Parental_Education
                       pred:Father 7.0 ;
                       pred:Mother 6.0 .
:Respondent124 pred:hasGroupResponse :Respondent124_Parental_Education .

:Respondent124 pred:Life_satisfaction 6.0 ;
     pred:Happiness 5.0 ;
     pred:Laughter 6.0 ;
     pred:Learning 4.0 ;
     pred:Enjoyment 6.0 ;
     pred:Worry 1.0 ;
     pred:Depression 1.0 ;
     pred:Anger 3.0 ;
     pred:Stress 3.0 ;
     pred:Loneliness 7.0 .

:Respondent124_Emotional_Regulation_Frequency
                                   pred:Upset_by_Unexpected_Events 3.0 ;
                                   pred:Unable_to_Control_Important_Things 3.0 ;
                                   pred:Lacked_Confidence_Handling_Problems 2.0 ;
                                   pred:Unable_to_Cope 2.0 ;
                                   pred:Irritated_by_Life 2.0 ;
                                   pred:On_Top_of_Things 2.0 .
:Respondent124 pred:hasGroupResponse :Respondent124_Emotional_Regulation_Frequency .

:Respondent124_Anxiety_Symptoms_Frequency
                               pred:Feeling_Nervous_or_On_Edge 1.0 ;
                               pred:Trouble_Relaxing 1.0 ;
                               pred:Restlessness 0.0 ;
                               pred:Irritability 1.0 ;
                               pred:Fear_Something_Awful_Might_Happen 0.0 .
:Respondent124 pred:hasGroupResponse :Respondent124_Anxiety_Symptoms_Frequency .

:Respondent124_Depressive_Symptoms_Frequency
                                  pred:Anhedonia 1.0 ;
                                  pred:Sleep_Problems 0.0 ;
                                  pred:Fatigue 1.0 ;
                                  pred:Appetite_Changes 0.0 ;
                                  pred:Feelings_of_Worthlessness 2.0 ;
                                  pred:Concentration_Difficulties 2.0 ;
                                  pred:Suicidal_Thoughts 1.0 .
:Respondent124 pred:hasGroupResponse :Respondent124_Depressive_Symptoms_Frequency .

You are a meticulous data analyst AI. Your primary function is to accurately analyze structured data and provide precise, verifiable answers.

You will be given a dataset with two key parts:

A 'questions' section: This is your data dictionary or schema. It is the single source of truth for understanding what each field and score means. Refer to it carefully.

A 'responses' section: This contains the raw data from each individual respondent.

To answer the question correctly, you must first use the 'questions' schema to fully understand the context and meaning of the data points within the 'responses'. Do not rely on any prior knowledge outside of this provided data. Base your entire analysis on the information given.

Provide your final answer directly and concisely. Output must be the human-readable value, not an option code.

Rules:
- For MCQ fields, map any letter codes in the Responses (case-insensitive) to the corresponding option text from the Questions schema, and output only that text. Do NOT include the letter or both.
  Example: If the schema is ""[MCQ: A. Abnormal B. Inconclusive C. Normal]"" and the response is ""a"", output ""Abnormal"".
- For open-ended fields, output the exact text value.
- If the question asks for a count, provide only the number (e.g., ""42"").
- If the question asks for a list of names or IDs, provide a simple comma-separated list (e.g., ""17, 21, 23"").
- Preserve capitalization exactly as in the schema (e.g., output ""Abnormal"", not ""abnormal"" or ""A"").

What is the happiness for respondent 14?",,
case_27,answer_lookup,What is the ethnic identity for respondent 140?,"@prefix : <http://example.org/survey#> .
@prefix pred: <http://example.org/predicate#> .
@prefix qg: <http://example.org/question_group#> .

# Questions
:QYear_of_birth pred:Text ""What is your date of birth? [Open-ended]"" .
:QGender pred:Text ""What is your gender? [MCQ: 1. Male 2. Female]"" .
:QSocio_economic_status pred:Text ""What is the socio-economic status of your home? [Likert 1–6: 1 = Very low, 6 = Very high]"" .
:QEthnic_identity pred:Text ""According to your culture, people, or physical features, you are or are recognized as: [MCQ: 1. Indigenous 2. Gypsy 3. Raizal from San Andres, Providencia and Santa Catalina Archipelago 4. Palenquero from San Basilio 5. Black, mulatto (Afro-descendant), Afro-Colombian 6. None of the above]"" .

:QGParental_Education pred:BaseQuestion ""How many years of education did your parents receive? [Open-ended]"" ;
    qg:hasSubQuestion :QParental_Education_Father, :QParental_Education_Mother .
:QParental_Education_Father pred:Text ""Father?"" .
:QParental_Education_Mother pred:Text ""Mother?"" .

:QLife_satisfaction pred:Text ""In general, how satisfied are you with all aspects of your life? [Likert 0–10: 0 = Not satisfied, 10 = Totally satisfied]"" .
:QHappiness pred:Text ""How happy did you feel yesterday? [Likert 0–10: 0 = At no time, 10 = All the time]"" .
:QLaughter pred:Text ""How much did you laugh yesterday? [Likert 0–10: 0 = At no time, 10 = All the time]"" .
:QLearning pred:Text ""Did you learn new or exciting things yesterday? [Likert 0–10: 0 = At no time, 10 = All the time]"" .
:QEnjoyment pred:Text ""How much did you enjoy the activities you did yesterday? [Likert 0–10: 0 = At no time, 10 = All the time]"" .
:QWorry pred:Text ""How worried did you feel yesterday? [Likert 0–10: 0 = At no time, 10 = All the time]"" .
:QDepression pred:Text ""How depressed did you feel yesterday? [Likert 0–10: 0 = At no time, 10 = All the time]"" .
:QAnger pred:Text ""How angry did you feel yesterday? [Likert 0–10: 0 = At no time, 10 = All the time]"" .
:QStress pred:Text ""How much stress did you feel yesterday? [Likert 0–10: 0 = At no time, 10 = All the time]"" .
:QLoneliness pred:Text ""How lonely or unsupported did you feel yesterday? [Likert 0–10: 0 = At no time, 10 = All the time]"" .

:QGEmotional_Regulation_Frequency pred:BaseQuestion ""Next, you will be asked questions about your emotional state. Please answer on a scale of 0 to 4, where 0 is never, 1 is 'almost never', 2 is 'sometimes', 3 is 'fairly often', and 4 is 'very often', how often you experienced the following feelings during the last month: [Likert 0–4]"" ;
    qg:hasSubQuestion :QEmotional_Regulation_Frequency_Upset_by_Unexpected_Events,
                      :QEmotional_Regulation_Frequency_Unable_to_Control_Important_Things,
                      :QEmotional_Regulation_Frequency_Nervous_and_Stressed,
                      :QEmotional_Regulation_Frequency_Lacked_Confidence_Handling_Problems,
                      :QEmotional_Regulation_Frequency_Things_Going_Your_Way,
                      :QEmotional_Regulation_Frequency_Unable_to_Cope,
                      :QEmotional_Regulation_Frequency_Irritated_by_Life,
                      :QEmotional_Regulation_Frequency_On_Top_of_Things,
                      :QEmotional_Regulation_Frequency_Angered_by_Uncontrollable_Events,
                      :QEmotional_Regulation_Frequency_Felt_Overwhelmed .

:QEmotional_Regulation_Frequency_Upset_by_Unexpected_Events pred:Text ""how often have you been upset because of something that happened unexpectedly?"" .
:QEmotional_Regulation_Frequency_Unable_to_Control_Important_Things pred:Text ""how often have you felt that you were unable to control the important things in your life?"" .
:QEmotional_Regulation_Frequency_Nervous_and_Stressed pred:Text ""how often have you felt nervous and stressed?"" .
:QEmotional_Regulation_Frequency_Lacked_Confidence_Handling_Problems pred:Text ""how often have you felt confident about your ability to handle your personal problems?"" .
:QEmotional_Regulation_Frequency_Things_Going_Your_Way pred:Text ""how often have you felt that things were going your way?"" .
:QEmotional_Regulation_Frequency_Unable_to_Cope pred:Text ""how often have you found that you could not cope with all the things that you had to do?"" .
:QEmotional_Regulation_Frequency_Irritated_by_Life pred:Text ""how often have you been able to control irritations in your life?"" .
:QEmotional_Regulation_Frequency_On_Top_of_Things pred:Text ""how often have you felt that you were on top of things?"" .
:QEmotional_Regulation_Frequency_Angered_by_Uncontrollable_Events pred:Text ""how often have you been angered because of things that happened that were outside of your control?"" .
:QEmotional_Regulation_Frequency_Felt_Overwhelmed pred:Text ""how often have you felt difficulties were piling up so high that you could not overcome them?"" .

:QGAnxiety_Symptoms_Frequency pred:BaseQuestion ""Next, you will be asked questions about your emotional state. Please answer on a scale of 0 to 3, where 0 is 'Not at all', 1 is 'several days', 2 is 'more than half of the days', and 3 is 'Nearly every day'. Over the last two weeks, how often have you been bothered by the following problems? [Likert 0–3]"" ;
    qg:hasSubQuestion :QAnxiety_Symptoms_Frequency_Feeling_Nervous_or_On_Edge,
                      :QAnxiety_Symptoms_Frequency_Uncontrollable_Worrying,
                      :QAnxiety_Symptoms_Frequency_Excessive_Worry,
                      :QAnxiety_Symptoms_Frequency_Trouble_Relaxing,
                      :QAnxiety_Symptoms_Frequency_Restlessness,
                      :QAnxiety_Symptoms_Frequency_Irritability,
                      :QAnxiety_Symptoms_Frequency_Fear_Something_Awful_Might_Happen .

:QAnxiety_Symptoms_Frequency_Feeling_Nervous_or_On_Edge pred:Text ""Feeling nervous, anxious, or on edge"" .
:QAnxiety_Symptoms_Frequency_Uncontrollable_Worrying pred:Text ""Not being able to stop or control worrying"" .
:QAnxiety_Symptoms_Frequency_Excessive_Worry pred:Text ""Worrying too much about different things"" .
:QAnxiety_Symptoms_Frequency_Trouble_Relaxing pred:Text ""Trouble relaxing"" .
:QAnxiety_Symptoms_Frequency_Restlessness pred:Text ""Being so restless that it is hard to sit still"" .
:QAnxiety_Symptoms_Frequency_Irritability pred:Text ""Becoming easily annoyed or irritable"" .
:QAnxiety_Symptoms_Frequency_Fear_Something_Awful_Might_Happen pred:Text ""Feeling afraid, as if something awful might happen"" .

:QGDepressive_Symptoms_Frequency pred:BaseQuestion ""Next, you will be asked questions about your emotional state. Please answer on a scale of 0 to 3, where 0 is 'Not at all', 1 is 'several days', 2 is 'more than half of the days', and 3 is 'Nearly every day'. Over the last two weeks, how often have you been bothered by the following problems?"" ;
    qg:hasSubQuestion :QDepressive_Symptoms_Frequency_Anhedonia,
                      :QDepressive_Symptoms_Frequency_Depressed_Mood,
                      :QDepressive_Symptoms_Frequency_Sleep_Problems,
                      :QDepressive_Symptoms_Frequency_Fatigue,
                      :QDepressive_Symptoms_Frequency_Appetite_Changes,
                      :QDepressive_Symptoms_Frequency_Feelings_of_Worthlessness,
                      :QDepressive_Symptoms_Frequency_Concentration_Difficulties,
                      :QDepressive_Symptoms_Frequency_Psychomotor_Changes,
                      :QDepressive_Symptoms_Frequency_Suicidal_Thoughts .

:QDepressive_Symptoms_Frequency_Anhedonia pred:Text ""Little interest or pleasure in doing things"" .
:QDepressive_Symptoms_Frequency_Depressed_Mood pred:Text ""Feeling down, depressed, or hopeless"" .
:QDepressive_Symptoms_Frequency_Sleep_Problems pred:Text ""Trouble falling or staying asleep, or sleeping too much"" .
:QDepressive_Symptoms_Frequency_Fatigue pred:Text ""Feeling tired or having little energy"" .
:QDepressive_Symptoms_Frequency_Appetite_Changes pred:Text ""Poor appetite or overeating"" .
:QDepressive_Symptoms_Frequency_Feelings_of_Worthlessness pred:Text ""Feeling bad about yourself or that you are a failure or have let yourself or your family down"" .
:QDepressive_Symptoms_Frequency_Concentration_Difficulties pred:Text ""Trouble concentrating on things, such as reading the newspaper or watching television"" .
:QDepressive_Symptoms_Frequency_Psychomotor_Changes pred:Text ""Moving or speaking so slowly that other people could have noticed. Or the opposite — being so fidgety or restless that you have been moving around a lot more than usual"" .
:QDepressive_Symptoms_Frequency_Suicidal_Thoughts pred:Text ""Thoughts that you would be better off dead, or of hurting yourself"" .

# Responses
:Respondent140 pred:Year_of_birth 2003.0 ;
     pred:Gender 2.0 ;
     pred:Socio_economic_status 4.0 ;
     pred:Ethnic_identity 6.0 .

:Respondent140_Parental_Education
                       pred:Father 18.0 ;
                       pred:Mother 11.0 .
:Respondent140 pred:hasGroupResponse :Respondent140_Parental_Education .

:Respondent140 pred:Life_satisfaction 5.0 ;
     pred:Happiness 1.0 ;
     pred:Laughter 0.0 ;
     pred:Learning 7.0 ;
     pred:Enjoyment 5.0 ;
     pred:Worry 0.0 ;
     pred:Depression 3.0 ;
     pred:Anger 4.0 ;
     pred:Stress 3.0 ;
     pred:Loneliness 10.0 .

:Respondent140_Emotional_Regulation_Frequency
                                   pred:Upset_by_Unexpected_Events 4.0 ;
                                   pred:Unable_to_Control_Important_Things 2.0 ;
                                   pred:Lacked_Confidence_Handling_Problems 3.0 ;
                                   pred:Unable_to_Cope 1.0 ;
                                   pred:Irritated_by_Life 3.0 ;
                                   pred:On_Top_of_Things 4.0 .
:Respondent140 pred:hasGroupResponse :Respondent140_Emotional_Regulation_Frequency .

:Respondent140_Anxiety_Symptoms_Frequency
                               pred:Feeling_Nervous_or_On_Edge 3.0 ;
                               pred:Trouble_Relaxing 3.0 ;
                               pred:Restlessness 3.0 ;
                               pred:Irritability 2.0 ;
                               pred:Fear_Something_Awful_Might_Happen 3.0 .
:Respondent140 pred:hasGroupResponse :Respondent140_Anxiety_Symptoms_Frequency .

:Respondent140_Depressive_Symptoms_Frequency
                                  pred:Anhedonia 0.0 ;
                                  pred:Sleep_Problems 3.0 ;
                                  pred:Fatigue 2.0 ;
                                  pred:Appetite_Changes 3.0 ;
                                  pred:Feelings_of_Worthlessness 0.0 ;
                                  pred:Concentration_Difficulties 0.0 ;
                                  pred:Suicidal_Thoughts 2.0 .
:Respondent140 pred:hasGroupResponse :Respondent140_Depressive_Symptoms_Frequency .

:Respondent75 pred:Year_of_birth 1993.0 ;
     pred:Gender 1.0 ;
     pred:Socio_economic_status 4.0 ;
     pred:Ethnic_identity 6.0 .

:Respondent75_Parental_Education
                       pred:Father 10.0 ;
                       pred:Mother 11.0 .
:Respondent75 pred:hasGroupResponse :Respondent75_Parental_Education .

:Respondent75 pred:Life_satisfaction 10.0 ;
     pred:Happiness 10.0 ;
     pred:Laughter 8.0 ;
     pred:Learning 10.0 ;
     pred:Enjoyment 10.0 ;
     pred:Worry 1.0 ;
     pred:Depression 0.0 ;
     pred:Anger 2.0 ;
     pred:Stress 3.0 ;
     pred:Loneliness 0.0 .

:Respondent75_Emotional_Regulation_Frequency
                                   pred:Upset_by_Unexpected_Events 2.0 ;
                                   pred:Unable_to_Control_Important_Things 1.0 ;
                                   pred:Lacked_Confidence_Handling_Problems 2.0 ;
                                   pred:Unable_to_Cope 2.0 ;
                                   pred:Irritated_by_Life 3.0 ;
                                   pred:On_Top_of_Things 2.0 .
:Respondent75 pred:hasGroupResponse :Respondent75_Emotional_Regulation_Frequency .

:Respondent75_Anxiety_Symptoms_Frequency
                               pred:Feeling_Nervous_or_On_Edge 1.0 ;
                               pred:Trouble_Relaxing 1.0 ;
                               pred:Restlessness 0.0 ;
                               pred:Irritability 0.0 ;
                               pred:Fear_Something_Awful_Might_Happen 1.0 .
:Respondent75 pred:hasGroupResponse :Respondent75_Anxiety_Symptoms_Frequency .

:Respondent75_Depressive_Symptoms_Frequency
                                  pred:Anhedonia 0.0 ;
                                  pred:Sleep_Problems 0.0 ;
                                  pred:Fatigue 1.0 ;
                                  pred:Appetite_Changes 0.0 ;
                                  pred:Feelings_of_Worthlessness 0.0 ;
                                  pred:Concentration_Difficulties 0.0 ;
                                  pred:Suicidal_Thoughts 0.0 .
:Respondent75 pred:hasGroupResponse :Respondent75_Depressive_Symptoms_Frequency .

:Respondent36 pred:Year_of_birth 2006.0 ;
     pred:Gender 1.0 ;
     pred:Socio_economic_status 5.0 ;
     pred:Ethnic_identity 6.0 .

:Respondent36 pred:Life_satisfaction 8.0 ;
     pred:Happiness 9.0 ;
     pred:Laughter 9.0 ;
     pred:Learning 7.0 ;
     pred:Enjoyment 9.0 ;
     pred:Worry 0.0 ;
     pred:Depression 0.0 ;
     pred:Anger 1.0 ;
     pred:Stress 2.0 ;
     pred:Loneliness 0.0 .

:Respondent36_Emotional_Regulation_Frequency
                                   pred:Upset_by_Unexpected_Events 1.0 ;
                                   pred:Unable_to_Control_Important_Things 1.0 ;
                                   pred:Lacked_Confidence_Handling_Problems 2.0 ;
                                   pred:Unable_to_Cope 2.0 ;
                                   pred:Irritated_by_Life 3.0 ;
                                   pred:On_Top_of_Things 3.0 .
:Respondent36 pred:hasGroupResponse :Respondent36_Emotional_Regulation_Frequency .

:Respondent36_Anxiety_Symptoms_Frequency
                               pred:Feeling_Nervous_or_On_Edge 0.0 ;
                               pred:Trouble_Relaxing 2.0 ;
                               pred:Restlessness 0.0 ;
                               pred:Irritability 1.0 ;
                               pred:Fear_Something_Awful_Might_Happen 0.0 .
:Respondent36 pred:hasGroupResponse :Respondent36_Anxiety_Symptoms_Frequency .

:Respondent36_Depressive_Symptoms_Frequency
                                  pred:Anhedonia 1.0 ;
                                  pred:Sleep_Problems 1.0 ;
                                  pred:Fatigue 1.0 ;
                                  pred:Appetite_Changes 0.0 ;
                                  pred:Feelings_of_Worthlessness 0.0 ;
                                  pred:Concentration_Difficulties 0.0 ;
                                  pred:Suicidal_Thoughts 0.0 .
:Respondent36 pred:hasGroupResponse :Respondent36_Depressive_Symptoms_Frequency .
",6.0,"For respondent 129, what is the value for 'Appetite Changes' in the 'Depressive Symptoms Frequency' category?

DATA:

@prefix : <http://example.org/survey#> .
@prefix pred: <http://example.org/predicate#> .
@prefix qg: <http://example.org/question_group#> .

# Questions
:QYear_of_birth pred:Text ""What is your date of birth? [Open-ended]"" .
:QGender pred:Text ""What is your gender? [MCQ: 1. Male 2. Female]"" .
:QSocio_economic_status pred:Text ""What is the socio-economic status of your home? [Likert 1–6: 1 = Very low, 6 = Very high]"" .
:QEthnic_identity pred:Text ""According to your culture, people, or physical features, you are or are recognized as: [MCQ: 1. Indigenous 2. Gypsy 3. Raizal from San Andres, Providencia and Santa Catalina Archipelago 4. Palenquero from San Basilio 5. Black, mulatto (Afro-descendant), Afro-Colombian 6. None of the above]"" .

:QGParental_Education pred:BaseQuestion ""How many years of education did your parents receive? [Open-ended]"" ;
    qg:hasSubQuestion :QParental_Education_Father, :QParental_Education_Mother .
:QParental_Education_Father pred:Text ""Father?"" .
:QParental_Education_Mother pred:Text ""Mother?"" .

:QLife_satisfaction pred:Text ""In general, how satisfied are you with all aspects of your life? [Likert 0–10: 0 = Not satisfied, 10 = Totally satisfied]"" .
:QHappiness pred:Text ""How happy did you feel yesterday? [Likert 0–10: 0 = At no time, 10 = All the time]"" .
:QLaughter pred:Text ""How much did you laugh yesterday? [Likert 0–10: 0 = At no time, 10 = All the time]"" .
:QLearning pred:Text ""Did you learn new or exciting things yesterday? [Likert 0–10: 0 = At no time, 10 = All the time]"" .
:QEnjoyment pred:Text ""How much did you enjoy the activities you did yesterday? [Likert 0–10: 0 = At no time, 10 = All the time]"" .
:QWorry pred:Text ""How worried did you feel yesterday? [Likert 0–10: 0 = At no time, 10 = All the time]"" .
:QDepression pred:Text ""How depressed did you feel yesterday? [Likert 0–10: 0 = At no time, 10 = All the time]"" .
:QAnger pred:Text ""How angry did you feel yesterday? [Likert 0–10: 0 = At no time, 10 = All the time]"" .
:QStress pred:Text ""How much stress did you feel yesterday? [Likert 0–10: 0 = At no time, 10 = All the time]"" .
:QLoneliness pred:Text ""How lonely or unsupported did you feel yesterday? [Likert 0–10: 0 = At no time, 10 = All the time]"" .

:QGEmotional_Regulation_Frequency pred:BaseQuestion ""Next, you will be asked questions about your emotional state. Please answer on a scale of 0 to 4, where 0 is never, 1 is 'almost never', 2 is 'sometimes', 3 is 'fairly often', and 4 is 'very often', how often you experienced the following feelings during the last month: [Likert 0–4]"" ;
    qg:hasSubQuestion :QEmotional_Regulation_Frequency_Upset_by_Unexpected_Events,
                      :QEmotional_Regulation_Frequency_Unable_to_Control_Important_Things,
                      :QEmotional_Regulation_Frequency_Nervous_and_Stressed,
                      :QEmotional_Regulation_Frequency_Lacked_Confidence_Handling_Problems,
                      :QEmotional_Regulation_Frequency_Things_Going_Your_Way,
                      :QEmotional_Regulation_Frequency_Unable_to_Cope,
                      :QEmotional_Regulation_Frequency_Irritated_by_Life,
                      :QEmotional_Regulation_Frequency_On_Top_of_Things,
                      :QEmotional_Regulation_Frequency_Angered_by_Uncontrollable_Events,
                      :QEmotional_Regulation_Frequency_Felt_Overwhelmed .

:QEmotional_Regulation_Frequency_Upset_by_Unexpected_Events pred:Text ""how often have you been upset because of something that happened unexpectedly?"" .
:QEmotional_Regulation_Frequency_Unable_to_Control_Important_Things pred:Text ""how often have you felt that you were unable to control the important things in your life?"" .
:QEmotional_Regulation_Frequency_Nervous_and_Stressed pred:Text ""how often have you felt nervous and stressed?"" .
:QEmotional_Regulation_Frequency_Lacked_Confidence_Handling_Problems pred:Text ""how often have you felt confident about your ability to handle your personal problems?"" .
:QEmotional_Regulation_Frequency_Things_Going_Your_Way pred:Text ""how often have you felt that things were going your way?"" .
:QEmotional_Regulation_Frequency_Unable_to_Cope pred:Text ""how often have you found that you could not cope with all the things that you had to do?"" .
:QEmotional_Regulation_Frequency_Irritated_by_Life pred:Text ""how often have you been able to control irritations in your life?"" .
:QEmotional_Regulation_Frequency_On_Top_of_Things pred:Text ""how often have you felt that you were on top of things?"" .
:QEmotional_Regulation_Frequency_Angered_by_Uncontrollable_Events pred:Text ""how often have you been angered because of things that happened that were outside of your control?"" .
:QEmotional_Regulation_Frequency_Felt_Overwhelmed pred:Text ""how often have you felt difficulties were piling up so high that you could not overcome them?"" .

:QGAnxiety_Symptoms_Frequency pred:BaseQuestion ""Next, you will be asked questions about your emotional state. Please answer on a scale of 0 to 3, where 0 is 'Not at all', 1 is 'several days', 2 is 'more than half of the days', and 3 is 'Nearly every day'. Over the last two weeks, how often have you been bothered by the following problems? [Likert 0–3]"" ;
    qg:hasSubQuestion :QAnxiety_Symptoms_Frequency_Feeling_Nervous_or_On_Edge,
                      :QAnxiety_Symptoms_Frequency_Uncontrollable_Worrying,
                      :QAnxiety_Symptoms_Frequency_Excessive_Worry,
                      :QAnxiety_Symptoms_Frequency_Trouble_Relaxing,
                      :QAnxiety_Symptoms_Frequency_Restlessness,
                      :QAnxiety_Symptoms_Frequency_Irritability,
                      :QAnxiety_Symptoms_Frequency_Fear_Something_Awful_Might_Happen .

:QAnxiety_Symptoms_Frequency_Feeling_Nervous_or_On_Edge pred:Text ""Feeling nervous, anxious, or on edge"" .
:QAnxiety_Symptoms_Frequency_Uncontrollable_Worrying pred:Text ""Not being able to stop or control worrying"" .
:QAnxiety_Symptoms_Frequency_Excessive_Worry pred:Text ""Worrying too much about different things"" .
:QAnxiety_Symptoms_Frequency_Trouble_Relaxing pred:Text ""Trouble relaxing"" .
:QAnxiety_Symptoms_Frequency_Restlessness pred:Text ""Being so restless that it is hard to sit still"" .
:QAnxiety_Symptoms_Frequency_Irritability pred:Text ""Becoming easily annoyed or irritable"" .
:QAnxiety_Symptoms_Frequency_Fear_Something_Awful_Might_Happen pred:Text ""Feeling afraid, as if something awful might happen"" .

:QGDepressive_Symptoms_Frequency pred:BaseQuestion ""Next, you will be asked questions about your emotional state. Please answer on a scale of 0 to 3, where 0 is 'Not at all', 1 is 'several days', 2 is 'more than half of the days', and 3 is 'Nearly every day'. Over the last two weeks, how often have you been bothered by the following problems?"" ;
    qg:hasSubQuestion :QDepressive_Symptoms_Frequency_Anhedonia,
                      :QDepressive_Symptoms_Frequency_Depressed_Mood,
                      :QDepressive_Symptoms_Frequency_Sleep_Problems,
                      :QDepressive_Symptoms_Frequency_Fatigue,
                      :QDepressive_Symptoms_Frequency_Appetite_Changes,
                      :QDepressive_Symptoms_Frequency_Feelings_of_Worthlessness,
                      :QDepressive_Symptoms_Frequency_Concentration_Difficulties,
                      :QDepressive_Symptoms_Frequency_Psychomotor_Changes,
                      :QDepressive_Symptoms_Frequency_Suicidal_Thoughts .

:QDepressive_Symptoms_Frequency_Anhedonia pred:Text ""Little interest or pleasure in doing things"" .
:QDepressive_Symptoms_Frequency_Depressed_Mood pred:Text ""Feeling down, depressed, or hopeless"" .
:QDepressive_Symptoms_Frequency_Sleep_Problems pred:Text ""Trouble falling or staying asleep, or sleeping too much"" .
:QDepressive_Symptoms_Frequency_Fatigue pred:Text ""Feeling tired or having little energy"" .
:QDepressive_Symptoms_Frequency_Appetite_Changes pred:Text ""Poor appetite or overeating"" .
:QDepressive_Symptoms_Frequency_Feelings_of_Worthlessness pred:Text ""Feeling bad about yourself or that you are a failure or have let yourself or your family down"" .
:QDepressive_Symptoms_Frequency_Concentration_Difficulties pred:Text ""Trouble concentrating on things, such as reading the newspaper or watching television"" .
:QDepressive_Symptoms_Frequency_Psychomotor_Changes pred:Text ""Moving or speaking so slowly that other people could have noticed. Or the opposite — being so fidgety or restless that you have been moving around a lot more than usual"" .
:QDepressive_Symptoms_Frequency_Suicidal_Thoughts pred:Text ""Thoughts that you would be better off dead, or of hurting yourself"" .

# Responses
:Respondent73 pred:Year_of_birth 2005.0 ;
     pred:Gender 2.0 ;
     pred:Socio_economic_status 2.0 ;
     pred:Ethnic_identity 6.0 .

:Respondent73_Parental_Education
                       pred:Father 25.0 ;
                       pred:Mother 15.0 .
:Respondent73 pred:hasGroupResponse :Respondent73_Parental_Education .

:Respondent73 pred:Life_satisfaction 8.0 ;
     pred:Happiness 5.0 ;
     pred:Laughter 4.0 ;
     pred:Learning 5.0 ;
     pred:Enjoyment 5.0 ;
     pred:Worry 2.0 ;
     pred:Depression 1.0 ;
     pred:Anger 2.0 ;
     pred:Stress 4.0 ;
     pred:Loneliness 6.0 .

:Respondent73_Emotional_Regulation_Frequency
                                   pred:Upset_by_Unexpected_Events 2.0 ;
                                   pred:Unable_to_Control_Important_Things 2.0 ;
                                   pred:Lacked_Confidence_Handling_Problems 2.0 ;
                                   pred:Unable_to_Cope 2.0 ;
                                   pred:Irritated_by_Life 2.0 ;
                                   pred:On_Top_of_Things 2.0 .
:Respondent73 pred:hasGroupResponse :Respondent73_Emotional_Regulation_Frequency .

:Respondent73_Anxiety_Symptoms_Frequency
                               pred:Feeling_Nervous_or_On_Edge 2.0 ;
                               pred:Trouble_Relaxing 1.0 ;
                               pred:Restlessness 1.0 ;
                               pred:Irritability 2.0 ;
                               pred:Fear_Something_Awful_Might_Happen 2.0 .
:Respondent73 pred:hasGroupResponse :Respondent73_Anxiety_Symptoms_Frequency .

:Respondent73_Depressive_Symptoms_Frequency
                                  pred:Anhedonia 1.0 ;
                                  pred:Sleep_Problems 2.0 ;
                                  pred:Fatigue 1.0 ;
                                  pred:Appetite_Changes 1.0 ;
                                  pred:Feelings_of_Worthlessness 1.0 ;
                                  pred:Concentration_Difficulties 1.0 ;
                                  pred:Suicidal_Thoughts 0.0 .
:Respondent73 pred:hasGroupResponse :Respondent73_Depressive_Symptoms_Frequency .

:Respondent85 pred:Year_of_birth 2004.0 ;
     pred:Gender 2.0 ;
     pred:Socio_economic_status 3.0 ;
     pred:Ethnic_identity 6.0 .

:Respondent85_Parental_Education
                       pred:Father 18.0 .
:Respondent85 pred:hasGroupResponse :Respondent85_Parental_Education .

:Respondent85 pred:Life_satisfaction 5.0 ;
     pred:Happiness 6.0 ;
     pred:Laughter 6.0 ;
     pred:Learning 8.0 ;
     pred:Enjoyment 5.0 ;
     pred:Worry 1.0 ;
     pred:Depression 1.0 ;
     pred:Anger 2.0 ;
     pred:Stress 4.0 ;
     pred:Loneliness 1.0 .

:Respondent85_Emotional_Regulation_Frequency
                                   pred:Upset_by_Unexpected_Events 2.0 ;
                                   pred:Unable_to_Control_Important_Things 3.0 ;
                                   pred:Lacked_Confidence_Handling_Problems 2.0 ;
                                   pred:Unable_to_Cope 3.0 ;
                                   pred:Irritated_by_Life 3.0 ;
                                   pred:On_Top_of_Things 2.0 .
:Respondent85 pred:hasGroupResponse :Respondent85_Emotional_Regulation_Frequency .

:Respondent85_Anxiety_Symptoms_Frequency
                               pred:Feeling_Nervous_or_On_Edge 1.0 ;
                               pred:Trouble_Relaxing 1.0 ;
                               pred:Restlessness 0.0 ;
                               pred:Irritability 1.0 ;
                               pred:Fear_Something_Awful_Might_Happen 1.0 .
:Respondent85 pred:hasGroupResponse :Respondent85_Anxiety_Symptoms_Frequency .

:Respondent85_Depressive_Symptoms_Frequency
                                  pred:Anhedonia 2.0 ;
                                  pred:Sleep_Problems 2.0 ;
                                  pred:Fatigue 3.0 ;
                                  pred:Appetite_Changes 3.0 ;
                                  pred:Feelings_of_Worthlessness 1.0 ;
                                  pred:Concentration_Difficulties 1.0 ;
                                  pred:Suicidal_Thoughts 0.0 .
:Respondent85 pred:hasGroupResponse :Respondent85_Depressive_Symptoms_Frequency .

:Respondent129 pred:Year_of_birth 2001.0 ;
     pred:Gender 2.0 ;
     pred:Socio_economic_status 3.0 ;
     pred:Ethnic_identity 6.0 .

:Respondent129_Parental_Education
                       pred:Father 13.0 ;
                       pred:Mother 13.0 .
:Respondent129 pred:hasGroupResponse :Respondent129_Parental_Education .

:Respondent129 pred:Life_satisfaction 8.0 ;
     pred:Happiness 9.0 ;
     pred:Laughter 6.0 ;
     pred:Learning 5.0 ;
     pred:Enjoyment 6.0 ;
     pred:Worry 1.0 ;
     pred:Depression 1.0 ;
     pred:Anger 1.0 ;
     pred:Stress 3.0 ;
     pred:Loneliness 0.0 .

:Respondent129_Emotional_Regulation_Frequency
                                   pred:Upset_by_Unexpected_Events 1.0 ;
                                   pred:Unable_to_Control_Important_Things 1.0 ;
                                   pred:Lacked_Confidence_Handling_Problems 3.0 ;
                                   pred:Unable_to_Cope 2.0 ;
                                   pred:Irritated_by_Life 3.0 ;
                                   pred:On_Top_of_Things 2.0 .
:Respondent129 pred:hasGroupResponse :Respondent129_Emotional_Regulation_Frequency .

:Respondent129_Anxiety_Symptoms_Frequency
                               pred:Feeling_Nervous_or_On_Edge 1.0 ;
                               pred:Trouble_Relaxing 1.0 ;
                               pred:Restlessness 0.0 ;
                               pred:Irritability 0.0 ;
                               pred:Fear_Something_Awful_Might_Happen 0.0 .
:Respondent129 pred:hasGroupResponse :Respondent129_Anxiety_Symptoms_Frequency .

:Respondent129_Depressive_Symptoms_Frequency
                                  pred:Anhedonia 1.0 ;
                                  pred:Sleep_Problems 1.0 ;
                                  pred:Fatigue 2.0 ;
                                  pred:Appetite_Changes 2.0 ;
                                  pred:Feelings_of_Worthlessness 0.0 ;
                                  pred:Concentration_Difficulties 2.0 ;
                                  pred:Suicidal_Thoughts 0.0 .
:Respondent129 pred:hasGroupResponse :Respondent129_Depressive_Symptoms_Frequency .

Answer: 2.0

@prefix : <http://example.org/survey#> .
@prefix pred: <http://example.org/predicate#> .
@prefix qg: <http://example.org/question_group#> .

# Questions
:QYear_of_birth pred:Text ""What is your date of birth? [Open-ended]"" .
:QGender pred:Text ""What is your gender? [MCQ: 1. Male 2. Female]"" .
:QSocio_economic_status pred:Text ""What is the socio-economic status of your home? [Likert 1–6: 1 = Very low, 6 = Very high]"" .
:QEthnic_identity pred:Text ""According to your culture, people, or physical features, you are or are recognized as: [MCQ: 1. Indigenous 2. Gypsy 3. Raizal from San Andres, Providencia and Santa Catalina Archipelago 4. Palenquero from San Basilio 5. Black, mulatto (Afro-descendant), Afro-Colombian 6. None of the above]"" .

:QGParental_Education pred:BaseQuestion ""How many years of education did your parents receive? [Open-ended]"" ;
    qg:hasSubQuestion :QParental_Education_Father, :QParental_Education_Mother .
:QParental_Education_Father pred:Text ""Father?"" .
:QParental_Education_Mother pred:Text ""Mother?"" .

:QLife_satisfaction pred:Text ""In general, how satisfied are you with all aspects of your life? [Likert 0–10: 0 = Not satisfied, 10 = Totally satisfied]"" .
:QHappiness pred:Text ""How happy did you feel yesterday? [Likert 0–10: 0 = At no time, 10 = All the time]"" .
:QLaughter pred:Text ""How much did you laugh yesterday? [Likert 0–10: 0 = At no time, 10 = All the time]"" .
:QLearning pred:Text ""Did you learn new or exciting things yesterday? [Likert 0–10: 0 = At no time, 10 = All the time]"" .
:QEnjoyment pred:Text ""How much did you enjoy the activities you did yesterday? [Likert 0–10: 0 = At no time, 10 = All the time]"" .
:QWorry pred:Text ""How worried did you feel yesterday? [Likert 0–10: 0 = At no time, 10 = All the time]"" .
:QDepression pred:Text ""How depressed did you feel yesterday? [Likert 0–10: 0 = At no time, 10 = All the time]"" .
:QAnger pred:Text ""How angry did you feel yesterday? [Likert 0–10: 0 = At no time, 10 = All the time]"" .
:QStress pred:Text ""How much stress did you feel yesterday? [Likert 0–10: 0 = At no time, 10 = All the time]"" .
:QLoneliness pred:Text ""How lonely or unsupported did you feel yesterday? [Likert 0–10: 0 = At no time, 10 = All the time]"" .

:QGEmotional_Regulation_Frequency pred:BaseQuestion ""Next, you will be asked questions about your emotional state. Please answer on a scale of 0 to 4, where 0 is never, 1 is 'almost never', 2 is 'sometimes', 3 is 'fairly often', and 4 is 'very often', how often you experienced the following feelings during the last month: [Likert 0–4]"" ;
    qg:hasSubQuestion :QEmotional_Regulation_Frequency_Upset_by_Unexpected_Events,
                      :QEmotional_Regulation_Frequency_Unable_to_Control_Important_Things,
                      :QEmotional_Regulation_Frequency_Nervous_and_Stressed,
                      :QEmotional_Regulation_Frequency_Lacked_Confidence_Handling_Problems,
                      :QEmotional_Regulation_Frequency_Things_Going_Your_Way,
                      :QEmotional_Regulation_Frequency_Unable_to_Cope,
                      :QEmotional_Regulation_Frequency_Irritated_by_Life,
                      :QEmotional_Regulation_Frequency_On_Top_of_Things,
                      :QEmotional_Regulation_Frequency_Angered_by_Uncontrollable_Events,
                      :QEmotional_Regulation_Frequency_Felt_Overwhelmed .

:QEmotional_Regulation_Frequency_Upset_by_Unexpected_Events pred:Text ""how often have you been upset because of something that happened unexpectedly?"" .
:QEmotional_Regulation_Frequency_Unable_to_Control_Important_Things pred:Text ""how often have you felt that you were unable to control the important things in your life?"" .
:QEmotional_Regulation_Frequency_Nervous_and_Stressed pred:Text ""how often have you felt nervous and stressed?"" .
:QEmotional_Regulation_Frequency_Lacked_Confidence_Handling_Problems pred:Text ""how often have you felt confident about your ability to handle your personal problems?"" .
:QEmotional_Regulation_Frequency_Things_Going_Your_Way pred:Text ""how often have you felt that things were going your way?"" .
:QEmotional_Regulation_Frequency_Unable_to_Cope pred:Text ""how often have you found that you could not cope with all the things that you had to do?"" .
:QEmotional_Regulation_Frequency_Irritated_by_Life pred:Text ""how often have you been able to control irritations in your life?"" .
:QEmotional_Regulation_Frequency_On_Top_of_Things pred:Text ""how often have you felt that you were on top of things?"" .
:QEmotional_Regulation_Frequency_Angered_by_Uncontrollable_Events pred:Text ""how often have you been angered because of things that happened that were outside of your control?"" .
:QEmotional_Regulation_Frequency_Felt_Overwhelmed pred:Text ""how often have you felt difficulties were piling up so high that you could not overcome them?"" .

:QGAnxiety_Symptoms_Frequency pred:BaseQuestion ""Next, you will be asked questions about your emotional state. Please answer on a scale of 0 to 3, where 0 is 'Not at all', 1 is 'several days', 2 is 'more than half of the days', and 3 is 'Nearly every day'. Over the last two weeks, how often have you been bothered by the following problems? [Likert 0–3]"" ;
    qg:hasSubQuestion :QAnxiety_Symptoms_Frequency_Feeling_Nervous_or_On_Edge,
                      :QAnxiety_Symptoms_Frequency_Uncontrollable_Worrying,
                      :QAnxiety_Symptoms_Frequency_Excessive_Worry,
                      :QAnxiety_Symptoms_Frequency_Trouble_Relaxing,
                      :QAnxiety_Symptoms_Frequency_Restlessness,
                      :QAnxiety_Symptoms_Frequency_Irritability,
                      :QAnxiety_Symptoms_Frequency_Fear_Something_Awful_Might_Happen .

:QAnxiety_Symptoms_Frequency_Feeling_Nervous_or_On_Edge pred:Text ""Feeling nervous, anxious, or on edge"" .
:QAnxiety_Symptoms_Frequency_Uncontrollable_Worrying pred:Text ""Not being able to stop or control worrying"" .
:QAnxiety_Symptoms_Frequency_Excessive_Worry pred:Text ""Worrying too much about different things"" .
:QAnxiety_Symptoms_Frequency_Trouble_Relaxing pred:Text ""Trouble relaxing"" .
:QAnxiety_Symptoms_Frequency_Restlessness pred:Text ""Being so restless that it is hard to sit still"" .
:QAnxiety_Symptoms_Frequency_Irritability pred:Text ""Becoming easily annoyed or irritable"" .
:QAnxiety_Symptoms_Frequency_Fear_Something_Awful_Might_Happen pred:Text ""Feeling afraid, as if something awful might happen"" .

:QGDepressive_Symptoms_Frequency pred:BaseQuestion ""Next, you will be asked questions about your emotional state. Please answer on a scale of 0 to 3, where 0 is 'Not at all', 1 is 'several days', 2 is 'more than half of the days', and 3 is 'Nearly every day'. Over the last two weeks, how often have you been bothered by the following problems?"" ;
    qg:hasSubQuestion :QDepressive_Symptoms_Frequency_Anhedonia,
                      :QDepressive_Symptoms_Frequency_Depressed_Mood,
                      :QDepressive_Symptoms_Frequency_Sleep_Problems,
                      :QDepressive_Symptoms_Frequency_Fatigue,
                      :QDepressive_Symptoms_Frequency_Appetite_Changes,
                      :QDepressive_Symptoms_Frequency_Feelings_of_Worthlessness,
                      :QDepressive_Symptoms_Frequency_Concentration_Difficulties,
                      :QDepressive_Symptoms_Frequency_Psychomotor_Changes,
                      :QDepressive_Symptoms_Frequency_Suicidal_Thoughts .

:QDepressive_Symptoms_Frequency_Anhedonia pred:Text ""Little interest or pleasure in doing things"" .
:QDepressive_Symptoms_Frequency_Depressed_Mood pred:Text ""Feeling down, depressed, or hopeless"" .
:QDepressive_Symptoms_Frequency_Sleep_Problems pred:Text ""Trouble falling or staying asleep, or sleeping too much"" .
:QDepressive_Symptoms_Frequency_Fatigue pred:Text ""Feeling tired or having little energy"" .
:QDepressive_Symptoms_Frequency_Appetite_Changes pred:Text ""Poor appetite or overeating"" .
:QDepressive_Symptoms_Frequency_Feelings_of_Worthlessness pred:Text ""Feeling bad about yourself or that you are a failure or have let yourself or your family down"" .
:QDepressive_Symptoms_Frequency_Concentration_Difficulties pred:Text ""Trouble concentrating on things, such as reading the newspaper or watching television"" .
:QDepressive_Symptoms_Frequency_Psychomotor_Changes pred:Text ""Moving or speaking so slowly that other people could have noticed. Or the opposite — being so fidgety or restless that you have been moving around a lot more than usual"" .
:QDepressive_Symptoms_Frequency_Suicidal_Thoughts pred:Text ""Thoughts that you would be better off dead, or of hurting yourself"" .

# Responses
:Respondent140 pred:Year_of_birth 2003.0 ;
     pred:Gender 2.0 ;
     pred:Socio_economic_status 4.0 ;
     pred:Ethnic_identity 6.0 .

:Respondent140_Parental_Education
                       pred:Father 18.0 ;
                       pred:Mother 11.0 .
:Respondent140 pred:hasGroupResponse :Respondent140_Parental_Education .

:Respondent140 pred:Life_satisfaction 5.0 ;
     pred:Happiness 1.0 ;
     pred:Laughter 0.0 ;
     pred:Learning 7.0 ;
     pred:Enjoyment 5.0 ;
     pred:Worry 0.0 ;
     pred:Depression 3.0 ;
     pred:Anger 4.0 ;
     pred:Stress 3.0 ;
     pred:Loneliness 10.0 .

:Respondent140_Emotional_Regulation_Frequency
                                   pred:Upset_by_Unexpected_Events 4.0 ;
                                   pred:Unable_to_Control_Important_Things 2.0 ;
                                   pred:Lacked_Confidence_Handling_Problems 3.0 ;
                                   pred:Unable_to_Cope 1.0 ;
                                   pred:Irritated_by_Life 3.0 ;
                                   pred:On_Top_of_Things 4.0 .
:Respondent140 pred:hasGroupResponse :Respondent140_Emotional_Regulation_Frequency .

:Respondent140_Anxiety_Symptoms_Frequency
                               pred:Feeling_Nervous_or_On_Edge 3.0 ;
                               pred:Trouble_Relaxing 3.0 ;
                               pred:Restlessness 3.0 ;
                               pred:Irritability 2.0 ;
                               pred:Fear_Something_Awful_Might_Happen 3.0 .
:Respondent140 pred:hasGroupResponse :Respondent140_Anxiety_Symptoms_Frequency .

:Respondent140_Depressive_Symptoms_Frequency
                                  pred:Anhedonia 0.0 ;
                                  pred:Sleep_Problems 3.0 ;
                                  pred:Fatigue 2.0 ;
                                  pred:Appetite_Changes 3.0 ;
                                  pred:Feelings_of_Worthlessness 0.0 ;
                                  pred:Concentration_Difficulties 0.0 ;
                                  pred:Suicidal_Thoughts 2.0 .
:Respondent140 pred:hasGroupResponse :Respondent140_Depressive_Symptoms_Frequency .

:Respondent75 pred:Year_of_birth 1993.0 ;
     pred:Gender 1.0 ;
     pred:Socio_economic_status 4.0 ;
     pred:Ethnic_identity 6.0 .

:Respondent75_Parental_Education
                       pred:Father 10.0 ;
                       pred:Mother 11.0 .
:Respondent75 pred:hasGroupResponse :Respondent75_Parental_Education .

:Respondent75 pred:Life_satisfaction 10.0 ;
     pred:Happiness 10.0 ;
     pred:Laughter 8.0 ;
     pred:Learning 10.0 ;
     pred:Enjoyment 10.0 ;
     pred:Worry 1.0 ;
     pred:Depression 0.0 ;
     pred:Anger 2.0 ;
     pred:Stress 3.0 ;
     pred:Loneliness 0.0 .

:Respondent75_Emotional_Regulation_Frequency
                                   pred:Upset_by_Unexpected_Events 2.0 ;
                                   pred:Unable_to_Control_Important_Things 1.0 ;
                                   pred:Lacked_Confidence_Handling_Problems 2.0 ;
                                   pred:Unable_to_Cope 2.0 ;
                                   pred:Irritated_by_Life 3.0 ;
                                   pred:On_Top_of_Things 2.0 .
:Respondent75 pred:hasGroupResponse :Respondent75_Emotional_Regulation_Frequency .

:Respondent75_Anxiety_Symptoms_Frequency
                               pred:Feeling_Nervous_or_On_Edge 1.0 ;
                               pred:Trouble_Relaxing 1.0 ;
                               pred:Restlessness 0.0 ;
                               pred:Irritability 0.0 ;
                               pred:Fear_Something_Awful_Might_Happen 1.0 .
:Respondent75 pred:hasGroupResponse :Respondent75_Anxiety_Symptoms_Frequency .

:Respondent75_Depressive_Symptoms_Frequency
                                  pred:Anhedonia 0.0 ;
                                  pred:Sleep_Problems 0.0 ;
                                  pred:Fatigue 1.0 ;
                                  pred:Appetite_Changes 0.0 ;
                                  pred:Feelings_of_Worthlessness 0.0 ;
                                  pred:Concentration_Difficulties 0.0 ;
                                  pred:Suicidal_Thoughts 0.0 .
:Respondent75 pred:hasGroupResponse :Respondent75_Depressive_Symptoms_Frequency .

:Respondent36 pred:Year_of_birth 2006.0 ;
     pred:Gender 1.0 ;
     pred:Socio_economic_status 5.0 ;
     pred:Ethnic_identity 6.0 .

:Respondent36 pred:Life_satisfaction 8.0 ;
     pred:Happiness 9.0 ;
     pred:Laughter 9.0 ;
     pred:Learning 7.0 ;
     pred:Enjoyment 9.0 ;
     pred:Worry 0.0 ;
     pred:Depression 0.0 ;
     pred:Anger 1.0 ;
     pred:Stress 2.0 ;
     pred:Loneliness 0.0 .

:Respondent36_Emotional_Regulation_Frequency
                                   pred:Upset_by_Unexpected_Events 1.0 ;
                                   pred:Unable_to_Control_Important_Things 1.0 ;
                                   pred:Lacked_Confidence_Handling_Problems 2.0 ;
                                   pred:Unable_to_Cope 2.0 ;
                                   pred:Irritated_by_Life 3.0 ;
                                   pred:On_Top_of_Things 3.0 .
:Respondent36 pred:hasGroupResponse :Respondent36_Emotional_Regulation_Frequency .

:Respondent36_Anxiety_Symptoms_Frequency
                               pred:Feeling_Nervous_or_On_Edge 0.0 ;
                               pred:Trouble_Relaxing 2.0 ;
                               pred:Restlessness 0.0 ;
                               pred:Irritability 1.0 ;
                               pred:Fear_Something_Awful_Might_Happen 0.0 .
:Respondent36 pred:hasGroupResponse :Respondent36_Anxiety_Symptoms_Frequency .

:Respondent36_Depressive_Symptoms_Frequency
                                  pred:Anhedonia 1.0 ;
                                  pred:Sleep_Problems 1.0 ;
                                  pred:Fatigue 1.0 ;
                                  pred:Appetite_Changes 0.0 ;
                                  pred:Feelings_of_Worthlessness 0.0 ;
                                  pred:Concentration_Difficulties 0.0 ;
                                  pred:Suicidal_Thoughts 0.0 .
:Respondent36 pred:hasGroupResponse :Respondent36_Depressive_Symptoms_Frequency .

You are a meticulous data analyst AI. Your primary function is to accurately analyze structured data and provide precise, verifiable answers.

You will be given a dataset with two key parts:

A 'questions' section: This is your data dictionary or schema. It is the single source of truth for understanding what each field and score means. Refer to it carefully.

A 'responses' section: This contains the raw data from each individual respondent.

To answer the question correctly, you must first use the 'questions' schema to fully understand the context and meaning of the data points within the 'responses'. Do not rely on any prior knowledge outside of this provided data. Base your entire analysis on the information given.

Provide your final answer directly and concisely. Output must be the human-readable value, not an option code.

Rules:
- For MCQ fields, map any letter codes in the Responses (case-insensitive) to the corresponding option text from the Questions schema, and output only that text. Do NOT include the letter or both.
  Example: If the schema is ""[MCQ: A. Abnormal B. Inconclusive C. Normal]"" and the response is ""a"", output ""Abnormal"".
- For open-ended fields, output the exact text value.
- If the question asks for a count, provide only the number (e.g., ""42"").
- If the question asks for a list of names or IDs, provide a simple comma-separated list (e.g., ""17, 21, 23"").
- Preserve capitalization exactly as in the schema (e.g., output ""Abnormal"", not ""abnormal"" or ""A"").

What is the ethnic identity for respondent 140?",,
case_28,answer_lookup,"For respondent 147, what is the value for 'Irritability' in the 'Anxiety Symptoms Frequency' category?","@prefix : <http://example.org/survey#> .
@prefix pred: <http://example.org/predicate#> .
@prefix qg: <http://example.org/question_group#> .

# Questions
:QYear_of_birth pred:Text ""What is your date of birth? [Open-ended]"" .
:QGender pred:Text ""What is your gender? [MCQ: 1. Male 2. Female]"" .
:QSocio_economic_status pred:Text ""What is the socio-economic status of your home? [Likert 1–6: 1 = Very low, 6 = Very high]"" .
:QEthnic_identity pred:Text ""According to your culture, people, or physical features, you are or are recognized as: [MCQ: 1. Indigenous 2. Gypsy 3. Raizal from San Andres, Providencia and Santa Catalina Archipelago 4. Palenquero from San Basilio 5. Black, mulatto (Afro-descendant), Afro-Colombian 6. None of the above]"" .

:QGParental_Education pred:BaseQuestion ""How many years of education did your parents receive? [Open-ended]"" ;
    qg:hasSubQuestion :QParental_Education_Father, :QParental_Education_Mother .
:QParental_Education_Father pred:Text ""Father?"" .
:QParental_Education_Mother pred:Text ""Mother?"" .

:QLife_satisfaction pred:Text ""In general, how satisfied are you with all aspects of your life? [Likert 0–10: 0 = Not satisfied, 10 = Totally satisfied]"" .
:QHappiness pred:Text ""How happy did you feel yesterday? [Likert 0–10: 0 = At no time, 10 = All the time]"" .
:QLaughter pred:Text ""How much did you laugh yesterday? [Likert 0–10: 0 = At no time, 10 = All the time]"" .
:QLearning pred:Text ""Did you learn new or exciting things yesterday? [Likert 0–10: 0 = At no time, 10 = All the time]"" .
:QEnjoyment pred:Text ""How much did you enjoy the activities you did yesterday? [Likert 0–10: 0 = At no time, 10 = All the time]"" .
:QWorry pred:Text ""How worried did you feel yesterday? [Likert 0–10: 0 = At no time, 10 = All the time]"" .
:QDepression pred:Text ""How depressed did you feel yesterday? [Likert 0–10: 0 = At no time, 10 = All the time]"" .
:QAnger pred:Text ""How angry did you feel yesterday? [Likert 0–10: 0 = At no time, 10 = All the time]"" .
:QStress pred:Text ""How much stress did you feel yesterday? [Likert 0–10: 0 = At no time, 10 = All the time]"" .
:QLoneliness pred:Text ""How lonely or unsupported did you feel yesterday? [Likert 0–10: 0 = At no time, 10 = All the time]"" .

:QGEmotional_Regulation_Frequency pred:BaseQuestion ""Next, you will be asked questions about your emotional state. Please answer on a scale of 0 to 4, where 0 is never, 1 is 'almost never', 2 is 'sometimes', 3 is 'fairly often', and 4 is 'very often', how often you experienced the following feelings during the last month: [Likert 0–4]"" ;
    qg:hasSubQuestion :QEmotional_Regulation_Frequency_Upset_by_Unexpected_Events,
                      :QEmotional_Regulation_Frequency_Unable_to_Control_Important_Things,
                      :QEmotional_Regulation_Frequency_Nervous_and_Stressed,
                      :QEmotional_Regulation_Frequency_Lacked_Confidence_Handling_Problems,
                      :QEmotional_Regulation_Frequency_Things_Going_Your_Way,
                      :QEmotional_Regulation_Frequency_Unable_to_Cope,
                      :QEmotional_Regulation_Frequency_Irritated_by_Life,
                      :QEmotional_Regulation_Frequency_On_Top_of_Things,
                      :QEmotional_Regulation_Frequency_Angered_by_Uncontrollable_Events,
                      :QEmotional_Regulation_Frequency_Felt_Overwhelmed .

:QEmotional_Regulation_Frequency_Upset_by_Unexpected_Events pred:Text ""how often have you been upset because of something that happened unexpectedly?"" .
:QEmotional_Regulation_Frequency_Unable_to_Control_Important_Things pred:Text ""how often have you felt that you were unable to control the important things in your life?"" .
:QEmotional_Regulation_Frequency_Nervous_and_Stressed pred:Text ""how often have you felt nervous and stressed?"" .
:QEmotional_Regulation_Frequency_Lacked_Confidence_Handling_Problems pred:Text ""how often have you felt confident about your ability to handle your personal problems?"" .
:QEmotional_Regulation_Frequency_Things_Going_Your_Way pred:Text ""how often have you felt that things were going your way?"" .
:QEmotional_Regulation_Frequency_Unable_to_Cope pred:Text ""how often have you found that you could not cope with all the things that you had to do?"" .
:QEmotional_Regulation_Frequency_Irritated_by_Life pred:Text ""how often have you been able to control irritations in your life?"" .
:QEmotional_Regulation_Frequency_On_Top_of_Things pred:Text ""how often have you felt that you were on top of things?"" .
:QEmotional_Regulation_Frequency_Angered_by_Uncontrollable_Events pred:Text ""how often have you been angered because of things that happened that were outside of your control?"" .
:QEmotional_Regulation_Frequency_Felt_Overwhelmed pred:Text ""how often have you felt difficulties were piling up so high that you could not overcome them?"" .

:QGAnxiety_Symptoms_Frequency pred:BaseQuestion ""Next, you will be asked questions about your emotional state. Please answer on a scale of 0 to 3, where 0 is 'Not at all', 1 is 'several days', 2 is 'more than half of the days', and 3 is 'Nearly every day'. Over the last two weeks, how often have you been bothered by the following problems? [Likert 0–3]"" ;
    qg:hasSubQuestion :QAnxiety_Symptoms_Frequency_Feeling_Nervous_or_On_Edge,
                      :QAnxiety_Symptoms_Frequency_Uncontrollable_Worrying,
                      :QAnxiety_Symptoms_Frequency_Excessive_Worry,
                      :QAnxiety_Symptoms_Frequency_Trouble_Relaxing,
                      :QAnxiety_Symptoms_Frequency_Restlessness,
                      :QAnxiety_Symptoms_Frequency_Irritability,
                      :QAnxiety_Symptoms_Frequency_Fear_Something_Awful_Might_Happen .

:QAnxiety_Symptoms_Frequency_Feeling_Nervous_or_On_Edge pred:Text ""Feeling nervous, anxious, or on edge"" .
:QAnxiety_Symptoms_Frequency_Uncontrollable_Worrying pred:Text ""Not being able to stop or control worrying"" .
:QAnxiety_Symptoms_Frequency_Excessive_Worry pred:Text ""Worrying too much about different things"" .
:QAnxiety_Symptoms_Frequency_Trouble_Relaxing pred:Text ""Trouble relaxing"" .
:QAnxiety_Symptoms_Frequency_Restlessness pred:Text ""Being so restless that it is hard to sit still"" .
:QAnxiety_Symptoms_Frequency_Irritability pred:Text ""Becoming easily annoyed or irritable"" .
:QAnxiety_Symptoms_Frequency_Fear_Something_Awful_Might_Happen pred:Text ""Feeling afraid, as if something awful might happen"" .

:QGDepressive_Symptoms_Frequency pred:BaseQuestion ""Next, you will be asked questions about your emotional state. Please answer on a scale of 0 to 3, where 0 is 'Not at all', 1 is 'several days', 2 is 'more than half of the days', and 3 is 'Nearly every day'. Over the last two weeks, how often have you been bothered by the following problems?"" ;
    qg:hasSubQuestion :QDepressive_Symptoms_Frequency_Anhedonia,
                      :QDepressive_Symptoms_Frequency_Depressed_Mood,
                      :QDepressive_Symptoms_Frequency_Sleep_Problems,
                      :QDepressive_Symptoms_Frequency_Fatigue,
                      :QDepressive_Symptoms_Frequency_Appetite_Changes,
                      :QDepressive_Symptoms_Frequency_Feelings_of_Worthlessness,
                      :QDepressive_Symptoms_Frequency_Concentration_Difficulties,
                      :QDepressive_Symptoms_Frequency_Psychomotor_Changes,
                      :QDepressive_Symptoms_Frequency_Suicidal_Thoughts .

:QDepressive_Symptoms_Frequency_Anhedonia pred:Text ""Little interest or pleasure in doing things"" .
:QDepressive_Symptoms_Frequency_Depressed_Mood pred:Text ""Feeling down, depressed, or hopeless"" .
:QDepressive_Symptoms_Frequency_Sleep_Problems pred:Text ""Trouble falling or staying asleep, or sleeping too much"" .
:QDepressive_Symptoms_Frequency_Fatigue pred:Text ""Feeling tired or having little energy"" .
:QDepressive_Symptoms_Frequency_Appetite_Changes pred:Text ""Poor appetite or overeating"" .
:QDepressive_Symptoms_Frequency_Feelings_of_Worthlessness pred:Text ""Feeling bad about yourself or that you are a failure or have let yourself or your family down"" .
:QDepressive_Symptoms_Frequency_Concentration_Difficulties pred:Text ""Trouble concentrating on things, such as reading the newspaper or watching television"" .
:QDepressive_Symptoms_Frequency_Psychomotor_Changes pred:Text ""Moving or speaking so slowly that other people could have noticed. Or the opposite — being so fidgety or restless that you have been moving around a lot more than usual"" .
:QDepressive_Symptoms_Frequency_Suicidal_Thoughts pred:Text ""Thoughts that you would be better off dead, or of hurting yourself"" .

# Responses
:Respondent147 pred:Year_of_birth 2004.0 ;
     pred:Gender 1.0 ;
     pred:Socio_economic_status 5.0 ;
     pred:Ethnic_identity 6.0 .

:Respondent147 pred:Life_satisfaction 7.0 ;
     pred:Happiness 8.0 ;
     pred:Laughter 6.0 ;
     pred:Learning 3.0 ;
     pred:Enjoyment 8.0 ;
     pred:Worry 0.0 ;
     pred:Depression 1.0 ;
     pred:Anger 2.0 ;
     pred:Stress 3.0 ;
     pred:Loneliness 0.0 .

:Respondent147_Emotional_Regulation_Frequency
                                   pred:Upset_by_Unexpected_Events 1.0 ;
                                   pred:Unable_to_Control_Important_Things 2.0 ;
                                   pred:Lacked_Confidence_Handling_Problems 4.0 ;
                                   pred:Unable_to_Cope 1.0 ;
                                   pred:Irritated_by_Life 4.0 ;
                                   pred:On_Top_of_Things 3.0 .
:Respondent147 pred:hasGroupResponse :Respondent147_Emotional_Regulation_Frequency .

:Respondent147_Anxiety_Symptoms_Frequency
                               pred:Feeling_Nervous_or_On_Edge 2.0 ;
                               pred:Trouble_Relaxing 1.0 ;
                               pred:Restlessness 0.0 ;
                               pred:Irritability 1.0 ;
                               pred:Fear_Something_Awful_Might_Happen 1.0 .
:Respondent147 pred:hasGroupResponse :Respondent147_Anxiety_Symptoms_Frequency .

:Respondent147_Depressive_Symptoms_Frequency
                                  pred:Anhedonia 0.0 ;
                                  pred:Sleep_Problems 2.0 ;
                                  pred:Fatigue 1.0 ;
                                  pred:Appetite_Changes 0.0 ;
                                  pred:Feelings_of_Worthlessness 0.0 ;
                                  pred:Concentration_Difficulties 0.0 ;
                                  pred:Suicidal_Thoughts 0.0 .
:Respondent147 pred:hasGroupResponse :Respondent147_Depressive_Symptoms_Frequency .

:Respondent105 pred:Year_of_birth 2002.0 ;
     pred:Gender 1.0 ;
     pred:Socio_economic_status 3.0 ;
     pred:Ethnic_identity 6.0 .

:Respondent105 pred:Life_satisfaction 6.0 ;
     pred:Happiness 7.0 ;
     pred:Laughter 6.0 ;
     pred:Learning 7.0 ;
     pred:Enjoyment 6.0 ;
     pred:Worry 0.0 ;
     pred:Depression 0.0 ;
     pred:Anger 1.0 ;
     pred:Stress 3.0 ;
     pred:Loneliness 2.0 .

:Respondent105_Emotional_Regulation_Frequency
                                   pred:Upset_by_Unexpected_Events 2.0 ;
                                   pred:Unable_to_Control_Important_Things 2.0 ;
                                   pred:Lacked_Confidence_Handling_Problems 2.0 ;
                                   pred:Unable_to_Cope 2.0 ;
                                   pred:Irritated_by_Life 3.0 ;
                                   pred:On_Top_of_Things 3.0 .
:Respondent105 pred:hasGroupResponse :Respondent105_Emotional_Regulation_Frequency .

:Respondent105_Anxiety_Symptoms_Frequency
                               pred:Feeling_Nervous_or_On_Edge 1.0 ;
                               pred:Trouble_Relaxing 1.0 ;
                               pred:Restlessness 1.0 ;
                               pred:Irritability 0.0 ;
                               pred:Fear_Something_Awful_Might_Happen 1.0 .
:Respondent105 pred:hasGroupResponse :Respondent105_Anxiety_Symptoms_Frequency .

:Respondent105_Depressive_Symptoms_Frequency
                                  pred:Anhedonia 0.0 ;
                                  pred:Sleep_Problems 2.0 ;
                                  pred:Fatigue 1.0 ;
                                  pred:Appetite_Changes 0.0 ;
                                  pred:Feelings_of_Worthlessness 0.0 ;
                                  pred:Concentration_Difficulties 1.0 ;
                                  pred:Suicidal_Thoughts 0.0 .
:Respondent105 pred:hasGroupResponse :Respondent105_Depressive_Symptoms_Frequency .

:Respondent130 pred:Year_of_birth 2002.0 ;
     pred:Gender 1.0 ;
     pred:Socio_economic_status 4.0 ;
     pred:Ethnic_identity 6.0 .

:Respondent130_Parental_Education
                       pred:Father 11.0 ;
                       pred:Mother 16.0 .
:Respondent130 pred:hasGroupResponse :Respondent130_Parental_Education .

:Respondent130 pred:Life_satisfaction 10.0 ;
     pred:Happiness 8.0 ;
     pred:Laughter 6.0 ;
     pred:Learning 9.0 ;
     pred:Enjoyment 4.0 ;
     pred:Worry 1.0 ;
     pred:Depression 0.0 ;
     pred:Anger 2.0 ;
     pred:Stress 3.0 ;
     pred:Loneliness 0.0 .

:Respondent130_Emotional_Regulation_Frequency
                                   pred:Upset_by_Unexpected_Events 2.0 ;
                                   pred:Unable_to_Control_Important_Things 1.0 ;
                                   pred:Lacked_Confidence_Handling_Problems 4.0 ;
                                   pred:Unable_to_Cope 2.0 ;
                                   pred:Irritated_by_Life 3.0 ;
                                   pred:On_Top_of_Things 2.0 .
:Respondent130 pred:hasGroupResponse :Respondent130_Emotional_Regulation_Frequency .

:Respondent130_Anxiety_Symptoms_Frequency
                               pred:Feeling_Nervous_or_On_Edge 1.0 ;
                               pred:Trouble_Relaxing 0.0 ;
                               pred:Restlessness 1.0 ;
                               pred:Irritability 0.0 ;
                               pred:Fear_Something_Awful_Might_Happen 2.0 .
:Respondent130 pred:hasGroupResponse :Respondent130_Anxiety_Symptoms_Frequency .

:Respondent130_Depressive_Symptoms_Frequency
                                  pred:Anhedonia 1.0 ;
                                  pred:Sleep_Problems 0.0 ;
                                  pred:Fatigue 2.0 ;
                                  pred:Appetite_Changes 0.0 ;
                                  pred:Feelings_of_Worthlessness 0.0 ;
                                  pred:Concentration_Difficulties 0.0 ;
                                  pred:Suicidal_Thoughts 0.0 .
:Respondent130 pred:hasGroupResponse :Respondent130_Depressive_Symptoms_Frequency .
",1.0,"For respondent 129, what is the value for 'Appetite Changes' in the 'Depressive Symptoms Frequency' category?

DATA:

@prefix : <http://example.org/survey#> .
@prefix pred: <http://example.org/predicate#> .
@prefix qg: <http://example.org/question_group#> .

# Questions
:QYear_of_birth pred:Text ""What is your date of birth? [Open-ended]"" .
:QGender pred:Text ""What is your gender? [MCQ: 1. Male 2. Female]"" .
:QSocio_economic_status pred:Text ""What is the socio-economic status of your home? [Likert 1–6: 1 = Very low, 6 = Very high]"" .
:QEthnic_identity pred:Text ""According to your culture, people, or physical features, you are or are recognized as: [MCQ: 1. Indigenous 2. Gypsy 3. Raizal from San Andres, Providencia and Santa Catalina Archipelago 4. Palenquero from San Basilio 5. Black, mulatto (Afro-descendant), Afro-Colombian 6. None of the above]"" .

:QGParental_Education pred:BaseQuestion ""How many years of education did your parents receive? [Open-ended]"" ;
    qg:hasSubQuestion :QParental_Education_Father, :QParental_Education_Mother .
:QParental_Education_Father pred:Text ""Father?"" .
:QParental_Education_Mother pred:Text ""Mother?"" .

:QLife_satisfaction pred:Text ""In general, how satisfied are you with all aspects of your life? [Likert 0–10: 0 = Not satisfied, 10 = Totally satisfied]"" .
:QHappiness pred:Text ""How happy did you feel yesterday? [Likert 0–10: 0 = At no time, 10 = All the time]"" .
:QLaughter pred:Text ""How much did you laugh yesterday? [Likert 0–10: 0 = At no time, 10 = All the time]"" .
:QLearning pred:Text ""Did you learn new or exciting things yesterday? [Likert 0–10: 0 = At no time, 10 = All the time]"" .
:QEnjoyment pred:Text ""How much did you enjoy the activities you did yesterday? [Likert 0–10: 0 = At no time, 10 = All the time]"" .
:QWorry pred:Text ""How worried did you feel yesterday? [Likert 0–10: 0 = At no time, 10 = All the time]"" .
:QDepression pred:Text ""How depressed did you feel yesterday? [Likert 0–10: 0 = At no time, 10 = All the time]"" .
:QAnger pred:Text ""How angry did you feel yesterday? [Likert 0–10: 0 = At no time, 10 = All the time]"" .
:QStress pred:Text ""How much stress did you feel yesterday? [Likert 0–10: 0 = At no time, 10 = All the time]"" .
:QLoneliness pred:Text ""How lonely or unsupported did you feel yesterday? [Likert 0–10: 0 = At no time, 10 = All the time]"" .

:QGEmotional_Regulation_Frequency pred:BaseQuestion ""Next, you will be asked questions about your emotional state. Please answer on a scale of 0 to 4, where 0 is never, 1 is 'almost never', 2 is 'sometimes', 3 is 'fairly often', and 4 is 'very often', how often you experienced the following feelings during the last month: [Likert 0–4]"" ;
    qg:hasSubQuestion :QEmotional_Regulation_Frequency_Upset_by_Unexpected_Events,
                      :QEmotional_Regulation_Frequency_Unable_to_Control_Important_Things,
                      :QEmotional_Regulation_Frequency_Nervous_and_Stressed,
                      :QEmotional_Regulation_Frequency_Lacked_Confidence_Handling_Problems,
                      :QEmotional_Regulation_Frequency_Things_Going_Your_Way,
                      :QEmotional_Regulation_Frequency_Unable_to_Cope,
                      :QEmotional_Regulation_Frequency_Irritated_by_Life,
                      :QEmotional_Regulation_Frequency_On_Top_of_Things,
                      :QEmotional_Regulation_Frequency_Angered_by_Uncontrollable_Events,
                      :QEmotional_Regulation_Frequency_Felt_Overwhelmed .

:QEmotional_Regulation_Frequency_Upset_by_Unexpected_Events pred:Text ""how often have you been upset because of something that happened unexpectedly?"" .
:QEmotional_Regulation_Frequency_Unable_to_Control_Important_Things pred:Text ""how often have you felt that you were unable to control the important things in your life?"" .
:QEmotional_Regulation_Frequency_Nervous_and_Stressed pred:Text ""how often have you felt nervous and stressed?"" .
:QEmotional_Regulation_Frequency_Lacked_Confidence_Handling_Problems pred:Text ""how often have you felt confident about your ability to handle your personal problems?"" .
:QEmotional_Regulation_Frequency_Things_Going_Your_Way pred:Text ""how often have you felt that things were going your way?"" .
:QEmotional_Regulation_Frequency_Unable_to_Cope pred:Text ""how often have you found that you could not cope with all the things that you had to do?"" .
:QEmotional_Regulation_Frequency_Irritated_by_Life pred:Text ""how often have you been able to control irritations in your life?"" .
:QEmotional_Regulation_Frequency_On_Top_of_Things pred:Text ""how often have you felt that you were on top of things?"" .
:QEmotional_Regulation_Frequency_Angered_by_Uncontrollable_Events pred:Text ""how often have you been angered because of things that happened that were outside of your control?"" .
:QEmotional_Regulation_Frequency_Felt_Overwhelmed pred:Text ""how often have you felt difficulties were piling up so high that you could not overcome them?"" .

:QGAnxiety_Symptoms_Frequency pred:BaseQuestion ""Next, you will be asked questions about your emotional state. Please answer on a scale of 0 to 3, where 0 is 'Not at all', 1 is 'several days', 2 is 'more than half of the days', and 3 is 'Nearly every day'. Over the last two weeks, how often have you been bothered by the following problems? [Likert 0–3]"" ;
    qg:hasSubQuestion :QAnxiety_Symptoms_Frequency_Feeling_Nervous_or_On_Edge,
                      :QAnxiety_Symptoms_Frequency_Uncontrollable_Worrying,
                      :QAnxiety_Symptoms_Frequency_Excessive_Worry,
                      :QAnxiety_Symptoms_Frequency_Trouble_Relaxing,
                      :QAnxiety_Symptoms_Frequency_Restlessness,
                      :QAnxiety_Symptoms_Frequency_Irritability,
                      :QAnxiety_Symptoms_Frequency_Fear_Something_Awful_Might_Happen .

:QAnxiety_Symptoms_Frequency_Feeling_Nervous_or_On_Edge pred:Text ""Feeling nervous, anxious, or on edge"" .
:QAnxiety_Symptoms_Frequency_Uncontrollable_Worrying pred:Text ""Not being able to stop or control worrying"" .
:QAnxiety_Symptoms_Frequency_Excessive_Worry pred:Text ""Worrying too much about different things"" .
:QAnxiety_Symptoms_Frequency_Trouble_Relaxing pred:Text ""Trouble relaxing"" .
:QAnxiety_Symptoms_Frequency_Restlessness pred:Text ""Being so restless that it is hard to sit still"" .
:QAnxiety_Symptoms_Frequency_Irritability pred:Text ""Becoming easily annoyed or irritable"" .
:QAnxiety_Symptoms_Frequency_Fear_Something_Awful_Might_Happen pred:Text ""Feeling afraid, as if something awful might happen"" .

:QGDepressive_Symptoms_Frequency pred:BaseQuestion ""Next, you will be asked questions about your emotional state. Please answer on a scale of 0 to 3, where 0 is 'Not at all', 1 is 'several days', 2 is 'more than half of the days', and 3 is 'Nearly every day'. Over the last two weeks, how often have you been bothered by the following problems?"" ;
    qg:hasSubQuestion :QDepressive_Symptoms_Frequency_Anhedonia,
                      :QDepressive_Symptoms_Frequency_Depressed_Mood,
                      :QDepressive_Symptoms_Frequency_Sleep_Problems,
                      :QDepressive_Symptoms_Frequency_Fatigue,
                      :QDepressive_Symptoms_Frequency_Appetite_Changes,
                      :QDepressive_Symptoms_Frequency_Feelings_of_Worthlessness,
                      :QDepressive_Symptoms_Frequency_Concentration_Difficulties,
                      :QDepressive_Symptoms_Frequency_Psychomotor_Changes,
                      :QDepressive_Symptoms_Frequency_Suicidal_Thoughts .

:QDepressive_Symptoms_Frequency_Anhedonia pred:Text ""Little interest or pleasure in doing things"" .
:QDepressive_Symptoms_Frequency_Depressed_Mood pred:Text ""Feeling down, depressed, or hopeless"" .
:QDepressive_Symptoms_Frequency_Sleep_Problems pred:Text ""Trouble falling or staying asleep, or sleeping too much"" .
:QDepressive_Symptoms_Frequency_Fatigue pred:Text ""Feeling tired or having little energy"" .
:QDepressive_Symptoms_Frequency_Appetite_Changes pred:Text ""Poor appetite or overeating"" .
:QDepressive_Symptoms_Frequency_Feelings_of_Worthlessness pred:Text ""Feeling bad about yourself or that you are a failure or have let yourself or your family down"" .
:QDepressive_Symptoms_Frequency_Concentration_Difficulties pred:Text ""Trouble concentrating on things, such as reading the newspaper or watching television"" .
:QDepressive_Symptoms_Frequency_Psychomotor_Changes pred:Text ""Moving or speaking so slowly that other people could have noticed. Or the opposite — being so fidgety or restless that you have been moving around a lot more than usual"" .
:QDepressive_Symptoms_Frequency_Suicidal_Thoughts pred:Text ""Thoughts that you would be better off dead, or of hurting yourself"" .

# Responses
:Respondent73 pred:Year_of_birth 2005.0 ;
     pred:Gender 2.0 ;
     pred:Socio_economic_status 2.0 ;
     pred:Ethnic_identity 6.0 .

:Respondent73_Parental_Education
                       pred:Father 25.0 ;
                       pred:Mother 15.0 .
:Respondent73 pred:hasGroupResponse :Respondent73_Parental_Education .

:Respondent73 pred:Life_satisfaction 8.0 ;
     pred:Happiness 5.0 ;
     pred:Laughter 4.0 ;
     pred:Learning 5.0 ;
     pred:Enjoyment 5.0 ;
     pred:Worry 2.0 ;
     pred:Depression 1.0 ;
     pred:Anger 2.0 ;
     pred:Stress 4.0 ;
     pred:Loneliness 6.0 .

:Respondent73_Emotional_Regulation_Frequency
                                   pred:Upset_by_Unexpected_Events 2.0 ;
                                   pred:Unable_to_Control_Important_Things 2.0 ;
                                   pred:Lacked_Confidence_Handling_Problems 2.0 ;
                                   pred:Unable_to_Cope 2.0 ;
                                   pred:Irritated_by_Life 2.0 ;
                                   pred:On_Top_of_Things 2.0 .
:Respondent73 pred:hasGroupResponse :Respondent73_Emotional_Regulation_Frequency .

:Respondent73_Anxiety_Symptoms_Frequency
                               pred:Feeling_Nervous_or_On_Edge 2.0 ;
                               pred:Trouble_Relaxing 1.0 ;
                               pred:Restlessness 1.0 ;
                               pred:Irritability 2.0 ;
                               pred:Fear_Something_Awful_Might_Happen 2.0 .
:Respondent73 pred:hasGroupResponse :Respondent73_Anxiety_Symptoms_Frequency .

:Respondent73_Depressive_Symptoms_Frequency
                                  pred:Anhedonia 1.0 ;
                                  pred:Sleep_Problems 2.0 ;
                                  pred:Fatigue 1.0 ;
                                  pred:Appetite_Changes 1.0 ;
                                  pred:Feelings_of_Worthlessness 1.0 ;
                                  pred:Concentration_Difficulties 1.0 ;
                                  pred:Suicidal_Thoughts 0.0 .
:Respondent73 pred:hasGroupResponse :Respondent73_Depressive_Symptoms_Frequency .

:Respondent85 pred:Year_of_birth 2004.0 ;
     pred:Gender 2.0 ;
     pred:Socio_economic_status 3.0 ;
     pred:Ethnic_identity 6.0 .

:Respondent85_Parental_Education
                       pred:Father 18.0 .
:Respondent85 pred:hasGroupResponse :Respondent85_Parental_Education .

:Respondent85 pred:Life_satisfaction 5.0 ;
     pred:Happiness 6.0 ;
     pred:Laughter 6.0 ;
     pred:Learning 8.0 ;
     pred:Enjoyment 5.0 ;
     pred:Worry 1.0 ;
     pred:Depression 1.0 ;
     pred:Anger 2.0 ;
     pred:Stress 4.0 ;
     pred:Loneliness 1.0 .

:Respondent85_Emotional_Regulation_Frequency
                                   pred:Upset_by_Unexpected_Events 2.0 ;
                                   pred:Unable_to_Control_Important_Things 3.0 ;
                                   pred:Lacked_Confidence_Handling_Problems 2.0 ;
                                   pred:Unable_to_Cope 3.0 ;
                                   pred:Irritated_by_Life 3.0 ;
                                   pred:On_Top_of_Things 2.0 .
:Respondent85 pred:hasGroupResponse :Respondent85_Emotional_Regulation_Frequency .

:Respondent85_Anxiety_Symptoms_Frequency
                               pred:Feeling_Nervous_or_On_Edge 1.0 ;
                               pred:Trouble_Relaxing 1.0 ;
                               pred:Restlessness 0.0 ;
                               pred:Irritability 1.0 ;
                               pred:Fear_Something_Awful_Might_Happen 1.0 .
:Respondent85 pred:hasGroupResponse :Respondent85_Anxiety_Symptoms_Frequency .

:Respondent85_Depressive_Symptoms_Frequency
                                  pred:Anhedonia 2.0 ;
                                  pred:Sleep_Problems 2.0 ;
                                  pred:Fatigue 3.0 ;
                                  pred:Appetite_Changes 3.0 ;
                                  pred:Feelings_of_Worthlessness 1.0 ;
                                  pred:Concentration_Difficulties 1.0 ;
                                  pred:Suicidal_Thoughts 0.0 .
:Respondent85 pred:hasGroupResponse :Respondent85_Depressive_Symptoms_Frequency .

:Respondent129 pred:Year_of_birth 2001.0 ;
     pred:Gender 2.0 ;
     pred:Socio_economic_status 3.0 ;
     pred:Ethnic_identity 6.0 .

:Respondent129_Parental_Education
                       pred:Father 13.0 ;
                       pred:Mother 13.0 .
:Respondent129 pred:hasGroupResponse :Respondent129_Parental_Education .

:Respondent129 pred:Life_satisfaction 8.0 ;
     pred:Happiness 9.0 ;
     pred:Laughter 6.0 ;
     pred:Learning 5.0 ;
     pred:Enjoyment 6.0 ;
     pred:Worry 1.0 ;
     pred:Depression 1.0 ;
     pred:Anger 1.0 ;
     pred:Stress 3.0 ;
     pred:Loneliness 0.0 .

:Respondent129_Emotional_Regulation_Frequency
                                   pred:Upset_by_Unexpected_Events 1.0 ;
                                   pred:Unable_to_Control_Important_Things 1.0 ;
                                   pred:Lacked_Confidence_Handling_Problems 3.0 ;
                                   pred:Unable_to_Cope 2.0 ;
                                   pred:Irritated_by_Life 3.0 ;
                                   pred:On_Top_of_Things 2.0 .
:Respondent129 pred:hasGroupResponse :Respondent129_Emotional_Regulation_Frequency .

:Respondent129_Anxiety_Symptoms_Frequency
                               pred:Feeling_Nervous_or_On_Edge 1.0 ;
                               pred:Trouble_Relaxing 1.0 ;
                               pred:Restlessness 0.0 ;
                               pred:Irritability 0.0 ;
                               pred:Fear_Something_Awful_Might_Happen 0.0 .
:Respondent129 pred:hasGroupResponse :Respondent129_Anxiety_Symptoms_Frequency .

:Respondent129_Depressive_Symptoms_Frequency
                                  pred:Anhedonia 1.0 ;
                                  pred:Sleep_Problems 1.0 ;
                                  pred:Fatigue 2.0 ;
                                  pred:Appetite_Changes 2.0 ;
                                  pred:Feelings_of_Worthlessness 0.0 ;
                                  pred:Concentration_Difficulties 2.0 ;
                                  pred:Suicidal_Thoughts 0.0 .
:Respondent129 pred:hasGroupResponse :Respondent129_Depressive_Symptoms_Frequency .

Answer: 2.0

@prefix : <http://example.org/survey#> .
@prefix pred: <http://example.org/predicate#> .
@prefix qg: <http://example.org/question_group#> .

# Questions
:QYear_of_birth pred:Text ""What is your date of birth? [Open-ended]"" .
:QGender pred:Text ""What is your gender? [MCQ: 1. Male 2. Female]"" .
:QSocio_economic_status pred:Text ""What is the socio-economic status of your home? [Likert 1–6: 1 = Very low, 6 = Very high]"" .
:QEthnic_identity pred:Text ""According to your culture, people, or physical features, you are or are recognized as: [MCQ: 1. Indigenous 2. Gypsy 3. Raizal from San Andres, Providencia and Santa Catalina Archipelago 4. Palenquero from San Basilio 5. Black, mulatto (Afro-descendant), Afro-Colombian 6. None of the above]"" .

:QGParental_Education pred:BaseQuestion ""How many years of education did your parents receive? [Open-ended]"" ;
    qg:hasSubQuestion :QParental_Education_Father, :QParental_Education_Mother .
:QParental_Education_Father pred:Text ""Father?"" .
:QParental_Education_Mother pred:Text ""Mother?"" .

:QLife_satisfaction pred:Text ""In general, how satisfied are you with all aspects of your life? [Likert 0–10: 0 = Not satisfied, 10 = Totally satisfied]"" .
:QHappiness pred:Text ""How happy did you feel yesterday? [Likert 0–10: 0 = At no time, 10 = All the time]"" .
:QLaughter pred:Text ""How much did you laugh yesterday? [Likert 0–10: 0 = At no time, 10 = All the time]"" .
:QLearning pred:Text ""Did you learn new or exciting things yesterday? [Likert 0–10: 0 = At no time, 10 = All the time]"" .
:QEnjoyment pred:Text ""How much did you enjoy the activities you did yesterday? [Likert 0–10: 0 = At no time, 10 = All the time]"" .
:QWorry pred:Text ""How worried did you feel yesterday? [Likert 0–10: 0 = At no time, 10 = All the time]"" .
:QDepression pred:Text ""How depressed did you feel yesterday? [Likert 0–10: 0 = At no time, 10 = All the time]"" .
:QAnger pred:Text ""How angry did you feel yesterday? [Likert 0–10: 0 = At no time, 10 = All the time]"" .
:QStress pred:Text ""How much stress did you feel yesterday? [Likert 0–10: 0 = At no time, 10 = All the time]"" .
:QLoneliness pred:Text ""How lonely or unsupported did you feel yesterday? [Likert 0–10: 0 = At no time, 10 = All the time]"" .

:QGEmotional_Regulation_Frequency pred:BaseQuestion ""Next, you will be asked questions about your emotional state. Please answer on a scale of 0 to 4, where 0 is never, 1 is 'almost never', 2 is 'sometimes', 3 is 'fairly often', and 4 is 'very often', how often you experienced the following feelings during the last month: [Likert 0–4]"" ;
    qg:hasSubQuestion :QEmotional_Regulation_Frequency_Upset_by_Unexpected_Events,
                      :QEmotional_Regulation_Frequency_Unable_to_Control_Important_Things,
                      :QEmotional_Regulation_Frequency_Nervous_and_Stressed,
                      :QEmotional_Regulation_Frequency_Lacked_Confidence_Handling_Problems,
                      :QEmotional_Regulation_Frequency_Things_Going_Your_Way,
                      :QEmotional_Regulation_Frequency_Unable_to_Cope,
                      :QEmotional_Regulation_Frequency_Irritated_by_Life,
                      :QEmotional_Regulation_Frequency_On_Top_of_Things,
                      :QEmotional_Regulation_Frequency_Angered_by_Uncontrollable_Events,
                      :QEmotional_Regulation_Frequency_Felt_Overwhelmed .

:QEmotional_Regulation_Frequency_Upset_by_Unexpected_Events pred:Text ""how often have you been upset because of something that happened unexpectedly?"" .
:QEmotional_Regulation_Frequency_Unable_to_Control_Important_Things pred:Text ""how often have you felt that you were unable to control the important things in your life?"" .
:QEmotional_Regulation_Frequency_Nervous_and_Stressed pred:Text ""how often have you felt nervous and stressed?"" .
:QEmotional_Regulation_Frequency_Lacked_Confidence_Handling_Problems pred:Text ""how often have you felt confident about your ability to handle your personal problems?"" .
:QEmotional_Regulation_Frequency_Things_Going_Your_Way pred:Text ""how often have you felt that things were going your way?"" .
:QEmotional_Regulation_Frequency_Unable_to_Cope pred:Text ""how often have you found that you could not cope with all the things that you had to do?"" .
:QEmotional_Regulation_Frequency_Irritated_by_Life pred:Text ""how often have you been able to control irritations in your life?"" .
:QEmotional_Regulation_Frequency_On_Top_of_Things pred:Text ""how often have you felt that you were on top of things?"" .
:QEmotional_Regulation_Frequency_Angered_by_Uncontrollable_Events pred:Text ""how often have you been angered because of things that happened that were outside of your control?"" .
:QEmotional_Regulation_Frequency_Felt_Overwhelmed pred:Text ""how often have you felt difficulties were piling up so high that you could not overcome them?"" .

:QGAnxiety_Symptoms_Frequency pred:BaseQuestion ""Next, you will be asked questions about your emotional state. Please answer on a scale of 0 to 3, where 0 is 'Not at all', 1 is 'several days', 2 is 'more than half of the days', and 3 is 'Nearly every day'. Over the last two weeks, how often have you been bothered by the following problems? [Likert 0–3]"" ;
    qg:hasSubQuestion :QAnxiety_Symptoms_Frequency_Feeling_Nervous_or_On_Edge,
                      :QAnxiety_Symptoms_Frequency_Uncontrollable_Worrying,
                      :QAnxiety_Symptoms_Frequency_Excessive_Worry,
                      :QAnxiety_Symptoms_Frequency_Trouble_Relaxing,
                      :QAnxiety_Symptoms_Frequency_Restlessness,
                      :QAnxiety_Symptoms_Frequency_Irritability,
                      :QAnxiety_Symptoms_Frequency_Fear_Something_Awful_Might_Happen .

:QAnxiety_Symptoms_Frequency_Feeling_Nervous_or_On_Edge pred:Text ""Feeling nervous, anxious, or on edge"" .
:QAnxiety_Symptoms_Frequency_Uncontrollable_Worrying pred:Text ""Not being able to stop or control worrying"" .
:QAnxiety_Symptoms_Frequency_Excessive_Worry pred:Text ""Worrying too much about different things"" .
:QAnxiety_Symptoms_Frequency_Trouble_Relaxing pred:Text ""Trouble relaxing"" .
:QAnxiety_Symptoms_Frequency_Restlessness pred:Text ""Being so restless that it is hard to sit still"" .
:QAnxiety_Symptoms_Frequency_Irritability pred:Text ""Becoming easily annoyed or irritable"" .
:QAnxiety_Symptoms_Frequency_Fear_Something_Awful_Might_Happen pred:Text ""Feeling afraid, as if something awful might happen"" .

:QGDepressive_Symptoms_Frequency pred:BaseQuestion ""Next, you will be asked questions about your emotional state. Please answer on a scale of 0 to 3, where 0 is 'Not at all', 1 is 'several days', 2 is 'more than half of the days', and 3 is 'Nearly every day'. Over the last two weeks, how often have you been bothered by the following problems?"" ;
    qg:hasSubQuestion :QDepressive_Symptoms_Frequency_Anhedonia,
                      :QDepressive_Symptoms_Frequency_Depressed_Mood,
                      :QDepressive_Symptoms_Frequency_Sleep_Problems,
                      :QDepressive_Symptoms_Frequency_Fatigue,
                      :QDepressive_Symptoms_Frequency_Appetite_Changes,
                      :QDepressive_Symptoms_Frequency_Feelings_of_Worthlessness,
                      :QDepressive_Symptoms_Frequency_Concentration_Difficulties,
                      :QDepressive_Symptoms_Frequency_Psychomotor_Changes,
                      :QDepressive_Symptoms_Frequency_Suicidal_Thoughts .

:QDepressive_Symptoms_Frequency_Anhedonia pred:Text ""Little interest or pleasure in doing things"" .
:QDepressive_Symptoms_Frequency_Depressed_Mood pred:Text ""Feeling down, depressed, or hopeless"" .
:QDepressive_Symptoms_Frequency_Sleep_Problems pred:Text ""Trouble falling or staying asleep, or sleeping too much"" .
:QDepressive_Symptoms_Frequency_Fatigue pred:Text ""Feeling tired or having little energy"" .
:QDepressive_Symptoms_Frequency_Appetite_Changes pred:Text ""Poor appetite or overeating"" .
:QDepressive_Symptoms_Frequency_Feelings_of_Worthlessness pred:Text ""Feeling bad about yourself or that you are a failure or have let yourself or your family down"" .
:QDepressive_Symptoms_Frequency_Concentration_Difficulties pred:Text ""Trouble concentrating on things, such as reading the newspaper or watching television"" .
:QDepressive_Symptoms_Frequency_Psychomotor_Changes pred:Text ""Moving or speaking so slowly that other people could have noticed. Or the opposite — being so fidgety or restless that you have been moving around a lot more than usual"" .
:QDepressive_Symptoms_Frequency_Suicidal_Thoughts pred:Text ""Thoughts that you would be better off dead, or of hurting yourself"" .

# Responses
:Respondent147 pred:Year_of_birth 2004.0 ;
     pred:Gender 1.0 ;
     pred:Socio_economic_status 5.0 ;
     pred:Ethnic_identity 6.0 .

:Respondent147 pred:Life_satisfaction 7.0 ;
     pred:Happiness 8.0 ;
     pred:Laughter 6.0 ;
     pred:Learning 3.0 ;
     pred:Enjoyment 8.0 ;
     pred:Worry 0.0 ;
     pred:Depression 1.0 ;
     pred:Anger 2.0 ;
     pred:Stress 3.0 ;
     pred:Loneliness 0.0 .

:Respondent147_Emotional_Regulation_Frequency
                                   pred:Upset_by_Unexpected_Events 1.0 ;
                                   pred:Unable_to_Control_Important_Things 2.0 ;
                                   pred:Lacked_Confidence_Handling_Problems 4.0 ;
                                   pred:Unable_to_Cope 1.0 ;
                                   pred:Irritated_by_Life 4.0 ;
                                   pred:On_Top_of_Things 3.0 .
:Respondent147 pred:hasGroupResponse :Respondent147_Emotional_Regulation_Frequency .

:Respondent147_Anxiety_Symptoms_Frequency
                               pred:Feeling_Nervous_or_On_Edge 2.0 ;
                               pred:Trouble_Relaxing 1.0 ;
                               pred:Restlessness 0.0 ;
                               pred:Irritability 1.0 ;
                               pred:Fear_Something_Awful_Might_Happen 1.0 .
:Respondent147 pred:hasGroupResponse :Respondent147_Anxiety_Symptoms_Frequency .

:Respondent147_Depressive_Symptoms_Frequency
                                  pred:Anhedonia 0.0 ;
                                  pred:Sleep_Problems 2.0 ;
                                  pred:Fatigue 1.0 ;
                                  pred:Appetite_Changes 0.0 ;
                                  pred:Feelings_of_Worthlessness 0.0 ;
                                  pred:Concentration_Difficulties 0.0 ;
                                  pred:Suicidal_Thoughts 0.0 .
:Respondent147 pred:hasGroupResponse :Respondent147_Depressive_Symptoms_Frequency .

:Respondent105 pred:Year_of_birth 2002.0 ;
     pred:Gender 1.0 ;
     pred:Socio_economic_status 3.0 ;
     pred:Ethnic_identity 6.0 .

:Respondent105 pred:Life_satisfaction 6.0 ;
     pred:Happiness 7.0 ;
     pred:Laughter 6.0 ;
     pred:Learning 7.0 ;
     pred:Enjoyment 6.0 ;
     pred:Worry 0.0 ;
     pred:Depression 0.0 ;
     pred:Anger 1.0 ;
     pred:Stress 3.0 ;
     pred:Loneliness 2.0 .

:Respondent105_Emotional_Regulation_Frequency
                                   pred:Upset_by_Unexpected_Events 2.0 ;
                                   pred:Unable_to_Control_Important_Things 2.0 ;
                                   pred:Lacked_Confidence_Handling_Problems 2.0 ;
                                   pred:Unable_to_Cope 2.0 ;
                                   pred:Irritated_by_Life 3.0 ;
                                   pred:On_Top_of_Things 3.0 .
:Respondent105 pred:hasGroupResponse :Respondent105_Emotional_Regulation_Frequency .

:Respondent105_Anxiety_Symptoms_Frequency
                               pred:Feeling_Nervous_or_On_Edge 1.0 ;
                               pred:Trouble_Relaxing 1.0 ;
                               pred:Restlessness 1.0 ;
                               pred:Irritability 0.0 ;
                               pred:Fear_Something_Awful_Might_Happen 1.0 .
:Respondent105 pred:hasGroupResponse :Respondent105_Anxiety_Symptoms_Frequency .

:Respondent105_Depressive_Symptoms_Frequency
                                  pred:Anhedonia 0.0 ;
                                  pred:Sleep_Problems 2.0 ;
                                  pred:Fatigue 1.0 ;
                                  pred:Appetite_Changes 0.0 ;
                                  pred:Feelings_of_Worthlessness 0.0 ;
                                  pred:Concentration_Difficulties 1.0 ;
                                  pred:Suicidal_Thoughts 0.0 .
:Respondent105 pred:hasGroupResponse :Respondent105_Depressive_Symptoms_Frequency .

:Respondent130 pred:Year_of_birth 2002.0 ;
     pred:Gender 1.0 ;
     pred:Socio_economic_status 4.0 ;
     pred:Ethnic_identity 6.0 .

:Respondent130_Parental_Education
                       pred:Father 11.0 ;
                       pred:Mother 16.0 .
:Respondent130 pred:hasGroupResponse :Respondent130_Parental_Education .

:Respondent130 pred:Life_satisfaction 10.0 ;
     pred:Happiness 8.0 ;
     pred:Laughter 6.0 ;
     pred:Learning 9.0 ;
     pred:Enjoyment 4.0 ;
     pred:Worry 1.0 ;
     pred:Depression 0.0 ;
     pred:Anger 2.0 ;
     pred:Stress 3.0 ;
     pred:Loneliness 0.0 .

:Respondent130_Emotional_Regulation_Frequency
                                   pred:Upset_by_Unexpected_Events 2.0 ;
                                   pred:Unable_to_Control_Important_Things 1.0 ;
                                   pred:Lacked_Confidence_Handling_Problems 4.0 ;
                                   pred:Unable_to_Cope 2.0 ;
                                   pred:Irritated_by_Life 3.0 ;
                                   pred:On_Top_of_Things 2.0 .
:Respondent130 pred:hasGroupResponse :Respondent130_Emotional_Regulation_Frequency .

:Respondent130_Anxiety_Symptoms_Frequency
                               pred:Feeling_Nervous_or_On_Edge 1.0 ;
                               pred:Trouble_Relaxing 0.0 ;
                               pred:Restlessness 1.0 ;
                               pred:Irritability 0.0 ;
                               pred:Fear_Something_Awful_Might_Happen 2.0 .
:Respondent130 pred:hasGroupResponse :Respondent130_Anxiety_Symptoms_Frequency .

:Respondent130_Depressive_Symptoms_Frequency
                                  pred:Anhedonia 1.0 ;
                                  pred:Sleep_Problems 0.0 ;
                                  pred:Fatigue 2.0 ;
                                  pred:Appetite_Changes 0.0 ;
                                  pred:Feelings_of_Worthlessness 0.0 ;
                                  pred:Concentration_Difficulties 0.0 ;
                                  pred:Suicidal_Thoughts 0.0 .
:Respondent130 pred:hasGroupResponse :Respondent130_Depressive_Symptoms_Frequency .

You are a meticulous data analyst AI. Your primary function is to accurately analyze structured data and provide precise, verifiable answers.

You will be given a dataset with two key parts:

A 'questions' section: This is your data dictionary or schema. It is the single source of truth for understanding what each field and score means. Refer to it carefully.

A 'responses' section: This contains the raw data from each individual respondent.

To answer the question correctly, you must first use the 'questions' schema to fully understand the context and meaning of the data points within the 'responses'. Do not rely on any prior knowledge outside of this provided data. Base your entire analysis on the information given.

Provide your final answer directly and concisely. Output must be the human-readable value, not an option code.

Rules:
- For MCQ fields, map any letter codes in the Responses (case-insensitive) to the corresponding option text from the Questions schema, and output only that text. Do NOT include the letter or both.
  Example: If the schema is ""[MCQ: A. Abnormal B. Inconclusive C. Normal]"" and the response is ""a"", output ""Abnormal"".
- For open-ended fields, output the exact text value.
- If the question asks for a count, provide only the number (e.g., ""42"").
- If the question asks for a list of names or IDs, provide a simple comma-separated list (e.g., ""17, 21, 23"").
- Preserve capitalization exactly as in the schema (e.g., output ""Abnormal"", not ""abnormal"" or ""A"").

For respondent 147, what is the value for 'Irritability' in the 'Anxiety Symptoms Frequency' category?",,
case_29,answer_lookup,What is the stress for respondent 128?,"@prefix : <http://example.org/survey#> .
@prefix pred: <http://example.org/predicate#> .
@prefix qg: <http://example.org/question_group#> .

# Questions
:QYear_of_birth pred:Text ""What is your date of birth? [Open-ended]"" .
:QGender pred:Text ""What is your gender? [MCQ: 1. Male 2. Female]"" .
:QSocio_economic_status pred:Text ""What is the socio-economic status of your home? [Likert 1–6: 1 = Very low, 6 = Very high]"" .
:QEthnic_identity pred:Text ""According to your culture, people, or physical features, you are or are recognized as: [MCQ: 1. Indigenous 2. Gypsy 3. Raizal from San Andres, Providencia and Santa Catalina Archipelago 4. Palenquero from San Basilio 5. Black, mulatto (Afro-descendant), Afro-Colombian 6. None of the above]"" .

:QGParental_Education pred:BaseQuestion ""How many years of education did your parents receive? [Open-ended]"" ;
    qg:hasSubQuestion :QParental_Education_Father, :QParental_Education_Mother .
:QParental_Education_Father pred:Text ""Father?"" .
:QParental_Education_Mother pred:Text ""Mother?"" .

:QLife_satisfaction pred:Text ""In general, how satisfied are you with all aspects of your life? [Likert 0–10: 0 = Not satisfied, 10 = Totally satisfied]"" .
:QHappiness pred:Text ""How happy did you feel yesterday? [Likert 0–10: 0 = At no time, 10 = All the time]"" .
:QLaughter pred:Text ""How much did you laugh yesterday? [Likert 0–10: 0 = At no time, 10 = All the time]"" .
:QLearning pred:Text ""Did you learn new or exciting things yesterday? [Likert 0–10: 0 = At no time, 10 = All the time]"" .
:QEnjoyment pred:Text ""How much did you enjoy the activities you did yesterday? [Likert 0–10: 0 = At no time, 10 = All the time]"" .
:QWorry pred:Text ""How worried did you feel yesterday? [Likert 0–10: 0 = At no time, 10 = All the time]"" .
:QDepression pred:Text ""How depressed did you feel yesterday? [Likert 0–10: 0 = At no time, 10 = All the time]"" .
:QAnger pred:Text ""How angry did you feel yesterday? [Likert 0–10: 0 = At no time, 10 = All the time]"" .
:QStress pred:Text ""How much stress did you feel yesterday? [Likert 0–10: 0 = At no time, 10 = All the time]"" .
:QLoneliness pred:Text ""How lonely or unsupported did you feel yesterday? [Likert 0–10: 0 = At no time, 10 = All the time]"" .

:QGEmotional_Regulation_Frequency pred:BaseQuestion ""Next, you will be asked questions about your emotional state. Please answer on a scale of 0 to 4, where 0 is never, 1 is 'almost never', 2 is 'sometimes', 3 is 'fairly often', and 4 is 'very often', how often you experienced the following feelings during the last month: [Likert 0–4]"" ;
    qg:hasSubQuestion :QEmotional_Regulation_Frequency_Upset_by_Unexpected_Events,
                      :QEmotional_Regulation_Frequency_Unable_to_Control_Important_Things,
                      :QEmotional_Regulation_Frequency_Nervous_and_Stressed,
                      :QEmotional_Regulation_Frequency_Lacked_Confidence_Handling_Problems,
                      :QEmotional_Regulation_Frequency_Things_Going_Your_Way,
                      :QEmotional_Regulation_Frequency_Unable_to_Cope,
                      :QEmotional_Regulation_Frequency_Irritated_by_Life,
                      :QEmotional_Regulation_Frequency_On_Top_of_Things,
                      :QEmotional_Regulation_Frequency_Angered_by_Uncontrollable_Events,
                      :QEmotional_Regulation_Frequency_Felt_Overwhelmed .

:QEmotional_Regulation_Frequency_Upset_by_Unexpected_Events pred:Text ""how often have you been upset because of something that happened unexpectedly?"" .
:QEmotional_Regulation_Frequency_Unable_to_Control_Important_Things pred:Text ""how often have you felt that you were unable to control the important things in your life?"" .
:QEmotional_Regulation_Frequency_Nervous_and_Stressed pred:Text ""how often have you felt nervous and stressed?"" .
:QEmotional_Regulation_Frequency_Lacked_Confidence_Handling_Problems pred:Text ""how often have you felt confident about your ability to handle your personal problems?"" .
:QEmotional_Regulation_Frequency_Things_Going_Your_Way pred:Text ""how often have you felt that things were going your way?"" .
:QEmotional_Regulation_Frequency_Unable_to_Cope pred:Text ""how often have you found that you could not cope with all the things that you had to do?"" .
:QEmotional_Regulation_Frequency_Irritated_by_Life pred:Text ""how often have you been able to control irritations in your life?"" .
:QEmotional_Regulation_Frequency_On_Top_of_Things pred:Text ""how often have you felt that you were on top of things?"" .
:QEmotional_Regulation_Frequency_Angered_by_Uncontrollable_Events pred:Text ""how often have you been angered because of things that happened that were outside of your control?"" .
:QEmotional_Regulation_Frequency_Felt_Overwhelmed pred:Text ""how often have you felt difficulties were piling up so high that you could not overcome them?"" .

:QGAnxiety_Symptoms_Frequency pred:BaseQuestion ""Next, you will be asked questions about your emotional state. Please answer on a scale of 0 to 3, where 0 is 'Not at all', 1 is 'several days', 2 is 'more than half of the days', and 3 is 'Nearly every day'. Over the last two weeks, how often have you been bothered by the following problems? [Likert 0–3]"" ;
    qg:hasSubQuestion :QAnxiety_Symptoms_Frequency_Feeling_Nervous_or_On_Edge,
                      :QAnxiety_Symptoms_Frequency_Uncontrollable_Worrying,
                      :QAnxiety_Symptoms_Frequency_Excessive_Worry,
                      :QAnxiety_Symptoms_Frequency_Trouble_Relaxing,
                      :QAnxiety_Symptoms_Frequency_Restlessness,
                      :QAnxiety_Symptoms_Frequency_Irritability,
                      :QAnxiety_Symptoms_Frequency_Fear_Something_Awful_Might_Happen .

:QAnxiety_Symptoms_Frequency_Feeling_Nervous_or_On_Edge pred:Text ""Feeling nervous, anxious, or on edge"" .
:QAnxiety_Symptoms_Frequency_Uncontrollable_Worrying pred:Text ""Not being able to stop or control worrying"" .
:QAnxiety_Symptoms_Frequency_Excessive_Worry pred:Text ""Worrying too much about different things"" .
:QAnxiety_Symptoms_Frequency_Trouble_Relaxing pred:Text ""Trouble relaxing"" .
:QAnxiety_Symptoms_Frequency_Restlessness pred:Text ""Being so restless that it is hard to sit still"" .
:QAnxiety_Symptoms_Frequency_Irritability pred:Text ""Becoming easily annoyed or irritable"" .
:QAnxiety_Symptoms_Frequency_Fear_Something_Awful_Might_Happen pred:Text ""Feeling afraid, as if something awful might happen"" .

:QGDepressive_Symptoms_Frequency pred:BaseQuestion ""Next, you will be asked questions about your emotional state. Please answer on a scale of 0 to 3, where 0 is 'Not at all', 1 is 'several days', 2 is 'more than half of the days', and 3 is 'Nearly every day'. Over the last two weeks, how often have you been bothered by the following problems?"" ;
    qg:hasSubQuestion :QDepressive_Symptoms_Frequency_Anhedonia,
                      :QDepressive_Symptoms_Frequency_Depressed_Mood,
                      :QDepressive_Symptoms_Frequency_Sleep_Problems,
                      :QDepressive_Symptoms_Frequency_Fatigue,
                      :QDepressive_Symptoms_Frequency_Appetite_Changes,
                      :QDepressive_Symptoms_Frequency_Feelings_of_Worthlessness,
                      :QDepressive_Symptoms_Frequency_Concentration_Difficulties,
                      :QDepressive_Symptoms_Frequency_Psychomotor_Changes,
                      :QDepressive_Symptoms_Frequency_Suicidal_Thoughts .

:QDepressive_Symptoms_Frequency_Anhedonia pred:Text ""Little interest or pleasure in doing things"" .
:QDepressive_Symptoms_Frequency_Depressed_Mood pred:Text ""Feeling down, depressed, or hopeless"" .
:QDepressive_Symptoms_Frequency_Sleep_Problems pred:Text ""Trouble falling or staying asleep, or sleeping too much"" .
:QDepressive_Symptoms_Frequency_Fatigue pred:Text ""Feeling tired or having little energy"" .
:QDepressive_Symptoms_Frequency_Appetite_Changes pred:Text ""Poor appetite or overeating"" .
:QDepressive_Symptoms_Frequency_Feelings_of_Worthlessness pred:Text ""Feeling bad about yourself or that you are a failure or have let yourself or your family down"" .
:QDepressive_Symptoms_Frequency_Concentration_Difficulties pred:Text ""Trouble concentrating on things, such as reading the newspaper or watching television"" .
:QDepressive_Symptoms_Frequency_Psychomotor_Changes pred:Text ""Moving or speaking so slowly that other people could have noticed. Or the opposite — being so fidgety or restless that you have been moving around a lot more than usual"" .
:QDepressive_Symptoms_Frequency_Suicidal_Thoughts pred:Text ""Thoughts that you would be better off dead, or of hurting yourself"" .

# Responses
:Respondent129 pred:Year_of_birth 2001.0 ;
     pred:Gender 2.0 ;
     pred:Socio_economic_status 3.0 ;
     pred:Ethnic_identity 6.0 .

:Respondent129_Parental_Education
                       pred:Father 13.0 ;
                       pred:Mother 13.0 .
:Respondent129 pred:hasGroupResponse :Respondent129_Parental_Education .

:Respondent129 pred:Life_satisfaction 8.0 ;
     pred:Happiness 9.0 ;
     pred:Laughter 6.0 ;
     pred:Learning 5.0 ;
     pred:Enjoyment 6.0 ;
     pred:Worry 1.0 ;
     pred:Depression 1.0 ;
     pred:Anger 1.0 ;
     pred:Stress 3.0 ;
     pred:Loneliness 0.0 .

:Respondent129_Emotional_Regulation_Frequency
                                   pred:Upset_by_Unexpected_Events 1.0 ;
                                   pred:Unable_to_Control_Important_Things 1.0 ;
                                   pred:Lacked_Confidence_Handling_Problems 3.0 ;
                                   pred:Unable_to_Cope 2.0 ;
                                   pred:Irritated_by_Life 3.0 ;
                                   pred:On_Top_of_Things 2.0 .
:Respondent129 pred:hasGroupResponse :Respondent129_Emotional_Regulation_Frequency .

:Respondent129_Anxiety_Symptoms_Frequency
                               pred:Feeling_Nervous_or_On_Edge 1.0 ;
                               pred:Trouble_Relaxing 1.0 ;
                               pred:Restlessness 0.0 ;
                               pred:Irritability 0.0 ;
                               pred:Fear_Something_Awful_Might_Happen 0.0 .
:Respondent129 pred:hasGroupResponse :Respondent129_Anxiety_Symptoms_Frequency .

:Respondent129_Depressive_Symptoms_Frequency
                                  pred:Anhedonia 1.0 ;
                                  pred:Sleep_Problems 1.0 ;
                                  pred:Fatigue 2.0 ;
                                  pred:Appetite_Changes 2.0 ;
                                  pred:Feelings_of_Worthlessness 0.0 ;
                                  pred:Concentration_Difficulties 2.0 ;
                                  pred:Suicidal_Thoughts 0.0 .
:Respondent129 pred:hasGroupResponse :Respondent129_Depressive_Symptoms_Frequency .

:Respondent128 pred:Year_of_birth 2001.0 ;
     pred:Gender 1.0 ;
     pred:Socio_economic_status 3.0 ;
     pred:Ethnic_identity 6.0 .

:Respondent128_Parental_Education
                       pred:Father 11.0 ;
                       pred:Mother 11.0 .
:Respondent128 pred:hasGroupResponse :Respondent128_Parental_Education .

:Respondent128 pred:Life_satisfaction 5.0 ;
     pred:Happiness 0.0 ;
     pred:Laughter 6.0 ;
     pred:Learning 3.0 ;
     pred:Enjoyment 1.0 ;
     pred:Worry 1.0 ;
     pred:Depression 1.0 ;
     pred:Anger 3.0 ;
     pred:Stress 3.0 ;
     pred:Loneliness 3.0 .

:Respondent128_Emotional_Regulation_Frequency
                                   pred:Upset_by_Unexpected_Events 2.0 ;
                                   pred:Unable_to_Control_Important_Things 3.0 ;
                                   pred:Lacked_Confidence_Handling_Problems 2.0 ;
                                   pred:Unable_to_Cope 3.0 ;
                                   pred:Irritated_by_Life 2.0 ;
                                   pred:On_Top_of_Things 1.0 .
:Respondent128 pred:hasGroupResponse :Respondent128_Emotional_Regulation_Frequency .

:Respondent128_Anxiety_Symptoms_Frequency
                               pred:Feeling_Nervous_or_On_Edge 1.0 ;
                               pred:Trouble_Relaxing 1.0 ;
                               pred:Restlessness 0.0 ;
                               pred:Irritability 1.0 ;
                               pred:Fear_Something_Awful_Might_Happen 1.0 .
:Respondent128 pred:hasGroupResponse :Respondent128_Anxiety_Symptoms_Frequency .

:Respondent128_Depressive_Symptoms_Frequency
                                  pred:Anhedonia 1.0 ;
                                  pred:Sleep_Problems 2.0 ;
                                  pred:Fatigue 2.0 ;
                                  pred:Appetite_Changes 1.0 ;
                                  pred:Feelings_of_Worthlessness 3.0 ;
                                  pred:Concentration_Difficulties 0.0 ;
                                  pred:Suicidal_Thoughts 0.0 .
:Respondent128 pred:hasGroupResponse :Respondent128_Depressive_Symptoms_Frequency .

:Respondent80 pred:Year_of_birth 2003.0 ;
     pred:Gender 2.0 ;
     pred:Socio_economic_status 2.0 ;
     pred:Ethnic_identity 6.0 .

:Respondent80_Parental_Education
                       pred:Father 17.0 ;
                       pred:Mother 17.0 .
:Respondent80 pred:hasGroupResponse :Respondent80_Parental_Education .

:Respondent80 pred:Life_satisfaction 6.0 ;
     pred:Happiness 8.0 ;
     pred:Laughter 7.0 ;
     pred:Learning 6.0 ;
     pred:Enjoyment 8.0 ;
     pred:Worry 0.0 ;
     pred:Depression 0.0 ;
     pred:Anger 1.0 ;
     pred:Stress 2.0 ;
     pred:Loneliness 1.0 .

:Respondent80_Emotional_Regulation_Frequency
                                   pred:Upset_by_Unexpected_Events 2.0 ;
                                   pred:Unable_to_Control_Important_Things 2.0 ;
                                   pred:Lacked_Confidence_Handling_Problems 4.0 ;
                                   pred:Unable_to_Cope 1.0 ;
                                   pred:Irritated_by_Life 3.0 ;
                                   pred:On_Top_of_Things 4.0 .
:Respondent80 pred:hasGroupResponse :Respondent80_Emotional_Regulation_Frequency .

:Respondent80_Anxiety_Symptoms_Frequency
                               pred:Feeling_Nervous_or_On_Edge 0.0 ;
                               pred:Trouble_Relaxing 0.0 ;
                               pred:Restlessness 0.0 ;
                               pred:Irritability 0.0 ;
                               pred:Fear_Something_Awful_Might_Happen 0.0 .
:Respondent80 pred:hasGroupResponse :Respondent80_Anxiety_Symptoms_Frequency .

:Respondent80_Depressive_Symptoms_Frequency
                                  pred:Anhedonia 1.0 ;
                                  pred:Sleep_Problems 1.0 ;
                                  pred:Fatigue 1.0 ;
                                  pred:Appetite_Changes 1.0 ;
                                  pred:Feelings_of_Worthlessness 0.0 ;
                                  pred:Concentration_Difficulties 0.0 ;
                                  pred:Suicidal_Thoughts 0.0 .
:Respondent80 pred:hasGroupResponse :Respondent80_Depressive_Symptoms_Frequency .
",3.0,"For respondent 129, what is the value for 'Appetite Changes' in the 'Depressive Symptoms Frequency' category?

DATA:

@prefix : <http://example.org/survey#> .
@prefix pred: <http://example.org/predicate#> .
@prefix qg: <http://example.org/question_group#> .

# Questions
:QYear_of_birth pred:Text ""What is your date of birth? [Open-ended]"" .
:QGender pred:Text ""What is your gender? [MCQ: 1. Male 2. Female]"" .
:QSocio_economic_status pred:Text ""What is the socio-economic status of your home? [Likert 1–6: 1 = Very low, 6 = Very high]"" .
:QEthnic_identity pred:Text ""According to your culture, people, or physical features, you are or are recognized as: [MCQ: 1. Indigenous 2. Gypsy 3. Raizal from San Andres, Providencia and Santa Catalina Archipelago 4. Palenquero from San Basilio 5. Black, mulatto (Afro-descendant), Afro-Colombian 6. None of the above]"" .

:QGParental_Education pred:BaseQuestion ""How many years of education did your parents receive? [Open-ended]"" ;
    qg:hasSubQuestion :QParental_Education_Father, :QParental_Education_Mother .
:QParental_Education_Father pred:Text ""Father?"" .
:QParental_Education_Mother pred:Text ""Mother?"" .

:QLife_satisfaction pred:Text ""In general, how satisfied are you with all aspects of your life? [Likert 0–10: 0 = Not satisfied, 10 = Totally satisfied]"" .
:QHappiness pred:Text ""How happy did you feel yesterday? [Likert 0–10: 0 = At no time, 10 = All the time]"" .
:QLaughter pred:Text ""How much did you laugh yesterday? [Likert 0–10: 0 = At no time, 10 = All the time]"" .
:QLearning pred:Text ""Did you learn new or exciting things yesterday? [Likert 0–10: 0 = At no time, 10 = All the time]"" .
:QEnjoyment pred:Text ""How much did you enjoy the activities you did yesterday? [Likert 0–10: 0 = At no time, 10 = All the time]"" .
:QWorry pred:Text ""How worried did you feel yesterday? [Likert 0–10: 0 = At no time, 10 = All the time]"" .
:QDepression pred:Text ""How depressed did you feel yesterday? [Likert 0–10: 0 = At no time, 10 = All the time]"" .
:QAnger pred:Text ""How angry did you feel yesterday? [Likert 0–10: 0 = At no time, 10 = All the time]"" .
:QStress pred:Text ""How much stress did you feel yesterday? [Likert 0–10: 0 = At no time, 10 = All the time]"" .
:QLoneliness pred:Text ""How lonely or unsupported did you feel yesterday? [Likert 0–10: 0 = At no time, 10 = All the time]"" .

:QGEmotional_Regulation_Frequency pred:BaseQuestion ""Next, you will be asked questions about your emotional state. Please answer on a scale of 0 to 4, where 0 is never, 1 is 'almost never', 2 is 'sometimes', 3 is 'fairly often', and 4 is 'very often', how often you experienced the following feelings during the last month: [Likert 0–4]"" ;
    qg:hasSubQuestion :QEmotional_Regulation_Frequency_Upset_by_Unexpected_Events,
                      :QEmotional_Regulation_Frequency_Unable_to_Control_Important_Things,
                      :QEmotional_Regulation_Frequency_Nervous_and_Stressed,
                      :QEmotional_Regulation_Frequency_Lacked_Confidence_Handling_Problems,
                      :QEmotional_Regulation_Frequency_Things_Going_Your_Way,
                      :QEmotional_Regulation_Frequency_Unable_to_Cope,
                      :QEmotional_Regulation_Frequency_Irritated_by_Life,
                      :QEmotional_Regulation_Frequency_On_Top_of_Things,
                      :QEmotional_Regulation_Frequency_Angered_by_Uncontrollable_Events,
                      :QEmotional_Regulation_Frequency_Felt_Overwhelmed .

:QEmotional_Regulation_Frequency_Upset_by_Unexpected_Events pred:Text ""how often have you been upset because of something that happened unexpectedly?"" .
:QEmotional_Regulation_Frequency_Unable_to_Control_Important_Things pred:Text ""how often have you felt that you were unable to control the important things in your life?"" .
:QEmotional_Regulation_Frequency_Nervous_and_Stressed pred:Text ""how often have you felt nervous and stressed?"" .
:QEmotional_Regulation_Frequency_Lacked_Confidence_Handling_Problems pred:Text ""how often have you felt confident about your ability to handle your personal problems?"" .
:QEmotional_Regulation_Frequency_Things_Going_Your_Way pred:Text ""how often have you felt that things were going your way?"" .
:QEmotional_Regulation_Frequency_Unable_to_Cope pred:Text ""how often have you found that you could not cope with all the things that you had to do?"" .
:QEmotional_Regulation_Frequency_Irritated_by_Life pred:Text ""how often have you been able to control irritations in your life?"" .
:QEmotional_Regulation_Frequency_On_Top_of_Things pred:Text ""how often have you felt that you were on top of things?"" .
:QEmotional_Regulation_Frequency_Angered_by_Uncontrollable_Events pred:Text ""how often have you been angered because of things that happened that were outside of your control?"" .
:QEmotional_Regulation_Frequency_Felt_Overwhelmed pred:Text ""how often have you felt difficulties were piling up so high that you could not overcome them?"" .

:QGAnxiety_Symptoms_Frequency pred:BaseQuestion ""Next, you will be asked questions about your emotional state. Please answer on a scale of 0 to 3, where 0 is 'Not at all', 1 is 'several days', 2 is 'more than half of the days', and 3 is 'Nearly every day'. Over the last two weeks, how often have you been bothered by the following problems? [Likert 0–3]"" ;
    qg:hasSubQuestion :QAnxiety_Symptoms_Frequency_Feeling_Nervous_or_On_Edge,
                      :QAnxiety_Symptoms_Frequency_Uncontrollable_Worrying,
                      :QAnxiety_Symptoms_Frequency_Excessive_Worry,
                      :QAnxiety_Symptoms_Frequency_Trouble_Relaxing,
                      :QAnxiety_Symptoms_Frequency_Restlessness,
                      :QAnxiety_Symptoms_Frequency_Irritability,
                      :QAnxiety_Symptoms_Frequency_Fear_Something_Awful_Might_Happen .

:QAnxiety_Symptoms_Frequency_Feeling_Nervous_or_On_Edge pred:Text ""Feeling nervous, anxious, or on edge"" .
:QAnxiety_Symptoms_Frequency_Uncontrollable_Worrying pred:Text ""Not being able to stop or control worrying"" .
:QAnxiety_Symptoms_Frequency_Excessive_Worry pred:Text ""Worrying too much about different things"" .
:QAnxiety_Symptoms_Frequency_Trouble_Relaxing pred:Text ""Trouble relaxing"" .
:QAnxiety_Symptoms_Frequency_Restlessness pred:Text ""Being so restless that it is hard to sit still"" .
:QAnxiety_Symptoms_Frequency_Irritability pred:Text ""Becoming easily annoyed or irritable"" .
:QAnxiety_Symptoms_Frequency_Fear_Something_Awful_Might_Happen pred:Text ""Feeling afraid, as if something awful might happen"" .

:QGDepressive_Symptoms_Frequency pred:BaseQuestion ""Next, you will be asked questions about your emotional state. Please answer on a scale of 0 to 3, where 0 is 'Not at all', 1 is 'several days', 2 is 'more than half of the days', and 3 is 'Nearly every day'. Over the last two weeks, how often have you been bothered by the following problems?"" ;
    qg:hasSubQuestion :QDepressive_Symptoms_Frequency_Anhedonia,
                      :QDepressive_Symptoms_Frequency_Depressed_Mood,
                      :QDepressive_Symptoms_Frequency_Sleep_Problems,
                      :QDepressive_Symptoms_Frequency_Fatigue,
                      :QDepressive_Symptoms_Frequency_Appetite_Changes,
                      :QDepressive_Symptoms_Frequency_Feelings_of_Worthlessness,
                      :QDepressive_Symptoms_Frequency_Concentration_Difficulties,
                      :QDepressive_Symptoms_Frequency_Psychomotor_Changes,
                      :QDepressive_Symptoms_Frequency_Suicidal_Thoughts .

:QDepressive_Symptoms_Frequency_Anhedonia pred:Text ""Little interest or pleasure in doing things"" .
:QDepressive_Symptoms_Frequency_Depressed_Mood pred:Text ""Feeling down, depressed, or hopeless"" .
:QDepressive_Symptoms_Frequency_Sleep_Problems pred:Text ""Trouble falling or staying asleep, or sleeping too much"" .
:QDepressive_Symptoms_Frequency_Fatigue pred:Text ""Feeling tired or having little energy"" .
:QDepressive_Symptoms_Frequency_Appetite_Changes pred:Text ""Poor appetite or overeating"" .
:QDepressive_Symptoms_Frequency_Feelings_of_Worthlessness pred:Text ""Feeling bad about yourself or that you are a failure or have let yourself or your family down"" .
:QDepressive_Symptoms_Frequency_Concentration_Difficulties pred:Text ""Trouble concentrating on things, such as reading the newspaper or watching television"" .
:QDepressive_Symptoms_Frequency_Psychomotor_Changes pred:Text ""Moving or speaking so slowly that other people could have noticed. Or the opposite — being so fidgety or restless that you have been moving around a lot more than usual"" .
:QDepressive_Symptoms_Frequency_Suicidal_Thoughts pred:Text ""Thoughts that you would be better off dead, or of hurting yourself"" .

# Responses
:Respondent73 pred:Year_of_birth 2005.0 ;
     pred:Gender 2.0 ;
     pred:Socio_economic_status 2.0 ;
     pred:Ethnic_identity 6.0 .

:Respondent73_Parental_Education
                       pred:Father 25.0 ;
                       pred:Mother 15.0 .
:Respondent73 pred:hasGroupResponse :Respondent73_Parental_Education .

:Respondent73 pred:Life_satisfaction 8.0 ;
     pred:Happiness 5.0 ;
     pred:Laughter 4.0 ;
     pred:Learning 5.0 ;
     pred:Enjoyment 5.0 ;
     pred:Worry 2.0 ;
     pred:Depression 1.0 ;
     pred:Anger 2.0 ;
     pred:Stress 4.0 ;
     pred:Loneliness 6.0 .

:Respondent73_Emotional_Regulation_Frequency
                                   pred:Upset_by_Unexpected_Events 2.0 ;
                                   pred:Unable_to_Control_Important_Things 2.0 ;
                                   pred:Lacked_Confidence_Handling_Problems 2.0 ;
                                   pred:Unable_to_Cope 2.0 ;
                                   pred:Irritated_by_Life 2.0 ;
                                   pred:On_Top_of_Things 2.0 .
:Respondent73 pred:hasGroupResponse :Respondent73_Emotional_Regulation_Frequency .

:Respondent73_Anxiety_Symptoms_Frequency
                               pred:Feeling_Nervous_or_On_Edge 2.0 ;
                               pred:Trouble_Relaxing 1.0 ;
                               pred:Restlessness 1.0 ;
                               pred:Irritability 2.0 ;
                               pred:Fear_Something_Awful_Might_Happen 2.0 .
:Respondent73 pred:hasGroupResponse :Respondent73_Anxiety_Symptoms_Frequency .

:Respondent73_Depressive_Symptoms_Frequency
                                  pred:Anhedonia 1.0 ;
                                  pred:Sleep_Problems 2.0 ;
                                  pred:Fatigue 1.0 ;
                                  pred:Appetite_Changes 1.0 ;
                                  pred:Feelings_of_Worthlessness 1.0 ;
                                  pred:Concentration_Difficulties 1.0 ;
                                  pred:Suicidal_Thoughts 0.0 .
:Respondent73 pred:hasGroupResponse :Respondent73_Depressive_Symptoms_Frequency .

:Respondent85 pred:Year_of_birth 2004.0 ;
     pred:Gender 2.0 ;
     pred:Socio_economic_status 3.0 ;
     pred:Ethnic_identity 6.0 .

:Respondent85_Parental_Education
                       pred:Father 18.0 .
:Respondent85 pred:hasGroupResponse :Respondent85_Parental_Education .

:Respondent85 pred:Life_satisfaction 5.0 ;
     pred:Happiness 6.0 ;
     pred:Laughter 6.0 ;
     pred:Learning 8.0 ;
     pred:Enjoyment 5.0 ;
     pred:Worry 1.0 ;
     pred:Depression 1.0 ;
     pred:Anger 2.0 ;
     pred:Stress 4.0 ;
     pred:Loneliness 1.0 .

:Respondent85_Emotional_Regulation_Frequency
                                   pred:Upset_by_Unexpected_Events 2.0 ;
                                   pred:Unable_to_Control_Important_Things 3.0 ;
                                   pred:Lacked_Confidence_Handling_Problems 2.0 ;
                                   pred:Unable_to_Cope 3.0 ;
                                   pred:Irritated_by_Life 3.0 ;
                                   pred:On_Top_of_Things 2.0 .
:Respondent85 pred:hasGroupResponse :Respondent85_Emotional_Regulation_Frequency .

:Respondent85_Anxiety_Symptoms_Frequency
                               pred:Feeling_Nervous_or_On_Edge 1.0 ;
                               pred:Trouble_Relaxing 1.0 ;
                               pred:Restlessness 0.0 ;
                               pred:Irritability 1.0 ;
                               pred:Fear_Something_Awful_Might_Happen 1.0 .
:Respondent85 pred:hasGroupResponse :Respondent85_Anxiety_Symptoms_Frequency .

:Respondent85_Depressive_Symptoms_Frequency
                                  pred:Anhedonia 2.0 ;
                                  pred:Sleep_Problems 2.0 ;
                                  pred:Fatigue 3.0 ;
                                  pred:Appetite_Changes 3.0 ;
                                  pred:Feelings_of_Worthlessness 1.0 ;
                                  pred:Concentration_Difficulties 1.0 ;
                                  pred:Suicidal_Thoughts 0.0 .
:Respondent85 pred:hasGroupResponse :Respondent85_Depressive_Symptoms_Frequency .

:Respondent129 pred:Year_of_birth 2001.0 ;
     pred:Gender 2.0 ;
     pred:Socio_economic_status 3.0 ;
     pred:Ethnic_identity 6.0 .

:Respondent129_Parental_Education
                       pred:Father 13.0 ;
                       pred:Mother 13.0 .
:Respondent129 pred:hasGroupResponse :Respondent129_Parental_Education .

:Respondent129 pred:Life_satisfaction 8.0 ;
     pred:Happiness 9.0 ;
     pred:Laughter 6.0 ;
     pred:Learning 5.0 ;
     pred:Enjoyment 6.0 ;
     pred:Worry 1.0 ;
     pred:Depression 1.0 ;
     pred:Anger 1.0 ;
     pred:Stress 3.0 ;
     pred:Loneliness 0.0 .

:Respondent129_Emotional_Regulation_Frequency
                                   pred:Upset_by_Unexpected_Events 1.0 ;
                                   pred:Unable_to_Control_Important_Things 1.0 ;
                                   pred:Lacked_Confidence_Handling_Problems 3.0 ;
                                   pred:Unable_to_Cope 2.0 ;
                                   pred:Irritated_by_Life 3.0 ;
                                   pred:On_Top_of_Things 2.0 .
:Respondent129 pred:hasGroupResponse :Respondent129_Emotional_Regulation_Frequency .

:Respondent129_Anxiety_Symptoms_Frequency
                               pred:Feeling_Nervous_or_On_Edge 1.0 ;
                               pred:Trouble_Relaxing 1.0 ;
                               pred:Restlessness 0.0 ;
                               pred:Irritability 0.0 ;
                               pred:Fear_Something_Awful_Might_Happen 0.0 .
:Respondent129 pred:hasGroupResponse :Respondent129_Anxiety_Symptoms_Frequency .

:Respondent129_Depressive_Symptoms_Frequency
                                  pred:Anhedonia 1.0 ;
                                  pred:Sleep_Problems 1.0 ;
                                  pred:Fatigue 2.0 ;
                                  pred:Appetite_Changes 2.0 ;
                                  pred:Feelings_of_Worthlessness 0.0 ;
                                  pred:Concentration_Difficulties 2.0 ;
                                  pred:Suicidal_Thoughts 0.0 .
:Respondent129 pred:hasGroupResponse :Respondent129_Depressive_Symptoms_Frequency .

Answer: 2.0

@prefix : <http://example.org/survey#> .
@prefix pred: <http://example.org/predicate#> .
@prefix qg: <http://example.org/question_group#> .

# Questions
:QYear_of_birth pred:Text ""What is your date of birth? [Open-ended]"" .
:QGender pred:Text ""What is your gender? [MCQ: 1. Male 2. Female]"" .
:QSocio_economic_status pred:Text ""What is the socio-economic status of your home? [Likert 1–6: 1 = Very low, 6 = Very high]"" .
:QEthnic_identity pred:Text ""According to your culture, people, or physical features, you are or are recognized as: [MCQ: 1. Indigenous 2. Gypsy 3. Raizal from San Andres, Providencia and Santa Catalina Archipelago 4. Palenquero from San Basilio 5. Black, mulatto (Afro-descendant), Afro-Colombian 6. None of the above]"" .

:QGParental_Education pred:BaseQuestion ""How many years of education did your parents receive? [Open-ended]"" ;
    qg:hasSubQuestion :QParental_Education_Father, :QParental_Education_Mother .
:QParental_Education_Father pred:Text ""Father?"" .
:QParental_Education_Mother pred:Text ""Mother?"" .

:QLife_satisfaction pred:Text ""In general, how satisfied are you with all aspects of your life? [Likert 0–10: 0 = Not satisfied, 10 = Totally satisfied]"" .
:QHappiness pred:Text ""How happy did you feel yesterday? [Likert 0–10: 0 = At no time, 10 = All the time]"" .
:QLaughter pred:Text ""How much did you laugh yesterday? [Likert 0–10: 0 = At no time, 10 = All the time]"" .
:QLearning pred:Text ""Did you learn new or exciting things yesterday? [Likert 0–10: 0 = At no time, 10 = All the time]"" .
:QEnjoyment pred:Text ""How much did you enjoy the activities you did yesterday? [Likert 0–10: 0 = At no time, 10 = All the time]"" .
:QWorry pred:Text ""How worried did you feel yesterday? [Likert 0–10: 0 = At no time, 10 = All the time]"" .
:QDepression pred:Text ""How depressed did you feel yesterday? [Likert 0–10: 0 = At no time, 10 = All the time]"" .
:QAnger pred:Text ""How angry did you feel yesterday? [Likert 0–10: 0 = At no time, 10 = All the time]"" .
:QStress pred:Text ""How much stress did you feel yesterday? [Likert 0–10: 0 = At no time, 10 = All the time]"" .
:QLoneliness pred:Text ""How lonely or unsupported did you feel yesterday? [Likert 0–10: 0 = At no time, 10 = All the time]"" .

:QGEmotional_Regulation_Frequency pred:BaseQuestion ""Next, you will be asked questions about your emotional state. Please answer on a scale of 0 to 4, where 0 is never, 1 is 'almost never', 2 is 'sometimes', 3 is 'fairly often', and 4 is 'very often', how often you experienced the following feelings during the last month: [Likert 0–4]"" ;
    qg:hasSubQuestion :QEmotional_Regulation_Frequency_Upset_by_Unexpected_Events,
                      :QEmotional_Regulation_Frequency_Unable_to_Control_Important_Things,
                      :QEmotional_Regulation_Frequency_Nervous_and_Stressed,
                      :QEmotional_Regulation_Frequency_Lacked_Confidence_Handling_Problems,
                      :QEmotional_Regulation_Frequency_Things_Going_Your_Way,
                      :QEmotional_Regulation_Frequency_Unable_to_Cope,
                      :QEmotional_Regulation_Frequency_Irritated_by_Life,
                      :QEmotional_Regulation_Frequency_On_Top_of_Things,
                      :QEmotional_Regulation_Frequency_Angered_by_Uncontrollable_Events,
                      :QEmotional_Regulation_Frequency_Felt_Overwhelmed .

:QEmotional_Regulation_Frequency_Upset_by_Unexpected_Events pred:Text ""how often have you been upset because of something that happened unexpectedly?"" .
:QEmotional_Regulation_Frequency_Unable_to_Control_Important_Things pred:Text ""how often have you felt that you were unable to control the important things in your life?"" .
:QEmotional_Regulation_Frequency_Nervous_and_Stressed pred:Text ""how often have you felt nervous and stressed?"" .
:QEmotional_Regulation_Frequency_Lacked_Confidence_Handling_Problems pred:Text ""how often have you felt confident about your ability to handle your personal problems?"" .
:QEmotional_Regulation_Frequency_Things_Going_Your_Way pred:Text ""how often have you felt that things were going your way?"" .
:QEmotional_Regulation_Frequency_Unable_to_Cope pred:Text ""how often have you found that you could not cope with all the things that you had to do?"" .
:QEmotional_Regulation_Frequency_Irritated_by_Life pred:Text ""how often have you been able to control irritations in your life?"" .
:QEmotional_Regulation_Frequency_On_Top_of_Things pred:Text ""how often have you felt that you were on top of things?"" .
:QEmotional_Regulation_Frequency_Angered_by_Uncontrollable_Events pred:Text ""how often have you been angered because of things that happened that were outside of your control?"" .
:QEmotional_Regulation_Frequency_Felt_Overwhelmed pred:Text ""how often have you felt difficulties were piling up so high that you could not overcome them?"" .

:QGAnxiety_Symptoms_Frequency pred:BaseQuestion ""Next, you will be asked questions about your emotional state. Please answer on a scale of 0 to 3, where 0 is 'Not at all', 1 is 'several days', 2 is 'more than half of the days', and 3 is 'Nearly every day'. Over the last two weeks, how often have you been bothered by the following problems? [Likert 0–3]"" ;
    qg:hasSubQuestion :QAnxiety_Symptoms_Frequency_Feeling_Nervous_or_On_Edge,
                      :QAnxiety_Symptoms_Frequency_Uncontrollable_Worrying,
                      :QAnxiety_Symptoms_Frequency_Excessive_Worry,
                      :QAnxiety_Symptoms_Frequency_Trouble_Relaxing,
                      :QAnxiety_Symptoms_Frequency_Restlessness,
                      :QAnxiety_Symptoms_Frequency_Irritability,
                      :QAnxiety_Symptoms_Frequency_Fear_Something_Awful_Might_Happen .

:QAnxiety_Symptoms_Frequency_Feeling_Nervous_or_On_Edge pred:Text ""Feeling nervous, anxious, or on edge"" .
:QAnxiety_Symptoms_Frequency_Uncontrollable_Worrying pred:Text ""Not being able to stop or control worrying"" .
:QAnxiety_Symptoms_Frequency_Excessive_Worry pred:Text ""Worrying too much about different things"" .
:QAnxiety_Symptoms_Frequency_Trouble_Relaxing pred:Text ""Trouble relaxing"" .
:QAnxiety_Symptoms_Frequency_Restlessness pred:Text ""Being so restless that it is hard to sit still"" .
:QAnxiety_Symptoms_Frequency_Irritability pred:Text ""Becoming easily annoyed or irritable"" .
:QAnxiety_Symptoms_Frequency_Fear_Something_Awful_Might_Happen pred:Text ""Feeling afraid, as if something awful might happen"" .

:QGDepressive_Symptoms_Frequency pred:BaseQuestion ""Next, you will be asked questions about your emotional state. Please answer on a scale of 0 to 3, where 0 is 'Not at all', 1 is 'several days', 2 is 'more than half of the days', and 3 is 'Nearly every day'. Over the last two weeks, how often have you been bothered by the following problems?"" ;
    qg:hasSubQuestion :QDepressive_Symptoms_Frequency_Anhedonia,
                      :QDepressive_Symptoms_Frequency_Depressed_Mood,
                      :QDepressive_Symptoms_Frequency_Sleep_Problems,
                      :QDepressive_Symptoms_Frequency_Fatigue,
                      :QDepressive_Symptoms_Frequency_Appetite_Changes,
                      :QDepressive_Symptoms_Frequency_Feelings_of_Worthlessness,
                      :QDepressive_Symptoms_Frequency_Concentration_Difficulties,
                      :QDepressive_Symptoms_Frequency_Psychomotor_Changes,
                      :QDepressive_Symptoms_Frequency_Suicidal_Thoughts .

:QDepressive_Symptoms_Frequency_Anhedonia pred:Text ""Little interest or pleasure in doing things"" .
:QDepressive_Symptoms_Frequency_Depressed_Mood pred:Text ""Feeling down, depressed, or hopeless"" .
:QDepressive_Symptoms_Frequency_Sleep_Problems pred:Text ""Trouble falling or staying asleep, or sleeping too much"" .
:QDepressive_Symptoms_Frequency_Fatigue pred:Text ""Feeling tired or having little energy"" .
:QDepressive_Symptoms_Frequency_Appetite_Changes pred:Text ""Poor appetite or overeating"" .
:QDepressive_Symptoms_Frequency_Feelings_of_Worthlessness pred:Text ""Feeling bad about yourself or that you are a failure or have let yourself or your family down"" .
:QDepressive_Symptoms_Frequency_Concentration_Difficulties pred:Text ""Trouble concentrating on things, such as reading the newspaper or watching television"" .
:QDepressive_Symptoms_Frequency_Psychomotor_Changes pred:Text ""Moving or speaking so slowly that other people could have noticed. Or the opposite — being so fidgety or restless that you have been moving around a lot more than usual"" .
:QDepressive_Symptoms_Frequency_Suicidal_Thoughts pred:Text ""Thoughts that you would be better off dead, or of hurting yourself"" .

# Responses
:Respondent129 pred:Year_of_birth 2001.0 ;
     pred:Gender 2.0 ;
     pred:Socio_economic_status 3.0 ;
     pred:Ethnic_identity 6.0 .

:Respondent129_Parental_Education
                       pred:Father 13.0 ;
                       pred:Mother 13.0 .
:Respondent129 pred:hasGroupResponse :Respondent129_Parental_Education .

:Respondent129 pred:Life_satisfaction 8.0 ;
     pred:Happiness 9.0 ;
     pred:Laughter 6.0 ;
     pred:Learning 5.0 ;
     pred:Enjoyment 6.0 ;
     pred:Worry 1.0 ;
     pred:Depression 1.0 ;
     pred:Anger 1.0 ;
     pred:Stress 3.0 ;
     pred:Loneliness 0.0 .

:Respondent129_Emotional_Regulation_Frequency
                                   pred:Upset_by_Unexpected_Events 1.0 ;
                                   pred:Unable_to_Control_Important_Things 1.0 ;
                                   pred:Lacked_Confidence_Handling_Problems 3.0 ;
                                   pred:Unable_to_Cope 2.0 ;
                                   pred:Irritated_by_Life 3.0 ;
                                   pred:On_Top_of_Things 2.0 .
:Respondent129 pred:hasGroupResponse :Respondent129_Emotional_Regulation_Frequency .

:Respondent129_Anxiety_Symptoms_Frequency
                               pred:Feeling_Nervous_or_On_Edge 1.0 ;
                               pred:Trouble_Relaxing 1.0 ;
                               pred:Restlessness 0.0 ;
                               pred:Irritability 0.0 ;
                               pred:Fear_Something_Awful_Might_Happen 0.0 .
:Respondent129 pred:hasGroupResponse :Respondent129_Anxiety_Symptoms_Frequency .

:Respondent129_Depressive_Symptoms_Frequency
                                  pred:Anhedonia 1.0 ;
                                  pred:Sleep_Problems 1.0 ;
                                  pred:Fatigue 2.0 ;
                                  pred:Appetite_Changes 2.0 ;
                                  pred:Feelings_of_Worthlessness 0.0 ;
                                  pred:Concentration_Difficulties 2.0 ;
                                  pred:Suicidal_Thoughts 0.0 .
:Respondent129 pred:hasGroupResponse :Respondent129_Depressive_Symptoms_Frequency .

:Respondent128 pred:Year_of_birth 2001.0 ;
     pred:Gender 1.0 ;
     pred:Socio_economic_status 3.0 ;
     pred:Ethnic_identity 6.0 .

:Respondent128_Parental_Education
                       pred:Father 11.0 ;
                       pred:Mother 11.0 .
:Respondent128 pred:hasGroupResponse :Respondent128_Parental_Education .

:Respondent128 pred:Life_satisfaction 5.0 ;
     pred:Happiness 0.0 ;
     pred:Laughter 6.0 ;
     pred:Learning 3.0 ;
     pred:Enjoyment 1.0 ;
     pred:Worry 1.0 ;
     pred:Depression 1.0 ;
     pred:Anger 3.0 ;
     pred:Stress 3.0 ;
     pred:Loneliness 3.0 .

:Respondent128_Emotional_Regulation_Frequency
                                   pred:Upset_by_Unexpected_Events 2.0 ;
                                   pred:Unable_to_Control_Important_Things 3.0 ;
                                   pred:Lacked_Confidence_Handling_Problems 2.0 ;
                                   pred:Unable_to_Cope 3.0 ;
                                   pred:Irritated_by_Life 2.0 ;
                                   pred:On_Top_of_Things 1.0 .
:Respondent128 pred:hasGroupResponse :Respondent128_Emotional_Regulation_Frequency .

:Respondent128_Anxiety_Symptoms_Frequency
                               pred:Feeling_Nervous_or_On_Edge 1.0 ;
                               pred:Trouble_Relaxing 1.0 ;
                               pred:Restlessness 0.0 ;
                               pred:Irritability 1.0 ;
                               pred:Fear_Something_Awful_Might_Happen 1.0 .
:Respondent128 pred:hasGroupResponse :Respondent128_Anxiety_Symptoms_Frequency .

:Respondent128_Depressive_Symptoms_Frequency
                                  pred:Anhedonia 1.0 ;
                                  pred:Sleep_Problems 2.0 ;
                                  pred:Fatigue 2.0 ;
                                  pred:Appetite_Changes 1.0 ;
                                  pred:Feelings_of_Worthlessness 3.0 ;
                                  pred:Concentration_Difficulties 0.0 ;
                                  pred:Suicidal_Thoughts 0.0 .
:Respondent128 pred:hasGroupResponse :Respondent128_Depressive_Symptoms_Frequency .

:Respondent80 pred:Year_of_birth 2003.0 ;
     pred:Gender 2.0 ;
     pred:Socio_economic_status 2.0 ;
     pred:Ethnic_identity 6.0 .

:Respondent80_Parental_Education
                       pred:Father 17.0 ;
                       pred:Mother 17.0 .
:Respondent80 pred:hasGroupResponse :Respondent80_Parental_Education .

:Respondent80 pred:Life_satisfaction 6.0 ;
     pred:Happiness 8.0 ;
     pred:Laughter 7.0 ;
     pred:Learning 6.0 ;
     pred:Enjoyment 8.0 ;
     pred:Worry 0.0 ;
     pred:Depression 0.0 ;
     pred:Anger 1.0 ;
     pred:Stress 2.0 ;
     pred:Loneliness 1.0 .

:Respondent80_Emotional_Regulation_Frequency
                                   pred:Upset_by_Unexpected_Events 2.0 ;
                                   pred:Unable_to_Control_Important_Things 2.0 ;
                                   pred:Lacked_Confidence_Handling_Problems 4.0 ;
                                   pred:Unable_to_Cope 1.0 ;
                                   pred:Irritated_by_Life 3.0 ;
                                   pred:On_Top_of_Things 4.0 .
:Respondent80 pred:hasGroupResponse :Respondent80_Emotional_Regulation_Frequency .

:Respondent80_Anxiety_Symptoms_Frequency
                               pred:Feeling_Nervous_or_On_Edge 0.0 ;
                               pred:Trouble_Relaxing 0.0 ;
                               pred:Restlessness 0.0 ;
                               pred:Irritability 0.0 ;
                               pred:Fear_Something_Awful_Might_Happen 0.0 .
:Respondent80 pred:hasGroupResponse :Respondent80_Anxiety_Symptoms_Frequency .

:Respondent80_Depressive_Symptoms_Frequency
                                  pred:Anhedonia 1.0 ;
                                  pred:Sleep_Problems 1.0 ;
                                  pred:Fatigue 1.0 ;
                                  pred:Appetite_Changes 1.0 ;
                                  pred:Feelings_of_Worthlessness 0.0 ;
                                  pred:Concentration_Difficulties 0.0 ;
                                  pred:Suicidal_Thoughts 0.0 .
:Respondent80 pred:hasGroupResponse :Respondent80_Depressive_Symptoms_Frequency .

You are a meticulous data analyst AI. Your primary function is to accurately analyze structured data and provide precise, verifiable answers.

You will be given a dataset with two key parts:

A 'questions' section: This is your data dictionary or schema. It is the single source of truth for understanding what each field and score means. Refer to it carefully.

A 'responses' section: This contains the raw data from each individual respondent.

To answer the question correctly, you must first use the 'questions' schema to fully understand the context and meaning of the data points within the 'responses'. Do not rely on any prior knowledge outside of this provided data. Base your entire analysis on the information given.

Provide your final answer directly and concisely. Output must be the human-readable value, not an option code.

Rules:
- For MCQ fields, map any letter codes in the Responses (case-insensitive) to the corresponding option text from the Questions schema, and output only that text. Do NOT include the letter or both.
  Example: If the schema is ""[MCQ: A. Abnormal B. Inconclusive C. Normal]"" and the response is ""a"", output ""Abnormal"".
- For open-ended fields, output the exact text value.
- If the question asks for a count, provide only the number (e.g., ""42"").
- If the question asks for a list of names or IDs, provide a simple comma-separated list (e.g., ""17, 21, 23"").
- Preserve capitalization exactly as in the schema (e.g., output ""Abnormal"", not ""abnormal"" or ""A"").

What is the stress for respondent 128?",,
case_30,answer_lookup,What is the worry for respondent 147?,"@prefix : <http://example.org/survey#> .
@prefix pred: <http://example.org/predicate#> .
@prefix qg: <http://example.org/question_group#> .

# Questions
:QYear_of_birth pred:Text ""What is your date of birth? [Open-ended]"" .
:QGender pred:Text ""What is your gender? [MCQ: 1. Male 2. Female]"" .
:QSocio_economic_status pred:Text ""What is the socio-economic status of your home? [Likert 1–6: 1 = Very low, 6 = Very high]"" .
:QEthnic_identity pred:Text ""According to your culture, people, or physical features, you are or are recognized as: [MCQ: 1. Indigenous 2. Gypsy 3. Raizal from San Andres, Providencia and Santa Catalina Archipelago 4. Palenquero from San Basilio 5. Black, mulatto (Afro-descendant), Afro-Colombian 6. None of the above]"" .

:QGParental_Education pred:BaseQuestion ""How many years of education did your parents receive? [Open-ended]"" ;
    qg:hasSubQuestion :QParental_Education_Father, :QParental_Education_Mother .
:QParental_Education_Father pred:Text ""Father?"" .
:QParental_Education_Mother pred:Text ""Mother?"" .

:QLife_satisfaction pred:Text ""In general, how satisfied are you with all aspects of your life? [Likert 0–10: 0 = Not satisfied, 10 = Totally satisfied]"" .
:QHappiness pred:Text ""How happy did you feel yesterday? [Likert 0–10: 0 = At no time, 10 = All the time]"" .
:QLaughter pred:Text ""How much did you laugh yesterday? [Likert 0–10: 0 = At no time, 10 = All the time]"" .
:QLearning pred:Text ""Did you learn new or exciting things yesterday? [Likert 0–10: 0 = At no time, 10 = All the time]"" .
:QEnjoyment pred:Text ""How much did you enjoy the activities you did yesterday? [Likert 0–10: 0 = At no time, 10 = All the time]"" .
:QWorry pred:Text ""How worried did you feel yesterday? [Likert 0–10: 0 = At no time, 10 = All the time]"" .
:QDepression pred:Text ""How depressed did you feel yesterday? [Likert 0–10: 0 = At no time, 10 = All the time]"" .
:QAnger pred:Text ""How angry did you feel yesterday? [Likert 0–10: 0 = At no time, 10 = All the time]"" .
:QStress pred:Text ""How much stress did you feel yesterday? [Likert 0–10: 0 = At no time, 10 = All the time]"" .
:QLoneliness pred:Text ""How lonely or unsupported did you feel yesterday? [Likert 0–10: 0 = At no time, 10 = All the time]"" .

:QGEmotional_Regulation_Frequency pred:BaseQuestion ""Next, you will be asked questions about your emotional state. Please answer on a scale of 0 to 4, where 0 is never, 1 is 'almost never', 2 is 'sometimes', 3 is 'fairly often', and 4 is 'very often', how often you experienced the following feelings during the last month: [Likert 0–4]"" ;
    qg:hasSubQuestion :QEmotional_Regulation_Frequency_Upset_by_Unexpected_Events,
                      :QEmotional_Regulation_Frequency_Unable_to_Control_Important_Things,
                      :QEmotional_Regulation_Frequency_Nervous_and_Stressed,
                      :QEmotional_Regulation_Frequency_Lacked_Confidence_Handling_Problems,
                      :QEmotional_Regulation_Frequency_Things_Going_Your_Way,
                      :QEmotional_Regulation_Frequency_Unable_to_Cope,
                      :QEmotional_Regulation_Frequency_Irritated_by_Life,
                      :QEmotional_Regulation_Frequency_On_Top_of_Things,
                      :QEmotional_Regulation_Frequency_Angered_by_Uncontrollable_Events,
                      :QEmotional_Regulation_Frequency_Felt_Overwhelmed .

:QEmotional_Regulation_Frequency_Upset_by_Unexpected_Events pred:Text ""how often have you been upset because of something that happened unexpectedly?"" .
:QEmotional_Regulation_Frequency_Unable_to_Control_Important_Things pred:Text ""how often have you felt that you were unable to control the important things in your life?"" .
:QEmotional_Regulation_Frequency_Nervous_and_Stressed pred:Text ""how often have you felt nervous and stressed?"" .
:QEmotional_Regulation_Frequency_Lacked_Confidence_Handling_Problems pred:Text ""how often have you felt confident about your ability to handle your personal problems?"" .
:QEmotional_Regulation_Frequency_Things_Going_Your_Way pred:Text ""how often have you felt that things were going your way?"" .
:QEmotional_Regulation_Frequency_Unable_to_Cope pred:Text ""how often have you found that you could not cope with all the things that you had to do?"" .
:QEmotional_Regulation_Frequency_Irritated_by_Life pred:Text ""how often have you been able to control irritations in your life?"" .
:QEmotional_Regulation_Frequency_On_Top_of_Things pred:Text ""how often have you felt that you were on top of things?"" .
:QEmotional_Regulation_Frequency_Angered_by_Uncontrollable_Events pred:Text ""how often have you been angered because of things that happened that were outside of your control?"" .
:QEmotional_Regulation_Frequency_Felt_Overwhelmed pred:Text ""how often have you felt difficulties were piling up so high that you could not overcome them?"" .

:QGAnxiety_Symptoms_Frequency pred:BaseQuestion ""Next, you will be asked questions about your emotional state. Please answer on a scale of 0 to 3, where 0 is 'Not at all', 1 is 'several days', 2 is 'more than half of the days', and 3 is 'Nearly every day'. Over the last two weeks, how often have you been bothered by the following problems? [Likert 0–3]"" ;
    qg:hasSubQuestion :QAnxiety_Symptoms_Frequency_Feeling_Nervous_or_On_Edge,
                      :QAnxiety_Symptoms_Frequency_Uncontrollable_Worrying,
                      :QAnxiety_Symptoms_Frequency_Excessive_Worry,
                      :QAnxiety_Symptoms_Frequency_Trouble_Relaxing,
                      :QAnxiety_Symptoms_Frequency_Restlessness,
                      :QAnxiety_Symptoms_Frequency_Irritability,
                      :QAnxiety_Symptoms_Frequency_Fear_Something_Awful_Might_Happen .

:QAnxiety_Symptoms_Frequency_Feeling_Nervous_or_On_Edge pred:Text ""Feeling nervous, anxious, or on edge"" .
:QAnxiety_Symptoms_Frequency_Uncontrollable_Worrying pred:Text ""Not being able to stop or control worrying"" .
:QAnxiety_Symptoms_Frequency_Excessive_Worry pred:Text ""Worrying too much about different things"" .
:QAnxiety_Symptoms_Frequency_Trouble_Relaxing pred:Text ""Trouble relaxing"" .
:QAnxiety_Symptoms_Frequency_Restlessness pred:Text ""Being so restless that it is hard to sit still"" .
:QAnxiety_Symptoms_Frequency_Irritability pred:Text ""Becoming easily annoyed or irritable"" .
:QAnxiety_Symptoms_Frequency_Fear_Something_Awful_Might_Happen pred:Text ""Feeling afraid, as if something awful might happen"" .

:QGDepressive_Symptoms_Frequency pred:BaseQuestion ""Next, you will be asked questions about your emotional state. Please answer on a scale of 0 to 3, where 0 is 'Not at all', 1 is 'several days', 2 is 'more than half of the days', and 3 is 'Nearly every day'. Over the last two weeks, how often have you been bothered by the following problems?"" ;
    qg:hasSubQuestion :QDepressive_Symptoms_Frequency_Anhedonia,
                      :QDepressive_Symptoms_Frequency_Depressed_Mood,
                      :QDepressive_Symptoms_Frequency_Sleep_Problems,
                      :QDepressive_Symptoms_Frequency_Fatigue,
                      :QDepressive_Symptoms_Frequency_Appetite_Changes,
                      :QDepressive_Symptoms_Frequency_Feelings_of_Worthlessness,
                      :QDepressive_Symptoms_Frequency_Concentration_Difficulties,
                      :QDepressive_Symptoms_Frequency_Psychomotor_Changes,
                      :QDepressive_Symptoms_Frequency_Suicidal_Thoughts .

:QDepressive_Symptoms_Frequency_Anhedonia pred:Text ""Little interest or pleasure in doing things"" .
:QDepressive_Symptoms_Frequency_Depressed_Mood pred:Text ""Feeling down, depressed, or hopeless"" .
:QDepressive_Symptoms_Frequency_Sleep_Problems pred:Text ""Trouble falling or staying asleep, or sleeping too much"" .
:QDepressive_Symptoms_Frequency_Fatigue pred:Text ""Feeling tired or having little energy"" .
:QDepressive_Symptoms_Frequency_Appetite_Changes pred:Text ""Poor appetite or overeating"" .
:QDepressive_Symptoms_Frequency_Feelings_of_Worthlessness pred:Text ""Feeling bad about yourself or that you are a failure or have let yourself or your family down"" .
:QDepressive_Symptoms_Frequency_Concentration_Difficulties pred:Text ""Trouble concentrating on things, such as reading the newspaper or watching television"" .
:QDepressive_Symptoms_Frequency_Psychomotor_Changes pred:Text ""Moving or speaking so slowly that other people could have noticed. Or the opposite — being so fidgety or restless that you have been moving around a lot more than usual"" .
:QDepressive_Symptoms_Frequency_Suicidal_Thoughts pred:Text ""Thoughts that you would be better off dead, or of hurting yourself"" .

# Responses
:Respondent39 pred:Year_of_birth 2002.0 ;
     pred:Gender 2.0 ;
     pred:Socio_economic_status 3.0 ;
     pred:Ethnic_identity 6.0 .

:Respondent39 pred:Life_satisfaction 7.0 ;
     pred:Happiness 6.0 ;
     pred:Laughter 4.0 ;
     pred:Learning 7.0 ;
     pred:Enjoyment 5.0 ;
     pred:Worry 2.0 ;
     pred:Depression 1.0 ;
     pred:Anger 2.0 ;
     pred:Stress 4.0 ;
     pred:Loneliness 2.0 .

:Respondent39_Emotional_Regulation_Frequency
                                   pred:Upset_by_Unexpected_Events 3.0 ;
                                   pred:Unable_to_Control_Important_Things 2.0 ;
                                   pred:Lacked_Confidence_Handling_Problems 2.0 ;
                                   pred:Unable_to_Cope 3.0 ;
                                   pred:Irritated_by_Life 3.0 ;
                                   pred:On_Top_of_Things 1.0 .
:Respondent39 pred:hasGroupResponse :Respondent39_Emotional_Regulation_Frequency .

:Respondent39_Anxiety_Symptoms_Frequency
                               pred:Feeling_Nervous_or_On_Edge 1.0 ;
                               pred:Trouble_Relaxing 1.0 ;
                               pred:Restlessness 1.0 ;
                               pred:Irritability 2.0 ;
                               pred:Fear_Something_Awful_Might_Happen 2.0 .
:Respondent39 pred:hasGroupResponse :Respondent39_Anxiety_Symptoms_Frequency .

:Respondent39_Depressive_Symptoms_Frequency
                                  pred:Anhedonia 1.0 ;
                                  pred:Sleep_Problems 2.0 ;
                                  pred:Fatigue 2.0 ;
                                  pred:Appetite_Changes 2.0 ;
                                  pred:Feelings_of_Worthlessness 2.0 ;
                                  pred:Concentration_Difficulties 2.0 ;
                                  pred:Suicidal_Thoughts 0.0 .
:Respondent39 pred:hasGroupResponse :Respondent39_Depressive_Symptoms_Frequency .

:Respondent48 pred:Year_of_birth 2005.0 ;
     pred:Gender 1.0 ;
     pred:Socio_economic_status 4.0 ;
     pred:Ethnic_identity 6.0 .

:Respondent48 pred:Life_satisfaction 10.0 ;
     pred:Happiness 8.0 ;
     pred:Laughter 7.0 ;
     pred:Learning 8.0 ;
     pred:Enjoyment 5.0 ;
     pred:Worry 0.0 ;
     pred:Depression 0.0 ;
     pred:Anger 1.0 ;
     pred:Stress 1.0 ;
     pred:Loneliness 3.0 .

:Respondent48_Emotional_Regulation_Frequency
                                   pred:Upset_by_Unexpected_Events 1.0 ;
                                   pred:Unable_to_Control_Important_Things 1.0 ;
                                   pred:Lacked_Confidence_Handling_Problems 3.0 ;
                                   pred:Unable_to_Cope 1.0 ;
                                   pred:Irritated_by_Life 3.0 ;
                                   pred:On_Top_of_Things 3.0 .
:Respondent48 pred:hasGroupResponse :Respondent48_Emotional_Regulation_Frequency .

:Respondent48_Anxiety_Symptoms_Frequency
                               pred:Feeling_Nervous_or_On_Edge 0.0 ;
                               pred:Trouble_Relaxing 1.0 ;
                               pred:Restlessness 1.0 ;
                               pred:Irritability 1.0 ;
                               pred:Fear_Something_Awful_Might_Happen 0.0 .
:Respondent48 pred:hasGroupResponse :Respondent48_Anxiety_Symptoms_Frequency .

:Respondent48_Depressive_Symptoms_Frequency
                                  pred:Anhedonia 0.0 ;
                                  pred:Sleep_Problems 3.0 ;
                                  pred:Fatigue 1.0 ;
                                  pred:Appetite_Changes 1.0 ;
                                  pred:Feelings_of_Worthlessness 0.0 ;
                                  pred:Concentration_Difficulties 2.0 ;
                                  pred:Suicidal_Thoughts 0.0 .
:Respondent48 pred:hasGroupResponse :Respondent48_Depressive_Symptoms_Frequency .

:Respondent147 pred:Year_of_birth 2004.0 ;
     pred:Gender 1.0 ;
     pred:Socio_economic_status 5.0 ;
     pred:Ethnic_identity 6.0 .

:Respondent147 pred:Life_satisfaction 7.0 ;
     pred:Happiness 8.0 ;
     pred:Laughter 6.0 ;
     pred:Learning 3.0 ;
     pred:Enjoyment 8.0 ;
     pred:Worry 0.0 ;
     pred:Depression 1.0 ;
     pred:Anger 2.0 ;
     pred:Stress 3.0 ;
     pred:Loneliness 0.0 .

:Respondent147_Emotional_Regulation_Frequency
                                   pred:Upset_by_Unexpected_Events 1.0 ;
                                   pred:Unable_to_Control_Important_Things 2.0 ;
                                   pred:Lacked_Confidence_Handling_Problems 4.0 ;
                                   pred:Unable_to_Cope 1.0 ;
                                   pred:Irritated_by_Life 4.0 ;
                                   pred:On_Top_of_Things 3.0 .
:Respondent147 pred:hasGroupResponse :Respondent147_Emotional_Regulation_Frequency .

:Respondent147_Anxiety_Symptoms_Frequency
                               pred:Feeling_Nervous_or_On_Edge 2.0 ;
                               pred:Trouble_Relaxing 1.0 ;
                               pred:Restlessness 0.0 ;
                               pred:Irritability 1.0 ;
                               pred:Fear_Something_Awful_Might_Happen 1.0 .
:Respondent147 pred:hasGroupResponse :Respondent147_Anxiety_Symptoms_Frequency .

:Respondent147_Depressive_Symptoms_Frequency
                                  pred:Anhedonia 0.0 ;
                                  pred:Sleep_Problems 2.0 ;
                                  pred:Fatigue 1.0 ;
                                  pred:Appetite_Changes 0.0 ;
                                  pred:Feelings_of_Worthlessness 0.0 ;
                                  pred:Concentration_Difficulties 0.0 ;
                                  pred:Suicidal_Thoughts 0.0 .
:Respondent147 pred:hasGroupResponse :Respondent147_Depressive_Symptoms_Frequency .
",0.0,"For respondent 129, what is the value for 'Appetite Changes' in the 'Depressive Symptoms Frequency' category?

DATA:

@prefix : <http://example.org/survey#> .
@prefix pred: <http://example.org/predicate#> .
@prefix qg: <http://example.org/question_group#> .

# Questions
:QYear_of_birth pred:Text ""What is your date of birth? [Open-ended]"" .
:QGender pred:Text ""What is your gender? [MCQ: 1. Male 2. Female]"" .
:QSocio_economic_status pred:Text ""What is the socio-economic status of your home? [Likert 1–6: 1 = Very low, 6 = Very high]"" .
:QEthnic_identity pred:Text ""According to your culture, people, or physical features, you are or are recognized as: [MCQ: 1. Indigenous 2. Gypsy 3. Raizal from San Andres, Providencia and Santa Catalina Archipelago 4. Palenquero from San Basilio 5. Black, mulatto (Afro-descendant), Afro-Colombian 6. None of the above]"" .

:QGParental_Education pred:BaseQuestion ""How many years of education did your parents receive? [Open-ended]"" ;
    qg:hasSubQuestion :QParental_Education_Father, :QParental_Education_Mother .
:QParental_Education_Father pred:Text ""Father?"" .
:QParental_Education_Mother pred:Text ""Mother?"" .

:QLife_satisfaction pred:Text ""In general, how satisfied are you with all aspects of your life? [Likert 0–10: 0 = Not satisfied, 10 = Totally satisfied]"" .
:QHappiness pred:Text ""How happy did you feel yesterday? [Likert 0–10: 0 = At no time, 10 = All the time]"" .
:QLaughter pred:Text ""How much did you laugh yesterday? [Likert 0–10: 0 = At no time, 10 = All the time]"" .
:QLearning pred:Text ""Did you learn new or exciting things yesterday? [Likert 0–10: 0 = At no time, 10 = All the time]"" .
:QEnjoyment pred:Text ""How much did you enjoy the activities you did yesterday? [Likert 0–10: 0 = At no time, 10 = All the time]"" .
:QWorry pred:Text ""How worried did you feel yesterday? [Likert 0–10: 0 = At no time, 10 = All the time]"" .
:QDepression pred:Text ""How depressed did you feel yesterday? [Likert 0–10: 0 = At no time, 10 = All the time]"" .
:QAnger pred:Text ""How angry did you feel yesterday? [Likert 0–10: 0 = At no time, 10 = All the time]"" .
:QStress pred:Text ""How much stress did you feel yesterday? [Likert 0–10: 0 = At no time, 10 = All the time]"" .
:QLoneliness pred:Text ""How lonely or unsupported did you feel yesterday? [Likert 0–10: 0 = At no time, 10 = All the time]"" .

:QGEmotional_Regulation_Frequency pred:BaseQuestion ""Next, you will be asked questions about your emotional state. Please answer on a scale of 0 to 4, where 0 is never, 1 is 'almost never', 2 is 'sometimes', 3 is 'fairly often', and 4 is 'very often', how often you experienced the following feelings during the last month: [Likert 0–4]"" ;
    qg:hasSubQuestion :QEmotional_Regulation_Frequency_Upset_by_Unexpected_Events,
                      :QEmotional_Regulation_Frequency_Unable_to_Control_Important_Things,
                      :QEmotional_Regulation_Frequency_Nervous_and_Stressed,
                      :QEmotional_Regulation_Frequency_Lacked_Confidence_Handling_Problems,
                      :QEmotional_Regulation_Frequency_Things_Going_Your_Way,
                      :QEmotional_Regulation_Frequency_Unable_to_Cope,
                      :QEmotional_Regulation_Frequency_Irritated_by_Life,
                      :QEmotional_Regulation_Frequency_On_Top_of_Things,
                      :QEmotional_Regulation_Frequency_Angered_by_Uncontrollable_Events,
                      :QEmotional_Regulation_Frequency_Felt_Overwhelmed .

:QEmotional_Regulation_Frequency_Upset_by_Unexpected_Events pred:Text ""how often have you been upset because of something that happened unexpectedly?"" .
:QEmotional_Regulation_Frequency_Unable_to_Control_Important_Things pred:Text ""how often have you felt that you were unable to control the important things in your life?"" .
:QEmotional_Regulation_Frequency_Nervous_and_Stressed pred:Text ""how often have you felt nervous and stressed?"" .
:QEmotional_Regulation_Frequency_Lacked_Confidence_Handling_Problems pred:Text ""how often have you felt confident about your ability to handle your personal problems?"" .
:QEmotional_Regulation_Frequency_Things_Going_Your_Way pred:Text ""how often have you felt that things were going your way?"" .
:QEmotional_Regulation_Frequency_Unable_to_Cope pred:Text ""how often have you found that you could not cope with all the things that you had to do?"" .
:QEmotional_Regulation_Frequency_Irritated_by_Life pred:Text ""how often have you been able to control irritations in your life?"" .
:QEmotional_Regulation_Frequency_On_Top_of_Things pred:Text ""how often have you felt that you were on top of things?"" .
:QEmotional_Regulation_Frequency_Angered_by_Uncontrollable_Events pred:Text ""how often have you been angered because of things that happened that were outside of your control?"" .
:QEmotional_Regulation_Frequency_Felt_Overwhelmed pred:Text ""how often have you felt difficulties were piling up so high that you could not overcome them?"" .

:QGAnxiety_Symptoms_Frequency pred:BaseQuestion ""Next, you will be asked questions about your emotional state. Please answer on a scale of 0 to 3, where 0 is 'Not at all', 1 is 'several days', 2 is 'more than half of the days', and 3 is 'Nearly every day'. Over the last two weeks, how often have you been bothered by the following problems? [Likert 0–3]"" ;
    qg:hasSubQuestion :QAnxiety_Symptoms_Frequency_Feeling_Nervous_or_On_Edge,
                      :QAnxiety_Symptoms_Frequency_Uncontrollable_Worrying,
                      :QAnxiety_Symptoms_Frequency_Excessive_Worry,
                      :QAnxiety_Symptoms_Frequency_Trouble_Relaxing,
                      :QAnxiety_Symptoms_Frequency_Restlessness,
                      :QAnxiety_Symptoms_Frequency_Irritability,
                      :QAnxiety_Symptoms_Frequency_Fear_Something_Awful_Might_Happen .

:QAnxiety_Symptoms_Frequency_Feeling_Nervous_or_On_Edge pred:Text ""Feeling nervous, anxious, or on edge"" .
:QAnxiety_Symptoms_Frequency_Uncontrollable_Worrying pred:Text ""Not being able to stop or control worrying"" .
:QAnxiety_Symptoms_Frequency_Excessive_Worry pred:Text ""Worrying too much about different things"" .
:QAnxiety_Symptoms_Frequency_Trouble_Relaxing pred:Text ""Trouble relaxing"" .
:QAnxiety_Symptoms_Frequency_Restlessness pred:Text ""Being so restless that it is hard to sit still"" .
:QAnxiety_Symptoms_Frequency_Irritability pred:Text ""Becoming easily annoyed or irritable"" .
:QAnxiety_Symptoms_Frequency_Fear_Something_Awful_Might_Happen pred:Text ""Feeling afraid, as if something awful might happen"" .

:QGDepressive_Symptoms_Frequency pred:BaseQuestion ""Next, you will be asked questions about your emotional state. Please answer on a scale of 0 to 3, where 0 is 'Not at all', 1 is 'several days', 2 is 'more than half of the days', and 3 is 'Nearly every day'. Over the last two weeks, how often have you been bothered by the following problems?"" ;
    qg:hasSubQuestion :QDepressive_Symptoms_Frequency_Anhedonia,
                      :QDepressive_Symptoms_Frequency_Depressed_Mood,
                      :QDepressive_Symptoms_Frequency_Sleep_Problems,
                      :QDepressive_Symptoms_Frequency_Fatigue,
                      :QDepressive_Symptoms_Frequency_Appetite_Changes,
                      :QDepressive_Symptoms_Frequency_Feelings_of_Worthlessness,
                      :QDepressive_Symptoms_Frequency_Concentration_Difficulties,
                      :QDepressive_Symptoms_Frequency_Psychomotor_Changes,
                      :QDepressive_Symptoms_Frequency_Suicidal_Thoughts .

:QDepressive_Symptoms_Frequency_Anhedonia pred:Text ""Little interest or pleasure in doing things"" .
:QDepressive_Symptoms_Frequency_Depressed_Mood pred:Text ""Feeling down, depressed, or hopeless"" .
:QDepressive_Symptoms_Frequency_Sleep_Problems pred:Text ""Trouble falling or staying asleep, or sleeping too much"" .
:QDepressive_Symptoms_Frequency_Fatigue pred:Text ""Feeling tired or having little energy"" .
:QDepressive_Symptoms_Frequency_Appetite_Changes pred:Text ""Poor appetite or overeating"" .
:QDepressive_Symptoms_Frequency_Feelings_of_Worthlessness pred:Text ""Feeling bad about yourself or that you are a failure or have let yourself or your family down"" .
:QDepressive_Symptoms_Frequency_Concentration_Difficulties pred:Text ""Trouble concentrating on things, such as reading the newspaper or watching television"" .
:QDepressive_Symptoms_Frequency_Psychomotor_Changes pred:Text ""Moving or speaking so slowly that other people could have noticed. Or the opposite — being so fidgety or restless that you have been moving around a lot more than usual"" .
:QDepressive_Symptoms_Frequency_Suicidal_Thoughts pred:Text ""Thoughts that you would be better off dead, or of hurting yourself"" .

# Responses
:Respondent73 pred:Year_of_birth 2005.0 ;
     pred:Gender 2.0 ;
     pred:Socio_economic_status 2.0 ;
     pred:Ethnic_identity 6.0 .

:Respondent73_Parental_Education
                       pred:Father 25.0 ;
                       pred:Mother 15.0 .
:Respondent73 pred:hasGroupResponse :Respondent73_Parental_Education .

:Respondent73 pred:Life_satisfaction 8.0 ;
     pred:Happiness 5.0 ;
     pred:Laughter 4.0 ;
     pred:Learning 5.0 ;
     pred:Enjoyment 5.0 ;
     pred:Worry 2.0 ;
     pred:Depression 1.0 ;
     pred:Anger 2.0 ;
     pred:Stress 4.0 ;
     pred:Loneliness 6.0 .

:Respondent73_Emotional_Regulation_Frequency
                                   pred:Upset_by_Unexpected_Events 2.0 ;
                                   pred:Unable_to_Control_Important_Things 2.0 ;
                                   pred:Lacked_Confidence_Handling_Problems 2.0 ;
                                   pred:Unable_to_Cope 2.0 ;
                                   pred:Irritated_by_Life 2.0 ;
                                   pred:On_Top_of_Things 2.0 .
:Respondent73 pred:hasGroupResponse :Respondent73_Emotional_Regulation_Frequency .

:Respondent73_Anxiety_Symptoms_Frequency
                               pred:Feeling_Nervous_or_On_Edge 2.0 ;
                               pred:Trouble_Relaxing 1.0 ;
                               pred:Restlessness 1.0 ;
                               pred:Irritability 2.0 ;
                               pred:Fear_Something_Awful_Might_Happen 2.0 .
:Respondent73 pred:hasGroupResponse :Respondent73_Anxiety_Symptoms_Frequency .

:Respondent73_Depressive_Symptoms_Frequency
                                  pred:Anhedonia 1.0 ;
                                  pred:Sleep_Problems 2.0 ;
                                  pred:Fatigue 1.0 ;
                                  pred:Appetite_Changes 1.0 ;
                                  pred:Feelings_of_Worthlessness 1.0 ;
                                  pred:Concentration_Difficulties 1.0 ;
                                  pred:Suicidal_Thoughts 0.0 .
:Respondent73 pred:hasGroupResponse :Respondent73_Depressive_Symptoms_Frequency .

:Respondent85 pred:Year_of_birth 2004.0 ;
     pred:Gender 2.0 ;
     pred:Socio_economic_status 3.0 ;
     pred:Ethnic_identity 6.0 .

:Respondent85_Parental_Education
                       pred:Father 18.0 .
:Respondent85 pred:hasGroupResponse :Respondent85_Parental_Education .

:Respondent85 pred:Life_satisfaction 5.0 ;
     pred:Happiness 6.0 ;
     pred:Laughter 6.0 ;
     pred:Learning 8.0 ;
     pred:Enjoyment 5.0 ;
     pred:Worry 1.0 ;
     pred:Depression 1.0 ;
     pred:Anger 2.0 ;
     pred:Stress 4.0 ;
     pred:Loneliness 1.0 .

:Respondent85_Emotional_Regulation_Frequency
                                   pred:Upset_by_Unexpected_Events 2.0 ;
                                   pred:Unable_to_Control_Important_Things 3.0 ;
                                   pred:Lacked_Confidence_Handling_Problems 2.0 ;
                                   pred:Unable_to_Cope 3.0 ;
                                   pred:Irritated_by_Life 3.0 ;
                                   pred:On_Top_of_Things 2.0 .
:Respondent85 pred:hasGroupResponse :Respondent85_Emotional_Regulation_Frequency .

:Respondent85_Anxiety_Symptoms_Frequency
                               pred:Feeling_Nervous_or_On_Edge 1.0 ;
                               pred:Trouble_Relaxing 1.0 ;
                               pred:Restlessness 0.0 ;
                               pred:Irritability 1.0 ;
                               pred:Fear_Something_Awful_Might_Happen 1.0 .
:Respondent85 pred:hasGroupResponse :Respondent85_Anxiety_Symptoms_Frequency .

:Respondent85_Depressive_Symptoms_Frequency
                                  pred:Anhedonia 2.0 ;
                                  pred:Sleep_Problems 2.0 ;
                                  pred:Fatigue 3.0 ;
                                  pred:Appetite_Changes 3.0 ;
                                  pred:Feelings_of_Worthlessness 1.0 ;
                                  pred:Concentration_Difficulties 1.0 ;
                                  pred:Suicidal_Thoughts 0.0 .
:Respondent85 pred:hasGroupResponse :Respondent85_Depressive_Symptoms_Frequency .

:Respondent129 pred:Year_of_birth 2001.0 ;
     pred:Gender 2.0 ;
     pred:Socio_economic_status 3.0 ;
     pred:Ethnic_identity 6.0 .

:Respondent129_Parental_Education
                       pred:Father 13.0 ;
                       pred:Mother 13.0 .
:Respondent129 pred:hasGroupResponse :Respondent129_Parental_Education .

:Respondent129 pred:Life_satisfaction 8.0 ;
     pred:Happiness 9.0 ;
     pred:Laughter 6.0 ;
     pred:Learning 5.0 ;
     pred:Enjoyment 6.0 ;
     pred:Worry 1.0 ;
     pred:Depression 1.0 ;
     pred:Anger 1.0 ;
     pred:Stress 3.0 ;
     pred:Loneliness 0.0 .

:Respondent129_Emotional_Regulation_Frequency
                                   pred:Upset_by_Unexpected_Events 1.0 ;
                                   pred:Unable_to_Control_Important_Things 1.0 ;
                                   pred:Lacked_Confidence_Handling_Problems 3.0 ;
                                   pred:Unable_to_Cope 2.0 ;
                                   pred:Irritated_by_Life 3.0 ;
                                   pred:On_Top_of_Things 2.0 .
:Respondent129 pred:hasGroupResponse :Respondent129_Emotional_Regulation_Frequency .

:Respondent129_Anxiety_Symptoms_Frequency
                               pred:Feeling_Nervous_or_On_Edge 1.0 ;
                               pred:Trouble_Relaxing 1.0 ;
                               pred:Restlessness 0.0 ;
                               pred:Irritability 0.0 ;
                               pred:Fear_Something_Awful_Might_Happen 0.0 .
:Respondent129 pred:hasGroupResponse :Respondent129_Anxiety_Symptoms_Frequency .

:Respondent129_Depressive_Symptoms_Frequency
                                  pred:Anhedonia 1.0 ;
                                  pred:Sleep_Problems 1.0 ;
                                  pred:Fatigue 2.0 ;
                                  pred:Appetite_Changes 2.0 ;
                                  pred:Feelings_of_Worthlessness 0.0 ;
                                  pred:Concentration_Difficulties 2.0 ;
                                  pred:Suicidal_Thoughts 0.0 .
:Respondent129 pred:hasGroupResponse :Respondent129_Depressive_Symptoms_Frequency .

Answer: 2.0

@prefix : <http://example.org/survey#> .
@prefix pred: <http://example.org/predicate#> .
@prefix qg: <http://example.org/question_group#> .

# Questions
:QYear_of_birth pred:Text ""What is your date of birth? [Open-ended]"" .
:QGender pred:Text ""What is your gender? [MCQ: 1. Male 2. Female]"" .
:QSocio_economic_status pred:Text ""What is the socio-economic status of your home? [Likert 1–6: 1 = Very low, 6 = Very high]"" .
:QEthnic_identity pred:Text ""According to your culture, people, or physical features, you are or are recognized as: [MCQ: 1. Indigenous 2. Gypsy 3. Raizal from San Andres, Providencia and Santa Catalina Archipelago 4. Palenquero from San Basilio 5. Black, mulatto (Afro-descendant), Afro-Colombian 6. None of the above]"" .

:QGParental_Education pred:BaseQuestion ""How many years of education did your parents receive? [Open-ended]"" ;
    qg:hasSubQuestion :QParental_Education_Father, :QParental_Education_Mother .
:QParental_Education_Father pred:Text ""Father?"" .
:QParental_Education_Mother pred:Text ""Mother?"" .

:QLife_satisfaction pred:Text ""In general, how satisfied are you with all aspects of your life? [Likert 0–10: 0 = Not satisfied, 10 = Totally satisfied]"" .
:QHappiness pred:Text ""How happy did you feel yesterday? [Likert 0–10: 0 = At no time, 10 = All the time]"" .
:QLaughter pred:Text ""How much did you laugh yesterday? [Likert 0–10: 0 = At no time, 10 = All the time]"" .
:QLearning pred:Text ""Did you learn new or exciting things yesterday? [Likert 0–10: 0 = At no time, 10 = All the time]"" .
:QEnjoyment pred:Text ""How much did you enjoy the activities you did yesterday? [Likert 0–10: 0 = At no time, 10 = All the time]"" .
:QWorry pred:Text ""How worried did you feel yesterday? [Likert 0–10: 0 = At no time, 10 = All the time]"" .
:QDepression pred:Text ""How depressed did you feel yesterday? [Likert 0–10: 0 = At no time, 10 = All the time]"" .
:QAnger pred:Text ""How angry did you feel yesterday? [Likert 0–10: 0 = At no time, 10 = All the time]"" .
:QStress pred:Text ""How much stress did you feel yesterday? [Likert 0–10: 0 = At no time, 10 = All the time]"" .
:QLoneliness pred:Text ""How lonely or unsupported did you feel yesterday? [Likert 0–10: 0 = At no time, 10 = All the time]"" .

:QGEmotional_Regulation_Frequency pred:BaseQuestion ""Next, you will be asked questions about your emotional state. Please answer on a scale of 0 to 4, where 0 is never, 1 is 'almost never', 2 is 'sometimes', 3 is 'fairly often', and 4 is 'very often', how often you experienced the following feelings during the last month: [Likert 0–4]"" ;
    qg:hasSubQuestion :QEmotional_Regulation_Frequency_Upset_by_Unexpected_Events,
                      :QEmotional_Regulation_Frequency_Unable_to_Control_Important_Things,
                      :QEmotional_Regulation_Frequency_Nervous_and_Stressed,
                      :QEmotional_Regulation_Frequency_Lacked_Confidence_Handling_Problems,
                      :QEmotional_Regulation_Frequency_Things_Going_Your_Way,
                      :QEmotional_Regulation_Frequency_Unable_to_Cope,
                      :QEmotional_Regulation_Frequency_Irritated_by_Life,
                      :QEmotional_Regulation_Frequency_On_Top_of_Things,
                      :QEmotional_Regulation_Frequency_Angered_by_Uncontrollable_Events,
                      :QEmotional_Regulation_Frequency_Felt_Overwhelmed .

:QEmotional_Regulation_Frequency_Upset_by_Unexpected_Events pred:Text ""how often have you been upset because of something that happened unexpectedly?"" .
:QEmotional_Regulation_Frequency_Unable_to_Control_Important_Things pred:Text ""how often have you felt that you were unable to control the important things in your life?"" .
:QEmotional_Regulation_Frequency_Nervous_and_Stressed pred:Text ""how often have you felt nervous and stressed?"" .
:QEmotional_Regulation_Frequency_Lacked_Confidence_Handling_Problems pred:Text ""how often have you felt confident about your ability to handle your personal problems?"" .
:QEmotional_Regulation_Frequency_Things_Going_Your_Way pred:Text ""how often have you felt that things were going your way?"" .
:QEmotional_Regulation_Frequency_Unable_to_Cope pred:Text ""how often have you found that you could not cope with all the things that you had to do?"" .
:QEmotional_Regulation_Frequency_Irritated_by_Life pred:Text ""how often have you been able to control irritations in your life?"" .
:QEmotional_Regulation_Frequency_On_Top_of_Things pred:Text ""how often have you felt that you were on top of things?"" .
:QEmotional_Regulation_Frequency_Angered_by_Uncontrollable_Events pred:Text ""how often have you been angered because of things that happened that were outside of your control?"" .
:QEmotional_Regulation_Frequency_Felt_Overwhelmed pred:Text ""how often have you felt difficulties were piling up so high that you could not overcome them?"" .

:QGAnxiety_Symptoms_Frequency pred:BaseQuestion ""Next, you will be asked questions about your emotional state. Please answer on a scale of 0 to 3, where 0 is 'Not at all', 1 is 'several days', 2 is 'more than half of the days', and 3 is 'Nearly every day'. Over the last two weeks, how often have you been bothered by the following problems? [Likert 0–3]"" ;
    qg:hasSubQuestion :QAnxiety_Symptoms_Frequency_Feeling_Nervous_or_On_Edge,
                      :QAnxiety_Symptoms_Frequency_Uncontrollable_Worrying,
                      :QAnxiety_Symptoms_Frequency_Excessive_Worry,
                      :QAnxiety_Symptoms_Frequency_Trouble_Relaxing,
                      :QAnxiety_Symptoms_Frequency_Restlessness,
                      :QAnxiety_Symptoms_Frequency_Irritability,
                      :QAnxiety_Symptoms_Frequency_Fear_Something_Awful_Might_Happen .

:QAnxiety_Symptoms_Frequency_Feeling_Nervous_or_On_Edge pred:Text ""Feeling nervous, anxious, or on edge"" .
:QAnxiety_Symptoms_Frequency_Uncontrollable_Worrying pred:Text ""Not being able to stop or control worrying"" .
:QAnxiety_Symptoms_Frequency_Excessive_Worry pred:Text ""Worrying too much about different things"" .
:QAnxiety_Symptoms_Frequency_Trouble_Relaxing pred:Text ""Trouble relaxing"" .
:QAnxiety_Symptoms_Frequency_Restlessness pred:Text ""Being so restless that it is hard to sit still"" .
:QAnxiety_Symptoms_Frequency_Irritability pred:Text ""Becoming easily annoyed or irritable"" .
:QAnxiety_Symptoms_Frequency_Fear_Something_Awful_Might_Happen pred:Text ""Feeling afraid, as if something awful might happen"" .

:QGDepressive_Symptoms_Frequency pred:BaseQuestion ""Next, you will be asked questions about your emotional state. Please answer on a scale of 0 to 3, where 0 is 'Not at all', 1 is 'several days', 2 is 'more than half of the days', and 3 is 'Nearly every day'. Over the last two weeks, how often have you been bothered by the following problems?"" ;
    qg:hasSubQuestion :QDepressive_Symptoms_Frequency_Anhedonia,
                      :QDepressive_Symptoms_Frequency_Depressed_Mood,
                      :QDepressive_Symptoms_Frequency_Sleep_Problems,
                      :QDepressive_Symptoms_Frequency_Fatigue,
                      :QDepressive_Symptoms_Frequency_Appetite_Changes,
                      :QDepressive_Symptoms_Frequency_Feelings_of_Worthlessness,
                      :QDepressive_Symptoms_Frequency_Concentration_Difficulties,
                      :QDepressive_Symptoms_Frequency_Psychomotor_Changes,
                      :QDepressive_Symptoms_Frequency_Suicidal_Thoughts .

:QDepressive_Symptoms_Frequency_Anhedonia pred:Text ""Little interest or pleasure in doing things"" .
:QDepressive_Symptoms_Frequency_Depressed_Mood pred:Text ""Feeling down, depressed, or hopeless"" .
:QDepressive_Symptoms_Frequency_Sleep_Problems pred:Text ""Trouble falling or staying asleep, or sleeping too much"" .
:QDepressive_Symptoms_Frequency_Fatigue pred:Text ""Feeling tired or having little energy"" .
:QDepressive_Symptoms_Frequency_Appetite_Changes pred:Text ""Poor appetite or overeating"" .
:QDepressive_Symptoms_Frequency_Feelings_of_Worthlessness pred:Text ""Feeling bad about yourself or that you are a failure or have let yourself or your family down"" .
:QDepressive_Symptoms_Frequency_Concentration_Difficulties pred:Text ""Trouble concentrating on things, such as reading the newspaper or watching television"" .
:QDepressive_Symptoms_Frequency_Psychomotor_Changes pred:Text ""Moving or speaking so slowly that other people could have noticed. Or the opposite — being so fidgety or restless that you have been moving around a lot more than usual"" .
:QDepressive_Symptoms_Frequency_Suicidal_Thoughts pred:Text ""Thoughts that you would be better off dead, or of hurting yourself"" .

# Responses
:Respondent39 pred:Year_of_birth 2002.0 ;
     pred:Gender 2.0 ;
     pred:Socio_economic_status 3.0 ;
     pred:Ethnic_identity 6.0 .

:Respondent39 pred:Life_satisfaction 7.0 ;
     pred:Happiness 6.0 ;
     pred:Laughter 4.0 ;
     pred:Learning 7.0 ;
     pred:Enjoyment 5.0 ;
     pred:Worry 2.0 ;
     pred:Depression 1.0 ;
     pred:Anger 2.0 ;
     pred:Stress 4.0 ;
     pred:Loneliness 2.0 .

:Respondent39_Emotional_Regulation_Frequency
                                   pred:Upset_by_Unexpected_Events 3.0 ;
                                   pred:Unable_to_Control_Important_Things 2.0 ;
                                   pred:Lacked_Confidence_Handling_Problems 2.0 ;
                                   pred:Unable_to_Cope 3.0 ;
                                   pred:Irritated_by_Life 3.0 ;
                                   pred:On_Top_of_Things 1.0 .
:Respondent39 pred:hasGroupResponse :Respondent39_Emotional_Regulation_Frequency .

:Respondent39_Anxiety_Symptoms_Frequency
                               pred:Feeling_Nervous_or_On_Edge 1.0 ;
                               pred:Trouble_Relaxing 1.0 ;
                               pred:Restlessness 1.0 ;
                               pred:Irritability 2.0 ;
                               pred:Fear_Something_Awful_Might_Happen 2.0 .
:Respondent39 pred:hasGroupResponse :Respondent39_Anxiety_Symptoms_Frequency .

:Respondent39_Depressive_Symptoms_Frequency
                                  pred:Anhedonia 1.0 ;
                                  pred:Sleep_Problems 2.0 ;
                                  pred:Fatigue 2.0 ;
                                  pred:Appetite_Changes 2.0 ;
                                  pred:Feelings_of_Worthlessness 2.0 ;
                                  pred:Concentration_Difficulties 2.0 ;
                                  pred:Suicidal_Thoughts 0.0 .
:Respondent39 pred:hasGroupResponse :Respondent39_Depressive_Symptoms_Frequency .

:Respondent48 pred:Year_of_birth 2005.0 ;
     pred:Gender 1.0 ;
     pred:Socio_economic_status 4.0 ;
     pred:Ethnic_identity 6.0 .

:Respondent48 pred:Life_satisfaction 10.0 ;
     pred:Happiness 8.0 ;
     pred:Laughter 7.0 ;
     pred:Learning 8.0 ;
     pred:Enjoyment 5.0 ;
     pred:Worry 0.0 ;
     pred:Depression 0.0 ;
     pred:Anger 1.0 ;
     pred:Stress 1.0 ;
     pred:Loneliness 3.0 .

:Respondent48_Emotional_Regulation_Frequency
                                   pred:Upset_by_Unexpected_Events 1.0 ;
                                   pred:Unable_to_Control_Important_Things 1.0 ;
                                   pred:Lacked_Confidence_Handling_Problems 3.0 ;
                                   pred:Unable_to_Cope 1.0 ;
                                   pred:Irritated_by_Life 3.0 ;
                                   pred:On_Top_of_Things 3.0 .
:Respondent48 pred:hasGroupResponse :Respondent48_Emotional_Regulation_Frequency .

:Respondent48_Anxiety_Symptoms_Frequency
                               pred:Feeling_Nervous_or_On_Edge 0.0 ;
                               pred:Trouble_Relaxing 1.0 ;
                               pred:Restlessness 1.0 ;
                               pred:Irritability 1.0 ;
                               pred:Fear_Something_Awful_Might_Happen 0.0 .
:Respondent48 pred:hasGroupResponse :Respondent48_Anxiety_Symptoms_Frequency .

:Respondent48_Depressive_Symptoms_Frequency
                                  pred:Anhedonia 0.0 ;
                                  pred:Sleep_Problems 3.0 ;
                                  pred:Fatigue 1.0 ;
                                  pred:Appetite_Changes 1.0 ;
                                  pred:Feelings_of_Worthlessness 0.0 ;
                                  pred:Concentration_Difficulties 2.0 ;
                                  pred:Suicidal_Thoughts 0.0 .
:Respondent48 pred:hasGroupResponse :Respondent48_Depressive_Symptoms_Frequency .

:Respondent147 pred:Year_of_birth 2004.0 ;
     pred:Gender 1.0 ;
     pred:Socio_economic_status 5.0 ;
     pred:Ethnic_identity 6.0 .

:Respondent147 pred:Life_satisfaction 7.0 ;
     pred:Happiness 8.0 ;
     pred:Laughter 6.0 ;
     pred:Learning 3.0 ;
     pred:Enjoyment 8.0 ;
     pred:Worry 0.0 ;
     pred:Depression 1.0 ;
     pred:Anger 2.0 ;
     pred:Stress 3.0 ;
     pred:Loneliness 0.0 .

:Respondent147_Emotional_Regulation_Frequency
                                   pred:Upset_by_Unexpected_Events 1.0 ;
                                   pred:Unable_to_Control_Important_Things 2.0 ;
                                   pred:Lacked_Confidence_Handling_Problems 4.0 ;
                                   pred:Unable_to_Cope 1.0 ;
                                   pred:Irritated_by_Life 4.0 ;
                                   pred:On_Top_of_Things 3.0 .
:Respondent147 pred:hasGroupResponse :Respondent147_Emotional_Regulation_Frequency .

:Respondent147_Anxiety_Symptoms_Frequency
                               pred:Feeling_Nervous_or_On_Edge 2.0 ;
                               pred:Trouble_Relaxing 1.0 ;
                               pred:Restlessness 0.0 ;
                               pred:Irritability 1.0 ;
                               pred:Fear_Something_Awful_Might_Happen 1.0 .
:Respondent147 pred:hasGroupResponse :Respondent147_Anxiety_Symptoms_Frequency .

:Respondent147_Depressive_Symptoms_Frequency
                                  pred:Anhedonia 0.0 ;
                                  pred:Sleep_Problems 2.0 ;
                                  pred:Fatigue 1.0 ;
                                  pred:Appetite_Changes 0.0 ;
                                  pred:Feelings_of_Worthlessness 0.0 ;
                                  pred:Concentration_Difficulties 0.0 ;
                                  pred:Suicidal_Thoughts 0.0 .
:Respondent147 pred:hasGroupResponse :Respondent147_Depressive_Symptoms_Frequency .

You are a meticulous data analyst AI. Your primary function is to accurately analyze structured data and provide precise, verifiable answers.

You will be given a dataset with two key parts:

A 'questions' section: This is your data dictionary or schema. It is the single source of truth for understanding what each field and score means. Refer to it carefully.

A 'responses' section: This contains the raw data from each individual respondent.

To answer the question correctly, you must first use the 'questions' schema to fully understand the context and meaning of the data points within the 'responses'. Do not rely on any prior knowledge outside of this provided data. Base your entire analysis on the information given.

Provide your final answer directly and concisely. Output must be the human-readable value, not an option code.

Rules:
- For MCQ fields, map any letter codes in the Responses (case-insensitive) to the corresponding option text from the Questions schema, and output only that text. Do NOT include the letter or both.
  Example: If the schema is ""[MCQ: A. Abnormal B. Inconclusive C. Normal]"" and the response is ""a"", output ""Abnormal"".
- For open-ended fields, output the exact text value.
- If the question asks for a count, provide only the number (e.g., ""42"").
- If the question asks for a list of names or IDs, provide a simple comma-separated list (e.g., ""17, 21, 23"").
- Preserve capitalization exactly as in the schema (e.g., output ""Abnormal"", not ""abnormal"" or ""A"").

What is the worry for respondent 147?",,
case_31,answer_lookup,What is the socio-economic status for respondent 18?,"@prefix : <http://example.org/survey#> .
@prefix pred: <http://example.org/predicate#> .
@prefix qg: <http://example.org/question_group#> .

# Questions
:QYear_of_birth pred:Text ""What is your date of birth? [Open-ended]"" .
:QGender pred:Text ""What is your gender? [MCQ: 1. Male 2. Female]"" .
:QSocio_economic_status pred:Text ""What is the socio-economic status of your home? [Likert 1–6: 1 = Very low, 6 = Very high]"" .
:QEthnic_identity pred:Text ""According to your culture, people, or physical features, you are or are recognized as: [MCQ: 1. Indigenous 2. Gypsy 3. Raizal from San Andres, Providencia and Santa Catalina Archipelago 4. Palenquero from San Basilio 5. Black, mulatto (Afro-descendant), Afro-Colombian 6. None of the above]"" .

:QGParental_Education pred:BaseQuestion ""How many years of education did your parents receive? [Open-ended]"" ;
    qg:hasSubQuestion :QParental_Education_Father, :QParental_Education_Mother .
:QParental_Education_Father pred:Text ""Father?"" .
:QParental_Education_Mother pred:Text ""Mother?"" .

:QLife_satisfaction pred:Text ""In general, how satisfied are you with all aspects of your life? [Likert 0–10: 0 = Not satisfied, 10 = Totally satisfied]"" .
:QHappiness pred:Text ""How happy did you feel yesterday? [Likert 0–10: 0 = At no time, 10 = All the time]"" .
:QLaughter pred:Text ""How much did you laugh yesterday? [Likert 0–10: 0 = At no time, 10 = All the time]"" .
:QLearning pred:Text ""Did you learn new or exciting things yesterday? [Likert 0–10: 0 = At no time, 10 = All the time]"" .
:QEnjoyment pred:Text ""How much did you enjoy the activities you did yesterday? [Likert 0–10: 0 = At no time, 10 = All the time]"" .
:QWorry pred:Text ""How worried did you feel yesterday? [Likert 0–10: 0 = At no time, 10 = All the time]"" .
:QDepression pred:Text ""How depressed did you feel yesterday? [Likert 0–10: 0 = At no time, 10 = All the time]"" .
:QAnger pred:Text ""How angry did you feel yesterday? [Likert 0–10: 0 = At no time, 10 = All the time]"" .
:QStress pred:Text ""How much stress did you feel yesterday? [Likert 0–10: 0 = At no time, 10 = All the time]"" .
:QLoneliness pred:Text ""How lonely or unsupported did you feel yesterday? [Likert 0–10: 0 = At no time, 10 = All the time]"" .

:QGEmotional_Regulation_Frequency pred:BaseQuestion ""Next, you will be asked questions about your emotional state. Please answer on a scale of 0 to 4, where 0 is never, 1 is 'almost never', 2 is 'sometimes', 3 is 'fairly often', and 4 is 'very often', how often you experienced the following feelings during the last month: [Likert 0–4]"" ;
    qg:hasSubQuestion :QEmotional_Regulation_Frequency_Upset_by_Unexpected_Events,
                      :QEmotional_Regulation_Frequency_Unable_to_Control_Important_Things,
                      :QEmotional_Regulation_Frequency_Nervous_and_Stressed,
                      :QEmotional_Regulation_Frequency_Lacked_Confidence_Handling_Problems,
                      :QEmotional_Regulation_Frequency_Things_Going_Your_Way,
                      :QEmotional_Regulation_Frequency_Unable_to_Cope,
                      :QEmotional_Regulation_Frequency_Irritated_by_Life,
                      :QEmotional_Regulation_Frequency_On_Top_of_Things,
                      :QEmotional_Regulation_Frequency_Angered_by_Uncontrollable_Events,
                      :QEmotional_Regulation_Frequency_Felt_Overwhelmed .

:QEmotional_Regulation_Frequency_Upset_by_Unexpected_Events pred:Text ""how often have you been upset because of something that happened unexpectedly?"" .
:QEmotional_Regulation_Frequency_Unable_to_Control_Important_Things pred:Text ""how often have you felt that you were unable to control the important things in your life?"" .
:QEmotional_Regulation_Frequency_Nervous_and_Stressed pred:Text ""how often have you felt nervous and stressed?"" .
:QEmotional_Regulation_Frequency_Lacked_Confidence_Handling_Problems pred:Text ""how often have you felt confident about your ability to handle your personal problems?"" .
:QEmotional_Regulation_Frequency_Things_Going_Your_Way pred:Text ""how often have you felt that things were going your way?"" .
:QEmotional_Regulation_Frequency_Unable_to_Cope pred:Text ""how often have you found that you could not cope with all the things that you had to do?"" .
:QEmotional_Regulation_Frequency_Irritated_by_Life pred:Text ""how often have you been able to control irritations in your life?"" .
:QEmotional_Regulation_Frequency_On_Top_of_Things pred:Text ""how often have you felt that you were on top of things?"" .
:QEmotional_Regulation_Frequency_Angered_by_Uncontrollable_Events pred:Text ""how often have you been angered because of things that happened that were outside of your control?"" .
:QEmotional_Regulation_Frequency_Felt_Overwhelmed pred:Text ""how often have you felt difficulties were piling up so high that you could not overcome them?"" .

:QGAnxiety_Symptoms_Frequency pred:BaseQuestion ""Next, you will be asked questions about your emotional state. Please answer on a scale of 0 to 3, where 0 is 'Not at all', 1 is 'several days', 2 is 'more than half of the days', and 3 is 'Nearly every day'. Over the last two weeks, how often have you been bothered by the following problems? [Likert 0–3]"" ;
    qg:hasSubQuestion :QAnxiety_Symptoms_Frequency_Feeling_Nervous_or_On_Edge,
                      :QAnxiety_Symptoms_Frequency_Uncontrollable_Worrying,
                      :QAnxiety_Symptoms_Frequency_Excessive_Worry,
                      :QAnxiety_Symptoms_Frequency_Trouble_Relaxing,
                      :QAnxiety_Symptoms_Frequency_Restlessness,
                      :QAnxiety_Symptoms_Frequency_Irritability,
                      :QAnxiety_Symptoms_Frequency_Fear_Something_Awful_Might_Happen .

:QAnxiety_Symptoms_Frequency_Feeling_Nervous_or_On_Edge pred:Text ""Feeling nervous, anxious, or on edge"" .
:QAnxiety_Symptoms_Frequency_Uncontrollable_Worrying pred:Text ""Not being able to stop or control worrying"" .
:QAnxiety_Symptoms_Frequency_Excessive_Worry pred:Text ""Worrying too much about different things"" .
:QAnxiety_Symptoms_Frequency_Trouble_Relaxing pred:Text ""Trouble relaxing"" .
:QAnxiety_Symptoms_Frequency_Restlessness pred:Text ""Being so restless that it is hard to sit still"" .
:QAnxiety_Symptoms_Frequency_Irritability pred:Text ""Becoming easily annoyed or irritable"" .
:QAnxiety_Symptoms_Frequency_Fear_Something_Awful_Might_Happen pred:Text ""Feeling afraid, as if something awful might happen"" .

:QGDepressive_Symptoms_Frequency pred:BaseQuestion ""Next, you will be asked questions about your emotional state. Please answer on a scale of 0 to 3, where 0 is 'Not at all', 1 is 'several days', 2 is 'more than half of the days', and 3 is 'Nearly every day'. Over the last two weeks, how often have you been bothered by the following problems?"" ;
    qg:hasSubQuestion :QDepressive_Symptoms_Frequency_Anhedonia,
                      :QDepressive_Symptoms_Frequency_Depressed_Mood,
                      :QDepressive_Symptoms_Frequency_Sleep_Problems,
                      :QDepressive_Symptoms_Frequency_Fatigue,
                      :QDepressive_Symptoms_Frequency_Appetite_Changes,
                      :QDepressive_Symptoms_Frequency_Feelings_of_Worthlessness,
                      :QDepressive_Symptoms_Frequency_Concentration_Difficulties,
                      :QDepressive_Symptoms_Frequency_Psychomotor_Changes,
                      :QDepressive_Symptoms_Frequency_Suicidal_Thoughts .

:QDepressive_Symptoms_Frequency_Anhedonia pred:Text ""Little interest or pleasure in doing things"" .
:QDepressive_Symptoms_Frequency_Depressed_Mood pred:Text ""Feeling down, depressed, or hopeless"" .
:QDepressive_Symptoms_Frequency_Sleep_Problems pred:Text ""Trouble falling or staying asleep, or sleeping too much"" .
:QDepressive_Symptoms_Frequency_Fatigue pred:Text ""Feeling tired or having little energy"" .
:QDepressive_Symptoms_Frequency_Appetite_Changes pred:Text ""Poor appetite or overeating"" .
:QDepressive_Symptoms_Frequency_Feelings_of_Worthlessness pred:Text ""Feeling bad about yourself or that you are a failure or have let yourself or your family down"" .
:QDepressive_Symptoms_Frequency_Concentration_Difficulties pred:Text ""Trouble concentrating on things, such as reading the newspaper or watching television"" .
:QDepressive_Symptoms_Frequency_Psychomotor_Changes pred:Text ""Moving or speaking so slowly that other people could have noticed. Or the opposite — being so fidgety or restless that you have been moving around a lot more than usual"" .
:QDepressive_Symptoms_Frequency_Suicidal_Thoughts pred:Text ""Thoughts that you would be better off dead, or of hurting yourself"" .

# Responses
:Respondent18 pred:Year_of_birth 2005.0 ;
     pred:Gender 1.0 ;
     pred:Socio_economic_status 4.0 ;
     pred:Ethnic_identity 5.0 .

:Respondent18 pred:Life_satisfaction 9.0 ;
     pred:Happiness 8.0 ;
     pred:Laughter 3.0 ;
     pred:Learning 10.0 ;
     pred:Enjoyment 7.0 ;
     pred:Worry 1.0 ;
     pred:Depression 1.0 ;
     pred:Anger 2.0 ;
     pred:Stress 1.0 ;
     pred:Loneliness 10.0 .

:Respondent18_Emotional_Regulation_Frequency
                                   pred:Upset_by_Unexpected_Events 3.0 ;
                                   pred:Unable_to_Control_Important_Things 1.0 ;
                                   pred:Lacked_Confidence_Handling_Problems 3.0 ;
                                   pred:Unable_to_Cope 2.0 ;
                                   pred:Irritated_by_Life 4.0 ;
                                   pred:On_Top_of_Things 4.0 .
:Respondent18 pred:hasGroupResponse :Respondent18_Emotional_Regulation_Frequency .

:Respondent18_Anxiety_Symptoms_Frequency
                               pred:Feeling_Nervous_or_On_Edge 0.0 ;
                               pred:Trouble_Relaxing 1.0 ;
                               pred:Restlessness 0.0 ;
                               pred:Irritability 1.0 ;
                               pred:Fear_Something_Awful_Might_Happen 1.0 .
:Respondent18 pred:hasGroupResponse :Respondent18_Anxiety_Symptoms_Frequency .

:Respondent18_Depressive_Symptoms_Frequency
                                  pred:Anhedonia 1.0 ;
                                  pred:Sleep_Problems 0.0 ;
                                  pred:Fatigue 0.0 ;
                                  pred:Appetite_Changes 2.0 ;
                                  pred:Feelings_of_Worthlessness 0.0 ;
                                  pred:Concentration_Difficulties 2.0 ;
                                  pred:Suicidal_Thoughts 0.0 .
:Respondent18 pred:hasGroupResponse :Respondent18_Depressive_Symptoms_Frequency .

:Respondent115 pred:Year_of_birth 2003.0 ;
     pred:Gender 1.0 ;
     pred:Socio_economic_status 5.0 ;
     pred:Ethnic_identity 6.0 .

:Respondent115_Parental_Education
                       pred:Father 19.0 ;
                       pred:Mother 23.0 .
:Respondent115 pred:hasGroupResponse :Respondent115_Parental_Education .

:Respondent115 pred:Life_satisfaction 9.0 ;
     pred:Happiness 0.0 ;
     pred:Laughter 0.0 ;
     pred:Learning 10.0 ;
     pred:Enjoyment 5.0 ;
     pred:Worry 3.0 ;
     pred:Depression 1.0 ;
     pred:Anger 2.0 ;
     pred:Stress 4.0 ;
     pred:Loneliness 9.0 .

:Respondent115_Emotional_Regulation_Frequency
                                   pred:Upset_by_Unexpected_Events 2.0 ;
                                   pred:Unable_to_Control_Important_Things 1.0 ;
                                   pred:Lacked_Confidence_Handling_Problems 3.0 ;
                                   pred:Unable_to_Cope 1.0 ;
                                   pred:Irritated_by_Life 4.0 ;
                                   pred:On_Top_of_Things 4.0 .
:Respondent115 pred:hasGroupResponse :Respondent115_Emotional_Regulation_Frequency .

:Respondent115_Anxiety_Symptoms_Frequency
                               pred:Feeling_Nervous_or_On_Edge 3.0 ;
                               pred:Trouble_Relaxing 2.0 ;
                               pred:Restlessness 2.0 ;
                               pred:Irritability 1.0 ;
                               pred:Fear_Something_Awful_Might_Happen 3.0 .
:Respondent115 pred:hasGroupResponse :Respondent115_Anxiety_Symptoms_Frequency .

:Respondent115_Depressive_Symptoms_Frequency
                                  pred:Anhedonia 1.0 ;
                                  pred:Sleep_Problems 0.0 ;
                                  pred:Fatigue 1.0 ;
                                  pred:Appetite_Changes 0.0 ;
                                  pred:Feelings_of_Worthlessness 1.0 ;
                                  pred:Concentration_Difficulties 2.0 ;
                                  pred:Suicidal_Thoughts 0.0 .
:Respondent115 pred:hasGroupResponse :Respondent115_Depressive_Symptoms_Frequency .

:Respondent5 pred:Year_of_birth 1999.0 ;
     pred:Gender 1.0 ;
     pred:Socio_economic_status 4.0 ;
     pred:Ethnic_identity 5.0 .

:Respondent5 pred:Life_satisfaction 8.0 ;
     pred:Happiness 6.0 ;
     pred:Laughter 7.0 ;
     pred:Learning 3.0 ;
     pred:Enjoyment 9.0 ;
     pred:Worry 0.0 ;
     pred:Depression 1.0 ;
     pred:Anger 2.0 ;
     pred:Stress 2.0 ;
     pred:Loneliness 10.0 .

:Respondent5_Emotional_Regulation_Frequency
                                   pred:Upset_by_Unexpected_Events 3.0 ;
                                   pred:Unable_to_Control_Important_Things 1.0 ;
                                   pred:Lacked_Confidence_Handling_Problems 3.0 ;
                                   pred:Unable_to_Cope 3.0 ;
                                   pred:Irritated_by_Life 3.0 ;
                                   pred:On_Top_of_Things 2.0 .
:Respondent5 pred:hasGroupResponse :Respondent5_Emotional_Regulation_Frequency .

:Respondent5_Anxiety_Symptoms_Frequency
                               pred:Feeling_Nervous_or_On_Edge 1.0 ;
                               pred:Trouble_Relaxing 0.0 ;
                               pred:Restlessness 0.0 ;
                               pred:Irritability 0.0 ;
                               pred:Fear_Something_Awful_Might_Happen 1.0 .
:Respondent5 pred:hasGroupResponse :Respondent5_Anxiety_Symptoms_Frequency .

:Respondent5_Depressive_Symptoms_Frequency
                                  pred:Anhedonia 2.0 ;
                                  pred:Sleep_Problems 3.0 ;
                                  pred:Fatigue 1.0 ;
                                  pred:Appetite_Changes 1.0 ;
                                  pred:Feelings_of_Worthlessness 0.0 ;
                                  pred:Concentration_Difficulties 1.0 ;
                                  pred:Suicidal_Thoughts 3.0 .
:Respondent5 pred:hasGroupResponse :Respondent5_Depressive_Symptoms_Frequency .
",4.0,"For respondent 129, what is the value for 'Appetite Changes' in the 'Depressive Symptoms Frequency' category?

DATA:

@prefix : <http://example.org/survey#> .
@prefix pred: <http://example.org/predicate#> .
@prefix qg: <http://example.org/question_group#> .

# Questions
:QYear_of_birth pred:Text ""What is your date of birth? [Open-ended]"" .
:QGender pred:Text ""What is your gender? [MCQ: 1. Male 2. Female]"" .
:QSocio_economic_status pred:Text ""What is the socio-economic status of your home? [Likert 1–6: 1 = Very low, 6 = Very high]"" .
:QEthnic_identity pred:Text ""According to your culture, people, or physical features, you are or are recognized as: [MCQ: 1. Indigenous 2. Gypsy 3. Raizal from San Andres, Providencia and Santa Catalina Archipelago 4. Palenquero from San Basilio 5. Black, mulatto (Afro-descendant), Afro-Colombian 6. None of the above]"" .

:QGParental_Education pred:BaseQuestion ""How many years of education did your parents receive? [Open-ended]"" ;
    qg:hasSubQuestion :QParental_Education_Father, :QParental_Education_Mother .
:QParental_Education_Father pred:Text ""Father?"" .
:QParental_Education_Mother pred:Text ""Mother?"" .

:QLife_satisfaction pred:Text ""In general, how satisfied are you with all aspects of your life? [Likert 0–10: 0 = Not satisfied, 10 = Totally satisfied]"" .
:QHappiness pred:Text ""How happy did you feel yesterday? [Likert 0–10: 0 = At no time, 10 = All the time]"" .
:QLaughter pred:Text ""How much did you laugh yesterday? [Likert 0–10: 0 = At no time, 10 = All the time]"" .
:QLearning pred:Text ""Did you learn new or exciting things yesterday? [Likert 0–10: 0 = At no time, 10 = All the time]"" .
:QEnjoyment pred:Text ""How much did you enjoy the activities you did yesterday? [Likert 0–10: 0 = At no time, 10 = All the time]"" .
:QWorry pred:Text ""How worried did you feel yesterday? [Likert 0–10: 0 = At no time, 10 = All the time]"" .
:QDepression pred:Text ""How depressed did you feel yesterday? [Likert 0–10: 0 = At no time, 10 = All the time]"" .
:QAnger pred:Text ""How angry did you feel yesterday? [Likert 0–10: 0 = At no time, 10 = All the time]"" .
:QStress pred:Text ""How much stress did you feel yesterday? [Likert 0–10: 0 = At no time, 10 = All the time]"" .
:QLoneliness pred:Text ""How lonely or unsupported did you feel yesterday? [Likert 0–10: 0 = At no time, 10 = All the time]"" .

:QGEmotional_Regulation_Frequency pred:BaseQuestion ""Next, you will be asked questions about your emotional state. Please answer on a scale of 0 to 4, where 0 is never, 1 is 'almost never', 2 is 'sometimes', 3 is 'fairly often', and 4 is 'very often', how often you experienced the following feelings during the last month: [Likert 0–4]"" ;
    qg:hasSubQuestion :QEmotional_Regulation_Frequency_Upset_by_Unexpected_Events,
                      :QEmotional_Regulation_Frequency_Unable_to_Control_Important_Things,
                      :QEmotional_Regulation_Frequency_Nervous_and_Stressed,
                      :QEmotional_Regulation_Frequency_Lacked_Confidence_Handling_Problems,
                      :QEmotional_Regulation_Frequency_Things_Going_Your_Way,
                      :QEmotional_Regulation_Frequency_Unable_to_Cope,
                      :QEmotional_Regulation_Frequency_Irritated_by_Life,
                      :QEmotional_Regulation_Frequency_On_Top_of_Things,
                      :QEmotional_Regulation_Frequency_Angered_by_Uncontrollable_Events,
                      :QEmotional_Regulation_Frequency_Felt_Overwhelmed .

:QEmotional_Regulation_Frequency_Upset_by_Unexpected_Events pred:Text ""how often have you been upset because of something that happened unexpectedly?"" .
:QEmotional_Regulation_Frequency_Unable_to_Control_Important_Things pred:Text ""how often have you felt that you were unable to control the important things in your life?"" .
:QEmotional_Regulation_Frequency_Nervous_and_Stressed pred:Text ""how often have you felt nervous and stressed?"" .
:QEmotional_Regulation_Frequency_Lacked_Confidence_Handling_Problems pred:Text ""how often have you felt confident about your ability to handle your personal problems?"" .
:QEmotional_Regulation_Frequency_Things_Going_Your_Way pred:Text ""how often have you felt that things were going your way?"" .
:QEmotional_Regulation_Frequency_Unable_to_Cope pred:Text ""how often have you found that you could not cope with all the things that you had to do?"" .
:QEmotional_Regulation_Frequency_Irritated_by_Life pred:Text ""how often have you been able to control irritations in your life?"" .
:QEmotional_Regulation_Frequency_On_Top_of_Things pred:Text ""how often have you felt that you were on top of things?"" .
:QEmotional_Regulation_Frequency_Angered_by_Uncontrollable_Events pred:Text ""how often have you been angered because of things that happened that were outside of your control?"" .
:QEmotional_Regulation_Frequency_Felt_Overwhelmed pred:Text ""how often have you felt difficulties were piling up so high that you could not overcome them?"" .

:QGAnxiety_Symptoms_Frequency pred:BaseQuestion ""Next, you will be asked questions about your emotional state. Please answer on a scale of 0 to 3, where 0 is 'Not at all', 1 is 'several days', 2 is 'more than half of the days', and 3 is 'Nearly every day'. Over the last two weeks, how often have you been bothered by the following problems? [Likert 0–3]"" ;
    qg:hasSubQuestion :QAnxiety_Symptoms_Frequency_Feeling_Nervous_or_On_Edge,
                      :QAnxiety_Symptoms_Frequency_Uncontrollable_Worrying,
                      :QAnxiety_Symptoms_Frequency_Excessive_Worry,
                      :QAnxiety_Symptoms_Frequency_Trouble_Relaxing,
                      :QAnxiety_Symptoms_Frequency_Restlessness,
                      :QAnxiety_Symptoms_Frequency_Irritability,
                      :QAnxiety_Symptoms_Frequency_Fear_Something_Awful_Might_Happen .

:QAnxiety_Symptoms_Frequency_Feeling_Nervous_or_On_Edge pred:Text ""Feeling nervous, anxious, or on edge"" .
:QAnxiety_Symptoms_Frequency_Uncontrollable_Worrying pred:Text ""Not being able to stop or control worrying"" .
:QAnxiety_Symptoms_Frequency_Excessive_Worry pred:Text ""Worrying too much about different things"" .
:QAnxiety_Symptoms_Frequency_Trouble_Relaxing pred:Text ""Trouble relaxing"" .
:QAnxiety_Symptoms_Frequency_Restlessness pred:Text ""Being so restless that it is hard to sit still"" .
:QAnxiety_Symptoms_Frequency_Irritability pred:Text ""Becoming easily annoyed or irritable"" .
:QAnxiety_Symptoms_Frequency_Fear_Something_Awful_Might_Happen pred:Text ""Feeling afraid, as if something awful might happen"" .

:QGDepressive_Symptoms_Frequency pred:BaseQuestion ""Next, you will be asked questions about your emotional state. Please answer on a scale of 0 to 3, where 0 is 'Not at all', 1 is 'several days', 2 is 'more than half of the days', and 3 is 'Nearly every day'. Over the last two weeks, how often have you been bothered by the following problems?"" ;
    qg:hasSubQuestion :QDepressive_Symptoms_Frequency_Anhedonia,
                      :QDepressive_Symptoms_Frequency_Depressed_Mood,
                      :QDepressive_Symptoms_Frequency_Sleep_Problems,
                      :QDepressive_Symptoms_Frequency_Fatigue,
                      :QDepressive_Symptoms_Frequency_Appetite_Changes,
                      :QDepressive_Symptoms_Frequency_Feelings_of_Worthlessness,
                      :QDepressive_Symptoms_Frequency_Concentration_Difficulties,
                      :QDepressive_Symptoms_Frequency_Psychomotor_Changes,
                      :QDepressive_Symptoms_Frequency_Suicidal_Thoughts .

:QDepressive_Symptoms_Frequency_Anhedonia pred:Text ""Little interest or pleasure in doing things"" .
:QDepressive_Symptoms_Frequency_Depressed_Mood pred:Text ""Feeling down, depressed, or hopeless"" .
:QDepressive_Symptoms_Frequency_Sleep_Problems pred:Text ""Trouble falling or staying asleep, or sleeping too much"" .
:QDepressive_Symptoms_Frequency_Fatigue pred:Text ""Feeling tired or having little energy"" .
:QDepressive_Symptoms_Frequency_Appetite_Changes pred:Text ""Poor appetite or overeating"" .
:QDepressive_Symptoms_Frequency_Feelings_of_Worthlessness pred:Text ""Feeling bad about yourself or that you are a failure or have let yourself or your family down"" .
:QDepressive_Symptoms_Frequency_Concentration_Difficulties pred:Text ""Trouble concentrating on things, such as reading the newspaper or watching television"" .
:QDepressive_Symptoms_Frequency_Psychomotor_Changes pred:Text ""Moving or speaking so slowly that other people could have noticed. Or the opposite — being so fidgety or restless that you have been moving around a lot more than usual"" .
:QDepressive_Symptoms_Frequency_Suicidal_Thoughts pred:Text ""Thoughts that you would be better off dead, or of hurting yourself"" .

# Responses
:Respondent73 pred:Year_of_birth 2005.0 ;
     pred:Gender 2.0 ;
     pred:Socio_economic_status 2.0 ;
     pred:Ethnic_identity 6.0 .

:Respondent73_Parental_Education
                       pred:Father 25.0 ;
                       pred:Mother 15.0 .
:Respondent73 pred:hasGroupResponse :Respondent73_Parental_Education .

:Respondent73 pred:Life_satisfaction 8.0 ;
     pred:Happiness 5.0 ;
     pred:Laughter 4.0 ;
     pred:Learning 5.0 ;
     pred:Enjoyment 5.0 ;
     pred:Worry 2.0 ;
     pred:Depression 1.0 ;
     pred:Anger 2.0 ;
     pred:Stress 4.0 ;
     pred:Loneliness 6.0 .

:Respondent73_Emotional_Regulation_Frequency
                                   pred:Upset_by_Unexpected_Events 2.0 ;
                                   pred:Unable_to_Control_Important_Things 2.0 ;
                                   pred:Lacked_Confidence_Handling_Problems 2.0 ;
                                   pred:Unable_to_Cope 2.0 ;
                                   pred:Irritated_by_Life 2.0 ;
                                   pred:On_Top_of_Things 2.0 .
:Respondent73 pred:hasGroupResponse :Respondent73_Emotional_Regulation_Frequency .

:Respondent73_Anxiety_Symptoms_Frequency
                               pred:Feeling_Nervous_or_On_Edge 2.0 ;
                               pred:Trouble_Relaxing 1.0 ;
                               pred:Restlessness 1.0 ;
                               pred:Irritability 2.0 ;
                               pred:Fear_Something_Awful_Might_Happen 2.0 .
:Respondent73 pred:hasGroupResponse :Respondent73_Anxiety_Symptoms_Frequency .

:Respondent73_Depressive_Symptoms_Frequency
                                  pred:Anhedonia 1.0 ;
                                  pred:Sleep_Problems 2.0 ;
                                  pred:Fatigue 1.0 ;
                                  pred:Appetite_Changes 1.0 ;
                                  pred:Feelings_of_Worthlessness 1.0 ;
                                  pred:Concentration_Difficulties 1.0 ;
                                  pred:Suicidal_Thoughts 0.0 .
:Respondent73 pred:hasGroupResponse :Respondent73_Depressive_Symptoms_Frequency .

:Respondent85 pred:Year_of_birth 2004.0 ;
     pred:Gender 2.0 ;
     pred:Socio_economic_status 3.0 ;
     pred:Ethnic_identity 6.0 .

:Respondent85_Parental_Education
                       pred:Father 18.0 .
:Respondent85 pred:hasGroupResponse :Respondent85_Parental_Education .

:Respondent85 pred:Life_satisfaction 5.0 ;
     pred:Happiness 6.0 ;
     pred:Laughter 6.0 ;
     pred:Learning 8.0 ;
     pred:Enjoyment 5.0 ;
     pred:Worry 1.0 ;
     pred:Depression 1.0 ;
     pred:Anger 2.0 ;
     pred:Stress 4.0 ;
     pred:Loneliness 1.0 .

:Respondent85_Emotional_Regulation_Frequency
                                   pred:Upset_by_Unexpected_Events 2.0 ;
                                   pred:Unable_to_Control_Important_Things 3.0 ;
                                   pred:Lacked_Confidence_Handling_Problems 2.0 ;
                                   pred:Unable_to_Cope 3.0 ;
                                   pred:Irritated_by_Life 3.0 ;
                                   pred:On_Top_of_Things 2.0 .
:Respondent85 pred:hasGroupResponse :Respondent85_Emotional_Regulation_Frequency .

:Respondent85_Anxiety_Symptoms_Frequency
                               pred:Feeling_Nervous_or_On_Edge 1.0 ;
                               pred:Trouble_Relaxing 1.0 ;
                               pred:Restlessness 0.0 ;
                               pred:Irritability 1.0 ;
                               pred:Fear_Something_Awful_Might_Happen 1.0 .
:Respondent85 pred:hasGroupResponse :Respondent85_Anxiety_Symptoms_Frequency .

:Respondent85_Depressive_Symptoms_Frequency
                                  pred:Anhedonia 2.0 ;
                                  pred:Sleep_Problems 2.0 ;
                                  pred:Fatigue 3.0 ;
                                  pred:Appetite_Changes 3.0 ;
                                  pred:Feelings_of_Worthlessness 1.0 ;
                                  pred:Concentration_Difficulties 1.0 ;
                                  pred:Suicidal_Thoughts 0.0 .
:Respondent85 pred:hasGroupResponse :Respondent85_Depressive_Symptoms_Frequency .

:Respondent129 pred:Year_of_birth 2001.0 ;
     pred:Gender 2.0 ;
     pred:Socio_economic_status 3.0 ;
     pred:Ethnic_identity 6.0 .

:Respondent129_Parental_Education
                       pred:Father 13.0 ;
                       pred:Mother 13.0 .
:Respondent129 pred:hasGroupResponse :Respondent129_Parental_Education .

:Respondent129 pred:Life_satisfaction 8.0 ;
     pred:Happiness 9.0 ;
     pred:Laughter 6.0 ;
     pred:Learning 5.0 ;
     pred:Enjoyment 6.0 ;
     pred:Worry 1.0 ;
     pred:Depression 1.0 ;
     pred:Anger 1.0 ;
     pred:Stress 3.0 ;
     pred:Loneliness 0.0 .

:Respondent129_Emotional_Regulation_Frequency
                                   pred:Upset_by_Unexpected_Events 1.0 ;
                                   pred:Unable_to_Control_Important_Things 1.0 ;
                                   pred:Lacked_Confidence_Handling_Problems 3.0 ;
                                   pred:Unable_to_Cope 2.0 ;
                                   pred:Irritated_by_Life 3.0 ;
                                   pred:On_Top_of_Things 2.0 .
:Respondent129 pred:hasGroupResponse :Respondent129_Emotional_Regulation_Frequency .

:Respondent129_Anxiety_Symptoms_Frequency
                               pred:Feeling_Nervous_or_On_Edge 1.0 ;
                               pred:Trouble_Relaxing 1.0 ;
                               pred:Restlessness 0.0 ;
                               pred:Irritability 0.0 ;
                               pred:Fear_Something_Awful_Might_Happen 0.0 .
:Respondent129 pred:hasGroupResponse :Respondent129_Anxiety_Symptoms_Frequency .

:Respondent129_Depressive_Symptoms_Frequency
                                  pred:Anhedonia 1.0 ;
                                  pred:Sleep_Problems 1.0 ;
                                  pred:Fatigue 2.0 ;
                                  pred:Appetite_Changes 2.0 ;
                                  pred:Feelings_of_Worthlessness 0.0 ;
                                  pred:Concentration_Difficulties 2.0 ;
                                  pred:Suicidal_Thoughts 0.0 .
:Respondent129 pred:hasGroupResponse :Respondent129_Depressive_Symptoms_Frequency .

Answer: 2.0

@prefix : <http://example.org/survey#> .
@prefix pred: <http://example.org/predicate#> .
@prefix qg: <http://example.org/question_group#> .

# Questions
:QYear_of_birth pred:Text ""What is your date of birth? [Open-ended]"" .
:QGender pred:Text ""What is your gender? [MCQ: 1. Male 2. Female]"" .
:QSocio_economic_status pred:Text ""What is the socio-economic status of your home? [Likert 1–6: 1 = Very low, 6 = Very high]"" .
:QEthnic_identity pred:Text ""According to your culture, people, or physical features, you are or are recognized as: [MCQ: 1. Indigenous 2. Gypsy 3. Raizal from San Andres, Providencia and Santa Catalina Archipelago 4. Palenquero from San Basilio 5. Black, mulatto (Afro-descendant), Afro-Colombian 6. None of the above]"" .

:QGParental_Education pred:BaseQuestion ""How many years of education did your parents receive? [Open-ended]"" ;
    qg:hasSubQuestion :QParental_Education_Father, :QParental_Education_Mother .
:QParental_Education_Father pred:Text ""Father?"" .
:QParental_Education_Mother pred:Text ""Mother?"" .

:QLife_satisfaction pred:Text ""In general, how satisfied are you with all aspects of your life? [Likert 0–10: 0 = Not satisfied, 10 = Totally satisfied]"" .
:QHappiness pred:Text ""How happy did you feel yesterday? [Likert 0–10: 0 = At no time, 10 = All the time]"" .
:QLaughter pred:Text ""How much did you laugh yesterday? [Likert 0–10: 0 = At no time, 10 = All the time]"" .
:QLearning pred:Text ""Did you learn new or exciting things yesterday? [Likert 0–10: 0 = At no time, 10 = All the time]"" .
:QEnjoyment pred:Text ""How much did you enjoy the activities you did yesterday? [Likert 0–10: 0 = At no time, 10 = All the time]"" .
:QWorry pred:Text ""How worried did you feel yesterday? [Likert 0–10: 0 = At no time, 10 = All the time]"" .
:QDepression pred:Text ""How depressed did you feel yesterday? [Likert 0–10: 0 = At no time, 10 = All the time]"" .
:QAnger pred:Text ""How angry did you feel yesterday? [Likert 0–10: 0 = At no time, 10 = All the time]"" .
:QStress pred:Text ""How much stress did you feel yesterday? [Likert 0–10: 0 = At no time, 10 = All the time]"" .
:QLoneliness pred:Text ""How lonely or unsupported did you feel yesterday? [Likert 0–10: 0 = At no time, 10 = All the time]"" .

:QGEmotional_Regulation_Frequency pred:BaseQuestion ""Next, you will be asked questions about your emotional state. Please answer on a scale of 0 to 4, where 0 is never, 1 is 'almost never', 2 is 'sometimes', 3 is 'fairly often', and 4 is 'very often', how often you experienced the following feelings during the last month: [Likert 0–4]"" ;
    qg:hasSubQuestion :QEmotional_Regulation_Frequency_Upset_by_Unexpected_Events,
                      :QEmotional_Regulation_Frequency_Unable_to_Control_Important_Things,
                      :QEmotional_Regulation_Frequency_Nervous_and_Stressed,
                      :QEmotional_Regulation_Frequency_Lacked_Confidence_Handling_Problems,
                      :QEmotional_Regulation_Frequency_Things_Going_Your_Way,
                      :QEmotional_Regulation_Frequency_Unable_to_Cope,
                      :QEmotional_Regulation_Frequency_Irritated_by_Life,
                      :QEmotional_Regulation_Frequency_On_Top_of_Things,
                      :QEmotional_Regulation_Frequency_Angered_by_Uncontrollable_Events,
                      :QEmotional_Regulation_Frequency_Felt_Overwhelmed .

:QEmotional_Regulation_Frequency_Upset_by_Unexpected_Events pred:Text ""how often have you been upset because of something that happened unexpectedly?"" .
:QEmotional_Regulation_Frequency_Unable_to_Control_Important_Things pred:Text ""how often have you felt that you were unable to control the important things in your life?"" .
:QEmotional_Regulation_Frequency_Nervous_and_Stressed pred:Text ""how often have you felt nervous and stressed?"" .
:QEmotional_Regulation_Frequency_Lacked_Confidence_Handling_Problems pred:Text ""how often have you felt confident about your ability to handle your personal problems?"" .
:QEmotional_Regulation_Frequency_Things_Going_Your_Way pred:Text ""how often have you felt that things were going your way?"" .
:QEmotional_Regulation_Frequency_Unable_to_Cope pred:Text ""how often have you found that you could not cope with all the things that you had to do?"" .
:QEmotional_Regulation_Frequency_Irritated_by_Life pred:Text ""how often have you been able to control irritations in your life?"" .
:QEmotional_Regulation_Frequency_On_Top_of_Things pred:Text ""how often have you felt that you were on top of things?"" .
:QEmotional_Regulation_Frequency_Angered_by_Uncontrollable_Events pred:Text ""how often have you been angered because of things that happened that were outside of your control?"" .
:QEmotional_Regulation_Frequency_Felt_Overwhelmed pred:Text ""how often have you felt difficulties were piling up so high that you could not overcome them?"" .

:QGAnxiety_Symptoms_Frequency pred:BaseQuestion ""Next, you will be asked questions about your emotional state. Please answer on a scale of 0 to 3, where 0 is 'Not at all', 1 is 'several days', 2 is 'more than half of the days', and 3 is 'Nearly every day'. Over the last two weeks, how often have you been bothered by the following problems? [Likert 0–3]"" ;
    qg:hasSubQuestion :QAnxiety_Symptoms_Frequency_Feeling_Nervous_or_On_Edge,
                      :QAnxiety_Symptoms_Frequency_Uncontrollable_Worrying,
                      :QAnxiety_Symptoms_Frequency_Excessive_Worry,
                      :QAnxiety_Symptoms_Frequency_Trouble_Relaxing,
                      :QAnxiety_Symptoms_Frequency_Restlessness,
                      :QAnxiety_Symptoms_Frequency_Irritability,
                      :QAnxiety_Symptoms_Frequency_Fear_Something_Awful_Might_Happen .

:QAnxiety_Symptoms_Frequency_Feeling_Nervous_or_On_Edge pred:Text ""Feeling nervous, anxious, or on edge"" .
:QAnxiety_Symptoms_Frequency_Uncontrollable_Worrying pred:Text ""Not being able to stop or control worrying"" .
:QAnxiety_Symptoms_Frequency_Excessive_Worry pred:Text ""Worrying too much about different things"" .
:QAnxiety_Symptoms_Frequency_Trouble_Relaxing pred:Text ""Trouble relaxing"" .
:QAnxiety_Symptoms_Frequency_Restlessness pred:Text ""Being so restless that it is hard to sit still"" .
:QAnxiety_Symptoms_Frequency_Irritability pred:Text ""Becoming easily annoyed or irritable"" .
:QAnxiety_Symptoms_Frequency_Fear_Something_Awful_Might_Happen pred:Text ""Feeling afraid, as if something awful might happen"" .

:QGDepressive_Symptoms_Frequency pred:BaseQuestion ""Next, you will be asked questions about your emotional state. Please answer on a scale of 0 to 3, where 0 is 'Not at all', 1 is 'several days', 2 is 'more than half of the days', and 3 is 'Nearly every day'. Over the last two weeks, how often have you been bothered by the following problems?"" ;
    qg:hasSubQuestion :QDepressive_Symptoms_Frequency_Anhedonia,
                      :QDepressive_Symptoms_Frequency_Depressed_Mood,
                      :QDepressive_Symptoms_Frequency_Sleep_Problems,
                      :QDepressive_Symptoms_Frequency_Fatigue,
                      :QDepressive_Symptoms_Frequency_Appetite_Changes,
                      :QDepressive_Symptoms_Frequency_Feelings_of_Worthlessness,
                      :QDepressive_Symptoms_Frequency_Concentration_Difficulties,
                      :QDepressive_Symptoms_Frequency_Psychomotor_Changes,
                      :QDepressive_Symptoms_Frequency_Suicidal_Thoughts .

:QDepressive_Symptoms_Frequency_Anhedonia pred:Text ""Little interest or pleasure in doing things"" .
:QDepressive_Symptoms_Frequency_Depressed_Mood pred:Text ""Feeling down, depressed, or hopeless"" .
:QDepressive_Symptoms_Frequency_Sleep_Problems pred:Text ""Trouble falling or staying asleep, or sleeping too much"" .
:QDepressive_Symptoms_Frequency_Fatigue pred:Text ""Feeling tired or having little energy"" .
:QDepressive_Symptoms_Frequency_Appetite_Changes pred:Text ""Poor appetite or overeating"" .
:QDepressive_Symptoms_Frequency_Feelings_of_Worthlessness pred:Text ""Feeling bad about yourself or that you are a failure or have let yourself or your family down"" .
:QDepressive_Symptoms_Frequency_Concentration_Difficulties pred:Text ""Trouble concentrating on things, such as reading the newspaper or watching television"" .
:QDepressive_Symptoms_Frequency_Psychomotor_Changes pred:Text ""Moving or speaking so slowly that other people could have noticed. Or the opposite — being so fidgety or restless that you have been moving around a lot more than usual"" .
:QDepressive_Symptoms_Frequency_Suicidal_Thoughts pred:Text ""Thoughts that you would be better off dead, or of hurting yourself"" .

# Responses
:Respondent18 pred:Year_of_birth 2005.0 ;
     pred:Gender 1.0 ;
     pred:Socio_economic_status 4.0 ;
     pred:Ethnic_identity 5.0 .

:Respondent18 pred:Life_satisfaction 9.0 ;
     pred:Happiness 8.0 ;
     pred:Laughter 3.0 ;
     pred:Learning 10.0 ;
     pred:Enjoyment 7.0 ;
     pred:Worry 1.0 ;
     pred:Depression 1.0 ;
     pred:Anger 2.0 ;
     pred:Stress 1.0 ;
     pred:Loneliness 10.0 .

:Respondent18_Emotional_Regulation_Frequency
                                   pred:Upset_by_Unexpected_Events 3.0 ;
                                   pred:Unable_to_Control_Important_Things 1.0 ;
                                   pred:Lacked_Confidence_Handling_Problems 3.0 ;
                                   pred:Unable_to_Cope 2.0 ;
                                   pred:Irritated_by_Life 4.0 ;
                                   pred:On_Top_of_Things 4.0 .
:Respondent18 pred:hasGroupResponse :Respondent18_Emotional_Regulation_Frequency .

:Respondent18_Anxiety_Symptoms_Frequency
                               pred:Feeling_Nervous_or_On_Edge 0.0 ;
                               pred:Trouble_Relaxing 1.0 ;
                               pred:Restlessness 0.0 ;
                               pred:Irritability 1.0 ;
                               pred:Fear_Something_Awful_Might_Happen 1.0 .
:Respondent18 pred:hasGroupResponse :Respondent18_Anxiety_Symptoms_Frequency .

:Respondent18_Depressive_Symptoms_Frequency
                                  pred:Anhedonia 1.0 ;
                                  pred:Sleep_Problems 0.0 ;
                                  pred:Fatigue 0.0 ;
                                  pred:Appetite_Changes 2.0 ;
                                  pred:Feelings_of_Worthlessness 0.0 ;
                                  pred:Concentration_Difficulties 2.0 ;
                                  pred:Suicidal_Thoughts 0.0 .
:Respondent18 pred:hasGroupResponse :Respondent18_Depressive_Symptoms_Frequency .

:Respondent115 pred:Year_of_birth 2003.0 ;
     pred:Gender 1.0 ;
     pred:Socio_economic_status 5.0 ;
     pred:Ethnic_identity 6.0 .

:Respondent115_Parental_Education
                       pred:Father 19.0 ;
                       pred:Mother 23.0 .
:Respondent115 pred:hasGroupResponse :Respondent115_Parental_Education .

:Respondent115 pred:Life_satisfaction 9.0 ;
     pred:Happiness 0.0 ;
     pred:Laughter 0.0 ;
     pred:Learning 10.0 ;
     pred:Enjoyment 5.0 ;
     pred:Worry 3.0 ;
     pred:Depression 1.0 ;
     pred:Anger 2.0 ;
     pred:Stress 4.0 ;
     pred:Loneliness 9.0 .

:Respondent115_Emotional_Regulation_Frequency
                                   pred:Upset_by_Unexpected_Events 2.0 ;
                                   pred:Unable_to_Control_Important_Things 1.0 ;
                                   pred:Lacked_Confidence_Handling_Problems 3.0 ;
                                   pred:Unable_to_Cope 1.0 ;
                                   pred:Irritated_by_Life 4.0 ;
                                   pred:On_Top_of_Things 4.0 .
:Respondent115 pred:hasGroupResponse :Respondent115_Emotional_Regulation_Frequency .

:Respondent115_Anxiety_Symptoms_Frequency
                               pred:Feeling_Nervous_or_On_Edge 3.0 ;
                               pred:Trouble_Relaxing 2.0 ;
                               pred:Restlessness 2.0 ;
                               pred:Irritability 1.0 ;
                               pred:Fear_Something_Awful_Might_Happen 3.0 .
:Respondent115 pred:hasGroupResponse :Respondent115_Anxiety_Symptoms_Frequency .

:Respondent115_Depressive_Symptoms_Frequency
                                  pred:Anhedonia 1.0 ;
                                  pred:Sleep_Problems 0.0 ;
                                  pred:Fatigue 1.0 ;
                                  pred:Appetite_Changes 0.0 ;
                                  pred:Feelings_of_Worthlessness 1.0 ;
                                  pred:Concentration_Difficulties 2.0 ;
                                  pred:Suicidal_Thoughts 0.0 .
:Respondent115 pred:hasGroupResponse :Respondent115_Depressive_Symptoms_Frequency .

:Respondent5 pred:Year_of_birth 1999.0 ;
     pred:Gender 1.0 ;
     pred:Socio_economic_status 4.0 ;
     pred:Ethnic_identity 5.0 .

:Respondent5 pred:Life_satisfaction 8.0 ;
     pred:Happiness 6.0 ;
     pred:Laughter 7.0 ;
     pred:Learning 3.0 ;
     pred:Enjoyment 9.0 ;
     pred:Worry 0.0 ;
     pred:Depression 1.0 ;
     pred:Anger 2.0 ;
     pred:Stress 2.0 ;
     pred:Loneliness 10.0 .

:Respondent5_Emotional_Regulation_Frequency
                                   pred:Upset_by_Unexpected_Events 3.0 ;
                                   pred:Unable_to_Control_Important_Things 1.0 ;
                                   pred:Lacked_Confidence_Handling_Problems 3.0 ;
                                   pred:Unable_to_Cope 3.0 ;
                                   pred:Irritated_by_Life 3.0 ;
                                   pred:On_Top_of_Things 2.0 .
:Respondent5 pred:hasGroupResponse :Respondent5_Emotional_Regulation_Frequency .

:Respondent5_Anxiety_Symptoms_Frequency
                               pred:Feeling_Nervous_or_On_Edge 1.0 ;
                               pred:Trouble_Relaxing 0.0 ;
                               pred:Restlessness 0.0 ;
                               pred:Irritability 0.0 ;
                               pred:Fear_Something_Awful_Might_Happen 1.0 .
:Respondent5 pred:hasGroupResponse :Respondent5_Anxiety_Symptoms_Frequency .

:Respondent5_Depressive_Symptoms_Frequency
                                  pred:Anhedonia 2.0 ;
                                  pred:Sleep_Problems 3.0 ;
                                  pred:Fatigue 1.0 ;
                                  pred:Appetite_Changes 1.0 ;
                                  pred:Feelings_of_Worthlessness 0.0 ;
                                  pred:Concentration_Difficulties 1.0 ;
                                  pred:Suicidal_Thoughts 3.0 .
:Respondent5 pred:hasGroupResponse :Respondent5_Depressive_Symptoms_Frequency .

You are a meticulous data analyst AI. Your primary function is to accurately analyze structured data and provide precise, verifiable answers.

You will be given a dataset with two key parts:

A 'questions' section: This is your data dictionary or schema. It is the single source of truth for understanding what each field and score means. Refer to it carefully.

A 'responses' section: This contains the raw data from each individual respondent.

To answer the question correctly, you must first use the 'questions' schema to fully understand the context and meaning of the data points within the 'responses'. Do not rely on any prior knowledge outside of this provided data. Base your entire analysis on the information given.

Provide your final answer directly and concisely. Output must be the human-readable value, not an option code.

Rules:
- For MCQ fields, map any letter codes in the Responses (case-insensitive) to the corresponding option text from the Questions schema, and output only that text. Do NOT include the letter or both.
  Example: If the schema is ""[MCQ: A. Abnormal B. Inconclusive C. Normal]"" and the response is ""a"", output ""Abnormal"".
- For open-ended fields, output the exact text value.
- If the question asks for a count, provide only the number (e.g., ""42"").
- If the question asks for a list of names or IDs, provide a simple comma-separated list (e.g., ""17, 21, 23"").
- Preserve capitalization exactly as in the schema (e.g., output ""Abnormal"", not ""abnormal"" or ""A"").

What is the socio-economic status for respondent 18?",,
case_32,answer_lookup,What is the ethnic identity for respondent 17?,"@prefix : <http://example.org/survey#> .
@prefix pred: <http://example.org/predicate#> .
@prefix qg: <http://example.org/question_group#> .

# Questions
:QYear_of_birth pred:Text ""What is your date of birth? [Open-ended]"" .
:QGender pred:Text ""What is your gender? [MCQ: 1. Male 2. Female]"" .
:QSocio_economic_status pred:Text ""What is the socio-economic status of your home? [Likert 1–6: 1 = Very low, 6 = Very high]"" .
:QEthnic_identity pred:Text ""According to your culture, people, or physical features, you are or are recognized as: [MCQ: 1. Indigenous 2. Gypsy 3. Raizal from San Andres, Providencia and Santa Catalina Archipelago 4. Palenquero from San Basilio 5. Black, mulatto (Afro-descendant), Afro-Colombian 6. None of the above]"" .

:QGParental_Education pred:BaseQuestion ""How many years of education did your parents receive? [Open-ended]"" ;
    qg:hasSubQuestion :QParental_Education_Father, :QParental_Education_Mother .
:QParental_Education_Father pred:Text ""Father?"" .
:QParental_Education_Mother pred:Text ""Mother?"" .

:QLife_satisfaction pred:Text ""In general, how satisfied are you with all aspects of your life? [Likert 0–10: 0 = Not satisfied, 10 = Totally satisfied]"" .
:QHappiness pred:Text ""How happy did you feel yesterday? [Likert 0–10: 0 = At no time, 10 = All the time]"" .
:QLaughter pred:Text ""How much did you laugh yesterday? [Likert 0–10: 0 = At no time, 10 = All the time]"" .
:QLearning pred:Text ""Did you learn new or exciting things yesterday? [Likert 0–10: 0 = At no time, 10 = All the time]"" .
:QEnjoyment pred:Text ""How much did you enjoy the activities you did yesterday? [Likert 0–10: 0 = At no time, 10 = All the time]"" .
:QWorry pred:Text ""How worried did you feel yesterday? [Likert 0–10: 0 = At no time, 10 = All the time]"" .
:QDepression pred:Text ""How depressed did you feel yesterday? [Likert 0–10: 0 = At no time, 10 = All the time]"" .
:QAnger pred:Text ""How angry did you feel yesterday? [Likert 0–10: 0 = At no time, 10 = All the time]"" .
:QStress pred:Text ""How much stress did you feel yesterday? [Likert 0–10: 0 = At no time, 10 = All the time]"" .
:QLoneliness pred:Text ""How lonely or unsupported did you feel yesterday? [Likert 0–10: 0 = At no time, 10 = All the time]"" .

:QGEmotional_Regulation_Frequency pred:BaseQuestion ""Next, you will be asked questions about your emotional state. Please answer on a scale of 0 to 4, where 0 is never, 1 is 'almost never', 2 is 'sometimes', 3 is 'fairly often', and 4 is 'very often', how often you experienced the following feelings during the last month: [Likert 0–4]"" ;
    qg:hasSubQuestion :QEmotional_Regulation_Frequency_Upset_by_Unexpected_Events,
                      :QEmotional_Regulation_Frequency_Unable_to_Control_Important_Things,
                      :QEmotional_Regulation_Frequency_Nervous_and_Stressed,
                      :QEmotional_Regulation_Frequency_Lacked_Confidence_Handling_Problems,
                      :QEmotional_Regulation_Frequency_Things_Going_Your_Way,
                      :QEmotional_Regulation_Frequency_Unable_to_Cope,
                      :QEmotional_Regulation_Frequency_Irritated_by_Life,
                      :QEmotional_Regulation_Frequency_On_Top_of_Things,
                      :QEmotional_Regulation_Frequency_Angered_by_Uncontrollable_Events,
                      :QEmotional_Regulation_Frequency_Felt_Overwhelmed .

:QEmotional_Regulation_Frequency_Upset_by_Unexpected_Events pred:Text ""how often have you been upset because of something that happened unexpectedly?"" .
:QEmotional_Regulation_Frequency_Unable_to_Control_Important_Things pred:Text ""how often have you felt that you were unable to control the important things in your life?"" .
:QEmotional_Regulation_Frequency_Nervous_and_Stressed pred:Text ""how often have you felt nervous and stressed?"" .
:QEmotional_Regulation_Frequency_Lacked_Confidence_Handling_Problems pred:Text ""how often have you felt confident about your ability to handle your personal problems?"" .
:QEmotional_Regulation_Frequency_Things_Going_Your_Way pred:Text ""how often have you felt that things were going your way?"" .
:QEmotional_Regulation_Frequency_Unable_to_Cope pred:Text ""how often have you found that you could not cope with all the things that you had to do?"" .
:QEmotional_Regulation_Frequency_Irritated_by_Life pred:Text ""how often have you been able to control irritations in your life?"" .
:QEmotional_Regulation_Frequency_On_Top_of_Things pred:Text ""how often have you felt that you were on top of things?"" .
:QEmotional_Regulation_Frequency_Angered_by_Uncontrollable_Events pred:Text ""how often have you been angered because of things that happened that were outside of your control?"" .
:QEmotional_Regulation_Frequency_Felt_Overwhelmed pred:Text ""how often have you felt difficulties were piling up so high that you could not overcome them?"" .

:QGAnxiety_Symptoms_Frequency pred:BaseQuestion ""Next, you will be asked questions about your emotional state. Please answer on a scale of 0 to 3, where 0 is 'Not at all', 1 is 'several days', 2 is 'more than half of the days', and 3 is 'Nearly every day'. Over the last two weeks, how often have you been bothered by the following problems? [Likert 0–3]"" ;
    qg:hasSubQuestion :QAnxiety_Symptoms_Frequency_Feeling_Nervous_or_On_Edge,
                      :QAnxiety_Symptoms_Frequency_Uncontrollable_Worrying,
                      :QAnxiety_Symptoms_Frequency_Excessive_Worry,
                      :QAnxiety_Symptoms_Frequency_Trouble_Relaxing,
                      :QAnxiety_Symptoms_Frequency_Restlessness,
                      :QAnxiety_Symptoms_Frequency_Irritability,
                      :QAnxiety_Symptoms_Frequency_Fear_Something_Awful_Might_Happen .

:QAnxiety_Symptoms_Frequency_Feeling_Nervous_or_On_Edge pred:Text ""Feeling nervous, anxious, or on edge"" .
:QAnxiety_Symptoms_Frequency_Uncontrollable_Worrying pred:Text ""Not being able to stop or control worrying"" .
:QAnxiety_Symptoms_Frequency_Excessive_Worry pred:Text ""Worrying too much about different things"" .
:QAnxiety_Symptoms_Frequency_Trouble_Relaxing pred:Text ""Trouble relaxing"" .
:QAnxiety_Symptoms_Frequency_Restlessness pred:Text ""Being so restless that it is hard to sit still"" .
:QAnxiety_Symptoms_Frequency_Irritability pred:Text ""Becoming easily annoyed or irritable"" .
:QAnxiety_Symptoms_Frequency_Fear_Something_Awful_Might_Happen pred:Text ""Feeling afraid, as if something awful might happen"" .

:QGDepressive_Symptoms_Frequency pred:BaseQuestion ""Next, you will be asked questions about your emotional state. Please answer on a scale of 0 to 3, where 0 is 'Not at all', 1 is 'several days', 2 is 'more than half of the days', and 3 is 'Nearly every day'. Over the last two weeks, how often have you been bothered by the following problems?"" ;
    qg:hasSubQuestion :QDepressive_Symptoms_Frequency_Anhedonia,
                      :QDepressive_Symptoms_Frequency_Depressed_Mood,
                      :QDepressive_Symptoms_Frequency_Sleep_Problems,
                      :QDepressive_Symptoms_Frequency_Fatigue,
                      :QDepressive_Symptoms_Frequency_Appetite_Changes,
                      :QDepressive_Symptoms_Frequency_Feelings_of_Worthlessness,
                      :QDepressive_Symptoms_Frequency_Concentration_Difficulties,
                      :QDepressive_Symptoms_Frequency_Psychomotor_Changes,
                      :QDepressive_Symptoms_Frequency_Suicidal_Thoughts .

:QDepressive_Symptoms_Frequency_Anhedonia pred:Text ""Little interest or pleasure in doing things"" .
:QDepressive_Symptoms_Frequency_Depressed_Mood pred:Text ""Feeling down, depressed, or hopeless"" .
:QDepressive_Symptoms_Frequency_Sleep_Problems pred:Text ""Trouble falling or staying asleep, or sleeping too much"" .
:QDepressive_Symptoms_Frequency_Fatigue pred:Text ""Feeling tired or having little energy"" .
:QDepressive_Symptoms_Frequency_Appetite_Changes pred:Text ""Poor appetite or overeating"" .
:QDepressive_Symptoms_Frequency_Feelings_of_Worthlessness pred:Text ""Feeling bad about yourself or that you are a failure or have let yourself or your family down"" .
:QDepressive_Symptoms_Frequency_Concentration_Difficulties pred:Text ""Trouble concentrating on things, such as reading the newspaper or watching television"" .
:QDepressive_Symptoms_Frequency_Psychomotor_Changes pred:Text ""Moving or speaking so slowly that other people could have noticed. Or the opposite — being so fidgety or restless that you have been moving around a lot more than usual"" .
:QDepressive_Symptoms_Frequency_Suicidal_Thoughts pred:Text ""Thoughts that you would be better off dead, or of hurting yourself"" .

# Responses
:Respondent17 pred:Year_of_birth 2004.0 ;
     pred:Gender 1.0 ;
     pred:Socio_economic_status 3.0 ;
     pred:Ethnic_identity 6.0 .

:Respondent17_Parental_Education
                       pred:Mother 21.0 .
:Respondent17 pred:hasGroupResponse :Respondent17_Parental_Education .

:Respondent17 pred:Life_satisfaction 6.0 ;
     pred:Happiness 4.0 ;
     pred:Laughter 2.0 ;
     pred:Learning 7.0 ;
     pred:Enjoyment 5.0 ;
     pred:Worry 1.0 ;
     pred:Depression 1.0 ;
     pred:Anger 1.0 ;
     pred:Stress 3.0 ;
     pred:Loneliness 10.0 .

:Respondent17_Emotional_Regulation_Frequency
                                   pred:Upset_by_Unexpected_Events 2.0 ;
                                   pred:Unable_to_Control_Important_Things 2.0 ;
                                   pred:Lacked_Confidence_Handling_Problems 1.0 ;
                                   pred:Unable_to_Cope 3.0 ;
                                   pred:Irritated_by_Life 2.0 ;
                                   pred:On_Top_of_Things 1.0 .
:Respondent17 pred:hasGroupResponse :Respondent17_Emotional_Regulation_Frequency .

:Respondent17_Anxiety_Symptoms_Frequency
                               pred:Feeling_Nervous_or_On_Edge 1.0 ;
                               pred:Trouble_Relaxing 1.0 ;
                               pred:Restlessness 1.0 ;
                               pred:Irritability 1.0 ;
                               pred:Fear_Something_Awful_Might_Happen 1.0 .
:Respondent17 pred:hasGroupResponse :Respondent17_Anxiety_Symptoms_Frequency .

:Respondent17_Depressive_Symptoms_Frequency
                                  pred:Anhedonia 1.0 ;
                                  pred:Sleep_Problems 0.0 ;
                                  pred:Fatigue 2.0 ;
                                  pred:Appetite_Changes 2.0 ;
                                  pred:Feelings_of_Worthlessness 2.0 ;
                                  pred:Concentration_Difficulties 1.0 ;
                                  pred:Suicidal_Thoughts 0.0 .
:Respondent17 pred:hasGroupResponse :Respondent17_Depressive_Symptoms_Frequency .

:Respondent134 pred:Year_of_birth 2004.0 ;
     pred:Gender 2.0 ;
     pred:Socio_economic_status 2.0 ;
     pred:Ethnic_identity 1.0 .

:Respondent134_Parental_Education
                       pred:Father 11.0 ;
                       pred:Mother 16.0 .
:Respondent134 pred:hasGroupResponse :Respondent134_Parental_Education .

:Respondent134 pred:Life_satisfaction 7.0 ;
     pred:Happiness 5.0 ;
     pred:Laughter 9.0 ;
     pred:Learning 9.0 ;
     pred:Enjoyment 7.0 ;
     pred:Worry 3.0 ;
     pred:Depression 1.0 ;
     pred:Anger 4.0 ;
     pred:Stress 4.0 ;
     pred:Loneliness 0.0 .

:Respondent134_Emotional_Regulation_Frequency
                                   pred:Upset_by_Unexpected_Events 2.0 ;
                                   pred:Unable_to_Control_Important_Things 4.0 ;
                                   pred:Lacked_Confidence_Handling_Problems 2.0 ;
                                   pred:Unable_to_Cope 4.0 ;
                                   pred:Irritated_by_Life 3.0 ;
                                   pred:On_Top_of_Things 3.0 .
:Respondent134 pred:hasGroupResponse :Respondent134_Emotional_Regulation_Frequency .

:Respondent134_Anxiety_Symptoms_Frequency
                               pred:Feeling_Nervous_or_On_Edge 2.0 ;
                               pred:Trouble_Relaxing 1.0 ;
                               pred:Restlessness 1.0 ;
                               pred:Irritability 2.0 ;
                               pred:Fear_Something_Awful_Might_Happen 1.0 .
:Respondent134 pred:hasGroupResponse :Respondent134_Anxiety_Symptoms_Frequency .

:Respondent134_Depressive_Symptoms_Frequency
                                  pred:Anhedonia 2.0 ;
                                  pred:Sleep_Problems 2.0 ;
                                  pred:Fatigue 3.0 ;
                                  pred:Appetite_Changes 1.0 ;
                                  pred:Feelings_of_Worthlessness 1.0 ;
                                  pred:Concentration_Difficulties 3.0 ;
                                  pred:Suicidal_Thoughts 0.0 .
:Respondent134 pred:hasGroupResponse :Respondent134_Depressive_Symptoms_Frequency .

:Respondent36 pred:Year_of_birth 2006.0 ;
     pred:Gender 1.0 ;
     pred:Socio_economic_status 5.0 ;
     pred:Ethnic_identity 6.0 .

:Respondent36 pred:Life_satisfaction 8.0 ;
     pred:Happiness 9.0 ;
     pred:Laughter 9.0 ;
     pred:Learning 7.0 ;
     pred:Enjoyment 9.0 ;
     pred:Worry 0.0 ;
     pred:Depression 0.0 ;
     pred:Anger 1.0 ;
     pred:Stress 2.0 ;
     pred:Loneliness 0.0 .

:Respondent36_Emotional_Regulation_Frequency
                                   pred:Upset_by_Unexpected_Events 1.0 ;
                                   pred:Unable_to_Control_Important_Things 1.0 ;
                                   pred:Lacked_Confidence_Handling_Problems 2.0 ;
                                   pred:Unable_to_Cope 2.0 ;
                                   pred:Irritated_by_Life 3.0 ;
                                   pred:On_Top_of_Things 3.0 .
:Respondent36 pred:hasGroupResponse :Respondent36_Emotional_Regulation_Frequency .

:Respondent36_Anxiety_Symptoms_Frequency
                               pred:Feeling_Nervous_or_On_Edge 0.0 ;
                               pred:Trouble_Relaxing 2.0 ;
                               pred:Restlessness 0.0 ;
                               pred:Irritability 1.0 ;
                               pred:Fear_Something_Awful_Might_Happen 0.0 .
:Respondent36 pred:hasGroupResponse :Respondent36_Anxiety_Symptoms_Frequency .

:Respondent36_Depressive_Symptoms_Frequency
                                  pred:Anhedonia 1.0 ;
                                  pred:Sleep_Problems 1.0 ;
                                  pred:Fatigue 1.0 ;
                                  pred:Appetite_Changes 0.0 ;
                                  pred:Feelings_of_Worthlessness 0.0 ;
                                  pred:Concentration_Difficulties 0.0 ;
                                  pred:Suicidal_Thoughts 0.0 .
:Respondent36 pred:hasGroupResponse :Respondent36_Depressive_Symptoms_Frequency .
",6.0,"For respondent 129, what is the value for 'Appetite Changes' in the 'Depressive Symptoms Frequency' category?

DATA:

@prefix : <http://example.org/survey#> .
@prefix pred: <http://example.org/predicate#> .
@prefix qg: <http://example.org/question_group#> .

# Questions
:QYear_of_birth pred:Text ""What is your date of birth? [Open-ended]"" .
:QGender pred:Text ""What is your gender? [MCQ: 1. Male 2. Female]"" .
:QSocio_economic_status pred:Text ""What is the socio-economic status of your home? [Likert 1–6: 1 = Very low, 6 = Very high]"" .
:QEthnic_identity pred:Text ""According to your culture, people, or physical features, you are or are recognized as: [MCQ: 1. Indigenous 2. Gypsy 3. Raizal from San Andres, Providencia and Santa Catalina Archipelago 4. Palenquero from San Basilio 5. Black, mulatto (Afro-descendant), Afro-Colombian 6. None of the above]"" .

:QGParental_Education pred:BaseQuestion ""How many years of education did your parents receive? [Open-ended]"" ;
    qg:hasSubQuestion :QParental_Education_Father, :QParental_Education_Mother .
:QParental_Education_Father pred:Text ""Father?"" .
:QParental_Education_Mother pred:Text ""Mother?"" .

:QLife_satisfaction pred:Text ""In general, how satisfied are you with all aspects of your life? [Likert 0–10: 0 = Not satisfied, 10 = Totally satisfied]"" .
:QHappiness pred:Text ""How happy did you feel yesterday? [Likert 0–10: 0 = At no time, 10 = All the time]"" .
:QLaughter pred:Text ""How much did you laugh yesterday? [Likert 0–10: 0 = At no time, 10 = All the time]"" .
:QLearning pred:Text ""Did you learn new or exciting things yesterday? [Likert 0–10: 0 = At no time, 10 = All the time]"" .
:QEnjoyment pred:Text ""How much did you enjoy the activities you did yesterday? [Likert 0–10: 0 = At no time, 10 = All the time]"" .
:QWorry pred:Text ""How worried did you feel yesterday? [Likert 0–10: 0 = At no time, 10 = All the time]"" .
:QDepression pred:Text ""How depressed did you feel yesterday? [Likert 0–10: 0 = At no time, 10 = All the time]"" .
:QAnger pred:Text ""How angry did you feel yesterday? [Likert 0–10: 0 = At no time, 10 = All the time]"" .
:QStress pred:Text ""How much stress did you feel yesterday? [Likert 0–10: 0 = At no time, 10 = All the time]"" .
:QLoneliness pred:Text ""How lonely or unsupported did you feel yesterday? [Likert 0–10: 0 = At no time, 10 = All the time]"" .

:QGEmotional_Regulation_Frequency pred:BaseQuestion ""Next, you will be asked questions about your emotional state. Please answer on a scale of 0 to 4, where 0 is never, 1 is 'almost never', 2 is 'sometimes', 3 is 'fairly often', and 4 is 'very often', how often you experienced the following feelings during the last month: [Likert 0–4]"" ;
    qg:hasSubQuestion :QEmotional_Regulation_Frequency_Upset_by_Unexpected_Events,
                      :QEmotional_Regulation_Frequency_Unable_to_Control_Important_Things,
                      :QEmotional_Regulation_Frequency_Nervous_and_Stressed,
                      :QEmotional_Regulation_Frequency_Lacked_Confidence_Handling_Problems,
                      :QEmotional_Regulation_Frequency_Things_Going_Your_Way,
                      :QEmotional_Regulation_Frequency_Unable_to_Cope,
                      :QEmotional_Regulation_Frequency_Irritated_by_Life,
                      :QEmotional_Regulation_Frequency_On_Top_of_Things,
                      :QEmotional_Regulation_Frequency_Angered_by_Uncontrollable_Events,
                      :QEmotional_Regulation_Frequency_Felt_Overwhelmed .

:QEmotional_Regulation_Frequency_Upset_by_Unexpected_Events pred:Text ""how often have you been upset because of something that happened unexpectedly?"" .
:QEmotional_Regulation_Frequency_Unable_to_Control_Important_Things pred:Text ""how often have you felt that you were unable to control the important things in your life?"" .
:QEmotional_Regulation_Frequency_Nervous_and_Stressed pred:Text ""how often have you felt nervous and stressed?"" .
:QEmotional_Regulation_Frequency_Lacked_Confidence_Handling_Problems pred:Text ""how often have you felt confident about your ability to handle your personal problems?"" .
:QEmotional_Regulation_Frequency_Things_Going_Your_Way pred:Text ""how often have you felt that things were going your way?"" .
:QEmotional_Regulation_Frequency_Unable_to_Cope pred:Text ""how often have you found that you could not cope with all the things that you had to do?"" .
:QEmotional_Regulation_Frequency_Irritated_by_Life pred:Text ""how often have you been able to control irritations in your life?"" .
:QEmotional_Regulation_Frequency_On_Top_of_Things pred:Text ""how often have you felt that you were on top of things?"" .
:QEmotional_Regulation_Frequency_Angered_by_Uncontrollable_Events pred:Text ""how often have you been angered because of things that happened that were outside of your control?"" .
:QEmotional_Regulation_Frequency_Felt_Overwhelmed pred:Text ""how often have you felt difficulties were piling up so high that you could not overcome them?"" .

:QGAnxiety_Symptoms_Frequency pred:BaseQuestion ""Next, you will be asked questions about your emotional state. Please answer on a scale of 0 to 3, where 0 is 'Not at all', 1 is 'several days', 2 is 'more than half of the days', and 3 is 'Nearly every day'. Over the last two weeks, how often have you been bothered by the following problems? [Likert 0–3]"" ;
    qg:hasSubQuestion :QAnxiety_Symptoms_Frequency_Feeling_Nervous_or_On_Edge,
                      :QAnxiety_Symptoms_Frequency_Uncontrollable_Worrying,
                      :QAnxiety_Symptoms_Frequency_Excessive_Worry,
                      :QAnxiety_Symptoms_Frequency_Trouble_Relaxing,
                      :QAnxiety_Symptoms_Frequency_Restlessness,
                      :QAnxiety_Symptoms_Frequency_Irritability,
                      :QAnxiety_Symptoms_Frequency_Fear_Something_Awful_Might_Happen .

:QAnxiety_Symptoms_Frequency_Feeling_Nervous_or_On_Edge pred:Text ""Feeling nervous, anxious, or on edge"" .
:QAnxiety_Symptoms_Frequency_Uncontrollable_Worrying pred:Text ""Not being able to stop or control worrying"" .
:QAnxiety_Symptoms_Frequency_Excessive_Worry pred:Text ""Worrying too much about different things"" .
:QAnxiety_Symptoms_Frequency_Trouble_Relaxing pred:Text ""Trouble relaxing"" .
:QAnxiety_Symptoms_Frequency_Restlessness pred:Text ""Being so restless that it is hard to sit still"" .
:QAnxiety_Symptoms_Frequency_Irritability pred:Text ""Becoming easily annoyed or irritable"" .
:QAnxiety_Symptoms_Frequency_Fear_Something_Awful_Might_Happen pred:Text ""Feeling afraid, as if something awful might happen"" .

:QGDepressive_Symptoms_Frequency pred:BaseQuestion ""Next, you will be asked questions about your emotional state. Please answer on a scale of 0 to 3, where 0 is 'Not at all', 1 is 'several days', 2 is 'more than half of the days', and 3 is 'Nearly every day'. Over the last two weeks, how often have you been bothered by the following problems?"" ;
    qg:hasSubQuestion :QDepressive_Symptoms_Frequency_Anhedonia,
                      :QDepressive_Symptoms_Frequency_Depressed_Mood,
                      :QDepressive_Symptoms_Frequency_Sleep_Problems,
                      :QDepressive_Symptoms_Frequency_Fatigue,
                      :QDepressive_Symptoms_Frequency_Appetite_Changes,
                      :QDepressive_Symptoms_Frequency_Feelings_of_Worthlessness,
                      :QDepressive_Symptoms_Frequency_Concentration_Difficulties,
                      :QDepressive_Symptoms_Frequency_Psychomotor_Changes,
                      :QDepressive_Symptoms_Frequency_Suicidal_Thoughts .

:QDepressive_Symptoms_Frequency_Anhedonia pred:Text ""Little interest or pleasure in doing things"" .
:QDepressive_Symptoms_Frequency_Depressed_Mood pred:Text ""Feeling down, depressed, or hopeless"" .
:QDepressive_Symptoms_Frequency_Sleep_Problems pred:Text ""Trouble falling or staying asleep, or sleeping too much"" .
:QDepressive_Symptoms_Frequency_Fatigue pred:Text ""Feeling tired or having little energy"" .
:QDepressive_Symptoms_Frequency_Appetite_Changes pred:Text ""Poor appetite or overeating"" .
:QDepressive_Symptoms_Frequency_Feelings_of_Worthlessness pred:Text ""Feeling bad about yourself or that you are a failure or have let yourself or your family down"" .
:QDepressive_Symptoms_Frequency_Concentration_Difficulties pred:Text ""Trouble concentrating on things, such as reading the newspaper or watching television"" .
:QDepressive_Symptoms_Frequency_Psychomotor_Changes pred:Text ""Moving or speaking so slowly that other people could have noticed. Or the opposite — being so fidgety or restless that you have been moving around a lot more than usual"" .
:QDepressive_Symptoms_Frequency_Suicidal_Thoughts pred:Text ""Thoughts that you would be better off dead, or of hurting yourself"" .

# Responses
:Respondent73 pred:Year_of_birth 2005.0 ;
     pred:Gender 2.0 ;
     pred:Socio_economic_status 2.0 ;
     pred:Ethnic_identity 6.0 .

:Respondent73_Parental_Education
                       pred:Father 25.0 ;
                       pred:Mother 15.0 .
:Respondent73 pred:hasGroupResponse :Respondent73_Parental_Education .

:Respondent73 pred:Life_satisfaction 8.0 ;
     pred:Happiness 5.0 ;
     pred:Laughter 4.0 ;
     pred:Learning 5.0 ;
     pred:Enjoyment 5.0 ;
     pred:Worry 2.0 ;
     pred:Depression 1.0 ;
     pred:Anger 2.0 ;
     pred:Stress 4.0 ;
     pred:Loneliness 6.0 .

:Respondent73_Emotional_Regulation_Frequency
                                   pred:Upset_by_Unexpected_Events 2.0 ;
                                   pred:Unable_to_Control_Important_Things 2.0 ;
                                   pred:Lacked_Confidence_Handling_Problems 2.0 ;
                                   pred:Unable_to_Cope 2.0 ;
                                   pred:Irritated_by_Life 2.0 ;
                                   pred:On_Top_of_Things 2.0 .
:Respondent73 pred:hasGroupResponse :Respondent73_Emotional_Regulation_Frequency .

:Respondent73_Anxiety_Symptoms_Frequency
                               pred:Feeling_Nervous_or_On_Edge 2.0 ;
                               pred:Trouble_Relaxing 1.0 ;
                               pred:Restlessness 1.0 ;
                               pred:Irritability 2.0 ;
                               pred:Fear_Something_Awful_Might_Happen 2.0 .
:Respondent73 pred:hasGroupResponse :Respondent73_Anxiety_Symptoms_Frequency .

:Respondent73_Depressive_Symptoms_Frequency
                                  pred:Anhedonia 1.0 ;
                                  pred:Sleep_Problems 2.0 ;
                                  pred:Fatigue 1.0 ;
                                  pred:Appetite_Changes 1.0 ;
                                  pred:Feelings_of_Worthlessness 1.0 ;
                                  pred:Concentration_Difficulties 1.0 ;
                                  pred:Suicidal_Thoughts 0.0 .
:Respondent73 pred:hasGroupResponse :Respondent73_Depressive_Symptoms_Frequency .

:Respondent85 pred:Year_of_birth 2004.0 ;
     pred:Gender 2.0 ;
     pred:Socio_economic_status 3.0 ;
     pred:Ethnic_identity 6.0 .

:Respondent85_Parental_Education
                       pred:Father 18.0 .
:Respondent85 pred:hasGroupResponse :Respondent85_Parental_Education .

:Respondent85 pred:Life_satisfaction 5.0 ;
     pred:Happiness 6.0 ;
     pred:Laughter 6.0 ;
     pred:Learning 8.0 ;
     pred:Enjoyment 5.0 ;
     pred:Worry 1.0 ;
     pred:Depression 1.0 ;
     pred:Anger 2.0 ;
     pred:Stress 4.0 ;
     pred:Loneliness 1.0 .

:Respondent85_Emotional_Regulation_Frequency
                                   pred:Upset_by_Unexpected_Events 2.0 ;
                                   pred:Unable_to_Control_Important_Things 3.0 ;
                                   pred:Lacked_Confidence_Handling_Problems 2.0 ;
                                   pred:Unable_to_Cope 3.0 ;
                                   pred:Irritated_by_Life 3.0 ;
                                   pred:On_Top_of_Things 2.0 .
:Respondent85 pred:hasGroupResponse :Respondent85_Emotional_Regulation_Frequency .

:Respondent85_Anxiety_Symptoms_Frequency
                               pred:Feeling_Nervous_or_On_Edge 1.0 ;
                               pred:Trouble_Relaxing 1.0 ;
                               pred:Restlessness 0.0 ;
                               pred:Irritability 1.0 ;
                               pred:Fear_Something_Awful_Might_Happen 1.0 .
:Respondent85 pred:hasGroupResponse :Respondent85_Anxiety_Symptoms_Frequency .

:Respondent85_Depressive_Symptoms_Frequency
                                  pred:Anhedonia 2.0 ;
                                  pred:Sleep_Problems 2.0 ;
                                  pred:Fatigue 3.0 ;
                                  pred:Appetite_Changes 3.0 ;
                                  pred:Feelings_of_Worthlessness 1.0 ;
                                  pred:Concentration_Difficulties 1.0 ;
                                  pred:Suicidal_Thoughts 0.0 .
:Respondent85 pred:hasGroupResponse :Respondent85_Depressive_Symptoms_Frequency .

:Respondent129 pred:Year_of_birth 2001.0 ;
     pred:Gender 2.0 ;
     pred:Socio_economic_status 3.0 ;
     pred:Ethnic_identity 6.0 .

:Respondent129_Parental_Education
                       pred:Father 13.0 ;
                       pred:Mother 13.0 .
:Respondent129 pred:hasGroupResponse :Respondent129_Parental_Education .

:Respondent129 pred:Life_satisfaction 8.0 ;
     pred:Happiness 9.0 ;
     pred:Laughter 6.0 ;
     pred:Learning 5.0 ;
     pred:Enjoyment 6.0 ;
     pred:Worry 1.0 ;
     pred:Depression 1.0 ;
     pred:Anger 1.0 ;
     pred:Stress 3.0 ;
     pred:Loneliness 0.0 .

:Respondent129_Emotional_Regulation_Frequency
                                   pred:Upset_by_Unexpected_Events 1.0 ;
                                   pred:Unable_to_Control_Important_Things 1.0 ;
                                   pred:Lacked_Confidence_Handling_Problems 3.0 ;
                                   pred:Unable_to_Cope 2.0 ;
                                   pred:Irritated_by_Life 3.0 ;
                                   pred:On_Top_of_Things 2.0 .
:Respondent129 pred:hasGroupResponse :Respondent129_Emotional_Regulation_Frequency .

:Respondent129_Anxiety_Symptoms_Frequency
                               pred:Feeling_Nervous_or_On_Edge 1.0 ;
                               pred:Trouble_Relaxing 1.0 ;
                               pred:Restlessness 0.0 ;
                               pred:Irritability 0.0 ;
                               pred:Fear_Something_Awful_Might_Happen 0.0 .
:Respondent129 pred:hasGroupResponse :Respondent129_Anxiety_Symptoms_Frequency .

:Respondent129_Depressive_Symptoms_Frequency
                                  pred:Anhedonia 1.0 ;
                                  pred:Sleep_Problems 1.0 ;
                                  pred:Fatigue 2.0 ;
                                  pred:Appetite_Changes 2.0 ;
                                  pred:Feelings_of_Worthlessness 0.0 ;
                                  pred:Concentration_Difficulties 2.0 ;
                                  pred:Suicidal_Thoughts 0.0 .
:Respondent129 pred:hasGroupResponse :Respondent129_Depressive_Symptoms_Frequency .

Answer: 2.0

@prefix : <http://example.org/survey#> .
@prefix pred: <http://example.org/predicate#> .
@prefix qg: <http://example.org/question_group#> .

# Questions
:QYear_of_birth pred:Text ""What is your date of birth? [Open-ended]"" .
:QGender pred:Text ""What is your gender? [MCQ: 1. Male 2. Female]"" .
:QSocio_economic_status pred:Text ""What is the socio-economic status of your home? [Likert 1–6: 1 = Very low, 6 = Very high]"" .
:QEthnic_identity pred:Text ""According to your culture, people, or physical features, you are or are recognized as: [MCQ: 1. Indigenous 2. Gypsy 3. Raizal from San Andres, Providencia and Santa Catalina Archipelago 4. Palenquero from San Basilio 5. Black, mulatto (Afro-descendant), Afro-Colombian 6. None of the above]"" .

:QGParental_Education pred:BaseQuestion ""How many years of education did your parents receive? [Open-ended]"" ;
    qg:hasSubQuestion :QParental_Education_Father, :QParental_Education_Mother .
:QParental_Education_Father pred:Text ""Father?"" .
:QParental_Education_Mother pred:Text ""Mother?"" .

:QLife_satisfaction pred:Text ""In general, how satisfied are you with all aspects of your life? [Likert 0–10: 0 = Not satisfied, 10 = Totally satisfied]"" .
:QHappiness pred:Text ""How happy did you feel yesterday? [Likert 0–10: 0 = At no time, 10 = All the time]"" .
:QLaughter pred:Text ""How much did you laugh yesterday? [Likert 0–10: 0 = At no time, 10 = All the time]"" .
:QLearning pred:Text ""Did you learn new or exciting things yesterday? [Likert 0–10: 0 = At no time, 10 = All the time]"" .
:QEnjoyment pred:Text ""How much did you enjoy the activities you did yesterday? [Likert 0–10: 0 = At no time, 10 = All the time]"" .
:QWorry pred:Text ""How worried did you feel yesterday? [Likert 0–10: 0 = At no time, 10 = All the time]"" .
:QDepression pred:Text ""How depressed did you feel yesterday? [Likert 0–10: 0 = At no time, 10 = All the time]"" .
:QAnger pred:Text ""How angry did you feel yesterday? [Likert 0–10: 0 = At no time, 10 = All the time]"" .
:QStress pred:Text ""How much stress did you feel yesterday? [Likert 0–10: 0 = At no time, 10 = All the time]"" .
:QLoneliness pred:Text ""How lonely or unsupported did you feel yesterday? [Likert 0–10: 0 = At no time, 10 = All the time]"" .

:QGEmotional_Regulation_Frequency pred:BaseQuestion ""Next, you will be asked questions about your emotional state. Please answer on a scale of 0 to 4, where 0 is never, 1 is 'almost never', 2 is 'sometimes', 3 is 'fairly often', and 4 is 'very often', how often you experienced the following feelings during the last month: [Likert 0–4]"" ;
    qg:hasSubQuestion :QEmotional_Regulation_Frequency_Upset_by_Unexpected_Events,
                      :QEmotional_Regulation_Frequency_Unable_to_Control_Important_Things,
                      :QEmotional_Regulation_Frequency_Nervous_and_Stressed,
                      :QEmotional_Regulation_Frequency_Lacked_Confidence_Handling_Problems,
                      :QEmotional_Regulation_Frequency_Things_Going_Your_Way,
                      :QEmotional_Regulation_Frequency_Unable_to_Cope,
                      :QEmotional_Regulation_Frequency_Irritated_by_Life,
                      :QEmotional_Regulation_Frequency_On_Top_of_Things,
                      :QEmotional_Regulation_Frequency_Angered_by_Uncontrollable_Events,
                      :QEmotional_Regulation_Frequency_Felt_Overwhelmed .

:QEmotional_Regulation_Frequency_Upset_by_Unexpected_Events pred:Text ""how often have you been upset because of something that happened unexpectedly?"" .
:QEmotional_Regulation_Frequency_Unable_to_Control_Important_Things pred:Text ""how often have you felt that you were unable to control the important things in your life?"" .
:QEmotional_Regulation_Frequency_Nervous_and_Stressed pred:Text ""how often have you felt nervous and stressed?"" .
:QEmotional_Regulation_Frequency_Lacked_Confidence_Handling_Problems pred:Text ""how often have you felt confident about your ability to handle your personal problems?"" .
:QEmotional_Regulation_Frequency_Things_Going_Your_Way pred:Text ""how often have you felt that things were going your way?"" .
:QEmotional_Regulation_Frequency_Unable_to_Cope pred:Text ""how often have you found that you could not cope with all the things that you had to do?"" .
:QEmotional_Regulation_Frequency_Irritated_by_Life pred:Text ""how often have you been able to control irritations in your life?"" .
:QEmotional_Regulation_Frequency_On_Top_of_Things pred:Text ""how often have you felt that you were on top of things?"" .
:QEmotional_Regulation_Frequency_Angered_by_Uncontrollable_Events pred:Text ""how often have you been angered because of things that happened that were outside of your control?"" .
:QEmotional_Regulation_Frequency_Felt_Overwhelmed pred:Text ""how often have you felt difficulties were piling up so high that you could not overcome them?"" .

:QGAnxiety_Symptoms_Frequency pred:BaseQuestion ""Next, you will be asked questions about your emotional state. Please answer on a scale of 0 to 3, where 0 is 'Not at all', 1 is 'several days', 2 is 'more than half of the days', and 3 is 'Nearly every day'. Over the last two weeks, how often have you been bothered by the following problems? [Likert 0–3]"" ;
    qg:hasSubQuestion :QAnxiety_Symptoms_Frequency_Feeling_Nervous_or_On_Edge,
                      :QAnxiety_Symptoms_Frequency_Uncontrollable_Worrying,
                      :QAnxiety_Symptoms_Frequency_Excessive_Worry,
                      :QAnxiety_Symptoms_Frequency_Trouble_Relaxing,
                      :QAnxiety_Symptoms_Frequency_Restlessness,
                      :QAnxiety_Symptoms_Frequency_Irritability,
                      :QAnxiety_Symptoms_Frequency_Fear_Something_Awful_Might_Happen .

:QAnxiety_Symptoms_Frequency_Feeling_Nervous_or_On_Edge pred:Text ""Feeling nervous, anxious, or on edge"" .
:QAnxiety_Symptoms_Frequency_Uncontrollable_Worrying pred:Text ""Not being able to stop or control worrying"" .
:QAnxiety_Symptoms_Frequency_Excessive_Worry pred:Text ""Worrying too much about different things"" .
:QAnxiety_Symptoms_Frequency_Trouble_Relaxing pred:Text ""Trouble relaxing"" .
:QAnxiety_Symptoms_Frequency_Restlessness pred:Text ""Being so restless that it is hard to sit still"" .
:QAnxiety_Symptoms_Frequency_Irritability pred:Text ""Becoming easily annoyed or irritable"" .
:QAnxiety_Symptoms_Frequency_Fear_Something_Awful_Might_Happen pred:Text ""Feeling afraid, as if something awful might happen"" .

:QGDepressive_Symptoms_Frequency pred:BaseQuestion ""Next, you will be asked questions about your emotional state. Please answer on a scale of 0 to 3, where 0 is 'Not at all', 1 is 'several days', 2 is 'more than half of the days', and 3 is 'Nearly every day'. Over the last two weeks, how often have you been bothered by the following problems?"" ;
    qg:hasSubQuestion :QDepressive_Symptoms_Frequency_Anhedonia,
                      :QDepressive_Symptoms_Frequency_Depressed_Mood,
                      :QDepressive_Symptoms_Frequency_Sleep_Problems,
                      :QDepressive_Symptoms_Frequency_Fatigue,
                      :QDepressive_Symptoms_Frequency_Appetite_Changes,
                      :QDepressive_Symptoms_Frequency_Feelings_of_Worthlessness,
                      :QDepressive_Symptoms_Frequency_Concentration_Difficulties,
                      :QDepressive_Symptoms_Frequency_Psychomotor_Changes,
                      :QDepressive_Symptoms_Frequency_Suicidal_Thoughts .

:QDepressive_Symptoms_Frequency_Anhedonia pred:Text ""Little interest or pleasure in doing things"" .
:QDepressive_Symptoms_Frequency_Depressed_Mood pred:Text ""Feeling down, depressed, or hopeless"" .
:QDepressive_Symptoms_Frequency_Sleep_Problems pred:Text ""Trouble falling or staying asleep, or sleeping too much"" .
:QDepressive_Symptoms_Frequency_Fatigue pred:Text ""Feeling tired or having little energy"" .
:QDepressive_Symptoms_Frequency_Appetite_Changes pred:Text ""Poor appetite or overeating"" .
:QDepressive_Symptoms_Frequency_Feelings_of_Worthlessness pred:Text ""Feeling bad about yourself or that you are a failure or have let yourself or your family down"" .
:QDepressive_Symptoms_Frequency_Concentration_Difficulties pred:Text ""Trouble concentrating on things, such as reading the newspaper or watching television"" .
:QDepressive_Symptoms_Frequency_Psychomotor_Changes pred:Text ""Moving or speaking so slowly that other people could have noticed. Or the opposite — being so fidgety or restless that you have been moving around a lot more than usual"" .
:QDepressive_Symptoms_Frequency_Suicidal_Thoughts pred:Text ""Thoughts that you would be better off dead, or of hurting yourself"" .

# Responses
:Respondent17 pred:Year_of_birth 2004.0 ;
     pred:Gender 1.0 ;
     pred:Socio_economic_status 3.0 ;
     pred:Ethnic_identity 6.0 .

:Respondent17_Parental_Education
                       pred:Mother 21.0 .
:Respondent17 pred:hasGroupResponse :Respondent17_Parental_Education .

:Respondent17 pred:Life_satisfaction 6.0 ;
     pred:Happiness 4.0 ;
     pred:Laughter 2.0 ;
     pred:Learning 7.0 ;
     pred:Enjoyment 5.0 ;
     pred:Worry 1.0 ;
     pred:Depression 1.0 ;
     pred:Anger 1.0 ;
     pred:Stress 3.0 ;
     pred:Loneliness 10.0 .

:Respondent17_Emotional_Regulation_Frequency
                                   pred:Upset_by_Unexpected_Events 2.0 ;
                                   pred:Unable_to_Control_Important_Things 2.0 ;
                                   pred:Lacked_Confidence_Handling_Problems 1.0 ;
                                   pred:Unable_to_Cope 3.0 ;
                                   pred:Irritated_by_Life 2.0 ;
                                   pred:On_Top_of_Things 1.0 .
:Respondent17 pred:hasGroupResponse :Respondent17_Emotional_Regulation_Frequency .

:Respondent17_Anxiety_Symptoms_Frequency
                               pred:Feeling_Nervous_or_On_Edge 1.0 ;
                               pred:Trouble_Relaxing 1.0 ;
                               pred:Restlessness 1.0 ;
                               pred:Irritability 1.0 ;
                               pred:Fear_Something_Awful_Might_Happen 1.0 .
:Respondent17 pred:hasGroupResponse :Respondent17_Anxiety_Symptoms_Frequency .

:Respondent17_Depressive_Symptoms_Frequency
                                  pred:Anhedonia 1.0 ;
                                  pred:Sleep_Problems 0.0 ;
                                  pred:Fatigue 2.0 ;
                                  pred:Appetite_Changes 2.0 ;
                                  pred:Feelings_of_Worthlessness 2.0 ;
                                  pred:Concentration_Difficulties 1.0 ;
                                  pred:Suicidal_Thoughts 0.0 .
:Respondent17 pred:hasGroupResponse :Respondent17_Depressive_Symptoms_Frequency .

:Respondent134 pred:Year_of_birth 2004.0 ;
     pred:Gender 2.0 ;
     pred:Socio_economic_status 2.0 ;
     pred:Ethnic_identity 1.0 .

:Respondent134_Parental_Education
                       pred:Father 11.0 ;
                       pred:Mother 16.0 .
:Respondent134 pred:hasGroupResponse :Respondent134_Parental_Education .

:Respondent134 pred:Life_satisfaction 7.0 ;
     pred:Happiness 5.0 ;
     pred:Laughter 9.0 ;
     pred:Learning 9.0 ;
     pred:Enjoyment 7.0 ;
     pred:Worry 3.0 ;
     pred:Depression 1.0 ;
     pred:Anger 4.0 ;
     pred:Stress 4.0 ;
     pred:Loneliness 0.0 .

:Respondent134_Emotional_Regulation_Frequency
                                   pred:Upset_by_Unexpected_Events 2.0 ;
                                   pred:Unable_to_Control_Important_Things 4.0 ;
                                   pred:Lacked_Confidence_Handling_Problems 2.0 ;
                                   pred:Unable_to_Cope 4.0 ;
                                   pred:Irritated_by_Life 3.0 ;
                                   pred:On_Top_of_Things 3.0 .
:Respondent134 pred:hasGroupResponse :Respondent134_Emotional_Regulation_Frequency .

:Respondent134_Anxiety_Symptoms_Frequency
                               pred:Feeling_Nervous_or_On_Edge 2.0 ;
                               pred:Trouble_Relaxing 1.0 ;
                               pred:Restlessness 1.0 ;
                               pred:Irritability 2.0 ;
                               pred:Fear_Something_Awful_Might_Happen 1.0 .
:Respondent134 pred:hasGroupResponse :Respondent134_Anxiety_Symptoms_Frequency .

:Respondent134_Depressive_Symptoms_Frequency
                                  pred:Anhedonia 2.0 ;
                                  pred:Sleep_Problems 2.0 ;
                                  pred:Fatigue 3.0 ;
                                  pred:Appetite_Changes 1.0 ;
                                  pred:Feelings_of_Worthlessness 1.0 ;
                                  pred:Concentration_Difficulties 3.0 ;
                                  pred:Suicidal_Thoughts 0.0 .
:Respondent134 pred:hasGroupResponse :Respondent134_Depressive_Symptoms_Frequency .

:Respondent36 pred:Year_of_birth 2006.0 ;
     pred:Gender 1.0 ;
     pred:Socio_economic_status 5.0 ;
     pred:Ethnic_identity 6.0 .

:Respondent36 pred:Life_satisfaction 8.0 ;
     pred:Happiness 9.0 ;
     pred:Laughter 9.0 ;
     pred:Learning 7.0 ;
     pred:Enjoyment 9.0 ;
     pred:Worry 0.0 ;
     pred:Depression 0.0 ;
     pred:Anger 1.0 ;
     pred:Stress 2.0 ;
     pred:Loneliness 0.0 .

:Respondent36_Emotional_Regulation_Frequency
                                   pred:Upset_by_Unexpected_Events 1.0 ;
                                   pred:Unable_to_Control_Important_Things 1.0 ;
                                   pred:Lacked_Confidence_Handling_Problems 2.0 ;
                                   pred:Unable_to_Cope 2.0 ;
                                   pred:Irritated_by_Life 3.0 ;
                                   pred:On_Top_of_Things 3.0 .
:Respondent36 pred:hasGroupResponse :Respondent36_Emotional_Regulation_Frequency .

:Respondent36_Anxiety_Symptoms_Frequency
                               pred:Feeling_Nervous_or_On_Edge 0.0 ;
                               pred:Trouble_Relaxing 2.0 ;
                               pred:Restlessness 0.0 ;
                               pred:Irritability 1.0 ;
                               pred:Fear_Something_Awful_Might_Happen 0.0 .
:Respondent36 pred:hasGroupResponse :Respondent36_Anxiety_Symptoms_Frequency .

:Respondent36_Depressive_Symptoms_Frequency
                                  pred:Anhedonia 1.0 ;
                                  pred:Sleep_Problems 1.0 ;
                                  pred:Fatigue 1.0 ;
                                  pred:Appetite_Changes 0.0 ;
                                  pred:Feelings_of_Worthlessness 0.0 ;
                                  pred:Concentration_Difficulties 0.0 ;
                                  pred:Suicidal_Thoughts 0.0 .
:Respondent36 pred:hasGroupResponse :Respondent36_Depressive_Symptoms_Frequency .

You are a meticulous data analyst AI. Your primary function is to accurately analyze structured data and provide precise, verifiable answers.

You will be given a dataset with two key parts:

A 'questions' section: This is your data dictionary or schema. It is the single source of truth for understanding what each field and score means. Refer to it carefully.

A 'responses' section: This contains the raw data from each individual respondent.

To answer the question correctly, you must first use the 'questions' schema to fully understand the context and meaning of the data points within the 'responses'. Do not rely on any prior knowledge outside of this provided data. Base your entire analysis on the information given.

Provide your final answer directly and concisely. Output must be the human-readable value, not an option code.

Rules:
- For MCQ fields, map any letter codes in the Responses (case-insensitive) to the corresponding option text from the Questions schema, and output only that text. Do NOT include the letter or both.
  Example: If the schema is ""[MCQ: A. Abnormal B. Inconclusive C. Normal]"" and the response is ""a"", output ""Abnormal"".
- For open-ended fields, output the exact text value.
- If the question asks for a count, provide only the number (e.g., ""42"").
- If the question asks for a list of names or IDs, provide a simple comma-separated list (e.g., ""17, 21, 23"").
- Preserve capitalization exactly as in the schema (e.g., output ""Abnormal"", not ""abnormal"" or ""A"").

What is the ethnic identity for respondent 17?",,
case_33,answer_lookup,What is the learning experience level for respondent 92?,"@prefix : <http://example.org/survey#> .
@prefix pred: <http://example.org/predicate#> .
@prefix qg: <http://example.org/question_group#> .

# Questions
:QYear_of_birth pred:Text ""What is your date of birth? [Open-ended]"" .
:QGender pred:Text ""What is your gender? [MCQ: 1. Male 2. Female]"" .
:QSocio_economic_status pred:Text ""What is the socio-economic status of your home? [Likert 1–6: 1 = Very low, 6 = Very high]"" .
:QEthnic_identity pred:Text ""According to your culture, people, or physical features, you are or are recognized as: [MCQ: 1. Indigenous 2. Gypsy 3. Raizal from San Andres, Providencia and Santa Catalina Archipelago 4. Palenquero from San Basilio 5. Black, mulatto (Afro-descendant), Afro-Colombian 6. None of the above]"" .

:QGParental_Education pred:BaseQuestion ""How many years of education did your parents receive? [Open-ended]"" ;
    qg:hasSubQuestion :QParental_Education_Father, :QParental_Education_Mother .
:QParental_Education_Father pred:Text ""Father?"" .
:QParental_Education_Mother pred:Text ""Mother?"" .

:QLife_satisfaction pred:Text ""In general, how satisfied are you with all aspects of your life? [Likert 0–10: 0 = Not satisfied, 10 = Totally satisfied]"" .
:QHappiness pred:Text ""How happy did you feel yesterday? [Likert 0–10: 0 = At no time, 10 = All the time]"" .
:QLaughter pred:Text ""How much did you laugh yesterday? [Likert 0–10: 0 = At no time, 10 = All the time]"" .
:QLearning pred:Text ""Did you learn new or exciting things yesterday? [Likert 0–10: 0 = At no time, 10 = All the time]"" .
:QEnjoyment pred:Text ""How much did you enjoy the activities you did yesterday? [Likert 0–10: 0 = At no time, 10 = All the time]"" .
:QWorry pred:Text ""How worried did you feel yesterday? [Likert 0–10: 0 = At no time, 10 = All the time]"" .
:QDepression pred:Text ""How depressed did you feel yesterday? [Likert 0–10: 0 = At no time, 10 = All the time]"" .
:QAnger pred:Text ""How angry did you feel yesterday? [Likert 0–10: 0 = At no time, 10 = All the time]"" .
:QStress pred:Text ""How much stress did you feel yesterday? [Likert 0–10: 0 = At no time, 10 = All the time]"" .
:QLoneliness pred:Text ""How lonely or unsupported did you feel yesterday? [Likert 0–10: 0 = At no time, 10 = All the time]"" .

:QGEmotional_Regulation_Frequency pred:BaseQuestion ""Next, you will be asked questions about your emotional state. Please answer on a scale of 0 to 4, where 0 is never, 1 is 'almost never', 2 is 'sometimes', 3 is 'fairly often', and 4 is 'very often', how often you experienced the following feelings during the last month: [Likert 0–4]"" ;
    qg:hasSubQuestion :QEmotional_Regulation_Frequency_Upset_by_Unexpected_Events,
                      :QEmotional_Regulation_Frequency_Unable_to_Control_Important_Things,
                      :QEmotional_Regulation_Frequency_Nervous_and_Stressed,
                      :QEmotional_Regulation_Frequency_Lacked_Confidence_Handling_Problems,
                      :QEmotional_Regulation_Frequency_Things_Going_Your_Way,
                      :QEmotional_Regulation_Frequency_Unable_to_Cope,
                      :QEmotional_Regulation_Frequency_Irritated_by_Life,
                      :QEmotional_Regulation_Frequency_On_Top_of_Things,
                      :QEmotional_Regulation_Frequency_Angered_by_Uncontrollable_Events,
                      :QEmotional_Regulation_Frequency_Felt_Overwhelmed .

:QEmotional_Regulation_Frequency_Upset_by_Unexpected_Events pred:Text ""how often have you been upset because of something that happened unexpectedly?"" .
:QEmotional_Regulation_Frequency_Unable_to_Control_Important_Things pred:Text ""how often have you felt that you were unable to control the important things in your life?"" .
:QEmotional_Regulation_Frequency_Nervous_and_Stressed pred:Text ""how often have you felt nervous and stressed?"" .
:QEmotional_Regulation_Frequency_Lacked_Confidence_Handling_Problems pred:Text ""how often have you felt confident about your ability to handle your personal problems?"" .
:QEmotional_Regulation_Frequency_Things_Going_Your_Way pred:Text ""how often have you felt that things were going your way?"" .
:QEmotional_Regulation_Frequency_Unable_to_Cope pred:Text ""how often have you found that you could not cope with all the things that you had to do?"" .
:QEmotional_Regulation_Frequency_Irritated_by_Life pred:Text ""how often have you been able to control irritations in your life?"" .
:QEmotional_Regulation_Frequency_On_Top_of_Things pred:Text ""how often have you felt that you were on top of things?"" .
:QEmotional_Regulation_Frequency_Angered_by_Uncontrollable_Events pred:Text ""how often have you been angered because of things that happened that were outside of your control?"" .
:QEmotional_Regulation_Frequency_Felt_Overwhelmed pred:Text ""how often have you felt difficulties were piling up so high that you could not overcome them?"" .

:QGAnxiety_Symptoms_Frequency pred:BaseQuestion ""Next, you will be asked questions about your emotional state. Please answer on a scale of 0 to 3, where 0 is 'Not at all', 1 is 'several days', 2 is 'more than half of the days', and 3 is 'Nearly every day'. Over the last two weeks, how often have you been bothered by the following problems? [Likert 0–3]"" ;
    qg:hasSubQuestion :QAnxiety_Symptoms_Frequency_Feeling_Nervous_or_On_Edge,
                      :QAnxiety_Symptoms_Frequency_Uncontrollable_Worrying,
                      :QAnxiety_Symptoms_Frequency_Excessive_Worry,
                      :QAnxiety_Symptoms_Frequency_Trouble_Relaxing,
                      :QAnxiety_Symptoms_Frequency_Restlessness,
                      :QAnxiety_Symptoms_Frequency_Irritability,
                      :QAnxiety_Symptoms_Frequency_Fear_Something_Awful_Might_Happen .

:QAnxiety_Symptoms_Frequency_Feeling_Nervous_or_On_Edge pred:Text ""Feeling nervous, anxious, or on edge"" .
:QAnxiety_Symptoms_Frequency_Uncontrollable_Worrying pred:Text ""Not being able to stop or control worrying"" .
:QAnxiety_Symptoms_Frequency_Excessive_Worry pred:Text ""Worrying too much about different things"" .
:QAnxiety_Symptoms_Frequency_Trouble_Relaxing pred:Text ""Trouble relaxing"" .
:QAnxiety_Symptoms_Frequency_Restlessness pred:Text ""Being so restless that it is hard to sit still"" .
:QAnxiety_Symptoms_Frequency_Irritability pred:Text ""Becoming easily annoyed or irritable"" .
:QAnxiety_Symptoms_Frequency_Fear_Something_Awful_Might_Happen pred:Text ""Feeling afraid, as if something awful might happen"" .

:QGDepressive_Symptoms_Frequency pred:BaseQuestion ""Next, you will be asked questions about your emotional state. Please answer on a scale of 0 to 3, where 0 is 'Not at all', 1 is 'several days', 2 is 'more than half of the days', and 3 is 'Nearly every day'. Over the last two weeks, how often have you been bothered by the following problems?"" ;
    qg:hasSubQuestion :QDepressive_Symptoms_Frequency_Anhedonia,
                      :QDepressive_Symptoms_Frequency_Depressed_Mood,
                      :QDepressive_Symptoms_Frequency_Sleep_Problems,
                      :QDepressive_Symptoms_Frequency_Fatigue,
                      :QDepressive_Symptoms_Frequency_Appetite_Changes,
                      :QDepressive_Symptoms_Frequency_Feelings_of_Worthlessness,
                      :QDepressive_Symptoms_Frequency_Concentration_Difficulties,
                      :QDepressive_Symptoms_Frequency_Psychomotor_Changes,
                      :QDepressive_Symptoms_Frequency_Suicidal_Thoughts .

:QDepressive_Symptoms_Frequency_Anhedonia pred:Text ""Little interest or pleasure in doing things"" .
:QDepressive_Symptoms_Frequency_Depressed_Mood pred:Text ""Feeling down, depressed, or hopeless"" .
:QDepressive_Symptoms_Frequency_Sleep_Problems pred:Text ""Trouble falling or staying asleep, or sleeping too much"" .
:QDepressive_Symptoms_Frequency_Fatigue pred:Text ""Feeling tired or having little energy"" .
:QDepressive_Symptoms_Frequency_Appetite_Changes pred:Text ""Poor appetite or overeating"" .
:QDepressive_Symptoms_Frequency_Feelings_of_Worthlessness pred:Text ""Feeling bad about yourself or that you are a failure or have let yourself or your family down"" .
:QDepressive_Symptoms_Frequency_Concentration_Difficulties pred:Text ""Trouble concentrating on things, such as reading the newspaper or watching television"" .
:QDepressive_Symptoms_Frequency_Psychomotor_Changes pred:Text ""Moving or speaking so slowly that other people could have noticed. Or the opposite — being so fidgety or restless that you have been moving around a lot more than usual"" .
:QDepressive_Symptoms_Frequency_Suicidal_Thoughts pred:Text ""Thoughts that you would be better off dead, or of hurting yourself"" .

# Responses
:Respondent92 pred:Year_of_birth 2003.0 ;
     pred:Gender 1.0 ;
     pred:Socio_economic_status 1.0 ;
     pred:Ethnic_identity 6.0 .

:Respondent92_Parental_Education
                       pred:Father 12.0 ;
                       pred:Mother 12.0 .
:Respondent92 pred:hasGroupResponse :Respondent92_Parental_Education .

:Respondent92 pred:Life_satisfaction 8.0 ;
     pred:Happiness 8.0 ;
     pred:Laughter 6.0 ;
     pred:Learning 9.0 ;
     pred:Enjoyment 8.0 ;
     pred:Worry 0.0 ;
     pred:Depression 0.0 ;
     pred:Anger 2.0 ;
     pred:Stress 2.0 ;
     pred:Loneliness 1.0 .

:Respondent92_Emotional_Regulation_Frequency
                                   pred:Upset_by_Unexpected_Events 2.0 ;
                                   pred:Unable_to_Control_Important_Things 1.0 ;
                                   pred:Lacked_Confidence_Handling_Problems 3.0 ;
                                   pred:Unable_to_Cope 2.0 ;
                                   pred:Irritated_by_Life 4.0 ;
                                   pred:On_Top_of_Things 4.0 .
:Respondent92 pred:hasGroupResponse :Respondent92_Emotional_Regulation_Frequency .

:Respondent92_Anxiety_Symptoms_Frequency
                               pred:Feeling_Nervous_or_On_Edge 1.0 ;
                               pred:Trouble_Relaxing 0.0 ;
                               pred:Restlessness 0.0 ;
                               pred:Irritability 1.0 ;
                               pred:Fear_Something_Awful_Might_Happen 0.0 .
:Respondent92 pred:hasGroupResponse :Respondent92_Anxiety_Symptoms_Frequency .

:Respondent92_Depressive_Symptoms_Frequency
                                  pred:Anhedonia 0.0 ;
                                  pred:Sleep_Problems 1.0 ;
                                  pred:Fatigue 1.0 ;
                                  pred:Appetite_Changes 1.0 ;
                                  pred:Feelings_of_Worthlessness 0.0 ;
                                  pred:Concentration_Difficulties 0.0 ;
                                  pred:Suicidal_Thoughts 0.0 .
:Respondent92 pred:hasGroupResponse :Respondent92_Depressive_Symptoms_Frequency .

:Respondent97 pred:Year_of_birth 2003.0 ;
     pred:Gender 2.0 ;
     pred:Socio_economic_status 3.0 ;
     pred:Ethnic_identity 6.0 .

:Respondent97_Parental_Education
                       pred:Father 17.0 ;
                       pred:Mother 17.0 .
:Respondent97 pred:hasGroupResponse :Respondent97_Parental_Education .

:Respondent97 pred:Life_satisfaction 7.0 ;
     pred:Happiness 5.0 ;
     pred:Laughter 4.0 ;
     pred:Learning 7.0 ;
     pred:Enjoyment 5.0 ;
     pred:Worry 1.0 ;
     pred:Depression 1.0 ;
     pred:Anger 2.0 ;
     pred:Stress 4.0 ;
     pred:Loneliness 7.0 .

:Respondent97_Emotional_Regulation_Frequency
                                   pred:Upset_by_Unexpected_Events 3.0 ;
                                   pred:Unable_to_Control_Important_Things 1.0 ;
                                   pred:Lacked_Confidence_Handling_Problems 3.0 ;
                                   pred:Unable_to_Cope 2.0 ;
                                   pred:Irritated_by_Life 3.0 ;
                                   pred:On_Top_of_Things 3.0 .
:Respondent97 pred:hasGroupResponse :Respondent97_Emotional_Regulation_Frequency .

:Respondent97_Anxiety_Symptoms_Frequency
                               pred:Feeling_Nervous_or_On_Edge 1.0 ;
                               pred:Trouble_Relaxing 1.0 ;
                               pred:Restlessness 0.0 ;
                               pred:Irritability 3.0 ;
                               pred:Fear_Something_Awful_Might_Happen 0.0 .
:Respondent97 pred:hasGroupResponse :Respondent97_Anxiety_Symptoms_Frequency .

:Respondent97_Depressive_Symptoms_Frequency
                                  pred:Anhedonia 0.0 ;
                                  pred:Sleep_Problems 1.0 ;
                                  pred:Fatigue 1.0 ;
                                  pred:Appetite_Changes 1.0 ;
                                  pred:Feelings_of_Worthlessness 0.0 ;
                                  pred:Concentration_Difficulties 0.0 ;
                                  pred:Suicidal_Thoughts 0.0 .
:Respondent97 pred:hasGroupResponse :Respondent97_Depressive_Symptoms_Frequency .

:Respondent22 pred:Year_of_birth 2005.0 ;
     pred:Gender 1.0 ;
     pred:Socio_economic_status 3.0 ;
     pred:Ethnic_identity 6.0 .

:Respondent22 pred:Life_satisfaction 8.0 ;
     pred:Happiness 7.0 ;
     pred:Laughter 6.0 ;
     pred:Learning 8.0 ;
     pred:Enjoyment 7.0 ;
     pred:Worry 0.0 ;
     pred:Depression 0.0 ;
     pred:Anger 1.0 ;
     pred:Stress 2.0 ;
     pred:Loneliness 0.0 .

:Respondent22_Emotional_Regulation_Frequency
                                   pred:Upset_by_Unexpected_Events 0.0 ;
                                   pred:Unable_to_Control_Important_Things 1.0 ;
                                   pred:Lacked_Confidence_Handling_Problems 3.0 ;
                                   pred:Unable_to_Cope 2.0 ;
                                   pred:Irritated_by_Life 2.0 ;
                                   pred:On_Top_of_Things 1.0 .
:Respondent22 pred:hasGroupResponse :Respondent22_Emotional_Regulation_Frequency .

:Respondent22_Anxiety_Symptoms_Frequency
                               pred:Feeling_Nervous_or_On_Edge 0.0 ;
                               pred:Trouble_Relaxing 0.0 ;
                               pred:Restlessness 0.0 ;
                               pred:Irritability 0.0 ;
                               pred:Fear_Something_Awful_Might_Happen 0.0 .
:Respondent22 pred:hasGroupResponse :Respondent22_Anxiety_Symptoms_Frequency .

:Respondent22_Depressive_Symptoms_Frequency
                                  pred:Anhedonia 0.0 ;
                                  pred:Sleep_Problems 0.0 ;
                                  pred:Fatigue 0.0 ;
                                  pred:Appetite_Changes 0.0 ;
                                  pred:Feelings_of_Worthlessness 0.0 ;
                                  pred:Concentration_Difficulties 0.0 ;
                                  pred:Suicidal_Thoughts 0.0 .
:Respondent22 pred:hasGroupResponse :Respondent22_Depressive_Symptoms_Frequency .
",9.0,"For respondent 129, what is the value for 'Appetite Changes' in the 'Depressive Symptoms Frequency' category?

DATA:

@prefix : <http://example.org/survey#> .
@prefix pred: <http://example.org/predicate#> .
@prefix qg: <http://example.org/question_group#> .

# Questions
:QYear_of_birth pred:Text ""What is your date of birth? [Open-ended]"" .
:QGender pred:Text ""What is your gender? [MCQ: 1. Male 2. Female]"" .
:QSocio_economic_status pred:Text ""What is the socio-economic status of your home? [Likert 1–6: 1 = Very low, 6 = Very high]"" .
:QEthnic_identity pred:Text ""According to your culture, people, or physical features, you are or are recognized as: [MCQ: 1. Indigenous 2. Gypsy 3. Raizal from San Andres, Providencia and Santa Catalina Archipelago 4. Palenquero from San Basilio 5. Black, mulatto (Afro-descendant), Afro-Colombian 6. None of the above]"" .

:QGParental_Education pred:BaseQuestion ""How many years of education did your parents receive? [Open-ended]"" ;
    qg:hasSubQuestion :QParental_Education_Father, :QParental_Education_Mother .
:QParental_Education_Father pred:Text ""Father?"" .
:QParental_Education_Mother pred:Text ""Mother?"" .

:QLife_satisfaction pred:Text ""In general, how satisfied are you with all aspects of your life? [Likert 0–10: 0 = Not satisfied, 10 = Totally satisfied]"" .
:QHappiness pred:Text ""How happy did you feel yesterday? [Likert 0–10: 0 = At no time, 10 = All the time]"" .
:QLaughter pred:Text ""How much did you laugh yesterday? [Likert 0–10: 0 = At no time, 10 = All the time]"" .
:QLearning pred:Text ""Did you learn new or exciting things yesterday? [Likert 0–10: 0 = At no time, 10 = All the time]"" .
:QEnjoyment pred:Text ""How much did you enjoy the activities you did yesterday? [Likert 0–10: 0 = At no time, 10 = All the time]"" .
:QWorry pred:Text ""How worried did you feel yesterday? [Likert 0–10: 0 = At no time, 10 = All the time]"" .
:QDepression pred:Text ""How depressed did you feel yesterday? [Likert 0–10: 0 = At no time, 10 = All the time]"" .
:QAnger pred:Text ""How angry did you feel yesterday? [Likert 0–10: 0 = At no time, 10 = All the time]"" .
:QStress pred:Text ""How much stress did you feel yesterday? [Likert 0–10: 0 = At no time, 10 = All the time]"" .
:QLoneliness pred:Text ""How lonely or unsupported did you feel yesterday? [Likert 0–10: 0 = At no time, 10 = All the time]"" .

:QGEmotional_Regulation_Frequency pred:BaseQuestion ""Next, you will be asked questions about your emotional state. Please answer on a scale of 0 to 4, where 0 is never, 1 is 'almost never', 2 is 'sometimes', 3 is 'fairly often', and 4 is 'very often', how often you experienced the following feelings during the last month: [Likert 0–4]"" ;
    qg:hasSubQuestion :QEmotional_Regulation_Frequency_Upset_by_Unexpected_Events,
                      :QEmotional_Regulation_Frequency_Unable_to_Control_Important_Things,
                      :QEmotional_Regulation_Frequency_Nervous_and_Stressed,
                      :QEmotional_Regulation_Frequency_Lacked_Confidence_Handling_Problems,
                      :QEmotional_Regulation_Frequency_Things_Going_Your_Way,
                      :QEmotional_Regulation_Frequency_Unable_to_Cope,
                      :QEmotional_Regulation_Frequency_Irritated_by_Life,
                      :QEmotional_Regulation_Frequency_On_Top_of_Things,
                      :QEmotional_Regulation_Frequency_Angered_by_Uncontrollable_Events,
                      :QEmotional_Regulation_Frequency_Felt_Overwhelmed .

:QEmotional_Regulation_Frequency_Upset_by_Unexpected_Events pred:Text ""how often have you been upset because of something that happened unexpectedly?"" .
:QEmotional_Regulation_Frequency_Unable_to_Control_Important_Things pred:Text ""how often have you felt that you were unable to control the important things in your life?"" .
:QEmotional_Regulation_Frequency_Nervous_and_Stressed pred:Text ""how often have you felt nervous and stressed?"" .
:QEmotional_Regulation_Frequency_Lacked_Confidence_Handling_Problems pred:Text ""how often have you felt confident about your ability to handle your personal problems?"" .
:QEmotional_Regulation_Frequency_Things_Going_Your_Way pred:Text ""how often have you felt that things were going your way?"" .
:QEmotional_Regulation_Frequency_Unable_to_Cope pred:Text ""how often have you found that you could not cope with all the things that you had to do?"" .
:QEmotional_Regulation_Frequency_Irritated_by_Life pred:Text ""how often have you been able to control irritations in your life?"" .
:QEmotional_Regulation_Frequency_On_Top_of_Things pred:Text ""how often have you felt that you were on top of things?"" .
:QEmotional_Regulation_Frequency_Angered_by_Uncontrollable_Events pred:Text ""how often have you been angered because of things that happened that were outside of your control?"" .
:QEmotional_Regulation_Frequency_Felt_Overwhelmed pred:Text ""how often have you felt difficulties were piling up so high that you could not overcome them?"" .

:QGAnxiety_Symptoms_Frequency pred:BaseQuestion ""Next, you will be asked questions about your emotional state. Please answer on a scale of 0 to 3, where 0 is 'Not at all', 1 is 'several days', 2 is 'more than half of the days', and 3 is 'Nearly every day'. Over the last two weeks, how often have you been bothered by the following problems? [Likert 0–3]"" ;
    qg:hasSubQuestion :QAnxiety_Symptoms_Frequency_Feeling_Nervous_or_On_Edge,
                      :QAnxiety_Symptoms_Frequency_Uncontrollable_Worrying,
                      :QAnxiety_Symptoms_Frequency_Excessive_Worry,
                      :QAnxiety_Symptoms_Frequency_Trouble_Relaxing,
                      :QAnxiety_Symptoms_Frequency_Restlessness,
                      :QAnxiety_Symptoms_Frequency_Irritability,
                      :QAnxiety_Symptoms_Frequency_Fear_Something_Awful_Might_Happen .

:QAnxiety_Symptoms_Frequency_Feeling_Nervous_or_On_Edge pred:Text ""Feeling nervous, anxious, or on edge"" .
:QAnxiety_Symptoms_Frequency_Uncontrollable_Worrying pred:Text ""Not being able to stop or control worrying"" .
:QAnxiety_Symptoms_Frequency_Excessive_Worry pred:Text ""Worrying too much about different things"" .
:QAnxiety_Symptoms_Frequency_Trouble_Relaxing pred:Text ""Trouble relaxing"" .
:QAnxiety_Symptoms_Frequency_Restlessness pred:Text ""Being so restless that it is hard to sit still"" .
:QAnxiety_Symptoms_Frequency_Irritability pred:Text ""Becoming easily annoyed or irritable"" .
:QAnxiety_Symptoms_Frequency_Fear_Something_Awful_Might_Happen pred:Text ""Feeling afraid, as if something awful might happen"" .

:QGDepressive_Symptoms_Frequency pred:BaseQuestion ""Next, you will be asked questions about your emotional state. Please answer on a scale of 0 to 3, where 0 is 'Not at all', 1 is 'several days', 2 is 'more than half of the days', and 3 is 'Nearly every day'. Over the last two weeks, how often have you been bothered by the following problems?"" ;
    qg:hasSubQuestion :QDepressive_Symptoms_Frequency_Anhedonia,
                      :QDepressive_Symptoms_Frequency_Depressed_Mood,
                      :QDepressive_Symptoms_Frequency_Sleep_Problems,
                      :QDepressive_Symptoms_Frequency_Fatigue,
                      :QDepressive_Symptoms_Frequency_Appetite_Changes,
                      :QDepressive_Symptoms_Frequency_Feelings_of_Worthlessness,
                      :QDepressive_Symptoms_Frequency_Concentration_Difficulties,
                      :QDepressive_Symptoms_Frequency_Psychomotor_Changes,
                      :QDepressive_Symptoms_Frequency_Suicidal_Thoughts .

:QDepressive_Symptoms_Frequency_Anhedonia pred:Text ""Little interest or pleasure in doing things"" .
:QDepressive_Symptoms_Frequency_Depressed_Mood pred:Text ""Feeling down, depressed, or hopeless"" .
:QDepressive_Symptoms_Frequency_Sleep_Problems pred:Text ""Trouble falling or staying asleep, or sleeping too much"" .
:QDepressive_Symptoms_Frequency_Fatigue pred:Text ""Feeling tired or having little energy"" .
:QDepressive_Symptoms_Frequency_Appetite_Changes pred:Text ""Poor appetite or overeating"" .
:QDepressive_Symptoms_Frequency_Feelings_of_Worthlessness pred:Text ""Feeling bad about yourself or that you are a failure or have let yourself or your family down"" .
:QDepressive_Symptoms_Frequency_Concentration_Difficulties pred:Text ""Trouble concentrating on things, such as reading the newspaper or watching television"" .
:QDepressive_Symptoms_Frequency_Psychomotor_Changes pred:Text ""Moving or speaking so slowly that other people could have noticed. Or the opposite — being so fidgety or restless that you have been moving around a lot more than usual"" .
:QDepressive_Symptoms_Frequency_Suicidal_Thoughts pred:Text ""Thoughts that you would be better off dead, or of hurting yourself"" .

# Responses
:Respondent73 pred:Year_of_birth 2005.0 ;
     pred:Gender 2.0 ;
     pred:Socio_economic_status 2.0 ;
     pred:Ethnic_identity 6.0 .

:Respondent73_Parental_Education
                       pred:Father 25.0 ;
                       pred:Mother 15.0 .
:Respondent73 pred:hasGroupResponse :Respondent73_Parental_Education .

:Respondent73 pred:Life_satisfaction 8.0 ;
     pred:Happiness 5.0 ;
     pred:Laughter 4.0 ;
     pred:Learning 5.0 ;
     pred:Enjoyment 5.0 ;
     pred:Worry 2.0 ;
     pred:Depression 1.0 ;
     pred:Anger 2.0 ;
     pred:Stress 4.0 ;
     pred:Loneliness 6.0 .

:Respondent73_Emotional_Regulation_Frequency
                                   pred:Upset_by_Unexpected_Events 2.0 ;
                                   pred:Unable_to_Control_Important_Things 2.0 ;
                                   pred:Lacked_Confidence_Handling_Problems 2.0 ;
                                   pred:Unable_to_Cope 2.0 ;
                                   pred:Irritated_by_Life 2.0 ;
                                   pred:On_Top_of_Things 2.0 .
:Respondent73 pred:hasGroupResponse :Respondent73_Emotional_Regulation_Frequency .

:Respondent73_Anxiety_Symptoms_Frequency
                               pred:Feeling_Nervous_or_On_Edge 2.0 ;
                               pred:Trouble_Relaxing 1.0 ;
                               pred:Restlessness 1.0 ;
                               pred:Irritability 2.0 ;
                               pred:Fear_Something_Awful_Might_Happen 2.0 .
:Respondent73 pred:hasGroupResponse :Respondent73_Anxiety_Symptoms_Frequency .

:Respondent73_Depressive_Symptoms_Frequency
                                  pred:Anhedonia 1.0 ;
                                  pred:Sleep_Problems 2.0 ;
                                  pred:Fatigue 1.0 ;
                                  pred:Appetite_Changes 1.0 ;
                                  pred:Feelings_of_Worthlessness 1.0 ;
                                  pred:Concentration_Difficulties 1.0 ;
                                  pred:Suicidal_Thoughts 0.0 .
:Respondent73 pred:hasGroupResponse :Respondent73_Depressive_Symptoms_Frequency .

:Respondent85 pred:Year_of_birth 2004.0 ;
     pred:Gender 2.0 ;
     pred:Socio_economic_status 3.0 ;
     pred:Ethnic_identity 6.0 .

:Respondent85_Parental_Education
                       pred:Father 18.0 .
:Respondent85 pred:hasGroupResponse :Respondent85_Parental_Education .

:Respondent85 pred:Life_satisfaction 5.0 ;
     pred:Happiness 6.0 ;
     pred:Laughter 6.0 ;
     pred:Learning 8.0 ;
     pred:Enjoyment 5.0 ;
     pred:Worry 1.0 ;
     pred:Depression 1.0 ;
     pred:Anger 2.0 ;
     pred:Stress 4.0 ;
     pred:Loneliness 1.0 .

:Respondent85_Emotional_Regulation_Frequency
                                   pred:Upset_by_Unexpected_Events 2.0 ;
                                   pred:Unable_to_Control_Important_Things 3.0 ;
                                   pred:Lacked_Confidence_Handling_Problems 2.0 ;
                                   pred:Unable_to_Cope 3.0 ;
                                   pred:Irritated_by_Life 3.0 ;
                                   pred:On_Top_of_Things 2.0 .
:Respondent85 pred:hasGroupResponse :Respondent85_Emotional_Regulation_Frequency .

:Respondent85_Anxiety_Symptoms_Frequency
                               pred:Feeling_Nervous_or_On_Edge 1.0 ;
                               pred:Trouble_Relaxing 1.0 ;
                               pred:Restlessness 0.0 ;
                               pred:Irritability 1.0 ;
                               pred:Fear_Something_Awful_Might_Happen 1.0 .
:Respondent85 pred:hasGroupResponse :Respondent85_Anxiety_Symptoms_Frequency .

:Respondent85_Depressive_Symptoms_Frequency
                                  pred:Anhedonia 2.0 ;
                                  pred:Sleep_Problems 2.0 ;
                                  pred:Fatigue 3.0 ;
                                  pred:Appetite_Changes 3.0 ;
                                  pred:Feelings_of_Worthlessness 1.0 ;
                                  pred:Concentration_Difficulties 1.0 ;
                                  pred:Suicidal_Thoughts 0.0 .
:Respondent85 pred:hasGroupResponse :Respondent85_Depressive_Symptoms_Frequency .

:Respondent129 pred:Year_of_birth 2001.0 ;
     pred:Gender 2.0 ;
     pred:Socio_economic_status 3.0 ;
     pred:Ethnic_identity 6.0 .

:Respondent129_Parental_Education
                       pred:Father 13.0 ;
                       pred:Mother 13.0 .
:Respondent129 pred:hasGroupResponse :Respondent129_Parental_Education .

:Respondent129 pred:Life_satisfaction 8.0 ;
     pred:Happiness 9.0 ;
     pred:Laughter 6.0 ;
     pred:Learning 5.0 ;
     pred:Enjoyment 6.0 ;
     pred:Worry 1.0 ;
     pred:Depression 1.0 ;
     pred:Anger 1.0 ;
     pred:Stress 3.0 ;
     pred:Loneliness 0.0 .

:Respondent129_Emotional_Regulation_Frequency
                                   pred:Upset_by_Unexpected_Events 1.0 ;
                                   pred:Unable_to_Control_Important_Things 1.0 ;
                                   pred:Lacked_Confidence_Handling_Problems 3.0 ;
                                   pred:Unable_to_Cope 2.0 ;
                                   pred:Irritated_by_Life 3.0 ;
                                   pred:On_Top_of_Things 2.0 .
:Respondent129 pred:hasGroupResponse :Respondent129_Emotional_Regulation_Frequency .

:Respondent129_Anxiety_Symptoms_Frequency
                               pred:Feeling_Nervous_or_On_Edge 1.0 ;
                               pred:Trouble_Relaxing 1.0 ;
                               pred:Restlessness 0.0 ;
                               pred:Irritability 0.0 ;
                               pred:Fear_Something_Awful_Might_Happen 0.0 .
:Respondent129 pred:hasGroupResponse :Respondent129_Anxiety_Symptoms_Frequency .

:Respondent129_Depressive_Symptoms_Frequency
                                  pred:Anhedonia 1.0 ;
                                  pred:Sleep_Problems 1.0 ;
                                  pred:Fatigue 2.0 ;
                                  pred:Appetite_Changes 2.0 ;
                                  pred:Feelings_of_Worthlessness 0.0 ;
                                  pred:Concentration_Difficulties 2.0 ;
                                  pred:Suicidal_Thoughts 0.0 .
:Respondent129 pred:hasGroupResponse :Respondent129_Depressive_Symptoms_Frequency .

Answer: 2.0

@prefix : <http://example.org/survey#> .
@prefix pred: <http://example.org/predicate#> .
@prefix qg: <http://example.org/question_group#> .

# Questions
:QYear_of_birth pred:Text ""What is your date of birth? [Open-ended]"" .
:QGender pred:Text ""What is your gender? [MCQ: 1. Male 2. Female]"" .
:QSocio_economic_status pred:Text ""What is the socio-economic status of your home? [Likert 1–6: 1 = Very low, 6 = Very high]"" .
:QEthnic_identity pred:Text ""According to your culture, people, or physical features, you are or are recognized as: [MCQ: 1. Indigenous 2. Gypsy 3. Raizal from San Andres, Providencia and Santa Catalina Archipelago 4. Palenquero from San Basilio 5. Black, mulatto (Afro-descendant), Afro-Colombian 6. None of the above]"" .

:QGParental_Education pred:BaseQuestion ""How many years of education did your parents receive? [Open-ended]"" ;
    qg:hasSubQuestion :QParental_Education_Father, :QParental_Education_Mother .
:QParental_Education_Father pred:Text ""Father?"" .
:QParental_Education_Mother pred:Text ""Mother?"" .

:QLife_satisfaction pred:Text ""In general, how satisfied are you with all aspects of your life? [Likert 0–10: 0 = Not satisfied, 10 = Totally satisfied]"" .
:QHappiness pred:Text ""How happy did you feel yesterday? [Likert 0–10: 0 = At no time, 10 = All the time]"" .
:QLaughter pred:Text ""How much did you laugh yesterday? [Likert 0–10: 0 = At no time, 10 = All the time]"" .
:QLearning pred:Text ""Did you learn new or exciting things yesterday? [Likert 0–10: 0 = At no time, 10 = All the time]"" .
:QEnjoyment pred:Text ""How much did you enjoy the activities you did yesterday? [Likert 0–10: 0 = At no time, 10 = All the time]"" .
:QWorry pred:Text ""How worried did you feel yesterday? [Likert 0–10: 0 = At no time, 10 = All the time]"" .
:QDepression pred:Text ""How depressed did you feel yesterday? [Likert 0–10: 0 = At no time, 10 = All the time]"" .
:QAnger pred:Text ""How angry did you feel yesterday? [Likert 0–10: 0 = At no time, 10 = All the time]"" .
:QStress pred:Text ""How much stress did you feel yesterday? [Likert 0–10: 0 = At no time, 10 = All the time]"" .
:QLoneliness pred:Text ""How lonely or unsupported did you feel yesterday? [Likert 0–10: 0 = At no time, 10 = All the time]"" .

:QGEmotional_Regulation_Frequency pred:BaseQuestion ""Next, you will be asked questions about your emotional state. Please answer on a scale of 0 to 4, where 0 is never, 1 is 'almost never', 2 is 'sometimes', 3 is 'fairly often', and 4 is 'very often', how often you experienced the following feelings during the last month: [Likert 0–4]"" ;
    qg:hasSubQuestion :QEmotional_Regulation_Frequency_Upset_by_Unexpected_Events,
                      :QEmotional_Regulation_Frequency_Unable_to_Control_Important_Things,
                      :QEmotional_Regulation_Frequency_Nervous_and_Stressed,
                      :QEmotional_Regulation_Frequency_Lacked_Confidence_Handling_Problems,
                      :QEmotional_Regulation_Frequency_Things_Going_Your_Way,
                      :QEmotional_Regulation_Frequency_Unable_to_Cope,
                      :QEmotional_Regulation_Frequency_Irritated_by_Life,
                      :QEmotional_Regulation_Frequency_On_Top_of_Things,
                      :QEmotional_Regulation_Frequency_Angered_by_Uncontrollable_Events,
                      :QEmotional_Regulation_Frequency_Felt_Overwhelmed .

:QEmotional_Regulation_Frequency_Upset_by_Unexpected_Events pred:Text ""how often have you been upset because of something that happened unexpectedly?"" .
:QEmotional_Regulation_Frequency_Unable_to_Control_Important_Things pred:Text ""how often have you felt that you were unable to control the important things in your life?"" .
:QEmotional_Regulation_Frequency_Nervous_and_Stressed pred:Text ""how often have you felt nervous and stressed?"" .
:QEmotional_Regulation_Frequency_Lacked_Confidence_Handling_Problems pred:Text ""how often have you felt confident about your ability to handle your personal problems?"" .
:QEmotional_Regulation_Frequency_Things_Going_Your_Way pred:Text ""how often have you felt that things were going your way?"" .
:QEmotional_Regulation_Frequency_Unable_to_Cope pred:Text ""how often have you found that you could not cope with all the things that you had to do?"" .
:QEmotional_Regulation_Frequency_Irritated_by_Life pred:Text ""how often have you been able to control irritations in your life?"" .
:QEmotional_Regulation_Frequency_On_Top_of_Things pred:Text ""how often have you felt that you were on top of things?"" .
:QEmotional_Regulation_Frequency_Angered_by_Uncontrollable_Events pred:Text ""how often have you been angered because of things that happened that were outside of your control?"" .
:QEmotional_Regulation_Frequency_Felt_Overwhelmed pred:Text ""how often have you felt difficulties were piling up so high that you could not overcome them?"" .

:QGAnxiety_Symptoms_Frequency pred:BaseQuestion ""Next, you will be asked questions about your emotional state. Please answer on a scale of 0 to 3, where 0 is 'Not at all', 1 is 'several days', 2 is 'more than half of the days', and 3 is 'Nearly every day'. Over the last two weeks, how often have you been bothered by the following problems? [Likert 0–3]"" ;
    qg:hasSubQuestion :QAnxiety_Symptoms_Frequency_Feeling_Nervous_or_On_Edge,
                      :QAnxiety_Symptoms_Frequency_Uncontrollable_Worrying,
                      :QAnxiety_Symptoms_Frequency_Excessive_Worry,
                      :QAnxiety_Symptoms_Frequency_Trouble_Relaxing,
                      :QAnxiety_Symptoms_Frequency_Restlessness,
                      :QAnxiety_Symptoms_Frequency_Irritability,
                      :QAnxiety_Symptoms_Frequency_Fear_Something_Awful_Might_Happen .

:QAnxiety_Symptoms_Frequency_Feeling_Nervous_or_On_Edge pred:Text ""Feeling nervous, anxious, or on edge"" .
:QAnxiety_Symptoms_Frequency_Uncontrollable_Worrying pred:Text ""Not being able to stop or control worrying"" .
:QAnxiety_Symptoms_Frequency_Excessive_Worry pred:Text ""Worrying too much about different things"" .
:QAnxiety_Symptoms_Frequency_Trouble_Relaxing pred:Text ""Trouble relaxing"" .
:QAnxiety_Symptoms_Frequency_Restlessness pred:Text ""Being so restless that it is hard to sit still"" .
:QAnxiety_Symptoms_Frequency_Irritability pred:Text ""Becoming easily annoyed or irritable"" .
:QAnxiety_Symptoms_Frequency_Fear_Something_Awful_Might_Happen pred:Text ""Feeling afraid, as if something awful might happen"" .

:QGDepressive_Symptoms_Frequency pred:BaseQuestion ""Next, you will be asked questions about your emotional state. Please answer on a scale of 0 to 3, where 0 is 'Not at all', 1 is 'several days', 2 is 'more than half of the days', and 3 is 'Nearly every day'. Over the last two weeks, how often have you been bothered by the following problems?"" ;
    qg:hasSubQuestion :QDepressive_Symptoms_Frequency_Anhedonia,
                      :QDepressive_Symptoms_Frequency_Depressed_Mood,
                      :QDepressive_Symptoms_Frequency_Sleep_Problems,
                      :QDepressive_Symptoms_Frequency_Fatigue,
                      :QDepressive_Symptoms_Frequency_Appetite_Changes,
                      :QDepressive_Symptoms_Frequency_Feelings_of_Worthlessness,
                      :QDepressive_Symptoms_Frequency_Concentration_Difficulties,
                      :QDepressive_Symptoms_Frequency_Psychomotor_Changes,
                      :QDepressive_Symptoms_Frequency_Suicidal_Thoughts .

:QDepressive_Symptoms_Frequency_Anhedonia pred:Text ""Little interest or pleasure in doing things"" .
:QDepressive_Symptoms_Frequency_Depressed_Mood pred:Text ""Feeling down, depressed, or hopeless"" .
:QDepressive_Symptoms_Frequency_Sleep_Problems pred:Text ""Trouble falling or staying asleep, or sleeping too much"" .
:QDepressive_Symptoms_Frequency_Fatigue pred:Text ""Feeling tired or having little energy"" .
:QDepressive_Symptoms_Frequency_Appetite_Changes pred:Text ""Poor appetite or overeating"" .
:QDepressive_Symptoms_Frequency_Feelings_of_Worthlessness pred:Text ""Feeling bad about yourself or that you are a failure or have let yourself or your family down"" .
:QDepressive_Symptoms_Frequency_Concentration_Difficulties pred:Text ""Trouble concentrating on things, such as reading the newspaper or watching television"" .
:QDepressive_Symptoms_Frequency_Psychomotor_Changes pred:Text ""Moving or speaking so slowly that other people could have noticed. Or the opposite — being so fidgety or restless that you have been moving around a lot more than usual"" .
:QDepressive_Symptoms_Frequency_Suicidal_Thoughts pred:Text ""Thoughts that you would be better off dead, or of hurting yourself"" .

# Responses
:Respondent92 pred:Year_of_birth 2003.0 ;
     pred:Gender 1.0 ;
     pred:Socio_economic_status 1.0 ;
     pred:Ethnic_identity 6.0 .

:Respondent92_Parental_Education
                       pred:Father 12.0 ;
                       pred:Mother 12.0 .
:Respondent92 pred:hasGroupResponse :Respondent92_Parental_Education .

:Respondent92 pred:Life_satisfaction 8.0 ;
     pred:Happiness 8.0 ;
     pred:Laughter 6.0 ;
     pred:Learning 9.0 ;
     pred:Enjoyment 8.0 ;
     pred:Worry 0.0 ;
     pred:Depression 0.0 ;
     pred:Anger 2.0 ;
     pred:Stress 2.0 ;
     pred:Loneliness 1.0 .

:Respondent92_Emotional_Regulation_Frequency
                                   pred:Upset_by_Unexpected_Events 2.0 ;
                                   pred:Unable_to_Control_Important_Things 1.0 ;
                                   pred:Lacked_Confidence_Handling_Problems 3.0 ;
                                   pred:Unable_to_Cope 2.0 ;
                                   pred:Irritated_by_Life 4.0 ;
                                   pred:On_Top_of_Things 4.0 .
:Respondent92 pred:hasGroupResponse :Respondent92_Emotional_Regulation_Frequency .

:Respondent92_Anxiety_Symptoms_Frequency
                               pred:Feeling_Nervous_or_On_Edge 1.0 ;
                               pred:Trouble_Relaxing 0.0 ;
                               pred:Restlessness 0.0 ;
                               pred:Irritability 1.0 ;
                               pred:Fear_Something_Awful_Might_Happen 0.0 .
:Respondent92 pred:hasGroupResponse :Respondent92_Anxiety_Symptoms_Frequency .

:Respondent92_Depressive_Symptoms_Frequency
                                  pred:Anhedonia 0.0 ;
                                  pred:Sleep_Problems 1.0 ;
                                  pred:Fatigue 1.0 ;
                                  pred:Appetite_Changes 1.0 ;
                                  pred:Feelings_of_Worthlessness 0.0 ;
                                  pred:Concentration_Difficulties 0.0 ;
                                  pred:Suicidal_Thoughts 0.0 .
:Respondent92 pred:hasGroupResponse :Respondent92_Depressive_Symptoms_Frequency .

:Respondent97 pred:Year_of_birth 2003.0 ;
     pred:Gender 2.0 ;
     pred:Socio_economic_status 3.0 ;
     pred:Ethnic_identity 6.0 .

:Respondent97_Parental_Education
                       pred:Father 17.0 ;
                       pred:Mother 17.0 .
:Respondent97 pred:hasGroupResponse :Respondent97_Parental_Education .

:Respondent97 pred:Life_satisfaction 7.0 ;
     pred:Happiness 5.0 ;
     pred:Laughter 4.0 ;
     pred:Learning 7.0 ;
     pred:Enjoyment 5.0 ;
     pred:Worry 1.0 ;
     pred:Depression 1.0 ;
     pred:Anger 2.0 ;
     pred:Stress 4.0 ;
     pred:Loneliness 7.0 .

:Respondent97_Emotional_Regulation_Frequency
                                   pred:Upset_by_Unexpected_Events 3.0 ;
                                   pred:Unable_to_Control_Important_Things 1.0 ;
                                   pred:Lacked_Confidence_Handling_Problems 3.0 ;
                                   pred:Unable_to_Cope 2.0 ;
                                   pred:Irritated_by_Life 3.0 ;
                                   pred:On_Top_of_Things 3.0 .
:Respondent97 pred:hasGroupResponse :Respondent97_Emotional_Regulation_Frequency .

:Respondent97_Anxiety_Symptoms_Frequency
                               pred:Feeling_Nervous_or_On_Edge 1.0 ;
                               pred:Trouble_Relaxing 1.0 ;
                               pred:Restlessness 0.0 ;
                               pred:Irritability 3.0 ;
                               pred:Fear_Something_Awful_Might_Happen 0.0 .
:Respondent97 pred:hasGroupResponse :Respondent97_Anxiety_Symptoms_Frequency .

:Respondent97_Depressive_Symptoms_Frequency
                                  pred:Anhedonia 0.0 ;
                                  pred:Sleep_Problems 1.0 ;
                                  pred:Fatigue 1.0 ;
                                  pred:Appetite_Changes 1.0 ;
                                  pred:Feelings_of_Worthlessness 0.0 ;
                                  pred:Concentration_Difficulties 0.0 ;
                                  pred:Suicidal_Thoughts 0.0 .
:Respondent97 pred:hasGroupResponse :Respondent97_Depressive_Symptoms_Frequency .

:Respondent22 pred:Year_of_birth 2005.0 ;
     pred:Gender 1.0 ;
     pred:Socio_economic_status 3.0 ;
     pred:Ethnic_identity 6.0 .

:Respondent22 pred:Life_satisfaction 8.0 ;
     pred:Happiness 7.0 ;
     pred:Laughter 6.0 ;
     pred:Learning 8.0 ;
     pred:Enjoyment 7.0 ;
     pred:Worry 0.0 ;
     pred:Depression 0.0 ;
     pred:Anger 1.0 ;
     pred:Stress 2.0 ;
     pred:Loneliness 0.0 .

:Respondent22_Emotional_Regulation_Frequency
                                   pred:Upset_by_Unexpected_Events 0.0 ;
                                   pred:Unable_to_Control_Important_Things 1.0 ;
                                   pred:Lacked_Confidence_Handling_Problems 3.0 ;
                                   pred:Unable_to_Cope 2.0 ;
                                   pred:Irritated_by_Life 2.0 ;
                                   pred:On_Top_of_Things 1.0 .
:Respondent22 pred:hasGroupResponse :Respondent22_Emotional_Regulation_Frequency .

:Respondent22_Anxiety_Symptoms_Frequency
                               pred:Feeling_Nervous_or_On_Edge 0.0 ;
                               pred:Trouble_Relaxing 0.0 ;
                               pred:Restlessness 0.0 ;
                               pred:Irritability 0.0 ;
                               pred:Fear_Something_Awful_Might_Happen 0.0 .
:Respondent22 pred:hasGroupResponse :Respondent22_Anxiety_Symptoms_Frequency .

:Respondent22_Depressive_Symptoms_Frequency
                                  pred:Anhedonia 0.0 ;
                                  pred:Sleep_Problems 0.0 ;
                                  pred:Fatigue 0.0 ;
                                  pred:Appetite_Changes 0.0 ;
                                  pred:Feelings_of_Worthlessness 0.0 ;
                                  pred:Concentration_Difficulties 0.0 ;
                                  pred:Suicidal_Thoughts 0.0 .
:Respondent22 pred:hasGroupResponse :Respondent22_Depressive_Symptoms_Frequency .

You are a meticulous data analyst AI. Your primary function is to accurately analyze structured data and provide precise, verifiable answers.

You will be given a dataset with two key parts:

A 'questions' section: This is your data dictionary or schema. It is the single source of truth for understanding what each field and score means. Refer to it carefully.

A 'responses' section: This contains the raw data from each individual respondent.

To answer the question correctly, you must first use the 'questions' schema to fully understand the context and meaning of the data points within the 'responses'. Do not rely on any prior knowledge outside of this provided data. Base your entire analysis on the information given.

Provide your final answer directly and concisely. Output must be the human-readable value, not an option code.

Rules:
- For MCQ fields, map any letter codes in the Responses (case-insensitive) to the corresponding option text from the Questions schema, and output only that text. Do NOT include the letter or both.
  Example: If the schema is ""[MCQ: A. Abnormal B. Inconclusive C. Normal]"" and the response is ""a"", output ""Abnormal"".
- For open-ended fields, output the exact text value.
- If the question asks for a count, provide only the number (e.g., ""42"").
- If the question asks for a list of names or IDs, provide a simple comma-separated list (e.g., ""17, 21, 23"").
- Preserve capitalization exactly as in the schema (e.g., output ""Abnormal"", not ""abnormal"" or ""A"").

What is the learning experience level for respondent 92?",,
case_34,answer_lookup,What is the worry level for respondent 94?,"@prefix : <http://example.org/survey#> .
@prefix pred: <http://example.org/predicate#> .
@prefix qg: <http://example.org/question_group#> .

# Questions
:QYear_of_birth pred:Text ""What is your date of birth? [Open-ended]"" .
:QGender pred:Text ""What is your gender? [MCQ: 1. Male 2. Female]"" .
:QSocio_economic_status pred:Text ""What is the socio-economic status of your home? [Likert 1–6: 1 = Very low, 6 = Very high]"" .
:QEthnic_identity pred:Text ""According to your culture, people, or physical features, you are or are recognized as: [MCQ: 1. Indigenous 2. Gypsy 3. Raizal from San Andres, Providencia and Santa Catalina Archipelago 4. Palenquero from San Basilio 5. Black, mulatto (Afro-descendant), Afro-Colombian 6. None of the above]"" .

:QGParental_Education pred:BaseQuestion ""How many years of education did your parents receive? [Open-ended]"" ;
    qg:hasSubQuestion :QParental_Education_Father, :QParental_Education_Mother .
:QParental_Education_Father pred:Text ""Father?"" .
:QParental_Education_Mother pred:Text ""Mother?"" .

:QLife_satisfaction pred:Text ""In general, how satisfied are you with all aspects of your life? [Likert 0–10: 0 = Not satisfied, 10 = Totally satisfied]"" .
:QHappiness pred:Text ""How happy did you feel yesterday? [Likert 0–10: 0 = At no time, 10 = All the time]"" .
:QLaughter pred:Text ""How much did you laugh yesterday? [Likert 0–10: 0 = At no time, 10 = All the time]"" .
:QLearning pred:Text ""Did you learn new or exciting things yesterday? [Likert 0–10: 0 = At no time, 10 = All the time]"" .
:QEnjoyment pred:Text ""How much did you enjoy the activities you did yesterday? [Likert 0–10: 0 = At no time, 10 = All the time]"" .
:QWorry pred:Text ""How worried did you feel yesterday? [Likert 0–10: 0 = At no time, 10 = All the time]"" .
:QDepression pred:Text ""How depressed did you feel yesterday? [Likert 0–10: 0 = At no time, 10 = All the time]"" .
:QAnger pred:Text ""How angry did you feel yesterday? [Likert 0–10: 0 = At no time, 10 = All the time]"" .
:QStress pred:Text ""How much stress did you feel yesterday? [Likert 0–10: 0 = At no time, 10 = All the time]"" .
:QLoneliness pred:Text ""How lonely or unsupported did you feel yesterday? [Likert 0–10: 0 = At no time, 10 = All the time]"" .

:QGEmotional_Regulation_Frequency pred:BaseQuestion ""Next, you will be asked questions about your emotional state. Please answer on a scale of 0 to 4, where 0 is never, 1 is 'almost never', 2 is 'sometimes', 3 is 'fairly often', and 4 is 'very often', how often you experienced the following feelings during the last month: [Likert 0–4]"" ;
    qg:hasSubQuestion :QEmotional_Regulation_Frequency_Upset_by_Unexpected_Events,
                      :QEmotional_Regulation_Frequency_Unable_to_Control_Important_Things,
                      :QEmotional_Regulation_Frequency_Nervous_and_Stressed,
                      :QEmotional_Regulation_Frequency_Lacked_Confidence_Handling_Problems,
                      :QEmotional_Regulation_Frequency_Things_Going_Your_Way,
                      :QEmotional_Regulation_Frequency_Unable_to_Cope,
                      :QEmotional_Regulation_Frequency_Irritated_by_Life,
                      :QEmotional_Regulation_Frequency_On_Top_of_Things,
                      :QEmotional_Regulation_Frequency_Angered_by_Uncontrollable_Events,
                      :QEmotional_Regulation_Frequency_Felt_Overwhelmed .

:QEmotional_Regulation_Frequency_Upset_by_Unexpected_Events pred:Text ""how often have you been upset because of something that happened unexpectedly?"" .
:QEmotional_Regulation_Frequency_Unable_to_Control_Important_Things pred:Text ""how often have you felt that you were unable to control the important things in your life?"" .
:QEmotional_Regulation_Frequency_Nervous_and_Stressed pred:Text ""how often have you felt nervous and stressed?"" .
:QEmotional_Regulation_Frequency_Lacked_Confidence_Handling_Problems pred:Text ""how often have you felt confident about your ability to handle your personal problems?"" .
:QEmotional_Regulation_Frequency_Things_Going_Your_Way pred:Text ""how often have you felt that things were going your way?"" .
:QEmotional_Regulation_Frequency_Unable_to_Cope pred:Text ""how often have you found that you could not cope with all the things that you had to do?"" .
:QEmotional_Regulation_Frequency_Irritated_by_Life pred:Text ""how often have you been able to control irritations in your life?"" .
:QEmotional_Regulation_Frequency_On_Top_of_Things pred:Text ""how often have you felt that you were on top of things?"" .
:QEmotional_Regulation_Frequency_Angered_by_Uncontrollable_Events pred:Text ""how often have you been angered because of things that happened that were outside of your control?"" .
:QEmotional_Regulation_Frequency_Felt_Overwhelmed pred:Text ""how often have you felt difficulties were piling up so high that you could not overcome them?"" .

:QGAnxiety_Symptoms_Frequency pred:BaseQuestion ""Next, you will be asked questions about your emotional state. Please answer on a scale of 0 to 3, where 0 is 'Not at all', 1 is 'several days', 2 is 'more than half of the days', and 3 is 'Nearly every day'. Over the last two weeks, how often have you been bothered by the following problems? [Likert 0–3]"" ;
    qg:hasSubQuestion :QAnxiety_Symptoms_Frequency_Feeling_Nervous_or_On_Edge,
                      :QAnxiety_Symptoms_Frequency_Uncontrollable_Worrying,
                      :QAnxiety_Symptoms_Frequency_Excessive_Worry,
                      :QAnxiety_Symptoms_Frequency_Trouble_Relaxing,
                      :QAnxiety_Symptoms_Frequency_Restlessness,
                      :QAnxiety_Symptoms_Frequency_Irritability,
                      :QAnxiety_Symptoms_Frequency_Fear_Something_Awful_Might_Happen .

:QAnxiety_Symptoms_Frequency_Feeling_Nervous_or_On_Edge pred:Text ""Feeling nervous, anxious, or on edge"" .
:QAnxiety_Symptoms_Frequency_Uncontrollable_Worrying pred:Text ""Not being able to stop or control worrying"" .
:QAnxiety_Symptoms_Frequency_Excessive_Worry pred:Text ""Worrying too much about different things"" .
:QAnxiety_Symptoms_Frequency_Trouble_Relaxing pred:Text ""Trouble relaxing"" .
:QAnxiety_Symptoms_Frequency_Restlessness pred:Text ""Being so restless that it is hard to sit still"" .
:QAnxiety_Symptoms_Frequency_Irritability pred:Text ""Becoming easily annoyed or irritable"" .
:QAnxiety_Symptoms_Frequency_Fear_Something_Awful_Might_Happen pred:Text ""Feeling afraid, as if something awful might happen"" .

:QGDepressive_Symptoms_Frequency pred:BaseQuestion ""Next, you will be asked questions about your emotional state. Please answer on a scale of 0 to 3, where 0 is 'Not at all', 1 is 'several days', 2 is 'more than half of the days', and 3 is 'Nearly every day'. Over the last two weeks, how often have you been bothered by the following problems?"" ;
    qg:hasSubQuestion :QDepressive_Symptoms_Frequency_Anhedonia,
                      :QDepressive_Symptoms_Frequency_Depressed_Mood,
                      :QDepressive_Symptoms_Frequency_Sleep_Problems,
                      :QDepressive_Symptoms_Frequency_Fatigue,
                      :QDepressive_Symptoms_Frequency_Appetite_Changes,
                      :QDepressive_Symptoms_Frequency_Feelings_of_Worthlessness,
                      :QDepressive_Symptoms_Frequency_Concentration_Difficulties,
                      :QDepressive_Symptoms_Frequency_Psychomotor_Changes,
                      :QDepressive_Symptoms_Frequency_Suicidal_Thoughts .

:QDepressive_Symptoms_Frequency_Anhedonia pred:Text ""Little interest or pleasure in doing things"" .
:QDepressive_Symptoms_Frequency_Depressed_Mood pred:Text ""Feeling down, depressed, or hopeless"" .
:QDepressive_Symptoms_Frequency_Sleep_Problems pred:Text ""Trouble falling or staying asleep, or sleeping too much"" .
:QDepressive_Symptoms_Frequency_Fatigue pred:Text ""Feeling tired or having little energy"" .
:QDepressive_Symptoms_Frequency_Appetite_Changes pred:Text ""Poor appetite or overeating"" .
:QDepressive_Symptoms_Frequency_Feelings_of_Worthlessness pred:Text ""Feeling bad about yourself or that you are a failure or have let yourself or your family down"" .
:QDepressive_Symptoms_Frequency_Concentration_Difficulties pred:Text ""Trouble concentrating on things, such as reading the newspaper or watching television"" .
:QDepressive_Symptoms_Frequency_Psychomotor_Changes pred:Text ""Moving or speaking so slowly that other people could have noticed. Or the opposite — being so fidgety or restless that you have been moving around a lot more than usual"" .
:QDepressive_Symptoms_Frequency_Suicidal_Thoughts pred:Text ""Thoughts that you would be better off dead, or of hurting yourself"" .

# Responses
:Respondent94 pred:Year_of_birth 2003.0 ;
     pred:Gender 1.0 ;
     pred:Socio_economic_status 4.0 ;
     pred:Ethnic_identity 6.0 .

:Respondent94_Parental_Education
                       pred:Father 30.0 ;
                       pred:Mother 37.0 .
:Respondent94 pred:hasGroupResponse :Respondent94_Parental_Education .

:Respondent94 pred:Life_satisfaction 8.0 ;
     pred:Happiness 8.0 ;
     pred:Laughter 9.0 ;
     pred:Learning 10.0 ;
     pred:Enjoyment 7.0 ;
     pred:Worry 1.0 ;
     pred:Depression 0.0 ;
     pred:Anger 1.0 ;
     pred:Stress 4.0 ;
     pred:Loneliness 0.0 .

:Respondent94_Emotional_Regulation_Frequency
                                   pred:Upset_by_Unexpected_Events 1.0 ;
                                   pred:Unable_to_Control_Important_Things 3.0 ;
                                   pred:Lacked_Confidence_Handling_Problems 3.0 ;
                                   pred:Unable_to_Cope 2.0 ;
                                   pred:Irritated_by_Life 3.0 ;
                                   pred:On_Top_of_Things 3.0 .
:Respondent94 pred:hasGroupResponse :Respondent94_Emotional_Regulation_Frequency .

:Respondent94_Anxiety_Symptoms_Frequency
                               pred:Feeling_Nervous_or_On_Edge 3.0 ;
                               pred:Trouble_Relaxing 0.0 ;
                               pred:Restlessness 0.0 ;
                               pred:Irritability 1.0 ;
                               pred:Fear_Something_Awful_Might_Happen 0.0 .
:Respondent94 pred:hasGroupResponse :Respondent94_Anxiety_Symptoms_Frequency .

:Respondent94_Depressive_Symptoms_Frequency
                                  pred:Anhedonia 0.0 ;
                                  pred:Sleep_Problems 0.0 ;
                                  pred:Fatigue 2.0 ;
                                  pred:Appetite_Changes 3.0 ;
                                  pred:Feelings_of_Worthlessness 1.0 ;
                                  pred:Concentration_Difficulties 1.0 ;
                                  pred:Suicidal_Thoughts 0.0 .
:Respondent94 pred:hasGroupResponse :Respondent94_Depressive_Symptoms_Frequency .

:Respondent77 pred:Year_of_birth 2002.0 ;
     pred:Gender 1.0 ;
     pred:Socio_economic_status 3.0 ;
     pred:Ethnic_identity 6.0 .

:Respondent77 pred:Life_satisfaction 7.0 ;
     pred:Happiness 7.0 ;
     pred:Laughter 6.0 ;
     pred:Learning 7.0 ;
     pred:Enjoyment 5.0 ;
     pred:Worry 0.0 ;
     pred:Depression 0.0 ;
     pred:Anger 1.0 ;
     pred:Stress 2.0 ;
     pred:Loneliness 1.0 .

:Respondent77_Emotional_Regulation_Frequency
                                   pred:Upset_by_Unexpected_Events 2.0 ;
                                   pred:Unable_to_Control_Important_Things 1.0 ;
                                   pred:Lacked_Confidence_Handling_Problems 3.0 ;
                                   pred:Unable_to_Cope 1.0 ;
                                   pred:Irritated_by_Life 4.0 ;
                                   pred:On_Top_of_Things 4.0 .
:Respondent77 pred:hasGroupResponse :Respondent77_Emotional_Regulation_Frequency .

:Respondent77_Anxiety_Symptoms_Frequency
                               pred:Feeling_Nervous_or_On_Edge 0.0 ;
                               pred:Trouble_Relaxing 2.0 ;
                               pred:Restlessness 0.0 ;
                               pred:Irritability 0.0 ;
                               pred:Fear_Something_Awful_Might_Happen 0.0 .
:Respondent77 pred:hasGroupResponse :Respondent77_Anxiety_Symptoms_Frequency .

:Respondent77_Depressive_Symptoms_Frequency
                                  pred:Anhedonia 0.0 ;
                                  pred:Sleep_Problems 0.0 ;
                                  pred:Fatigue 0.0 ;
                                  pred:Appetite_Changes 0.0 ;
                                  pred:Feelings_of_Worthlessness 0.0 ;
                                  pred:Concentration_Difficulties 0.0 ;
                                  pred:Suicidal_Thoughts 0.0 .
:Respondent77 pred:hasGroupResponse :Respondent77_Depressive_Symptoms_Frequency .

:Respondent18 pred:Year_of_birth 2005.0 ;
     pred:Gender 1.0 ;
     pred:Socio_economic_status 4.0 ;
     pred:Ethnic_identity 5.0 .

:Respondent18 pred:Life_satisfaction 9.0 ;
     pred:Happiness 8.0 ;
     pred:Laughter 3.0 ;
     pred:Learning 10.0 ;
     pred:Enjoyment 7.0 ;
     pred:Worry 1.0 ;
     pred:Depression 1.0 ;
     pred:Anger 2.0 ;
     pred:Stress 1.0 ;
     pred:Loneliness 10.0 .

:Respondent18_Emotional_Regulation_Frequency
                                   pred:Upset_by_Unexpected_Events 3.0 ;
                                   pred:Unable_to_Control_Important_Things 1.0 ;
                                   pred:Lacked_Confidence_Handling_Problems 3.0 ;
                                   pred:Unable_to_Cope 2.0 ;
                                   pred:Irritated_by_Life 4.0 ;
                                   pred:On_Top_of_Things 4.0 .
:Respondent18 pred:hasGroupResponse :Respondent18_Emotional_Regulation_Frequency .

:Respondent18_Anxiety_Symptoms_Frequency
                               pred:Feeling_Nervous_or_On_Edge 0.0 ;
                               pred:Trouble_Relaxing 1.0 ;
                               pred:Restlessness 0.0 ;
                               pred:Irritability 1.0 ;
                               pred:Fear_Something_Awful_Might_Happen 1.0 .
:Respondent18 pred:hasGroupResponse :Respondent18_Anxiety_Symptoms_Frequency .

:Respondent18_Depressive_Symptoms_Frequency
                                  pred:Anhedonia 1.0 ;
                                  pred:Sleep_Problems 0.0 ;
                                  pred:Fatigue 0.0 ;
                                  pred:Appetite_Changes 2.0 ;
                                  pred:Feelings_of_Worthlessness 0.0 ;
                                  pred:Concentration_Difficulties 2.0 ;
                                  pred:Suicidal_Thoughts 0.0 .
:Respondent18 pred:hasGroupResponse :Respondent18_Depressive_Symptoms_Frequency .
",1.0,"For respondent 129, what is the value for 'Appetite Changes' in the 'Depressive Symptoms Frequency' category?

DATA:

@prefix : <http://example.org/survey#> .
@prefix pred: <http://example.org/predicate#> .
@prefix qg: <http://example.org/question_group#> .

# Questions
:QYear_of_birth pred:Text ""What is your date of birth? [Open-ended]"" .
:QGender pred:Text ""What is your gender? [MCQ: 1. Male 2. Female]"" .
:QSocio_economic_status pred:Text ""What is the socio-economic status of your home? [Likert 1–6: 1 = Very low, 6 = Very high]"" .
:QEthnic_identity pred:Text ""According to your culture, people, or physical features, you are or are recognized as: [MCQ: 1. Indigenous 2. Gypsy 3. Raizal from San Andres, Providencia and Santa Catalina Archipelago 4. Palenquero from San Basilio 5. Black, mulatto (Afro-descendant), Afro-Colombian 6. None of the above]"" .

:QGParental_Education pred:BaseQuestion ""How many years of education did your parents receive? [Open-ended]"" ;
    qg:hasSubQuestion :QParental_Education_Father, :QParental_Education_Mother .
:QParental_Education_Father pred:Text ""Father?"" .
:QParental_Education_Mother pred:Text ""Mother?"" .

:QLife_satisfaction pred:Text ""In general, how satisfied are you with all aspects of your life? [Likert 0–10: 0 = Not satisfied, 10 = Totally satisfied]"" .
:QHappiness pred:Text ""How happy did you feel yesterday? [Likert 0–10: 0 = At no time, 10 = All the time]"" .
:QLaughter pred:Text ""How much did you laugh yesterday? [Likert 0–10: 0 = At no time, 10 = All the time]"" .
:QLearning pred:Text ""Did you learn new or exciting things yesterday? [Likert 0–10: 0 = At no time, 10 = All the time]"" .
:QEnjoyment pred:Text ""How much did you enjoy the activities you did yesterday? [Likert 0–10: 0 = At no time, 10 = All the time]"" .
:QWorry pred:Text ""How worried did you feel yesterday? [Likert 0–10: 0 = At no time, 10 = All the time]"" .
:QDepression pred:Text ""How depressed did you feel yesterday? [Likert 0–10: 0 = At no time, 10 = All the time]"" .
:QAnger pred:Text ""How angry did you feel yesterday? [Likert 0–10: 0 = At no time, 10 = All the time]"" .
:QStress pred:Text ""How much stress did you feel yesterday? [Likert 0–10: 0 = At no time, 10 = All the time]"" .
:QLoneliness pred:Text ""How lonely or unsupported did you feel yesterday? [Likert 0–10: 0 = At no time, 10 = All the time]"" .

:QGEmotional_Regulation_Frequency pred:BaseQuestion ""Next, you will be asked questions about your emotional state. Please answer on a scale of 0 to 4, where 0 is never, 1 is 'almost never', 2 is 'sometimes', 3 is 'fairly often', and 4 is 'very often', how often you experienced the following feelings during the last month: [Likert 0–4]"" ;
    qg:hasSubQuestion :QEmotional_Regulation_Frequency_Upset_by_Unexpected_Events,
                      :QEmotional_Regulation_Frequency_Unable_to_Control_Important_Things,
                      :QEmotional_Regulation_Frequency_Nervous_and_Stressed,
                      :QEmotional_Regulation_Frequency_Lacked_Confidence_Handling_Problems,
                      :QEmotional_Regulation_Frequency_Things_Going_Your_Way,
                      :QEmotional_Regulation_Frequency_Unable_to_Cope,
                      :QEmotional_Regulation_Frequency_Irritated_by_Life,
                      :QEmotional_Regulation_Frequency_On_Top_of_Things,
                      :QEmotional_Regulation_Frequency_Angered_by_Uncontrollable_Events,
                      :QEmotional_Regulation_Frequency_Felt_Overwhelmed .

:QEmotional_Regulation_Frequency_Upset_by_Unexpected_Events pred:Text ""how often have you been upset because of something that happened unexpectedly?"" .
:QEmotional_Regulation_Frequency_Unable_to_Control_Important_Things pred:Text ""how often have you felt that you were unable to control the important things in your life?"" .
:QEmotional_Regulation_Frequency_Nervous_and_Stressed pred:Text ""how often have you felt nervous and stressed?"" .
:QEmotional_Regulation_Frequency_Lacked_Confidence_Handling_Problems pred:Text ""how often have you felt confident about your ability to handle your personal problems?"" .
:QEmotional_Regulation_Frequency_Things_Going_Your_Way pred:Text ""how often have you felt that things were going your way?"" .
:QEmotional_Regulation_Frequency_Unable_to_Cope pred:Text ""how often have you found that you could not cope with all the things that you had to do?"" .
:QEmotional_Regulation_Frequency_Irritated_by_Life pred:Text ""how often have you been able to control irritations in your life?"" .
:QEmotional_Regulation_Frequency_On_Top_of_Things pred:Text ""how often have you felt that you were on top of things?"" .
:QEmotional_Regulation_Frequency_Angered_by_Uncontrollable_Events pred:Text ""how often have you been angered because of things that happened that were outside of your control?"" .
:QEmotional_Regulation_Frequency_Felt_Overwhelmed pred:Text ""how often have you felt difficulties were piling up so high that you could not overcome them?"" .

:QGAnxiety_Symptoms_Frequency pred:BaseQuestion ""Next, you will be asked questions about your emotional state. Please answer on a scale of 0 to 3, where 0 is 'Not at all', 1 is 'several days', 2 is 'more than half of the days', and 3 is 'Nearly every day'. Over the last two weeks, how often have you been bothered by the following problems? [Likert 0–3]"" ;
    qg:hasSubQuestion :QAnxiety_Symptoms_Frequency_Feeling_Nervous_or_On_Edge,
                      :QAnxiety_Symptoms_Frequency_Uncontrollable_Worrying,
                      :QAnxiety_Symptoms_Frequency_Excessive_Worry,
                      :QAnxiety_Symptoms_Frequency_Trouble_Relaxing,
                      :QAnxiety_Symptoms_Frequency_Restlessness,
                      :QAnxiety_Symptoms_Frequency_Irritability,
                      :QAnxiety_Symptoms_Frequency_Fear_Something_Awful_Might_Happen .

:QAnxiety_Symptoms_Frequency_Feeling_Nervous_or_On_Edge pred:Text ""Feeling nervous, anxious, or on edge"" .
:QAnxiety_Symptoms_Frequency_Uncontrollable_Worrying pred:Text ""Not being able to stop or control worrying"" .
:QAnxiety_Symptoms_Frequency_Excessive_Worry pred:Text ""Worrying too much about different things"" .
:QAnxiety_Symptoms_Frequency_Trouble_Relaxing pred:Text ""Trouble relaxing"" .
:QAnxiety_Symptoms_Frequency_Restlessness pred:Text ""Being so restless that it is hard to sit still"" .
:QAnxiety_Symptoms_Frequency_Irritability pred:Text ""Becoming easily annoyed or irritable"" .
:QAnxiety_Symptoms_Frequency_Fear_Something_Awful_Might_Happen pred:Text ""Feeling afraid, as if something awful might happen"" .

:QGDepressive_Symptoms_Frequency pred:BaseQuestion ""Next, you will be asked questions about your emotional state. Please answer on a scale of 0 to 3, where 0 is 'Not at all', 1 is 'several days', 2 is 'more than half of the days', and 3 is 'Nearly every day'. Over the last two weeks, how often have you been bothered by the following problems?"" ;
    qg:hasSubQuestion :QDepressive_Symptoms_Frequency_Anhedonia,
                      :QDepressive_Symptoms_Frequency_Depressed_Mood,
                      :QDepressive_Symptoms_Frequency_Sleep_Problems,
                      :QDepressive_Symptoms_Frequency_Fatigue,
                      :QDepressive_Symptoms_Frequency_Appetite_Changes,
                      :QDepressive_Symptoms_Frequency_Feelings_of_Worthlessness,
                      :QDepressive_Symptoms_Frequency_Concentration_Difficulties,
                      :QDepressive_Symptoms_Frequency_Psychomotor_Changes,
                      :QDepressive_Symptoms_Frequency_Suicidal_Thoughts .

:QDepressive_Symptoms_Frequency_Anhedonia pred:Text ""Little interest or pleasure in doing things"" .
:QDepressive_Symptoms_Frequency_Depressed_Mood pred:Text ""Feeling down, depressed, or hopeless"" .
:QDepressive_Symptoms_Frequency_Sleep_Problems pred:Text ""Trouble falling or staying asleep, or sleeping too much"" .
:QDepressive_Symptoms_Frequency_Fatigue pred:Text ""Feeling tired or having little energy"" .
:QDepressive_Symptoms_Frequency_Appetite_Changes pred:Text ""Poor appetite or overeating"" .
:QDepressive_Symptoms_Frequency_Feelings_of_Worthlessness pred:Text ""Feeling bad about yourself or that you are a failure or have let yourself or your family down"" .
:QDepressive_Symptoms_Frequency_Concentration_Difficulties pred:Text ""Trouble concentrating on things, such as reading the newspaper or watching television"" .
:QDepressive_Symptoms_Frequency_Psychomotor_Changes pred:Text ""Moving or speaking so slowly that other people could have noticed. Or the opposite — being so fidgety or restless that you have been moving around a lot more than usual"" .
:QDepressive_Symptoms_Frequency_Suicidal_Thoughts pred:Text ""Thoughts that you would be better off dead, or of hurting yourself"" .

# Responses
:Respondent73 pred:Year_of_birth 2005.0 ;
     pred:Gender 2.0 ;
     pred:Socio_economic_status 2.0 ;
     pred:Ethnic_identity 6.0 .

:Respondent73_Parental_Education
                       pred:Father 25.0 ;
                       pred:Mother 15.0 .
:Respondent73 pred:hasGroupResponse :Respondent73_Parental_Education .

:Respondent73 pred:Life_satisfaction 8.0 ;
     pred:Happiness 5.0 ;
     pred:Laughter 4.0 ;
     pred:Learning 5.0 ;
     pred:Enjoyment 5.0 ;
     pred:Worry 2.0 ;
     pred:Depression 1.0 ;
     pred:Anger 2.0 ;
     pred:Stress 4.0 ;
     pred:Loneliness 6.0 .

:Respondent73_Emotional_Regulation_Frequency
                                   pred:Upset_by_Unexpected_Events 2.0 ;
                                   pred:Unable_to_Control_Important_Things 2.0 ;
                                   pred:Lacked_Confidence_Handling_Problems 2.0 ;
                                   pred:Unable_to_Cope 2.0 ;
                                   pred:Irritated_by_Life 2.0 ;
                                   pred:On_Top_of_Things 2.0 .
:Respondent73 pred:hasGroupResponse :Respondent73_Emotional_Regulation_Frequency .

:Respondent73_Anxiety_Symptoms_Frequency
                               pred:Feeling_Nervous_or_On_Edge 2.0 ;
                               pred:Trouble_Relaxing 1.0 ;
                               pred:Restlessness 1.0 ;
                               pred:Irritability 2.0 ;
                               pred:Fear_Something_Awful_Might_Happen 2.0 .
:Respondent73 pred:hasGroupResponse :Respondent73_Anxiety_Symptoms_Frequency .

:Respondent73_Depressive_Symptoms_Frequency
                                  pred:Anhedonia 1.0 ;
                                  pred:Sleep_Problems 2.0 ;
                                  pred:Fatigue 1.0 ;
                                  pred:Appetite_Changes 1.0 ;
                                  pred:Feelings_of_Worthlessness 1.0 ;
                                  pred:Concentration_Difficulties 1.0 ;
                                  pred:Suicidal_Thoughts 0.0 .
:Respondent73 pred:hasGroupResponse :Respondent73_Depressive_Symptoms_Frequency .

:Respondent85 pred:Year_of_birth 2004.0 ;
     pred:Gender 2.0 ;
     pred:Socio_economic_status 3.0 ;
     pred:Ethnic_identity 6.0 .

:Respondent85_Parental_Education
                       pred:Father 18.0 .
:Respondent85 pred:hasGroupResponse :Respondent85_Parental_Education .

:Respondent85 pred:Life_satisfaction 5.0 ;
     pred:Happiness 6.0 ;
     pred:Laughter 6.0 ;
     pred:Learning 8.0 ;
     pred:Enjoyment 5.0 ;
     pred:Worry 1.0 ;
     pred:Depression 1.0 ;
     pred:Anger 2.0 ;
     pred:Stress 4.0 ;
     pred:Loneliness 1.0 .

:Respondent85_Emotional_Regulation_Frequency
                                   pred:Upset_by_Unexpected_Events 2.0 ;
                                   pred:Unable_to_Control_Important_Things 3.0 ;
                                   pred:Lacked_Confidence_Handling_Problems 2.0 ;
                                   pred:Unable_to_Cope 3.0 ;
                                   pred:Irritated_by_Life 3.0 ;
                                   pred:On_Top_of_Things 2.0 .
:Respondent85 pred:hasGroupResponse :Respondent85_Emotional_Regulation_Frequency .

:Respondent85_Anxiety_Symptoms_Frequency
                               pred:Feeling_Nervous_or_On_Edge 1.0 ;
                               pred:Trouble_Relaxing 1.0 ;
                               pred:Restlessness 0.0 ;
                               pred:Irritability 1.0 ;
                               pred:Fear_Something_Awful_Might_Happen 1.0 .
:Respondent85 pred:hasGroupResponse :Respondent85_Anxiety_Symptoms_Frequency .

:Respondent85_Depressive_Symptoms_Frequency
                                  pred:Anhedonia 2.0 ;
                                  pred:Sleep_Problems 2.0 ;
                                  pred:Fatigue 3.0 ;
                                  pred:Appetite_Changes 3.0 ;
                                  pred:Feelings_of_Worthlessness 1.0 ;
                                  pred:Concentration_Difficulties 1.0 ;
                                  pred:Suicidal_Thoughts 0.0 .
:Respondent85 pred:hasGroupResponse :Respondent85_Depressive_Symptoms_Frequency .

:Respondent129 pred:Year_of_birth 2001.0 ;
     pred:Gender 2.0 ;
     pred:Socio_economic_status 3.0 ;
     pred:Ethnic_identity 6.0 .

:Respondent129_Parental_Education
                       pred:Father 13.0 ;
                       pred:Mother 13.0 .
:Respondent129 pred:hasGroupResponse :Respondent129_Parental_Education .

:Respondent129 pred:Life_satisfaction 8.0 ;
     pred:Happiness 9.0 ;
     pred:Laughter 6.0 ;
     pred:Learning 5.0 ;
     pred:Enjoyment 6.0 ;
     pred:Worry 1.0 ;
     pred:Depression 1.0 ;
     pred:Anger 1.0 ;
     pred:Stress 3.0 ;
     pred:Loneliness 0.0 .

:Respondent129_Emotional_Regulation_Frequency
                                   pred:Upset_by_Unexpected_Events 1.0 ;
                                   pred:Unable_to_Control_Important_Things 1.0 ;
                                   pred:Lacked_Confidence_Handling_Problems 3.0 ;
                                   pred:Unable_to_Cope 2.0 ;
                                   pred:Irritated_by_Life 3.0 ;
                                   pred:On_Top_of_Things 2.0 .
:Respondent129 pred:hasGroupResponse :Respondent129_Emotional_Regulation_Frequency .

:Respondent129_Anxiety_Symptoms_Frequency
                               pred:Feeling_Nervous_or_On_Edge 1.0 ;
                               pred:Trouble_Relaxing 1.0 ;
                               pred:Restlessness 0.0 ;
                               pred:Irritability 0.0 ;
                               pred:Fear_Something_Awful_Might_Happen 0.0 .
:Respondent129 pred:hasGroupResponse :Respondent129_Anxiety_Symptoms_Frequency .

:Respondent129_Depressive_Symptoms_Frequency
                                  pred:Anhedonia 1.0 ;
                                  pred:Sleep_Problems 1.0 ;
                                  pred:Fatigue 2.0 ;
                                  pred:Appetite_Changes 2.0 ;
                                  pred:Feelings_of_Worthlessness 0.0 ;
                                  pred:Concentration_Difficulties 2.0 ;
                                  pred:Suicidal_Thoughts 0.0 .
:Respondent129 pred:hasGroupResponse :Respondent129_Depressive_Symptoms_Frequency .

Answer: 2.0

@prefix : <http://example.org/survey#> .
@prefix pred: <http://example.org/predicate#> .
@prefix qg: <http://example.org/question_group#> .

# Questions
:QYear_of_birth pred:Text ""What is your date of birth? [Open-ended]"" .
:QGender pred:Text ""What is your gender? [MCQ: 1. Male 2. Female]"" .
:QSocio_economic_status pred:Text ""What is the socio-economic status of your home? [Likert 1–6: 1 = Very low, 6 = Very high]"" .
:QEthnic_identity pred:Text ""According to your culture, people, or physical features, you are or are recognized as: [MCQ: 1. Indigenous 2. Gypsy 3. Raizal from San Andres, Providencia and Santa Catalina Archipelago 4. Palenquero from San Basilio 5. Black, mulatto (Afro-descendant), Afro-Colombian 6. None of the above]"" .

:QGParental_Education pred:BaseQuestion ""How many years of education did your parents receive? [Open-ended]"" ;
    qg:hasSubQuestion :QParental_Education_Father, :QParental_Education_Mother .
:QParental_Education_Father pred:Text ""Father?"" .
:QParental_Education_Mother pred:Text ""Mother?"" .

:QLife_satisfaction pred:Text ""In general, how satisfied are you with all aspects of your life? [Likert 0–10: 0 = Not satisfied, 10 = Totally satisfied]"" .
:QHappiness pred:Text ""How happy did you feel yesterday? [Likert 0–10: 0 = At no time, 10 = All the time]"" .
:QLaughter pred:Text ""How much did you laugh yesterday? [Likert 0–10: 0 = At no time, 10 = All the time]"" .
:QLearning pred:Text ""Did you learn new or exciting things yesterday? [Likert 0–10: 0 = At no time, 10 = All the time]"" .
:QEnjoyment pred:Text ""How much did you enjoy the activities you did yesterday? [Likert 0–10: 0 = At no time, 10 = All the time]"" .
:QWorry pred:Text ""How worried did you feel yesterday? [Likert 0–10: 0 = At no time, 10 = All the time]"" .
:QDepression pred:Text ""How depressed did you feel yesterday? [Likert 0–10: 0 = At no time, 10 = All the time]"" .
:QAnger pred:Text ""How angry did you feel yesterday? [Likert 0–10: 0 = At no time, 10 = All the time]"" .
:QStress pred:Text ""How much stress did you feel yesterday? [Likert 0–10: 0 = At no time, 10 = All the time]"" .
:QLoneliness pred:Text ""How lonely or unsupported did you feel yesterday? [Likert 0–10: 0 = At no time, 10 = All the time]"" .

:QGEmotional_Regulation_Frequency pred:BaseQuestion ""Next, you will be asked questions about your emotional state. Please answer on a scale of 0 to 4, where 0 is never, 1 is 'almost never', 2 is 'sometimes', 3 is 'fairly often', and 4 is 'very often', how often you experienced the following feelings during the last month: [Likert 0–4]"" ;
    qg:hasSubQuestion :QEmotional_Regulation_Frequency_Upset_by_Unexpected_Events,
                      :QEmotional_Regulation_Frequency_Unable_to_Control_Important_Things,
                      :QEmotional_Regulation_Frequency_Nervous_and_Stressed,
                      :QEmotional_Regulation_Frequency_Lacked_Confidence_Handling_Problems,
                      :QEmotional_Regulation_Frequency_Things_Going_Your_Way,
                      :QEmotional_Regulation_Frequency_Unable_to_Cope,
                      :QEmotional_Regulation_Frequency_Irritated_by_Life,
                      :QEmotional_Regulation_Frequency_On_Top_of_Things,
                      :QEmotional_Regulation_Frequency_Angered_by_Uncontrollable_Events,
                      :QEmotional_Regulation_Frequency_Felt_Overwhelmed .

:QEmotional_Regulation_Frequency_Upset_by_Unexpected_Events pred:Text ""how often have you been upset because of something that happened unexpectedly?"" .
:QEmotional_Regulation_Frequency_Unable_to_Control_Important_Things pred:Text ""how often have you felt that you were unable to control the important things in your life?"" .
:QEmotional_Regulation_Frequency_Nervous_and_Stressed pred:Text ""how often have you felt nervous and stressed?"" .
:QEmotional_Regulation_Frequency_Lacked_Confidence_Handling_Problems pred:Text ""how often have you felt confident about your ability to handle your personal problems?"" .
:QEmotional_Regulation_Frequency_Things_Going_Your_Way pred:Text ""how often have you felt that things were going your way?"" .
:QEmotional_Regulation_Frequency_Unable_to_Cope pred:Text ""how often have you found that you could not cope with all the things that you had to do?"" .
:QEmotional_Regulation_Frequency_Irritated_by_Life pred:Text ""how often have you been able to control irritations in your life?"" .
:QEmotional_Regulation_Frequency_On_Top_of_Things pred:Text ""how often have you felt that you were on top of things?"" .
:QEmotional_Regulation_Frequency_Angered_by_Uncontrollable_Events pred:Text ""how often have you been angered because of things that happened that were outside of your control?"" .
:QEmotional_Regulation_Frequency_Felt_Overwhelmed pred:Text ""how often have you felt difficulties were piling up so high that you could not overcome them?"" .

:QGAnxiety_Symptoms_Frequency pred:BaseQuestion ""Next, you will be asked questions about your emotional state. Please answer on a scale of 0 to 3, where 0 is 'Not at all', 1 is 'several days', 2 is 'more than half of the days', and 3 is 'Nearly every day'. Over the last two weeks, how often have you been bothered by the following problems? [Likert 0–3]"" ;
    qg:hasSubQuestion :QAnxiety_Symptoms_Frequency_Feeling_Nervous_or_On_Edge,
                      :QAnxiety_Symptoms_Frequency_Uncontrollable_Worrying,
                      :QAnxiety_Symptoms_Frequency_Excessive_Worry,
                      :QAnxiety_Symptoms_Frequency_Trouble_Relaxing,
                      :QAnxiety_Symptoms_Frequency_Restlessness,
                      :QAnxiety_Symptoms_Frequency_Irritability,
                      :QAnxiety_Symptoms_Frequency_Fear_Something_Awful_Might_Happen .

:QAnxiety_Symptoms_Frequency_Feeling_Nervous_or_On_Edge pred:Text ""Feeling nervous, anxious, or on edge"" .
:QAnxiety_Symptoms_Frequency_Uncontrollable_Worrying pred:Text ""Not being able to stop or control worrying"" .
:QAnxiety_Symptoms_Frequency_Excessive_Worry pred:Text ""Worrying too much about different things"" .
:QAnxiety_Symptoms_Frequency_Trouble_Relaxing pred:Text ""Trouble relaxing"" .
:QAnxiety_Symptoms_Frequency_Restlessness pred:Text ""Being so restless that it is hard to sit still"" .
:QAnxiety_Symptoms_Frequency_Irritability pred:Text ""Becoming easily annoyed or irritable"" .
:QAnxiety_Symptoms_Frequency_Fear_Something_Awful_Might_Happen pred:Text ""Feeling afraid, as if something awful might happen"" .

:QGDepressive_Symptoms_Frequency pred:BaseQuestion ""Next, you will be asked questions about your emotional state. Please answer on a scale of 0 to 3, where 0 is 'Not at all', 1 is 'several days', 2 is 'more than half of the days', and 3 is 'Nearly every day'. Over the last two weeks, how often have you been bothered by the following problems?"" ;
    qg:hasSubQuestion :QDepressive_Symptoms_Frequency_Anhedonia,
                      :QDepressive_Symptoms_Frequency_Depressed_Mood,
                      :QDepressive_Symptoms_Frequency_Sleep_Problems,
                      :QDepressive_Symptoms_Frequency_Fatigue,
                      :QDepressive_Symptoms_Frequency_Appetite_Changes,
                      :QDepressive_Symptoms_Frequency_Feelings_of_Worthlessness,
                      :QDepressive_Symptoms_Frequency_Concentration_Difficulties,
                      :QDepressive_Symptoms_Frequency_Psychomotor_Changes,
                      :QDepressive_Symptoms_Frequency_Suicidal_Thoughts .

:QDepressive_Symptoms_Frequency_Anhedonia pred:Text ""Little interest or pleasure in doing things"" .
:QDepressive_Symptoms_Frequency_Depressed_Mood pred:Text ""Feeling down, depressed, or hopeless"" .
:QDepressive_Symptoms_Frequency_Sleep_Problems pred:Text ""Trouble falling or staying asleep, or sleeping too much"" .
:QDepressive_Symptoms_Frequency_Fatigue pred:Text ""Feeling tired or having little energy"" .
:QDepressive_Symptoms_Frequency_Appetite_Changes pred:Text ""Poor appetite or overeating"" .
:QDepressive_Symptoms_Frequency_Feelings_of_Worthlessness pred:Text ""Feeling bad about yourself or that you are a failure or have let yourself or your family down"" .
:QDepressive_Symptoms_Frequency_Concentration_Difficulties pred:Text ""Trouble concentrating on things, such as reading the newspaper or watching television"" .
:QDepressive_Symptoms_Frequency_Psychomotor_Changes pred:Text ""Moving or speaking so slowly that other people could have noticed. Or the opposite — being so fidgety or restless that you have been moving around a lot more than usual"" .
:QDepressive_Symptoms_Frequency_Suicidal_Thoughts pred:Text ""Thoughts that you would be better off dead, or of hurting yourself"" .

# Responses
:Respondent94 pred:Year_of_birth 2003.0 ;
     pred:Gender 1.0 ;
     pred:Socio_economic_status 4.0 ;
     pred:Ethnic_identity 6.0 .

:Respondent94_Parental_Education
                       pred:Father 30.0 ;
                       pred:Mother 37.0 .
:Respondent94 pred:hasGroupResponse :Respondent94_Parental_Education .

:Respondent94 pred:Life_satisfaction 8.0 ;
     pred:Happiness 8.0 ;
     pred:Laughter 9.0 ;
     pred:Learning 10.0 ;
     pred:Enjoyment 7.0 ;
     pred:Worry 1.0 ;
     pred:Depression 0.0 ;
     pred:Anger 1.0 ;
     pred:Stress 4.0 ;
     pred:Loneliness 0.0 .

:Respondent94_Emotional_Regulation_Frequency
                                   pred:Upset_by_Unexpected_Events 1.0 ;
                                   pred:Unable_to_Control_Important_Things 3.0 ;
                                   pred:Lacked_Confidence_Handling_Problems 3.0 ;
                                   pred:Unable_to_Cope 2.0 ;
                                   pred:Irritated_by_Life 3.0 ;
                                   pred:On_Top_of_Things 3.0 .
:Respondent94 pred:hasGroupResponse :Respondent94_Emotional_Regulation_Frequency .

:Respondent94_Anxiety_Symptoms_Frequency
                               pred:Feeling_Nervous_or_On_Edge 3.0 ;
                               pred:Trouble_Relaxing 0.0 ;
                               pred:Restlessness 0.0 ;
                               pred:Irritability 1.0 ;
                               pred:Fear_Something_Awful_Might_Happen 0.0 .
:Respondent94 pred:hasGroupResponse :Respondent94_Anxiety_Symptoms_Frequency .

:Respondent94_Depressive_Symptoms_Frequency
                                  pred:Anhedonia 0.0 ;
                                  pred:Sleep_Problems 0.0 ;
                                  pred:Fatigue 2.0 ;
                                  pred:Appetite_Changes 3.0 ;
                                  pred:Feelings_of_Worthlessness 1.0 ;
                                  pred:Concentration_Difficulties 1.0 ;
                                  pred:Suicidal_Thoughts 0.0 .
:Respondent94 pred:hasGroupResponse :Respondent94_Depressive_Symptoms_Frequency .

:Respondent77 pred:Year_of_birth 2002.0 ;
     pred:Gender 1.0 ;
     pred:Socio_economic_status 3.0 ;
     pred:Ethnic_identity 6.0 .

:Respondent77 pred:Life_satisfaction 7.0 ;
     pred:Happiness 7.0 ;
     pred:Laughter 6.0 ;
     pred:Learning 7.0 ;
     pred:Enjoyment 5.0 ;
     pred:Worry 0.0 ;
     pred:Depression 0.0 ;
     pred:Anger 1.0 ;
     pred:Stress 2.0 ;
     pred:Loneliness 1.0 .

:Respondent77_Emotional_Regulation_Frequency
                                   pred:Upset_by_Unexpected_Events 2.0 ;
                                   pred:Unable_to_Control_Important_Things 1.0 ;
                                   pred:Lacked_Confidence_Handling_Problems 3.0 ;
                                   pred:Unable_to_Cope 1.0 ;
                                   pred:Irritated_by_Life 4.0 ;
                                   pred:On_Top_of_Things 4.0 .
:Respondent77 pred:hasGroupResponse :Respondent77_Emotional_Regulation_Frequency .

:Respondent77_Anxiety_Symptoms_Frequency
                               pred:Feeling_Nervous_or_On_Edge 0.0 ;
                               pred:Trouble_Relaxing 2.0 ;
                               pred:Restlessness 0.0 ;
                               pred:Irritability 0.0 ;
                               pred:Fear_Something_Awful_Might_Happen 0.0 .
:Respondent77 pred:hasGroupResponse :Respondent77_Anxiety_Symptoms_Frequency .

:Respondent77_Depressive_Symptoms_Frequency
                                  pred:Anhedonia 0.0 ;
                                  pred:Sleep_Problems 0.0 ;
                                  pred:Fatigue 0.0 ;
                                  pred:Appetite_Changes 0.0 ;
                                  pred:Feelings_of_Worthlessness 0.0 ;
                                  pred:Concentration_Difficulties 0.0 ;
                                  pred:Suicidal_Thoughts 0.0 .
:Respondent77 pred:hasGroupResponse :Respondent77_Depressive_Symptoms_Frequency .

:Respondent18 pred:Year_of_birth 2005.0 ;
     pred:Gender 1.0 ;
     pred:Socio_economic_status 4.0 ;
     pred:Ethnic_identity 5.0 .

:Respondent18 pred:Life_satisfaction 9.0 ;
     pred:Happiness 8.0 ;
     pred:Laughter 3.0 ;
     pred:Learning 10.0 ;
     pred:Enjoyment 7.0 ;
     pred:Worry 1.0 ;
     pred:Depression 1.0 ;
     pred:Anger 2.0 ;
     pred:Stress 1.0 ;
     pred:Loneliness 10.0 .

:Respondent18_Emotional_Regulation_Frequency
                                   pred:Upset_by_Unexpected_Events 3.0 ;
                                   pred:Unable_to_Control_Important_Things 1.0 ;
                                   pred:Lacked_Confidence_Handling_Problems 3.0 ;
                                   pred:Unable_to_Cope 2.0 ;
                                   pred:Irritated_by_Life 4.0 ;
                                   pred:On_Top_of_Things 4.0 .
:Respondent18 pred:hasGroupResponse :Respondent18_Emotional_Regulation_Frequency .

:Respondent18_Anxiety_Symptoms_Frequency
                               pred:Feeling_Nervous_or_On_Edge 0.0 ;
                               pred:Trouble_Relaxing 1.0 ;
                               pred:Restlessness 0.0 ;
                               pred:Irritability 1.0 ;
                               pred:Fear_Something_Awful_Might_Happen 1.0 .
:Respondent18 pred:hasGroupResponse :Respondent18_Anxiety_Symptoms_Frequency .

:Respondent18_Depressive_Symptoms_Frequency
                                  pred:Anhedonia 1.0 ;
                                  pred:Sleep_Problems 0.0 ;
                                  pred:Fatigue 0.0 ;
                                  pred:Appetite_Changes 2.0 ;
                                  pred:Feelings_of_Worthlessness 0.0 ;
                                  pred:Concentration_Difficulties 2.0 ;
                                  pred:Suicidal_Thoughts 0.0 .
:Respondent18 pred:hasGroupResponse :Respondent18_Depressive_Symptoms_Frequency .

You are a meticulous data analyst AI. Your primary function is to accurately analyze structured data and provide precise, verifiable answers.

You will be given a dataset with two key parts:

A 'questions' section: This is your data dictionary or schema. It is the single source of truth for understanding what each field and score means. Refer to it carefully.

A 'responses' section: This contains the raw data from each individual respondent.

To answer the question correctly, you must first use the 'questions' schema to fully understand the context and meaning of the data points within the 'responses'. Do not rely on any prior knowledge outside of this provided data. Base your entire analysis on the information given.

Provide your final answer directly and concisely. Output must be the human-readable value, not an option code.

Rules:
- For MCQ fields, map any letter codes in the Responses (case-insensitive) to the corresponding option text from the Questions schema, and output only that text. Do NOT include the letter or both.
  Example: If the schema is ""[MCQ: A. Abnormal B. Inconclusive C. Normal]"" and the response is ""a"", output ""Abnormal"".
- For open-ended fields, output the exact text value.
- If the question asks for a count, provide only the number (e.g., ""42"").
- If the question asks for a list of names or IDs, provide a simple comma-separated list (e.g., ""17, 21, 23"").
- Preserve capitalization exactly as in the schema (e.g., output ""Abnormal"", not ""abnormal"" or ""A"").

What is the worry level for respondent 94?",,
case_35,answer_lookup,"For respondent 58, what is the value for 'Appetite Changes' in the 'Depressive Symptoms Frequency' category?","@prefix : <http://example.org/survey#> .
@prefix pred: <http://example.org/predicate#> .
@prefix qg: <http://example.org/question_group#> .

# Questions
:QYear_of_birth pred:Text ""What is your date of birth? [Open-ended]"" .
:QGender pred:Text ""What is your gender? [MCQ: 1. Male 2. Female]"" .
:QSocio_economic_status pred:Text ""What is the socio-economic status of your home? [Likert 1–6: 1 = Very low, 6 = Very high]"" .
:QEthnic_identity pred:Text ""According to your culture, people, or physical features, you are or are recognized as: [MCQ: 1. Indigenous 2. Gypsy 3. Raizal from San Andres, Providencia and Santa Catalina Archipelago 4. Palenquero from San Basilio 5. Black, mulatto (Afro-descendant), Afro-Colombian 6. None of the above]"" .

:QGParental_Education pred:BaseQuestion ""How many years of education did your parents receive? [Open-ended]"" ;
    qg:hasSubQuestion :QParental_Education_Father, :QParental_Education_Mother .
:QParental_Education_Father pred:Text ""Father?"" .
:QParental_Education_Mother pred:Text ""Mother?"" .

:QLife_satisfaction pred:Text ""In general, how satisfied are you with all aspects of your life? [Likert 0–10: 0 = Not satisfied, 10 = Totally satisfied]"" .
:QHappiness pred:Text ""How happy did you feel yesterday? [Likert 0–10: 0 = At no time, 10 = All the time]"" .
:QLaughter pred:Text ""How much did you laugh yesterday? [Likert 0–10: 0 = At no time, 10 = All the time]"" .
:QLearning pred:Text ""Did you learn new or exciting things yesterday? [Likert 0–10: 0 = At no time, 10 = All the time]"" .
:QEnjoyment pred:Text ""How much did you enjoy the activities you did yesterday? [Likert 0–10: 0 = At no time, 10 = All the time]"" .
:QWorry pred:Text ""How worried did you feel yesterday? [Likert 0–10: 0 = At no time, 10 = All the time]"" .
:QDepression pred:Text ""How depressed did you feel yesterday? [Likert 0–10: 0 = At no time, 10 = All the time]"" .
:QAnger pred:Text ""How angry did you feel yesterday? [Likert 0–10: 0 = At no time, 10 = All the time]"" .
:QStress pred:Text ""How much stress did you feel yesterday? [Likert 0–10: 0 = At no time, 10 = All the time]"" .
:QLoneliness pred:Text ""How lonely or unsupported did you feel yesterday? [Likert 0–10: 0 = At no time, 10 = All the time]"" .

:QGEmotional_Regulation_Frequency pred:BaseQuestion ""Next, you will be asked questions about your emotional state. Please answer on a scale of 0 to 4, where 0 is never, 1 is 'almost never', 2 is 'sometimes', 3 is 'fairly often', and 4 is 'very often', how often you experienced the following feelings during the last month: [Likert 0–4]"" ;
    qg:hasSubQuestion :QEmotional_Regulation_Frequency_Upset_by_Unexpected_Events,
                      :QEmotional_Regulation_Frequency_Unable_to_Control_Important_Things,
                      :QEmotional_Regulation_Frequency_Nervous_and_Stressed,
                      :QEmotional_Regulation_Frequency_Lacked_Confidence_Handling_Problems,
                      :QEmotional_Regulation_Frequency_Things_Going_Your_Way,
                      :QEmotional_Regulation_Frequency_Unable_to_Cope,
                      :QEmotional_Regulation_Frequency_Irritated_by_Life,
                      :QEmotional_Regulation_Frequency_On_Top_of_Things,
                      :QEmotional_Regulation_Frequency_Angered_by_Uncontrollable_Events,
                      :QEmotional_Regulation_Frequency_Felt_Overwhelmed .

:QEmotional_Regulation_Frequency_Upset_by_Unexpected_Events pred:Text ""how often have you been upset because of something that happened unexpectedly?"" .
:QEmotional_Regulation_Frequency_Unable_to_Control_Important_Things pred:Text ""how often have you felt that you were unable to control the important things in your life?"" .
:QEmotional_Regulation_Frequency_Nervous_and_Stressed pred:Text ""how often have you felt nervous and stressed?"" .
:QEmotional_Regulation_Frequency_Lacked_Confidence_Handling_Problems pred:Text ""how often have you felt confident about your ability to handle your personal problems?"" .
:QEmotional_Regulation_Frequency_Things_Going_Your_Way pred:Text ""how often have you felt that things were going your way?"" .
:QEmotional_Regulation_Frequency_Unable_to_Cope pred:Text ""how often have you found that you could not cope with all the things that you had to do?"" .
:QEmotional_Regulation_Frequency_Irritated_by_Life pred:Text ""how often have you been able to control irritations in your life?"" .
:QEmotional_Regulation_Frequency_On_Top_of_Things pred:Text ""how often have you felt that you were on top of things?"" .
:QEmotional_Regulation_Frequency_Angered_by_Uncontrollable_Events pred:Text ""how often have you been angered because of things that happened that were outside of your control?"" .
:QEmotional_Regulation_Frequency_Felt_Overwhelmed pred:Text ""how often have you felt difficulties were piling up so high that you could not overcome them?"" .

:QGAnxiety_Symptoms_Frequency pred:BaseQuestion ""Next, you will be asked questions about your emotional state. Please answer on a scale of 0 to 3, where 0 is 'Not at all', 1 is 'several days', 2 is 'more than half of the days', and 3 is 'Nearly every day'. Over the last two weeks, how often have you been bothered by the following problems? [Likert 0–3]"" ;
    qg:hasSubQuestion :QAnxiety_Symptoms_Frequency_Feeling_Nervous_or_On_Edge,
                      :QAnxiety_Symptoms_Frequency_Uncontrollable_Worrying,
                      :QAnxiety_Symptoms_Frequency_Excessive_Worry,
                      :QAnxiety_Symptoms_Frequency_Trouble_Relaxing,
                      :QAnxiety_Symptoms_Frequency_Restlessness,
                      :QAnxiety_Symptoms_Frequency_Irritability,
                      :QAnxiety_Symptoms_Frequency_Fear_Something_Awful_Might_Happen .

:QAnxiety_Symptoms_Frequency_Feeling_Nervous_or_On_Edge pred:Text ""Feeling nervous, anxious, or on edge"" .
:QAnxiety_Symptoms_Frequency_Uncontrollable_Worrying pred:Text ""Not being able to stop or control worrying"" .
:QAnxiety_Symptoms_Frequency_Excessive_Worry pred:Text ""Worrying too much about different things"" .
:QAnxiety_Symptoms_Frequency_Trouble_Relaxing pred:Text ""Trouble relaxing"" .
:QAnxiety_Symptoms_Frequency_Restlessness pred:Text ""Being so restless that it is hard to sit still"" .
:QAnxiety_Symptoms_Frequency_Irritability pred:Text ""Becoming easily annoyed or irritable"" .
:QAnxiety_Symptoms_Frequency_Fear_Something_Awful_Might_Happen pred:Text ""Feeling afraid, as if something awful might happen"" .

:QGDepressive_Symptoms_Frequency pred:BaseQuestion ""Next, you will be asked questions about your emotional state. Please answer on a scale of 0 to 3, where 0 is 'Not at all', 1 is 'several days', 2 is 'more than half of the days', and 3 is 'Nearly every day'. Over the last two weeks, how often have you been bothered by the following problems?"" ;
    qg:hasSubQuestion :QDepressive_Symptoms_Frequency_Anhedonia,
                      :QDepressive_Symptoms_Frequency_Depressed_Mood,
                      :QDepressive_Symptoms_Frequency_Sleep_Problems,
                      :QDepressive_Symptoms_Frequency_Fatigue,
                      :QDepressive_Symptoms_Frequency_Appetite_Changes,
                      :QDepressive_Symptoms_Frequency_Feelings_of_Worthlessness,
                      :QDepressive_Symptoms_Frequency_Concentration_Difficulties,
                      :QDepressive_Symptoms_Frequency_Psychomotor_Changes,
                      :QDepressive_Symptoms_Frequency_Suicidal_Thoughts .

:QDepressive_Symptoms_Frequency_Anhedonia pred:Text ""Little interest or pleasure in doing things"" .
:QDepressive_Symptoms_Frequency_Depressed_Mood pred:Text ""Feeling down, depressed, or hopeless"" .
:QDepressive_Symptoms_Frequency_Sleep_Problems pred:Text ""Trouble falling or staying asleep, or sleeping too much"" .
:QDepressive_Symptoms_Frequency_Fatigue pred:Text ""Feeling tired or having little energy"" .
:QDepressive_Symptoms_Frequency_Appetite_Changes pred:Text ""Poor appetite or overeating"" .
:QDepressive_Symptoms_Frequency_Feelings_of_Worthlessness pred:Text ""Feeling bad about yourself or that you are a failure or have let yourself or your family down"" .
:QDepressive_Symptoms_Frequency_Concentration_Difficulties pred:Text ""Trouble concentrating on things, such as reading the newspaper or watching television"" .
:QDepressive_Symptoms_Frequency_Psychomotor_Changes pred:Text ""Moving or speaking so slowly that other people could have noticed. Or the opposite — being so fidgety or restless that you have been moving around a lot more than usual"" .
:QDepressive_Symptoms_Frequency_Suicidal_Thoughts pred:Text ""Thoughts that you would be better off dead, or of hurting yourself"" .

# Responses
:Respondent63 pred:Year_of_birth 2005.0 ;
     pred:Gender 1.0 ;
     pred:Socio_economic_status 3.0 ;
     pred:Ethnic_identity 6.0 .

:Respondent63_Parental_Education
                       pred:Father 18.0 ;
                       pred:Mother 18.0 .
:Respondent63 pred:hasGroupResponse :Respondent63_Parental_Education .

:Respondent63 pred:Life_satisfaction 6.0 ;
     pred:Happiness 7.0 ;
     pred:Laughter 7.0 ;
     pred:Learning 3.0 ;
     pred:Enjoyment 6.0 ;
     pred:Worry 1.0 ;
     pred:Depression 1.0 ;
     pred:Anger 2.0 ;
     pred:Stress 2.0 ;
     pred:Loneliness 3.0 .

:Respondent63_Emotional_Regulation_Frequency
                                   pred:Upset_by_Unexpected_Events 3.0 ;
                                   pred:Unable_to_Control_Important_Things 3.0 ;
                                   pred:Lacked_Confidence_Handling_Problems 1.0 ;
                                   pred:Unable_to_Cope 2.0 ;
                                   pred:Irritated_by_Life 1.0 ;
                                   pred:On_Top_of_Things 1.0 .
:Respondent63 pred:hasGroupResponse :Respondent63_Emotional_Regulation_Frequency .

:Respondent63_Anxiety_Symptoms_Frequency
                               pred:Feeling_Nervous_or_On_Edge 0.0 ;
                               pred:Trouble_Relaxing 1.0 ;
                               pred:Restlessness 0.0 ;
                               pred:Irritability 2.0 ;
                               pred:Fear_Something_Awful_Might_Happen 0.0 .
:Respondent63 pred:hasGroupResponse :Respondent63_Anxiety_Symptoms_Frequency .

:Respondent63_Depressive_Symptoms_Frequency
                                  pred:Anhedonia 3.0 ;
                                  pred:Sleep_Problems 2.0 ;
                                  pred:Fatigue 1.0 ;
                                  pred:Appetite_Changes 2.0 ;
                                  pred:Feelings_of_Worthlessness 1.0 ;
                                  pred:Concentration_Difficulties 0.0 ;
                                  pred:Suicidal_Thoughts 1.0 .
:Respondent63 pred:hasGroupResponse :Respondent63_Depressive_Symptoms_Frequency .

:Respondent58 pred:Year_of_birth 2004.0 ;
     pred:Gender 1.0 ;
     pred:Socio_economic_status 3.0 ;
     pred:Ethnic_identity 6.0 .

:Respondent58_Parental_Education
                       pred:Father 18.0 ;
                       pred:Mother 16.0 .
:Respondent58 pred:hasGroupResponse :Respondent58_Parental_Education .

:Respondent58 pred:Life_satisfaction 7.0 ;
     pred:Happiness 10.0 ;
     pred:Laughter 10.0 ;
     pred:Learning 3.0 ;
     pred:Enjoyment 10.0 ;
     pred:Worry 2.0 ;
     pred:Depression 0.0 ;
     pred:Anger 2.0 ;
     pred:Stress 2.0 ;
     pred:Loneliness 0.0 .

:Respondent58_Emotional_Regulation_Frequency
                                   pred:Upset_by_Unexpected_Events 3.0 ;
                                   pred:Unable_to_Control_Important_Things 3.0 ;
                                   pred:Lacked_Confidence_Handling_Problems 1.0 ;
                                   pred:Unable_to_Cope 3.0 ;
                                   pred:Irritated_by_Life 1.0 ;
                                   pred:On_Top_of_Things 1.0 .
:Respondent58 pred:hasGroupResponse :Respondent58_Emotional_Regulation_Frequency .

:Respondent58_Anxiety_Symptoms_Frequency
                               pred:Feeling_Nervous_or_On_Edge 1.0 ;
                               pred:Trouble_Relaxing 1.0 ;
                               pred:Restlessness 0.0 ;
                               pred:Irritability 1.0 ;
                               pred:Fear_Something_Awful_Might_Happen 1.0 .
:Respondent58 pred:hasGroupResponse :Respondent58_Anxiety_Symptoms_Frequency .

:Respondent58_Depressive_Symptoms_Frequency
                                  pred:Anhedonia 1.0 ;
                                  pred:Sleep_Problems 1.0 ;
                                  pred:Fatigue 1.0 ;
                                  pred:Appetite_Changes 1.0 ;
                                  pred:Feelings_of_Worthlessness 1.0 ;
                                  pred:Concentration_Difficulties 0.0 ;
                                  pred:Suicidal_Thoughts 0.0 .
:Respondent58 pred:hasGroupResponse :Respondent58_Depressive_Symptoms_Frequency .

:Respondent24 pred:Year_of_birth 2002.0 ;
     pred:Gender 1.0 ;
     pred:Socio_economic_status 3.0 ;
     pred:Ethnic_identity 6.0 .

:Respondent24 pred:Life_satisfaction 6.0 ;
     pred:Happiness 5.0 ;
     pred:Laughter 4.0 ;
     pred:Learning 9.0 ;
     pred:Enjoyment 4.0 ;
     pred:Worry 0.0 ;
     pred:Depression 0.0 ;
     pred:Anger 3.0 ;
     pred:Stress 2.0 ;
     pred:Loneliness 10.0 .

:Respondent24_Emotional_Regulation_Frequency
                                   pred:Upset_by_Unexpected_Events 3.0 ;
                                   pred:Unable_to_Control_Important_Things 4.0 ;
                                   pred:Lacked_Confidence_Handling_Problems 3.0 ;
                                   pred:Unable_to_Cope 2.0 ;
                                   pred:Irritated_by_Life 3.0 ;
                                   pred:On_Top_of_Things 3.0 .
:Respondent24 pred:hasGroupResponse :Respondent24_Emotional_Regulation_Frequency .

:Respondent24_Anxiety_Symptoms_Frequency
                               pred:Feeling_Nervous_or_On_Edge 1.0 ;
                               pred:Trouble_Relaxing 2.0 ;
                               pred:Restlessness 2.0 ;
                               pred:Irritability 0.0 ;
                               pred:Fear_Something_Awful_Might_Happen 1.0 .
:Respondent24 pred:hasGroupResponse :Respondent24_Anxiety_Symptoms_Frequency .

:Respondent24_Depressive_Symptoms_Frequency
                                  pred:Anhedonia 1.0 ;
                                  pred:Sleep_Problems 2.0 ;
                                  pred:Fatigue 1.0 ;
                                  pred:Appetite_Changes 3.0 ;
                                  pred:Feelings_of_Worthlessness 1.0 ;
                                  pred:Concentration_Difficulties 2.0 ;
                                  pred:Suicidal_Thoughts 0.0 .
:Respondent24 pred:hasGroupResponse :Respondent24_Depressive_Symptoms_Frequency .
",1.0,"For respondent 129, what is the value for 'Appetite Changes' in the 'Depressive Symptoms Frequency' category?

DATA:

@prefix : <http://example.org/survey#> .
@prefix pred: <http://example.org/predicate#> .
@prefix qg: <http://example.org/question_group#> .

# Questions
:QYear_of_birth pred:Text ""What is your date of birth? [Open-ended]"" .
:QGender pred:Text ""What is your gender? [MCQ: 1. Male 2. Female]"" .
:QSocio_economic_status pred:Text ""What is the socio-economic status of your home? [Likert 1–6: 1 = Very low, 6 = Very high]"" .
:QEthnic_identity pred:Text ""According to your culture, people, or physical features, you are or are recognized as: [MCQ: 1. Indigenous 2. Gypsy 3. Raizal from San Andres, Providencia and Santa Catalina Archipelago 4. Palenquero from San Basilio 5. Black, mulatto (Afro-descendant), Afro-Colombian 6. None of the above]"" .

:QGParental_Education pred:BaseQuestion ""How many years of education did your parents receive? [Open-ended]"" ;
    qg:hasSubQuestion :QParental_Education_Father, :QParental_Education_Mother .
:QParental_Education_Father pred:Text ""Father?"" .
:QParental_Education_Mother pred:Text ""Mother?"" .

:QLife_satisfaction pred:Text ""In general, how satisfied are you with all aspects of your life? [Likert 0–10: 0 = Not satisfied, 10 = Totally satisfied]"" .
:QHappiness pred:Text ""How happy did you feel yesterday? [Likert 0–10: 0 = At no time, 10 = All the time]"" .
:QLaughter pred:Text ""How much did you laugh yesterday? [Likert 0–10: 0 = At no time, 10 = All the time]"" .
:QLearning pred:Text ""Did you learn new or exciting things yesterday? [Likert 0–10: 0 = At no time, 10 = All the time]"" .
:QEnjoyment pred:Text ""How much did you enjoy the activities you did yesterday? [Likert 0–10: 0 = At no time, 10 = All the time]"" .
:QWorry pred:Text ""How worried did you feel yesterday? [Likert 0–10: 0 = At no time, 10 = All the time]"" .
:QDepression pred:Text ""How depressed did you feel yesterday? [Likert 0–10: 0 = At no time, 10 = All the time]"" .
:QAnger pred:Text ""How angry did you feel yesterday? [Likert 0–10: 0 = At no time, 10 = All the time]"" .
:QStress pred:Text ""How much stress did you feel yesterday? [Likert 0–10: 0 = At no time, 10 = All the time]"" .
:QLoneliness pred:Text ""How lonely or unsupported did you feel yesterday? [Likert 0–10: 0 = At no time, 10 = All the time]"" .

:QGEmotional_Regulation_Frequency pred:BaseQuestion ""Next, you will be asked questions about your emotional state. Please answer on a scale of 0 to 4, where 0 is never, 1 is 'almost never', 2 is 'sometimes', 3 is 'fairly often', and 4 is 'very often', how often you experienced the following feelings during the last month: [Likert 0–4]"" ;
    qg:hasSubQuestion :QEmotional_Regulation_Frequency_Upset_by_Unexpected_Events,
                      :QEmotional_Regulation_Frequency_Unable_to_Control_Important_Things,
                      :QEmotional_Regulation_Frequency_Nervous_and_Stressed,
                      :QEmotional_Regulation_Frequency_Lacked_Confidence_Handling_Problems,
                      :QEmotional_Regulation_Frequency_Things_Going_Your_Way,
                      :QEmotional_Regulation_Frequency_Unable_to_Cope,
                      :QEmotional_Regulation_Frequency_Irritated_by_Life,
                      :QEmotional_Regulation_Frequency_On_Top_of_Things,
                      :QEmotional_Regulation_Frequency_Angered_by_Uncontrollable_Events,
                      :QEmotional_Regulation_Frequency_Felt_Overwhelmed .

:QEmotional_Regulation_Frequency_Upset_by_Unexpected_Events pred:Text ""how often have you been upset because of something that happened unexpectedly?"" .
:QEmotional_Regulation_Frequency_Unable_to_Control_Important_Things pred:Text ""how often have you felt that you were unable to control the important things in your life?"" .
:QEmotional_Regulation_Frequency_Nervous_and_Stressed pred:Text ""how often have you felt nervous and stressed?"" .
:QEmotional_Regulation_Frequency_Lacked_Confidence_Handling_Problems pred:Text ""how often have you felt confident about your ability to handle your personal problems?"" .
:QEmotional_Regulation_Frequency_Things_Going_Your_Way pred:Text ""how often have you felt that things were going your way?"" .
:QEmotional_Regulation_Frequency_Unable_to_Cope pred:Text ""how often have you found that you could not cope with all the things that you had to do?"" .
:QEmotional_Regulation_Frequency_Irritated_by_Life pred:Text ""how often have you been able to control irritations in your life?"" .
:QEmotional_Regulation_Frequency_On_Top_of_Things pred:Text ""how often have you felt that you were on top of things?"" .
:QEmotional_Regulation_Frequency_Angered_by_Uncontrollable_Events pred:Text ""how often have you been angered because of things that happened that were outside of your control?"" .
:QEmotional_Regulation_Frequency_Felt_Overwhelmed pred:Text ""how often have you felt difficulties were piling up so high that you could not overcome them?"" .

:QGAnxiety_Symptoms_Frequency pred:BaseQuestion ""Next, you will be asked questions about your emotional state. Please answer on a scale of 0 to 3, where 0 is 'Not at all', 1 is 'several days', 2 is 'more than half of the days', and 3 is 'Nearly every day'. Over the last two weeks, how often have you been bothered by the following problems? [Likert 0–3]"" ;
    qg:hasSubQuestion :QAnxiety_Symptoms_Frequency_Feeling_Nervous_or_On_Edge,
                      :QAnxiety_Symptoms_Frequency_Uncontrollable_Worrying,
                      :QAnxiety_Symptoms_Frequency_Excessive_Worry,
                      :QAnxiety_Symptoms_Frequency_Trouble_Relaxing,
                      :QAnxiety_Symptoms_Frequency_Restlessness,
                      :QAnxiety_Symptoms_Frequency_Irritability,
                      :QAnxiety_Symptoms_Frequency_Fear_Something_Awful_Might_Happen .

:QAnxiety_Symptoms_Frequency_Feeling_Nervous_or_On_Edge pred:Text ""Feeling nervous, anxious, or on edge"" .
:QAnxiety_Symptoms_Frequency_Uncontrollable_Worrying pred:Text ""Not being able to stop or control worrying"" .
:QAnxiety_Symptoms_Frequency_Excessive_Worry pred:Text ""Worrying too much about different things"" .
:QAnxiety_Symptoms_Frequency_Trouble_Relaxing pred:Text ""Trouble relaxing"" .
:QAnxiety_Symptoms_Frequency_Restlessness pred:Text ""Being so restless that it is hard to sit still"" .
:QAnxiety_Symptoms_Frequency_Irritability pred:Text ""Becoming easily annoyed or irritable"" .
:QAnxiety_Symptoms_Frequency_Fear_Something_Awful_Might_Happen pred:Text ""Feeling afraid, as if something awful might happen"" .

:QGDepressive_Symptoms_Frequency pred:BaseQuestion ""Next, you will be asked questions about your emotional state. Please answer on a scale of 0 to 3, where 0 is 'Not at all', 1 is 'several days', 2 is 'more than half of the days', and 3 is 'Nearly every day'. Over the last two weeks, how often have you been bothered by the following problems?"" ;
    qg:hasSubQuestion :QDepressive_Symptoms_Frequency_Anhedonia,
                      :QDepressive_Symptoms_Frequency_Depressed_Mood,
                      :QDepressive_Symptoms_Frequency_Sleep_Problems,
                      :QDepressive_Symptoms_Frequency_Fatigue,
                      :QDepressive_Symptoms_Frequency_Appetite_Changes,
                      :QDepressive_Symptoms_Frequency_Feelings_of_Worthlessness,
                      :QDepressive_Symptoms_Frequency_Concentration_Difficulties,
                      :QDepressive_Symptoms_Frequency_Psychomotor_Changes,
                      :QDepressive_Symptoms_Frequency_Suicidal_Thoughts .

:QDepressive_Symptoms_Frequency_Anhedonia pred:Text ""Little interest or pleasure in doing things"" .
:QDepressive_Symptoms_Frequency_Depressed_Mood pred:Text ""Feeling down, depressed, or hopeless"" .
:QDepressive_Symptoms_Frequency_Sleep_Problems pred:Text ""Trouble falling or staying asleep, or sleeping too much"" .
:QDepressive_Symptoms_Frequency_Fatigue pred:Text ""Feeling tired or having little energy"" .
:QDepressive_Symptoms_Frequency_Appetite_Changes pred:Text ""Poor appetite or overeating"" .
:QDepressive_Symptoms_Frequency_Feelings_of_Worthlessness pred:Text ""Feeling bad about yourself or that you are a failure or have let yourself or your family down"" .
:QDepressive_Symptoms_Frequency_Concentration_Difficulties pred:Text ""Trouble concentrating on things, such as reading the newspaper or watching television"" .
:QDepressive_Symptoms_Frequency_Psychomotor_Changes pred:Text ""Moving or speaking so slowly that other people could have noticed. Or the opposite — being so fidgety or restless that you have been moving around a lot more than usual"" .
:QDepressive_Symptoms_Frequency_Suicidal_Thoughts pred:Text ""Thoughts that you would be better off dead, or of hurting yourself"" .

# Responses
:Respondent73 pred:Year_of_birth 2005.0 ;
     pred:Gender 2.0 ;
     pred:Socio_economic_status 2.0 ;
     pred:Ethnic_identity 6.0 .

:Respondent73_Parental_Education
                       pred:Father 25.0 ;
                       pred:Mother 15.0 .
:Respondent73 pred:hasGroupResponse :Respondent73_Parental_Education .

:Respondent73 pred:Life_satisfaction 8.0 ;
     pred:Happiness 5.0 ;
     pred:Laughter 4.0 ;
     pred:Learning 5.0 ;
     pred:Enjoyment 5.0 ;
     pred:Worry 2.0 ;
     pred:Depression 1.0 ;
     pred:Anger 2.0 ;
     pred:Stress 4.0 ;
     pred:Loneliness 6.0 .

:Respondent73_Emotional_Regulation_Frequency
                                   pred:Upset_by_Unexpected_Events 2.0 ;
                                   pred:Unable_to_Control_Important_Things 2.0 ;
                                   pred:Lacked_Confidence_Handling_Problems 2.0 ;
                                   pred:Unable_to_Cope 2.0 ;
                                   pred:Irritated_by_Life 2.0 ;
                                   pred:On_Top_of_Things 2.0 .
:Respondent73 pred:hasGroupResponse :Respondent73_Emotional_Regulation_Frequency .

:Respondent73_Anxiety_Symptoms_Frequency
                               pred:Feeling_Nervous_or_On_Edge 2.0 ;
                               pred:Trouble_Relaxing 1.0 ;
                               pred:Restlessness 1.0 ;
                               pred:Irritability 2.0 ;
                               pred:Fear_Something_Awful_Might_Happen 2.0 .
:Respondent73 pred:hasGroupResponse :Respondent73_Anxiety_Symptoms_Frequency .

:Respondent73_Depressive_Symptoms_Frequency
                                  pred:Anhedonia 1.0 ;
                                  pred:Sleep_Problems 2.0 ;
                                  pred:Fatigue 1.0 ;
                                  pred:Appetite_Changes 1.0 ;
                                  pred:Feelings_of_Worthlessness 1.0 ;
                                  pred:Concentration_Difficulties 1.0 ;
                                  pred:Suicidal_Thoughts 0.0 .
:Respondent73 pred:hasGroupResponse :Respondent73_Depressive_Symptoms_Frequency .

:Respondent85 pred:Year_of_birth 2004.0 ;
     pred:Gender 2.0 ;
     pred:Socio_economic_status 3.0 ;
     pred:Ethnic_identity 6.0 .

:Respondent85_Parental_Education
                       pred:Father 18.0 .
:Respondent85 pred:hasGroupResponse :Respondent85_Parental_Education .

:Respondent85 pred:Life_satisfaction 5.0 ;
     pred:Happiness 6.0 ;
     pred:Laughter 6.0 ;
     pred:Learning 8.0 ;
     pred:Enjoyment 5.0 ;
     pred:Worry 1.0 ;
     pred:Depression 1.0 ;
     pred:Anger 2.0 ;
     pred:Stress 4.0 ;
     pred:Loneliness 1.0 .

:Respondent85_Emotional_Regulation_Frequency
                                   pred:Upset_by_Unexpected_Events 2.0 ;
                                   pred:Unable_to_Control_Important_Things 3.0 ;
                                   pred:Lacked_Confidence_Handling_Problems 2.0 ;
                                   pred:Unable_to_Cope 3.0 ;
                                   pred:Irritated_by_Life 3.0 ;
                                   pred:On_Top_of_Things 2.0 .
:Respondent85 pred:hasGroupResponse :Respondent85_Emotional_Regulation_Frequency .

:Respondent85_Anxiety_Symptoms_Frequency
                               pred:Feeling_Nervous_or_On_Edge 1.0 ;
                               pred:Trouble_Relaxing 1.0 ;
                               pred:Restlessness 0.0 ;
                               pred:Irritability 1.0 ;
                               pred:Fear_Something_Awful_Might_Happen 1.0 .
:Respondent85 pred:hasGroupResponse :Respondent85_Anxiety_Symptoms_Frequency .

:Respondent85_Depressive_Symptoms_Frequency
                                  pred:Anhedonia 2.0 ;
                                  pred:Sleep_Problems 2.0 ;
                                  pred:Fatigue 3.0 ;
                                  pred:Appetite_Changes 3.0 ;
                                  pred:Feelings_of_Worthlessness 1.0 ;
                                  pred:Concentration_Difficulties 1.0 ;
                                  pred:Suicidal_Thoughts 0.0 .
:Respondent85 pred:hasGroupResponse :Respondent85_Depressive_Symptoms_Frequency .

:Respondent129 pred:Year_of_birth 2001.0 ;
     pred:Gender 2.0 ;
     pred:Socio_economic_status 3.0 ;
     pred:Ethnic_identity 6.0 .

:Respondent129_Parental_Education
                       pred:Father 13.0 ;
                       pred:Mother 13.0 .
:Respondent129 pred:hasGroupResponse :Respondent129_Parental_Education .

:Respondent129 pred:Life_satisfaction 8.0 ;
     pred:Happiness 9.0 ;
     pred:Laughter 6.0 ;
     pred:Learning 5.0 ;
     pred:Enjoyment 6.0 ;
     pred:Worry 1.0 ;
     pred:Depression 1.0 ;
     pred:Anger 1.0 ;
     pred:Stress 3.0 ;
     pred:Loneliness 0.0 .

:Respondent129_Emotional_Regulation_Frequency
                                   pred:Upset_by_Unexpected_Events 1.0 ;
                                   pred:Unable_to_Control_Important_Things 1.0 ;
                                   pred:Lacked_Confidence_Handling_Problems 3.0 ;
                                   pred:Unable_to_Cope 2.0 ;
                                   pred:Irritated_by_Life 3.0 ;
                                   pred:On_Top_of_Things 2.0 .
:Respondent129 pred:hasGroupResponse :Respondent129_Emotional_Regulation_Frequency .

:Respondent129_Anxiety_Symptoms_Frequency
                               pred:Feeling_Nervous_or_On_Edge 1.0 ;
                               pred:Trouble_Relaxing 1.0 ;
                               pred:Restlessness 0.0 ;
                               pred:Irritability 0.0 ;
                               pred:Fear_Something_Awful_Might_Happen 0.0 .
:Respondent129 pred:hasGroupResponse :Respondent129_Anxiety_Symptoms_Frequency .

:Respondent129_Depressive_Symptoms_Frequency
                                  pred:Anhedonia 1.0 ;
                                  pred:Sleep_Problems 1.0 ;
                                  pred:Fatigue 2.0 ;
                                  pred:Appetite_Changes 2.0 ;
                                  pred:Feelings_of_Worthlessness 0.0 ;
                                  pred:Concentration_Difficulties 2.0 ;
                                  pred:Suicidal_Thoughts 0.0 .
:Respondent129 pred:hasGroupResponse :Respondent129_Depressive_Symptoms_Frequency .

Answer: 2.0

@prefix : <http://example.org/survey#> .
@prefix pred: <http://example.org/predicate#> .
@prefix qg: <http://example.org/question_group#> .

# Questions
:QYear_of_birth pred:Text ""What is your date of birth? [Open-ended]"" .
:QGender pred:Text ""What is your gender? [MCQ: 1. Male 2. Female]"" .
:QSocio_economic_status pred:Text ""What is the socio-economic status of your home? [Likert 1–6: 1 = Very low, 6 = Very high]"" .
:QEthnic_identity pred:Text ""According to your culture, people, or physical features, you are or are recognized as: [MCQ: 1. Indigenous 2. Gypsy 3. Raizal from San Andres, Providencia and Santa Catalina Archipelago 4. Palenquero from San Basilio 5. Black, mulatto (Afro-descendant), Afro-Colombian 6. None of the above]"" .

:QGParental_Education pred:BaseQuestion ""How many years of education did your parents receive? [Open-ended]"" ;
    qg:hasSubQuestion :QParental_Education_Father, :QParental_Education_Mother .
:QParental_Education_Father pred:Text ""Father?"" .
:QParental_Education_Mother pred:Text ""Mother?"" .

:QLife_satisfaction pred:Text ""In general, how satisfied are you with all aspects of your life? [Likert 0–10: 0 = Not satisfied, 10 = Totally satisfied]"" .
:QHappiness pred:Text ""How happy did you feel yesterday? [Likert 0–10: 0 = At no time, 10 = All the time]"" .
:QLaughter pred:Text ""How much did you laugh yesterday? [Likert 0–10: 0 = At no time, 10 = All the time]"" .
:QLearning pred:Text ""Did you learn new or exciting things yesterday? [Likert 0–10: 0 = At no time, 10 = All the time]"" .
:QEnjoyment pred:Text ""How much did you enjoy the activities you did yesterday? [Likert 0–10: 0 = At no time, 10 = All the time]"" .
:QWorry pred:Text ""How worried did you feel yesterday? [Likert 0–10: 0 = At no time, 10 = All the time]"" .
:QDepression pred:Text ""How depressed did you feel yesterday? [Likert 0–10: 0 = At no time, 10 = All the time]"" .
:QAnger pred:Text ""How angry did you feel yesterday? [Likert 0–10: 0 = At no time, 10 = All the time]"" .
:QStress pred:Text ""How much stress did you feel yesterday? [Likert 0–10: 0 = At no time, 10 = All the time]"" .
:QLoneliness pred:Text ""How lonely or unsupported did you feel yesterday? [Likert 0–10: 0 = At no time, 10 = All the time]"" .

:QGEmotional_Regulation_Frequency pred:BaseQuestion ""Next, you will be asked questions about your emotional state. Please answer on a scale of 0 to 4, where 0 is never, 1 is 'almost never', 2 is 'sometimes', 3 is 'fairly often', and 4 is 'very often', how often you experienced the following feelings during the last month: [Likert 0–4]"" ;
    qg:hasSubQuestion :QEmotional_Regulation_Frequency_Upset_by_Unexpected_Events,
                      :QEmotional_Regulation_Frequency_Unable_to_Control_Important_Things,
                      :QEmotional_Regulation_Frequency_Nervous_and_Stressed,
                      :QEmotional_Regulation_Frequency_Lacked_Confidence_Handling_Problems,
                      :QEmotional_Regulation_Frequency_Things_Going_Your_Way,
                      :QEmotional_Regulation_Frequency_Unable_to_Cope,
                      :QEmotional_Regulation_Frequency_Irritated_by_Life,
                      :QEmotional_Regulation_Frequency_On_Top_of_Things,
                      :QEmotional_Regulation_Frequency_Angered_by_Uncontrollable_Events,
                      :QEmotional_Regulation_Frequency_Felt_Overwhelmed .

:QEmotional_Regulation_Frequency_Upset_by_Unexpected_Events pred:Text ""how often have you been upset because of something that happened unexpectedly?"" .
:QEmotional_Regulation_Frequency_Unable_to_Control_Important_Things pred:Text ""how often have you felt that you were unable to control the important things in your life?"" .
:QEmotional_Regulation_Frequency_Nervous_and_Stressed pred:Text ""how often have you felt nervous and stressed?"" .
:QEmotional_Regulation_Frequency_Lacked_Confidence_Handling_Problems pred:Text ""how often have you felt confident about your ability to handle your personal problems?"" .
:QEmotional_Regulation_Frequency_Things_Going_Your_Way pred:Text ""how often have you felt that things were going your way?"" .
:QEmotional_Regulation_Frequency_Unable_to_Cope pred:Text ""how often have you found that you could not cope with all the things that you had to do?"" .
:QEmotional_Regulation_Frequency_Irritated_by_Life pred:Text ""how often have you been able to control irritations in your life?"" .
:QEmotional_Regulation_Frequency_On_Top_of_Things pred:Text ""how often have you felt that you were on top of things?"" .
:QEmotional_Regulation_Frequency_Angered_by_Uncontrollable_Events pred:Text ""how often have you been angered because of things that happened that were outside of your control?"" .
:QEmotional_Regulation_Frequency_Felt_Overwhelmed pred:Text ""how often have you felt difficulties were piling up so high that you could not overcome them?"" .

:QGAnxiety_Symptoms_Frequency pred:BaseQuestion ""Next, you will be asked questions about your emotional state. Please answer on a scale of 0 to 3, where 0 is 'Not at all', 1 is 'several days', 2 is 'more than half of the days', and 3 is 'Nearly every day'. Over the last two weeks, how often have you been bothered by the following problems? [Likert 0–3]"" ;
    qg:hasSubQuestion :QAnxiety_Symptoms_Frequency_Feeling_Nervous_or_On_Edge,
                      :QAnxiety_Symptoms_Frequency_Uncontrollable_Worrying,
                      :QAnxiety_Symptoms_Frequency_Excessive_Worry,
                      :QAnxiety_Symptoms_Frequency_Trouble_Relaxing,
                      :QAnxiety_Symptoms_Frequency_Restlessness,
                      :QAnxiety_Symptoms_Frequency_Irritability,
                      :QAnxiety_Symptoms_Frequency_Fear_Something_Awful_Might_Happen .

:QAnxiety_Symptoms_Frequency_Feeling_Nervous_or_On_Edge pred:Text ""Feeling nervous, anxious, or on edge"" .
:QAnxiety_Symptoms_Frequency_Uncontrollable_Worrying pred:Text ""Not being able to stop or control worrying"" .
:QAnxiety_Symptoms_Frequency_Excessive_Worry pred:Text ""Worrying too much about different things"" .
:QAnxiety_Symptoms_Frequency_Trouble_Relaxing pred:Text ""Trouble relaxing"" .
:QAnxiety_Symptoms_Frequency_Restlessness pred:Text ""Being so restless that it is hard to sit still"" .
:QAnxiety_Symptoms_Frequency_Irritability pred:Text ""Becoming easily annoyed or irritable"" .
:QAnxiety_Symptoms_Frequency_Fear_Something_Awful_Might_Happen pred:Text ""Feeling afraid, as if something awful might happen"" .

:QGDepressive_Symptoms_Frequency pred:BaseQuestion ""Next, you will be asked questions about your emotional state. Please answer on a scale of 0 to 3, where 0 is 'Not at all', 1 is 'several days', 2 is 'more than half of the days', and 3 is 'Nearly every day'. Over the last two weeks, how often have you been bothered by the following problems?"" ;
    qg:hasSubQuestion :QDepressive_Symptoms_Frequency_Anhedonia,
                      :QDepressive_Symptoms_Frequency_Depressed_Mood,
                      :QDepressive_Symptoms_Frequency_Sleep_Problems,
                      :QDepressive_Symptoms_Frequency_Fatigue,
                      :QDepressive_Symptoms_Frequency_Appetite_Changes,
                      :QDepressive_Symptoms_Frequency_Feelings_of_Worthlessness,
                      :QDepressive_Symptoms_Frequency_Concentration_Difficulties,
                      :QDepressive_Symptoms_Frequency_Psychomotor_Changes,
                      :QDepressive_Symptoms_Frequency_Suicidal_Thoughts .

:QDepressive_Symptoms_Frequency_Anhedonia pred:Text ""Little interest or pleasure in doing things"" .
:QDepressive_Symptoms_Frequency_Depressed_Mood pred:Text ""Feeling down, depressed, or hopeless"" .
:QDepressive_Symptoms_Frequency_Sleep_Problems pred:Text ""Trouble falling or staying asleep, or sleeping too much"" .
:QDepressive_Symptoms_Frequency_Fatigue pred:Text ""Feeling tired or having little energy"" .
:QDepressive_Symptoms_Frequency_Appetite_Changes pred:Text ""Poor appetite or overeating"" .
:QDepressive_Symptoms_Frequency_Feelings_of_Worthlessness pred:Text ""Feeling bad about yourself or that you are a failure or have let yourself or your family down"" .
:QDepressive_Symptoms_Frequency_Concentration_Difficulties pred:Text ""Trouble concentrating on things, such as reading the newspaper or watching television"" .
:QDepressive_Symptoms_Frequency_Psychomotor_Changes pred:Text ""Moving or speaking so slowly that other people could have noticed. Or the opposite — being so fidgety or restless that you have been moving around a lot more than usual"" .
:QDepressive_Symptoms_Frequency_Suicidal_Thoughts pred:Text ""Thoughts that you would be better off dead, or of hurting yourself"" .

# Responses
:Respondent63 pred:Year_of_birth 2005.0 ;
     pred:Gender 1.0 ;
     pred:Socio_economic_status 3.0 ;
     pred:Ethnic_identity 6.0 .

:Respondent63_Parental_Education
                       pred:Father 18.0 ;
                       pred:Mother 18.0 .
:Respondent63 pred:hasGroupResponse :Respondent63_Parental_Education .

:Respondent63 pred:Life_satisfaction 6.0 ;
     pred:Happiness 7.0 ;
     pred:Laughter 7.0 ;
     pred:Learning 3.0 ;
     pred:Enjoyment 6.0 ;
     pred:Worry 1.0 ;
     pred:Depression 1.0 ;
     pred:Anger 2.0 ;
     pred:Stress 2.0 ;
     pred:Loneliness 3.0 .

:Respondent63_Emotional_Regulation_Frequency
                                   pred:Upset_by_Unexpected_Events 3.0 ;
                                   pred:Unable_to_Control_Important_Things 3.0 ;
                                   pred:Lacked_Confidence_Handling_Problems 1.0 ;
                                   pred:Unable_to_Cope 2.0 ;
                                   pred:Irritated_by_Life 1.0 ;
                                   pred:On_Top_of_Things 1.0 .
:Respondent63 pred:hasGroupResponse :Respondent63_Emotional_Regulation_Frequency .

:Respondent63_Anxiety_Symptoms_Frequency
                               pred:Feeling_Nervous_or_On_Edge 0.0 ;
                               pred:Trouble_Relaxing 1.0 ;
                               pred:Restlessness 0.0 ;
                               pred:Irritability 2.0 ;
                               pred:Fear_Something_Awful_Might_Happen 0.0 .
:Respondent63 pred:hasGroupResponse :Respondent63_Anxiety_Symptoms_Frequency .

:Respondent63_Depressive_Symptoms_Frequency
                                  pred:Anhedonia 3.0 ;
                                  pred:Sleep_Problems 2.0 ;
                                  pred:Fatigue 1.0 ;
                                  pred:Appetite_Changes 2.0 ;
                                  pred:Feelings_of_Worthlessness 1.0 ;
                                  pred:Concentration_Difficulties 0.0 ;
                                  pred:Suicidal_Thoughts 1.0 .
:Respondent63 pred:hasGroupResponse :Respondent63_Depressive_Symptoms_Frequency .

:Respondent58 pred:Year_of_birth 2004.0 ;
     pred:Gender 1.0 ;
     pred:Socio_economic_status 3.0 ;
     pred:Ethnic_identity 6.0 .

:Respondent58_Parental_Education
                       pred:Father 18.0 ;
                       pred:Mother 16.0 .
:Respondent58 pred:hasGroupResponse :Respondent58_Parental_Education .

:Respondent58 pred:Life_satisfaction 7.0 ;
     pred:Happiness 10.0 ;
     pred:Laughter 10.0 ;
     pred:Learning 3.0 ;
     pred:Enjoyment 10.0 ;
     pred:Worry 2.0 ;
     pred:Depression 0.0 ;
     pred:Anger 2.0 ;
     pred:Stress 2.0 ;
     pred:Loneliness 0.0 .

:Respondent58_Emotional_Regulation_Frequency
                                   pred:Upset_by_Unexpected_Events 3.0 ;
                                   pred:Unable_to_Control_Important_Things 3.0 ;
                                   pred:Lacked_Confidence_Handling_Problems 1.0 ;
                                   pred:Unable_to_Cope 3.0 ;
                                   pred:Irritated_by_Life 1.0 ;
                                   pred:On_Top_of_Things 1.0 .
:Respondent58 pred:hasGroupResponse :Respondent58_Emotional_Regulation_Frequency .

:Respondent58_Anxiety_Symptoms_Frequency
                               pred:Feeling_Nervous_or_On_Edge 1.0 ;
                               pred:Trouble_Relaxing 1.0 ;
                               pred:Restlessness 0.0 ;
                               pred:Irritability 1.0 ;
                               pred:Fear_Something_Awful_Might_Happen 1.0 .
:Respondent58 pred:hasGroupResponse :Respondent58_Anxiety_Symptoms_Frequency .

:Respondent58_Depressive_Symptoms_Frequency
                                  pred:Anhedonia 1.0 ;
                                  pred:Sleep_Problems 1.0 ;
                                  pred:Fatigue 1.0 ;
                                  pred:Appetite_Changes 1.0 ;
                                  pred:Feelings_of_Worthlessness 1.0 ;
                                  pred:Concentration_Difficulties 0.0 ;
                                  pred:Suicidal_Thoughts 0.0 .
:Respondent58 pred:hasGroupResponse :Respondent58_Depressive_Symptoms_Frequency .

:Respondent24 pred:Year_of_birth 2002.0 ;
     pred:Gender 1.0 ;
     pred:Socio_economic_status 3.0 ;
     pred:Ethnic_identity 6.0 .

:Respondent24 pred:Life_satisfaction 6.0 ;
     pred:Happiness 5.0 ;
     pred:Laughter 4.0 ;
     pred:Learning 9.0 ;
     pred:Enjoyment 4.0 ;
     pred:Worry 0.0 ;
     pred:Depression 0.0 ;
     pred:Anger 3.0 ;
     pred:Stress 2.0 ;
     pred:Loneliness 10.0 .

:Respondent24_Emotional_Regulation_Frequency
                                   pred:Upset_by_Unexpected_Events 3.0 ;
                                   pred:Unable_to_Control_Important_Things 4.0 ;
                                   pred:Lacked_Confidence_Handling_Problems 3.0 ;
                                   pred:Unable_to_Cope 2.0 ;
                                   pred:Irritated_by_Life 3.0 ;
                                   pred:On_Top_of_Things 3.0 .
:Respondent24 pred:hasGroupResponse :Respondent24_Emotional_Regulation_Frequency .

:Respondent24_Anxiety_Symptoms_Frequency
                               pred:Feeling_Nervous_or_On_Edge 1.0 ;
                               pred:Trouble_Relaxing 2.0 ;
                               pred:Restlessness 2.0 ;
                               pred:Irritability 0.0 ;
                               pred:Fear_Something_Awful_Might_Happen 1.0 .
:Respondent24 pred:hasGroupResponse :Respondent24_Anxiety_Symptoms_Frequency .

:Respondent24_Depressive_Symptoms_Frequency
                                  pred:Anhedonia 1.0 ;
                                  pred:Sleep_Problems 2.0 ;
                                  pred:Fatigue 1.0 ;
                                  pred:Appetite_Changes 3.0 ;
                                  pred:Feelings_of_Worthlessness 1.0 ;
                                  pred:Concentration_Difficulties 2.0 ;
                                  pred:Suicidal_Thoughts 0.0 .
:Respondent24 pred:hasGroupResponse :Respondent24_Depressive_Symptoms_Frequency .

You are a meticulous data analyst AI. Your primary function is to accurately analyze structured data and provide precise, verifiable answers.

You will be given a dataset with two key parts:

A 'questions' section: This is your data dictionary or schema. It is the single source of truth for understanding what each field and score means. Refer to it carefully.

A 'responses' section: This contains the raw data from each individual respondent.

To answer the question correctly, you must first use the 'questions' schema to fully understand the context and meaning of the data points within the 'responses'. Do not rely on any prior knowledge outside of this provided data. Base your entire analysis on the information given.

Provide your final answer directly and concisely. Output must be the human-readable value, not an option code.

Rules:
- For MCQ fields, map any letter codes in the Responses (case-insensitive) to the corresponding option text from the Questions schema, and output only that text. Do NOT include the letter or both.
  Example: If the schema is ""[MCQ: A. Abnormal B. Inconclusive C. Normal]"" and the response is ""a"", output ""Abnormal"".
- For open-ended fields, output the exact text value.
- If the question asks for a count, provide only the number (e.g., ""42"").
- If the question asks for a list of names or IDs, provide a simple comma-separated list (e.g., ""17, 21, 23"").
- Preserve capitalization exactly as in the schema (e.g., output ""Abnormal"", not ""abnormal"" or ""A"").

For respondent 58, what is the value for 'Appetite Changes' in the 'Depressive Symptoms Frequency' category?",,
case_36,answer_lookup,What is the depression for respondent 126?,"@prefix : <http://example.org/survey#> .
@prefix pred: <http://example.org/predicate#> .
@prefix qg: <http://example.org/question_group#> .

# Questions
:QYear_of_birth pred:Text ""What is your date of birth? [Open-ended]"" .
:QGender pred:Text ""What is your gender? [MCQ: 1. Male 2. Female]"" .
:QSocio_economic_status pred:Text ""What is the socio-economic status of your home? [Likert 1–6: 1 = Very low, 6 = Very high]"" .
:QEthnic_identity pred:Text ""According to your culture, people, or physical features, you are or are recognized as: [MCQ: 1. Indigenous 2. Gypsy 3. Raizal from San Andres, Providencia and Santa Catalina Archipelago 4. Palenquero from San Basilio 5. Black, mulatto (Afro-descendant), Afro-Colombian 6. None of the above]"" .

:QGParental_Education pred:BaseQuestion ""How many years of education did your parents receive? [Open-ended]"" ;
    qg:hasSubQuestion :QParental_Education_Father, :QParental_Education_Mother .
:QParental_Education_Father pred:Text ""Father?"" .
:QParental_Education_Mother pred:Text ""Mother?"" .

:QLife_satisfaction pred:Text ""In general, how satisfied are you with all aspects of your life? [Likert 0–10: 0 = Not satisfied, 10 = Totally satisfied]"" .
:QHappiness pred:Text ""How happy did you feel yesterday? [Likert 0–10: 0 = At no time, 10 = All the time]"" .
:QLaughter pred:Text ""How much did you laugh yesterday? [Likert 0–10: 0 = At no time, 10 = All the time]"" .
:QLearning pred:Text ""Did you learn new or exciting things yesterday? [Likert 0–10: 0 = At no time, 10 = All the time]"" .
:QEnjoyment pred:Text ""How much did you enjoy the activities you did yesterday? [Likert 0–10: 0 = At no time, 10 = All the time]"" .
:QWorry pred:Text ""How worried did you feel yesterday? [Likert 0–10: 0 = At no time, 10 = All the time]"" .
:QDepression pred:Text ""How depressed did you feel yesterday? [Likert 0–10: 0 = At no time, 10 = All the time]"" .
:QAnger pred:Text ""How angry did you feel yesterday? [Likert 0–10: 0 = At no time, 10 = All the time]"" .
:QStress pred:Text ""How much stress did you feel yesterday? [Likert 0–10: 0 = At no time, 10 = All the time]"" .
:QLoneliness pred:Text ""How lonely or unsupported did you feel yesterday? [Likert 0–10: 0 = At no time, 10 = All the time]"" .

:QGEmotional_Regulation_Frequency pred:BaseQuestion ""Next, you will be asked questions about your emotional state. Please answer on a scale of 0 to 4, where 0 is never, 1 is 'almost never', 2 is 'sometimes', 3 is 'fairly often', and 4 is 'very often', how often you experienced the following feelings during the last month: [Likert 0–4]"" ;
    qg:hasSubQuestion :QEmotional_Regulation_Frequency_Upset_by_Unexpected_Events,
                      :QEmotional_Regulation_Frequency_Unable_to_Control_Important_Things,
                      :QEmotional_Regulation_Frequency_Nervous_and_Stressed,
                      :QEmotional_Regulation_Frequency_Lacked_Confidence_Handling_Problems,
                      :QEmotional_Regulation_Frequency_Things_Going_Your_Way,
                      :QEmotional_Regulation_Frequency_Unable_to_Cope,
                      :QEmotional_Regulation_Frequency_Irritated_by_Life,
                      :QEmotional_Regulation_Frequency_On_Top_of_Things,
                      :QEmotional_Regulation_Frequency_Angered_by_Uncontrollable_Events,
                      :QEmotional_Regulation_Frequency_Felt_Overwhelmed .

:QEmotional_Regulation_Frequency_Upset_by_Unexpected_Events pred:Text ""how often have you been upset because of something that happened unexpectedly?"" .
:QEmotional_Regulation_Frequency_Unable_to_Control_Important_Things pred:Text ""how often have you felt that you were unable to control the important things in your life?"" .
:QEmotional_Regulation_Frequency_Nervous_and_Stressed pred:Text ""how often have you felt nervous and stressed?"" .
:QEmotional_Regulation_Frequency_Lacked_Confidence_Handling_Problems pred:Text ""how often have you felt confident about your ability to handle your personal problems?"" .
:QEmotional_Regulation_Frequency_Things_Going_Your_Way pred:Text ""how often have you felt that things were going your way?"" .
:QEmotional_Regulation_Frequency_Unable_to_Cope pred:Text ""how often have you found that you could not cope with all the things that you had to do?"" .
:QEmotional_Regulation_Frequency_Irritated_by_Life pred:Text ""how often have you been able to control irritations in your life?"" .
:QEmotional_Regulation_Frequency_On_Top_of_Things pred:Text ""how often have you felt that you were on top of things?"" .
:QEmotional_Regulation_Frequency_Angered_by_Uncontrollable_Events pred:Text ""how often have you been angered because of things that happened that were outside of your control?"" .
:QEmotional_Regulation_Frequency_Felt_Overwhelmed pred:Text ""how often have you felt difficulties were piling up so high that you could not overcome them?"" .

:QGAnxiety_Symptoms_Frequency pred:BaseQuestion ""Next, you will be asked questions about your emotional state. Please answer on a scale of 0 to 3, where 0 is 'Not at all', 1 is 'several days', 2 is 'more than half of the days', and 3 is 'Nearly every day'. Over the last two weeks, how often have you been bothered by the following problems? [Likert 0–3]"" ;
    qg:hasSubQuestion :QAnxiety_Symptoms_Frequency_Feeling_Nervous_or_On_Edge,
                      :QAnxiety_Symptoms_Frequency_Uncontrollable_Worrying,
                      :QAnxiety_Symptoms_Frequency_Excessive_Worry,
                      :QAnxiety_Symptoms_Frequency_Trouble_Relaxing,
                      :QAnxiety_Symptoms_Frequency_Restlessness,
                      :QAnxiety_Symptoms_Frequency_Irritability,
                      :QAnxiety_Symptoms_Frequency_Fear_Something_Awful_Might_Happen .

:QAnxiety_Symptoms_Frequency_Feeling_Nervous_or_On_Edge pred:Text ""Feeling nervous, anxious, or on edge"" .
:QAnxiety_Symptoms_Frequency_Uncontrollable_Worrying pred:Text ""Not being able to stop or control worrying"" .
:QAnxiety_Symptoms_Frequency_Excessive_Worry pred:Text ""Worrying too much about different things"" .
:QAnxiety_Symptoms_Frequency_Trouble_Relaxing pred:Text ""Trouble relaxing"" .
:QAnxiety_Symptoms_Frequency_Restlessness pred:Text ""Being so restless that it is hard to sit still"" .
:QAnxiety_Symptoms_Frequency_Irritability pred:Text ""Becoming easily annoyed or irritable"" .
:QAnxiety_Symptoms_Frequency_Fear_Something_Awful_Might_Happen pred:Text ""Feeling afraid, as if something awful might happen"" .

:QGDepressive_Symptoms_Frequency pred:BaseQuestion ""Next, you will be asked questions about your emotional state. Please answer on a scale of 0 to 3, where 0 is 'Not at all', 1 is 'several days', 2 is 'more than half of the days', and 3 is 'Nearly every day'. Over the last two weeks, how often have you been bothered by the following problems?"" ;
    qg:hasSubQuestion :QDepressive_Symptoms_Frequency_Anhedonia,
                      :QDepressive_Symptoms_Frequency_Depressed_Mood,
                      :QDepressive_Symptoms_Frequency_Sleep_Problems,
                      :QDepressive_Symptoms_Frequency_Fatigue,
                      :QDepressive_Symptoms_Frequency_Appetite_Changes,
                      :QDepressive_Symptoms_Frequency_Feelings_of_Worthlessness,
                      :QDepressive_Symptoms_Frequency_Concentration_Difficulties,
                      :QDepressive_Symptoms_Frequency_Psychomotor_Changes,
                      :QDepressive_Symptoms_Frequency_Suicidal_Thoughts .

:QDepressive_Symptoms_Frequency_Anhedonia pred:Text ""Little interest or pleasure in doing things"" .
:QDepressive_Symptoms_Frequency_Depressed_Mood pred:Text ""Feeling down, depressed, or hopeless"" .
:QDepressive_Symptoms_Frequency_Sleep_Problems pred:Text ""Trouble falling or staying asleep, or sleeping too much"" .
:QDepressive_Symptoms_Frequency_Fatigue pred:Text ""Feeling tired or having little energy"" .
:QDepressive_Symptoms_Frequency_Appetite_Changes pred:Text ""Poor appetite or overeating"" .
:QDepressive_Symptoms_Frequency_Feelings_of_Worthlessness pred:Text ""Feeling bad about yourself or that you are a failure or have let yourself or your family down"" .
:QDepressive_Symptoms_Frequency_Concentration_Difficulties pred:Text ""Trouble concentrating on things, such as reading the newspaper or watching television"" .
:QDepressive_Symptoms_Frequency_Psychomotor_Changes pred:Text ""Moving or speaking so slowly that other people could have noticed. Or the opposite — being so fidgety or restless that you have been moving around a lot more than usual"" .
:QDepressive_Symptoms_Frequency_Suicidal_Thoughts pred:Text ""Thoughts that you would be better off dead, or of hurting yourself"" .

# Responses
:Respondent2 pred:Year_of_birth 1999.0 ;
     pred:Gender 1.0 ;
     pred:Socio_economic_status 2.0 ;
     pred:Ethnic_identity 1.0 .

:Respondent2 pred:Life_satisfaction 8.0 ;
     pred:Happiness 4.0 ;
     pred:Laughter 8.0 ;
     pred:Learning 3.0 ;
     pred:Enjoyment 5.0 ;
     pred:Worry 1.0 ;
     pred:Depression 2.0 ;
     pred:Anger 3.0 ;
     pred:Stress 3.0 ;
     pred:Loneliness 7.0 .

:Respondent2_Emotional_Regulation_Frequency
                                   pred:Upset_by_Unexpected_Events 1.0 ;
                                   pred:Unable_to_Control_Important_Things 2.0 ;
                                   pred:Lacked_Confidence_Handling_Problems 2.0 ;
                                   pred:Unable_to_Cope 2.0 ;
                                   pred:Irritated_by_Life 3.0 ;
                                   pred:On_Top_of_Things 2.0 .
:Respondent2 pred:hasGroupResponse :Respondent2_Emotional_Regulation_Frequency .

:Respondent2_Anxiety_Symptoms_Frequency
                               pred:Feeling_Nervous_or_On_Edge 0.0 ;
                               pred:Trouble_Relaxing 1.0 ;
                               pred:Restlessness 0.0 ;
                               pred:Irritability 1.0 ;
                               pred:Fear_Something_Awful_Might_Happen 1.0 .
:Respondent2 pred:hasGroupResponse :Respondent2_Anxiety_Symptoms_Frequency .

:Respondent2_Depressive_Symptoms_Frequency
                                  pred:Anhedonia 2.0 ;
                                  pred:Sleep_Problems 0.0 ;
                                  pred:Fatigue 3.0 ;
                                  pred:Appetite_Changes 2.0 ;
                                  pred:Feelings_of_Worthlessness 1.0 ;
                                  pred:Concentration_Difficulties 1.0 ;
                                  pred:Suicidal_Thoughts 0.0 .
:Respondent2 pred:hasGroupResponse :Respondent2_Depressive_Symptoms_Frequency .

:Respondent95 pred:Year_of_birth 2003.0 ;
     pred:Gender 1.0 ;
     pred:Socio_economic_status 1.0 ;
     pred:Ethnic_identity 6.0 .

:Respondent95 pred:Life_satisfaction 7.0 ;
     pred:Happiness 7.0 ;
     pred:Laughter 5.0 ;
     pred:Learning 6.0 ;
     pred:Enjoyment 7.0 ;
     pred:Worry 1.0 ;
     pred:Depression 0.0 ;
     pred:Anger 3.0 ;
     pred:Stress 2.0 ;
     pred:Loneliness 4.0 .

:Respondent95_Emotional_Regulation_Frequency
                                   pred:Upset_by_Unexpected_Events 2.0 ;
                                   pred:Unable_to_Control_Important_Things 1.0 ;
                                   pred:Lacked_Confidence_Handling_Problems 2.0 ;
                                   pred:Unable_to_Cope 1.0 ;
                                   pred:Irritated_by_Life 3.0 ;
                                   pred:On_Top_of_Things 4.0 .
:Respondent95 pred:hasGroupResponse :Respondent95_Emotional_Regulation_Frequency .

:Respondent95_Anxiety_Symptoms_Frequency
                               pred:Feeling_Nervous_or_On_Edge 1.0 ;
                               pred:Trouble_Relaxing 1.0 ;
                               pred:Restlessness 0.0 ;
                               pred:Irritability 2.0 ;
                               pred:Fear_Something_Awful_Might_Happen 1.0 .
:Respondent95 pred:hasGroupResponse :Respondent95_Anxiety_Symptoms_Frequency .

:Respondent95_Depressive_Symptoms_Frequency
                                  pred:Anhedonia 1.0 ;
                                  pred:Sleep_Problems 2.0 ;
                                  pred:Fatigue 2.0 ;
                                  pred:Appetite_Changes 1.0 ;
                                  pred:Feelings_of_Worthlessness 0.0 ;
                                  pred:Concentration_Difficulties 2.0 ;
                                  pred:Suicidal_Thoughts 0.0 .
:Respondent95 pred:hasGroupResponse :Respondent95_Depressive_Symptoms_Frequency .

:Respondent126 pred:Year_of_birth 2004.0 ;
     pred:Gender 1.0 ;
     pred:Socio_economic_status 4.0 ;
     pred:Ethnic_identity 6.0 .

:Respondent126_Parental_Education
                       pred:Father 22.0 ;
                       pred:Mother 24.0 .
:Respondent126 pred:hasGroupResponse :Respondent126_Parental_Education .

:Respondent126 pred:Life_satisfaction 10.0 ;
     pred:Happiness 10.0 ;
     pred:Laughter 6.0 ;
     pred:Learning 3.0 ;
     pred:Enjoyment 5.0 ;
     pred:Worry 0.0 ;
     pred:Depression 0.0 ;
     pred:Anger 2.0 ;
     pred:Stress 3.0 ;
     pred:Loneliness 0.0 .

:Respondent126_Emotional_Regulation_Frequency
                                   pred:Upset_by_Unexpected_Events 2.0 ;
                                   pred:Unable_to_Control_Important_Things 4.0 ;
                                   pred:Lacked_Confidence_Handling_Problems 3.0 ;
                                   pred:Unable_to_Cope 3.0 ;
                                   pred:Irritated_by_Life 2.0 ;
                                   pred:On_Top_of_Things 0.0 .
:Respondent126 pred:hasGroupResponse :Respondent126_Emotional_Regulation_Frequency .

:Respondent126_Anxiety_Symptoms_Frequency
                               pred:Feeling_Nervous_or_On_Edge 1.0 ;
                               pred:Trouble_Relaxing 0.0 ;
                               pred:Restlessness 0.0 ;
                               pred:Irritability 1.0 ;
                               pred:Fear_Something_Awful_Might_Happen 1.0 .
:Respondent126 pred:hasGroupResponse :Respondent126_Anxiety_Symptoms_Frequency .

:Respondent126_Depressive_Symptoms_Frequency
                                  pred:Anhedonia 1.0 ;
                                  pred:Sleep_Problems 1.0 ;
                                  pred:Fatigue 1.0 ;
                                  pred:Appetite_Changes 1.0 ;
                                  pred:Feelings_of_Worthlessness 1.0 ;
                                  pred:Concentration_Difficulties 1.0 ;
                                  pred:Suicidal_Thoughts 0.0 .
:Respondent126 pred:hasGroupResponse :Respondent126_Depressive_Symptoms_Frequency .
",0.0,"For respondent 129, what is the value for 'Appetite Changes' in the 'Depressive Symptoms Frequency' category?

DATA:

@prefix : <http://example.org/survey#> .
@prefix pred: <http://example.org/predicate#> .
@prefix qg: <http://example.org/question_group#> .

# Questions
:QYear_of_birth pred:Text ""What is your date of birth? [Open-ended]"" .
:QGender pred:Text ""What is your gender? [MCQ: 1. Male 2. Female]"" .
:QSocio_economic_status pred:Text ""What is the socio-economic status of your home? [Likert 1–6: 1 = Very low, 6 = Very high]"" .
:QEthnic_identity pred:Text ""According to your culture, people, or physical features, you are or are recognized as: [MCQ: 1. Indigenous 2. Gypsy 3. Raizal from San Andres, Providencia and Santa Catalina Archipelago 4. Palenquero from San Basilio 5. Black, mulatto (Afro-descendant), Afro-Colombian 6. None of the above]"" .

:QGParental_Education pred:BaseQuestion ""How many years of education did your parents receive? [Open-ended]"" ;
    qg:hasSubQuestion :QParental_Education_Father, :QParental_Education_Mother .
:QParental_Education_Father pred:Text ""Father?"" .
:QParental_Education_Mother pred:Text ""Mother?"" .

:QLife_satisfaction pred:Text ""In general, how satisfied are you with all aspects of your life? [Likert 0–10: 0 = Not satisfied, 10 = Totally satisfied]"" .
:QHappiness pred:Text ""How happy did you feel yesterday? [Likert 0–10: 0 = At no time, 10 = All the time]"" .
:QLaughter pred:Text ""How much did you laugh yesterday? [Likert 0–10: 0 = At no time, 10 = All the time]"" .
:QLearning pred:Text ""Did you learn new or exciting things yesterday? [Likert 0–10: 0 = At no time, 10 = All the time]"" .
:QEnjoyment pred:Text ""How much did you enjoy the activities you did yesterday? [Likert 0–10: 0 = At no time, 10 = All the time]"" .
:QWorry pred:Text ""How worried did you feel yesterday? [Likert 0–10: 0 = At no time, 10 = All the time]"" .
:QDepression pred:Text ""How depressed did you feel yesterday? [Likert 0–10: 0 = At no time, 10 = All the time]"" .
:QAnger pred:Text ""How angry did you feel yesterday? [Likert 0–10: 0 = At no time, 10 = All the time]"" .
:QStress pred:Text ""How much stress did you feel yesterday? [Likert 0–10: 0 = At no time, 10 = All the time]"" .
:QLoneliness pred:Text ""How lonely or unsupported did you feel yesterday? [Likert 0–10: 0 = At no time, 10 = All the time]"" .

:QGEmotional_Regulation_Frequency pred:BaseQuestion ""Next, you will be asked questions about your emotional state. Please answer on a scale of 0 to 4, where 0 is never, 1 is 'almost never', 2 is 'sometimes', 3 is 'fairly often', and 4 is 'very often', how often you experienced the following feelings during the last month: [Likert 0–4]"" ;
    qg:hasSubQuestion :QEmotional_Regulation_Frequency_Upset_by_Unexpected_Events,
                      :QEmotional_Regulation_Frequency_Unable_to_Control_Important_Things,
                      :QEmotional_Regulation_Frequency_Nervous_and_Stressed,
                      :QEmotional_Regulation_Frequency_Lacked_Confidence_Handling_Problems,
                      :QEmotional_Regulation_Frequency_Things_Going_Your_Way,
                      :QEmotional_Regulation_Frequency_Unable_to_Cope,
                      :QEmotional_Regulation_Frequency_Irritated_by_Life,
                      :QEmotional_Regulation_Frequency_On_Top_of_Things,
                      :QEmotional_Regulation_Frequency_Angered_by_Uncontrollable_Events,
                      :QEmotional_Regulation_Frequency_Felt_Overwhelmed .

:QEmotional_Regulation_Frequency_Upset_by_Unexpected_Events pred:Text ""how often have you been upset because of something that happened unexpectedly?"" .
:QEmotional_Regulation_Frequency_Unable_to_Control_Important_Things pred:Text ""how often have you felt that you were unable to control the important things in your life?"" .
:QEmotional_Regulation_Frequency_Nervous_and_Stressed pred:Text ""how often have you felt nervous and stressed?"" .
:QEmotional_Regulation_Frequency_Lacked_Confidence_Handling_Problems pred:Text ""how often have you felt confident about your ability to handle your personal problems?"" .
:QEmotional_Regulation_Frequency_Things_Going_Your_Way pred:Text ""how often have you felt that things were going your way?"" .
:QEmotional_Regulation_Frequency_Unable_to_Cope pred:Text ""how often have you found that you could not cope with all the things that you had to do?"" .
:QEmotional_Regulation_Frequency_Irritated_by_Life pred:Text ""how often have you been able to control irritations in your life?"" .
:QEmotional_Regulation_Frequency_On_Top_of_Things pred:Text ""how often have you felt that you were on top of things?"" .
:QEmotional_Regulation_Frequency_Angered_by_Uncontrollable_Events pred:Text ""how often have you been angered because of things that happened that were outside of your control?"" .
:QEmotional_Regulation_Frequency_Felt_Overwhelmed pred:Text ""how often have you felt difficulties were piling up so high that you could not overcome them?"" .

:QGAnxiety_Symptoms_Frequency pred:BaseQuestion ""Next, you will be asked questions about your emotional state. Please answer on a scale of 0 to 3, where 0 is 'Not at all', 1 is 'several days', 2 is 'more than half of the days', and 3 is 'Nearly every day'. Over the last two weeks, how often have you been bothered by the following problems? [Likert 0–3]"" ;
    qg:hasSubQuestion :QAnxiety_Symptoms_Frequency_Feeling_Nervous_or_On_Edge,
                      :QAnxiety_Symptoms_Frequency_Uncontrollable_Worrying,
                      :QAnxiety_Symptoms_Frequency_Excessive_Worry,
                      :QAnxiety_Symptoms_Frequency_Trouble_Relaxing,
                      :QAnxiety_Symptoms_Frequency_Restlessness,
                      :QAnxiety_Symptoms_Frequency_Irritability,
                      :QAnxiety_Symptoms_Frequency_Fear_Something_Awful_Might_Happen .

:QAnxiety_Symptoms_Frequency_Feeling_Nervous_or_On_Edge pred:Text ""Feeling nervous, anxious, or on edge"" .
:QAnxiety_Symptoms_Frequency_Uncontrollable_Worrying pred:Text ""Not being able to stop or control worrying"" .
:QAnxiety_Symptoms_Frequency_Excessive_Worry pred:Text ""Worrying too much about different things"" .
:QAnxiety_Symptoms_Frequency_Trouble_Relaxing pred:Text ""Trouble relaxing"" .
:QAnxiety_Symptoms_Frequency_Restlessness pred:Text ""Being so restless that it is hard to sit still"" .
:QAnxiety_Symptoms_Frequency_Irritability pred:Text ""Becoming easily annoyed or irritable"" .
:QAnxiety_Symptoms_Frequency_Fear_Something_Awful_Might_Happen pred:Text ""Feeling afraid, as if something awful might happen"" .

:QGDepressive_Symptoms_Frequency pred:BaseQuestion ""Next, you will be asked questions about your emotional state. Please answer on a scale of 0 to 3, where 0 is 'Not at all', 1 is 'several days', 2 is 'more than half of the days', and 3 is 'Nearly every day'. Over the last two weeks, how often have you been bothered by the following problems?"" ;
    qg:hasSubQuestion :QDepressive_Symptoms_Frequency_Anhedonia,
                      :QDepressive_Symptoms_Frequency_Depressed_Mood,
                      :QDepressive_Symptoms_Frequency_Sleep_Problems,
                      :QDepressive_Symptoms_Frequency_Fatigue,
                      :QDepressive_Symptoms_Frequency_Appetite_Changes,
                      :QDepressive_Symptoms_Frequency_Feelings_of_Worthlessness,
                      :QDepressive_Symptoms_Frequency_Concentration_Difficulties,
                      :QDepressive_Symptoms_Frequency_Psychomotor_Changes,
                      :QDepressive_Symptoms_Frequency_Suicidal_Thoughts .

:QDepressive_Symptoms_Frequency_Anhedonia pred:Text ""Little interest or pleasure in doing things"" .
:QDepressive_Symptoms_Frequency_Depressed_Mood pred:Text ""Feeling down, depressed, or hopeless"" .
:QDepressive_Symptoms_Frequency_Sleep_Problems pred:Text ""Trouble falling or staying asleep, or sleeping too much"" .
:QDepressive_Symptoms_Frequency_Fatigue pred:Text ""Feeling tired or having little energy"" .
:QDepressive_Symptoms_Frequency_Appetite_Changes pred:Text ""Poor appetite or overeating"" .
:QDepressive_Symptoms_Frequency_Feelings_of_Worthlessness pred:Text ""Feeling bad about yourself or that you are a failure or have let yourself or your family down"" .
:QDepressive_Symptoms_Frequency_Concentration_Difficulties pred:Text ""Trouble concentrating on things, such as reading the newspaper or watching television"" .
:QDepressive_Symptoms_Frequency_Psychomotor_Changes pred:Text ""Moving or speaking so slowly that other people could have noticed. Or the opposite — being so fidgety or restless that you have been moving around a lot more than usual"" .
:QDepressive_Symptoms_Frequency_Suicidal_Thoughts pred:Text ""Thoughts that you would be better off dead, or of hurting yourself"" .

# Responses
:Respondent73 pred:Year_of_birth 2005.0 ;
     pred:Gender 2.0 ;
     pred:Socio_economic_status 2.0 ;
     pred:Ethnic_identity 6.0 .

:Respondent73_Parental_Education
                       pred:Father 25.0 ;
                       pred:Mother 15.0 .
:Respondent73 pred:hasGroupResponse :Respondent73_Parental_Education .

:Respondent73 pred:Life_satisfaction 8.0 ;
     pred:Happiness 5.0 ;
     pred:Laughter 4.0 ;
     pred:Learning 5.0 ;
     pred:Enjoyment 5.0 ;
     pred:Worry 2.0 ;
     pred:Depression 1.0 ;
     pred:Anger 2.0 ;
     pred:Stress 4.0 ;
     pred:Loneliness 6.0 .

:Respondent73_Emotional_Regulation_Frequency
                                   pred:Upset_by_Unexpected_Events 2.0 ;
                                   pred:Unable_to_Control_Important_Things 2.0 ;
                                   pred:Lacked_Confidence_Handling_Problems 2.0 ;
                                   pred:Unable_to_Cope 2.0 ;
                                   pred:Irritated_by_Life 2.0 ;
                                   pred:On_Top_of_Things 2.0 .
:Respondent73 pred:hasGroupResponse :Respondent73_Emotional_Regulation_Frequency .

:Respondent73_Anxiety_Symptoms_Frequency
                               pred:Feeling_Nervous_or_On_Edge 2.0 ;
                               pred:Trouble_Relaxing 1.0 ;
                               pred:Restlessness 1.0 ;
                               pred:Irritability 2.0 ;
                               pred:Fear_Something_Awful_Might_Happen 2.0 .
:Respondent73 pred:hasGroupResponse :Respondent73_Anxiety_Symptoms_Frequency .

:Respondent73_Depressive_Symptoms_Frequency
                                  pred:Anhedonia 1.0 ;
                                  pred:Sleep_Problems 2.0 ;
                                  pred:Fatigue 1.0 ;
                                  pred:Appetite_Changes 1.0 ;
                                  pred:Feelings_of_Worthlessness 1.0 ;
                                  pred:Concentration_Difficulties 1.0 ;
                                  pred:Suicidal_Thoughts 0.0 .
:Respondent73 pred:hasGroupResponse :Respondent73_Depressive_Symptoms_Frequency .

:Respondent85 pred:Year_of_birth 2004.0 ;
     pred:Gender 2.0 ;
     pred:Socio_economic_status 3.0 ;
     pred:Ethnic_identity 6.0 .

:Respondent85_Parental_Education
                       pred:Father 18.0 .
:Respondent85 pred:hasGroupResponse :Respondent85_Parental_Education .

:Respondent85 pred:Life_satisfaction 5.0 ;
     pred:Happiness 6.0 ;
     pred:Laughter 6.0 ;
     pred:Learning 8.0 ;
     pred:Enjoyment 5.0 ;
     pred:Worry 1.0 ;
     pred:Depression 1.0 ;
     pred:Anger 2.0 ;
     pred:Stress 4.0 ;
     pred:Loneliness 1.0 .

:Respondent85_Emotional_Regulation_Frequency
                                   pred:Upset_by_Unexpected_Events 2.0 ;
                                   pred:Unable_to_Control_Important_Things 3.0 ;
                                   pred:Lacked_Confidence_Handling_Problems 2.0 ;
                                   pred:Unable_to_Cope 3.0 ;
                                   pred:Irritated_by_Life 3.0 ;
                                   pred:On_Top_of_Things 2.0 .
:Respondent85 pred:hasGroupResponse :Respondent85_Emotional_Regulation_Frequency .

:Respondent85_Anxiety_Symptoms_Frequency
                               pred:Feeling_Nervous_or_On_Edge 1.0 ;
                               pred:Trouble_Relaxing 1.0 ;
                               pred:Restlessness 0.0 ;
                               pred:Irritability 1.0 ;
                               pred:Fear_Something_Awful_Might_Happen 1.0 .
:Respondent85 pred:hasGroupResponse :Respondent85_Anxiety_Symptoms_Frequency .

:Respondent85_Depressive_Symptoms_Frequency
                                  pred:Anhedonia 2.0 ;
                                  pred:Sleep_Problems 2.0 ;
                                  pred:Fatigue 3.0 ;
                                  pred:Appetite_Changes 3.0 ;
                                  pred:Feelings_of_Worthlessness 1.0 ;
                                  pred:Concentration_Difficulties 1.0 ;
                                  pred:Suicidal_Thoughts 0.0 .
:Respondent85 pred:hasGroupResponse :Respondent85_Depressive_Symptoms_Frequency .

:Respondent129 pred:Year_of_birth 2001.0 ;
     pred:Gender 2.0 ;
     pred:Socio_economic_status 3.0 ;
     pred:Ethnic_identity 6.0 .

:Respondent129_Parental_Education
                       pred:Father 13.0 ;
                       pred:Mother 13.0 .
:Respondent129 pred:hasGroupResponse :Respondent129_Parental_Education .

:Respondent129 pred:Life_satisfaction 8.0 ;
     pred:Happiness 9.0 ;
     pred:Laughter 6.0 ;
     pred:Learning 5.0 ;
     pred:Enjoyment 6.0 ;
     pred:Worry 1.0 ;
     pred:Depression 1.0 ;
     pred:Anger 1.0 ;
     pred:Stress 3.0 ;
     pred:Loneliness 0.0 .

:Respondent129_Emotional_Regulation_Frequency
                                   pred:Upset_by_Unexpected_Events 1.0 ;
                                   pred:Unable_to_Control_Important_Things 1.0 ;
                                   pred:Lacked_Confidence_Handling_Problems 3.0 ;
                                   pred:Unable_to_Cope 2.0 ;
                                   pred:Irritated_by_Life 3.0 ;
                                   pred:On_Top_of_Things 2.0 .
:Respondent129 pred:hasGroupResponse :Respondent129_Emotional_Regulation_Frequency .

:Respondent129_Anxiety_Symptoms_Frequency
                               pred:Feeling_Nervous_or_On_Edge 1.0 ;
                               pred:Trouble_Relaxing 1.0 ;
                               pred:Restlessness 0.0 ;
                               pred:Irritability 0.0 ;
                               pred:Fear_Something_Awful_Might_Happen 0.0 .
:Respondent129 pred:hasGroupResponse :Respondent129_Anxiety_Symptoms_Frequency .

:Respondent129_Depressive_Symptoms_Frequency
                                  pred:Anhedonia 1.0 ;
                                  pred:Sleep_Problems 1.0 ;
                                  pred:Fatigue 2.0 ;
                                  pred:Appetite_Changes 2.0 ;
                                  pred:Feelings_of_Worthlessness 0.0 ;
                                  pred:Concentration_Difficulties 2.0 ;
                                  pred:Suicidal_Thoughts 0.0 .
:Respondent129 pred:hasGroupResponse :Respondent129_Depressive_Symptoms_Frequency .

Answer: 2.0

@prefix : <http://example.org/survey#> .
@prefix pred: <http://example.org/predicate#> .
@prefix qg: <http://example.org/question_group#> .

# Questions
:QYear_of_birth pred:Text ""What is your date of birth? [Open-ended]"" .
:QGender pred:Text ""What is your gender? [MCQ: 1. Male 2. Female]"" .
:QSocio_economic_status pred:Text ""What is the socio-economic status of your home? [Likert 1–6: 1 = Very low, 6 = Very high]"" .
:QEthnic_identity pred:Text ""According to your culture, people, or physical features, you are or are recognized as: [MCQ: 1. Indigenous 2. Gypsy 3. Raizal from San Andres, Providencia and Santa Catalina Archipelago 4. Palenquero from San Basilio 5. Black, mulatto (Afro-descendant), Afro-Colombian 6. None of the above]"" .

:QGParental_Education pred:BaseQuestion ""How many years of education did your parents receive? [Open-ended]"" ;
    qg:hasSubQuestion :QParental_Education_Father, :QParental_Education_Mother .
:QParental_Education_Father pred:Text ""Father?"" .
:QParental_Education_Mother pred:Text ""Mother?"" .

:QLife_satisfaction pred:Text ""In general, how satisfied are you with all aspects of your life? [Likert 0–10: 0 = Not satisfied, 10 = Totally satisfied]"" .
:QHappiness pred:Text ""How happy did you feel yesterday? [Likert 0–10: 0 = At no time, 10 = All the time]"" .
:QLaughter pred:Text ""How much did you laugh yesterday? [Likert 0–10: 0 = At no time, 10 = All the time]"" .
:QLearning pred:Text ""Did you learn new or exciting things yesterday? [Likert 0–10: 0 = At no time, 10 = All the time]"" .
:QEnjoyment pred:Text ""How much did you enjoy the activities you did yesterday? [Likert 0–10: 0 = At no time, 10 = All the time]"" .
:QWorry pred:Text ""How worried did you feel yesterday? [Likert 0–10: 0 = At no time, 10 = All the time]"" .
:QDepression pred:Text ""How depressed did you feel yesterday? [Likert 0–10: 0 = At no time, 10 = All the time]"" .
:QAnger pred:Text ""How angry did you feel yesterday? [Likert 0–10: 0 = At no time, 10 = All the time]"" .
:QStress pred:Text ""How much stress did you feel yesterday? [Likert 0–10: 0 = At no time, 10 = All the time]"" .
:QLoneliness pred:Text ""How lonely or unsupported did you feel yesterday? [Likert 0–10: 0 = At no time, 10 = All the time]"" .

:QGEmotional_Regulation_Frequency pred:BaseQuestion ""Next, you will be asked questions about your emotional state. Please answer on a scale of 0 to 4, where 0 is never, 1 is 'almost never', 2 is 'sometimes', 3 is 'fairly often', and 4 is 'very often', how often you experienced the following feelings during the last month: [Likert 0–4]"" ;
    qg:hasSubQuestion :QEmotional_Regulation_Frequency_Upset_by_Unexpected_Events,
                      :QEmotional_Regulation_Frequency_Unable_to_Control_Important_Things,
                      :QEmotional_Regulation_Frequency_Nervous_and_Stressed,
                      :QEmotional_Regulation_Frequency_Lacked_Confidence_Handling_Problems,
                      :QEmotional_Regulation_Frequency_Things_Going_Your_Way,
                      :QEmotional_Regulation_Frequency_Unable_to_Cope,
                      :QEmotional_Regulation_Frequency_Irritated_by_Life,
                      :QEmotional_Regulation_Frequency_On_Top_of_Things,
                      :QEmotional_Regulation_Frequency_Angered_by_Uncontrollable_Events,
                      :QEmotional_Regulation_Frequency_Felt_Overwhelmed .

:QEmotional_Regulation_Frequency_Upset_by_Unexpected_Events pred:Text ""how often have you been upset because of something that happened unexpectedly?"" .
:QEmotional_Regulation_Frequency_Unable_to_Control_Important_Things pred:Text ""how often have you felt that you were unable to control the important things in your life?"" .
:QEmotional_Regulation_Frequency_Nervous_and_Stressed pred:Text ""how often have you felt nervous and stressed?"" .
:QEmotional_Regulation_Frequency_Lacked_Confidence_Handling_Problems pred:Text ""how often have you felt confident about your ability to handle your personal problems?"" .
:QEmotional_Regulation_Frequency_Things_Going_Your_Way pred:Text ""how often have you felt that things were going your way?"" .
:QEmotional_Regulation_Frequency_Unable_to_Cope pred:Text ""how often have you found that you could not cope with all the things that you had to do?"" .
:QEmotional_Regulation_Frequency_Irritated_by_Life pred:Text ""how often have you been able to control irritations in your life?"" .
:QEmotional_Regulation_Frequency_On_Top_of_Things pred:Text ""how often have you felt that you were on top of things?"" .
:QEmotional_Regulation_Frequency_Angered_by_Uncontrollable_Events pred:Text ""how often have you been angered because of things that happened that were outside of your control?"" .
:QEmotional_Regulation_Frequency_Felt_Overwhelmed pred:Text ""how often have you felt difficulties were piling up so high that you could not overcome them?"" .

:QGAnxiety_Symptoms_Frequency pred:BaseQuestion ""Next, you will be asked questions about your emotional state. Please answer on a scale of 0 to 3, where 0 is 'Not at all', 1 is 'several days', 2 is 'more than half of the days', and 3 is 'Nearly every day'. Over the last two weeks, how often have you been bothered by the following problems? [Likert 0–3]"" ;
    qg:hasSubQuestion :QAnxiety_Symptoms_Frequency_Feeling_Nervous_or_On_Edge,
                      :QAnxiety_Symptoms_Frequency_Uncontrollable_Worrying,
                      :QAnxiety_Symptoms_Frequency_Excessive_Worry,
                      :QAnxiety_Symptoms_Frequency_Trouble_Relaxing,
                      :QAnxiety_Symptoms_Frequency_Restlessness,
                      :QAnxiety_Symptoms_Frequency_Irritability,
                      :QAnxiety_Symptoms_Frequency_Fear_Something_Awful_Might_Happen .

:QAnxiety_Symptoms_Frequency_Feeling_Nervous_or_On_Edge pred:Text ""Feeling nervous, anxious, or on edge"" .
:QAnxiety_Symptoms_Frequency_Uncontrollable_Worrying pred:Text ""Not being able to stop or control worrying"" .
:QAnxiety_Symptoms_Frequency_Excessive_Worry pred:Text ""Worrying too much about different things"" .
:QAnxiety_Symptoms_Frequency_Trouble_Relaxing pred:Text ""Trouble relaxing"" .
:QAnxiety_Symptoms_Frequency_Restlessness pred:Text ""Being so restless that it is hard to sit still"" .
:QAnxiety_Symptoms_Frequency_Irritability pred:Text ""Becoming easily annoyed or irritable"" .
:QAnxiety_Symptoms_Frequency_Fear_Something_Awful_Might_Happen pred:Text ""Feeling afraid, as if something awful might happen"" .

:QGDepressive_Symptoms_Frequency pred:BaseQuestion ""Next, you will be asked questions about your emotional state. Please answer on a scale of 0 to 3, where 0 is 'Not at all', 1 is 'several days', 2 is 'more than half of the days', and 3 is 'Nearly every day'. Over the last two weeks, how often have you been bothered by the following problems?"" ;
    qg:hasSubQuestion :QDepressive_Symptoms_Frequency_Anhedonia,
                      :QDepressive_Symptoms_Frequency_Depressed_Mood,
                      :QDepressive_Symptoms_Frequency_Sleep_Problems,
                      :QDepressive_Symptoms_Frequency_Fatigue,
                      :QDepressive_Symptoms_Frequency_Appetite_Changes,
                      :QDepressive_Symptoms_Frequency_Feelings_of_Worthlessness,
                      :QDepressive_Symptoms_Frequency_Concentration_Difficulties,
                      :QDepressive_Symptoms_Frequency_Psychomotor_Changes,
                      :QDepressive_Symptoms_Frequency_Suicidal_Thoughts .

:QDepressive_Symptoms_Frequency_Anhedonia pred:Text ""Little interest or pleasure in doing things"" .
:QDepressive_Symptoms_Frequency_Depressed_Mood pred:Text ""Feeling down, depressed, or hopeless"" .
:QDepressive_Symptoms_Frequency_Sleep_Problems pred:Text ""Trouble falling or staying asleep, or sleeping too much"" .
:QDepressive_Symptoms_Frequency_Fatigue pred:Text ""Feeling tired or having little energy"" .
:QDepressive_Symptoms_Frequency_Appetite_Changes pred:Text ""Poor appetite or overeating"" .
:QDepressive_Symptoms_Frequency_Feelings_of_Worthlessness pred:Text ""Feeling bad about yourself or that you are a failure or have let yourself or your family down"" .
:QDepressive_Symptoms_Frequency_Concentration_Difficulties pred:Text ""Trouble concentrating on things, such as reading the newspaper or watching television"" .
:QDepressive_Symptoms_Frequency_Psychomotor_Changes pred:Text ""Moving or speaking so slowly that other people could have noticed. Or the opposite — being so fidgety or restless that you have been moving around a lot more than usual"" .
:QDepressive_Symptoms_Frequency_Suicidal_Thoughts pred:Text ""Thoughts that you would be better off dead, or of hurting yourself"" .

# Responses
:Respondent2 pred:Year_of_birth 1999.0 ;
     pred:Gender 1.0 ;
     pred:Socio_economic_status 2.0 ;
     pred:Ethnic_identity 1.0 .

:Respondent2 pred:Life_satisfaction 8.0 ;
     pred:Happiness 4.0 ;
     pred:Laughter 8.0 ;
     pred:Learning 3.0 ;
     pred:Enjoyment 5.0 ;
     pred:Worry 1.0 ;
     pred:Depression 2.0 ;
     pred:Anger 3.0 ;
     pred:Stress 3.0 ;
     pred:Loneliness 7.0 .

:Respondent2_Emotional_Regulation_Frequency
                                   pred:Upset_by_Unexpected_Events 1.0 ;
                                   pred:Unable_to_Control_Important_Things 2.0 ;
                                   pred:Lacked_Confidence_Handling_Problems 2.0 ;
                                   pred:Unable_to_Cope 2.0 ;
                                   pred:Irritated_by_Life 3.0 ;
                                   pred:On_Top_of_Things 2.0 .
:Respondent2 pred:hasGroupResponse :Respondent2_Emotional_Regulation_Frequency .

:Respondent2_Anxiety_Symptoms_Frequency
                               pred:Feeling_Nervous_or_On_Edge 0.0 ;
                               pred:Trouble_Relaxing 1.0 ;
                               pred:Restlessness 0.0 ;
                               pred:Irritability 1.0 ;
                               pred:Fear_Something_Awful_Might_Happen 1.0 .
:Respondent2 pred:hasGroupResponse :Respondent2_Anxiety_Symptoms_Frequency .

:Respondent2_Depressive_Symptoms_Frequency
                                  pred:Anhedonia 2.0 ;
                                  pred:Sleep_Problems 0.0 ;
                                  pred:Fatigue 3.0 ;
                                  pred:Appetite_Changes 2.0 ;
                                  pred:Feelings_of_Worthlessness 1.0 ;
                                  pred:Concentration_Difficulties 1.0 ;
                                  pred:Suicidal_Thoughts 0.0 .
:Respondent2 pred:hasGroupResponse :Respondent2_Depressive_Symptoms_Frequency .

:Respondent95 pred:Year_of_birth 2003.0 ;
     pred:Gender 1.0 ;
     pred:Socio_economic_status 1.0 ;
     pred:Ethnic_identity 6.0 .

:Respondent95 pred:Life_satisfaction 7.0 ;
     pred:Happiness 7.0 ;
     pred:Laughter 5.0 ;
     pred:Learning 6.0 ;
     pred:Enjoyment 7.0 ;
     pred:Worry 1.0 ;
     pred:Depression 0.0 ;
     pred:Anger 3.0 ;
     pred:Stress 2.0 ;
     pred:Loneliness 4.0 .

:Respondent95_Emotional_Regulation_Frequency
                                   pred:Upset_by_Unexpected_Events 2.0 ;
                                   pred:Unable_to_Control_Important_Things 1.0 ;
                                   pred:Lacked_Confidence_Handling_Problems 2.0 ;
                                   pred:Unable_to_Cope 1.0 ;
                                   pred:Irritated_by_Life 3.0 ;
                                   pred:On_Top_of_Things 4.0 .
:Respondent95 pred:hasGroupResponse :Respondent95_Emotional_Regulation_Frequency .

:Respondent95_Anxiety_Symptoms_Frequency
                               pred:Feeling_Nervous_or_On_Edge 1.0 ;
                               pred:Trouble_Relaxing 1.0 ;
                               pred:Restlessness 0.0 ;
                               pred:Irritability 2.0 ;
                               pred:Fear_Something_Awful_Might_Happen 1.0 .
:Respondent95 pred:hasGroupResponse :Respondent95_Anxiety_Symptoms_Frequency .

:Respondent95_Depressive_Symptoms_Frequency
                                  pred:Anhedonia 1.0 ;
                                  pred:Sleep_Problems 2.0 ;
                                  pred:Fatigue 2.0 ;
                                  pred:Appetite_Changes 1.0 ;
                                  pred:Feelings_of_Worthlessness 0.0 ;
                                  pred:Concentration_Difficulties 2.0 ;
                                  pred:Suicidal_Thoughts 0.0 .
:Respondent95 pred:hasGroupResponse :Respondent95_Depressive_Symptoms_Frequency .

:Respondent126 pred:Year_of_birth 2004.0 ;
     pred:Gender 1.0 ;
     pred:Socio_economic_status 4.0 ;
     pred:Ethnic_identity 6.0 .

:Respondent126_Parental_Education
                       pred:Father 22.0 ;
                       pred:Mother 24.0 .
:Respondent126 pred:hasGroupResponse :Respondent126_Parental_Education .

:Respondent126 pred:Life_satisfaction 10.0 ;
     pred:Happiness 10.0 ;
     pred:Laughter 6.0 ;
     pred:Learning 3.0 ;
     pred:Enjoyment 5.0 ;
     pred:Worry 0.0 ;
     pred:Depression 0.0 ;
     pred:Anger 2.0 ;
     pred:Stress 3.0 ;
     pred:Loneliness 0.0 .

:Respondent126_Emotional_Regulation_Frequency
                                   pred:Upset_by_Unexpected_Events 2.0 ;
                                   pred:Unable_to_Control_Important_Things 4.0 ;
                                   pred:Lacked_Confidence_Handling_Problems 3.0 ;
                                   pred:Unable_to_Cope 3.0 ;
                                   pred:Irritated_by_Life 2.0 ;
                                   pred:On_Top_of_Things 0.0 .
:Respondent126 pred:hasGroupResponse :Respondent126_Emotional_Regulation_Frequency .

:Respondent126_Anxiety_Symptoms_Frequency
                               pred:Feeling_Nervous_or_On_Edge 1.0 ;
                               pred:Trouble_Relaxing 0.0 ;
                               pred:Restlessness 0.0 ;
                               pred:Irritability 1.0 ;
                               pred:Fear_Something_Awful_Might_Happen 1.0 .
:Respondent126 pred:hasGroupResponse :Respondent126_Anxiety_Symptoms_Frequency .

:Respondent126_Depressive_Symptoms_Frequency
                                  pred:Anhedonia 1.0 ;
                                  pred:Sleep_Problems 1.0 ;
                                  pred:Fatigue 1.0 ;
                                  pred:Appetite_Changes 1.0 ;
                                  pred:Feelings_of_Worthlessness 1.0 ;
                                  pred:Concentration_Difficulties 1.0 ;
                                  pred:Suicidal_Thoughts 0.0 .
:Respondent126 pred:hasGroupResponse :Respondent126_Depressive_Symptoms_Frequency .

You are a meticulous data analyst AI. Your primary function is to accurately analyze structured data and provide precise, verifiable answers.

You will be given a dataset with two key parts:

A 'questions' section: This is your data dictionary or schema. It is the single source of truth for understanding what each field and score means. Refer to it carefully.

A 'responses' section: This contains the raw data from each individual respondent.

To answer the question correctly, you must first use the 'questions' schema to fully understand the context and meaning of the data points within the 'responses'. Do not rely on any prior knowledge outside of this provided data. Base your entire analysis on the information given.

Provide your final answer directly and concisely. Output must be the human-readable value, not an option code.

Rules:
- For MCQ fields, map any letter codes in the Responses (case-insensitive) to the corresponding option text from the Questions schema, and output only that text. Do NOT include the letter or both.
  Example: If the schema is ""[MCQ: A. Abnormal B. Inconclusive C. Normal]"" and the response is ""a"", output ""Abnormal"".
- For open-ended fields, output the exact text value.
- If the question asks for a count, provide only the number (e.g., ""42"").
- If the question asks for a list of names or IDs, provide a simple comma-separated list (e.g., ""17, 21, 23"").
- Preserve capitalization exactly as in the schema (e.g., output ""Abnormal"", not ""abnormal"" or ""A"").

What is the depression for respondent 126?",,
case_37,answer_lookup,What is the year of birth for respondent 16?,"@prefix : <http://example.org/survey#> .
@prefix pred: <http://example.org/predicate#> .
@prefix qg: <http://example.org/question_group#> .

# Questions
:QYear_of_birth pred:Text ""What is your date of birth? [Open-ended]"" .
:QGender pred:Text ""What is your gender? [MCQ: 1. Male 2. Female]"" .
:QSocio_economic_status pred:Text ""What is the socio-economic status of your home? [Likert 1–6: 1 = Very low, 6 = Very high]"" .
:QEthnic_identity pred:Text ""According to your culture, people, or physical features, you are or are recognized as: [MCQ: 1. Indigenous 2. Gypsy 3. Raizal from San Andres, Providencia and Santa Catalina Archipelago 4. Palenquero from San Basilio 5. Black, mulatto (Afro-descendant), Afro-Colombian 6. None of the above]"" .

:QGParental_Education pred:BaseQuestion ""How many years of education did your parents receive? [Open-ended]"" ;
    qg:hasSubQuestion :QParental_Education_Father, :QParental_Education_Mother .
:QParental_Education_Father pred:Text ""Father?"" .
:QParental_Education_Mother pred:Text ""Mother?"" .

:QLife_satisfaction pred:Text ""In general, how satisfied are you with all aspects of your life? [Likert 0–10: 0 = Not satisfied, 10 = Totally satisfied]"" .
:QHappiness pred:Text ""How happy did you feel yesterday? [Likert 0–10: 0 = At no time, 10 = All the time]"" .
:QLaughter pred:Text ""How much did you laugh yesterday? [Likert 0–10: 0 = At no time, 10 = All the time]"" .
:QLearning pred:Text ""Did you learn new or exciting things yesterday? [Likert 0–10: 0 = At no time, 10 = All the time]"" .
:QEnjoyment pred:Text ""How much did you enjoy the activities you did yesterday? [Likert 0–10: 0 = At no time, 10 = All the time]"" .
:QWorry pred:Text ""How worried did you feel yesterday? [Likert 0–10: 0 = At no time, 10 = All the time]"" .
:QDepression pred:Text ""How depressed did you feel yesterday? [Likert 0–10: 0 = At no time, 10 = All the time]"" .
:QAnger pred:Text ""How angry did you feel yesterday? [Likert 0–10: 0 = At no time, 10 = All the time]"" .
:QStress pred:Text ""How much stress did you feel yesterday? [Likert 0–10: 0 = At no time, 10 = All the time]"" .
:QLoneliness pred:Text ""How lonely or unsupported did you feel yesterday? [Likert 0–10: 0 = At no time, 10 = All the time]"" .

:QGEmotional_Regulation_Frequency pred:BaseQuestion ""Next, you will be asked questions about your emotional state. Please answer on a scale of 0 to 4, where 0 is never, 1 is 'almost never', 2 is 'sometimes', 3 is 'fairly often', and 4 is 'very often', how often you experienced the following feelings during the last month: [Likert 0–4]"" ;
    qg:hasSubQuestion :QEmotional_Regulation_Frequency_Upset_by_Unexpected_Events,
                      :QEmotional_Regulation_Frequency_Unable_to_Control_Important_Things,
                      :QEmotional_Regulation_Frequency_Nervous_and_Stressed,
                      :QEmotional_Regulation_Frequency_Lacked_Confidence_Handling_Problems,
                      :QEmotional_Regulation_Frequency_Things_Going_Your_Way,
                      :QEmotional_Regulation_Frequency_Unable_to_Cope,
                      :QEmotional_Regulation_Frequency_Irritated_by_Life,
                      :QEmotional_Regulation_Frequency_On_Top_of_Things,
                      :QEmotional_Regulation_Frequency_Angered_by_Uncontrollable_Events,
                      :QEmotional_Regulation_Frequency_Felt_Overwhelmed .

:QEmotional_Regulation_Frequency_Upset_by_Unexpected_Events pred:Text ""how often have you been upset because of something that happened unexpectedly?"" .
:QEmotional_Regulation_Frequency_Unable_to_Control_Important_Things pred:Text ""how often have you felt that you were unable to control the important things in your life?"" .
:QEmotional_Regulation_Frequency_Nervous_and_Stressed pred:Text ""how often have you felt nervous and stressed?"" .
:QEmotional_Regulation_Frequency_Lacked_Confidence_Handling_Problems pred:Text ""how often have you felt confident about your ability to handle your personal problems?"" .
:QEmotional_Regulation_Frequency_Things_Going_Your_Way pred:Text ""how often have you felt that things were going your way?"" .
:QEmotional_Regulation_Frequency_Unable_to_Cope pred:Text ""how often have you found that you could not cope with all the things that you had to do?"" .
:QEmotional_Regulation_Frequency_Irritated_by_Life pred:Text ""how often have you been able to control irritations in your life?"" .
:QEmotional_Regulation_Frequency_On_Top_of_Things pred:Text ""how often have you felt that you were on top of things?"" .
:QEmotional_Regulation_Frequency_Angered_by_Uncontrollable_Events pred:Text ""how often have you been angered because of things that happened that were outside of your control?"" .
:QEmotional_Regulation_Frequency_Felt_Overwhelmed pred:Text ""how often have you felt difficulties were piling up so high that you could not overcome them?"" .

:QGAnxiety_Symptoms_Frequency pred:BaseQuestion ""Next, you will be asked questions about your emotional state. Please answer on a scale of 0 to 3, where 0 is 'Not at all', 1 is 'several days', 2 is 'more than half of the days', and 3 is 'Nearly every day'. Over the last two weeks, how often have you been bothered by the following problems? [Likert 0–3]"" ;
    qg:hasSubQuestion :QAnxiety_Symptoms_Frequency_Feeling_Nervous_or_On_Edge,
                      :QAnxiety_Symptoms_Frequency_Uncontrollable_Worrying,
                      :QAnxiety_Symptoms_Frequency_Excessive_Worry,
                      :QAnxiety_Symptoms_Frequency_Trouble_Relaxing,
                      :QAnxiety_Symptoms_Frequency_Restlessness,
                      :QAnxiety_Symptoms_Frequency_Irritability,
                      :QAnxiety_Symptoms_Frequency_Fear_Something_Awful_Might_Happen .

:QAnxiety_Symptoms_Frequency_Feeling_Nervous_or_On_Edge pred:Text ""Feeling nervous, anxious, or on edge"" .
:QAnxiety_Symptoms_Frequency_Uncontrollable_Worrying pred:Text ""Not being able to stop or control worrying"" .
:QAnxiety_Symptoms_Frequency_Excessive_Worry pred:Text ""Worrying too much about different things"" .
:QAnxiety_Symptoms_Frequency_Trouble_Relaxing pred:Text ""Trouble relaxing"" .
:QAnxiety_Symptoms_Frequency_Restlessness pred:Text ""Being so restless that it is hard to sit still"" .
:QAnxiety_Symptoms_Frequency_Irritability pred:Text ""Becoming easily annoyed or irritable"" .
:QAnxiety_Symptoms_Frequency_Fear_Something_Awful_Might_Happen pred:Text ""Feeling afraid, as if something awful might happen"" .

:QGDepressive_Symptoms_Frequency pred:BaseQuestion ""Next, you will be asked questions about your emotional state. Please answer on a scale of 0 to 3, where 0 is 'Not at all', 1 is 'several days', 2 is 'more than half of the days', and 3 is 'Nearly every day'. Over the last two weeks, how often have you been bothered by the following problems?"" ;
    qg:hasSubQuestion :QDepressive_Symptoms_Frequency_Anhedonia,
                      :QDepressive_Symptoms_Frequency_Depressed_Mood,
                      :QDepressive_Symptoms_Frequency_Sleep_Problems,
                      :QDepressive_Symptoms_Frequency_Fatigue,
                      :QDepressive_Symptoms_Frequency_Appetite_Changes,
                      :QDepressive_Symptoms_Frequency_Feelings_of_Worthlessness,
                      :QDepressive_Symptoms_Frequency_Concentration_Difficulties,
                      :QDepressive_Symptoms_Frequency_Psychomotor_Changes,
                      :QDepressive_Symptoms_Frequency_Suicidal_Thoughts .

:QDepressive_Symptoms_Frequency_Anhedonia pred:Text ""Little interest or pleasure in doing things"" .
:QDepressive_Symptoms_Frequency_Depressed_Mood pred:Text ""Feeling down, depressed, or hopeless"" .
:QDepressive_Symptoms_Frequency_Sleep_Problems pred:Text ""Trouble falling or staying asleep, or sleeping too much"" .
:QDepressive_Symptoms_Frequency_Fatigue pred:Text ""Feeling tired or having little energy"" .
:QDepressive_Symptoms_Frequency_Appetite_Changes pred:Text ""Poor appetite or overeating"" .
:QDepressive_Symptoms_Frequency_Feelings_of_Worthlessness pred:Text ""Feeling bad about yourself or that you are a failure or have let yourself or your family down"" .
:QDepressive_Symptoms_Frequency_Concentration_Difficulties pred:Text ""Trouble concentrating on things, such as reading the newspaper or watching television"" .
:QDepressive_Symptoms_Frequency_Psychomotor_Changes pred:Text ""Moving or speaking so slowly that other people could have noticed. Or the opposite — being so fidgety or restless that you have been moving around a lot more than usual"" .
:QDepressive_Symptoms_Frequency_Suicidal_Thoughts pred:Text ""Thoughts that you would be better off dead, or of hurting yourself"" .

# Responses
:Respondent16 pred:Year_of_birth 2001.0 ;
     pred:Gender 1.0 ;
     pred:Socio_economic_status 5.0 ;
     pred:Ethnic_identity 6.0 .

:Respondent16_Parental_Education
                       pred:Father 30.0 ;
                       pred:Mother 20.0 .
:Respondent16 pred:hasGroupResponse :Respondent16_Parental_Education .

:Respondent16 pred:Life_satisfaction 6.0 ;
     pred:Happiness 9.0 ;
     pred:Laughter 10.0 ;
     pred:Learning 5.0 ;
     pred:Enjoyment 10.0 ;
     pred:Worry 2.0 ;
     pred:Depression 1.0 ;
     pred:Anger 4.0 ;
     pred:Stress 2.0 ;
     pred:Loneliness 1.0 .

:Respondent16_Emotional_Regulation_Frequency
                                   pred:Upset_by_Unexpected_Events 3.0 ;
                                   pred:Unable_to_Control_Important_Things 2.0 ;
                                   pred:Lacked_Confidence_Handling_Problems 2.0 ;
                                   pred:Unable_to_Cope 1.0 ;
                                   pred:Irritated_by_Life 3.0 ;
                                   pred:On_Top_of_Things 1.0 .
:Respondent16 pred:hasGroupResponse :Respondent16_Emotional_Regulation_Frequency .

:Respondent16_Anxiety_Symptoms_Frequency
                               pred:Feeling_Nervous_or_On_Edge 1.0 ;
                               pred:Trouble_Relaxing 1.0 ;
                               pred:Restlessness 0.0 ;
                               pred:Irritability 1.0 ;
                               pred:Fear_Something_Awful_Might_Happen 1.0 .
:Respondent16 pred:hasGroupResponse :Respondent16_Anxiety_Symptoms_Frequency .

:Respondent16_Depressive_Symptoms_Frequency
                                  pred:Anhedonia 1.0 ;
                                  pred:Sleep_Problems 2.0 ;
                                  pred:Fatigue 2.0 ;
                                  pred:Appetite_Changes 0.0 ;
                                  pred:Feelings_of_Worthlessness 0.0 ;
                                  pred:Concentration_Difficulties 0.0 ;
                                  pred:Suicidal_Thoughts 0.0 .
:Respondent16 pred:hasGroupResponse :Respondent16_Depressive_Symptoms_Frequency .

:Respondent71 pred:Year_of_birth 2001.0 ;
     pred:Gender 2.0 ;
     pred:Socio_economic_status 4.0 ;
     pred:Ethnic_identity 6.0 .

:Respondent71_Parental_Education
                       pred:Father 15.0 ;
                       pred:Mother 17.0 .
:Respondent71 pred:hasGroupResponse :Respondent71_Parental_Education .

:Respondent71 pred:Life_satisfaction 8.0 ;
     pred:Happiness 9.0 ;
     pred:Laughter 7.0 ;
     pred:Learning 5.0 ;
     pred:Enjoyment 8.0 ;
     pred:Worry 1.0 ;
     pred:Depression 0.0 ;
     pred:Anger 2.0 ;
     pred:Stress 1.0 ;
     pred:Loneliness 5.0 .

:Respondent71_Emotional_Regulation_Frequency
                                   pred:Upset_by_Unexpected_Events 1.0 ;
                                   pred:Unable_to_Control_Important_Things 1.0 ;
                                   pred:Lacked_Confidence_Handling_Problems 3.0 ;
                                   pred:Unable_to_Cope 1.0 ;
                                   pred:Irritated_by_Life 3.0 ;
                                   pred:On_Top_of_Things 3.0 .
:Respondent71 pred:hasGroupResponse :Respondent71_Emotional_Regulation_Frequency .

:Respondent71_Anxiety_Symptoms_Frequency
                               pred:Feeling_Nervous_or_On_Edge 0.0 ;
                               pred:Trouble_Relaxing 0.0 ;
                               pred:Restlessness 0.0 ;
                               pred:Irritability 0.0 ;
                               pred:Fear_Something_Awful_Might_Happen 0.0 .
:Respondent71 pred:hasGroupResponse :Respondent71_Anxiety_Symptoms_Frequency .

:Respondent71_Depressive_Symptoms_Frequency
                                  pred:Anhedonia 0.0 ;
                                  pred:Sleep_Problems 0.0 ;
                                  pred:Fatigue 0.0 ;
                                  pred:Appetite_Changes 0.0 ;
                                  pred:Feelings_of_Worthlessness 0.0 ;
                                  pred:Concentration_Difficulties 0.0 ;
                                  pred:Suicidal_Thoughts 0.0 .
:Respondent71 pred:hasGroupResponse :Respondent71_Depressive_Symptoms_Frequency .

:Respondent6 pred:Year_of_birth 2001.0 ;
     pred:Gender 1.0 ;
     pred:Socio_economic_status 5.0 ;
     pred:Ethnic_identity 6.0 .

:Respondent6_Parental_Education
                       pred:Father 22.0 ;
                       pred:Mother 25.0 .
:Respondent6 pred:hasGroupResponse :Respondent6_Parental_Education .

:Respondent6 pred:Life_satisfaction 6.0 ;
     pred:Happiness 8.0 ;
     pred:Laughter 6.0 ;
     pred:Learning 5.0 ;
     pred:Enjoyment 9.0 ;
     pred:Worry 2.0 ;
     pred:Depression 0.0 ;
     pred:Anger 1.0 ;
     pred:Stress 1.0 ;
     pred:Loneliness 1.0 .

:Respondent6_Emotional_Regulation_Frequency
                                   pred:Upset_by_Unexpected_Events 2.0 ;
                                   pred:Unable_to_Control_Important_Things 2.0 ;
                                   pred:Lacked_Confidence_Handling_Problems 3.0 ;
                                   pred:Unable_to_Cope 2.0 ;
                                   pred:Irritated_by_Life 3.0 ;
                                   pred:On_Top_of_Things 3.0 .
:Respondent6 pred:hasGroupResponse :Respondent6_Emotional_Regulation_Frequency .

:Respondent6_Anxiety_Symptoms_Frequency
                               pred:Feeling_Nervous_or_On_Edge 1.0 ;
                               pred:Trouble_Relaxing 1.0 ;
                               pred:Restlessness 1.0 ;
                               pred:Irritability 1.0 ;
                               pred:Fear_Something_Awful_Might_Happen 0.0 .
:Respondent6 pred:hasGroupResponse :Respondent6_Anxiety_Symptoms_Frequency .

:Respondent6_Depressive_Symptoms_Frequency
                                  pred:Anhedonia 0.0 ;
                                  pred:Sleep_Problems 1.0 ;
                                  pred:Fatigue 0.0 ;
                                  pred:Appetite_Changes 0.0 ;
                                  pred:Feelings_of_Worthlessness 0.0 ;
                                  pred:Concentration_Difficulties 1.0 ;
                                  pred:Suicidal_Thoughts 0.0 .
:Respondent6 pred:hasGroupResponse :Respondent6_Depressive_Symptoms_Frequency .
",2001.0,"For respondent 129, what is the value for 'Appetite Changes' in the 'Depressive Symptoms Frequency' category?

DATA:

@prefix : <http://example.org/survey#> .
@prefix pred: <http://example.org/predicate#> .
@prefix qg: <http://example.org/question_group#> .

# Questions
:QYear_of_birth pred:Text ""What is your date of birth? [Open-ended]"" .
:QGender pred:Text ""What is your gender? [MCQ: 1. Male 2. Female]"" .
:QSocio_economic_status pred:Text ""What is the socio-economic status of your home? [Likert 1–6: 1 = Very low, 6 = Very high]"" .
:QEthnic_identity pred:Text ""According to your culture, people, or physical features, you are or are recognized as: [MCQ: 1. Indigenous 2. Gypsy 3. Raizal from San Andres, Providencia and Santa Catalina Archipelago 4. Palenquero from San Basilio 5. Black, mulatto (Afro-descendant), Afro-Colombian 6. None of the above]"" .

:QGParental_Education pred:BaseQuestion ""How many years of education did your parents receive? [Open-ended]"" ;
    qg:hasSubQuestion :QParental_Education_Father, :QParental_Education_Mother .
:QParental_Education_Father pred:Text ""Father?"" .
:QParental_Education_Mother pred:Text ""Mother?"" .

:QLife_satisfaction pred:Text ""In general, how satisfied are you with all aspects of your life? [Likert 0–10: 0 = Not satisfied, 10 = Totally satisfied]"" .
:QHappiness pred:Text ""How happy did you feel yesterday? [Likert 0–10: 0 = At no time, 10 = All the time]"" .
:QLaughter pred:Text ""How much did you laugh yesterday? [Likert 0–10: 0 = At no time, 10 = All the time]"" .
:QLearning pred:Text ""Did you learn new or exciting things yesterday? [Likert 0–10: 0 = At no time, 10 = All the time]"" .
:QEnjoyment pred:Text ""How much did you enjoy the activities you did yesterday? [Likert 0–10: 0 = At no time, 10 = All the time]"" .
:QWorry pred:Text ""How worried did you feel yesterday? [Likert 0–10: 0 = At no time, 10 = All the time]"" .
:QDepression pred:Text ""How depressed did you feel yesterday? [Likert 0–10: 0 = At no time, 10 = All the time]"" .
:QAnger pred:Text ""How angry did you feel yesterday? [Likert 0–10: 0 = At no time, 10 = All the time]"" .
:QStress pred:Text ""How much stress did you feel yesterday? [Likert 0–10: 0 = At no time, 10 = All the time]"" .
:QLoneliness pred:Text ""How lonely or unsupported did you feel yesterday? [Likert 0–10: 0 = At no time, 10 = All the time]"" .

:QGEmotional_Regulation_Frequency pred:BaseQuestion ""Next, you will be asked questions about your emotional state. Please answer on a scale of 0 to 4, where 0 is never, 1 is 'almost never', 2 is 'sometimes', 3 is 'fairly often', and 4 is 'very often', how often you experienced the following feelings during the last month: [Likert 0–4]"" ;
    qg:hasSubQuestion :QEmotional_Regulation_Frequency_Upset_by_Unexpected_Events,
                      :QEmotional_Regulation_Frequency_Unable_to_Control_Important_Things,
                      :QEmotional_Regulation_Frequency_Nervous_and_Stressed,
                      :QEmotional_Regulation_Frequency_Lacked_Confidence_Handling_Problems,
                      :QEmotional_Regulation_Frequency_Things_Going_Your_Way,
                      :QEmotional_Regulation_Frequency_Unable_to_Cope,
                      :QEmotional_Regulation_Frequency_Irritated_by_Life,
                      :QEmotional_Regulation_Frequency_On_Top_of_Things,
                      :QEmotional_Regulation_Frequency_Angered_by_Uncontrollable_Events,
                      :QEmotional_Regulation_Frequency_Felt_Overwhelmed .

:QEmotional_Regulation_Frequency_Upset_by_Unexpected_Events pred:Text ""how often have you been upset because of something that happened unexpectedly?"" .
:QEmotional_Regulation_Frequency_Unable_to_Control_Important_Things pred:Text ""how often have you felt that you were unable to control the important things in your life?"" .
:QEmotional_Regulation_Frequency_Nervous_and_Stressed pred:Text ""how often have you felt nervous and stressed?"" .
:QEmotional_Regulation_Frequency_Lacked_Confidence_Handling_Problems pred:Text ""how often have you felt confident about your ability to handle your personal problems?"" .
:QEmotional_Regulation_Frequency_Things_Going_Your_Way pred:Text ""how often have you felt that things were going your way?"" .
:QEmotional_Regulation_Frequency_Unable_to_Cope pred:Text ""how often have you found that you could not cope with all the things that you had to do?"" .
:QEmotional_Regulation_Frequency_Irritated_by_Life pred:Text ""how often have you been able to control irritations in your life?"" .
:QEmotional_Regulation_Frequency_On_Top_of_Things pred:Text ""how often have you felt that you were on top of things?"" .
:QEmotional_Regulation_Frequency_Angered_by_Uncontrollable_Events pred:Text ""how often have you been angered because of things that happened that were outside of your control?"" .
:QEmotional_Regulation_Frequency_Felt_Overwhelmed pred:Text ""how often have you felt difficulties were piling up so high that you could not overcome them?"" .

:QGAnxiety_Symptoms_Frequency pred:BaseQuestion ""Next, you will be asked questions about your emotional state. Please answer on a scale of 0 to 3, where 0 is 'Not at all', 1 is 'several days', 2 is 'more than half of the days', and 3 is 'Nearly every day'. Over the last two weeks, how often have you been bothered by the following problems? [Likert 0–3]"" ;
    qg:hasSubQuestion :QAnxiety_Symptoms_Frequency_Feeling_Nervous_or_On_Edge,
                      :QAnxiety_Symptoms_Frequency_Uncontrollable_Worrying,
                      :QAnxiety_Symptoms_Frequency_Excessive_Worry,
                      :QAnxiety_Symptoms_Frequency_Trouble_Relaxing,
                      :QAnxiety_Symptoms_Frequency_Restlessness,
                      :QAnxiety_Symptoms_Frequency_Irritability,
                      :QAnxiety_Symptoms_Frequency_Fear_Something_Awful_Might_Happen .

:QAnxiety_Symptoms_Frequency_Feeling_Nervous_or_On_Edge pred:Text ""Feeling nervous, anxious, or on edge"" .
:QAnxiety_Symptoms_Frequency_Uncontrollable_Worrying pred:Text ""Not being able to stop or control worrying"" .
:QAnxiety_Symptoms_Frequency_Excessive_Worry pred:Text ""Worrying too much about different things"" .
:QAnxiety_Symptoms_Frequency_Trouble_Relaxing pred:Text ""Trouble relaxing"" .
:QAnxiety_Symptoms_Frequency_Restlessness pred:Text ""Being so restless that it is hard to sit still"" .
:QAnxiety_Symptoms_Frequency_Irritability pred:Text ""Becoming easily annoyed or irritable"" .
:QAnxiety_Symptoms_Frequency_Fear_Something_Awful_Might_Happen pred:Text ""Feeling afraid, as if something awful might happen"" .

:QGDepressive_Symptoms_Frequency pred:BaseQuestion ""Next, you will be asked questions about your emotional state. Please answer on a scale of 0 to 3, where 0 is 'Not at all', 1 is 'several days', 2 is 'more than half of the days', and 3 is 'Nearly every day'. Over the last two weeks, how often have you been bothered by the following problems?"" ;
    qg:hasSubQuestion :QDepressive_Symptoms_Frequency_Anhedonia,
                      :QDepressive_Symptoms_Frequency_Depressed_Mood,
                      :QDepressive_Symptoms_Frequency_Sleep_Problems,
                      :QDepressive_Symptoms_Frequency_Fatigue,
                      :QDepressive_Symptoms_Frequency_Appetite_Changes,
                      :QDepressive_Symptoms_Frequency_Feelings_of_Worthlessness,
                      :QDepressive_Symptoms_Frequency_Concentration_Difficulties,
                      :QDepressive_Symptoms_Frequency_Psychomotor_Changes,
                      :QDepressive_Symptoms_Frequency_Suicidal_Thoughts .

:QDepressive_Symptoms_Frequency_Anhedonia pred:Text ""Little interest or pleasure in doing things"" .
:QDepressive_Symptoms_Frequency_Depressed_Mood pred:Text ""Feeling down, depressed, or hopeless"" .
:QDepressive_Symptoms_Frequency_Sleep_Problems pred:Text ""Trouble falling or staying asleep, or sleeping too much"" .
:QDepressive_Symptoms_Frequency_Fatigue pred:Text ""Feeling tired or having little energy"" .
:QDepressive_Symptoms_Frequency_Appetite_Changes pred:Text ""Poor appetite or overeating"" .
:QDepressive_Symptoms_Frequency_Feelings_of_Worthlessness pred:Text ""Feeling bad about yourself or that you are a failure or have let yourself or your family down"" .
:QDepressive_Symptoms_Frequency_Concentration_Difficulties pred:Text ""Trouble concentrating on things, such as reading the newspaper or watching television"" .
:QDepressive_Symptoms_Frequency_Psychomotor_Changes pred:Text ""Moving or speaking so slowly that other people could have noticed. Or the opposite — being so fidgety or restless that you have been moving around a lot more than usual"" .
:QDepressive_Symptoms_Frequency_Suicidal_Thoughts pred:Text ""Thoughts that you would be better off dead, or of hurting yourself"" .

# Responses
:Respondent73 pred:Year_of_birth 2005.0 ;
     pred:Gender 2.0 ;
     pred:Socio_economic_status 2.0 ;
     pred:Ethnic_identity 6.0 .

:Respondent73_Parental_Education
                       pred:Father 25.0 ;
                       pred:Mother 15.0 .
:Respondent73 pred:hasGroupResponse :Respondent73_Parental_Education .

:Respondent73 pred:Life_satisfaction 8.0 ;
     pred:Happiness 5.0 ;
     pred:Laughter 4.0 ;
     pred:Learning 5.0 ;
     pred:Enjoyment 5.0 ;
     pred:Worry 2.0 ;
     pred:Depression 1.0 ;
     pred:Anger 2.0 ;
     pred:Stress 4.0 ;
     pred:Loneliness 6.0 .

:Respondent73_Emotional_Regulation_Frequency
                                   pred:Upset_by_Unexpected_Events 2.0 ;
                                   pred:Unable_to_Control_Important_Things 2.0 ;
                                   pred:Lacked_Confidence_Handling_Problems 2.0 ;
                                   pred:Unable_to_Cope 2.0 ;
                                   pred:Irritated_by_Life 2.0 ;
                                   pred:On_Top_of_Things 2.0 .
:Respondent73 pred:hasGroupResponse :Respondent73_Emotional_Regulation_Frequency .

:Respondent73_Anxiety_Symptoms_Frequency
                               pred:Feeling_Nervous_or_On_Edge 2.0 ;
                               pred:Trouble_Relaxing 1.0 ;
                               pred:Restlessness 1.0 ;
                               pred:Irritability 2.0 ;
                               pred:Fear_Something_Awful_Might_Happen 2.0 .
:Respondent73 pred:hasGroupResponse :Respondent73_Anxiety_Symptoms_Frequency .

:Respondent73_Depressive_Symptoms_Frequency
                                  pred:Anhedonia 1.0 ;
                                  pred:Sleep_Problems 2.0 ;
                                  pred:Fatigue 1.0 ;
                                  pred:Appetite_Changes 1.0 ;
                                  pred:Feelings_of_Worthlessness 1.0 ;
                                  pred:Concentration_Difficulties 1.0 ;
                                  pred:Suicidal_Thoughts 0.0 .
:Respondent73 pred:hasGroupResponse :Respondent73_Depressive_Symptoms_Frequency .

:Respondent85 pred:Year_of_birth 2004.0 ;
     pred:Gender 2.0 ;
     pred:Socio_economic_status 3.0 ;
     pred:Ethnic_identity 6.0 .

:Respondent85_Parental_Education
                       pred:Father 18.0 .
:Respondent85 pred:hasGroupResponse :Respondent85_Parental_Education .

:Respondent85 pred:Life_satisfaction 5.0 ;
     pred:Happiness 6.0 ;
     pred:Laughter 6.0 ;
     pred:Learning 8.0 ;
     pred:Enjoyment 5.0 ;
     pred:Worry 1.0 ;
     pred:Depression 1.0 ;
     pred:Anger 2.0 ;
     pred:Stress 4.0 ;
     pred:Loneliness 1.0 .

:Respondent85_Emotional_Regulation_Frequency
                                   pred:Upset_by_Unexpected_Events 2.0 ;
                                   pred:Unable_to_Control_Important_Things 3.0 ;
                                   pred:Lacked_Confidence_Handling_Problems 2.0 ;
                                   pred:Unable_to_Cope 3.0 ;
                                   pred:Irritated_by_Life 3.0 ;
                                   pred:On_Top_of_Things 2.0 .
:Respondent85 pred:hasGroupResponse :Respondent85_Emotional_Regulation_Frequency .

:Respondent85_Anxiety_Symptoms_Frequency
                               pred:Feeling_Nervous_or_On_Edge 1.0 ;
                               pred:Trouble_Relaxing 1.0 ;
                               pred:Restlessness 0.0 ;
                               pred:Irritability 1.0 ;
                               pred:Fear_Something_Awful_Might_Happen 1.0 .
:Respondent85 pred:hasGroupResponse :Respondent85_Anxiety_Symptoms_Frequency .

:Respondent85_Depressive_Symptoms_Frequency
                                  pred:Anhedonia 2.0 ;
                                  pred:Sleep_Problems 2.0 ;
                                  pred:Fatigue 3.0 ;
                                  pred:Appetite_Changes 3.0 ;
                                  pred:Feelings_of_Worthlessness 1.0 ;
                                  pred:Concentration_Difficulties 1.0 ;
                                  pred:Suicidal_Thoughts 0.0 .
:Respondent85 pred:hasGroupResponse :Respondent85_Depressive_Symptoms_Frequency .

:Respondent129 pred:Year_of_birth 2001.0 ;
     pred:Gender 2.0 ;
     pred:Socio_economic_status 3.0 ;
     pred:Ethnic_identity 6.0 .

:Respondent129_Parental_Education
                       pred:Father 13.0 ;
                       pred:Mother 13.0 .
:Respondent129 pred:hasGroupResponse :Respondent129_Parental_Education .

:Respondent129 pred:Life_satisfaction 8.0 ;
     pred:Happiness 9.0 ;
     pred:Laughter 6.0 ;
     pred:Learning 5.0 ;
     pred:Enjoyment 6.0 ;
     pred:Worry 1.0 ;
     pred:Depression 1.0 ;
     pred:Anger 1.0 ;
     pred:Stress 3.0 ;
     pred:Loneliness 0.0 .

:Respondent129_Emotional_Regulation_Frequency
                                   pred:Upset_by_Unexpected_Events 1.0 ;
                                   pred:Unable_to_Control_Important_Things 1.0 ;
                                   pred:Lacked_Confidence_Handling_Problems 3.0 ;
                                   pred:Unable_to_Cope 2.0 ;
                                   pred:Irritated_by_Life 3.0 ;
                                   pred:On_Top_of_Things 2.0 .
:Respondent129 pred:hasGroupResponse :Respondent129_Emotional_Regulation_Frequency .

:Respondent129_Anxiety_Symptoms_Frequency
                               pred:Feeling_Nervous_or_On_Edge 1.0 ;
                               pred:Trouble_Relaxing 1.0 ;
                               pred:Restlessness 0.0 ;
                               pred:Irritability 0.0 ;
                               pred:Fear_Something_Awful_Might_Happen 0.0 .
:Respondent129 pred:hasGroupResponse :Respondent129_Anxiety_Symptoms_Frequency .

:Respondent129_Depressive_Symptoms_Frequency
                                  pred:Anhedonia 1.0 ;
                                  pred:Sleep_Problems 1.0 ;
                                  pred:Fatigue 2.0 ;
                                  pred:Appetite_Changes 2.0 ;
                                  pred:Feelings_of_Worthlessness 0.0 ;
                                  pred:Concentration_Difficulties 2.0 ;
                                  pred:Suicidal_Thoughts 0.0 .
:Respondent129 pred:hasGroupResponse :Respondent129_Depressive_Symptoms_Frequency .

Answer: 2.0

@prefix : <http://example.org/survey#> .
@prefix pred: <http://example.org/predicate#> .
@prefix qg: <http://example.org/question_group#> .

# Questions
:QYear_of_birth pred:Text ""What is your date of birth? [Open-ended]"" .
:QGender pred:Text ""What is your gender? [MCQ: 1. Male 2. Female]"" .
:QSocio_economic_status pred:Text ""What is the socio-economic status of your home? [Likert 1–6: 1 = Very low, 6 = Very high]"" .
:QEthnic_identity pred:Text ""According to your culture, people, or physical features, you are or are recognized as: [MCQ: 1. Indigenous 2. Gypsy 3. Raizal from San Andres, Providencia and Santa Catalina Archipelago 4. Palenquero from San Basilio 5. Black, mulatto (Afro-descendant), Afro-Colombian 6. None of the above]"" .

:QGParental_Education pred:BaseQuestion ""How many years of education did your parents receive? [Open-ended]"" ;
    qg:hasSubQuestion :QParental_Education_Father, :QParental_Education_Mother .
:QParental_Education_Father pred:Text ""Father?"" .
:QParental_Education_Mother pred:Text ""Mother?"" .

:QLife_satisfaction pred:Text ""In general, how satisfied are you with all aspects of your life? [Likert 0–10: 0 = Not satisfied, 10 = Totally satisfied]"" .
:QHappiness pred:Text ""How happy did you feel yesterday? [Likert 0–10: 0 = At no time, 10 = All the time]"" .
:QLaughter pred:Text ""How much did you laugh yesterday? [Likert 0–10: 0 = At no time, 10 = All the time]"" .
:QLearning pred:Text ""Did you learn new or exciting things yesterday? [Likert 0–10: 0 = At no time, 10 = All the time]"" .
:QEnjoyment pred:Text ""How much did you enjoy the activities you did yesterday? [Likert 0–10: 0 = At no time, 10 = All the time]"" .
:QWorry pred:Text ""How worried did you feel yesterday? [Likert 0–10: 0 = At no time, 10 = All the time]"" .
:QDepression pred:Text ""How depressed did you feel yesterday? [Likert 0–10: 0 = At no time, 10 = All the time]"" .
:QAnger pred:Text ""How angry did you feel yesterday? [Likert 0–10: 0 = At no time, 10 = All the time]"" .
:QStress pred:Text ""How much stress did you feel yesterday? [Likert 0–10: 0 = At no time, 10 = All the time]"" .
:QLoneliness pred:Text ""How lonely or unsupported did you feel yesterday? [Likert 0–10: 0 = At no time, 10 = All the time]"" .

:QGEmotional_Regulation_Frequency pred:BaseQuestion ""Next, you will be asked questions about your emotional state. Please answer on a scale of 0 to 4, where 0 is never, 1 is 'almost never', 2 is 'sometimes', 3 is 'fairly often', and 4 is 'very often', how often you experienced the following feelings during the last month: [Likert 0–4]"" ;
    qg:hasSubQuestion :QEmotional_Regulation_Frequency_Upset_by_Unexpected_Events,
                      :QEmotional_Regulation_Frequency_Unable_to_Control_Important_Things,
                      :QEmotional_Regulation_Frequency_Nervous_and_Stressed,
                      :QEmotional_Regulation_Frequency_Lacked_Confidence_Handling_Problems,
                      :QEmotional_Regulation_Frequency_Things_Going_Your_Way,
                      :QEmotional_Regulation_Frequency_Unable_to_Cope,
                      :QEmotional_Regulation_Frequency_Irritated_by_Life,
                      :QEmotional_Regulation_Frequency_On_Top_of_Things,
                      :QEmotional_Regulation_Frequency_Angered_by_Uncontrollable_Events,
                      :QEmotional_Regulation_Frequency_Felt_Overwhelmed .

:QEmotional_Regulation_Frequency_Upset_by_Unexpected_Events pred:Text ""how often have you been upset because of something that happened unexpectedly?"" .
:QEmotional_Regulation_Frequency_Unable_to_Control_Important_Things pred:Text ""how often have you felt that you were unable to control the important things in your life?"" .
:QEmotional_Regulation_Frequency_Nervous_and_Stressed pred:Text ""how often have you felt nervous and stressed?"" .
:QEmotional_Regulation_Frequency_Lacked_Confidence_Handling_Problems pred:Text ""how often have you felt confident about your ability to handle your personal problems?"" .
:QEmotional_Regulation_Frequency_Things_Going_Your_Way pred:Text ""how often have you felt that things were going your way?"" .
:QEmotional_Regulation_Frequency_Unable_to_Cope pred:Text ""how often have you found that you could not cope with all the things that you had to do?"" .
:QEmotional_Regulation_Frequency_Irritated_by_Life pred:Text ""how often have you been able to control irritations in your life?"" .
:QEmotional_Regulation_Frequency_On_Top_of_Things pred:Text ""how often have you felt that you were on top of things?"" .
:QEmotional_Regulation_Frequency_Angered_by_Uncontrollable_Events pred:Text ""how often have you been angered because of things that happened that were outside of your control?"" .
:QEmotional_Regulation_Frequency_Felt_Overwhelmed pred:Text ""how often have you felt difficulties were piling up so high that you could not overcome them?"" .

:QGAnxiety_Symptoms_Frequency pred:BaseQuestion ""Next, you will be asked questions about your emotional state. Please answer on a scale of 0 to 3, where 0 is 'Not at all', 1 is 'several days', 2 is 'more than half of the days', and 3 is 'Nearly every day'. Over the last two weeks, how often have you been bothered by the following problems? [Likert 0–3]"" ;
    qg:hasSubQuestion :QAnxiety_Symptoms_Frequency_Feeling_Nervous_or_On_Edge,
                      :QAnxiety_Symptoms_Frequency_Uncontrollable_Worrying,
                      :QAnxiety_Symptoms_Frequency_Excessive_Worry,
                      :QAnxiety_Symptoms_Frequency_Trouble_Relaxing,
                      :QAnxiety_Symptoms_Frequency_Restlessness,
                      :QAnxiety_Symptoms_Frequency_Irritability,
                      :QAnxiety_Symptoms_Frequency_Fear_Something_Awful_Might_Happen .

:QAnxiety_Symptoms_Frequency_Feeling_Nervous_or_On_Edge pred:Text ""Feeling nervous, anxious, or on edge"" .
:QAnxiety_Symptoms_Frequency_Uncontrollable_Worrying pred:Text ""Not being able to stop or control worrying"" .
:QAnxiety_Symptoms_Frequency_Excessive_Worry pred:Text ""Worrying too much about different things"" .
:QAnxiety_Symptoms_Frequency_Trouble_Relaxing pred:Text ""Trouble relaxing"" .
:QAnxiety_Symptoms_Frequency_Restlessness pred:Text ""Being so restless that it is hard to sit still"" .
:QAnxiety_Symptoms_Frequency_Irritability pred:Text ""Becoming easily annoyed or irritable"" .
:QAnxiety_Symptoms_Frequency_Fear_Something_Awful_Might_Happen pred:Text ""Feeling afraid, as if something awful might happen"" .

:QGDepressive_Symptoms_Frequency pred:BaseQuestion ""Next, you will be asked questions about your emotional state. Please answer on a scale of 0 to 3, where 0 is 'Not at all', 1 is 'several days', 2 is 'more than half of the days', and 3 is 'Nearly every day'. Over the last two weeks, how often have you been bothered by the following problems?"" ;
    qg:hasSubQuestion :QDepressive_Symptoms_Frequency_Anhedonia,
                      :QDepressive_Symptoms_Frequency_Depressed_Mood,
                      :QDepressive_Symptoms_Frequency_Sleep_Problems,
                      :QDepressive_Symptoms_Frequency_Fatigue,
                      :QDepressive_Symptoms_Frequency_Appetite_Changes,
                      :QDepressive_Symptoms_Frequency_Feelings_of_Worthlessness,
                      :QDepressive_Symptoms_Frequency_Concentration_Difficulties,
                      :QDepressive_Symptoms_Frequency_Psychomotor_Changes,
                      :QDepressive_Symptoms_Frequency_Suicidal_Thoughts .

:QDepressive_Symptoms_Frequency_Anhedonia pred:Text ""Little interest or pleasure in doing things"" .
:QDepressive_Symptoms_Frequency_Depressed_Mood pred:Text ""Feeling down, depressed, or hopeless"" .
:QDepressive_Symptoms_Frequency_Sleep_Problems pred:Text ""Trouble falling or staying asleep, or sleeping too much"" .
:QDepressive_Symptoms_Frequency_Fatigue pred:Text ""Feeling tired or having little energy"" .
:QDepressive_Symptoms_Frequency_Appetite_Changes pred:Text ""Poor appetite or overeating"" .
:QDepressive_Symptoms_Frequency_Feelings_of_Worthlessness pred:Text ""Feeling bad about yourself or that you are a failure or have let yourself or your family down"" .
:QDepressive_Symptoms_Frequency_Concentration_Difficulties pred:Text ""Trouble concentrating on things, such as reading the newspaper or watching television"" .
:QDepressive_Symptoms_Frequency_Psychomotor_Changes pred:Text ""Moving or speaking so slowly that other people could have noticed. Or the opposite — being so fidgety or restless that you have been moving around a lot more than usual"" .
:QDepressive_Symptoms_Frequency_Suicidal_Thoughts pred:Text ""Thoughts that you would be better off dead, or of hurting yourself"" .

# Responses
:Respondent16 pred:Year_of_birth 2001.0 ;
     pred:Gender 1.0 ;
     pred:Socio_economic_status 5.0 ;
     pred:Ethnic_identity 6.0 .

:Respondent16_Parental_Education
                       pred:Father 30.0 ;
                       pred:Mother 20.0 .
:Respondent16 pred:hasGroupResponse :Respondent16_Parental_Education .

:Respondent16 pred:Life_satisfaction 6.0 ;
     pred:Happiness 9.0 ;
     pred:Laughter 10.0 ;
     pred:Learning 5.0 ;
     pred:Enjoyment 10.0 ;
     pred:Worry 2.0 ;
     pred:Depression 1.0 ;
     pred:Anger 4.0 ;
     pred:Stress 2.0 ;
     pred:Loneliness 1.0 .

:Respondent16_Emotional_Regulation_Frequency
                                   pred:Upset_by_Unexpected_Events 3.0 ;
                                   pred:Unable_to_Control_Important_Things 2.0 ;
                                   pred:Lacked_Confidence_Handling_Problems 2.0 ;
                                   pred:Unable_to_Cope 1.0 ;
                                   pred:Irritated_by_Life 3.0 ;
                                   pred:On_Top_of_Things 1.0 .
:Respondent16 pred:hasGroupResponse :Respondent16_Emotional_Regulation_Frequency .

:Respondent16_Anxiety_Symptoms_Frequency
                               pred:Feeling_Nervous_or_On_Edge 1.0 ;
                               pred:Trouble_Relaxing 1.0 ;
                               pred:Restlessness 0.0 ;
                               pred:Irritability 1.0 ;
                               pred:Fear_Something_Awful_Might_Happen 1.0 .
:Respondent16 pred:hasGroupResponse :Respondent16_Anxiety_Symptoms_Frequency .

:Respondent16_Depressive_Symptoms_Frequency
                                  pred:Anhedonia 1.0 ;
                                  pred:Sleep_Problems 2.0 ;
                                  pred:Fatigue 2.0 ;
                                  pred:Appetite_Changes 0.0 ;
                                  pred:Feelings_of_Worthlessness 0.0 ;
                                  pred:Concentration_Difficulties 0.0 ;
                                  pred:Suicidal_Thoughts 0.0 .
:Respondent16 pred:hasGroupResponse :Respondent16_Depressive_Symptoms_Frequency .

:Respondent71 pred:Year_of_birth 2001.0 ;
     pred:Gender 2.0 ;
     pred:Socio_economic_status 4.0 ;
     pred:Ethnic_identity 6.0 .

:Respondent71_Parental_Education
                       pred:Father 15.0 ;
                       pred:Mother 17.0 .
:Respondent71 pred:hasGroupResponse :Respondent71_Parental_Education .

:Respondent71 pred:Life_satisfaction 8.0 ;
     pred:Happiness 9.0 ;
     pred:Laughter 7.0 ;
     pred:Learning 5.0 ;
     pred:Enjoyment 8.0 ;
     pred:Worry 1.0 ;
     pred:Depression 0.0 ;
     pred:Anger 2.0 ;
     pred:Stress 1.0 ;
     pred:Loneliness 5.0 .

:Respondent71_Emotional_Regulation_Frequency
                                   pred:Upset_by_Unexpected_Events 1.0 ;
                                   pred:Unable_to_Control_Important_Things 1.0 ;
                                   pred:Lacked_Confidence_Handling_Problems 3.0 ;
                                   pred:Unable_to_Cope 1.0 ;
                                   pred:Irritated_by_Life 3.0 ;
                                   pred:On_Top_of_Things 3.0 .
:Respondent71 pred:hasGroupResponse :Respondent71_Emotional_Regulation_Frequency .

:Respondent71_Anxiety_Symptoms_Frequency
                               pred:Feeling_Nervous_or_On_Edge 0.0 ;
                               pred:Trouble_Relaxing 0.0 ;
                               pred:Restlessness 0.0 ;
                               pred:Irritability 0.0 ;
                               pred:Fear_Something_Awful_Might_Happen 0.0 .
:Respondent71 pred:hasGroupResponse :Respondent71_Anxiety_Symptoms_Frequency .

:Respondent71_Depressive_Symptoms_Frequency
                                  pred:Anhedonia 0.0 ;
                                  pred:Sleep_Problems 0.0 ;
                                  pred:Fatigue 0.0 ;
                                  pred:Appetite_Changes 0.0 ;
                                  pred:Feelings_of_Worthlessness 0.0 ;
                                  pred:Concentration_Difficulties 0.0 ;
                                  pred:Suicidal_Thoughts 0.0 .
:Respondent71 pred:hasGroupResponse :Respondent71_Depressive_Symptoms_Frequency .

:Respondent6 pred:Year_of_birth 2001.0 ;
     pred:Gender 1.0 ;
     pred:Socio_economic_status 5.0 ;
     pred:Ethnic_identity 6.0 .

:Respondent6_Parental_Education
                       pred:Father 22.0 ;
                       pred:Mother 25.0 .
:Respondent6 pred:hasGroupResponse :Respondent6_Parental_Education .

:Respondent6 pred:Life_satisfaction 6.0 ;
     pred:Happiness 8.0 ;
     pred:Laughter 6.0 ;
     pred:Learning 5.0 ;
     pred:Enjoyment 9.0 ;
     pred:Worry 2.0 ;
     pred:Depression 0.0 ;
     pred:Anger 1.0 ;
     pred:Stress 1.0 ;
     pred:Loneliness 1.0 .

:Respondent6_Emotional_Regulation_Frequency
                                   pred:Upset_by_Unexpected_Events 2.0 ;
                                   pred:Unable_to_Control_Important_Things 2.0 ;
                                   pred:Lacked_Confidence_Handling_Problems 3.0 ;
                                   pred:Unable_to_Cope 2.0 ;
                                   pred:Irritated_by_Life 3.0 ;
                                   pred:On_Top_of_Things 3.0 .
:Respondent6 pred:hasGroupResponse :Respondent6_Emotional_Regulation_Frequency .

:Respondent6_Anxiety_Symptoms_Frequency
                               pred:Feeling_Nervous_or_On_Edge 1.0 ;
                               pred:Trouble_Relaxing 1.0 ;
                               pred:Restlessness 1.0 ;
                               pred:Irritability 1.0 ;
                               pred:Fear_Something_Awful_Might_Happen 0.0 .
:Respondent6 pred:hasGroupResponse :Respondent6_Anxiety_Symptoms_Frequency .

:Respondent6_Depressive_Symptoms_Frequency
                                  pred:Anhedonia 0.0 ;
                                  pred:Sleep_Problems 1.0 ;
                                  pred:Fatigue 0.0 ;
                                  pred:Appetite_Changes 0.0 ;
                                  pred:Feelings_of_Worthlessness 0.0 ;
                                  pred:Concentration_Difficulties 1.0 ;
                                  pred:Suicidal_Thoughts 0.0 .
:Respondent6 pred:hasGroupResponse :Respondent6_Depressive_Symptoms_Frequency .

You are a meticulous data analyst AI. Your primary function is to accurately analyze structured data and provide precise, verifiable answers.

You will be given a dataset with two key parts:

A 'questions' section: This is your data dictionary or schema. It is the single source of truth for understanding what each field and score means. Refer to it carefully.

A 'responses' section: This contains the raw data from each individual respondent.

To answer the question correctly, you must first use the 'questions' schema to fully understand the context and meaning of the data points within the 'responses'. Do not rely on any prior knowledge outside of this provided data. Base your entire analysis on the information given.

Provide your final answer directly and concisely. Output must be the human-readable value, not an option code.

Rules:
- For MCQ fields, map any letter codes in the Responses (case-insensitive) to the corresponding option text from the Questions schema, and output only that text. Do NOT include the letter or both.
  Example: If the schema is ""[MCQ: A. Abnormal B. Inconclusive C. Normal]"" and the response is ""a"", output ""Abnormal"".
- For open-ended fields, output the exact text value.
- If the question asks for a count, provide only the number (e.g., ""42"").
- If the question asks for a list of names or IDs, provide a simple comma-separated list (e.g., ""17, 21, 23"").
- Preserve capitalization exactly as in the schema (e.g., output ""Abnormal"", not ""abnormal"" or ""A"").

What is the year of birth for respondent 16?",,
case_38,answer_lookup,What is the frequency of feeling unable to control important things for respondent 25?,"@prefix : <http://example.org/survey#> .
@prefix pred: <http://example.org/predicate#> .
@prefix qg: <http://example.org/question_group#> .

# Questions
:QYear_of_birth pred:Text ""What is your date of birth? [Open-ended]"" .
:QGender pred:Text ""What is your gender? [MCQ: 1. Male 2. Female]"" .
:QSocio_economic_status pred:Text ""What is the socio-economic status of your home? [Likert 1–6: 1 = Very low, 6 = Very high]"" .
:QEthnic_identity pred:Text ""According to your culture, people, or physical features, you are or are recognized as: [MCQ: 1. Indigenous 2. Gypsy 3. Raizal from San Andres, Providencia and Santa Catalina Archipelago 4. Palenquero from San Basilio 5. Black, mulatto (Afro-descendant), Afro-Colombian 6. None of the above]"" .

:QGParental_Education pred:BaseQuestion ""How many years of education did your parents receive? [Open-ended]"" ;
    qg:hasSubQuestion :QParental_Education_Father, :QParental_Education_Mother .
:QParental_Education_Father pred:Text ""Father?"" .
:QParental_Education_Mother pred:Text ""Mother?"" .

:QLife_satisfaction pred:Text ""In general, how satisfied are you with all aspects of your life? [Likert 0–10: 0 = Not satisfied, 10 = Totally satisfied]"" .
:QHappiness pred:Text ""How happy did you feel yesterday? [Likert 0–10: 0 = At no time, 10 = All the time]"" .
:QLaughter pred:Text ""How much did you laugh yesterday? [Likert 0–10: 0 = At no time, 10 = All the time]"" .
:QLearning pred:Text ""Did you learn new or exciting things yesterday? [Likert 0–10: 0 = At no time, 10 = All the time]"" .
:QEnjoyment pred:Text ""How much did you enjoy the activities you did yesterday? [Likert 0–10: 0 = At no time, 10 = All the time]"" .
:QWorry pred:Text ""How worried did you feel yesterday? [Likert 0–10: 0 = At no time, 10 = All the time]"" .
:QDepression pred:Text ""How depressed did you feel yesterday? [Likert 0–10: 0 = At no time, 10 = All the time]"" .
:QAnger pred:Text ""How angry did you feel yesterday? [Likert 0–10: 0 = At no time, 10 = All the time]"" .
:QStress pred:Text ""How much stress did you feel yesterday? [Likert 0–10: 0 = At no time, 10 = All the time]"" .
:QLoneliness pred:Text ""How lonely or unsupported did you feel yesterday? [Likert 0–10: 0 = At no time, 10 = All the time]"" .

:QGEmotional_Regulation_Frequency pred:BaseQuestion ""Next, you will be asked questions about your emotional state. Please answer on a scale of 0 to 4, where 0 is never, 1 is 'almost never', 2 is 'sometimes', 3 is 'fairly often', and 4 is 'very often', how often you experienced the following feelings during the last month: [Likert 0–4]"" ;
    qg:hasSubQuestion :QEmotional_Regulation_Frequency_Upset_by_Unexpected_Events,
                      :QEmotional_Regulation_Frequency_Unable_to_Control_Important_Things,
                      :QEmotional_Regulation_Frequency_Nervous_and_Stressed,
                      :QEmotional_Regulation_Frequency_Lacked_Confidence_Handling_Problems,
                      :QEmotional_Regulation_Frequency_Things_Going_Your_Way,
                      :QEmotional_Regulation_Frequency_Unable_to_Cope,
                      :QEmotional_Regulation_Frequency_Irritated_by_Life,
                      :QEmotional_Regulation_Frequency_On_Top_of_Things,
                      :QEmotional_Regulation_Frequency_Angered_by_Uncontrollable_Events,
                      :QEmotional_Regulation_Frequency_Felt_Overwhelmed .

:QEmotional_Regulation_Frequency_Upset_by_Unexpected_Events pred:Text ""how often have you been upset because of something that happened unexpectedly?"" .
:QEmotional_Regulation_Frequency_Unable_to_Control_Important_Things pred:Text ""how often have you felt that you were unable to control the important things in your life?"" .
:QEmotional_Regulation_Frequency_Nervous_and_Stressed pred:Text ""how often have you felt nervous and stressed?"" .
:QEmotional_Regulation_Frequency_Lacked_Confidence_Handling_Problems pred:Text ""how often have you felt confident about your ability to handle your personal problems?"" .
:QEmotional_Regulation_Frequency_Things_Going_Your_Way pred:Text ""how often have you felt that things were going your way?"" .
:QEmotional_Regulation_Frequency_Unable_to_Cope pred:Text ""how often have you found that you could not cope with all the things that you had to do?"" .
:QEmotional_Regulation_Frequency_Irritated_by_Life pred:Text ""how often have you been able to control irritations in your life?"" .
:QEmotional_Regulation_Frequency_On_Top_of_Things pred:Text ""how often have you felt that you were on top of things?"" .
:QEmotional_Regulation_Frequency_Angered_by_Uncontrollable_Events pred:Text ""how often have you been angered because of things that happened that were outside of your control?"" .
:QEmotional_Regulation_Frequency_Felt_Overwhelmed pred:Text ""how often have you felt difficulties were piling up so high that you could not overcome them?"" .

:QGAnxiety_Symptoms_Frequency pred:BaseQuestion ""Next, you will be asked questions about your emotional state. Please answer on a scale of 0 to 3, where 0 is 'Not at all', 1 is 'several days', 2 is 'more than half of the days', and 3 is 'Nearly every day'. Over the last two weeks, how often have you been bothered by the following problems? [Likert 0–3]"" ;
    qg:hasSubQuestion :QAnxiety_Symptoms_Frequency_Feeling_Nervous_or_On_Edge,
                      :QAnxiety_Symptoms_Frequency_Uncontrollable_Worrying,
                      :QAnxiety_Symptoms_Frequency_Excessive_Worry,
                      :QAnxiety_Symptoms_Frequency_Trouble_Relaxing,
                      :QAnxiety_Symptoms_Frequency_Restlessness,
                      :QAnxiety_Symptoms_Frequency_Irritability,
                      :QAnxiety_Symptoms_Frequency_Fear_Something_Awful_Might_Happen .

:QAnxiety_Symptoms_Frequency_Feeling_Nervous_or_On_Edge pred:Text ""Feeling nervous, anxious, or on edge"" .
:QAnxiety_Symptoms_Frequency_Uncontrollable_Worrying pred:Text ""Not being able to stop or control worrying"" .
:QAnxiety_Symptoms_Frequency_Excessive_Worry pred:Text ""Worrying too much about different things"" .
:QAnxiety_Symptoms_Frequency_Trouble_Relaxing pred:Text ""Trouble relaxing"" .
:QAnxiety_Symptoms_Frequency_Restlessness pred:Text ""Being so restless that it is hard to sit still"" .
:QAnxiety_Symptoms_Frequency_Irritability pred:Text ""Becoming easily annoyed or irritable"" .
:QAnxiety_Symptoms_Frequency_Fear_Something_Awful_Might_Happen pred:Text ""Feeling afraid, as if something awful might happen"" .

:QGDepressive_Symptoms_Frequency pred:BaseQuestion ""Next, you will be asked questions about your emotional state. Please answer on a scale of 0 to 3, where 0 is 'Not at all', 1 is 'several days', 2 is 'more than half of the days', and 3 is 'Nearly every day'. Over the last two weeks, how often have you been bothered by the following problems?"" ;
    qg:hasSubQuestion :QDepressive_Symptoms_Frequency_Anhedonia,
                      :QDepressive_Symptoms_Frequency_Depressed_Mood,
                      :QDepressive_Symptoms_Frequency_Sleep_Problems,
                      :QDepressive_Symptoms_Frequency_Fatigue,
                      :QDepressive_Symptoms_Frequency_Appetite_Changes,
                      :QDepressive_Symptoms_Frequency_Feelings_of_Worthlessness,
                      :QDepressive_Symptoms_Frequency_Concentration_Difficulties,
                      :QDepressive_Symptoms_Frequency_Psychomotor_Changes,
                      :QDepressive_Symptoms_Frequency_Suicidal_Thoughts .

:QDepressive_Symptoms_Frequency_Anhedonia pred:Text ""Little interest or pleasure in doing things"" .
:QDepressive_Symptoms_Frequency_Depressed_Mood pred:Text ""Feeling down, depressed, or hopeless"" .
:QDepressive_Symptoms_Frequency_Sleep_Problems pred:Text ""Trouble falling or staying asleep, or sleeping too much"" .
:QDepressive_Symptoms_Frequency_Fatigue pred:Text ""Feeling tired or having little energy"" .
:QDepressive_Symptoms_Frequency_Appetite_Changes pred:Text ""Poor appetite or overeating"" .
:QDepressive_Symptoms_Frequency_Feelings_of_Worthlessness pred:Text ""Feeling bad about yourself or that you are a failure or have let yourself or your family down"" .
:QDepressive_Symptoms_Frequency_Concentration_Difficulties pred:Text ""Trouble concentrating on things, such as reading the newspaper or watching television"" .
:QDepressive_Symptoms_Frequency_Psychomotor_Changes pred:Text ""Moving or speaking so slowly that other people could have noticed. Or the opposite — being so fidgety or restless that you have been moving around a lot more than usual"" .
:QDepressive_Symptoms_Frequency_Suicidal_Thoughts pred:Text ""Thoughts that you would be better off dead, or of hurting yourself"" .

# Responses
:Respondent25 pred:Year_of_birth 2003.0 ;
     pred:Gender 2.0 ;
     pred:Socio_economic_status 3.0 ;
     pred:Ethnic_identity 1.0 .

:Respondent25 pred:Life_satisfaction 3.0 ;
     pred:Happiness 2.0 ;
     pred:Laughter 1.0 ;
     pred:Learning 1.0 ;
     pred:Enjoyment 2.0 ;
     pred:Worry 0.0 ;
     pred:Depression 3.0 ;
     pred:Anger 3.0 ;
     pred:Stress 3.0 ;
     pred:Loneliness 8.0 .

:Respondent25_Emotional_Regulation_Frequency
                                   pred:Upset_by_Unexpected_Events 2.0 ;
                                   pred:Unable_to_Control_Important_Things 2.0 ;
                                   pred:Lacked_Confidence_Handling_Problems 4.0 ;
                                   pred:Unable_to_Cope 3.0 ;
                                   pred:Irritated_by_Life 2.0 ;
                                   pred:On_Top_of_Things 1.0 .
:Respondent25 pred:hasGroupResponse :Respondent25_Emotional_Regulation_Frequency .

:Respondent25_Anxiety_Symptoms_Frequency
                               pred:Feeling_Nervous_or_On_Edge 3.0 ;
                               pred:Trouble_Relaxing 3.0 ;
                               pred:Restlessness 3.0 ;
                               pred:Irritability 3.0 ;
                               pred:Fear_Something_Awful_Might_Happen 2.0 .
:Respondent25 pred:hasGroupResponse :Respondent25_Anxiety_Symptoms_Frequency .

:Respondent25_Depressive_Symptoms_Frequency
                                  pred:Anhedonia 3.0 ;
                                  pred:Sleep_Problems 0.0 ;
                                  pred:Fatigue 3.0 ;
                                  pred:Appetite_Changes 3.0 ;
                                  pred:Feelings_of_Worthlessness 1.0 ;
                                  pred:Concentration_Difficulties 3.0 ;
                                  pred:Suicidal_Thoughts 0.0 .
:Respondent25 pred:hasGroupResponse :Respondent25_Depressive_Symptoms_Frequency .

:Respondent103 pred:Year_of_birth 2004.0 ;
     pred:Gender 2.0 ;
     pred:Socio_economic_status 5.0 ;
     pred:Ethnic_identity 6.0 .

:Respondent103_Parental_Education
                       pred:Father 16.0 ;
                       pred:Mother 16.0 .
:Respondent103 pred:hasGroupResponse :Respondent103_Parental_Education .

:Respondent103 pred:Life_satisfaction 8.0 ;
     pred:Happiness 6.0 ;
     pred:Laughter 7.0 ;
     pred:Learning 7.0 ;
     pred:Enjoyment 8.0 ;
     pred:Worry 1.0 ;
     pred:Depression 1.0 ;
     pred:Anger 3.0 ;
     pred:Stress 3.0 ;
     pred:Loneliness 3.0 .

:Respondent103_Emotional_Regulation_Frequency
                                   pred:Upset_by_Unexpected_Events 3.0 ;
                                   pred:Unable_to_Control_Important_Things 1.0 ;
                                   pred:Lacked_Confidence_Handling_Problems 3.0 ;
                                   pred:Unable_to_Cope 2.0 ;
                                   pred:Irritated_by_Life 3.0 ;
                                   pred:On_Top_of_Things 2.0 .
:Respondent103 pred:hasGroupResponse :Respondent103_Emotional_Regulation_Frequency .

:Respondent103_Anxiety_Symptoms_Frequency
                               pred:Feeling_Nervous_or_On_Edge 3.0 ;
                               pred:Trouble_Relaxing 1.0 ;
                               pred:Restlessness 2.0 ;
                               pred:Irritability 2.0 ;
                               pred:Fear_Something_Awful_Might_Happen 3.0 .
:Respondent103 pred:hasGroupResponse :Respondent103_Anxiety_Symptoms_Frequency .

:Respondent103_Depressive_Symptoms_Frequency
                                  pred:Anhedonia 1.0 ;
                                  pred:Sleep_Problems 0.0 ;
                                  pred:Fatigue 1.0 ;
                                  pred:Appetite_Changes 1.0 ;
                                  pred:Feelings_of_Worthlessness 0.0 ;
                                  pred:Concentration_Difficulties 1.0 ;
                                  pred:Suicidal_Thoughts 0.0 .
:Respondent103 pred:hasGroupResponse :Respondent103_Depressive_Symptoms_Frequency .

:Respondent59 pred:Year_of_birth 2004.0 ;
     pred:Gender 2.0 ;
     pred:Socio_economic_status 3.0 ;
     pred:Ethnic_identity 6.0 .

:Respondent59_Parental_Education
                       pred:Father 4.0 ;
                       pred:Mother 4.0 .
:Respondent59 pred:hasGroupResponse :Respondent59_Parental_Education .

:Respondent59 pred:Life_satisfaction 5.0 ;
     pred:Happiness 6.0 ;
     pred:Laughter 6.0 ;
     pred:Learning 6.0 ;
     pred:Enjoyment 7.0 ;
     pred:Worry 3.0 ;
     pred:Depression 2.0 ;
     pred:Anger 2.0 ;
     pred:Stress 4.0 ;
     pred:Loneliness 5.0 .

:Respondent59_Emotional_Regulation_Frequency
                                   pred:Upset_by_Unexpected_Events 3.0 ;
                                   pred:Unable_to_Control_Important_Things 4.0 ;
                                   pred:Lacked_Confidence_Handling_Problems 4.0 ;
                                   pred:Unable_to_Cope 3.0 ;
                                   pred:Irritated_by_Life 3.0 ;
                                   pred:On_Top_of_Things 2.0 .
:Respondent59 pred:hasGroupResponse :Respondent59_Emotional_Regulation_Frequency .

:Respondent59_Anxiety_Symptoms_Frequency
                               pred:Feeling_Nervous_or_On_Edge 3.0 ;
                               pred:Trouble_Relaxing 2.0 ;
                               pred:Restlessness 2.0 ;
                               pred:Irritability 3.0 ;
                               pred:Fear_Something_Awful_Might_Happen 1.0 .
:Respondent59 pred:hasGroupResponse :Respondent59_Anxiety_Symptoms_Frequency .

:Respondent59_Depressive_Symptoms_Frequency
                                  pred:Anhedonia 2.0 ;
                                  pred:Sleep_Problems 3.0 ;
                                  pred:Fatigue 3.0 ;
                                  pred:Appetite_Changes 3.0 ;
                                  pred:Feelings_of_Worthlessness 3.0 ;
                                  pred:Concentration_Difficulties 3.0 ;
                                  pred:Suicidal_Thoughts 2.0 .
:Respondent59 pred:hasGroupResponse :Respondent59_Depressive_Symptoms_Frequency .
",2.0,"For respondent 129, what is the value for 'Appetite Changes' in the 'Depressive Symptoms Frequency' category?

DATA:

@prefix : <http://example.org/survey#> .
@prefix pred: <http://example.org/predicate#> .
@prefix qg: <http://example.org/question_group#> .

# Questions
:QYear_of_birth pred:Text ""What is your date of birth? [Open-ended]"" .
:QGender pred:Text ""What is your gender? [MCQ: 1. Male 2. Female]"" .
:QSocio_economic_status pred:Text ""What is the socio-economic status of your home? [Likert 1–6: 1 = Very low, 6 = Very high]"" .
:QEthnic_identity pred:Text ""According to your culture, people, or physical features, you are or are recognized as: [MCQ: 1. Indigenous 2. Gypsy 3. Raizal from San Andres, Providencia and Santa Catalina Archipelago 4. Palenquero from San Basilio 5. Black, mulatto (Afro-descendant), Afro-Colombian 6. None of the above]"" .

:QGParental_Education pred:BaseQuestion ""How many years of education did your parents receive? [Open-ended]"" ;
    qg:hasSubQuestion :QParental_Education_Father, :QParental_Education_Mother .
:QParental_Education_Father pred:Text ""Father?"" .
:QParental_Education_Mother pred:Text ""Mother?"" .

:QLife_satisfaction pred:Text ""In general, how satisfied are you with all aspects of your life? [Likert 0–10: 0 = Not satisfied, 10 = Totally satisfied]"" .
:QHappiness pred:Text ""How happy did you feel yesterday? [Likert 0–10: 0 = At no time, 10 = All the time]"" .
:QLaughter pred:Text ""How much did you laugh yesterday? [Likert 0–10: 0 = At no time, 10 = All the time]"" .
:QLearning pred:Text ""Did you learn new or exciting things yesterday? [Likert 0–10: 0 = At no time, 10 = All the time]"" .
:QEnjoyment pred:Text ""How much did you enjoy the activities you did yesterday? [Likert 0–10: 0 = At no time, 10 = All the time]"" .
:QWorry pred:Text ""How worried did you feel yesterday? [Likert 0–10: 0 = At no time, 10 = All the time]"" .
:QDepression pred:Text ""How depressed did you feel yesterday? [Likert 0–10: 0 = At no time, 10 = All the time]"" .
:QAnger pred:Text ""How angry did you feel yesterday? [Likert 0–10: 0 = At no time, 10 = All the time]"" .
:QStress pred:Text ""How much stress did you feel yesterday? [Likert 0–10: 0 = At no time, 10 = All the time]"" .
:QLoneliness pred:Text ""How lonely or unsupported did you feel yesterday? [Likert 0–10: 0 = At no time, 10 = All the time]"" .

:QGEmotional_Regulation_Frequency pred:BaseQuestion ""Next, you will be asked questions about your emotional state. Please answer on a scale of 0 to 4, where 0 is never, 1 is 'almost never', 2 is 'sometimes', 3 is 'fairly often', and 4 is 'very often', how often you experienced the following feelings during the last month: [Likert 0–4]"" ;
    qg:hasSubQuestion :QEmotional_Regulation_Frequency_Upset_by_Unexpected_Events,
                      :QEmotional_Regulation_Frequency_Unable_to_Control_Important_Things,
                      :QEmotional_Regulation_Frequency_Nervous_and_Stressed,
                      :QEmotional_Regulation_Frequency_Lacked_Confidence_Handling_Problems,
                      :QEmotional_Regulation_Frequency_Things_Going_Your_Way,
                      :QEmotional_Regulation_Frequency_Unable_to_Cope,
                      :QEmotional_Regulation_Frequency_Irritated_by_Life,
                      :QEmotional_Regulation_Frequency_On_Top_of_Things,
                      :QEmotional_Regulation_Frequency_Angered_by_Uncontrollable_Events,
                      :QEmotional_Regulation_Frequency_Felt_Overwhelmed .

:QEmotional_Regulation_Frequency_Upset_by_Unexpected_Events pred:Text ""how often have you been upset because of something that happened unexpectedly?"" .
:QEmotional_Regulation_Frequency_Unable_to_Control_Important_Things pred:Text ""how often have you felt that you were unable to control the important things in your life?"" .
:QEmotional_Regulation_Frequency_Nervous_and_Stressed pred:Text ""how often have you felt nervous and stressed?"" .
:QEmotional_Regulation_Frequency_Lacked_Confidence_Handling_Problems pred:Text ""how often have you felt confident about your ability to handle your personal problems?"" .
:QEmotional_Regulation_Frequency_Things_Going_Your_Way pred:Text ""how often have you felt that things were going your way?"" .
:QEmotional_Regulation_Frequency_Unable_to_Cope pred:Text ""how often have you found that you could not cope with all the things that you had to do?"" .
:QEmotional_Regulation_Frequency_Irritated_by_Life pred:Text ""how often have you been able to control irritations in your life?"" .
:QEmotional_Regulation_Frequency_On_Top_of_Things pred:Text ""how often have you felt that you were on top of things?"" .
:QEmotional_Regulation_Frequency_Angered_by_Uncontrollable_Events pred:Text ""how often have you been angered because of things that happened that were outside of your control?"" .
:QEmotional_Regulation_Frequency_Felt_Overwhelmed pred:Text ""how often have you felt difficulties were piling up so high that you could not overcome them?"" .

:QGAnxiety_Symptoms_Frequency pred:BaseQuestion ""Next, you will be asked questions about your emotional state. Please answer on a scale of 0 to 3, where 0 is 'Not at all', 1 is 'several days', 2 is 'more than half of the days', and 3 is 'Nearly every day'. Over the last two weeks, how often have you been bothered by the following problems? [Likert 0–3]"" ;
    qg:hasSubQuestion :QAnxiety_Symptoms_Frequency_Feeling_Nervous_or_On_Edge,
                      :QAnxiety_Symptoms_Frequency_Uncontrollable_Worrying,
                      :QAnxiety_Symptoms_Frequency_Excessive_Worry,
                      :QAnxiety_Symptoms_Frequency_Trouble_Relaxing,
                      :QAnxiety_Symptoms_Frequency_Restlessness,
                      :QAnxiety_Symptoms_Frequency_Irritability,
                      :QAnxiety_Symptoms_Frequency_Fear_Something_Awful_Might_Happen .

:QAnxiety_Symptoms_Frequency_Feeling_Nervous_or_On_Edge pred:Text ""Feeling nervous, anxious, or on edge"" .
:QAnxiety_Symptoms_Frequency_Uncontrollable_Worrying pred:Text ""Not being able to stop or control worrying"" .
:QAnxiety_Symptoms_Frequency_Excessive_Worry pred:Text ""Worrying too much about different things"" .
:QAnxiety_Symptoms_Frequency_Trouble_Relaxing pred:Text ""Trouble relaxing"" .
:QAnxiety_Symptoms_Frequency_Restlessness pred:Text ""Being so restless that it is hard to sit still"" .
:QAnxiety_Symptoms_Frequency_Irritability pred:Text ""Becoming easily annoyed or irritable"" .
:QAnxiety_Symptoms_Frequency_Fear_Something_Awful_Might_Happen pred:Text ""Feeling afraid, as if something awful might happen"" .

:QGDepressive_Symptoms_Frequency pred:BaseQuestion ""Next, you will be asked questions about your emotional state. Please answer on a scale of 0 to 3, where 0 is 'Not at all', 1 is 'several days', 2 is 'more than half of the days', and 3 is 'Nearly every day'. Over the last two weeks, how often have you been bothered by the following problems?"" ;
    qg:hasSubQuestion :QDepressive_Symptoms_Frequency_Anhedonia,
                      :QDepressive_Symptoms_Frequency_Depressed_Mood,
                      :QDepressive_Symptoms_Frequency_Sleep_Problems,
                      :QDepressive_Symptoms_Frequency_Fatigue,
                      :QDepressive_Symptoms_Frequency_Appetite_Changes,
                      :QDepressive_Symptoms_Frequency_Feelings_of_Worthlessness,
                      :QDepressive_Symptoms_Frequency_Concentration_Difficulties,
                      :QDepressive_Symptoms_Frequency_Psychomotor_Changes,
                      :QDepressive_Symptoms_Frequency_Suicidal_Thoughts .

:QDepressive_Symptoms_Frequency_Anhedonia pred:Text ""Little interest or pleasure in doing things"" .
:QDepressive_Symptoms_Frequency_Depressed_Mood pred:Text ""Feeling down, depressed, or hopeless"" .
:QDepressive_Symptoms_Frequency_Sleep_Problems pred:Text ""Trouble falling or staying asleep, or sleeping too much"" .
:QDepressive_Symptoms_Frequency_Fatigue pred:Text ""Feeling tired or having little energy"" .
:QDepressive_Symptoms_Frequency_Appetite_Changes pred:Text ""Poor appetite or overeating"" .
:QDepressive_Symptoms_Frequency_Feelings_of_Worthlessness pred:Text ""Feeling bad about yourself or that you are a failure or have let yourself or your family down"" .
:QDepressive_Symptoms_Frequency_Concentration_Difficulties pred:Text ""Trouble concentrating on things, such as reading the newspaper or watching television"" .
:QDepressive_Symptoms_Frequency_Psychomotor_Changes pred:Text ""Moving or speaking so slowly that other people could have noticed. Or the opposite — being so fidgety or restless that you have been moving around a lot more than usual"" .
:QDepressive_Symptoms_Frequency_Suicidal_Thoughts pred:Text ""Thoughts that you would be better off dead, or of hurting yourself"" .

# Responses
:Respondent73 pred:Year_of_birth 2005.0 ;
     pred:Gender 2.0 ;
     pred:Socio_economic_status 2.0 ;
     pred:Ethnic_identity 6.0 .

:Respondent73_Parental_Education
                       pred:Father 25.0 ;
                       pred:Mother 15.0 .
:Respondent73 pred:hasGroupResponse :Respondent73_Parental_Education .

:Respondent73 pred:Life_satisfaction 8.0 ;
     pred:Happiness 5.0 ;
     pred:Laughter 4.0 ;
     pred:Learning 5.0 ;
     pred:Enjoyment 5.0 ;
     pred:Worry 2.0 ;
     pred:Depression 1.0 ;
     pred:Anger 2.0 ;
     pred:Stress 4.0 ;
     pred:Loneliness 6.0 .

:Respondent73_Emotional_Regulation_Frequency
                                   pred:Upset_by_Unexpected_Events 2.0 ;
                                   pred:Unable_to_Control_Important_Things 2.0 ;
                                   pred:Lacked_Confidence_Handling_Problems 2.0 ;
                                   pred:Unable_to_Cope 2.0 ;
                                   pred:Irritated_by_Life 2.0 ;
                                   pred:On_Top_of_Things 2.0 .
:Respondent73 pred:hasGroupResponse :Respondent73_Emotional_Regulation_Frequency .

:Respondent73_Anxiety_Symptoms_Frequency
                               pred:Feeling_Nervous_or_On_Edge 2.0 ;
                               pred:Trouble_Relaxing 1.0 ;
                               pred:Restlessness 1.0 ;
                               pred:Irritability 2.0 ;
                               pred:Fear_Something_Awful_Might_Happen 2.0 .
:Respondent73 pred:hasGroupResponse :Respondent73_Anxiety_Symptoms_Frequency .

:Respondent73_Depressive_Symptoms_Frequency
                                  pred:Anhedonia 1.0 ;
                                  pred:Sleep_Problems 2.0 ;
                                  pred:Fatigue 1.0 ;
                                  pred:Appetite_Changes 1.0 ;
                                  pred:Feelings_of_Worthlessness 1.0 ;
                                  pred:Concentration_Difficulties 1.0 ;
                                  pred:Suicidal_Thoughts 0.0 .
:Respondent73 pred:hasGroupResponse :Respondent73_Depressive_Symptoms_Frequency .

:Respondent85 pred:Year_of_birth 2004.0 ;
     pred:Gender 2.0 ;
     pred:Socio_economic_status 3.0 ;
     pred:Ethnic_identity 6.0 .

:Respondent85_Parental_Education
                       pred:Father 18.0 .
:Respondent85 pred:hasGroupResponse :Respondent85_Parental_Education .

:Respondent85 pred:Life_satisfaction 5.0 ;
     pred:Happiness 6.0 ;
     pred:Laughter 6.0 ;
     pred:Learning 8.0 ;
     pred:Enjoyment 5.0 ;
     pred:Worry 1.0 ;
     pred:Depression 1.0 ;
     pred:Anger 2.0 ;
     pred:Stress 4.0 ;
     pred:Loneliness 1.0 .

:Respondent85_Emotional_Regulation_Frequency
                                   pred:Upset_by_Unexpected_Events 2.0 ;
                                   pred:Unable_to_Control_Important_Things 3.0 ;
                                   pred:Lacked_Confidence_Handling_Problems 2.0 ;
                                   pred:Unable_to_Cope 3.0 ;
                                   pred:Irritated_by_Life 3.0 ;
                                   pred:On_Top_of_Things 2.0 .
:Respondent85 pred:hasGroupResponse :Respondent85_Emotional_Regulation_Frequency .

:Respondent85_Anxiety_Symptoms_Frequency
                               pred:Feeling_Nervous_or_On_Edge 1.0 ;
                               pred:Trouble_Relaxing 1.0 ;
                               pred:Restlessness 0.0 ;
                               pred:Irritability 1.0 ;
                               pred:Fear_Something_Awful_Might_Happen 1.0 .
:Respondent85 pred:hasGroupResponse :Respondent85_Anxiety_Symptoms_Frequency .

:Respondent85_Depressive_Symptoms_Frequency
                                  pred:Anhedonia 2.0 ;
                                  pred:Sleep_Problems 2.0 ;
                                  pred:Fatigue 3.0 ;
                                  pred:Appetite_Changes 3.0 ;
                                  pred:Feelings_of_Worthlessness 1.0 ;
                                  pred:Concentration_Difficulties 1.0 ;
                                  pred:Suicidal_Thoughts 0.0 .
:Respondent85 pred:hasGroupResponse :Respondent85_Depressive_Symptoms_Frequency .

:Respondent129 pred:Year_of_birth 2001.0 ;
     pred:Gender 2.0 ;
     pred:Socio_economic_status 3.0 ;
     pred:Ethnic_identity 6.0 .

:Respondent129_Parental_Education
                       pred:Father 13.0 ;
                       pred:Mother 13.0 .
:Respondent129 pred:hasGroupResponse :Respondent129_Parental_Education .

:Respondent129 pred:Life_satisfaction 8.0 ;
     pred:Happiness 9.0 ;
     pred:Laughter 6.0 ;
     pred:Learning 5.0 ;
     pred:Enjoyment 6.0 ;
     pred:Worry 1.0 ;
     pred:Depression 1.0 ;
     pred:Anger 1.0 ;
     pred:Stress 3.0 ;
     pred:Loneliness 0.0 .

:Respondent129_Emotional_Regulation_Frequency
                                   pred:Upset_by_Unexpected_Events 1.0 ;
                                   pred:Unable_to_Control_Important_Things 1.0 ;
                                   pred:Lacked_Confidence_Handling_Problems 3.0 ;
                                   pred:Unable_to_Cope 2.0 ;
                                   pred:Irritated_by_Life 3.0 ;
                                   pred:On_Top_of_Things 2.0 .
:Respondent129 pred:hasGroupResponse :Respondent129_Emotional_Regulation_Frequency .

:Respondent129_Anxiety_Symptoms_Frequency
                               pred:Feeling_Nervous_or_On_Edge 1.0 ;
                               pred:Trouble_Relaxing 1.0 ;
                               pred:Restlessness 0.0 ;
                               pred:Irritability 0.0 ;
                               pred:Fear_Something_Awful_Might_Happen 0.0 .
:Respondent129 pred:hasGroupResponse :Respondent129_Anxiety_Symptoms_Frequency .

:Respondent129_Depressive_Symptoms_Frequency
                                  pred:Anhedonia 1.0 ;
                                  pred:Sleep_Problems 1.0 ;
                                  pred:Fatigue 2.0 ;
                                  pred:Appetite_Changes 2.0 ;
                                  pred:Feelings_of_Worthlessness 0.0 ;
                                  pred:Concentration_Difficulties 2.0 ;
                                  pred:Suicidal_Thoughts 0.0 .
:Respondent129 pred:hasGroupResponse :Respondent129_Depressive_Symptoms_Frequency .

Answer: 2.0

@prefix : <http://example.org/survey#> .
@prefix pred: <http://example.org/predicate#> .
@prefix qg: <http://example.org/question_group#> .

# Questions
:QYear_of_birth pred:Text ""What is your date of birth? [Open-ended]"" .
:QGender pred:Text ""What is your gender? [MCQ: 1. Male 2. Female]"" .
:QSocio_economic_status pred:Text ""What is the socio-economic status of your home? [Likert 1–6: 1 = Very low, 6 = Very high]"" .
:QEthnic_identity pred:Text ""According to your culture, people, or physical features, you are or are recognized as: [MCQ: 1. Indigenous 2. Gypsy 3. Raizal from San Andres, Providencia and Santa Catalina Archipelago 4. Palenquero from San Basilio 5. Black, mulatto (Afro-descendant), Afro-Colombian 6. None of the above]"" .

:QGParental_Education pred:BaseQuestion ""How many years of education did your parents receive? [Open-ended]"" ;
    qg:hasSubQuestion :QParental_Education_Father, :QParental_Education_Mother .
:QParental_Education_Father pred:Text ""Father?"" .
:QParental_Education_Mother pred:Text ""Mother?"" .

:QLife_satisfaction pred:Text ""In general, how satisfied are you with all aspects of your life? [Likert 0–10: 0 = Not satisfied, 10 = Totally satisfied]"" .
:QHappiness pred:Text ""How happy did you feel yesterday? [Likert 0–10: 0 = At no time, 10 = All the time]"" .
:QLaughter pred:Text ""How much did you laugh yesterday? [Likert 0–10: 0 = At no time, 10 = All the time]"" .
:QLearning pred:Text ""Did you learn new or exciting things yesterday? [Likert 0–10: 0 = At no time, 10 = All the time]"" .
:QEnjoyment pred:Text ""How much did you enjoy the activities you did yesterday? [Likert 0–10: 0 = At no time, 10 = All the time]"" .
:QWorry pred:Text ""How worried did you feel yesterday? [Likert 0–10: 0 = At no time, 10 = All the time]"" .
:QDepression pred:Text ""How depressed did you feel yesterday? [Likert 0–10: 0 = At no time, 10 = All the time]"" .
:QAnger pred:Text ""How angry did you feel yesterday? [Likert 0–10: 0 = At no time, 10 = All the time]"" .
:QStress pred:Text ""How much stress did you feel yesterday? [Likert 0–10: 0 = At no time, 10 = All the time]"" .
:QLoneliness pred:Text ""How lonely or unsupported did you feel yesterday? [Likert 0–10: 0 = At no time, 10 = All the time]"" .

:QGEmotional_Regulation_Frequency pred:BaseQuestion ""Next, you will be asked questions about your emotional state. Please answer on a scale of 0 to 4, where 0 is never, 1 is 'almost never', 2 is 'sometimes', 3 is 'fairly often', and 4 is 'very often', how often you experienced the following feelings during the last month: [Likert 0–4]"" ;
    qg:hasSubQuestion :QEmotional_Regulation_Frequency_Upset_by_Unexpected_Events,
                      :QEmotional_Regulation_Frequency_Unable_to_Control_Important_Things,
                      :QEmotional_Regulation_Frequency_Nervous_and_Stressed,
                      :QEmotional_Regulation_Frequency_Lacked_Confidence_Handling_Problems,
                      :QEmotional_Regulation_Frequency_Things_Going_Your_Way,
                      :QEmotional_Regulation_Frequency_Unable_to_Cope,
                      :QEmotional_Regulation_Frequency_Irritated_by_Life,
                      :QEmotional_Regulation_Frequency_On_Top_of_Things,
                      :QEmotional_Regulation_Frequency_Angered_by_Uncontrollable_Events,
                      :QEmotional_Regulation_Frequency_Felt_Overwhelmed .

:QEmotional_Regulation_Frequency_Upset_by_Unexpected_Events pred:Text ""how often have you been upset because of something that happened unexpectedly?"" .
:QEmotional_Regulation_Frequency_Unable_to_Control_Important_Things pred:Text ""how often have you felt that you were unable to control the important things in your life?"" .
:QEmotional_Regulation_Frequency_Nervous_and_Stressed pred:Text ""how often have you felt nervous and stressed?"" .
:QEmotional_Regulation_Frequency_Lacked_Confidence_Handling_Problems pred:Text ""how often have you felt confident about your ability to handle your personal problems?"" .
:QEmotional_Regulation_Frequency_Things_Going_Your_Way pred:Text ""how often have you felt that things were going your way?"" .
:QEmotional_Regulation_Frequency_Unable_to_Cope pred:Text ""how often have you found that you could not cope with all the things that you had to do?"" .
:QEmotional_Regulation_Frequency_Irritated_by_Life pred:Text ""how often have you been able to control irritations in your life?"" .
:QEmotional_Regulation_Frequency_On_Top_of_Things pred:Text ""how often have you felt that you were on top of things?"" .
:QEmotional_Regulation_Frequency_Angered_by_Uncontrollable_Events pred:Text ""how often have you been angered because of things that happened that were outside of your control?"" .
:QEmotional_Regulation_Frequency_Felt_Overwhelmed pred:Text ""how often have you felt difficulties were piling up so high that you could not overcome them?"" .

:QGAnxiety_Symptoms_Frequency pred:BaseQuestion ""Next, you will be asked questions about your emotional state. Please answer on a scale of 0 to 3, where 0 is 'Not at all', 1 is 'several days', 2 is 'more than half of the days', and 3 is 'Nearly every day'. Over the last two weeks, how often have you been bothered by the following problems? [Likert 0–3]"" ;
    qg:hasSubQuestion :QAnxiety_Symptoms_Frequency_Feeling_Nervous_or_On_Edge,
                      :QAnxiety_Symptoms_Frequency_Uncontrollable_Worrying,
                      :QAnxiety_Symptoms_Frequency_Excessive_Worry,
                      :QAnxiety_Symptoms_Frequency_Trouble_Relaxing,
                      :QAnxiety_Symptoms_Frequency_Restlessness,
                      :QAnxiety_Symptoms_Frequency_Irritability,
                      :QAnxiety_Symptoms_Frequency_Fear_Something_Awful_Might_Happen .

:QAnxiety_Symptoms_Frequency_Feeling_Nervous_or_On_Edge pred:Text ""Feeling nervous, anxious, or on edge"" .
:QAnxiety_Symptoms_Frequency_Uncontrollable_Worrying pred:Text ""Not being able to stop or control worrying"" .
:QAnxiety_Symptoms_Frequency_Excessive_Worry pred:Text ""Worrying too much about different things"" .
:QAnxiety_Symptoms_Frequency_Trouble_Relaxing pred:Text ""Trouble relaxing"" .
:QAnxiety_Symptoms_Frequency_Restlessness pred:Text ""Being so restless that it is hard to sit still"" .
:QAnxiety_Symptoms_Frequency_Irritability pred:Text ""Becoming easily annoyed or irritable"" .
:QAnxiety_Symptoms_Frequency_Fear_Something_Awful_Might_Happen pred:Text ""Feeling afraid, as if something awful might happen"" .

:QGDepressive_Symptoms_Frequency pred:BaseQuestion ""Next, you will be asked questions about your emotional state. Please answer on a scale of 0 to 3, where 0 is 'Not at all', 1 is 'several days', 2 is 'more than half of the days', and 3 is 'Nearly every day'. Over the last two weeks, how often have you been bothered by the following problems?"" ;
    qg:hasSubQuestion :QDepressive_Symptoms_Frequency_Anhedonia,
                      :QDepressive_Symptoms_Frequency_Depressed_Mood,
                      :QDepressive_Symptoms_Frequency_Sleep_Problems,
                      :QDepressive_Symptoms_Frequency_Fatigue,
                      :QDepressive_Symptoms_Frequency_Appetite_Changes,
                      :QDepressive_Symptoms_Frequency_Feelings_of_Worthlessness,
                      :QDepressive_Symptoms_Frequency_Concentration_Difficulties,
                      :QDepressive_Symptoms_Frequency_Psychomotor_Changes,
                      :QDepressive_Symptoms_Frequency_Suicidal_Thoughts .

:QDepressive_Symptoms_Frequency_Anhedonia pred:Text ""Little interest or pleasure in doing things"" .
:QDepressive_Symptoms_Frequency_Depressed_Mood pred:Text ""Feeling down, depressed, or hopeless"" .
:QDepressive_Symptoms_Frequency_Sleep_Problems pred:Text ""Trouble falling or staying asleep, or sleeping too much"" .
:QDepressive_Symptoms_Frequency_Fatigue pred:Text ""Feeling tired or having little energy"" .
:QDepressive_Symptoms_Frequency_Appetite_Changes pred:Text ""Poor appetite or overeating"" .
:QDepressive_Symptoms_Frequency_Feelings_of_Worthlessness pred:Text ""Feeling bad about yourself or that you are a failure or have let yourself or your family down"" .
:QDepressive_Symptoms_Frequency_Concentration_Difficulties pred:Text ""Trouble concentrating on things, such as reading the newspaper or watching television"" .
:QDepressive_Symptoms_Frequency_Psychomotor_Changes pred:Text ""Moving or speaking so slowly that other people could have noticed. Or the opposite — being so fidgety or restless that you have been moving around a lot more than usual"" .
:QDepressive_Symptoms_Frequency_Suicidal_Thoughts pred:Text ""Thoughts that you would be better off dead, or of hurting yourself"" .

# Responses
:Respondent25 pred:Year_of_birth 2003.0 ;
     pred:Gender 2.0 ;
     pred:Socio_economic_status 3.0 ;
     pred:Ethnic_identity 1.0 .

:Respondent25 pred:Life_satisfaction 3.0 ;
     pred:Happiness 2.0 ;
     pred:Laughter 1.0 ;
     pred:Learning 1.0 ;
     pred:Enjoyment 2.0 ;
     pred:Worry 0.0 ;
     pred:Depression 3.0 ;
     pred:Anger 3.0 ;
     pred:Stress 3.0 ;
     pred:Loneliness 8.0 .

:Respondent25_Emotional_Regulation_Frequency
                                   pred:Upset_by_Unexpected_Events 2.0 ;
                                   pred:Unable_to_Control_Important_Things 2.0 ;
                                   pred:Lacked_Confidence_Handling_Problems 4.0 ;
                                   pred:Unable_to_Cope 3.0 ;
                                   pred:Irritated_by_Life 2.0 ;
                                   pred:On_Top_of_Things 1.0 .
:Respondent25 pred:hasGroupResponse :Respondent25_Emotional_Regulation_Frequency .

:Respondent25_Anxiety_Symptoms_Frequency
                               pred:Feeling_Nervous_or_On_Edge 3.0 ;
                               pred:Trouble_Relaxing 3.0 ;
                               pred:Restlessness 3.0 ;
                               pred:Irritability 3.0 ;
                               pred:Fear_Something_Awful_Might_Happen 2.0 .
:Respondent25 pred:hasGroupResponse :Respondent25_Anxiety_Symptoms_Frequency .

:Respondent25_Depressive_Symptoms_Frequency
                                  pred:Anhedonia 3.0 ;
                                  pred:Sleep_Problems 0.0 ;
                                  pred:Fatigue 3.0 ;
                                  pred:Appetite_Changes 3.0 ;
                                  pred:Feelings_of_Worthlessness 1.0 ;
                                  pred:Concentration_Difficulties 3.0 ;
                                  pred:Suicidal_Thoughts 0.0 .
:Respondent25 pred:hasGroupResponse :Respondent25_Depressive_Symptoms_Frequency .

:Respondent103 pred:Year_of_birth 2004.0 ;
     pred:Gender 2.0 ;
     pred:Socio_economic_status 5.0 ;
     pred:Ethnic_identity 6.0 .

:Respondent103_Parental_Education
                       pred:Father 16.0 ;
                       pred:Mother 16.0 .
:Respondent103 pred:hasGroupResponse :Respondent103_Parental_Education .

:Respondent103 pred:Life_satisfaction 8.0 ;
     pred:Happiness 6.0 ;
     pred:Laughter 7.0 ;
     pred:Learning 7.0 ;
     pred:Enjoyment 8.0 ;
     pred:Worry 1.0 ;
     pred:Depression 1.0 ;
     pred:Anger 3.0 ;
     pred:Stress 3.0 ;
     pred:Loneliness 3.0 .

:Respondent103_Emotional_Regulation_Frequency
                                   pred:Upset_by_Unexpected_Events 3.0 ;
                                   pred:Unable_to_Control_Important_Things 1.0 ;
                                   pred:Lacked_Confidence_Handling_Problems 3.0 ;
                                   pred:Unable_to_Cope 2.0 ;
                                   pred:Irritated_by_Life 3.0 ;
                                   pred:On_Top_of_Things 2.0 .
:Respondent103 pred:hasGroupResponse :Respondent103_Emotional_Regulation_Frequency .

:Respondent103_Anxiety_Symptoms_Frequency
                               pred:Feeling_Nervous_or_On_Edge 3.0 ;
                               pred:Trouble_Relaxing 1.0 ;
                               pred:Restlessness 2.0 ;
                               pred:Irritability 2.0 ;
                               pred:Fear_Something_Awful_Might_Happen 3.0 .
:Respondent103 pred:hasGroupResponse :Respondent103_Anxiety_Symptoms_Frequency .

:Respondent103_Depressive_Symptoms_Frequency
                                  pred:Anhedonia 1.0 ;
                                  pred:Sleep_Problems 0.0 ;
                                  pred:Fatigue 1.0 ;
                                  pred:Appetite_Changes 1.0 ;
                                  pred:Feelings_of_Worthlessness 0.0 ;
                                  pred:Concentration_Difficulties 1.0 ;
                                  pred:Suicidal_Thoughts 0.0 .
:Respondent103 pred:hasGroupResponse :Respondent103_Depressive_Symptoms_Frequency .

:Respondent59 pred:Year_of_birth 2004.0 ;
     pred:Gender 2.0 ;
     pred:Socio_economic_status 3.0 ;
     pred:Ethnic_identity 6.0 .

:Respondent59_Parental_Education
                       pred:Father 4.0 ;
                       pred:Mother 4.0 .
:Respondent59 pred:hasGroupResponse :Respondent59_Parental_Education .

:Respondent59 pred:Life_satisfaction 5.0 ;
     pred:Happiness 6.0 ;
     pred:Laughter 6.0 ;
     pred:Learning 6.0 ;
     pred:Enjoyment 7.0 ;
     pred:Worry 3.0 ;
     pred:Depression 2.0 ;
     pred:Anger 2.0 ;
     pred:Stress 4.0 ;
     pred:Loneliness 5.0 .

:Respondent59_Emotional_Regulation_Frequency
                                   pred:Upset_by_Unexpected_Events 3.0 ;
                                   pred:Unable_to_Control_Important_Things 4.0 ;
                                   pred:Lacked_Confidence_Handling_Problems 4.0 ;
                                   pred:Unable_to_Cope 3.0 ;
                                   pred:Irritated_by_Life 3.0 ;
                                   pred:On_Top_of_Things 2.0 .
:Respondent59 pred:hasGroupResponse :Respondent59_Emotional_Regulation_Frequency .

:Respondent59_Anxiety_Symptoms_Frequency
                               pred:Feeling_Nervous_or_On_Edge 3.0 ;
                               pred:Trouble_Relaxing 2.0 ;
                               pred:Restlessness 2.0 ;
                               pred:Irritability 3.0 ;
                               pred:Fear_Something_Awful_Might_Happen 1.0 .
:Respondent59 pred:hasGroupResponse :Respondent59_Anxiety_Symptoms_Frequency .

:Respondent59_Depressive_Symptoms_Frequency
                                  pred:Anhedonia 2.0 ;
                                  pred:Sleep_Problems 3.0 ;
                                  pred:Fatigue 3.0 ;
                                  pred:Appetite_Changes 3.0 ;
                                  pred:Feelings_of_Worthlessness 3.0 ;
                                  pred:Concentration_Difficulties 3.0 ;
                                  pred:Suicidal_Thoughts 2.0 .
:Respondent59 pred:hasGroupResponse :Respondent59_Depressive_Symptoms_Frequency .

You are a meticulous data analyst AI. Your primary function is to accurately analyze structured data and provide precise, verifiable answers.

You will be given a dataset with two key parts:

A 'questions' section: This is your data dictionary or schema. It is the single source of truth for understanding what each field and score means. Refer to it carefully.

A 'responses' section: This contains the raw data from each individual respondent.

To answer the question correctly, you must first use the 'questions' schema to fully understand the context and meaning of the data points within the 'responses'. Do not rely on any prior knowledge outside of this provided data. Base your entire analysis on the information given.

Provide your final answer directly and concisely. Output must be the human-readable value, not an option code.

Rules:
- For MCQ fields, map any letter codes in the Responses (case-insensitive) to the corresponding option text from the Questions schema, and output only that text. Do NOT include the letter or both.
  Example: If the schema is ""[MCQ: A. Abnormal B. Inconclusive C. Normal]"" and the response is ""a"", output ""Abnormal"".
- For open-ended fields, output the exact text value.
- If the question asks for a count, provide only the number (e.g., ""42"").
- If the question asks for a list of names or IDs, provide a simple comma-separated list (e.g., ""17, 21, 23"").
- Preserve capitalization exactly as in the schema (e.g., output ""Abnormal"", not ""abnormal"" or ""A"").

What is the frequency of feeling unable to control important things for respondent 25?",,
case_39,answer_lookup,"For respondent 69, what is the value for 'Lacked Confidence Handling Problems' in the 'Emotional Regulation Frequency' category?","@prefix : <http://example.org/survey#> .
@prefix pred: <http://example.org/predicate#> .
@prefix qg: <http://example.org/question_group#> .

# Questions
:QYear_of_birth pred:Text ""What is your date of birth? [Open-ended]"" .
:QGender pred:Text ""What is your gender? [MCQ: 1. Male 2. Female]"" .
:QSocio_economic_status pred:Text ""What is the socio-economic status of your home? [Likert 1–6: 1 = Very low, 6 = Very high]"" .
:QEthnic_identity pred:Text ""According to your culture, people, or physical features, you are or are recognized as: [MCQ: 1. Indigenous 2. Gypsy 3. Raizal from San Andres, Providencia and Santa Catalina Archipelago 4. Palenquero from San Basilio 5. Black, mulatto (Afro-descendant), Afro-Colombian 6. None of the above]"" .

:QGParental_Education pred:BaseQuestion ""How many years of education did your parents receive? [Open-ended]"" ;
    qg:hasSubQuestion :QParental_Education_Father, :QParental_Education_Mother .
:QParental_Education_Father pred:Text ""Father?"" .
:QParental_Education_Mother pred:Text ""Mother?"" .

:QLife_satisfaction pred:Text ""In general, how satisfied are you with all aspects of your life? [Likert 0–10: 0 = Not satisfied, 10 = Totally satisfied]"" .
:QHappiness pred:Text ""How happy did you feel yesterday? [Likert 0–10: 0 = At no time, 10 = All the time]"" .
:QLaughter pred:Text ""How much did you laugh yesterday? [Likert 0–10: 0 = At no time, 10 = All the time]"" .
:QLearning pred:Text ""Did you learn new or exciting things yesterday? [Likert 0–10: 0 = At no time, 10 = All the time]"" .
:QEnjoyment pred:Text ""How much did you enjoy the activities you did yesterday? [Likert 0–10: 0 = At no time, 10 = All the time]"" .
:QWorry pred:Text ""How worried did you feel yesterday? [Likert 0–10: 0 = At no time, 10 = All the time]"" .
:QDepression pred:Text ""How depressed did you feel yesterday? [Likert 0–10: 0 = At no time, 10 = All the time]"" .
:QAnger pred:Text ""How angry did you feel yesterday? [Likert 0–10: 0 = At no time, 10 = All the time]"" .
:QStress pred:Text ""How much stress did you feel yesterday? [Likert 0–10: 0 = At no time, 10 = All the time]"" .
:QLoneliness pred:Text ""How lonely or unsupported did you feel yesterday? [Likert 0–10: 0 = At no time, 10 = All the time]"" .

:QGEmotional_Regulation_Frequency pred:BaseQuestion ""Next, you will be asked questions about your emotional state. Please answer on a scale of 0 to 4, where 0 is never, 1 is 'almost never', 2 is 'sometimes', 3 is 'fairly often', and 4 is 'very often', how often you experienced the following feelings during the last month: [Likert 0–4]"" ;
    qg:hasSubQuestion :QEmotional_Regulation_Frequency_Upset_by_Unexpected_Events,
                      :QEmotional_Regulation_Frequency_Unable_to_Control_Important_Things,
                      :QEmotional_Regulation_Frequency_Nervous_and_Stressed,
                      :QEmotional_Regulation_Frequency_Lacked_Confidence_Handling_Problems,
                      :QEmotional_Regulation_Frequency_Things_Going_Your_Way,
                      :QEmotional_Regulation_Frequency_Unable_to_Cope,
                      :QEmotional_Regulation_Frequency_Irritated_by_Life,
                      :QEmotional_Regulation_Frequency_On_Top_of_Things,
                      :QEmotional_Regulation_Frequency_Angered_by_Uncontrollable_Events,
                      :QEmotional_Regulation_Frequency_Felt_Overwhelmed .

:QEmotional_Regulation_Frequency_Upset_by_Unexpected_Events pred:Text ""how often have you been upset because of something that happened unexpectedly?"" .
:QEmotional_Regulation_Frequency_Unable_to_Control_Important_Things pred:Text ""how often have you felt that you were unable to control the important things in your life?"" .
:QEmotional_Regulation_Frequency_Nervous_and_Stressed pred:Text ""how often have you felt nervous and stressed?"" .
:QEmotional_Regulation_Frequency_Lacked_Confidence_Handling_Problems pred:Text ""how often have you felt confident about your ability to handle your personal problems?"" .
:QEmotional_Regulation_Frequency_Things_Going_Your_Way pred:Text ""how often have you felt that things were going your way?"" .
:QEmotional_Regulation_Frequency_Unable_to_Cope pred:Text ""how often have you found that you could not cope with all the things that you had to do?"" .
:QEmotional_Regulation_Frequency_Irritated_by_Life pred:Text ""how often have you been able to control irritations in your life?"" .
:QEmotional_Regulation_Frequency_On_Top_of_Things pred:Text ""how often have you felt that you were on top of things?"" .
:QEmotional_Regulation_Frequency_Angered_by_Uncontrollable_Events pred:Text ""how often have you been angered because of things that happened that were outside of your control?"" .
:QEmotional_Regulation_Frequency_Felt_Overwhelmed pred:Text ""how often have you felt difficulties were piling up so high that you could not overcome them?"" .

:QGAnxiety_Symptoms_Frequency pred:BaseQuestion ""Next, you will be asked questions about your emotional state. Please answer on a scale of 0 to 3, where 0 is 'Not at all', 1 is 'several days', 2 is 'more than half of the days', and 3 is 'Nearly every day'. Over the last two weeks, how often have you been bothered by the following problems? [Likert 0–3]"" ;
    qg:hasSubQuestion :QAnxiety_Symptoms_Frequency_Feeling_Nervous_or_On_Edge,
                      :QAnxiety_Symptoms_Frequency_Uncontrollable_Worrying,
                      :QAnxiety_Symptoms_Frequency_Excessive_Worry,
                      :QAnxiety_Symptoms_Frequency_Trouble_Relaxing,
                      :QAnxiety_Symptoms_Frequency_Restlessness,
                      :QAnxiety_Symptoms_Frequency_Irritability,
                      :QAnxiety_Symptoms_Frequency_Fear_Something_Awful_Might_Happen .

:QAnxiety_Symptoms_Frequency_Feeling_Nervous_or_On_Edge pred:Text ""Feeling nervous, anxious, or on edge"" .
:QAnxiety_Symptoms_Frequency_Uncontrollable_Worrying pred:Text ""Not being able to stop or control worrying"" .
:QAnxiety_Symptoms_Frequency_Excessive_Worry pred:Text ""Worrying too much about different things"" .
:QAnxiety_Symptoms_Frequency_Trouble_Relaxing pred:Text ""Trouble relaxing"" .
:QAnxiety_Symptoms_Frequency_Restlessness pred:Text ""Being so restless that it is hard to sit still"" .
:QAnxiety_Symptoms_Frequency_Irritability pred:Text ""Becoming easily annoyed or irritable"" .
:QAnxiety_Symptoms_Frequency_Fear_Something_Awful_Might_Happen pred:Text ""Feeling afraid, as if something awful might happen"" .

:QGDepressive_Symptoms_Frequency pred:BaseQuestion ""Next, you will be asked questions about your emotional state. Please answer on a scale of 0 to 3, where 0 is 'Not at all', 1 is 'several days', 2 is 'more than half of the days', and 3 is 'Nearly every day'. Over the last two weeks, how often have you been bothered by the following problems?"" ;
    qg:hasSubQuestion :QDepressive_Symptoms_Frequency_Anhedonia,
                      :QDepressive_Symptoms_Frequency_Depressed_Mood,
                      :QDepressive_Symptoms_Frequency_Sleep_Problems,
                      :QDepressive_Symptoms_Frequency_Fatigue,
                      :QDepressive_Symptoms_Frequency_Appetite_Changes,
                      :QDepressive_Symptoms_Frequency_Feelings_of_Worthlessness,
                      :QDepressive_Symptoms_Frequency_Concentration_Difficulties,
                      :QDepressive_Symptoms_Frequency_Psychomotor_Changes,
                      :QDepressive_Symptoms_Frequency_Suicidal_Thoughts .

:QDepressive_Symptoms_Frequency_Anhedonia pred:Text ""Little interest or pleasure in doing things"" .
:QDepressive_Symptoms_Frequency_Depressed_Mood pred:Text ""Feeling down, depressed, or hopeless"" .
:QDepressive_Symptoms_Frequency_Sleep_Problems pred:Text ""Trouble falling or staying asleep, or sleeping too much"" .
:QDepressive_Symptoms_Frequency_Fatigue pred:Text ""Feeling tired or having little energy"" .
:QDepressive_Symptoms_Frequency_Appetite_Changes pred:Text ""Poor appetite or overeating"" .
:QDepressive_Symptoms_Frequency_Feelings_of_Worthlessness pred:Text ""Feeling bad about yourself or that you are a failure or have let yourself or your family down"" .
:QDepressive_Symptoms_Frequency_Concentration_Difficulties pred:Text ""Trouble concentrating on things, such as reading the newspaper or watching television"" .
:QDepressive_Symptoms_Frequency_Psychomotor_Changes pred:Text ""Moving or speaking so slowly that other people could have noticed. Or the opposite — being so fidgety or restless that you have been moving around a lot more than usual"" .
:QDepressive_Symptoms_Frequency_Suicidal_Thoughts pred:Text ""Thoughts that you would be better off dead, or of hurting yourself"" .

# Responses
:Respondent69 pred:Year_of_birth 2000.0 ;
     pred:Gender 2.0 ;
     pred:Socio_economic_status 6.0 ;
     pred:Ethnic_identity 6.0 .

:Respondent69_Parental_Education
                       pred:Father 25.0 ;
                       pred:Mother 30.0 .
:Respondent69 pred:hasGroupResponse :Respondent69_Parental_Education .

:Respondent69 pred:Life_satisfaction 7.0 ;
     pred:Happiness 5.0 ;
     pred:Laughter 6.0 ;
     pred:Learning 4.0 ;
     pred:Enjoyment 6.0 ;
     pred:Worry 1.0 ;
     pred:Depression 0.0 ;
     pred:Anger 3.0 ;
     pred:Stress 3.0 ;
     pred:Loneliness 4.0 .

:Respondent69_Emotional_Regulation_Frequency
                                   pred:Upset_by_Unexpected_Events 3.0 ;
                                   pred:Unable_to_Control_Important_Things 3.0 ;
                                   pred:Lacked_Confidence_Handling_Problems 2.0 ;
                                   pred:Unable_to_Cope 1.0 ;
                                   pred:Irritated_by_Life 4.0 ;
                                   pred:On_Top_of_Things 3.0 .
:Respondent69 pred:hasGroupResponse :Respondent69_Emotional_Regulation_Frequency .

:Respondent69_Anxiety_Symptoms_Frequency
                               pred:Feeling_Nervous_or_On_Edge 1.0 ;
                               pred:Trouble_Relaxing 0.0 ;
                               pred:Restlessness 0.0 ;
                               pred:Irritability 1.0 ;
                               pred:Fear_Something_Awful_Might_Happen 0.0 .
:Respondent69 pred:hasGroupResponse :Respondent69_Anxiety_Symptoms_Frequency .

:Respondent69_Depressive_Symptoms_Frequency
                                  pred:Anhedonia 1.0 ;
                                  pred:Sleep_Problems 1.0 ;
                                  pred:Fatigue 1.0 ;
                                  pred:Appetite_Changes 0.0 ;
                                  pred:Feelings_of_Worthlessness 1.0 ;
                                  pred:Concentration_Difficulties 3.0 ;
                                  pred:Suicidal_Thoughts 0.0 .
:Respondent69 pred:hasGroupResponse :Respondent69_Depressive_Symptoms_Frequency .

:Respondent5 pred:Year_of_birth 1999.0 ;
     pred:Gender 1.0 ;
     pred:Socio_economic_status 4.0 ;
     pred:Ethnic_identity 5.0 .

:Respondent5 pred:Life_satisfaction 8.0 ;
     pred:Happiness 6.0 ;
     pred:Laughter 7.0 ;
     pred:Learning 3.0 ;
     pred:Enjoyment 9.0 ;
     pred:Worry 0.0 ;
     pred:Depression 1.0 ;
     pred:Anger 2.0 ;
     pred:Stress 2.0 ;
     pred:Loneliness 10.0 .

:Respondent5_Emotional_Regulation_Frequency
                                   pred:Upset_by_Unexpected_Events 3.0 ;
                                   pred:Unable_to_Control_Important_Things 1.0 ;
                                   pred:Lacked_Confidence_Handling_Problems 3.0 ;
                                   pred:Unable_to_Cope 3.0 ;
                                   pred:Irritated_by_Life 3.0 ;
                                   pred:On_Top_of_Things 2.0 .
:Respondent5 pred:hasGroupResponse :Respondent5_Emotional_Regulation_Frequency .

:Respondent5_Anxiety_Symptoms_Frequency
                               pred:Feeling_Nervous_or_On_Edge 1.0 ;
                               pred:Trouble_Relaxing 0.0 ;
                               pred:Restlessness 0.0 ;
                               pred:Irritability 0.0 ;
                               pred:Fear_Something_Awful_Might_Happen 1.0 .
:Respondent5 pred:hasGroupResponse :Respondent5_Anxiety_Symptoms_Frequency .

:Respondent5_Depressive_Symptoms_Frequency
                                  pred:Anhedonia 2.0 ;
                                  pred:Sleep_Problems 3.0 ;
                                  pred:Fatigue 1.0 ;
                                  pred:Appetite_Changes 1.0 ;
                                  pred:Feelings_of_Worthlessness 0.0 ;
                                  pred:Concentration_Difficulties 1.0 ;
                                  pred:Suicidal_Thoughts 3.0 .
:Respondent5 pred:hasGroupResponse :Respondent5_Depressive_Symptoms_Frequency .

:Respondent27 pred:Year_of_birth 2003.0 ;
     pred:Gender 2.0 ;
     pred:Socio_economic_status 3.0 ;
     pred:Ethnic_identity 6.0 .

:Respondent27_Parental_Education
                       pred:Father 12.0 .
:Respondent27 pred:hasGroupResponse :Respondent27_Parental_Education .

:Respondent27 pred:Life_satisfaction 7.0 ;
     pred:Happiness 10.0 ;
     pred:Laughter 6.0 ;
     pred:Learning 4.0 ;
     pred:Enjoyment 9.0 ;
     pred:Worry 1.0 ;
     pred:Depression 0.0 ;
     pred:Anger 2.0 ;
     pred:Stress 3.0 ;
     pred:Loneliness 0.0 .

:Respondent27_Emotional_Regulation_Frequency
                                   pred:Upset_by_Unexpected_Events 2.0 ;
                                   pred:Unable_to_Control_Important_Things 2.0 ;
                                   pred:Lacked_Confidence_Handling_Problems 3.0 ;
                                   pred:Unable_to_Cope 1.0 ;
                                   pred:Irritated_by_Life 3.0 ;
                                   pred:On_Top_of_Things 1.0 .
:Respondent27 pred:hasGroupResponse :Respondent27_Emotional_Regulation_Frequency .

:Respondent27_Anxiety_Symptoms_Frequency
                               pred:Feeling_Nervous_or_On_Edge 0.0 ;
                               pred:Trouble_Relaxing 1.0 ;
                               pred:Restlessness 1.0 ;
                               pred:Irritability 1.0 ;
                               pred:Fear_Something_Awful_Might_Happen 1.0 .
:Respondent27 pred:hasGroupResponse :Respondent27_Anxiety_Symptoms_Frequency .

:Respondent27_Depressive_Symptoms_Frequency
                                  pred:Anhedonia 0.0 ;
                                  pred:Sleep_Problems 0.0 ;
                                  pred:Fatigue 0.0 ;
                                  pred:Appetite_Changes 0.0 ;
                                  pred:Feelings_of_Worthlessness 1.0 ;
                                  pred:Concentration_Difficulties 1.0 ;
                                  pred:Suicidal_Thoughts 0.0 .
:Respondent27 pred:hasGroupResponse :Respondent27_Depressive_Symptoms_Frequency .
",2.0,"For respondent 129, what is the value for 'Appetite Changes' in the 'Depressive Symptoms Frequency' category?

DATA:

@prefix : <http://example.org/survey#> .
@prefix pred: <http://example.org/predicate#> .
@prefix qg: <http://example.org/question_group#> .

# Questions
:QYear_of_birth pred:Text ""What is your date of birth? [Open-ended]"" .
:QGender pred:Text ""What is your gender? [MCQ: 1. Male 2. Female]"" .
:QSocio_economic_status pred:Text ""What is the socio-economic status of your home? [Likert 1–6: 1 = Very low, 6 = Very high]"" .
:QEthnic_identity pred:Text ""According to your culture, people, or physical features, you are or are recognized as: [MCQ: 1. Indigenous 2. Gypsy 3. Raizal from San Andres, Providencia and Santa Catalina Archipelago 4. Palenquero from San Basilio 5. Black, mulatto (Afro-descendant), Afro-Colombian 6. None of the above]"" .

:QGParental_Education pred:BaseQuestion ""How many years of education did your parents receive? [Open-ended]"" ;
    qg:hasSubQuestion :QParental_Education_Father, :QParental_Education_Mother .
:QParental_Education_Father pred:Text ""Father?"" .
:QParental_Education_Mother pred:Text ""Mother?"" .

:QLife_satisfaction pred:Text ""In general, how satisfied are you with all aspects of your life? [Likert 0–10: 0 = Not satisfied, 10 = Totally satisfied]"" .
:QHappiness pred:Text ""How happy did you feel yesterday? [Likert 0–10: 0 = At no time, 10 = All the time]"" .
:QLaughter pred:Text ""How much did you laugh yesterday? [Likert 0–10: 0 = At no time, 10 = All the time]"" .
:QLearning pred:Text ""Did you learn new or exciting things yesterday? [Likert 0–10: 0 = At no time, 10 = All the time]"" .
:QEnjoyment pred:Text ""How much did you enjoy the activities you did yesterday? [Likert 0–10: 0 = At no time, 10 = All the time]"" .
:QWorry pred:Text ""How worried did you feel yesterday? [Likert 0–10: 0 = At no time, 10 = All the time]"" .
:QDepression pred:Text ""How depressed did you feel yesterday? [Likert 0–10: 0 = At no time, 10 = All the time]"" .
:QAnger pred:Text ""How angry did you feel yesterday? [Likert 0–10: 0 = At no time, 10 = All the time]"" .
:QStress pred:Text ""How much stress did you feel yesterday? [Likert 0–10: 0 = At no time, 10 = All the time]"" .
:QLoneliness pred:Text ""How lonely or unsupported did you feel yesterday? [Likert 0–10: 0 = At no time, 10 = All the time]"" .

:QGEmotional_Regulation_Frequency pred:BaseQuestion ""Next, you will be asked questions about your emotional state. Please answer on a scale of 0 to 4, where 0 is never, 1 is 'almost never', 2 is 'sometimes', 3 is 'fairly often', and 4 is 'very often', how often you experienced the following feelings during the last month: [Likert 0–4]"" ;
    qg:hasSubQuestion :QEmotional_Regulation_Frequency_Upset_by_Unexpected_Events,
                      :QEmotional_Regulation_Frequency_Unable_to_Control_Important_Things,
                      :QEmotional_Regulation_Frequency_Nervous_and_Stressed,
                      :QEmotional_Regulation_Frequency_Lacked_Confidence_Handling_Problems,
                      :QEmotional_Regulation_Frequency_Things_Going_Your_Way,
                      :QEmotional_Regulation_Frequency_Unable_to_Cope,
                      :QEmotional_Regulation_Frequency_Irritated_by_Life,
                      :QEmotional_Regulation_Frequency_On_Top_of_Things,
                      :QEmotional_Regulation_Frequency_Angered_by_Uncontrollable_Events,
                      :QEmotional_Regulation_Frequency_Felt_Overwhelmed .

:QEmotional_Regulation_Frequency_Upset_by_Unexpected_Events pred:Text ""how often have you been upset because of something that happened unexpectedly?"" .
:QEmotional_Regulation_Frequency_Unable_to_Control_Important_Things pred:Text ""how often have you felt that you were unable to control the important things in your life?"" .
:QEmotional_Regulation_Frequency_Nervous_and_Stressed pred:Text ""how often have you felt nervous and stressed?"" .
:QEmotional_Regulation_Frequency_Lacked_Confidence_Handling_Problems pred:Text ""how often have you felt confident about your ability to handle your personal problems?"" .
:QEmotional_Regulation_Frequency_Things_Going_Your_Way pred:Text ""how often have you felt that things were going your way?"" .
:QEmotional_Regulation_Frequency_Unable_to_Cope pred:Text ""how often have you found that you could not cope with all the things that you had to do?"" .
:QEmotional_Regulation_Frequency_Irritated_by_Life pred:Text ""how often have you been able to control irritations in your life?"" .
:QEmotional_Regulation_Frequency_On_Top_of_Things pred:Text ""how often have you felt that you were on top of things?"" .
:QEmotional_Regulation_Frequency_Angered_by_Uncontrollable_Events pred:Text ""how often have you been angered because of things that happened that were outside of your control?"" .
:QEmotional_Regulation_Frequency_Felt_Overwhelmed pred:Text ""how often have you felt difficulties were piling up so high that you could not overcome them?"" .

:QGAnxiety_Symptoms_Frequency pred:BaseQuestion ""Next, you will be asked questions about your emotional state. Please answer on a scale of 0 to 3, where 0 is 'Not at all', 1 is 'several days', 2 is 'more than half of the days', and 3 is 'Nearly every day'. Over the last two weeks, how often have you been bothered by the following problems? [Likert 0–3]"" ;
    qg:hasSubQuestion :QAnxiety_Symptoms_Frequency_Feeling_Nervous_or_On_Edge,
                      :QAnxiety_Symptoms_Frequency_Uncontrollable_Worrying,
                      :QAnxiety_Symptoms_Frequency_Excessive_Worry,
                      :QAnxiety_Symptoms_Frequency_Trouble_Relaxing,
                      :QAnxiety_Symptoms_Frequency_Restlessness,
                      :QAnxiety_Symptoms_Frequency_Irritability,
                      :QAnxiety_Symptoms_Frequency_Fear_Something_Awful_Might_Happen .

:QAnxiety_Symptoms_Frequency_Feeling_Nervous_or_On_Edge pred:Text ""Feeling nervous, anxious, or on edge"" .
:QAnxiety_Symptoms_Frequency_Uncontrollable_Worrying pred:Text ""Not being able to stop or control worrying"" .
:QAnxiety_Symptoms_Frequency_Excessive_Worry pred:Text ""Worrying too much about different things"" .
:QAnxiety_Symptoms_Frequency_Trouble_Relaxing pred:Text ""Trouble relaxing"" .
:QAnxiety_Symptoms_Frequency_Restlessness pred:Text ""Being so restless that it is hard to sit still"" .
:QAnxiety_Symptoms_Frequency_Irritability pred:Text ""Becoming easily annoyed or irritable"" .
:QAnxiety_Symptoms_Frequency_Fear_Something_Awful_Might_Happen pred:Text ""Feeling afraid, as if something awful might happen"" .

:QGDepressive_Symptoms_Frequency pred:BaseQuestion ""Next, you will be asked questions about your emotional state. Please answer on a scale of 0 to 3, where 0 is 'Not at all', 1 is 'several days', 2 is 'more than half of the days', and 3 is 'Nearly every day'. Over the last two weeks, how often have you been bothered by the following problems?"" ;
    qg:hasSubQuestion :QDepressive_Symptoms_Frequency_Anhedonia,
                      :QDepressive_Symptoms_Frequency_Depressed_Mood,
                      :QDepressive_Symptoms_Frequency_Sleep_Problems,
                      :QDepressive_Symptoms_Frequency_Fatigue,
                      :QDepressive_Symptoms_Frequency_Appetite_Changes,
                      :QDepressive_Symptoms_Frequency_Feelings_of_Worthlessness,
                      :QDepressive_Symptoms_Frequency_Concentration_Difficulties,
                      :QDepressive_Symptoms_Frequency_Psychomotor_Changes,
                      :QDepressive_Symptoms_Frequency_Suicidal_Thoughts .

:QDepressive_Symptoms_Frequency_Anhedonia pred:Text ""Little interest or pleasure in doing things"" .
:QDepressive_Symptoms_Frequency_Depressed_Mood pred:Text ""Feeling down, depressed, or hopeless"" .
:QDepressive_Symptoms_Frequency_Sleep_Problems pred:Text ""Trouble falling or staying asleep, or sleeping too much"" .
:QDepressive_Symptoms_Frequency_Fatigue pred:Text ""Feeling tired or having little energy"" .
:QDepressive_Symptoms_Frequency_Appetite_Changes pred:Text ""Poor appetite or overeating"" .
:QDepressive_Symptoms_Frequency_Feelings_of_Worthlessness pred:Text ""Feeling bad about yourself or that you are a failure or have let yourself or your family down"" .
:QDepressive_Symptoms_Frequency_Concentration_Difficulties pred:Text ""Trouble concentrating on things, such as reading the newspaper or watching television"" .
:QDepressive_Symptoms_Frequency_Psychomotor_Changes pred:Text ""Moving or speaking so slowly that other people could have noticed. Or the opposite — being so fidgety or restless that you have been moving around a lot more than usual"" .
:QDepressive_Symptoms_Frequency_Suicidal_Thoughts pred:Text ""Thoughts that you would be better off dead, or of hurting yourself"" .

# Responses
:Respondent73 pred:Year_of_birth 2005.0 ;
     pred:Gender 2.0 ;
     pred:Socio_economic_status 2.0 ;
     pred:Ethnic_identity 6.0 .

:Respondent73_Parental_Education
                       pred:Father 25.0 ;
                       pred:Mother 15.0 .
:Respondent73 pred:hasGroupResponse :Respondent73_Parental_Education .

:Respondent73 pred:Life_satisfaction 8.0 ;
     pred:Happiness 5.0 ;
     pred:Laughter 4.0 ;
     pred:Learning 5.0 ;
     pred:Enjoyment 5.0 ;
     pred:Worry 2.0 ;
     pred:Depression 1.0 ;
     pred:Anger 2.0 ;
     pred:Stress 4.0 ;
     pred:Loneliness 6.0 .

:Respondent73_Emotional_Regulation_Frequency
                                   pred:Upset_by_Unexpected_Events 2.0 ;
                                   pred:Unable_to_Control_Important_Things 2.0 ;
                                   pred:Lacked_Confidence_Handling_Problems 2.0 ;
                                   pred:Unable_to_Cope 2.0 ;
                                   pred:Irritated_by_Life 2.0 ;
                                   pred:On_Top_of_Things 2.0 .
:Respondent73 pred:hasGroupResponse :Respondent73_Emotional_Regulation_Frequency .

:Respondent73_Anxiety_Symptoms_Frequency
                               pred:Feeling_Nervous_or_On_Edge 2.0 ;
                               pred:Trouble_Relaxing 1.0 ;
                               pred:Restlessness 1.0 ;
                               pred:Irritability 2.0 ;
                               pred:Fear_Something_Awful_Might_Happen 2.0 .
:Respondent73 pred:hasGroupResponse :Respondent73_Anxiety_Symptoms_Frequency .

:Respondent73_Depressive_Symptoms_Frequency
                                  pred:Anhedonia 1.0 ;
                                  pred:Sleep_Problems 2.0 ;
                                  pred:Fatigue 1.0 ;
                                  pred:Appetite_Changes 1.0 ;
                                  pred:Feelings_of_Worthlessness 1.0 ;
                                  pred:Concentration_Difficulties 1.0 ;
                                  pred:Suicidal_Thoughts 0.0 .
:Respondent73 pred:hasGroupResponse :Respondent73_Depressive_Symptoms_Frequency .

:Respondent85 pred:Year_of_birth 2004.0 ;
     pred:Gender 2.0 ;
     pred:Socio_economic_status 3.0 ;
     pred:Ethnic_identity 6.0 .

:Respondent85_Parental_Education
                       pred:Father 18.0 .
:Respondent85 pred:hasGroupResponse :Respondent85_Parental_Education .

:Respondent85 pred:Life_satisfaction 5.0 ;
     pred:Happiness 6.0 ;
     pred:Laughter 6.0 ;
     pred:Learning 8.0 ;
     pred:Enjoyment 5.0 ;
     pred:Worry 1.0 ;
     pred:Depression 1.0 ;
     pred:Anger 2.0 ;
     pred:Stress 4.0 ;
     pred:Loneliness 1.0 .

:Respondent85_Emotional_Regulation_Frequency
                                   pred:Upset_by_Unexpected_Events 2.0 ;
                                   pred:Unable_to_Control_Important_Things 3.0 ;
                                   pred:Lacked_Confidence_Handling_Problems 2.0 ;
                                   pred:Unable_to_Cope 3.0 ;
                                   pred:Irritated_by_Life 3.0 ;
                                   pred:On_Top_of_Things 2.0 .
:Respondent85 pred:hasGroupResponse :Respondent85_Emotional_Regulation_Frequency .

:Respondent85_Anxiety_Symptoms_Frequency
                               pred:Feeling_Nervous_or_On_Edge 1.0 ;
                               pred:Trouble_Relaxing 1.0 ;
                               pred:Restlessness 0.0 ;
                               pred:Irritability 1.0 ;
                               pred:Fear_Something_Awful_Might_Happen 1.0 .
:Respondent85 pred:hasGroupResponse :Respondent85_Anxiety_Symptoms_Frequency .

:Respondent85_Depressive_Symptoms_Frequency
                                  pred:Anhedonia 2.0 ;
                                  pred:Sleep_Problems 2.0 ;
                                  pred:Fatigue 3.0 ;
                                  pred:Appetite_Changes 3.0 ;
                                  pred:Feelings_of_Worthlessness 1.0 ;
                                  pred:Concentration_Difficulties 1.0 ;
                                  pred:Suicidal_Thoughts 0.0 .
:Respondent85 pred:hasGroupResponse :Respondent85_Depressive_Symptoms_Frequency .

:Respondent129 pred:Year_of_birth 2001.0 ;
     pred:Gender 2.0 ;
     pred:Socio_economic_status 3.0 ;
     pred:Ethnic_identity 6.0 .

:Respondent129_Parental_Education
                       pred:Father 13.0 ;
                       pred:Mother 13.0 .
:Respondent129 pred:hasGroupResponse :Respondent129_Parental_Education .

:Respondent129 pred:Life_satisfaction 8.0 ;
     pred:Happiness 9.0 ;
     pred:Laughter 6.0 ;
     pred:Learning 5.0 ;
     pred:Enjoyment 6.0 ;
     pred:Worry 1.0 ;
     pred:Depression 1.0 ;
     pred:Anger 1.0 ;
     pred:Stress 3.0 ;
     pred:Loneliness 0.0 .

:Respondent129_Emotional_Regulation_Frequency
                                   pred:Upset_by_Unexpected_Events 1.0 ;
                                   pred:Unable_to_Control_Important_Things 1.0 ;
                                   pred:Lacked_Confidence_Handling_Problems 3.0 ;
                                   pred:Unable_to_Cope 2.0 ;
                                   pred:Irritated_by_Life 3.0 ;
                                   pred:On_Top_of_Things 2.0 .
:Respondent129 pred:hasGroupResponse :Respondent129_Emotional_Regulation_Frequency .

:Respondent129_Anxiety_Symptoms_Frequency
                               pred:Feeling_Nervous_or_On_Edge 1.0 ;
                               pred:Trouble_Relaxing 1.0 ;
                               pred:Restlessness 0.0 ;
                               pred:Irritability 0.0 ;
                               pred:Fear_Something_Awful_Might_Happen 0.0 .
:Respondent129 pred:hasGroupResponse :Respondent129_Anxiety_Symptoms_Frequency .

:Respondent129_Depressive_Symptoms_Frequency
                                  pred:Anhedonia 1.0 ;
                                  pred:Sleep_Problems 1.0 ;
                                  pred:Fatigue 2.0 ;
                                  pred:Appetite_Changes 2.0 ;
                                  pred:Feelings_of_Worthlessness 0.0 ;
                                  pred:Concentration_Difficulties 2.0 ;
                                  pred:Suicidal_Thoughts 0.0 .
:Respondent129 pred:hasGroupResponse :Respondent129_Depressive_Symptoms_Frequency .

Answer: 2.0

@prefix : <http://example.org/survey#> .
@prefix pred: <http://example.org/predicate#> .
@prefix qg: <http://example.org/question_group#> .

# Questions
:QYear_of_birth pred:Text ""What is your date of birth? [Open-ended]"" .
:QGender pred:Text ""What is your gender? [MCQ: 1. Male 2. Female]"" .
:QSocio_economic_status pred:Text ""What is the socio-economic status of your home? [Likert 1–6: 1 = Very low, 6 = Very high]"" .
:QEthnic_identity pred:Text ""According to your culture, people, or physical features, you are or are recognized as: [MCQ: 1. Indigenous 2. Gypsy 3. Raizal from San Andres, Providencia and Santa Catalina Archipelago 4. Palenquero from San Basilio 5. Black, mulatto (Afro-descendant), Afro-Colombian 6. None of the above]"" .

:QGParental_Education pred:BaseQuestion ""How many years of education did your parents receive? [Open-ended]"" ;
    qg:hasSubQuestion :QParental_Education_Father, :QParental_Education_Mother .
:QParental_Education_Father pred:Text ""Father?"" .
:QParental_Education_Mother pred:Text ""Mother?"" .

:QLife_satisfaction pred:Text ""In general, how satisfied are you with all aspects of your life? [Likert 0–10: 0 = Not satisfied, 10 = Totally satisfied]"" .
:QHappiness pred:Text ""How happy did you feel yesterday? [Likert 0–10: 0 = At no time, 10 = All the time]"" .
:QLaughter pred:Text ""How much did you laugh yesterday? [Likert 0–10: 0 = At no time, 10 = All the time]"" .
:QLearning pred:Text ""Did you learn new or exciting things yesterday? [Likert 0–10: 0 = At no time, 10 = All the time]"" .
:QEnjoyment pred:Text ""How much did you enjoy the activities you did yesterday? [Likert 0–10: 0 = At no time, 10 = All the time]"" .
:QWorry pred:Text ""How worried did you feel yesterday? [Likert 0–10: 0 = At no time, 10 = All the time]"" .
:QDepression pred:Text ""How depressed did you feel yesterday? [Likert 0–10: 0 = At no time, 10 = All the time]"" .
:QAnger pred:Text ""How angry did you feel yesterday? [Likert 0–10: 0 = At no time, 10 = All the time]"" .
:QStress pred:Text ""How much stress did you feel yesterday? [Likert 0–10: 0 = At no time, 10 = All the time]"" .
:QLoneliness pred:Text ""How lonely or unsupported did you feel yesterday? [Likert 0–10: 0 = At no time, 10 = All the time]"" .

:QGEmotional_Regulation_Frequency pred:BaseQuestion ""Next, you will be asked questions about your emotional state. Please answer on a scale of 0 to 4, where 0 is never, 1 is 'almost never', 2 is 'sometimes', 3 is 'fairly often', and 4 is 'very often', how often you experienced the following feelings during the last month: [Likert 0–4]"" ;
    qg:hasSubQuestion :QEmotional_Regulation_Frequency_Upset_by_Unexpected_Events,
                      :QEmotional_Regulation_Frequency_Unable_to_Control_Important_Things,
                      :QEmotional_Regulation_Frequency_Nervous_and_Stressed,
                      :QEmotional_Regulation_Frequency_Lacked_Confidence_Handling_Problems,
                      :QEmotional_Regulation_Frequency_Things_Going_Your_Way,
                      :QEmotional_Regulation_Frequency_Unable_to_Cope,
                      :QEmotional_Regulation_Frequency_Irritated_by_Life,
                      :QEmotional_Regulation_Frequency_On_Top_of_Things,
                      :QEmotional_Regulation_Frequency_Angered_by_Uncontrollable_Events,
                      :QEmotional_Regulation_Frequency_Felt_Overwhelmed .

:QEmotional_Regulation_Frequency_Upset_by_Unexpected_Events pred:Text ""how often have you been upset because of something that happened unexpectedly?"" .
:QEmotional_Regulation_Frequency_Unable_to_Control_Important_Things pred:Text ""how often have you felt that you were unable to control the important things in your life?"" .
:QEmotional_Regulation_Frequency_Nervous_and_Stressed pred:Text ""how often have you felt nervous and stressed?"" .
:QEmotional_Regulation_Frequency_Lacked_Confidence_Handling_Problems pred:Text ""how often have you felt confident about your ability to handle your personal problems?"" .
:QEmotional_Regulation_Frequency_Things_Going_Your_Way pred:Text ""how often have you felt that things were going your way?"" .
:QEmotional_Regulation_Frequency_Unable_to_Cope pred:Text ""how often have you found that you could not cope with all the things that you had to do?"" .
:QEmotional_Regulation_Frequency_Irritated_by_Life pred:Text ""how often have you been able to control irritations in your life?"" .
:QEmotional_Regulation_Frequency_On_Top_of_Things pred:Text ""how often have you felt that you were on top of things?"" .
:QEmotional_Regulation_Frequency_Angered_by_Uncontrollable_Events pred:Text ""how often have you been angered because of things that happened that were outside of your control?"" .
:QEmotional_Regulation_Frequency_Felt_Overwhelmed pred:Text ""how often have you felt difficulties were piling up so high that you could not overcome them?"" .

:QGAnxiety_Symptoms_Frequency pred:BaseQuestion ""Next, you will be asked questions about your emotional state. Please answer on a scale of 0 to 3, where 0 is 'Not at all', 1 is 'several days', 2 is 'more than half of the days', and 3 is 'Nearly every day'. Over the last two weeks, how often have you been bothered by the following problems? [Likert 0–3]"" ;
    qg:hasSubQuestion :QAnxiety_Symptoms_Frequency_Feeling_Nervous_or_On_Edge,
                      :QAnxiety_Symptoms_Frequency_Uncontrollable_Worrying,
                      :QAnxiety_Symptoms_Frequency_Excessive_Worry,
                      :QAnxiety_Symptoms_Frequency_Trouble_Relaxing,
                      :QAnxiety_Symptoms_Frequency_Restlessness,
                      :QAnxiety_Symptoms_Frequency_Irritability,
                      :QAnxiety_Symptoms_Frequency_Fear_Something_Awful_Might_Happen .

:QAnxiety_Symptoms_Frequency_Feeling_Nervous_or_On_Edge pred:Text ""Feeling nervous, anxious, or on edge"" .
:QAnxiety_Symptoms_Frequency_Uncontrollable_Worrying pred:Text ""Not being able to stop or control worrying"" .
:QAnxiety_Symptoms_Frequency_Excessive_Worry pred:Text ""Worrying too much about different things"" .
:QAnxiety_Symptoms_Frequency_Trouble_Relaxing pred:Text ""Trouble relaxing"" .
:QAnxiety_Symptoms_Frequency_Restlessness pred:Text ""Being so restless that it is hard to sit still"" .
:QAnxiety_Symptoms_Frequency_Irritability pred:Text ""Becoming easily annoyed or irritable"" .
:QAnxiety_Symptoms_Frequency_Fear_Something_Awful_Might_Happen pred:Text ""Feeling afraid, as if something awful might happen"" .

:QGDepressive_Symptoms_Frequency pred:BaseQuestion ""Next, you will be asked questions about your emotional state. Please answer on a scale of 0 to 3, where 0 is 'Not at all', 1 is 'several days', 2 is 'more than half of the days', and 3 is 'Nearly every day'. Over the last two weeks, how often have you been bothered by the following problems?"" ;
    qg:hasSubQuestion :QDepressive_Symptoms_Frequency_Anhedonia,
                      :QDepressive_Symptoms_Frequency_Depressed_Mood,
                      :QDepressive_Symptoms_Frequency_Sleep_Problems,
                      :QDepressive_Symptoms_Frequency_Fatigue,
                      :QDepressive_Symptoms_Frequency_Appetite_Changes,
                      :QDepressive_Symptoms_Frequency_Feelings_of_Worthlessness,
                      :QDepressive_Symptoms_Frequency_Concentration_Difficulties,
                      :QDepressive_Symptoms_Frequency_Psychomotor_Changes,
                      :QDepressive_Symptoms_Frequency_Suicidal_Thoughts .

:QDepressive_Symptoms_Frequency_Anhedonia pred:Text ""Little interest or pleasure in doing things"" .
:QDepressive_Symptoms_Frequency_Depressed_Mood pred:Text ""Feeling down, depressed, or hopeless"" .
:QDepressive_Symptoms_Frequency_Sleep_Problems pred:Text ""Trouble falling or staying asleep, or sleeping too much"" .
:QDepressive_Symptoms_Frequency_Fatigue pred:Text ""Feeling tired or having little energy"" .
:QDepressive_Symptoms_Frequency_Appetite_Changes pred:Text ""Poor appetite or overeating"" .
:QDepressive_Symptoms_Frequency_Feelings_of_Worthlessness pred:Text ""Feeling bad about yourself or that you are a failure or have let yourself or your family down"" .
:QDepressive_Symptoms_Frequency_Concentration_Difficulties pred:Text ""Trouble concentrating on things, such as reading the newspaper or watching television"" .
:QDepressive_Symptoms_Frequency_Psychomotor_Changes pred:Text ""Moving or speaking so slowly that other people could have noticed. Or the opposite — being so fidgety or restless that you have been moving around a lot more than usual"" .
:QDepressive_Symptoms_Frequency_Suicidal_Thoughts pred:Text ""Thoughts that you would be better off dead, or of hurting yourself"" .

# Responses
:Respondent69 pred:Year_of_birth 2000.0 ;
     pred:Gender 2.0 ;
     pred:Socio_economic_status 6.0 ;
     pred:Ethnic_identity 6.0 .

:Respondent69_Parental_Education
                       pred:Father 25.0 ;
                       pred:Mother 30.0 .
:Respondent69 pred:hasGroupResponse :Respondent69_Parental_Education .

:Respondent69 pred:Life_satisfaction 7.0 ;
     pred:Happiness 5.0 ;
     pred:Laughter 6.0 ;
     pred:Learning 4.0 ;
     pred:Enjoyment 6.0 ;
     pred:Worry 1.0 ;
     pred:Depression 0.0 ;
     pred:Anger 3.0 ;
     pred:Stress 3.0 ;
     pred:Loneliness 4.0 .

:Respondent69_Emotional_Regulation_Frequency
                                   pred:Upset_by_Unexpected_Events 3.0 ;
                                   pred:Unable_to_Control_Important_Things 3.0 ;
                                   pred:Lacked_Confidence_Handling_Problems 2.0 ;
                                   pred:Unable_to_Cope 1.0 ;
                                   pred:Irritated_by_Life 4.0 ;
                                   pred:On_Top_of_Things 3.0 .
:Respondent69 pred:hasGroupResponse :Respondent69_Emotional_Regulation_Frequency .

:Respondent69_Anxiety_Symptoms_Frequency
                               pred:Feeling_Nervous_or_On_Edge 1.0 ;
                               pred:Trouble_Relaxing 0.0 ;
                               pred:Restlessness 0.0 ;
                               pred:Irritability 1.0 ;
                               pred:Fear_Something_Awful_Might_Happen 0.0 .
:Respondent69 pred:hasGroupResponse :Respondent69_Anxiety_Symptoms_Frequency .

:Respondent69_Depressive_Symptoms_Frequency
                                  pred:Anhedonia 1.0 ;
                                  pred:Sleep_Problems 1.0 ;
                                  pred:Fatigue 1.0 ;
                                  pred:Appetite_Changes 0.0 ;
                                  pred:Feelings_of_Worthlessness 1.0 ;
                                  pred:Concentration_Difficulties 3.0 ;
                                  pred:Suicidal_Thoughts 0.0 .
:Respondent69 pred:hasGroupResponse :Respondent69_Depressive_Symptoms_Frequency .

:Respondent5 pred:Year_of_birth 1999.0 ;
     pred:Gender 1.0 ;
     pred:Socio_economic_status 4.0 ;
     pred:Ethnic_identity 5.0 .

:Respondent5 pred:Life_satisfaction 8.0 ;
     pred:Happiness 6.0 ;
     pred:Laughter 7.0 ;
     pred:Learning 3.0 ;
     pred:Enjoyment 9.0 ;
     pred:Worry 0.0 ;
     pred:Depression 1.0 ;
     pred:Anger 2.0 ;
     pred:Stress 2.0 ;
     pred:Loneliness 10.0 .

:Respondent5_Emotional_Regulation_Frequency
                                   pred:Upset_by_Unexpected_Events 3.0 ;
                                   pred:Unable_to_Control_Important_Things 1.0 ;
                                   pred:Lacked_Confidence_Handling_Problems 3.0 ;
                                   pred:Unable_to_Cope 3.0 ;
                                   pred:Irritated_by_Life 3.0 ;
                                   pred:On_Top_of_Things 2.0 .
:Respondent5 pred:hasGroupResponse :Respondent5_Emotional_Regulation_Frequency .

:Respondent5_Anxiety_Symptoms_Frequency
                               pred:Feeling_Nervous_or_On_Edge 1.0 ;
                               pred:Trouble_Relaxing 0.0 ;
                               pred:Restlessness 0.0 ;
                               pred:Irritability 0.0 ;
                               pred:Fear_Something_Awful_Might_Happen 1.0 .
:Respondent5 pred:hasGroupResponse :Respondent5_Anxiety_Symptoms_Frequency .

:Respondent5_Depressive_Symptoms_Frequency
                                  pred:Anhedonia 2.0 ;
                                  pred:Sleep_Problems 3.0 ;
                                  pred:Fatigue 1.0 ;
                                  pred:Appetite_Changes 1.0 ;
                                  pred:Feelings_of_Worthlessness 0.0 ;
                                  pred:Concentration_Difficulties 1.0 ;
                                  pred:Suicidal_Thoughts 3.0 .
:Respondent5 pred:hasGroupResponse :Respondent5_Depressive_Symptoms_Frequency .

:Respondent27 pred:Year_of_birth 2003.0 ;
     pred:Gender 2.0 ;
     pred:Socio_economic_status 3.0 ;
     pred:Ethnic_identity 6.0 .

:Respondent27_Parental_Education
                       pred:Father 12.0 .
:Respondent27 pred:hasGroupResponse :Respondent27_Parental_Education .

:Respondent27 pred:Life_satisfaction 7.0 ;
     pred:Happiness 10.0 ;
     pred:Laughter 6.0 ;
     pred:Learning 4.0 ;
     pred:Enjoyment 9.0 ;
     pred:Worry 1.0 ;
     pred:Depression 0.0 ;
     pred:Anger 2.0 ;
     pred:Stress 3.0 ;
     pred:Loneliness 0.0 .

:Respondent27_Emotional_Regulation_Frequency
                                   pred:Upset_by_Unexpected_Events 2.0 ;
                                   pred:Unable_to_Control_Important_Things 2.0 ;
                                   pred:Lacked_Confidence_Handling_Problems 3.0 ;
                                   pred:Unable_to_Cope 1.0 ;
                                   pred:Irritated_by_Life 3.0 ;
                                   pred:On_Top_of_Things 1.0 .
:Respondent27 pred:hasGroupResponse :Respondent27_Emotional_Regulation_Frequency .

:Respondent27_Anxiety_Symptoms_Frequency
                               pred:Feeling_Nervous_or_On_Edge 0.0 ;
                               pred:Trouble_Relaxing 1.0 ;
                               pred:Restlessness 1.0 ;
                               pred:Irritability 1.0 ;
                               pred:Fear_Something_Awful_Might_Happen 1.0 .
:Respondent27 pred:hasGroupResponse :Respondent27_Anxiety_Symptoms_Frequency .

:Respondent27_Depressive_Symptoms_Frequency
                                  pred:Anhedonia 0.0 ;
                                  pred:Sleep_Problems 0.0 ;
                                  pred:Fatigue 0.0 ;
                                  pred:Appetite_Changes 0.0 ;
                                  pred:Feelings_of_Worthlessness 1.0 ;
                                  pred:Concentration_Difficulties 1.0 ;
                                  pred:Suicidal_Thoughts 0.0 .
:Respondent27 pred:hasGroupResponse :Respondent27_Depressive_Symptoms_Frequency .

You are a meticulous data analyst AI. Your primary function is to accurately analyze structured data and provide precise, verifiable answers.

You will be given a dataset with two key parts:

A 'questions' section: This is your data dictionary or schema. It is the single source of truth for understanding what each field and score means. Refer to it carefully.

A 'responses' section: This contains the raw data from each individual respondent.

To answer the question correctly, you must first use the 'questions' schema to fully understand the context and meaning of the data points within the 'responses'. Do not rely on any prior knowledge outside of this provided data. Base your entire analysis on the information given.

Provide your final answer directly and concisely. Output must be the human-readable value, not an option code.

Rules:
- For MCQ fields, map any letter codes in the Responses (case-insensitive) to the corresponding option text from the Questions schema, and output only that text. Do NOT include the letter or both.
  Example: If the schema is ""[MCQ: A. Abnormal B. Inconclusive C. Normal]"" and the response is ""a"", output ""Abnormal"".
- For open-ended fields, output the exact text value.
- If the question asks for a count, provide only the number (e.g., ""42"").
- If the question asks for a list of names or IDs, provide a simple comma-separated list (e.g., ""17, 21, 23"").
- Preserve capitalization exactly as in the schema (e.g., output ""Abnormal"", not ""abnormal"" or ""A"").

For respondent 69, what is the value for 'Lacked Confidence Handling Problems' in the 'Emotional Regulation Frequency' category?",,
case_40,answer_lookup,What is the socio-economic status for respondent 133?,"@prefix : <http://example.org/survey#> .
@prefix pred: <http://example.org/predicate#> .
@prefix qg: <http://example.org/question_group#> .

# Questions
:QYear_of_birth pred:Text ""What is your date of birth? [Open-ended]"" .
:QGender pred:Text ""What is your gender? [MCQ: 1. Male 2. Female]"" .
:QSocio_economic_status pred:Text ""What is the socio-economic status of your home? [Likert 1–6: 1 = Very low, 6 = Very high]"" .
:QEthnic_identity pred:Text ""According to your culture, people, or physical features, you are or are recognized as: [MCQ: 1. Indigenous 2. Gypsy 3. Raizal from San Andres, Providencia and Santa Catalina Archipelago 4. Palenquero from San Basilio 5. Black, mulatto (Afro-descendant), Afro-Colombian 6. None of the above]"" .

:QGParental_Education pred:BaseQuestion ""How many years of education did your parents receive? [Open-ended]"" ;
    qg:hasSubQuestion :QParental_Education_Father, :QParental_Education_Mother .
:QParental_Education_Father pred:Text ""Father?"" .
:QParental_Education_Mother pred:Text ""Mother?"" .

:QLife_satisfaction pred:Text ""In general, how satisfied are you with all aspects of your life? [Likert 0–10: 0 = Not satisfied, 10 = Totally satisfied]"" .
:QHappiness pred:Text ""How happy did you feel yesterday? [Likert 0–10: 0 = At no time, 10 = All the time]"" .
:QLaughter pred:Text ""How much did you laugh yesterday? [Likert 0–10: 0 = At no time, 10 = All the time]"" .
:QLearning pred:Text ""Did you learn new or exciting things yesterday? [Likert 0–10: 0 = At no time, 10 = All the time]"" .
:QEnjoyment pred:Text ""How much did you enjoy the activities you did yesterday? [Likert 0–10: 0 = At no time, 10 = All the time]"" .
:QWorry pred:Text ""How worried did you feel yesterday? [Likert 0–10: 0 = At no time, 10 = All the time]"" .
:QDepression pred:Text ""How depressed did you feel yesterday? [Likert 0–10: 0 = At no time, 10 = All the time]"" .
:QAnger pred:Text ""How angry did you feel yesterday? [Likert 0–10: 0 = At no time, 10 = All the time]"" .
:QStress pred:Text ""How much stress did you feel yesterday? [Likert 0–10: 0 = At no time, 10 = All the time]"" .
:QLoneliness pred:Text ""How lonely or unsupported did you feel yesterday? [Likert 0–10: 0 = At no time, 10 = All the time]"" .

:QGEmotional_Regulation_Frequency pred:BaseQuestion ""Next, you will be asked questions about your emotional state. Please answer on a scale of 0 to 4, where 0 is never, 1 is 'almost never', 2 is 'sometimes', 3 is 'fairly often', and 4 is 'very often', how often you experienced the following feelings during the last month: [Likert 0–4]"" ;
    qg:hasSubQuestion :QEmotional_Regulation_Frequency_Upset_by_Unexpected_Events,
                      :QEmotional_Regulation_Frequency_Unable_to_Control_Important_Things,
                      :QEmotional_Regulation_Frequency_Nervous_and_Stressed,
                      :QEmotional_Regulation_Frequency_Lacked_Confidence_Handling_Problems,
                      :QEmotional_Regulation_Frequency_Things_Going_Your_Way,
                      :QEmotional_Regulation_Frequency_Unable_to_Cope,
                      :QEmotional_Regulation_Frequency_Irritated_by_Life,
                      :QEmotional_Regulation_Frequency_On_Top_of_Things,
                      :QEmotional_Regulation_Frequency_Angered_by_Uncontrollable_Events,
                      :QEmotional_Regulation_Frequency_Felt_Overwhelmed .

:QEmotional_Regulation_Frequency_Upset_by_Unexpected_Events pred:Text ""how often have you been upset because of something that happened unexpectedly?"" .
:QEmotional_Regulation_Frequency_Unable_to_Control_Important_Things pred:Text ""how often have you felt that you were unable to control the important things in your life?"" .
:QEmotional_Regulation_Frequency_Nervous_and_Stressed pred:Text ""how often have you felt nervous and stressed?"" .
:QEmotional_Regulation_Frequency_Lacked_Confidence_Handling_Problems pred:Text ""how often have you felt confident about your ability to handle your personal problems?"" .
:QEmotional_Regulation_Frequency_Things_Going_Your_Way pred:Text ""how often have you felt that things were going your way?"" .
:QEmotional_Regulation_Frequency_Unable_to_Cope pred:Text ""how often have you found that you could not cope with all the things that you had to do?"" .
:QEmotional_Regulation_Frequency_Irritated_by_Life pred:Text ""how often have you been able to control irritations in your life?"" .
:QEmotional_Regulation_Frequency_On_Top_of_Things pred:Text ""how often have you felt that you were on top of things?"" .
:QEmotional_Regulation_Frequency_Angered_by_Uncontrollable_Events pred:Text ""how often have you been angered because of things that happened that were outside of your control?"" .
:QEmotional_Regulation_Frequency_Felt_Overwhelmed pred:Text ""how often have you felt difficulties were piling up so high that you could not overcome them?"" .

:QGAnxiety_Symptoms_Frequency pred:BaseQuestion ""Next, you will be asked questions about your emotional state. Please answer on a scale of 0 to 3, where 0 is 'Not at all', 1 is 'several days', 2 is 'more than half of the days', and 3 is 'Nearly every day'. Over the last two weeks, how often have you been bothered by the following problems? [Likert 0–3]"" ;
    qg:hasSubQuestion :QAnxiety_Symptoms_Frequency_Feeling_Nervous_or_On_Edge,
                      :QAnxiety_Symptoms_Frequency_Uncontrollable_Worrying,
                      :QAnxiety_Symptoms_Frequency_Excessive_Worry,
                      :QAnxiety_Symptoms_Frequency_Trouble_Relaxing,
                      :QAnxiety_Symptoms_Frequency_Restlessness,
                      :QAnxiety_Symptoms_Frequency_Irritability,
                      :QAnxiety_Symptoms_Frequency_Fear_Something_Awful_Might_Happen .

:QAnxiety_Symptoms_Frequency_Feeling_Nervous_or_On_Edge pred:Text ""Feeling nervous, anxious, or on edge"" .
:QAnxiety_Symptoms_Frequency_Uncontrollable_Worrying pred:Text ""Not being able to stop or control worrying"" .
:QAnxiety_Symptoms_Frequency_Excessive_Worry pred:Text ""Worrying too much about different things"" .
:QAnxiety_Symptoms_Frequency_Trouble_Relaxing pred:Text ""Trouble relaxing"" .
:QAnxiety_Symptoms_Frequency_Restlessness pred:Text ""Being so restless that it is hard to sit still"" .
:QAnxiety_Symptoms_Frequency_Irritability pred:Text ""Becoming easily annoyed or irritable"" .
:QAnxiety_Symptoms_Frequency_Fear_Something_Awful_Might_Happen pred:Text ""Feeling afraid, as if something awful might happen"" .

:QGDepressive_Symptoms_Frequency pred:BaseQuestion ""Next, you will be asked questions about your emotional state. Please answer on a scale of 0 to 3, where 0 is 'Not at all', 1 is 'several days', 2 is 'more than half of the days', and 3 is 'Nearly every day'. Over the last two weeks, how often have you been bothered by the following problems?"" ;
    qg:hasSubQuestion :QDepressive_Symptoms_Frequency_Anhedonia,
                      :QDepressive_Symptoms_Frequency_Depressed_Mood,
                      :QDepressive_Symptoms_Frequency_Sleep_Problems,
                      :QDepressive_Symptoms_Frequency_Fatigue,
                      :QDepressive_Symptoms_Frequency_Appetite_Changes,
                      :QDepressive_Symptoms_Frequency_Feelings_of_Worthlessness,
                      :QDepressive_Symptoms_Frequency_Concentration_Difficulties,
                      :QDepressive_Symptoms_Frequency_Psychomotor_Changes,
                      :QDepressive_Symptoms_Frequency_Suicidal_Thoughts .

:QDepressive_Symptoms_Frequency_Anhedonia pred:Text ""Little interest or pleasure in doing things"" .
:QDepressive_Symptoms_Frequency_Depressed_Mood pred:Text ""Feeling down, depressed, or hopeless"" .
:QDepressive_Symptoms_Frequency_Sleep_Problems pred:Text ""Trouble falling or staying asleep, or sleeping too much"" .
:QDepressive_Symptoms_Frequency_Fatigue pred:Text ""Feeling tired or having little energy"" .
:QDepressive_Symptoms_Frequency_Appetite_Changes pred:Text ""Poor appetite or overeating"" .
:QDepressive_Symptoms_Frequency_Feelings_of_Worthlessness pred:Text ""Feeling bad about yourself or that you are a failure or have let yourself or your family down"" .
:QDepressive_Symptoms_Frequency_Concentration_Difficulties pred:Text ""Trouble concentrating on things, such as reading the newspaper or watching television"" .
:QDepressive_Symptoms_Frequency_Psychomotor_Changes pred:Text ""Moving or speaking so slowly that other people could have noticed. Or the opposite — being so fidgety or restless that you have been moving around a lot more than usual"" .
:QDepressive_Symptoms_Frequency_Suicidal_Thoughts pred:Text ""Thoughts that you would be better off dead, or of hurting yourself"" .

# Responses
:Respondent133 pred:Year_of_birth 2002.0 ;
     pred:Gender 2.0 ;
     pred:Socio_economic_status 5.0 ;
     pred:Ethnic_identity 6.0 .

:Respondent133_Parental_Education
                       pred:Father 15.0 ;
                       pred:Mother 15.0 .
:Respondent133 pred:hasGroupResponse :Respondent133_Parental_Education .

:Respondent133 pred:Life_satisfaction 6.0 ;
     pred:Happiness 9.0 ;
     pred:Laughter 3.0 ;
     pred:Learning 7.0 ;
     pred:Enjoyment 4.0 ;
     pred:Worry 1.0 ;
     pred:Depression 3.0 ;
     pred:Anger 1.0 ;
     pred:Stress 3.0 ;
     pred:Loneliness 5.0 .

:Respondent133_Emotional_Regulation_Frequency
                                   pred:Upset_by_Unexpected_Events 2.0 ;
                                   pred:Unable_to_Control_Important_Things 3.0 ;
                                   pred:Lacked_Confidence_Handling_Problems 3.0 ;
                                   pred:Unable_to_Cope 3.0 ;
                                   pred:Irritated_by_Life 3.0 ;
                                   pred:On_Top_of_Things 2.0 .
:Respondent133 pred:hasGroupResponse :Respondent133_Emotional_Regulation_Frequency .

:Respondent133_Anxiety_Symptoms_Frequency
                               pred:Feeling_Nervous_or_On_Edge 2.0 ;
                               pred:Trouble_Relaxing 0.0 ;
                               pred:Restlessness 0.0 ;
                               pred:Irritability 0.0 ;
                               pred:Fear_Something_Awful_Might_Happen 0.0 .
:Respondent133 pred:hasGroupResponse :Respondent133_Anxiety_Symptoms_Frequency .

:Respondent133_Depressive_Symptoms_Frequency
                                  pred:Anhedonia 3.0 ;
                                  pred:Sleep_Problems 3.0 ;
                                  pred:Fatigue 2.0 ;
                                  pred:Appetite_Changes 0.0 ;
                                  pred:Feelings_of_Worthlessness 0.0 ;
                                  pred:Concentration_Difficulties 0.0 ;
                                  pred:Suicidal_Thoughts 0.0 .
:Respondent133 pred:hasGroupResponse :Respondent133_Depressive_Symptoms_Frequency .

:Respondent136 pred:Year_of_birth 2003.0 ;
     pred:Gender 2.0 ;
     pred:Socio_economic_status 3.0 ;
     pred:Ethnic_identity 6.0 .

:Respondent136_Parental_Education
                       pred:Father 11.0 ;
                       pred:Mother 16.0 .
:Respondent136 pred:hasGroupResponse :Respondent136_Parental_Education .

:Respondent136 pred:Life_satisfaction 8.0 ;
     pred:Happiness 7.0 ;
     pred:Laughter 7.0 ;
     pred:Learning 4.0 ;
     pred:Enjoyment 8.0 ;
     pred:Worry 1.0 ;
     pred:Depression 0.0 ;
     pred:Anger 1.0 ;
     pred:Stress 3.0 ;
     pred:Loneliness 1.0 .

:Respondent136_Emotional_Regulation_Frequency
                                   pred:Upset_by_Unexpected_Events 2.0 ;
                                   pred:Unable_to_Control_Important_Things 2.0 ;
                                   pred:Lacked_Confidence_Handling_Problems 2.0 ;
                                   pred:Unable_to_Cope 2.0 ;
                                   pred:Irritated_by_Life 3.0 ;
                                   pred:On_Top_of_Things 2.0 .
:Respondent136 pred:hasGroupResponse :Respondent136_Emotional_Regulation_Frequency .

:Respondent136_Anxiety_Symptoms_Frequency
                               pred:Feeling_Nervous_or_On_Edge 1.0 ;
                               pred:Trouble_Relaxing 1.0 ;
                               pred:Restlessness 0.0 ;
                               pred:Irritability 2.0 ;
                               pred:Fear_Something_Awful_Might_Happen 2.0 .
:Respondent136 pred:hasGroupResponse :Respondent136_Anxiety_Symptoms_Frequency .

:Respondent136_Depressive_Symptoms_Frequency
                                  pred:Anhedonia 0.0 ;
                                  pred:Sleep_Problems 2.0 ;
                                  pred:Fatigue 1.0 ;
                                  pred:Appetite_Changes 1.0 ;
                                  pred:Feelings_of_Worthlessness 0.0 ;
                                  pred:Concentration_Difficulties 1.0 ;
                                  pred:Suicidal_Thoughts 0.0 .
:Respondent136 pred:hasGroupResponse :Respondent136_Depressive_Symptoms_Frequency .

:Respondent41 pred:Year_of_birth 2002.0 ;
     pred:Gender 1.0 ;
     pred:Socio_economic_status 5.0 ;
     pred:Ethnic_identity 6.0 .

:Respondent41_Parental_Education
                       pred:Father 10.0 ;
                       pred:Mother 15.0 .
:Respondent41 pred:hasGroupResponse :Respondent41_Parental_Education .

:Respondent41 pred:Life_satisfaction 3.0 ;
     pred:Happiness 2.0 ;
     pred:Laughter 2.0 ;
     pred:Learning 8.0 ;
     pred:Enjoyment 6.0 ;
     pred:Worry 2.0 ;
     pred:Depression 3.0 ;
     pred:Anger 3.0 ;
     pred:Stress 4.0 ;
     pred:Loneliness 10.0 .

:Respondent41_Emotional_Regulation_Frequency
                                   pred:Upset_by_Unexpected_Events 4.0 ;
                                   pred:Unable_to_Control_Important_Things 2.0 ;
                                   pred:Lacked_Confidence_Handling_Problems 4.0 ;
                                   pred:Unable_to_Cope 1.0 ;
                                   pred:Irritated_by_Life 2.0 ;
                                   pred:On_Top_of_Things 1.0 .
:Respondent41 pred:hasGroupResponse :Respondent41_Emotional_Regulation_Frequency .

:Respondent41_Anxiety_Symptoms_Frequency
                               pred:Feeling_Nervous_or_On_Edge 2.0 ;
                               pred:Trouble_Relaxing 3.0 ;
                               pred:Restlessness 2.0 ;
                               pred:Irritability 1.0 ;
                               pred:Fear_Something_Awful_Might_Happen 3.0 .
:Respondent41 pred:hasGroupResponse :Respondent41_Anxiety_Symptoms_Frequency .

:Respondent41_Depressive_Symptoms_Frequency
                                  pred:Anhedonia 3.0 ;
                                  pred:Sleep_Problems 3.0 ;
                                  pred:Fatigue 1.0 ;
                                  pred:Appetite_Changes 3.0 ;
                                  pred:Feelings_of_Worthlessness 3.0 ;
                                  pred:Concentration_Difficulties 3.0 ;
                                  pred:Suicidal_Thoughts 1.0 .
:Respondent41 pred:hasGroupResponse :Respondent41_Depressive_Symptoms_Frequency .
",5.0,"For respondent 129, what is the value for 'Appetite Changes' in the 'Depressive Symptoms Frequency' category?

DATA:

@prefix : <http://example.org/survey#> .
@prefix pred: <http://example.org/predicate#> .
@prefix qg: <http://example.org/question_group#> .

# Questions
:QYear_of_birth pred:Text ""What is your date of birth? [Open-ended]"" .
:QGender pred:Text ""What is your gender? [MCQ: 1. Male 2. Female]"" .
:QSocio_economic_status pred:Text ""What is the socio-economic status of your home? [Likert 1–6: 1 = Very low, 6 = Very high]"" .
:QEthnic_identity pred:Text ""According to your culture, people, or physical features, you are or are recognized as: [MCQ: 1. Indigenous 2. Gypsy 3. Raizal from San Andres, Providencia and Santa Catalina Archipelago 4. Palenquero from San Basilio 5. Black, mulatto (Afro-descendant), Afro-Colombian 6. None of the above]"" .

:QGParental_Education pred:BaseQuestion ""How many years of education did your parents receive? [Open-ended]"" ;
    qg:hasSubQuestion :QParental_Education_Father, :QParental_Education_Mother .
:QParental_Education_Father pred:Text ""Father?"" .
:QParental_Education_Mother pred:Text ""Mother?"" .

:QLife_satisfaction pred:Text ""In general, how satisfied are you with all aspects of your life? [Likert 0–10: 0 = Not satisfied, 10 = Totally satisfied]"" .
:QHappiness pred:Text ""How happy did you feel yesterday? [Likert 0–10: 0 = At no time, 10 = All the time]"" .
:QLaughter pred:Text ""How much did you laugh yesterday? [Likert 0–10: 0 = At no time, 10 = All the time]"" .
:QLearning pred:Text ""Did you learn new or exciting things yesterday? [Likert 0–10: 0 = At no time, 10 = All the time]"" .
:QEnjoyment pred:Text ""How much did you enjoy the activities you did yesterday? [Likert 0–10: 0 = At no time, 10 = All the time]"" .
:QWorry pred:Text ""How worried did you feel yesterday? [Likert 0–10: 0 = At no time, 10 = All the time]"" .
:QDepression pred:Text ""How depressed did you feel yesterday? [Likert 0–10: 0 = At no time, 10 = All the time]"" .
:QAnger pred:Text ""How angry did you feel yesterday? [Likert 0–10: 0 = At no time, 10 = All the time]"" .
:QStress pred:Text ""How much stress did you feel yesterday? [Likert 0–10: 0 = At no time, 10 = All the time]"" .
:QLoneliness pred:Text ""How lonely or unsupported did you feel yesterday? [Likert 0–10: 0 = At no time, 10 = All the time]"" .

:QGEmotional_Regulation_Frequency pred:BaseQuestion ""Next, you will be asked questions about your emotional state. Please answer on a scale of 0 to 4, where 0 is never, 1 is 'almost never', 2 is 'sometimes', 3 is 'fairly often', and 4 is 'very often', how often you experienced the following feelings during the last month: [Likert 0–4]"" ;
    qg:hasSubQuestion :QEmotional_Regulation_Frequency_Upset_by_Unexpected_Events,
                      :QEmotional_Regulation_Frequency_Unable_to_Control_Important_Things,
                      :QEmotional_Regulation_Frequency_Nervous_and_Stressed,
                      :QEmotional_Regulation_Frequency_Lacked_Confidence_Handling_Problems,
                      :QEmotional_Regulation_Frequency_Things_Going_Your_Way,
                      :QEmotional_Regulation_Frequency_Unable_to_Cope,
                      :QEmotional_Regulation_Frequency_Irritated_by_Life,
                      :QEmotional_Regulation_Frequency_On_Top_of_Things,
                      :QEmotional_Regulation_Frequency_Angered_by_Uncontrollable_Events,
                      :QEmotional_Regulation_Frequency_Felt_Overwhelmed .

:QEmotional_Regulation_Frequency_Upset_by_Unexpected_Events pred:Text ""how often have you been upset because of something that happened unexpectedly?"" .
:QEmotional_Regulation_Frequency_Unable_to_Control_Important_Things pred:Text ""how often have you felt that you were unable to control the important things in your life?"" .
:QEmotional_Regulation_Frequency_Nervous_and_Stressed pred:Text ""how often have you felt nervous and stressed?"" .
:QEmotional_Regulation_Frequency_Lacked_Confidence_Handling_Problems pred:Text ""how often have you felt confident about your ability to handle your personal problems?"" .
:QEmotional_Regulation_Frequency_Things_Going_Your_Way pred:Text ""how often have you felt that things were going your way?"" .
:QEmotional_Regulation_Frequency_Unable_to_Cope pred:Text ""how often have you found that you could not cope with all the things that you had to do?"" .
:QEmotional_Regulation_Frequency_Irritated_by_Life pred:Text ""how often have you been able to control irritations in your life?"" .
:QEmotional_Regulation_Frequency_On_Top_of_Things pred:Text ""how often have you felt that you were on top of things?"" .
:QEmotional_Regulation_Frequency_Angered_by_Uncontrollable_Events pred:Text ""how often have you been angered because of things that happened that were outside of your control?"" .
:QEmotional_Regulation_Frequency_Felt_Overwhelmed pred:Text ""how often have you felt difficulties were piling up so high that you could not overcome them?"" .

:QGAnxiety_Symptoms_Frequency pred:BaseQuestion ""Next, you will be asked questions about your emotional state. Please answer on a scale of 0 to 3, where 0 is 'Not at all', 1 is 'several days', 2 is 'more than half of the days', and 3 is 'Nearly every day'. Over the last two weeks, how often have you been bothered by the following problems? [Likert 0–3]"" ;
    qg:hasSubQuestion :QAnxiety_Symptoms_Frequency_Feeling_Nervous_or_On_Edge,
                      :QAnxiety_Symptoms_Frequency_Uncontrollable_Worrying,
                      :QAnxiety_Symptoms_Frequency_Excessive_Worry,
                      :QAnxiety_Symptoms_Frequency_Trouble_Relaxing,
                      :QAnxiety_Symptoms_Frequency_Restlessness,
                      :QAnxiety_Symptoms_Frequency_Irritability,
                      :QAnxiety_Symptoms_Frequency_Fear_Something_Awful_Might_Happen .

:QAnxiety_Symptoms_Frequency_Feeling_Nervous_or_On_Edge pred:Text ""Feeling nervous, anxious, or on edge"" .
:QAnxiety_Symptoms_Frequency_Uncontrollable_Worrying pred:Text ""Not being able to stop or control worrying"" .
:QAnxiety_Symptoms_Frequency_Excessive_Worry pred:Text ""Worrying too much about different things"" .
:QAnxiety_Symptoms_Frequency_Trouble_Relaxing pred:Text ""Trouble relaxing"" .
:QAnxiety_Symptoms_Frequency_Restlessness pred:Text ""Being so restless that it is hard to sit still"" .
:QAnxiety_Symptoms_Frequency_Irritability pred:Text ""Becoming easily annoyed or irritable"" .
:QAnxiety_Symptoms_Frequency_Fear_Something_Awful_Might_Happen pred:Text ""Feeling afraid, as if something awful might happen"" .

:QGDepressive_Symptoms_Frequency pred:BaseQuestion ""Next, you will be asked questions about your emotional state. Please answer on a scale of 0 to 3, where 0 is 'Not at all', 1 is 'several days', 2 is 'more than half of the days', and 3 is 'Nearly every day'. Over the last two weeks, how often have you been bothered by the following problems?"" ;
    qg:hasSubQuestion :QDepressive_Symptoms_Frequency_Anhedonia,
                      :QDepressive_Symptoms_Frequency_Depressed_Mood,
                      :QDepressive_Symptoms_Frequency_Sleep_Problems,
                      :QDepressive_Symptoms_Frequency_Fatigue,
                      :QDepressive_Symptoms_Frequency_Appetite_Changes,
                      :QDepressive_Symptoms_Frequency_Feelings_of_Worthlessness,
                      :QDepressive_Symptoms_Frequency_Concentration_Difficulties,
                      :QDepressive_Symptoms_Frequency_Psychomotor_Changes,
                      :QDepressive_Symptoms_Frequency_Suicidal_Thoughts .

:QDepressive_Symptoms_Frequency_Anhedonia pred:Text ""Little interest or pleasure in doing things"" .
:QDepressive_Symptoms_Frequency_Depressed_Mood pred:Text ""Feeling down, depressed, or hopeless"" .
:QDepressive_Symptoms_Frequency_Sleep_Problems pred:Text ""Trouble falling or staying asleep, or sleeping too much"" .
:QDepressive_Symptoms_Frequency_Fatigue pred:Text ""Feeling tired or having little energy"" .
:QDepressive_Symptoms_Frequency_Appetite_Changes pred:Text ""Poor appetite or overeating"" .
:QDepressive_Symptoms_Frequency_Feelings_of_Worthlessness pred:Text ""Feeling bad about yourself or that you are a failure or have let yourself or your family down"" .
:QDepressive_Symptoms_Frequency_Concentration_Difficulties pred:Text ""Trouble concentrating on things, such as reading the newspaper or watching television"" .
:QDepressive_Symptoms_Frequency_Psychomotor_Changes pred:Text ""Moving or speaking so slowly that other people could have noticed. Or the opposite — being so fidgety or restless that you have been moving around a lot more than usual"" .
:QDepressive_Symptoms_Frequency_Suicidal_Thoughts pred:Text ""Thoughts that you would be better off dead, or of hurting yourself"" .

# Responses
:Respondent73 pred:Year_of_birth 2005.0 ;
     pred:Gender 2.0 ;
     pred:Socio_economic_status 2.0 ;
     pred:Ethnic_identity 6.0 .

:Respondent73_Parental_Education
                       pred:Father 25.0 ;
                       pred:Mother 15.0 .
:Respondent73 pred:hasGroupResponse :Respondent73_Parental_Education .

:Respondent73 pred:Life_satisfaction 8.0 ;
     pred:Happiness 5.0 ;
     pred:Laughter 4.0 ;
     pred:Learning 5.0 ;
     pred:Enjoyment 5.0 ;
     pred:Worry 2.0 ;
     pred:Depression 1.0 ;
     pred:Anger 2.0 ;
     pred:Stress 4.0 ;
     pred:Loneliness 6.0 .

:Respondent73_Emotional_Regulation_Frequency
                                   pred:Upset_by_Unexpected_Events 2.0 ;
                                   pred:Unable_to_Control_Important_Things 2.0 ;
                                   pred:Lacked_Confidence_Handling_Problems 2.0 ;
                                   pred:Unable_to_Cope 2.0 ;
                                   pred:Irritated_by_Life 2.0 ;
                                   pred:On_Top_of_Things 2.0 .
:Respondent73 pred:hasGroupResponse :Respondent73_Emotional_Regulation_Frequency .

:Respondent73_Anxiety_Symptoms_Frequency
                               pred:Feeling_Nervous_or_On_Edge 2.0 ;
                               pred:Trouble_Relaxing 1.0 ;
                               pred:Restlessness 1.0 ;
                               pred:Irritability 2.0 ;
                               pred:Fear_Something_Awful_Might_Happen 2.0 .
:Respondent73 pred:hasGroupResponse :Respondent73_Anxiety_Symptoms_Frequency .

:Respondent73_Depressive_Symptoms_Frequency
                                  pred:Anhedonia 1.0 ;
                                  pred:Sleep_Problems 2.0 ;
                                  pred:Fatigue 1.0 ;
                                  pred:Appetite_Changes 1.0 ;
                                  pred:Feelings_of_Worthlessness 1.0 ;
                                  pred:Concentration_Difficulties 1.0 ;
                                  pred:Suicidal_Thoughts 0.0 .
:Respondent73 pred:hasGroupResponse :Respondent73_Depressive_Symptoms_Frequency .

:Respondent85 pred:Year_of_birth 2004.0 ;
     pred:Gender 2.0 ;
     pred:Socio_economic_status 3.0 ;
     pred:Ethnic_identity 6.0 .

:Respondent85_Parental_Education
                       pred:Father 18.0 .
:Respondent85 pred:hasGroupResponse :Respondent85_Parental_Education .

:Respondent85 pred:Life_satisfaction 5.0 ;
     pred:Happiness 6.0 ;
     pred:Laughter 6.0 ;
     pred:Learning 8.0 ;
     pred:Enjoyment 5.0 ;
     pred:Worry 1.0 ;
     pred:Depression 1.0 ;
     pred:Anger 2.0 ;
     pred:Stress 4.0 ;
     pred:Loneliness 1.0 .

:Respondent85_Emotional_Regulation_Frequency
                                   pred:Upset_by_Unexpected_Events 2.0 ;
                                   pred:Unable_to_Control_Important_Things 3.0 ;
                                   pred:Lacked_Confidence_Handling_Problems 2.0 ;
                                   pred:Unable_to_Cope 3.0 ;
                                   pred:Irritated_by_Life 3.0 ;
                                   pred:On_Top_of_Things 2.0 .
:Respondent85 pred:hasGroupResponse :Respondent85_Emotional_Regulation_Frequency .

:Respondent85_Anxiety_Symptoms_Frequency
                               pred:Feeling_Nervous_or_On_Edge 1.0 ;
                               pred:Trouble_Relaxing 1.0 ;
                               pred:Restlessness 0.0 ;
                               pred:Irritability 1.0 ;
                               pred:Fear_Something_Awful_Might_Happen 1.0 .
:Respondent85 pred:hasGroupResponse :Respondent85_Anxiety_Symptoms_Frequency .

:Respondent85_Depressive_Symptoms_Frequency
                                  pred:Anhedonia 2.0 ;
                                  pred:Sleep_Problems 2.0 ;
                                  pred:Fatigue 3.0 ;
                                  pred:Appetite_Changes 3.0 ;
                                  pred:Feelings_of_Worthlessness 1.0 ;
                                  pred:Concentration_Difficulties 1.0 ;
                                  pred:Suicidal_Thoughts 0.0 .
:Respondent85 pred:hasGroupResponse :Respondent85_Depressive_Symptoms_Frequency .

:Respondent129 pred:Year_of_birth 2001.0 ;
     pred:Gender 2.0 ;
     pred:Socio_economic_status 3.0 ;
     pred:Ethnic_identity 6.0 .

:Respondent129_Parental_Education
                       pred:Father 13.0 ;
                       pred:Mother 13.0 .
:Respondent129 pred:hasGroupResponse :Respondent129_Parental_Education .

:Respondent129 pred:Life_satisfaction 8.0 ;
     pred:Happiness 9.0 ;
     pred:Laughter 6.0 ;
     pred:Learning 5.0 ;
     pred:Enjoyment 6.0 ;
     pred:Worry 1.0 ;
     pred:Depression 1.0 ;
     pred:Anger 1.0 ;
     pred:Stress 3.0 ;
     pred:Loneliness 0.0 .

:Respondent129_Emotional_Regulation_Frequency
                                   pred:Upset_by_Unexpected_Events 1.0 ;
                                   pred:Unable_to_Control_Important_Things 1.0 ;
                                   pred:Lacked_Confidence_Handling_Problems 3.0 ;
                                   pred:Unable_to_Cope 2.0 ;
                                   pred:Irritated_by_Life 3.0 ;
                                   pred:On_Top_of_Things 2.0 .
:Respondent129 pred:hasGroupResponse :Respondent129_Emotional_Regulation_Frequency .

:Respondent129_Anxiety_Symptoms_Frequency
                               pred:Feeling_Nervous_or_On_Edge 1.0 ;
                               pred:Trouble_Relaxing 1.0 ;
                               pred:Restlessness 0.0 ;
                               pred:Irritability 0.0 ;
                               pred:Fear_Something_Awful_Might_Happen 0.0 .
:Respondent129 pred:hasGroupResponse :Respondent129_Anxiety_Symptoms_Frequency .

:Respondent129_Depressive_Symptoms_Frequency
                                  pred:Anhedonia 1.0 ;
                                  pred:Sleep_Problems 1.0 ;
                                  pred:Fatigue 2.0 ;
                                  pred:Appetite_Changes 2.0 ;
                                  pred:Feelings_of_Worthlessness 0.0 ;
                                  pred:Concentration_Difficulties 2.0 ;
                                  pred:Suicidal_Thoughts 0.0 .
:Respondent129 pred:hasGroupResponse :Respondent129_Depressive_Symptoms_Frequency .

Answer: 2.0

@prefix : <http://example.org/survey#> .
@prefix pred: <http://example.org/predicate#> .
@prefix qg: <http://example.org/question_group#> .

# Questions
:QYear_of_birth pred:Text ""What is your date of birth? [Open-ended]"" .
:QGender pred:Text ""What is your gender? [MCQ: 1. Male 2. Female]"" .
:QSocio_economic_status pred:Text ""What is the socio-economic status of your home? [Likert 1–6: 1 = Very low, 6 = Very high]"" .
:QEthnic_identity pred:Text ""According to your culture, people, or physical features, you are or are recognized as: [MCQ: 1. Indigenous 2. Gypsy 3. Raizal from San Andres, Providencia and Santa Catalina Archipelago 4. Palenquero from San Basilio 5. Black, mulatto (Afro-descendant), Afro-Colombian 6. None of the above]"" .

:QGParental_Education pred:BaseQuestion ""How many years of education did your parents receive? [Open-ended]"" ;
    qg:hasSubQuestion :QParental_Education_Father, :QParental_Education_Mother .
:QParental_Education_Father pred:Text ""Father?"" .
:QParental_Education_Mother pred:Text ""Mother?"" .

:QLife_satisfaction pred:Text ""In general, how satisfied are you with all aspects of your life? [Likert 0–10: 0 = Not satisfied, 10 = Totally satisfied]"" .
:QHappiness pred:Text ""How happy did you feel yesterday? [Likert 0–10: 0 = At no time, 10 = All the time]"" .
:QLaughter pred:Text ""How much did you laugh yesterday? [Likert 0–10: 0 = At no time, 10 = All the time]"" .
:QLearning pred:Text ""Did you learn new or exciting things yesterday? [Likert 0–10: 0 = At no time, 10 = All the time]"" .
:QEnjoyment pred:Text ""How much did you enjoy the activities you did yesterday? [Likert 0–10: 0 = At no time, 10 = All the time]"" .
:QWorry pred:Text ""How worried did you feel yesterday? [Likert 0–10: 0 = At no time, 10 = All the time]"" .
:QDepression pred:Text ""How depressed did you feel yesterday? [Likert 0–10: 0 = At no time, 10 = All the time]"" .
:QAnger pred:Text ""How angry did you feel yesterday? [Likert 0–10: 0 = At no time, 10 = All the time]"" .
:QStress pred:Text ""How much stress did you feel yesterday? [Likert 0–10: 0 = At no time, 10 = All the time]"" .
:QLoneliness pred:Text ""How lonely or unsupported did you feel yesterday? [Likert 0–10: 0 = At no time, 10 = All the time]"" .

:QGEmotional_Regulation_Frequency pred:BaseQuestion ""Next, you will be asked questions about your emotional state. Please answer on a scale of 0 to 4, where 0 is never, 1 is 'almost never', 2 is 'sometimes', 3 is 'fairly often', and 4 is 'very often', how often you experienced the following feelings during the last month: [Likert 0–4]"" ;
    qg:hasSubQuestion :QEmotional_Regulation_Frequency_Upset_by_Unexpected_Events,
                      :QEmotional_Regulation_Frequency_Unable_to_Control_Important_Things,
                      :QEmotional_Regulation_Frequency_Nervous_and_Stressed,
                      :QEmotional_Regulation_Frequency_Lacked_Confidence_Handling_Problems,
                      :QEmotional_Regulation_Frequency_Things_Going_Your_Way,
                      :QEmotional_Regulation_Frequency_Unable_to_Cope,
                      :QEmotional_Regulation_Frequency_Irritated_by_Life,
                      :QEmotional_Regulation_Frequency_On_Top_of_Things,
                      :QEmotional_Regulation_Frequency_Angered_by_Uncontrollable_Events,
                      :QEmotional_Regulation_Frequency_Felt_Overwhelmed .

:QEmotional_Regulation_Frequency_Upset_by_Unexpected_Events pred:Text ""how often have you been upset because of something that happened unexpectedly?"" .
:QEmotional_Regulation_Frequency_Unable_to_Control_Important_Things pred:Text ""how often have you felt that you were unable to control the important things in your life?"" .
:QEmotional_Regulation_Frequency_Nervous_and_Stressed pred:Text ""how often have you felt nervous and stressed?"" .
:QEmotional_Regulation_Frequency_Lacked_Confidence_Handling_Problems pred:Text ""how often have you felt confident about your ability to handle your personal problems?"" .
:QEmotional_Regulation_Frequency_Things_Going_Your_Way pred:Text ""how often have you felt that things were going your way?"" .
:QEmotional_Regulation_Frequency_Unable_to_Cope pred:Text ""how often have you found that you could not cope with all the things that you had to do?"" .
:QEmotional_Regulation_Frequency_Irritated_by_Life pred:Text ""how often have you been able to control irritations in your life?"" .
:QEmotional_Regulation_Frequency_On_Top_of_Things pred:Text ""how often have you felt that you were on top of things?"" .
:QEmotional_Regulation_Frequency_Angered_by_Uncontrollable_Events pred:Text ""how often have you been angered because of things that happened that were outside of your control?"" .
:QEmotional_Regulation_Frequency_Felt_Overwhelmed pred:Text ""how often have you felt difficulties were piling up so high that you could not overcome them?"" .

:QGAnxiety_Symptoms_Frequency pred:BaseQuestion ""Next, you will be asked questions about your emotional state. Please answer on a scale of 0 to 3, where 0 is 'Not at all', 1 is 'several days', 2 is 'more than half of the days', and 3 is 'Nearly every day'. Over the last two weeks, how often have you been bothered by the following problems? [Likert 0–3]"" ;
    qg:hasSubQuestion :QAnxiety_Symptoms_Frequency_Feeling_Nervous_or_On_Edge,
                      :QAnxiety_Symptoms_Frequency_Uncontrollable_Worrying,
                      :QAnxiety_Symptoms_Frequency_Excessive_Worry,
                      :QAnxiety_Symptoms_Frequency_Trouble_Relaxing,
                      :QAnxiety_Symptoms_Frequency_Restlessness,
                      :QAnxiety_Symptoms_Frequency_Irritability,
                      :QAnxiety_Symptoms_Frequency_Fear_Something_Awful_Might_Happen .

:QAnxiety_Symptoms_Frequency_Feeling_Nervous_or_On_Edge pred:Text ""Feeling nervous, anxious, or on edge"" .
:QAnxiety_Symptoms_Frequency_Uncontrollable_Worrying pred:Text ""Not being able to stop or control worrying"" .
:QAnxiety_Symptoms_Frequency_Excessive_Worry pred:Text ""Worrying too much about different things"" .
:QAnxiety_Symptoms_Frequency_Trouble_Relaxing pred:Text ""Trouble relaxing"" .
:QAnxiety_Symptoms_Frequency_Restlessness pred:Text ""Being so restless that it is hard to sit still"" .
:QAnxiety_Symptoms_Frequency_Irritability pred:Text ""Becoming easily annoyed or irritable"" .
:QAnxiety_Symptoms_Frequency_Fear_Something_Awful_Might_Happen pred:Text ""Feeling afraid, as if something awful might happen"" .

:QGDepressive_Symptoms_Frequency pred:BaseQuestion ""Next, you will be asked questions about your emotional state. Please answer on a scale of 0 to 3, where 0 is 'Not at all', 1 is 'several days', 2 is 'more than half of the days', and 3 is 'Nearly every day'. Over the last two weeks, how often have you been bothered by the following problems?"" ;
    qg:hasSubQuestion :QDepressive_Symptoms_Frequency_Anhedonia,
                      :QDepressive_Symptoms_Frequency_Depressed_Mood,
                      :QDepressive_Symptoms_Frequency_Sleep_Problems,
                      :QDepressive_Symptoms_Frequency_Fatigue,
                      :QDepressive_Symptoms_Frequency_Appetite_Changes,
                      :QDepressive_Symptoms_Frequency_Feelings_of_Worthlessness,
                      :QDepressive_Symptoms_Frequency_Concentration_Difficulties,
                      :QDepressive_Symptoms_Frequency_Psychomotor_Changes,
                      :QDepressive_Symptoms_Frequency_Suicidal_Thoughts .

:QDepressive_Symptoms_Frequency_Anhedonia pred:Text ""Little interest or pleasure in doing things"" .
:QDepressive_Symptoms_Frequency_Depressed_Mood pred:Text ""Feeling down, depressed, or hopeless"" .
:QDepressive_Symptoms_Frequency_Sleep_Problems pred:Text ""Trouble falling or staying asleep, or sleeping too much"" .
:QDepressive_Symptoms_Frequency_Fatigue pred:Text ""Feeling tired or having little energy"" .
:QDepressive_Symptoms_Frequency_Appetite_Changes pred:Text ""Poor appetite or overeating"" .
:QDepressive_Symptoms_Frequency_Feelings_of_Worthlessness pred:Text ""Feeling bad about yourself or that you are a failure or have let yourself or your family down"" .
:QDepressive_Symptoms_Frequency_Concentration_Difficulties pred:Text ""Trouble concentrating on things, such as reading the newspaper or watching television"" .
:QDepressive_Symptoms_Frequency_Psychomotor_Changes pred:Text ""Moving or speaking so slowly that other people could have noticed. Or the opposite — being so fidgety or restless that you have been moving around a lot more than usual"" .
:QDepressive_Symptoms_Frequency_Suicidal_Thoughts pred:Text ""Thoughts that you would be better off dead, or of hurting yourself"" .

# Responses
:Respondent133 pred:Year_of_birth 2002.0 ;
     pred:Gender 2.0 ;
     pred:Socio_economic_status 5.0 ;
     pred:Ethnic_identity 6.0 .

:Respondent133_Parental_Education
                       pred:Father 15.0 ;
                       pred:Mother 15.0 .
:Respondent133 pred:hasGroupResponse :Respondent133_Parental_Education .

:Respondent133 pred:Life_satisfaction 6.0 ;
     pred:Happiness 9.0 ;
     pred:Laughter 3.0 ;
     pred:Learning 7.0 ;
     pred:Enjoyment 4.0 ;
     pred:Worry 1.0 ;
     pred:Depression 3.0 ;
     pred:Anger 1.0 ;
     pred:Stress 3.0 ;
     pred:Loneliness 5.0 .

:Respondent133_Emotional_Regulation_Frequency
                                   pred:Upset_by_Unexpected_Events 2.0 ;
                                   pred:Unable_to_Control_Important_Things 3.0 ;
                                   pred:Lacked_Confidence_Handling_Problems 3.0 ;
                                   pred:Unable_to_Cope 3.0 ;
                                   pred:Irritated_by_Life 3.0 ;
                                   pred:On_Top_of_Things 2.0 .
:Respondent133 pred:hasGroupResponse :Respondent133_Emotional_Regulation_Frequency .

:Respondent133_Anxiety_Symptoms_Frequency
                               pred:Feeling_Nervous_or_On_Edge 2.0 ;
                               pred:Trouble_Relaxing 0.0 ;
                               pred:Restlessness 0.0 ;
                               pred:Irritability 0.0 ;
                               pred:Fear_Something_Awful_Might_Happen 0.0 .
:Respondent133 pred:hasGroupResponse :Respondent133_Anxiety_Symptoms_Frequency .

:Respondent133_Depressive_Symptoms_Frequency
                                  pred:Anhedonia 3.0 ;
                                  pred:Sleep_Problems 3.0 ;
                                  pred:Fatigue 2.0 ;
                                  pred:Appetite_Changes 0.0 ;
                                  pred:Feelings_of_Worthlessness 0.0 ;
                                  pred:Concentration_Difficulties 0.0 ;
                                  pred:Suicidal_Thoughts 0.0 .
:Respondent133 pred:hasGroupResponse :Respondent133_Depressive_Symptoms_Frequency .

:Respondent136 pred:Year_of_birth 2003.0 ;
     pred:Gender 2.0 ;
     pred:Socio_economic_status 3.0 ;
     pred:Ethnic_identity 6.0 .

:Respondent136_Parental_Education
                       pred:Father 11.0 ;
                       pred:Mother 16.0 .
:Respondent136 pred:hasGroupResponse :Respondent136_Parental_Education .

:Respondent136 pred:Life_satisfaction 8.0 ;
     pred:Happiness 7.0 ;
     pred:Laughter 7.0 ;
     pred:Learning 4.0 ;
     pred:Enjoyment 8.0 ;
     pred:Worry 1.0 ;
     pred:Depression 0.0 ;
     pred:Anger 1.0 ;
     pred:Stress 3.0 ;
     pred:Loneliness 1.0 .

:Respondent136_Emotional_Regulation_Frequency
                                   pred:Upset_by_Unexpected_Events 2.0 ;
                                   pred:Unable_to_Control_Important_Things 2.0 ;
                                   pred:Lacked_Confidence_Handling_Problems 2.0 ;
                                   pred:Unable_to_Cope 2.0 ;
                                   pred:Irritated_by_Life 3.0 ;
                                   pred:On_Top_of_Things 2.0 .
:Respondent136 pred:hasGroupResponse :Respondent136_Emotional_Regulation_Frequency .

:Respondent136_Anxiety_Symptoms_Frequency
                               pred:Feeling_Nervous_or_On_Edge 1.0 ;
                               pred:Trouble_Relaxing 1.0 ;
                               pred:Restlessness 0.0 ;
                               pred:Irritability 2.0 ;
                               pred:Fear_Something_Awful_Might_Happen 2.0 .
:Respondent136 pred:hasGroupResponse :Respondent136_Anxiety_Symptoms_Frequency .

:Respondent136_Depressive_Symptoms_Frequency
                                  pred:Anhedonia 0.0 ;
                                  pred:Sleep_Problems 2.0 ;
                                  pred:Fatigue 1.0 ;
                                  pred:Appetite_Changes 1.0 ;
                                  pred:Feelings_of_Worthlessness 0.0 ;
                                  pred:Concentration_Difficulties 1.0 ;
                                  pred:Suicidal_Thoughts 0.0 .
:Respondent136 pred:hasGroupResponse :Respondent136_Depressive_Symptoms_Frequency .

:Respondent41 pred:Year_of_birth 2002.0 ;
     pred:Gender 1.0 ;
     pred:Socio_economic_status 5.0 ;
     pred:Ethnic_identity 6.0 .

:Respondent41_Parental_Education
                       pred:Father 10.0 ;
                       pred:Mother 15.0 .
:Respondent41 pred:hasGroupResponse :Respondent41_Parental_Education .

:Respondent41 pred:Life_satisfaction 3.0 ;
     pred:Happiness 2.0 ;
     pred:Laughter 2.0 ;
     pred:Learning 8.0 ;
     pred:Enjoyment 6.0 ;
     pred:Worry 2.0 ;
     pred:Depression 3.0 ;
     pred:Anger 3.0 ;
     pred:Stress 4.0 ;
     pred:Loneliness 10.0 .

:Respondent41_Emotional_Regulation_Frequency
                                   pred:Upset_by_Unexpected_Events 4.0 ;
                                   pred:Unable_to_Control_Important_Things 2.0 ;
                                   pred:Lacked_Confidence_Handling_Problems 4.0 ;
                                   pred:Unable_to_Cope 1.0 ;
                                   pred:Irritated_by_Life 2.0 ;
                                   pred:On_Top_of_Things 1.0 .
:Respondent41 pred:hasGroupResponse :Respondent41_Emotional_Regulation_Frequency .

:Respondent41_Anxiety_Symptoms_Frequency
                               pred:Feeling_Nervous_or_On_Edge 2.0 ;
                               pred:Trouble_Relaxing 3.0 ;
                               pred:Restlessness 2.0 ;
                               pred:Irritability 1.0 ;
                               pred:Fear_Something_Awful_Might_Happen 3.0 .
:Respondent41 pred:hasGroupResponse :Respondent41_Anxiety_Symptoms_Frequency .

:Respondent41_Depressive_Symptoms_Frequency
                                  pred:Anhedonia 3.0 ;
                                  pred:Sleep_Problems 3.0 ;
                                  pred:Fatigue 1.0 ;
                                  pred:Appetite_Changes 3.0 ;
                                  pred:Feelings_of_Worthlessness 3.0 ;
                                  pred:Concentration_Difficulties 3.0 ;
                                  pred:Suicidal_Thoughts 1.0 .
:Respondent41 pred:hasGroupResponse :Respondent41_Depressive_Symptoms_Frequency .

You are a meticulous data analyst AI. Your primary function is to accurately analyze structured data and provide precise, verifiable answers.

You will be given a dataset with two key parts:

A 'questions' section: This is your data dictionary or schema. It is the single source of truth for understanding what each field and score means. Refer to it carefully.

A 'responses' section: This contains the raw data from each individual respondent.

To answer the question correctly, you must first use the 'questions' schema to fully understand the context and meaning of the data points within the 'responses'. Do not rely on any prior knowledge outside of this provided data. Base your entire analysis on the information given.

Provide your final answer directly and concisely. Output must be the human-readable value, not an option code.

Rules:
- For MCQ fields, map any letter codes in the Responses (case-insensitive) to the corresponding option text from the Questions schema, and output only that text. Do NOT include the letter or both.
  Example: If the schema is ""[MCQ: A. Abnormal B. Inconclusive C. Normal]"" and the response is ""a"", output ""Abnormal"".
- For open-ended fields, output the exact text value.
- If the question asks for a count, provide only the number (e.g., ""42"").
- If the question asks for a list of names or IDs, provide a simple comma-separated list (e.g., ""17, 21, 23"").
- Preserve capitalization exactly as in the schema (e.g., output ""Abnormal"", not ""abnormal"" or ""A"").

What is the socio-economic status for respondent 133?",,
case_41,answer_lookup,What is the laughter level for respondent 70?,"@prefix : <http://example.org/survey#> .
@prefix pred: <http://example.org/predicate#> .
@prefix qg: <http://example.org/question_group#> .

# Questions
:QYear_of_birth pred:Text ""What is your date of birth? [Open-ended]"" .
:QGender pred:Text ""What is your gender? [MCQ: 1. Male 2. Female]"" .
:QSocio_economic_status pred:Text ""What is the socio-economic status of your home? [Likert 1–6: 1 = Very low, 6 = Very high]"" .
:QEthnic_identity pred:Text ""According to your culture, people, or physical features, you are or are recognized as: [MCQ: 1. Indigenous 2. Gypsy 3. Raizal from San Andres, Providencia and Santa Catalina Archipelago 4. Palenquero from San Basilio 5. Black, mulatto (Afro-descendant), Afro-Colombian 6. None of the above]"" .

:QGParental_Education pred:BaseQuestion ""How many years of education did your parents receive? [Open-ended]"" ;
    qg:hasSubQuestion :QParental_Education_Father, :QParental_Education_Mother .
:QParental_Education_Father pred:Text ""Father?"" .
:QParental_Education_Mother pred:Text ""Mother?"" .

:QLife_satisfaction pred:Text ""In general, how satisfied are you with all aspects of your life? [Likert 0–10: 0 = Not satisfied, 10 = Totally satisfied]"" .
:QHappiness pred:Text ""How happy did you feel yesterday? [Likert 0–10: 0 = At no time, 10 = All the time]"" .
:QLaughter pred:Text ""How much did you laugh yesterday? [Likert 0–10: 0 = At no time, 10 = All the time]"" .
:QLearning pred:Text ""Did you learn new or exciting things yesterday? [Likert 0–10: 0 = At no time, 10 = All the time]"" .
:QEnjoyment pred:Text ""How much did you enjoy the activities you did yesterday? [Likert 0–10: 0 = At no time, 10 = All the time]"" .
:QWorry pred:Text ""How worried did you feel yesterday? [Likert 0–10: 0 = At no time, 10 = All the time]"" .
:QDepression pred:Text ""How depressed did you feel yesterday? [Likert 0–10: 0 = At no time, 10 = All the time]"" .
:QAnger pred:Text ""How angry did you feel yesterday? [Likert 0–10: 0 = At no time, 10 = All the time]"" .
:QStress pred:Text ""How much stress did you feel yesterday? [Likert 0–10: 0 = At no time, 10 = All the time]"" .
:QLoneliness pred:Text ""How lonely or unsupported did you feel yesterday? [Likert 0–10: 0 = At no time, 10 = All the time]"" .

:QGEmotional_Regulation_Frequency pred:BaseQuestion ""Next, you will be asked questions about your emotional state. Please answer on a scale of 0 to 4, where 0 is never, 1 is 'almost never', 2 is 'sometimes', 3 is 'fairly often', and 4 is 'very often', how often you experienced the following feelings during the last month: [Likert 0–4]"" ;
    qg:hasSubQuestion :QEmotional_Regulation_Frequency_Upset_by_Unexpected_Events,
                      :QEmotional_Regulation_Frequency_Unable_to_Control_Important_Things,
                      :QEmotional_Regulation_Frequency_Nervous_and_Stressed,
                      :QEmotional_Regulation_Frequency_Lacked_Confidence_Handling_Problems,
                      :QEmotional_Regulation_Frequency_Things_Going_Your_Way,
                      :QEmotional_Regulation_Frequency_Unable_to_Cope,
                      :QEmotional_Regulation_Frequency_Irritated_by_Life,
                      :QEmotional_Regulation_Frequency_On_Top_of_Things,
                      :QEmotional_Regulation_Frequency_Angered_by_Uncontrollable_Events,
                      :QEmotional_Regulation_Frequency_Felt_Overwhelmed .

:QEmotional_Regulation_Frequency_Upset_by_Unexpected_Events pred:Text ""how often have you been upset because of something that happened unexpectedly?"" .
:QEmotional_Regulation_Frequency_Unable_to_Control_Important_Things pred:Text ""how often have you felt that you were unable to control the important things in your life?"" .
:QEmotional_Regulation_Frequency_Nervous_and_Stressed pred:Text ""how often have you felt nervous and stressed?"" .
:QEmotional_Regulation_Frequency_Lacked_Confidence_Handling_Problems pred:Text ""how often have you felt confident about your ability to handle your personal problems?"" .
:QEmotional_Regulation_Frequency_Things_Going_Your_Way pred:Text ""how often have you felt that things were going your way?"" .
:QEmotional_Regulation_Frequency_Unable_to_Cope pred:Text ""how often have you found that you could not cope with all the things that you had to do?"" .
:QEmotional_Regulation_Frequency_Irritated_by_Life pred:Text ""how often have you been able to control irritations in your life?"" .
:QEmotional_Regulation_Frequency_On_Top_of_Things pred:Text ""how often have you felt that you were on top of things?"" .
:QEmotional_Regulation_Frequency_Angered_by_Uncontrollable_Events pred:Text ""how often have you been angered because of things that happened that were outside of your control?"" .
:QEmotional_Regulation_Frequency_Felt_Overwhelmed pred:Text ""how often have you felt difficulties were piling up so high that you could not overcome them?"" .

:QGAnxiety_Symptoms_Frequency pred:BaseQuestion ""Next, you will be asked questions about your emotional state. Please answer on a scale of 0 to 3, where 0 is 'Not at all', 1 is 'several days', 2 is 'more than half of the days', and 3 is 'Nearly every day'. Over the last two weeks, how often have you been bothered by the following problems? [Likert 0–3]"" ;
    qg:hasSubQuestion :QAnxiety_Symptoms_Frequency_Feeling_Nervous_or_On_Edge,
                      :QAnxiety_Symptoms_Frequency_Uncontrollable_Worrying,
                      :QAnxiety_Symptoms_Frequency_Excessive_Worry,
                      :QAnxiety_Symptoms_Frequency_Trouble_Relaxing,
                      :QAnxiety_Symptoms_Frequency_Restlessness,
                      :QAnxiety_Symptoms_Frequency_Irritability,
                      :QAnxiety_Symptoms_Frequency_Fear_Something_Awful_Might_Happen .

:QAnxiety_Symptoms_Frequency_Feeling_Nervous_or_On_Edge pred:Text ""Feeling nervous, anxious, or on edge"" .
:QAnxiety_Symptoms_Frequency_Uncontrollable_Worrying pred:Text ""Not being able to stop or control worrying"" .
:QAnxiety_Symptoms_Frequency_Excessive_Worry pred:Text ""Worrying too much about different things"" .
:QAnxiety_Symptoms_Frequency_Trouble_Relaxing pred:Text ""Trouble relaxing"" .
:QAnxiety_Symptoms_Frequency_Restlessness pred:Text ""Being so restless that it is hard to sit still"" .
:QAnxiety_Symptoms_Frequency_Irritability pred:Text ""Becoming easily annoyed or irritable"" .
:QAnxiety_Symptoms_Frequency_Fear_Something_Awful_Might_Happen pred:Text ""Feeling afraid, as if something awful might happen"" .

:QGDepressive_Symptoms_Frequency pred:BaseQuestion ""Next, you will be asked questions about your emotional state. Please answer on a scale of 0 to 3, where 0 is 'Not at all', 1 is 'several days', 2 is 'more than half of the days', and 3 is 'Nearly every day'. Over the last two weeks, how often have you been bothered by the following problems?"" ;
    qg:hasSubQuestion :QDepressive_Symptoms_Frequency_Anhedonia,
                      :QDepressive_Symptoms_Frequency_Depressed_Mood,
                      :QDepressive_Symptoms_Frequency_Sleep_Problems,
                      :QDepressive_Symptoms_Frequency_Fatigue,
                      :QDepressive_Symptoms_Frequency_Appetite_Changes,
                      :QDepressive_Symptoms_Frequency_Feelings_of_Worthlessness,
                      :QDepressive_Symptoms_Frequency_Concentration_Difficulties,
                      :QDepressive_Symptoms_Frequency_Psychomotor_Changes,
                      :QDepressive_Symptoms_Frequency_Suicidal_Thoughts .

:QDepressive_Symptoms_Frequency_Anhedonia pred:Text ""Little interest or pleasure in doing things"" .
:QDepressive_Symptoms_Frequency_Depressed_Mood pred:Text ""Feeling down, depressed, or hopeless"" .
:QDepressive_Symptoms_Frequency_Sleep_Problems pred:Text ""Trouble falling or staying asleep, or sleeping too much"" .
:QDepressive_Symptoms_Frequency_Fatigue pred:Text ""Feeling tired or having little energy"" .
:QDepressive_Symptoms_Frequency_Appetite_Changes pred:Text ""Poor appetite or overeating"" .
:QDepressive_Symptoms_Frequency_Feelings_of_Worthlessness pred:Text ""Feeling bad about yourself or that you are a failure or have let yourself or your family down"" .
:QDepressive_Symptoms_Frequency_Concentration_Difficulties pred:Text ""Trouble concentrating on things, such as reading the newspaper or watching television"" .
:QDepressive_Symptoms_Frequency_Psychomotor_Changes pred:Text ""Moving or speaking so slowly that other people could have noticed. Or the opposite — being so fidgety or restless that you have been moving around a lot more than usual"" .
:QDepressive_Symptoms_Frequency_Suicidal_Thoughts pred:Text ""Thoughts that you would be better off dead, or of hurting yourself"" .

# Responses
:Respondent70 pred:Year_of_birth 1999.0 ;
     pred:Gender 2.0 ;
     pred:Socio_economic_status 1.0 ;
     pred:Ethnic_identity 6.0 .

:Respondent70 pred:Life_satisfaction 3.0 ;
     pred:Happiness 3.0 ;
     pred:Laughter 3.0 ;
     pred:Learning 3.0 ;
     pred:Enjoyment 3.0 ;
     pred:Worry 2.0 ;
     pred:Depression 2.0 ;
     pred:Anger 2.0 ;
     pred:Stress 3.0 ;
     pred:Loneliness 3.0 .

:Respondent70_Emotional_Regulation_Frequency
                                   pred:Upset_by_Unexpected_Events 2.0 ;
                                   pred:Unable_to_Control_Important_Things 2.0 ;
                                   pred:Lacked_Confidence_Handling_Problems 2.0 ;
                                   pred:Unable_to_Cope 2.0 ;
                                   pred:Irritated_by_Life 2.0 ;
                                   pred:On_Top_of_Things 2.0 .
:Respondent70 pred:hasGroupResponse :Respondent70_Emotional_Regulation_Frequency .

:Respondent70_Anxiety_Symptoms_Frequency
                               pred:Feeling_Nervous_or_On_Edge 2.0 ;
                               pred:Trouble_Relaxing 2.0 ;
                               pred:Restlessness 2.0 ;
                               pred:Irritability 2.0 ;
                               pred:Fear_Something_Awful_Might_Happen 2.0 .
:Respondent70 pred:hasGroupResponse :Respondent70_Anxiety_Symptoms_Frequency .

:Respondent70_Depressive_Symptoms_Frequency
                                  pred:Anhedonia 2.0 ;
                                  pred:Sleep_Problems 2.0 ;
                                  pred:Fatigue 2.0 ;
                                  pred:Appetite_Changes 2.0 ;
                                  pred:Feelings_of_Worthlessness 1.0 ;
                                  pred:Concentration_Difficulties 2.0 ;
                                  pred:Suicidal_Thoughts 0.0 .
:Respondent70 pred:hasGroupResponse :Respondent70_Depressive_Symptoms_Frequency .

:Respondent113 pred:Year_of_birth 2003.0 ;
     pred:Gender 2.0 ;
     pred:Socio_economic_status 4.0 ;
     pred:Ethnic_identity 6.0 .

:Respondent113 pred:Life_satisfaction 7.0 ;
     pred:Happiness 8.0 ;
     pred:Laughter 7.0 ;
     pred:Learning 7.0 ;
     pred:Enjoyment 8.0 ;
     pred:Worry 1.0 ;
     pred:Depression 0.0 ;
     pred:Anger 2.0 ;
     pred:Stress 2.0 ;
     pred:Loneliness 3.0 .

:Respondent113_Emotional_Regulation_Frequency
                                   pred:Upset_by_Unexpected_Events 2.0 ;
                                   pred:Unable_to_Control_Important_Things 2.0 ;
                                   pred:Lacked_Confidence_Handling_Problems 2.0 ;
                                   pred:Unable_to_Cope 2.0 ;
                                   pred:Irritated_by_Life 3.0 ;
                                   pred:On_Top_of_Things 2.0 .
:Respondent113 pred:hasGroupResponse :Respondent113_Emotional_Regulation_Frequency .

:Respondent113_Anxiety_Symptoms_Frequency
                               pred:Feeling_Nervous_or_On_Edge 1.0 ;
                               pred:Trouble_Relaxing 1.0 ;
                               pred:Restlessness 1.0 ;
                               pred:Irritability 1.0 ;
                               pred:Fear_Something_Awful_Might_Happen 1.0 .
:Respondent113 pred:hasGroupResponse :Respondent113_Anxiety_Symptoms_Frequency .

:Respondent113_Depressive_Symptoms_Frequency
                                  pred:Anhedonia 0.0 ;
                                  pred:Sleep_Problems 0.0 ;
                                  pred:Fatigue 1.0 ;
                                  pred:Appetite_Changes 1.0 ;
                                  pred:Feelings_of_Worthlessness 0.0 ;
                                  pred:Concentration_Difficulties 0.0 ;
                                  pred:Suicidal_Thoughts 0.0 .
:Respondent113 pred:hasGroupResponse :Respondent113_Depressive_Symptoms_Frequency .

:Respondent58 pred:Year_of_birth 2004.0 ;
     pred:Gender 1.0 ;
     pred:Socio_economic_status 3.0 ;
     pred:Ethnic_identity 6.0 .

:Respondent58_Parental_Education
                       pred:Father 18.0 ;
                       pred:Mother 16.0 .
:Respondent58 pred:hasGroupResponse :Respondent58_Parental_Education .

:Respondent58 pred:Life_satisfaction 7.0 ;
     pred:Happiness 10.0 ;
     pred:Laughter 10.0 ;
     pred:Learning 3.0 ;
     pred:Enjoyment 10.0 ;
     pred:Worry 2.0 ;
     pred:Depression 0.0 ;
     pred:Anger 2.0 ;
     pred:Stress 2.0 ;
     pred:Loneliness 0.0 .

:Respondent58_Emotional_Regulation_Frequency
                                   pred:Upset_by_Unexpected_Events 3.0 ;
                                   pred:Unable_to_Control_Important_Things 3.0 ;
                                   pred:Lacked_Confidence_Handling_Problems 1.0 ;
                                   pred:Unable_to_Cope 3.0 ;
                                   pred:Irritated_by_Life 1.0 ;
                                   pred:On_Top_of_Things 1.0 .
:Respondent58 pred:hasGroupResponse :Respondent58_Emotional_Regulation_Frequency .

:Respondent58_Anxiety_Symptoms_Frequency
                               pred:Feeling_Nervous_or_On_Edge 1.0 ;
                               pred:Trouble_Relaxing 1.0 ;
                               pred:Restlessness 0.0 ;
                               pred:Irritability 1.0 ;
                               pred:Fear_Something_Awful_Might_Happen 1.0 .
:Respondent58 pred:hasGroupResponse :Respondent58_Anxiety_Symptoms_Frequency .

:Respondent58_Depressive_Symptoms_Frequency
                                  pred:Anhedonia 1.0 ;
                                  pred:Sleep_Problems 1.0 ;
                                  pred:Fatigue 1.0 ;
                                  pred:Appetite_Changes 1.0 ;
                                  pred:Feelings_of_Worthlessness 1.0 ;
                                  pred:Concentration_Difficulties 0.0 ;
                                  pred:Suicidal_Thoughts 0.0 .
:Respondent58 pred:hasGroupResponse :Respondent58_Depressive_Symptoms_Frequency .
",3.0,"For respondent 129, what is the value for 'Appetite Changes' in the 'Depressive Symptoms Frequency' category?

DATA:

@prefix : <http://example.org/survey#> .
@prefix pred: <http://example.org/predicate#> .
@prefix qg: <http://example.org/question_group#> .

# Questions
:QYear_of_birth pred:Text ""What is your date of birth? [Open-ended]"" .
:QGender pred:Text ""What is your gender? [MCQ: 1. Male 2. Female]"" .
:QSocio_economic_status pred:Text ""What is the socio-economic status of your home? [Likert 1–6: 1 = Very low, 6 = Very high]"" .
:QEthnic_identity pred:Text ""According to your culture, people, or physical features, you are or are recognized as: [MCQ: 1. Indigenous 2. Gypsy 3. Raizal from San Andres, Providencia and Santa Catalina Archipelago 4. Palenquero from San Basilio 5. Black, mulatto (Afro-descendant), Afro-Colombian 6. None of the above]"" .

:QGParental_Education pred:BaseQuestion ""How many years of education did your parents receive? [Open-ended]"" ;
    qg:hasSubQuestion :QParental_Education_Father, :QParental_Education_Mother .
:QParental_Education_Father pred:Text ""Father?"" .
:QParental_Education_Mother pred:Text ""Mother?"" .

:QLife_satisfaction pred:Text ""In general, how satisfied are you with all aspects of your life? [Likert 0–10: 0 = Not satisfied, 10 = Totally satisfied]"" .
:QHappiness pred:Text ""How happy did you feel yesterday? [Likert 0–10: 0 = At no time, 10 = All the time]"" .
:QLaughter pred:Text ""How much did you laugh yesterday? [Likert 0–10: 0 = At no time, 10 = All the time]"" .
:QLearning pred:Text ""Did you learn new or exciting things yesterday? [Likert 0–10: 0 = At no time, 10 = All the time]"" .
:QEnjoyment pred:Text ""How much did you enjoy the activities you did yesterday? [Likert 0–10: 0 = At no time, 10 = All the time]"" .
:QWorry pred:Text ""How worried did you feel yesterday? [Likert 0–10: 0 = At no time, 10 = All the time]"" .
:QDepression pred:Text ""How depressed did you feel yesterday? [Likert 0–10: 0 = At no time, 10 = All the time]"" .
:QAnger pred:Text ""How angry did you feel yesterday? [Likert 0–10: 0 = At no time, 10 = All the time]"" .
:QStress pred:Text ""How much stress did you feel yesterday? [Likert 0–10: 0 = At no time, 10 = All the time]"" .
:QLoneliness pred:Text ""How lonely or unsupported did you feel yesterday? [Likert 0–10: 0 = At no time, 10 = All the time]"" .

:QGEmotional_Regulation_Frequency pred:BaseQuestion ""Next, you will be asked questions about your emotional state. Please answer on a scale of 0 to 4, where 0 is never, 1 is 'almost never', 2 is 'sometimes', 3 is 'fairly often', and 4 is 'very often', how often you experienced the following feelings during the last month: [Likert 0–4]"" ;
    qg:hasSubQuestion :QEmotional_Regulation_Frequency_Upset_by_Unexpected_Events,
                      :QEmotional_Regulation_Frequency_Unable_to_Control_Important_Things,
                      :QEmotional_Regulation_Frequency_Nervous_and_Stressed,
                      :QEmotional_Regulation_Frequency_Lacked_Confidence_Handling_Problems,
                      :QEmotional_Regulation_Frequency_Things_Going_Your_Way,
                      :QEmotional_Regulation_Frequency_Unable_to_Cope,
                      :QEmotional_Regulation_Frequency_Irritated_by_Life,
                      :QEmotional_Regulation_Frequency_On_Top_of_Things,
                      :QEmotional_Regulation_Frequency_Angered_by_Uncontrollable_Events,
                      :QEmotional_Regulation_Frequency_Felt_Overwhelmed .

:QEmotional_Regulation_Frequency_Upset_by_Unexpected_Events pred:Text ""how often have you been upset because of something that happened unexpectedly?"" .
:QEmotional_Regulation_Frequency_Unable_to_Control_Important_Things pred:Text ""how often have you felt that you were unable to control the important things in your life?"" .
:QEmotional_Regulation_Frequency_Nervous_and_Stressed pred:Text ""how often have you felt nervous and stressed?"" .
:QEmotional_Regulation_Frequency_Lacked_Confidence_Handling_Problems pred:Text ""how often have you felt confident about your ability to handle your personal problems?"" .
:QEmotional_Regulation_Frequency_Things_Going_Your_Way pred:Text ""how often have you felt that things were going your way?"" .
:QEmotional_Regulation_Frequency_Unable_to_Cope pred:Text ""how often have you found that you could not cope with all the things that you had to do?"" .
:QEmotional_Regulation_Frequency_Irritated_by_Life pred:Text ""how often have you been able to control irritations in your life?"" .
:QEmotional_Regulation_Frequency_On_Top_of_Things pred:Text ""how often have you felt that you were on top of things?"" .
:QEmotional_Regulation_Frequency_Angered_by_Uncontrollable_Events pred:Text ""how often have you been angered because of things that happened that were outside of your control?"" .
:QEmotional_Regulation_Frequency_Felt_Overwhelmed pred:Text ""how often have you felt difficulties were piling up so high that you could not overcome them?"" .

:QGAnxiety_Symptoms_Frequency pred:BaseQuestion ""Next, you will be asked questions about your emotional state. Please answer on a scale of 0 to 3, where 0 is 'Not at all', 1 is 'several days', 2 is 'more than half of the days', and 3 is 'Nearly every day'. Over the last two weeks, how often have you been bothered by the following problems? [Likert 0–3]"" ;
    qg:hasSubQuestion :QAnxiety_Symptoms_Frequency_Feeling_Nervous_or_On_Edge,
                      :QAnxiety_Symptoms_Frequency_Uncontrollable_Worrying,
                      :QAnxiety_Symptoms_Frequency_Excessive_Worry,
                      :QAnxiety_Symptoms_Frequency_Trouble_Relaxing,
                      :QAnxiety_Symptoms_Frequency_Restlessness,
                      :QAnxiety_Symptoms_Frequency_Irritability,
                      :QAnxiety_Symptoms_Frequency_Fear_Something_Awful_Might_Happen .

:QAnxiety_Symptoms_Frequency_Feeling_Nervous_or_On_Edge pred:Text ""Feeling nervous, anxious, or on edge"" .
:QAnxiety_Symptoms_Frequency_Uncontrollable_Worrying pred:Text ""Not being able to stop or control worrying"" .
:QAnxiety_Symptoms_Frequency_Excessive_Worry pred:Text ""Worrying too much about different things"" .
:QAnxiety_Symptoms_Frequency_Trouble_Relaxing pred:Text ""Trouble relaxing"" .
:QAnxiety_Symptoms_Frequency_Restlessness pred:Text ""Being so restless that it is hard to sit still"" .
:QAnxiety_Symptoms_Frequency_Irritability pred:Text ""Becoming easily annoyed or irritable"" .
:QAnxiety_Symptoms_Frequency_Fear_Something_Awful_Might_Happen pred:Text ""Feeling afraid, as if something awful might happen"" .

:QGDepressive_Symptoms_Frequency pred:BaseQuestion ""Next, you will be asked questions about your emotional state. Please answer on a scale of 0 to 3, where 0 is 'Not at all', 1 is 'several days', 2 is 'more than half of the days', and 3 is 'Nearly every day'. Over the last two weeks, how often have you been bothered by the following problems?"" ;
    qg:hasSubQuestion :QDepressive_Symptoms_Frequency_Anhedonia,
                      :QDepressive_Symptoms_Frequency_Depressed_Mood,
                      :QDepressive_Symptoms_Frequency_Sleep_Problems,
                      :QDepressive_Symptoms_Frequency_Fatigue,
                      :QDepressive_Symptoms_Frequency_Appetite_Changes,
                      :QDepressive_Symptoms_Frequency_Feelings_of_Worthlessness,
                      :QDepressive_Symptoms_Frequency_Concentration_Difficulties,
                      :QDepressive_Symptoms_Frequency_Psychomotor_Changes,
                      :QDepressive_Symptoms_Frequency_Suicidal_Thoughts .

:QDepressive_Symptoms_Frequency_Anhedonia pred:Text ""Little interest or pleasure in doing things"" .
:QDepressive_Symptoms_Frequency_Depressed_Mood pred:Text ""Feeling down, depressed, or hopeless"" .
:QDepressive_Symptoms_Frequency_Sleep_Problems pred:Text ""Trouble falling or staying asleep, or sleeping too much"" .
:QDepressive_Symptoms_Frequency_Fatigue pred:Text ""Feeling tired or having little energy"" .
:QDepressive_Symptoms_Frequency_Appetite_Changes pred:Text ""Poor appetite or overeating"" .
:QDepressive_Symptoms_Frequency_Feelings_of_Worthlessness pred:Text ""Feeling bad about yourself or that you are a failure or have let yourself or your family down"" .
:QDepressive_Symptoms_Frequency_Concentration_Difficulties pred:Text ""Trouble concentrating on things, such as reading the newspaper or watching television"" .
:QDepressive_Symptoms_Frequency_Psychomotor_Changes pred:Text ""Moving or speaking so slowly that other people could have noticed. Or the opposite — being so fidgety or restless that you have been moving around a lot more than usual"" .
:QDepressive_Symptoms_Frequency_Suicidal_Thoughts pred:Text ""Thoughts that you would be better off dead, or of hurting yourself"" .

# Responses
:Respondent73 pred:Year_of_birth 2005.0 ;
     pred:Gender 2.0 ;
     pred:Socio_economic_status 2.0 ;
     pred:Ethnic_identity 6.0 .

:Respondent73_Parental_Education
                       pred:Father 25.0 ;
                       pred:Mother 15.0 .
:Respondent73 pred:hasGroupResponse :Respondent73_Parental_Education .

:Respondent73 pred:Life_satisfaction 8.0 ;
     pred:Happiness 5.0 ;
     pred:Laughter 4.0 ;
     pred:Learning 5.0 ;
     pred:Enjoyment 5.0 ;
     pred:Worry 2.0 ;
     pred:Depression 1.0 ;
     pred:Anger 2.0 ;
     pred:Stress 4.0 ;
     pred:Loneliness 6.0 .

:Respondent73_Emotional_Regulation_Frequency
                                   pred:Upset_by_Unexpected_Events 2.0 ;
                                   pred:Unable_to_Control_Important_Things 2.0 ;
                                   pred:Lacked_Confidence_Handling_Problems 2.0 ;
                                   pred:Unable_to_Cope 2.0 ;
                                   pred:Irritated_by_Life 2.0 ;
                                   pred:On_Top_of_Things 2.0 .
:Respondent73 pred:hasGroupResponse :Respondent73_Emotional_Regulation_Frequency .

:Respondent73_Anxiety_Symptoms_Frequency
                               pred:Feeling_Nervous_or_On_Edge 2.0 ;
                               pred:Trouble_Relaxing 1.0 ;
                               pred:Restlessness 1.0 ;
                               pred:Irritability 2.0 ;
                               pred:Fear_Something_Awful_Might_Happen 2.0 .
:Respondent73 pred:hasGroupResponse :Respondent73_Anxiety_Symptoms_Frequency .

:Respondent73_Depressive_Symptoms_Frequency
                                  pred:Anhedonia 1.0 ;
                                  pred:Sleep_Problems 2.0 ;
                                  pred:Fatigue 1.0 ;
                                  pred:Appetite_Changes 1.0 ;
                                  pred:Feelings_of_Worthlessness 1.0 ;
                                  pred:Concentration_Difficulties 1.0 ;
                                  pred:Suicidal_Thoughts 0.0 .
:Respondent73 pred:hasGroupResponse :Respondent73_Depressive_Symptoms_Frequency .

:Respondent85 pred:Year_of_birth 2004.0 ;
     pred:Gender 2.0 ;
     pred:Socio_economic_status 3.0 ;
     pred:Ethnic_identity 6.0 .

:Respondent85_Parental_Education
                       pred:Father 18.0 .
:Respondent85 pred:hasGroupResponse :Respondent85_Parental_Education .

:Respondent85 pred:Life_satisfaction 5.0 ;
     pred:Happiness 6.0 ;
     pred:Laughter 6.0 ;
     pred:Learning 8.0 ;
     pred:Enjoyment 5.0 ;
     pred:Worry 1.0 ;
     pred:Depression 1.0 ;
     pred:Anger 2.0 ;
     pred:Stress 4.0 ;
     pred:Loneliness 1.0 .

:Respondent85_Emotional_Regulation_Frequency
                                   pred:Upset_by_Unexpected_Events 2.0 ;
                                   pred:Unable_to_Control_Important_Things 3.0 ;
                                   pred:Lacked_Confidence_Handling_Problems 2.0 ;
                                   pred:Unable_to_Cope 3.0 ;
                                   pred:Irritated_by_Life 3.0 ;
                                   pred:On_Top_of_Things 2.0 .
:Respondent85 pred:hasGroupResponse :Respondent85_Emotional_Regulation_Frequency .

:Respondent85_Anxiety_Symptoms_Frequency
                               pred:Feeling_Nervous_or_On_Edge 1.0 ;
                               pred:Trouble_Relaxing 1.0 ;
                               pred:Restlessness 0.0 ;
                               pred:Irritability 1.0 ;
                               pred:Fear_Something_Awful_Might_Happen 1.0 .
:Respondent85 pred:hasGroupResponse :Respondent85_Anxiety_Symptoms_Frequency .

:Respondent85_Depressive_Symptoms_Frequency
                                  pred:Anhedonia 2.0 ;
                                  pred:Sleep_Problems 2.0 ;
                                  pred:Fatigue 3.0 ;
                                  pred:Appetite_Changes 3.0 ;
                                  pred:Feelings_of_Worthlessness 1.0 ;
                                  pred:Concentration_Difficulties 1.0 ;
                                  pred:Suicidal_Thoughts 0.0 .
:Respondent85 pred:hasGroupResponse :Respondent85_Depressive_Symptoms_Frequency .

:Respondent129 pred:Year_of_birth 2001.0 ;
     pred:Gender 2.0 ;
     pred:Socio_economic_status 3.0 ;
     pred:Ethnic_identity 6.0 .

:Respondent129_Parental_Education
                       pred:Father 13.0 ;
                       pred:Mother 13.0 .
:Respondent129 pred:hasGroupResponse :Respondent129_Parental_Education .

:Respondent129 pred:Life_satisfaction 8.0 ;
     pred:Happiness 9.0 ;
     pred:Laughter 6.0 ;
     pred:Learning 5.0 ;
     pred:Enjoyment 6.0 ;
     pred:Worry 1.0 ;
     pred:Depression 1.0 ;
     pred:Anger 1.0 ;
     pred:Stress 3.0 ;
     pred:Loneliness 0.0 .

:Respondent129_Emotional_Regulation_Frequency
                                   pred:Upset_by_Unexpected_Events 1.0 ;
                                   pred:Unable_to_Control_Important_Things 1.0 ;
                                   pred:Lacked_Confidence_Handling_Problems 3.0 ;
                                   pred:Unable_to_Cope 2.0 ;
                                   pred:Irritated_by_Life 3.0 ;
                                   pred:On_Top_of_Things 2.0 .
:Respondent129 pred:hasGroupResponse :Respondent129_Emotional_Regulation_Frequency .

:Respondent129_Anxiety_Symptoms_Frequency
                               pred:Feeling_Nervous_or_On_Edge 1.0 ;
                               pred:Trouble_Relaxing 1.0 ;
                               pred:Restlessness 0.0 ;
                               pred:Irritability 0.0 ;
                               pred:Fear_Something_Awful_Might_Happen 0.0 .
:Respondent129 pred:hasGroupResponse :Respondent129_Anxiety_Symptoms_Frequency .

:Respondent129_Depressive_Symptoms_Frequency
                                  pred:Anhedonia 1.0 ;
                                  pred:Sleep_Problems 1.0 ;
                                  pred:Fatigue 2.0 ;
                                  pred:Appetite_Changes 2.0 ;
                                  pred:Feelings_of_Worthlessness 0.0 ;
                                  pred:Concentration_Difficulties 2.0 ;
                                  pred:Suicidal_Thoughts 0.0 .
:Respondent129 pred:hasGroupResponse :Respondent129_Depressive_Symptoms_Frequency .

Answer: 2.0

@prefix : <http://example.org/survey#> .
@prefix pred: <http://example.org/predicate#> .
@prefix qg: <http://example.org/question_group#> .

# Questions
:QYear_of_birth pred:Text ""What is your date of birth? [Open-ended]"" .
:QGender pred:Text ""What is your gender? [MCQ: 1. Male 2. Female]"" .
:QSocio_economic_status pred:Text ""What is the socio-economic status of your home? [Likert 1–6: 1 = Very low, 6 = Very high]"" .
:QEthnic_identity pred:Text ""According to your culture, people, or physical features, you are or are recognized as: [MCQ: 1. Indigenous 2. Gypsy 3. Raizal from San Andres, Providencia and Santa Catalina Archipelago 4. Palenquero from San Basilio 5. Black, mulatto (Afro-descendant), Afro-Colombian 6. None of the above]"" .

:QGParental_Education pred:BaseQuestion ""How many years of education did your parents receive? [Open-ended]"" ;
    qg:hasSubQuestion :QParental_Education_Father, :QParental_Education_Mother .
:QParental_Education_Father pred:Text ""Father?"" .
:QParental_Education_Mother pred:Text ""Mother?"" .

:QLife_satisfaction pred:Text ""In general, how satisfied are you with all aspects of your life? [Likert 0–10: 0 = Not satisfied, 10 = Totally satisfied]"" .
:QHappiness pred:Text ""How happy did you feel yesterday? [Likert 0–10: 0 = At no time, 10 = All the time]"" .
:QLaughter pred:Text ""How much did you laugh yesterday? [Likert 0–10: 0 = At no time, 10 = All the time]"" .
:QLearning pred:Text ""Did you learn new or exciting things yesterday? [Likert 0–10: 0 = At no time, 10 = All the time]"" .
:QEnjoyment pred:Text ""How much did you enjoy the activities you did yesterday? [Likert 0–10: 0 = At no time, 10 = All the time]"" .
:QWorry pred:Text ""How worried did you feel yesterday? [Likert 0–10: 0 = At no time, 10 = All the time]"" .
:QDepression pred:Text ""How depressed did you feel yesterday? [Likert 0–10: 0 = At no time, 10 = All the time]"" .
:QAnger pred:Text ""How angry did you feel yesterday? [Likert 0–10: 0 = At no time, 10 = All the time]"" .
:QStress pred:Text ""How much stress did you feel yesterday? [Likert 0–10: 0 = At no time, 10 = All the time]"" .
:QLoneliness pred:Text ""How lonely or unsupported did you feel yesterday? [Likert 0–10: 0 = At no time, 10 = All the time]"" .

:QGEmotional_Regulation_Frequency pred:BaseQuestion ""Next, you will be asked questions about your emotional state. Please answer on a scale of 0 to 4, where 0 is never, 1 is 'almost never', 2 is 'sometimes', 3 is 'fairly often', and 4 is 'very often', how often you experienced the following feelings during the last month: [Likert 0–4]"" ;
    qg:hasSubQuestion :QEmotional_Regulation_Frequency_Upset_by_Unexpected_Events,
                      :QEmotional_Regulation_Frequency_Unable_to_Control_Important_Things,
                      :QEmotional_Regulation_Frequency_Nervous_and_Stressed,
                      :QEmotional_Regulation_Frequency_Lacked_Confidence_Handling_Problems,
                      :QEmotional_Regulation_Frequency_Things_Going_Your_Way,
                      :QEmotional_Regulation_Frequency_Unable_to_Cope,
                      :QEmotional_Regulation_Frequency_Irritated_by_Life,
                      :QEmotional_Regulation_Frequency_On_Top_of_Things,
                      :QEmotional_Regulation_Frequency_Angered_by_Uncontrollable_Events,
                      :QEmotional_Regulation_Frequency_Felt_Overwhelmed .

:QEmotional_Regulation_Frequency_Upset_by_Unexpected_Events pred:Text ""how often have you been upset because of something that happened unexpectedly?"" .
:QEmotional_Regulation_Frequency_Unable_to_Control_Important_Things pred:Text ""how often have you felt that you were unable to control the important things in your life?"" .
:QEmotional_Regulation_Frequency_Nervous_and_Stressed pred:Text ""how often have you felt nervous and stressed?"" .
:QEmotional_Regulation_Frequency_Lacked_Confidence_Handling_Problems pred:Text ""how often have you felt confident about your ability to handle your personal problems?"" .
:QEmotional_Regulation_Frequency_Things_Going_Your_Way pred:Text ""how often have you felt that things were going your way?"" .
:QEmotional_Regulation_Frequency_Unable_to_Cope pred:Text ""how often have you found that you could not cope with all the things that you had to do?"" .
:QEmotional_Regulation_Frequency_Irritated_by_Life pred:Text ""how often have you been able to control irritations in your life?"" .
:QEmotional_Regulation_Frequency_On_Top_of_Things pred:Text ""how often have you felt that you were on top of things?"" .
:QEmotional_Regulation_Frequency_Angered_by_Uncontrollable_Events pred:Text ""how often have you been angered because of things that happened that were outside of your control?"" .
:QEmotional_Regulation_Frequency_Felt_Overwhelmed pred:Text ""how often have you felt difficulties were piling up so high that you could not overcome them?"" .

:QGAnxiety_Symptoms_Frequency pred:BaseQuestion ""Next, you will be asked questions about your emotional state. Please answer on a scale of 0 to 3, where 0 is 'Not at all', 1 is 'several days', 2 is 'more than half of the days', and 3 is 'Nearly every day'. Over the last two weeks, how often have you been bothered by the following problems? [Likert 0–3]"" ;
    qg:hasSubQuestion :QAnxiety_Symptoms_Frequency_Feeling_Nervous_or_On_Edge,
                      :QAnxiety_Symptoms_Frequency_Uncontrollable_Worrying,
                      :QAnxiety_Symptoms_Frequency_Excessive_Worry,
                      :QAnxiety_Symptoms_Frequency_Trouble_Relaxing,
                      :QAnxiety_Symptoms_Frequency_Restlessness,
                      :QAnxiety_Symptoms_Frequency_Irritability,
                      :QAnxiety_Symptoms_Frequency_Fear_Something_Awful_Might_Happen .

:QAnxiety_Symptoms_Frequency_Feeling_Nervous_or_On_Edge pred:Text ""Feeling nervous, anxious, or on edge"" .
:QAnxiety_Symptoms_Frequency_Uncontrollable_Worrying pred:Text ""Not being able to stop or control worrying"" .
:QAnxiety_Symptoms_Frequency_Excessive_Worry pred:Text ""Worrying too much about different things"" .
:QAnxiety_Symptoms_Frequency_Trouble_Relaxing pred:Text ""Trouble relaxing"" .
:QAnxiety_Symptoms_Frequency_Restlessness pred:Text ""Being so restless that it is hard to sit still"" .
:QAnxiety_Symptoms_Frequency_Irritability pred:Text ""Becoming easily annoyed or irritable"" .
:QAnxiety_Symptoms_Frequency_Fear_Something_Awful_Might_Happen pred:Text ""Feeling afraid, as if something awful might happen"" .

:QGDepressive_Symptoms_Frequency pred:BaseQuestion ""Next, you will be asked questions about your emotional state. Please answer on a scale of 0 to 3, where 0 is 'Not at all', 1 is 'several days', 2 is 'more than half of the days', and 3 is 'Nearly every day'. Over the last two weeks, how often have you been bothered by the following problems?"" ;
    qg:hasSubQuestion :QDepressive_Symptoms_Frequency_Anhedonia,
                      :QDepressive_Symptoms_Frequency_Depressed_Mood,
                      :QDepressive_Symptoms_Frequency_Sleep_Problems,
                      :QDepressive_Symptoms_Frequency_Fatigue,
                      :QDepressive_Symptoms_Frequency_Appetite_Changes,
                      :QDepressive_Symptoms_Frequency_Feelings_of_Worthlessness,
                      :QDepressive_Symptoms_Frequency_Concentration_Difficulties,
                      :QDepressive_Symptoms_Frequency_Psychomotor_Changes,
                      :QDepressive_Symptoms_Frequency_Suicidal_Thoughts .

:QDepressive_Symptoms_Frequency_Anhedonia pred:Text ""Little interest or pleasure in doing things"" .
:QDepressive_Symptoms_Frequency_Depressed_Mood pred:Text ""Feeling down, depressed, or hopeless"" .
:QDepressive_Symptoms_Frequency_Sleep_Problems pred:Text ""Trouble falling or staying asleep, or sleeping too much"" .
:QDepressive_Symptoms_Frequency_Fatigue pred:Text ""Feeling tired or having little energy"" .
:QDepressive_Symptoms_Frequency_Appetite_Changes pred:Text ""Poor appetite or overeating"" .
:QDepressive_Symptoms_Frequency_Feelings_of_Worthlessness pred:Text ""Feeling bad about yourself or that you are a failure or have let yourself or your family down"" .
:QDepressive_Symptoms_Frequency_Concentration_Difficulties pred:Text ""Trouble concentrating on things, such as reading the newspaper or watching television"" .
:QDepressive_Symptoms_Frequency_Psychomotor_Changes pred:Text ""Moving or speaking so slowly that other people could have noticed. Or the opposite — being so fidgety or restless that you have been moving around a lot more than usual"" .
:QDepressive_Symptoms_Frequency_Suicidal_Thoughts pred:Text ""Thoughts that you would be better off dead, or of hurting yourself"" .

# Responses
:Respondent70 pred:Year_of_birth 1999.0 ;
     pred:Gender 2.0 ;
     pred:Socio_economic_status 1.0 ;
     pred:Ethnic_identity 6.0 .

:Respondent70 pred:Life_satisfaction 3.0 ;
     pred:Happiness 3.0 ;
     pred:Laughter 3.0 ;
     pred:Learning 3.0 ;
     pred:Enjoyment 3.0 ;
     pred:Worry 2.0 ;
     pred:Depression 2.0 ;
     pred:Anger 2.0 ;
     pred:Stress 3.0 ;
     pred:Loneliness 3.0 .

:Respondent70_Emotional_Regulation_Frequency
                                   pred:Upset_by_Unexpected_Events 2.0 ;
                                   pred:Unable_to_Control_Important_Things 2.0 ;
                                   pred:Lacked_Confidence_Handling_Problems 2.0 ;
                                   pred:Unable_to_Cope 2.0 ;
                                   pred:Irritated_by_Life 2.0 ;
                                   pred:On_Top_of_Things 2.0 .
:Respondent70 pred:hasGroupResponse :Respondent70_Emotional_Regulation_Frequency .

:Respondent70_Anxiety_Symptoms_Frequency
                               pred:Feeling_Nervous_or_On_Edge 2.0 ;
                               pred:Trouble_Relaxing 2.0 ;
                               pred:Restlessness 2.0 ;
                               pred:Irritability 2.0 ;
                               pred:Fear_Something_Awful_Might_Happen 2.0 .
:Respondent70 pred:hasGroupResponse :Respondent70_Anxiety_Symptoms_Frequency .

:Respondent70_Depressive_Symptoms_Frequency
                                  pred:Anhedonia 2.0 ;
                                  pred:Sleep_Problems 2.0 ;
                                  pred:Fatigue 2.0 ;
                                  pred:Appetite_Changes 2.0 ;
                                  pred:Feelings_of_Worthlessness 1.0 ;
                                  pred:Concentration_Difficulties 2.0 ;
                                  pred:Suicidal_Thoughts 0.0 .
:Respondent70 pred:hasGroupResponse :Respondent70_Depressive_Symptoms_Frequency .

:Respondent113 pred:Year_of_birth 2003.0 ;
     pred:Gender 2.0 ;
     pred:Socio_economic_status 4.0 ;
     pred:Ethnic_identity 6.0 .

:Respondent113 pred:Life_satisfaction 7.0 ;
     pred:Happiness 8.0 ;
     pred:Laughter 7.0 ;
     pred:Learning 7.0 ;
     pred:Enjoyment 8.0 ;
     pred:Worry 1.0 ;
     pred:Depression 0.0 ;
     pred:Anger 2.0 ;
     pred:Stress 2.0 ;
     pred:Loneliness 3.0 .

:Respondent113_Emotional_Regulation_Frequency
                                   pred:Upset_by_Unexpected_Events 2.0 ;
                                   pred:Unable_to_Control_Important_Things 2.0 ;
                                   pred:Lacked_Confidence_Handling_Problems 2.0 ;
                                   pred:Unable_to_Cope 2.0 ;
                                   pred:Irritated_by_Life 3.0 ;
                                   pred:On_Top_of_Things 2.0 .
:Respondent113 pred:hasGroupResponse :Respondent113_Emotional_Regulation_Frequency .

:Respondent113_Anxiety_Symptoms_Frequency
                               pred:Feeling_Nervous_or_On_Edge 1.0 ;
                               pred:Trouble_Relaxing 1.0 ;
                               pred:Restlessness 1.0 ;
                               pred:Irritability 1.0 ;
                               pred:Fear_Something_Awful_Might_Happen 1.0 .
:Respondent113 pred:hasGroupResponse :Respondent113_Anxiety_Symptoms_Frequency .

:Respondent113_Depressive_Symptoms_Frequency
                                  pred:Anhedonia 0.0 ;
                                  pred:Sleep_Problems 0.0 ;
                                  pred:Fatigue 1.0 ;
                                  pred:Appetite_Changes 1.0 ;
                                  pred:Feelings_of_Worthlessness 0.0 ;
                                  pred:Concentration_Difficulties 0.0 ;
                                  pred:Suicidal_Thoughts 0.0 .
:Respondent113 pred:hasGroupResponse :Respondent113_Depressive_Symptoms_Frequency .

:Respondent58 pred:Year_of_birth 2004.0 ;
     pred:Gender 1.0 ;
     pred:Socio_economic_status 3.0 ;
     pred:Ethnic_identity 6.0 .

:Respondent58_Parental_Education
                       pred:Father 18.0 ;
                       pred:Mother 16.0 .
:Respondent58 pred:hasGroupResponse :Respondent58_Parental_Education .

:Respondent58 pred:Life_satisfaction 7.0 ;
     pred:Happiness 10.0 ;
     pred:Laughter 10.0 ;
     pred:Learning 3.0 ;
     pred:Enjoyment 10.0 ;
     pred:Worry 2.0 ;
     pred:Depression 0.0 ;
     pred:Anger 2.0 ;
     pred:Stress 2.0 ;
     pred:Loneliness 0.0 .

:Respondent58_Emotional_Regulation_Frequency
                                   pred:Upset_by_Unexpected_Events 3.0 ;
                                   pred:Unable_to_Control_Important_Things 3.0 ;
                                   pred:Lacked_Confidence_Handling_Problems 1.0 ;
                                   pred:Unable_to_Cope 3.0 ;
                                   pred:Irritated_by_Life 1.0 ;
                                   pred:On_Top_of_Things 1.0 .
:Respondent58 pred:hasGroupResponse :Respondent58_Emotional_Regulation_Frequency .

:Respondent58_Anxiety_Symptoms_Frequency
                               pred:Feeling_Nervous_or_On_Edge 1.0 ;
                               pred:Trouble_Relaxing 1.0 ;
                               pred:Restlessness 0.0 ;
                               pred:Irritability 1.0 ;
                               pred:Fear_Something_Awful_Might_Happen 1.0 .
:Respondent58 pred:hasGroupResponse :Respondent58_Anxiety_Symptoms_Frequency .

:Respondent58_Depressive_Symptoms_Frequency
                                  pred:Anhedonia 1.0 ;
                                  pred:Sleep_Problems 1.0 ;
                                  pred:Fatigue 1.0 ;
                                  pred:Appetite_Changes 1.0 ;
                                  pred:Feelings_of_Worthlessness 1.0 ;
                                  pred:Concentration_Difficulties 0.0 ;
                                  pred:Suicidal_Thoughts 0.0 .
:Respondent58 pred:hasGroupResponse :Respondent58_Depressive_Symptoms_Frequency .

You are a meticulous data analyst AI. Your primary function is to accurately analyze structured data and provide precise, verifiable answers.

You will be given a dataset with two key parts:

A 'questions' section: This is your data dictionary or schema. It is the single source of truth for understanding what each field and score means. Refer to it carefully.

A 'responses' section: This contains the raw data from each individual respondent.

To answer the question correctly, you must first use the 'questions' schema to fully understand the context and meaning of the data points within the 'responses'. Do not rely on any prior knowledge outside of this provided data. Base your entire analysis on the information given.

Provide your final answer directly and concisely. Output must be the human-readable value, not an option code.

Rules:
- For MCQ fields, map any letter codes in the Responses (case-insensitive) to the corresponding option text from the Questions schema, and output only that text. Do NOT include the letter or both.
  Example: If the schema is ""[MCQ: A. Abnormal B. Inconclusive C. Normal]"" and the response is ""a"", output ""Abnormal"".
- For open-ended fields, output the exact text value.
- If the question asks for a count, provide only the number (e.g., ""42"").
- If the question asks for a list of names or IDs, provide a simple comma-separated list (e.g., ""17, 21, 23"").
- Preserve capitalization exactly as in the schema (e.g., output ""Abnormal"", not ""abnormal"" or ""A"").

What is the laughter level for respondent 70?",,
case_42,answer_lookup,What is the enjoyment for respondent 103?,"@prefix : <http://example.org/survey#> .
@prefix pred: <http://example.org/predicate#> .
@prefix qg: <http://example.org/question_group#> .

# Questions
:QYear_of_birth pred:Text ""What is your date of birth? [Open-ended]"" .
:QGender pred:Text ""What is your gender? [MCQ: 1. Male 2. Female]"" .
:QSocio_economic_status pred:Text ""What is the socio-economic status of your home? [Likert 1–6: 1 = Very low, 6 = Very high]"" .
:QEthnic_identity pred:Text ""According to your culture, people, or physical features, you are or are recognized as: [MCQ: 1. Indigenous 2. Gypsy 3. Raizal from San Andres, Providencia and Santa Catalina Archipelago 4. Palenquero from San Basilio 5. Black, mulatto (Afro-descendant), Afro-Colombian 6. None of the above]"" .

:QGParental_Education pred:BaseQuestion ""How many years of education did your parents receive? [Open-ended]"" ;
    qg:hasSubQuestion :QParental_Education_Father, :QParental_Education_Mother .
:QParental_Education_Father pred:Text ""Father?"" .
:QParental_Education_Mother pred:Text ""Mother?"" .

:QLife_satisfaction pred:Text ""In general, how satisfied are you with all aspects of your life? [Likert 0–10: 0 = Not satisfied, 10 = Totally satisfied]"" .
:QHappiness pred:Text ""How happy did you feel yesterday? [Likert 0–10: 0 = At no time, 10 = All the time]"" .
:QLaughter pred:Text ""How much did you laugh yesterday? [Likert 0–10: 0 = At no time, 10 = All the time]"" .
:QLearning pred:Text ""Did you learn new or exciting things yesterday? [Likert 0–10: 0 = At no time, 10 = All the time]"" .
:QEnjoyment pred:Text ""How much did you enjoy the activities you did yesterday? [Likert 0–10: 0 = At no time, 10 = All the time]"" .
:QWorry pred:Text ""How worried did you feel yesterday? [Likert 0–10: 0 = At no time, 10 = All the time]"" .
:QDepression pred:Text ""How depressed did you feel yesterday? [Likert 0–10: 0 = At no time, 10 = All the time]"" .
:QAnger pred:Text ""How angry did you feel yesterday? [Likert 0–10: 0 = At no time, 10 = All the time]"" .
:QStress pred:Text ""How much stress did you feel yesterday? [Likert 0–10: 0 = At no time, 10 = All the time]"" .
:QLoneliness pred:Text ""How lonely or unsupported did you feel yesterday? [Likert 0–10: 0 = At no time, 10 = All the time]"" .

:QGEmotional_Regulation_Frequency pred:BaseQuestion ""Next, you will be asked questions about your emotional state. Please answer on a scale of 0 to 4, where 0 is never, 1 is 'almost never', 2 is 'sometimes', 3 is 'fairly often', and 4 is 'very often', how often you experienced the following feelings during the last month: [Likert 0–4]"" ;
    qg:hasSubQuestion :QEmotional_Regulation_Frequency_Upset_by_Unexpected_Events,
                      :QEmotional_Regulation_Frequency_Unable_to_Control_Important_Things,
                      :QEmotional_Regulation_Frequency_Nervous_and_Stressed,
                      :QEmotional_Regulation_Frequency_Lacked_Confidence_Handling_Problems,
                      :QEmotional_Regulation_Frequency_Things_Going_Your_Way,
                      :QEmotional_Regulation_Frequency_Unable_to_Cope,
                      :QEmotional_Regulation_Frequency_Irritated_by_Life,
                      :QEmotional_Regulation_Frequency_On_Top_of_Things,
                      :QEmotional_Regulation_Frequency_Angered_by_Uncontrollable_Events,
                      :QEmotional_Regulation_Frequency_Felt_Overwhelmed .

:QEmotional_Regulation_Frequency_Upset_by_Unexpected_Events pred:Text ""how often have you been upset because of something that happened unexpectedly?"" .
:QEmotional_Regulation_Frequency_Unable_to_Control_Important_Things pred:Text ""how often have you felt that you were unable to control the important things in your life?"" .
:QEmotional_Regulation_Frequency_Nervous_and_Stressed pred:Text ""how often have you felt nervous and stressed?"" .
:QEmotional_Regulation_Frequency_Lacked_Confidence_Handling_Problems pred:Text ""how often have you felt confident about your ability to handle your personal problems?"" .
:QEmotional_Regulation_Frequency_Things_Going_Your_Way pred:Text ""how often have you felt that things were going your way?"" .
:QEmotional_Regulation_Frequency_Unable_to_Cope pred:Text ""how often have you found that you could not cope with all the things that you had to do?"" .
:QEmotional_Regulation_Frequency_Irritated_by_Life pred:Text ""how often have you been able to control irritations in your life?"" .
:QEmotional_Regulation_Frequency_On_Top_of_Things pred:Text ""how often have you felt that you were on top of things?"" .
:QEmotional_Regulation_Frequency_Angered_by_Uncontrollable_Events pred:Text ""how often have you been angered because of things that happened that were outside of your control?"" .
:QEmotional_Regulation_Frequency_Felt_Overwhelmed pred:Text ""how often have you felt difficulties were piling up so high that you could not overcome them?"" .

:QGAnxiety_Symptoms_Frequency pred:BaseQuestion ""Next, you will be asked questions about your emotional state. Please answer on a scale of 0 to 3, where 0 is 'Not at all', 1 is 'several days', 2 is 'more than half of the days', and 3 is 'Nearly every day'. Over the last two weeks, how often have you been bothered by the following problems? [Likert 0–3]"" ;
    qg:hasSubQuestion :QAnxiety_Symptoms_Frequency_Feeling_Nervous_or_On_Edge,
                      :QAnxiety_Symptoms_Frequency_Uncontrollable_Worrying,
                      :QAnxiety_Symptoms_Frequency_Excessive_Worry,
                      :QAnxiety_Symptoms_Frequency_Trouble_Relaxing,
                      :QAnxiety_Symptoms_Frequency_Restlessness,
                      :QAnxiety_Symptoms_Frequency_Irritability,
                      :QAnxiety_Symptoms_Frequency_Fear_Something_Awful_Might_Happen .

:QAnxiety_Symptoms_Frequency_Feeling_Nervous_or_On_Edge pred:Text ""Feeling nervous, anxious, or on edge"" .
:QAnxiety_Symptoms_Frequency_Uncontrollable_Worrying pred:Text ""Not being able to stop or control worrying"" .
:QAnxiety_Symptoms_Frequency_Excessive_Worry pred:Text ""Worrying too much about different things"" .
:QAnxiety_Symptoms_Frequency_Trouble_Relaxing pred:Text ""Trouble relaxing"" .
:QAnxiety_Symptoms_Frequency_Restlessness pred:Text ""Being so restless that it is hard to sit still"" .
:QAnxiety_Symptoms_Frequency_Irritability pred:Text ""Becoming easily annoyed or irritable"" .
:QAnxiety_Symptoms_Frequency_Fear_Something_Awful_Might_Happen pred:Text ""Feeling afraid, as if something awful might happen"" .

:QGDepressive_Symptoms_Frequency pred:BaseQuestion ""Next, you will be asked questions about your emotional state. Please answer on a scale of 0 to 3, where 0 is 'Not at all', 1 is 'several days', 2 is 'more than half of the days', and 3 is 'Nearly every day'. Over the last two weeks, how often have you been bothered by the following problems?"" ;
    qg:hasSubQuestion :QDepressive_Symptoms_Frequency_Anhedonia,
                      :QDepressive_Symptoms_Frequency_Depressed_Mood,
                      :QDepressive_Symptoms_Frequency_Sleep_Problems,
                      :QDepressive_Symptoms_Frequency_Fatigue,
                      :QDepressive_Symptoms_Frequency_Appetite_Changes,
                      :QDepressive_Symptoms_Frequency_Feelings_of_Worthlessness,
                      :QDepressive_Symptoms_Frequency_Concentration_Difficulties,
                      :QDepressive_Symptoms_Frequency_Psychomotor_Changes,
                      :QDepressive_Symptoms_Frequency_Suicidal_Thoughts .

:QDepressive_Symptoms_Frequency_Anhedonia pred:Text ""Little interest or pleasure in doing things"" .
:QDepressive_Symptoms_Frequency_Depressed_Mood pred:Text ""Feeling down, depressed, or hopeless"" .
:QDepressive_Symptoms_Frequency_Sleep_Problems pred:Text ""Trouble falling or staying asleep, or sleeping too much"" .
:QDepressive_Symptoms_Frequency_Fatigue pred:Text ""Feeling tired or having little energy"" .
:QDepressive_Symptoms_Frequency_Appetite_Changes pred:Text ""Poor appetite or overeating"" .
:QDepressive_Symptoms_Frequency_Feelings_of_Worthlessness pred:Text ""Feeling bad about yourself or that you are a failure or have let yourself or your family down"" .
:QDepressive_Symptoms_Frequency_Concentration_Difficulties pred:Text ""Trouble concentrating on things, such as reading the newspaper or watching television"" .
:QDepressive_Symptoms_Frequency_Psychomotor_Changes pred:Text ""Moving or speaking so slowly that other people could have noticed. Or the opposite — being so fidgety or restless that you have been moving around a lot more than usual"" .
:QDepressive_Symptoms_Frequency_Suicidal_Thoughts pred:Text ""Thoughts that you would be better off dead, or of hurting yourself"" .

# Responses
:Respondent97 pred:Year_of_birth 2003.0 ;
     pred:Gender 2.0 ;
     pred:Socio_economic_status 3.0 ;
     pred:Ethnic_identity 6.0 .

:Respondent97_Parental_Education
                       pred:Father 17.0 ;
                       pred:Mother 17.0 .
:Respondent97 pred:hasGroupResponse :Respondent97_Parental_Education .

:Respondent97 pred:Life_satisfaction 7.0 ;
     pred:Happiness 5.0 ;
     pred:Laughter 4.0 ;
     pred:Learning 7.0 ;
     pred:Enjoyment 5.0 ;
     pred:Worry 1.0 ;
     pred:Depression 1.0 ;
     pred:Anger 2.0 ;
     pred:Stress 4.0 ;
     pred:Loneliness 7.0 .

:Respondent97_Emotional_Regulation_Frequency
                                   pred:Upset_by_Unexpected_Events 3.0 ;
                                   pred:Unable_to_Control_Important_Things 1.0 ;
                                   pred:Lacked_Confidence_Handling_Problems 3.0 ;
                                   pred:Unable_to_Cope 2.0 ;
                                   pred:Irritated_by_Life 3.0 ;
                                   pred:On_Top_of_Things 3.0 .
:Respondent97 pred:hasGroupResponse :Respondent97_Emotional_Regulation_Frequency .

:Respondent97_Anxiety_Symptoms_Frequency
                               pred:Feeling_Nervous_or_On_Edge 1.0 ;
                               pred:Trouble_Relaxing 1.0 ;
                               pred:Restlessness 0.0 ;
                               pred:Irritability 3.0 ;
                               pred:Fear_Something_Awful_Might_Happen 0.0 .
:Respondent97 pred:hasGroupResponse :Respondent97_Anxiety_Symptoms_Frequency .

:Respondent97_Depressive_Symptoms_Frequency
                                  pred:Anhedonia 0.0 ;
                                  pred:Sleep_Problems 1.0 ;
                                  pred:Fatigue 1.0 ;
                                  pred:Appetite_Changes 1.0 ;
                                  pred:Feelings_of_Worthlessness 0.0 ;
                                  pred:Concentration_Difficulties 0.0 ;
                                  pred:Suicidal_Thoughts 0.0 .
:Respondent97 pred:hasGroupResponse :Respondent97_Depressive_Symptoms_Frequency .

:Respondent103 pred:Year_of_birth 2004.0 ;
     pred:Gender 2.0 ;
     pred:Socio_economic_status 5.0 ;
     pred:Ethnic_identity 6.0 .

:Respondent103_Parental_Education
                       pred:Father 16.0 ;
                       pred:Mother 16.0 .
:Respondent103 pred:hasGroupResponse :Respondent103_Parental_Education .

:Respondent103 pred:Life_satisfaction 8.0 ;
     pred:Happiness 6.0 ;
     pred:Laughter 7.0 ;
     pred:Learning 7.0 ;
     pred:Enjoyment 8.0 ;
     pred:Worry 1.0 ;
     pred:Depression 1.0 ;
     pred:Anger 3.0 ;
     pred:Stress 3.0 ;
     pred:Loneliness 3.0 .

:Respondent103_Emotional_Regulation_Frequency
                                   pred:Upset_by_Unexpected_Events 3.0 ;
                                   pred:Unable_to_Control_Important_Things 1.0 ;
                                   pred:Lacked_Confidence_Handling_Problems 3.0 ;
                                   pred:Unable_to_Cope 2.0 ;
                                   pred:Irritated_by_Life 3.0 ;
                                   pred:On_Top_of_Things 2.0 .
:Respondent103 pred:hasGroupResponse :Respondent103_Emotional_Regulation_Frequency .

:Respondent103_Anxiety_Symptoms_Frequency
                               pred:Feeling_Nervous_or_On_Edge 3.0 ;
                               pred:Trouble_Relaxing 1.0 ;
                               pred:Restlessness 2.0 ;
                               pred:Irritability 2.0 ;
                               pred:Fear_Something_Awful_Might_Happen 3.0 .
:Respondent103 pred:hasGroupResponse :Respondent103_Anxiety_Symptoms_Frequency .

:Respondent103_Depressive_Symptoms_Frequency
                                  pred:Anhedonia 1.0 ;
                                  pred:Sleep_Problems 0.0 ;
                                  pred:Fatigue 1.0 ;
                                  pred:Appetite_Changes 1.0 ;
                                  pred:Feelings_of_Worthlessness 0.0 ;
                                  pred:Concentration_Difficulties 1.0 ;
                                  pred:Suicidal_Thoughts 0.0 .
:Respondent103 pred:hasGroupResponse :Respondent103_Depressive_Symptoms_Frequency .

:Respondent15 pred:Year_of_birth 1998.0 ;
     pred:Gender 2.0 ;
     pred:Socio_economic_status 2.0 ;
     pred:Ethnic_identity 6.0 .

:Respondent15_Parental_Education
                       pred:Father 15.0 ;
                       pred:Mother 5.0 .
:Respondent15 pred:hasGroupResponse :Respondent15_Parental_Education .

:Respondent15 pred:Life_satisfaction 6.0 ;
     pred:Happiness 8.0 ;
     pred:Laughter 3.0 ;
     pred:Learning 8.0 ;
     pred:Enjoyment 4.0 ;
     pred:Worry 1.0 ;
     pred:Depression 0.0 ;
     pred:Anger 2.0 ;
     pred:Stress 2.0 ;
     pred:Loneliness 7.0 .

:Respondent15_Emotional_Regulation_Frequency
                                   pred:Upset_by_Unexpected_Events 4.0 ;
                                   pred:Unable_to_Control_Important_Things 2.0 ;
                                   pred:Lacked_Confidence_Handling_Problems 2.0 ;
                                   pred:Unable_to_Cope 1.0 ;
                                   pred:Irritated_by_Life 2.0 ;
                                   pred:On_Top_of_Things 3.0 .
:Respondent15 pred:hasGroupResponse :Respondent15_Emotional_Regulation_Frequency .

:Respondent15_Anxiety_Symptoms_Frequency
                               pred:Feeling_Nervous_or_On_Edge 1.0 ;
                               pred:Trouble_Relaxing 1.0 ;
                               pred:Restlessness 0.0 ;
                               pred:Irritability 1.0 ;
                               pred:Fear_Something_Awful_Might_Happen 1.0 .
:Respondent15 pred:hasGroupResponse :Respondent15_Anxiety_Symptoms_Frequency .

:Respondent15_Depressive_Symptoms_Frequency
                                  pred:Anhedonia 0.0 ;
                                  pred:Sleep_Problems 0.0 ;
                                  pred:Fatigue 1.0 ;
                                  pred:Appetite_Changes 1.0 ;
                                  pred:Feelings_of_Worthlessness 1.0 ;
                                  pred:Concentration_Difficulties 1.0 ;
                                  pred:Suicidal_Thoughts 0.0 .
:Respondent15 pred:hasGroupResponse :Respondent15_Depressive_Symptoms_Frequency .
",8.0,"For respondent 129, what is the value for 'Appetite Changes' in the 'Depressive Symptoms Frequency' category?

DATA:

@prefix : <http://example.org/survey#> .
@prefix pred: <http://example.org/predicate#> .
@prefix qg: <http://example.org/question_group#> .

# Questions
:QYear_of_birth pred:Text ""What is your date of birth? [Open-ended]"" .
:QGender pred:Text ""What is your gender? [MCQ: 1. Male 2. Female]"" .
:QSocio_economic_status pred:Text ""What is the socio-economic status of your home? [Likert 1–6: 1 = Very low, 6 = Very high]"" .
:QEthnic_identity pred:Text ""According to your culture, people, or physical features, you are or are recognized as: [MCQ: 1. Indigenous 2. Gypsy 3. Raizal from San Andres, Providencia and Santa Catalina Archipelago 4. Palenquero from San Basilio 5. Black, mulatto (Afro-descendant), Afro-Colombian 6. None of the above]"" .

:QGParental_Education pred:BaseQuestion ""How many years of education did your parents receive? [Open-ended]"" ;
    qg:hasSubQuestion :QParental_Education_Father, :QParental_Education_Mother .
:QParental_Education_Father pred:Text ""Father?"" .
:QParental_Education_Mother pred:Text ""Mother?"" .

:QLife_satisfaction pred:Text ""In general, how satisfied are you with all aspects of your life? [Likert 0–10: 0 = Not satisfied, 10 = Totally satisfied]"" .
:QHappiness pred:Text ""How happy did you feel yesterday? [Likert 0–10: 0 = At no time, 10 = All the time]"" .
:QLaughter pred:Text ""How much did you laugh yesterday? [Likert 0–10: 0 = At no time, 10 = All the time]"" .
:QLearning pred:Text ""Did you learn new or exciting things yesterday? [Likert 0–10: 0 = At no time, 10 = All the time]"" .
:QEnjoyment pred:Text ""How much did you enjoy the activities you did yesterday? [Likert 0–10: 0 = At no time, 10 = All the time]"" .
:QWorry pred:Text ""How worried did you feel yesterday? [Likert 0–10: 0 = At no time, 10 = All the time]"" .
:QDepression pred:Text ""How depressed did you feel yesterday? [Likert 0–10: 0 = At no time, 10 = All the time]"" .
:QAnger pred:Text ""How angry did you feel yesterday? [Likert 0–10: 0 = At no time, 10 = All the time]"" .
:QStress pred:Text ""How much stress did you feel yesterday? [Likert 0–10: 0 = At no time, 10 = All the time]"" .
:QLoneliness pred:Text ""How lonely or unsupported did you feel yesterday? [Likert 0–10: 0 = At no time, 10 = All the time]"" .

:QGEmotional_Regulation_Frequency pred:BaseQuestion ""Next, you will be asked questions about your emotional state. Please answer on a scale of 0 to 4, where 0 is never, 1 is 'almost never', 2 is 'sometimes', 3 is 'fairly often', and 4 is 'very often', how often you experienced the following feelings during the last month: [Likert 0–4]"" ;
    qg:hasSubQuestion :QEmotional_Regulation_Frequency_Upset_by_Unexpected_Events,
                      :QEmotional_Regulation_Frequency_Unable_to_Control_Important_Things,
                      :QEmotional_Regulation_Frequency_Nervous_and_Stressed,
                      :QEmotional_Regulation_Frequency_Lacked_Confidence_Handling_Problems,
                      :QEmotional_Regulation_Frequency_Things_Going_Your_Way,
                      :QEmotional_Regulation_Frequency_Unable_to_Cope,
                      :QEmotional_Regulation_Frequency_Irritated_by_Life,
                      :QEmotional_Regulation_Frequency_On_Top_of_Things,
                      :QEmotional_Regulation_Frequency_Angered_by_Uncontrollable_Events,
                      :QEmotional_Regulation_Frequency_Felt_Overwhelmed .

:QEmotional_Regulation_Frequency_Upset_by_Unexpected_Events pred:Text ""how often have you been upset because of something that happened unexpectedly?"" .
:QEmotional_Regulation_Frequency_Unable_to_Control_Important_Things pred:Text ""how often have you felt that you were unable to control the important things in your life?"" .
:QEmotional_Regulation_Frequency_Nervous_and_Stressed pred:Text ""how often have you felt nervous and stressed?"" .
:QEmotional_Regulation_Frequency_Lacked_Confidence_Handling_Problems pred:Text ""how often have you felt confident about your ability to handle your personal problems?"" .
:QEmotional_Regulation_Frequency_Things_Going_Your_Way pred:Text ""how often have you felt that things were going your way?"" .
:QEmotional_Regulation_Frequency_Unable_to_Cope pred:Text ""how often have you found that you could not cope with all the things that you had to do?"" .
:QEmotional_Regulation_Frequency_Irritated_by_Life pred:Text ""how often have you been able to control irritations in your life?"" .
:QEmotional_Regulation_Frequency_On_Top_of_Things pred:Text ""how often have you felt that you were on top of things?"" .
:QEmotional_Regulation_Frequency_Angered_by_Uncontrollable_Events pred:Text ""how often have you been angered because of things that happened that were outside of your control?"" .
:QEmotional_Regulation_Frequency_Felt_Overwhelmed pred:Text ""how often have you felt difficulties were piling up so high that you could not overcome them?"" .

:QGAnxiety_Symptoms_Frequency pred:BaseQuestion ""Next, you will be asked questions about your emotional state. Please answer on a scale of 0 to 3, where 0 is 'Not at all', 1 is 'several days', 2 is 'more than half of the days', and 3 is 'Nearly every day'. Over the last two weeks, how often have you been bothered by the following problems? [Likert 0–3]"" ;
    qg:hasSubQuestion :QAnxiety_Symptoms_Frequency_Feeling_Nervous_or_On_Edge,
                      :QAnxiety_Symptoms_Frequency_Uncontrollable_Worrying,
                      :QAnxiety_Symptoms_Frequency_Excessive_Worry,
                      :QAnxiety_Symptoms_Frequency_Trouble_Relaxing,
                      :QAnxiety_Symptoms_Frequency_Restlessness,
                      :QAnxiety_Symptoms_Frequency_Irritability,
                      :QAnxiety_Symptoms_Frequency_Fear_Something_Awful_Might_Happen .

:QAnxiety_Symptoms_Frequency_Feeling_Nervous_or_On_Edge pred:Text ""Feeling nervous, anxious, or on edge"" .
:QAnxiety_Symptoms_Frequency_Uncontrollable_Worrying pred:Text ""Not being able to stop or control worrying"" .
:QAnxiety_Symptoms_Frequency_Excessive_Worry pred:Text ""Worrying too much about different things"" .
:QAnxiety_Symptoms_Frequency_Trouble_Relaxing pred:Text ""Trouble relaxing"" .
:QAnxiety_Symptoms_Frequency_Restlessness pred:Text ""Being so restless that it is hard to sit still"" .
:QAnxiety_Symptoms_Frequency_Irritability pred:Text ""Becoming easily annoyed or irritable"" .
:QAnxiety_Symptoms_Frequency_Fear_Something_Awful_Might_Happen pred:Text ""Feeling afraid, as if something awful might happen"" .

:QGDepressive_Symptoms_Frequency pred:BaseQuestion ""Next, you will be asked questions about your emotional state. Please answer on a scale of 0 to 3, where 0 is 'Not at all', 1 is 'several days', 2 is 'more than half of the days', and 3 is 'Nearly every day'. Over the last two weeks, how often have you been bothered by the following problems?"" ;
    qg:hasSubQuestion :QDepressive_Symptoms_Frequency_Anhedonia,
                      :QDepressive_Symptoms_Frequency_Depressed_Mood,
                      :QDepressive_Symptoms_Frequency_Sleep_Problems,
                      :QDepressive_Symptoms_Frequency_Fatigue,
                      :QDepressive_Symptoms_Frequency_Appetite_Changes,
                      :QDepressive_Symptoms_Frequency_Feelings_of_Worthlessness,
                      :QDepressive_Symptoms_Frequency_Concentration_Difficulties,
                      :QDepressive_Symptoms_Frequency_Psychomotor_Changes,
                      :QDepressive_Symptoms_Frequency_Suicidal_Thoughts .

:QDepressive_Symptoms_Frequency_Anhedonia pred:Text ""Little interest or pleasure in doing things"" .
:QDepressive_Symptoms_Frequency_Depressed_Mood pred:Text ""Feeling down, depressed, or hopeless"" .
:QDepressive_Symptoms_Frequency_Sleep_Problems pred:Text ""Trouble falling or staying asleep, or sleeping too much"" .
:QDepressive_Symptoms_Frequency_Fatigue pred:Text ""Feeling tired or having little energy"" .
:QDepressive_Symptoms_Frequency_Appetite_Changes pred:Text ""Poor appetite or overeating"" .
:QDepressive_Symptoms_Frequency_Feelings_of_Worthlessness pred:Text ""Feeling bad about yourself or that you are a failure or have let yourself or your family down"" .
:QDepressive_Symptoms_Frequency_Concentration_Difficulties pred:Text ""Trouble concentrating on things, such as reading the newspaper or watching television"" .
:QDepressive_Symptoms_Frequency_Psychomotor_Changes pred:Text ""Moving or speaking so slowly that other people could have noticed. Or the opposite — being so fidgety or restless that you have been moving around a lot more than usual"" .
:QDepressive_Symptoms_Frequency_Suicidal_Thoughts pred:Text ""Thoughts that you would be better off dead, or of hurting yourself"" .

# Responses
:Respondent73 pred:Year_of_birth 2005.0 ;
     pred:Gender 2.0 ;
     pred:Socio_economic_status 2.0 ;
     pred:Ethnic_identity 6.0 .

:Respondent73_Parental_Education
                       pred:Father 25.0 ;
                       pred:Mother 15.0 .
:Respondent73 pred:hasGroupResponse :Respondent73_Parental_Education .

:Respondent73 pred:Life_satisfaction 8.0 ;
     pred:Happiness 5.0 ;
     pred:Laughter 4.0 ;
     pred:Learning 5.0 ;
     pred:Enjoyment 5.0 ;
     pred:Worry 2.0 ;
     pred:Depression 1.0 ;
     pred:Anger 2.0 ;
     pred:Stress 4.0 ;
     pred:Loneliness 6.0 .

:Respondent73_Emotional_Regulation_Frequency
                                   pred:Upset_by_Unexpected_Events 2.0 ;
                                   pred:Unable_to_Control_Important_Things 2.0 ;
                                   pred:Lacked_Confidence_Handling_Problems 2.0 ;
                                   pred:Unable_to_Cope 2.0 ;
                                   pred:Irritated_by_Life 2.0 ;
                                   pred:On_Top_of_Things 2.0 .
:Respondent73 pred:hasGroupResponse :Respondent73_Emotional_Regulation_Frequency .

:Respondent73_Anxiety_Symptoms_Frequency
                               pred:Feeling_Nervous_or_On_Edge 2.0 ;
                               pred:Trouble_Relaxing 1.0 ;
                               pred:Restlessness 1.0 ;
                               pred:Irritability 2.0 ;
                               pred:Fear_Something_Awful_Might_Happen 2.0 .
:Respondent73 pred:hasGroupResponse :Respondent73_Anxiety_Symptoms_Frequency .

:Respondent73_Depressive_Symptoms_Frequency
                                  pred:Anhedonia 1.0 ;
                                  pred:Sleep_Problems 2.0 ;
                                  pred:Fatigue 1.0 ;
                                  pred:Appetite_Changes 1.0 ;
                                  pred:Feelings_of_Worthlessness 1.0 ;
                                  pred:Concentration_Difficulties 1.0 ;
                                  pred:Suicidal_Thoughts 0.0 .
:Respondent73 pred:hasGroupResponse :Respondent73_Depressive_Symptoms_Frequency .

:Respondent85 pred:Year_of_birth 2004.0 ;
     pred:Gender 2.0 ;
     pred:Socio_economic_status 3.0 ;
     pred:Ethnic_identity 6.0 .

:Respondent85_Parental_Education
                       pred:Father 18.0 .
:Respondent85 pred:hasGroupResponse :Respondent85_Parental_Education .

:Respondent85 pred:Life_satisfaction 5.0 ;
     pred:Happiness 6.0 ;
     pred:Laughter 6.0 ;
     pred:Learning 8.0 ;
     pred:Enjoyment 5.0 ;
     pred:Worry 1.0 ;
     pred:Depression 1.0 ;
     pred:Anger 2.0 ;
     pred:Stress 4.0 ;
     pred:Loneliness 1.0 .

:Respondent85_Emotional_Regulation_Frequency
                                   pred:Upset_by_Unexpected_Events 2.0 ;
                                   pred:Unable_to_Control_Important_Things 3.0 ;
                                   pred:Lacked_Confidence_Handling_Problems 2.0 ;
                                   pred:Unable_to_Cope 3.0 ;
                                   pred:Irritated_by_Life 3.0 ;
                                   pred:On_Top_of_Things 2.0 .
:Respondent85 pred:hasGroupResponse :Respondent85_Emotional_Regulation_Frequency .

:Respondent85_Anxiety_Symptoms_Frequency
                               pred:Feeling_Nervous_or_On_Edge 1.0 ;
                               pred:Trouble_Relaxing 1.0 ;
                               pred:Restlessness 0.0 ;
                               pred:Irritability 1.0 ;
                               pred:Fear_Something_Awful_Might_Happen 1.0 .
:Respondent85 pred:hasGroupResponse :Respondent85_Anxiety_Symptoms_Frequency .

:Respondent85_Depressive_Symptoms_Frequency
                                  pred:Anhedonia 2.0 ;
                                  pred:Sleep_Problems 2.0 ;
                                  pred:Fatigue 3.0 ;
                                  pred:Appetite_Changes 3.0 ;
                                  pred:Feelings_of_Worthlessness 1.0 ;
                                  pred:Concentration_Difficulties 1.0 ;
                                  pred:Suicidal_Thoughts 0.0 .
:Respondent85 pred:hasGroupResponse :Respondent85_Depressive_Symptoms_Frequency .

:Respondent129 pred:Year_of_birth 2001.0 ;
     pred:Gender 2.0 ;
     pred:Socio_economic_status 3.0 ;
     pred:Ethnic_identity 6.0 .

:Respondent129_Parental_Education
                       pred:Father 13.0 ;
                       pred:Mother 13.0 .
:Respondent129 pred:hasGroupResponse :Respondent129_Parental_Education .

:Respondent129 pred:Life_satisfaction 8.0 ;
     pred:Happiness 9.0 ;
     pred:Laughter 6.0 ;
     pred:Learning 5.0 ;
     pred:Enjoyment 6.0 ;
     pred:Worry 1.0 ;
     pred:Depression 1.0 ;
     pred:Anger 1.0 ;
     pred:Stress 3.0 ;
     pred:Loneliness 0.0 .

:Respondent129_Emotional_Regulation_Frequency
                                   pred:Upset_by_Unexpected_Events 1.0 ;
                                   pred:Unable_to_Control_Important_Things 1.0 ;
                                   pred:Lacked_Confidence_Handling_Problems 3.0 ;
                                   pred:Unable_to_Cope 2.0 ;
                                   pred:Irritated_by_Life 3.0 ;
                                   pred:On_Top_of_Things 2.0 .
:Respondent129 pred:hasGroupResponse :Respondent129_Emotional_Regulation_Frequency .

:Respondent129_Anxiety_Symptoms_Frequency
                               pred:Feeling_Nervous_or_On_Edge 1.0 ;
                               pred:Trouble_Relaxing 1.0 ;
                               pred:Restlessness 0.0 ;
                               pred:Irritability 0.0 ;
                               pred:Fear_Something_Awful_Might_Happen 0.0 .
:Respondent129 pred:hasGroupResponse :Respondent129_Anxiety_Symptoms_Frequency .

:Respondent129_Depressive_Symptoms_Frequency
                                  pred:Anhedonia 1.0 ;
                                  pred:Sleep_Problems 1.0 ;
                                  pred:Fatigue 2.0 ;
                                  pred:Appetite_Changes 2.0 ;
                                  pred:Feelings_of_Worthlessness 0.0 ;
                                  pred:Concentration_Difficulties 2.0 ;
                                  pred:Suicidal_Thoughts 0.0 .
:Respondent129 pred:hasGroupResponse :Respondent129_Depressive_Symptoms_Frequency .

Answer: 2.0

@prefix : <http://example.org/survey#> .
@prefix pred: <http://example.org/predicate#> .
@prefix qg: <http://example.org/question_group#> .

# Questions
:QYear_of_birth pred:Text ""What is your date of birth? [Open-ended]"" .
:QGender pred:Text ""What is your gender? [MCQ: 1. Male 2. Female]"" .
:QSocio_economic_status pred:Text ""What is the socio-economic status of your home? [Likert 1–6: 1 = Very low, 6 = Very high]"" .
:QEthnic_identity pred:Text ""According to your culture, people, or physical features, you are or are recognized as: [MCQ: 1. Indigenous 2. Gypsy 3. Raizal from San Andres, Providencia and Santa Catalina Archipelago 4. Palenquero from San Basilio 5. Black, mulatto (Afro-descendant), Afro-Colombian 6. None of the above]"" .

:QGParental_Education pred:BaseQuestion ""How many years of education did your parents receive? [Open-ended]"" ;
    qg:hasSubQuestion :QParental_Education_Father, :QParental_Education_Mother .
:QParental_Education_Father pred:Text ""Father?"" .
:QParental_Education_Mother pred:Text ""Mother?"" .

:QLife_satisfaction pred:Text ""In general, how satisfied are you with all aspects of your life? [Likert 0–10: 0 = Not satisfied, 10 = Totally satisfied]"" .
:QHappiness pred:Text ""How happy did you feel yesterday? [Likert 0–10: 0 = At no time, 10 = All the time]"" .
:QLaughter pred:Text ""How much did you laugh yesterday? [Likert 0–10: 0 = At no time, 10 = All the time]"" .
:QLearning pred:Text ""Did you learn new or exciting things yesterday? [Likert 0–10: 0 = At no time, 10 = All the time]"" .
:QEnjoyment pred:Text ""How much did you enjoy the activities you did yesterday? [Likert 0–10: 0 = At no time, 10 = All the time]"" .
:QWorry pred:Text ""How worried did you feel yesterday? [Likert 0–10: 0 = At no time, 10 = All the time]"" .
:QDepression pred:Text ""How depressed did you feel yesterday? [Likert 0–10: 0 = At no time, 10 = All the time]"" .
:QAnger pred:Text ""How angry did you feel yesterday? [Likert 0–10: 0 = At no time, 10 = All the time]"" .
:QStress pred:Text ""How much stress did you feel yesterday? [Likert 0–10: 0 = At no time, 10 = All the time]"" .
:QLoneliness pred:Text ""How lonely or unsupported did you feel yesterday? [Likert 0–10: 0 = At no time, 10 = All the time]"" .

:QGEmotional_Regulation_Frequency pred:BaseQuestion ""Next, you will be asked questions about your emotional state. Please answer on a scale of 0 to 4, where 0 is never, 1 is 'almost never', 2 is 'sometimes', 3 is 'fairly often', and 4 is 'very often', how often you experienced the following feelings during the last month: [Likert 0–4]"" ;
    qg:hasSubQuestion :QEmotional_Regulation_Frequency_Upset_by_Unexpected_Events,
                      :QEmotional_Regulation_Frequency_Unable_to_Control_Important_Things,
                      :QEmotional_Regulation_Frequency_Nervous_and_Stressed,
                      :QEmotional_Regulation_Frequency_Lacked_Confidence_Handling_Problems,
                      :QEmotional_Regulation_Frequency_Things_Going_Your_Way,
                      :QEmotional_Regulation_Frequency_Unable_to_Cope,
                      :QEmotional_Regulation_Frequency_Irritated_by_Life,
                      :QEmotional_Regulation_Frequency_On_Top_of_Things,
                      :QEmotional_Regulation_Frequency_Angered_by_Uncontrollable_Events,
                      :QEmotional_Regulation_Frequency_Felt_Overwhelmed .

:QEmotional_Regulation_Frequency_Upset_by_Unexpected_Events pred:Text ""how often have you been upset because of something that happened unexpectedly?"" .
:QEmotional_Regulation_Frequency_Unable_to_Control_Important_Things pred:Text ""how often have you felt that you were unable to control the important things in your life?"" .
:QEmotional_Regulation_Frequency_Nervous_and_Stressed pred:Text ""how often have you felt nervous and stressed?"" .
:QEmotional_Regulation_Frequency_Lacked_Confidence_Handling_Problems pred:Text ""how often have you felt confident about your ability to handle your personal problems?"" .
:QEmotional_Regulation_Frequency_Things_Going_Your_Way pred:Text ""how often have you felt that things were going your way?"" .
:QEmotional_Regulation_Frequency_Unable_to_Cope pred:Text ""how often have you found that you could not cope with all the things that you had to do?"" .
:QEmotional_Regulation_Frequency_Irritated_by_Life pred:Text ""how often have you been able to control irritations in your life?"" .
:QEmotional_Regulation_Frequency_On_Top_of_Things pred:Text ""how often have you felt that you were on top of things?"" .
:QEmotional_Regulation_Frequency_Angered_by_Uncontrollable_Events pred:Text ""how often have you been angered because of things that happened that were outside of your control?"" .
:QEmotional_Regulation_Frequency_Felt_Overwhelmed pred:Text ""how often have you felt difficulties were piling up so high that you could not overcome them?"" .

:QGAnxiety_Symptoms_Frequency pred:BaseQuestion ""Next, you will be asked questions about your emotional state. Please answer on a scale of 0 to 3, where 0 is 'Not at all', 1 is 'several days', 2 is 'more than half of the days', and 3 is 'Nearly every day'. Over the last two weeks, how often have you been bothered by the following problems? [Likert 0–3]"" ;
    qg:hasSubQuestion :QAnxiety_Symptoms_Frequency_Feeling_Nervous_or_On_Edge,
                      :QAnxiety_Symptoms_Frequency_Uncontrollable_Worrying,
                      :QAnxiety_Symptoms_Frequency_Excessive_Worry,
                      :QAnxiety_Symptoms_Frequency_Trouble_Relaxing,
                      :QAnxiety_Symptoms_Frequency_Restlessness,
                      :QAnxiety_Symptoms_Frequency_Irritability,
                      :QAnxiety_Symptoms_Frequency_Fear_Something_Awful_Might_Happen .

:QAnxiety_Symptoms_Frequency_Feeling_Nervous_or_On_Edge pred:Text ""Feeling nervous, anxious, or on edge"" .
:QAnxiety_Symptoms_Frequency_Uncontrollable_Worrying pred:Text ""Not being able to stop or control worrying"" .
:QAnxiety_Symptoms_Frequency_Excessive_Worry pred:Text ""Worrying too much about different things"" .
:QAnxiety_Symptoms_Frequency_Trouble_Relaxing pred:Text ""Trouble relaxing"" .
:QAnxiety_Symptoms_Frequency_Restlessness pred:Text ""Being so restless that it is hard to sit still"" .
:QAnxiety_Symptoms_Frequency_Irritability pred:Text ""Becoming easily annoyed or irritable"" .
:QAnxiety_Symptoms_Frequency_Fear_Something_Awful_Might_Happen pred:Text ""Feeling afraid, as if something awful might happen"" .

:QGDepressive_Symptoms_Frequency pred:BaseQuestion ""Next, you will be asked questions about your emotional state. Please answer on a scale of 0 to 3, where 0 is 'Not at all', 1 is 'several days', 2 is 'more than half of the days', and 3 is 'Nearly every day'. Over the last two weeks, how often have you been bothered by the following problems?"" ;
    qg:hasSubQuestion :QDepressive_Symptoms_Frequency_Anhedonia,
                      :QDepressive_Symptoms_Frequency_Depressed_Mood,
                      :QDepressive_Symptoms_Frequency_Sleep_Problems,
                      :QDepressive_Symptoms_Frequency_Fatigue,
                      :QDepressive_Symptoms_Frequency_Appetite_Changes,
                      :QDepressive_Symptoms_Frequency_Feelings_of_Worthlessness,
                      :QDepressive_Symptoms_Frequency_Concentration_Difficulties,
                      :QDepressive_Symptoms_Frequency_Psychomotor_Changes,
                      :QDepressive_Symptoms_Frequency_Suicidal_Thoughts .

:QDepressive_Symptoms_Frequency_Anhedonia pred:Text ""Little interest or pleasure in doing things"" .
:QDepressive_Symptoms_Frequency_Depressed_Mood pred:Text ""Feeling down, depressed, or hopeless"" .
:QDepressive_Symptoms_Frequency_Sleep_Problems pred:Text ""Trouble falling or staying asleep, or sleeping too much"" .
:QDepressive_Symptoms_Frequency_Fatigue pred:Text ""Feeling tired or having little energy"" .
:QDepressive_Symptoms_Frequency_Appetite_Changes pred:Text ""Poor appetite or overeating"" .
:QDepressive_Symptoms_Frequency_Feelings_of_Worthlessness pred:Text ""Feeling bad about yourself or that you are a failure or have let yourself or your family down"" .
:QDepressive_Symptoms_Frequency_Concentration_Difficulties pred:Text ""Trouble concentrating on things, such as reading the newspaper or watching television"" .
:QDepressive_Symptoms_Frequency_Psychomotor_Changes pred:Text ""Moving or speaking so slowly that other people could have noticed. Or the opposite — being so fidgety or restless that you have been moving around a lot more than usual"" .
:QDepressive_Symptoms_Frequency_Suicidal_Thoughts pred:Text ""Thoughts that you would be better off dead, or of hurting yourself"" .

# Responses
:Respondent97 pred:Year_of_birth 2003.0 ;
     pred:Gender 2.0 ;
     pred:Socio_economic_status 3.0 ;
     pred:Ethnic_identity 6.0 .

:Respondent97_Parental_Education
                       pred:Father 17.0 ;
                       pred:Mother 17.0 .
:Respondent97 pred:hasGroupResponse :Respondent97_Parental_Education .

:Respondent97 pred:Life_satisfaction 7.0 ;
     pred:Happiness 5.0 ;
     pred:Laughter 4.0 ;
     pred:Learning 7.0 ;
     pred:Enjoyment 5.0 ;
     pred:Worry 1.0 ;
     pred:Depression 1.0 ;
     pred:Anger 2.0 ;
     pred:Stress 4.0 ;
     pred:Loneliness 7.0 .

:Respondent97_Emotional_Regulation_Frequency
                                   pred:Upset_by_Unexpected_Events 3.0 ;
                                   pred:Unable_to_Control_Important_Things 1.0 ;
                                   pred:Lacked_Confidence_Handling_Problems 3.0 ;
                                   pred:Unable_to_Cope 2.0 ;
                                   pred:Irritated_by_Life 3.0 ;
                                   pred:On_Top_of_Things 3.0 .
:Respondent97 pred:hasGroupResponse :Respondent97_Emotional_Regulation_Frequency .

:Respondent97_Anxiety_Symptoms_Frequency
                               pred:Feeling_Nervous_or_On_Edge 1.0 ;
                               pred:Trouble_Relaxing 1.0 ;
                               pred:Restlessness 0.0 ;
                               pred:Irritability 3.0 ;
                               pred:Fear_Something_Awful_Might_Happen 0.0 .
:Respondent97 pred:hasGroupResponse :Respondent97_Anxiety_Symptoms_Frequency .

:Respondent97_Depressive_Symptoms_Frequency
                                  pred:Anhedonia 0.0 ;
                                  pred:Sleep_Problems 1.0 ;
                                  pred:Fatigue 1.0 ;
                                  pred:Appetite_Changes 1.0 ;
                                  pred:Feelings_of_Worthlessness 0.0 ;
                                  pred:Concentration_Difficulties 0.0 ;
                                  pred:Suicidal_Thoughts 0.0 .
:Respondent97 pred:hasGroupResponse :Respondent97_Depressive_Symptoms_Frequency .

:Respondent103 pred:Year_of_birth 2004.0 ;
     pred:Gender 2.0 ;
     pred:Socio_economic_status 5.0 ;
     pred:Ethnic_identity 6.0 .

:Respondent103_Parental_Education
                       pred:Father 16.0 ;
                       pred:Mother 16.0 .
:Respondent103 pred:hasGroupResponse :Respondent103_Parental_Education .

:Respondent103 pred:Life_satisfaction 8.0 ;
     pred:Happiness 6.0 ;
     pred:Laughter 7.0 ;
     pred:Learning 7.0 ;
     pred:Enjoyment 8.0 ;
     pred:Worry 1.0 ;
     pred:Depression 1.0 ;
     pred:Anger 3.0 ;
     pred:Stress 3.0 ;
     pred:Loneliness 3.0 .

:Respondent103_Emotional_Regulation_Frequency
                                   pred:Upset_by_Unexpected_Events 3.0 ;
                                   pred:Unable_to_Control_Important_Things 1.0 ;
                                   pred:Lacked_Confidence_Handling_Problems 3.0 ;
                                   pred:Unable_to_Cope 2.0 ;
                                   pred:Irritated_by_Life 3.0 ;
                                   pred:On_Top_of_Things 2.0 .
:Respondent103 pred:hasGroupResponse :Respondent103_Emotional_Regulation_Frequency .

:Respondent103_Anxiety_Symptoms_Frequency
                               pred:Feeling_Nervous_or_On_Edge 3.0 ;
                               pred:Trouble_Relaxing 1.0 ;
                               pred:Restlessness 2.0 ;
                               pred:Irritability 2.0 ;
                               pred:Fear_Something_Awful_Might_Happen 3.0 .
:Respondent103 pred:hasGroupResponse :Respondent103_Anxiety_Symptoms_Frequency .

:Respondent103_Depressive_Symptoms_Frequency
                                  pred:Anhedonia 1.0 ;
                                  pred:Sleep_Problems 0.0 ;
                                  pred:Fatigue 1.0 ;
                                  pred:Appetite_Changes 1.0 ;
                                  pred:Feelings_of_Worthlessness 0.0 ;
                                  pred:Concentration_Difficulties 1.0 ;
                                  pred:Suicidal_Thoughts 0.0 .
:Respondent103 pred:hasGroupResponse :Respondent103_Depressive_Symptoms_Frequency .

:Respondent15 pred:Year_of_birth 1998.0 ;
     pred:Gender 2.0 ;
     pred:Socio_economic_status 2.0 ;
     pred:Ethnic_identity 6.0 .

:Respondent15_Parental_Education
                       pred:Father 15.0 ;
                       pred:Mother 5.0 .
:Respondent15 pred:hasGroupResponse :Respondent15_Parental_Education .

:Respondent15 pred:Life_satisfaction 6.0 ;
     pred:Happiness 8.0 ;
     pred:Laughter 3.0 ;
     pred:Learning 8.0 ;
     pred:Enjoyment 4.0 ;
     pred:Worry 1.0 ;
     pred:Depression 0.0 ;
     pred:Anger 2.0 ;
     pred:Stress 2.0 ;
     pred:Loneliness 7.0 .

:Respondent15_Emotional_Regulation_Frequency
                                   pred:Upset_by_Unexpected_Events 4.0 ;
                                   pred:Unable_to_Control_Important_Things 2.0 ;
                                   pred:Lacked_Confidence_Handling_Problems 2.0 ;
                                   pred:Unable_to_Cope 1.0 ;
                                   pred:Irritated_by_Life 2.0 ;
                                   pred:On_Top_of_Things 3.0 .
:Respondent15 pred:hasGroupResponse :Respondent15_Emotional_Regulation_Frequency .

:Respondent15_Anxiety_Symptoms_Frequency
                               pred:Feeling_Nervous_or_On_Edge 1.0 ;
                               pred:Trouble_Relaxing 1.0 ;
                               pred:Restlessness 0.0 ;
                               pred:Irritability 1.0 ;
                               pred:Fear_Something_Awful_Might_Happen 1.0 .
:Respondent15 pred:hasGroupResponse :Respondent15_Anxiety_Symptoms_Frequency .

:Respondent15_Depressive_Symptoms_Frequency
                                  pred:Anhedonia 0.0 ;
                                  pred:Sleep_Problems 0.0 ;
                                  pred:Fatigue 1.0 ;
                                  pred:Appetite_Changes 1.0 ;
                                  pred:Feelings_of_Worthlessness 1.0 ;
                                  pred:Concentration_Difficulties 1.0 ;
                                  pred:Suicidal_Thoughts 0.0 .
:Respondent15 pred:hasGroupResponse :Respondent15_Depressive_Symptoms_Frequency .

You are a meticulous data analyst AI. Your primary function is to accurately analyze structured data and provide precise, verifiable answers.

You will be given a dataset with two key parts:

A 'questions' section: This is your data dictionary or schema. It is the single source of truth for understanding what each field and score means. Refer to it carefully.

A 'responses' section: This contains the raw data from each individual respondent.

To answer the question correctly, you must first use the 'questions' schema to fully understand the context and meaning of the data points within the 'responses'. Do not rely on any prior knowledge outside of this provided data. Base your entire analysis on the information given.

Provide your final answer directly and concisely. Output must be the human-readable value, not an option code.

Rules:
- For MCQ fields, map any letter codes in the Responses (case-insensitive) to the corresponding option text from the Questions schema, and output only that text. Do NOT include the letter or both.
  Example: If the schema is ""[MCQ: A. Abnormal B. Inconclusive C. Normal]"" and the response is ""a"", output ""Abnormal"".
- For open-ended fields, output the exact text value.
- If the question asks for a count, provide only the number (e.g., ""42"").
- If the question asks for a list of names or IDs, provide a simple comma-separated list (e.g., ""17, 21, 23"").
- Preserve capitalization exactly as in the schema (e.g., output ""Abnormal"", not ""abnormal"" or ""A"").

What is the enjoyment for respondent 103?",,
case_43,answer_lookup,What is the laughter for respondent 62?,"@prefix : <http://example.org/survey#> .
@prefix pred: <http://example.org/predicate#> .
@prefix qg: <http://example.org/question_group#> .

# Questions
:QYear_of_birth pred:Text ""What is your date of birth? [Open-ended]"" .
:QGender pred:Text ""What is your gender? [MCQ: 1. Male 2. Female]"" .
:QSocio_economic_status pred:Text ""What is the socio-economic status of your home? [Likert 1–6: 1 = Very low, 6 = Very high]"" .
:QEthnic_identity pred:Text ""According to your culture, people, or physical features, you are or are recognized as: [MCQ: 1. Indigenous 2. Gypsy 3. Raizal from San Andres, Providencia and Santa Catalina Archipelago 4. Palenquero from San Basilio 5. Black, mulatto (Afro-descendant), Afro-Colombian 6. None of the above]"" .

:QGParental_Education pred:BaseQuestion ""How many years of education did your parents receive? [Open-ended]"" ;
    qg:hasSubQuestion :QParental_Education_Father, :QParental_Education_Mother .
:QParental_Education_Father pred:Text ""Father?"" .
:QParental_Education_Mother pred:Text ""Mother?"" .

:QLife_satisfaction pred:Text ""In general, how satisfied are you with all aspects of your life? [Likert 0–10: 0 = Not satisfied, 10 = Totally satisfied]"" .
:QHappiness pred:Text ""How happy did you feel yesterday? [Likert 0–10: 0 = At no time, 10 = All the time]"" .
:QLaughter pred:Text ""How much did you laugh yesterday? [Likert 0–10: 0 = At no time, 10 = All the time]"" .
:QLearning pred:Text ""Did you learn new or exciting things yesterday? [Likert 0–10: 0 = At no time, 10 = All the time]"" .
:QEnjoyment pred:Text ""How much did you enjoy the activities you did yesterday? [Likert 0–10: 0 = At no time, 10 = All the time]"" .
:QWorry pred:Text ""How worried did you feel yesterday? [Likert 0–10: 0 = At no time, 10 = All the time]"" .
:QDepression pred:Text ""How depressed did you feel yesterday? [Likert 0–10: 0 = At no time, 10 = All the time]"" .
:QAnger pred:Text ""How angry did you feel yesterday? [Likert 0–10: 0 = At no time, 10 = All the time]"" .
:QStress pred:Text ""How much stress did you feel yesterday? [Likert 0–10: 0 = At no time, 10 = All the time]"" .
:QLoneliness pred:Text ""How lonely or unsupported did you feel yesterday? [Likert 0–10: 0 = At no time, 10 = All the time]"" .

:QGEmotional_Regulation_Frequency pred:BaseQuestion ""Next, you will be asked questions about your emotional state. Please answer on a scale of 0 to 4, where 0 is never, 1 is 'almost never', 2 is 'sometimes', 3 is 'fairly often', and 4 is 'very often', how often you experienced the following feelings during the last month: [Likert 0–4]"" ;
    qg:hasSubQuestion :QEmotional_Regulation_Frequency_Upset_by_Unexpected_Events,
                      :QEmotional_Regulation_Frequency_Unable_to_Control_Important_Things,
                      :QEmotional_Regulation_Frequency_Nervous_and_Stressed,
                      :QEmotional_Regulation_Frequency_Lacked_Confidence_Handling_Problems,
                      :QEmotional_Regulation_Frequency_Things_Going_Your_Way,
                      :QEmotional_Regulation_Frequency_Unable_to_Cope,
                      :QEmotional_Regulation_Frequency_Irritated_by_Life,
                      :QEmotional_Regulation_Frequency_On_Top_of_Things,
                      :QEmotional_Regulation_Frequency_Angered_by_Uncontrollable_Events,
                      :QEmotional_Regulation_Frequency_Felt_Overwhelmed .

:QEmotional_Regulation_Frequency_Upset_by_Unexpected_Events pred:Text ""how often have you been upset because of something that happened unexpectedly?"" .
:QEmotional_Regulation_Frequency_Unable_to_Control_Important_Things pred:Text ""how often have you felt that you were unable to control the important things in your life?"" .
:QEmotional_Regulation_Frequency_Nervous_and_Stressed pred:Text ""how often have you felt nervous and stressed?"" .
:QEmotional_Regulation_Frequency_Lacked_Confidence_Handling_Problems pred:Text ""how often have you felt confident about your ability to handle your personal problems?"" .
:QEmotional_Regulation_Frequency_Things_Going_Your_Way pred:Text ""how often have you felt that things were going your way?"" .
:QEmotional_Regulation_Frequency_Unable_to_Cope pred:Text ""how often have you found that you could not cope with all the things that you had to do?"" .
:QEmotional_Regulation_Frequency_Irritated_by_Life pred:Text ""how often have you been able to control irritations in your life?"" .
:QEmotional_Regulation_Frequency_On_Top_of_Things pred:Text ""how often have you felt that you were on top of things?"" .
:QEmotional_Regulation_Frequency_Angered_by_Uncontrollable_Events pred:Text ""how often have you been angered because of things that happened that were outside of your control?"" .
:QEmotional_Regulation_Frequency_Felt_Overwhelmed pred:Text ""how often have you felt difficulties were piling up so high that you could not overcome them?"" .

:QGAnxiety_Symptoms_Frequency pred:BaseQuestion ""Next, you will be asked questions about your emotional state. Please answer on a scale of 0 to 3, where 0 is 'Not at all', 1 is 'several days', 2 is 'more than half of the days', and 3 is 'Nearly every day'. Over the last two weeks, how often have you been bothered by the following problems? [Likert 0–3]"" ;
    qg:hasSubQuestion :QAnxiety_Symptoms_Frequency_Feeling_Nervous_or_On_Edge,
                      :QAnxiety_Symptoms_Frequency_Uncontrollable_Worrying,
                      :QAnxiety_Symptoms_Frequency_Excessive_Worry,
                      :QAnxiety_Symptoms_Frequency_Trouble_Relaxing,
                      :QAnxiety_Symptoms_Frequency_Restlessness,
                      :QAnxiety_Symptoms_Frequency_Irritability,
                      :QAnxiety_Symptoms_Frequency_Fear_Something_Awful_Might_Happen .

:QAnxiety_Symptoms_Frequency_Feeling_Nervous_or_On_Edge pred:Text ""Feeling nervous, anxious, or on edge"" .
:QAnxiety_Symptoms_Frequency_Uncontrollable_Worrying pred:Text ""Not being able to stop or control worrying"" .
:QAnxiety_Symptoms_Frequency_Excessive_Worry pred:Text ""Worrying too much about different things"" .
:QAnxiety_Symptoms_Frequency_Trouble_Relaxing pred:Text ""Trouble relaxing"" .
:QAnxiety_Symptoms_Frequency_Restlessness pred:Text ""Being so restless that it is hard to sit still"" .
:QAnxiety_Symptoms_Frequency_Irritability pred:Text ""Becoming easily annoyed or irritable"" .
:QAnxiety_Symptoms_Frequency_Fear_Something_Awful_Might_Happen pred:Text ""Feeling afraid, as if something awful might happen"" .

:QGDepressive_Symptoms_Frequency pred:BaseQuestion ""Next, you will be asked questions about your emotional state. Please answer on a scale of 0 to 3, where 0 is 'Not at all', 1 is 'several days', 2 is 'more than half of the days', and 3 is 'Nearly every day'. Over the last two weeks, how often have you been bothered by the following problems?"" ;
    qg:hasSubQuestion :QDepressive_Symptoms_Frequency_Anhedonia,
                      :QDepressive_Symptoms_Frequency_Depressed_Mood,
                      :QDepressive_Symptoms_Frequency_Sleep_Problems,
                      :QDepressive_Symptoms_Frequency_Fatigue,
                      :QDepressive_Symptoms_Frequency_Appetite_Changes,
                      :QDepressive_Symptoms_Frequency_Feelings_of_Worthlessness,
                      :QDepressive_Symptoms_Frequency_Concentration_Difficulties,
                      :QDepressive_Symptoms_Frequency_Psychomotor_Changes,
                      :QDepressive_Symptoms_Frequency_Suicidal_Thoughts .

:QDepressive_Symptoms_Frequency_Anhedonia pred:Text ""Little interest or pleasure in doing things"" .
:QDepressive_Symptoms_Frequency_Depressed_Mood pred:Text ""Feeling down, depressed, or hopeless"" .
:QDepressive_Symptoms_Frequency_Sleep_Problems pred:Text ""Trouble falling or staying asleep, or sleeping too much"" .
:QDepressive_Symptoms_Frequency_Fatigue pred:Text ""Feeling tired or having little energy"" .
:QDepressive_Symptoms_Frequency_Appetite_Changes pred:Text ""Poor appetite or overeating"" .
:QDepressive_Symptoms_Frequency_Feelings_of_Worthlessness pred:Text ""Feeling bad about yourself or that you are a failure or have let yourself or your family down"" .
:QDepressive_Symptoms_Frequency_Concentration_Difficulties pred:Text ""Trouble concentrating on things, such as reading the newspaper or watching television"" .
:QDepressive_Symptoms_Frequency_Psychomotor_Changes pred:Text ""Moving or speaking so slowly that other people could have noticed. Or the opposite — being so fidgety or restless that you have been moving around a lot more than usual"" .
:QDepressive_Symptoms_Frequency_Suicidal_Thoughts pred:Text ""Thoughts that you would be better off dead, or of hurting yourself"" .

# Responses
:Respondent73 pred:Year_of_birth 2005.0 ;
     pred:Gender 2.0 ;
     pred:Socio_economic_status 2.0 ;
     pred:Ethnic_identity 6.0 .

:Respondent73_Parental_Education
                       pred:Father 25.0 ;
                       pred:Mother 15.0 .
:Respondent73 pred:hasGroupResponse :Respondent73_Parental_Education .

:Respondent73 pred:Life_satisfaction 8.0 ;
     pred:Happiness 5.0 ;
     pred:Laughter 4.0 ;
     pred:Learning 5.0 ;
     pred:Enjoyment 5.0 ;
     pred:Worry 2.0 ;
     pred:Depression 1.0 ;
     pred:Anger 2.0 ;
     pred:Stress 4.0 ;
     pred:Loneliness 6.0 .

:Respondent73_Emotional_Regulation_Frequency
                                   pred:Upset_by_Unexpected_Events 2.0 ;
                                   pred:Unable_to_Control_Important_Things 2.0 ;
                                   pred:Lacked_Confidence_Handling_Problems 2.0 ;
                                   pred:Unable_to_Cope 2.0 ;
                                   pred:Irritated_by_Life 2.0 ;
                                   pred:On_Top_of_Things 2.0 .
:Respondent73 pred:hasGroupResponse :Respondent73_Emotional_Regulation_Frequency .

:Respondent73_Anxiety_Symptoms_Frequency
                               pred:Feeling_Nervous_or_On_Edge 2.0 ;
                               pred:Trouble_Relaxing 1.0 ;
                               pred:Restlessness 1.0 ;
                               pred:Irritability 2.0 ;
                               pred:Fear_Something_Awful_Might_Happen 2.0 .
:Respondent73 pred:hasGroupResponse :Respondent73_Anxiety_Symptoms_Frequency .

:Respondent73_Depressive_Symptoms_Frequency
                                  pred:Anhedonia 1.0 ;
                                  pred:Sleep_Problems 2.0 ;
                                  pred:Fatigue 1.0 ;
                                  pred:Appetite_Changes 1.0 ;
                                  pred:Feelings_of_Worthlessness 1.0 ;
                                  pred:Concentration_Difficulties 1.0 ;
                                  pred:Suicidal_Thoughts 0.0 .
:Respondent73 pred:hasGroupResponse :Respondent73_Depressive_Symptoms_Frequency .

:Respondent119 pred:Year_of_birth 2004.0 ;
     pred:Gender 1.0 ;
     pred:Socio_economic_status 1.0 ;
     pred:Ethnic_identity 6.0 .

:Respondent119 pred:Life_satisfaction 4.0 ;
     pred:Happiness 8.0 ;
     pred:Laughter 8.0 ;
     pred:Learning 8.0 ;
     pred:Enjoyment 8.0 ;
     pred:Worry 1.0 ;
     pred:Depression 1.0 ;
     pred:Anger 2.0 ;
     pred:Stress 2.0 ;
     pred:Loneliness 2.0 .

:Respondent119_Emotional_Regulation_Frequency
                                   pred:Upset_by_Unexpected_Events 2.0 ;
                                   pred:Unable_to_Control_Important_Things 2.0 ;
                                   pred:Lacked_Confidence_Handling_Problems 2.0 ;
                                   pred:Unable_to_Cope 2.0 ;
                                   pred:Irritated_by_Life 2.0 ;
                                   pred:On_Top_of_Things 2.0 .
:Respondent119 pred:hasGroupResponse :Respondent119_Emotional_Regulation_Frequency .

:Respondent119_Anxiety_Symptoms_Frequency
                               pred:Feeling_Nervous_or_On_Edge 1.0 ;
                               pred:Trouble_Relaxing 1.0 ;
                               pred:Restlessness 1.0 ;
                               pred:Irritability 1.0 ;
                               pred:Fear_Something_Awful_Might_Happen 1.0 .
:Respondent119 pred:hasGroupResponse :Respondent119_Anxiety_Symptoms_Frequency .

:Respondent119_Depressive_Symptoms_Frequency
                                  pred:Anhedonia 1.0 ;
                                  pred:Sleep_Problems 1.0 ;
                                  pred:Fatigue 1.0 ;
                                  pred:Appetite_Changes 0.0 ;
                                  pred:Feelings_of_Worthlessness 1.0 ;
                                  pred:Concentration_Difficulties 0.0 ;
                                  pred:Suicidal_Thoughts 0.0 .
:Respondent119 pred:hasGroupResponse :Respondent119_Depressive_Symptoms_Frequency .

:Respondent62 pred:Year_of_birth 2005.0 ;
     pred:Gender 1.0 ;
     pred:Socio_economic_status 3.0 ;
     pred:Ethnic_identity 6.0 .

:Respondent62 pred:Life_satisfaction 7.0 ;
     pred:Happiness 9.0 ;
     pred:Laughter 8.0 ;
     pred:Learning 9.0 ;
     pred:Enjoyment 7.0 ;
     pred:Worry 1.0 ;
     pred:Depression 0.0 ;
     pred:Anger 1.0 ;
     pred:Stress 2.0 ;
     pred:Loneliness 0.0 .

:Respondent62_Emotional_Regulation_Frequency
                                   pred:Upset_by_Unexpected_Events 2.0 ;
                                   pred:Unable_to_Control_Important_Things 2.0 ;
                                   pred:Lacked_Confidence_Handling_Problems 3.0 ;
                                   pred:Unable_to_Cope 2.0 ;
                                   pred:Irritated_by_Life 3.0 ;
                                   pred:On_Top_of_Things 2.0 .
:Respondent62 pred:hasGroupResponse :Respondent62_Emotional_Regulation_Frequency .

:Respondent62_Anxiety_Symptoms_Frequency
                               pred:Feeling_Nervous_or_On_Edge 1.0 ;
                               pred:Trouble_Relaxing 1.0 ;
                               pred:Restlessness 0.0 ;
                               pred:Irritability 1.0 ;
                               pred:Fear_Something_Awful_Might_Happen 1.0 .
:Respondent62 pred:hasGroupResponse :Respondent62_Anxiety_Symptoms_Frequency .

:Respondent62_Depressive_Symptoms_Frequency
                                  pred:Anhedonia 1.0 ;
                                  pred:Sleep_Problems 1.0 ;
                                  pred:Fatigue 1.0 ;
                                  pred:Appetite_Changes 0.0 ;
                                  pred:Feelings_of_Worthlessness 0.0 ;
                                  pred:Concentration_Difficulties 1.0 ;
                                  pred:Suicidal_Thoughts 0.0 .
:Respondent62 pred:hasGroupResponse :Respondent62_Depressive_Symptoms_Frequency .
",8.0,"For respondent 129, what is the value for 'Appetite Changes' in the 'Depressive Symptoms Frequency' category?

DATA:

@prefix : <http://example.org/survey#> .
@prefix pred: <http://example.org/predicate#> .
@prefix qg: <http://example.org/question_group#> .

# Questions
:QYear_of_birth pred:Text ""What is your date of birth? [Open-ended]"" .
:QGender pred:Text ""What is your gender? [MCQ: 1. Male 2. Female]"" .
:QSocio_economic_status pred:Text ""What is the socio-economic status of your home? [Likert 1–6: 1 = Very low, 6 = Very high]"" .
:QEthnic_identity pred:Text ""According to your culture, people, or physical features, you are or are recognized as: [MCQ: 1. Indigenous 2. Gypsy 3. Raizal from San Andres, Providencia and Santa Catalina Archipelago 4. Palenquero from San Basilio 5. Black, mulatto (Afro-descendant), Afro-Colombian 6. None of the above]"" .

:QGParental_Education pred:BaseQuestion ""How many years of education did your parents receive? [Open-ended]"" ;
    qg:hasSubQuestion :QParental_Education_Father, :QParental_Education_Mother .
:QParental_Education_Father pred:Text ""Father?"" .
:QParental_Education_Mother pred:Text ""Mother?"" .

:QLife_satisfaction pred:Text ""In general, how satisfied are you with all aspects of your life? [Likert 0–10: 0 = Not satisfied, 10 = Totally satisfied]"" .
:QHappiness pred:Text ""How happy did you feel yesterday? [Likert 0–10: 0 = At no time, 10 = All the time]"" .
:QLaughter pred:Text ""How much did you laugh yesterday? [Likert 0–10: 0 = At no time, 10 = All the time]"" .
:QLearning pred:Text ""Did you learn new or exciting things yesterday? [Likert 0–10: 0 = At no time, 10 = All the time]"" .
:QEnjoyment pred:Text ""How much did you enjoy the activities you did yesterday? [Likert 0–10: 0 = At no time, 10 = All the time]"" .
:QWorry pred:Text ""How worried did you feel yesterday? [Likert 0–10: 0 = At no time, 10 = All the time]"" .
:QDepression pred:Text ""How depressed did you feel yesterday? [Likert 0–10: 0 = At no time, 10 = All the time]"" .
:QAnger pred:Text ""How angry did you feel yesterday? [Likert 0–10: 0 = At no time, 10 = All the time]"" .
:QStress pred:Text ""How much stress did you feel yesterday? [Likert 0–10: 0 = At no time, 10 = All the time]"" .
:QLoneliness pred:Text ""How lonely or unsupported did you feel yesterday? [Likert 0–10: 0 = At no time, 10 = All the time]"" .

:QGEmotional_Regulation_Frequency pred:BaseQuestion ""Next, you will be asked questions about your emotional state. Please answer on a scale of 0 to 4, where 0 is never, 1 is 'almost never', 2 is 'sometimes', 3 is 'fairly often', and 4 is 'very often', how often you experienced the following feelings during the last month: [Likert 0–4]"" ;
    qg:hasSubQuestion :QEmotional_Regulation_Frequency_Upset_by_Unexpected_Events,
                      :QEmotional_Regulation_Frequency_Unable_to_Control_Important_Things,
                      :QEmotional_Regulation_Frequency_Nervous_and_Stressed,
                      :QEmotional_Regulation_Frequency_Lacked_Confidence_Handling_Problems,
                      :QEmotional_Regulation_Frequency_Things_Going_Your_Way,
                      :QEmotional_Regulation_Frequency_Unable_to_Cope,
                      :QEmotional_Regulation_Frequency_Irritated_by_Life,
                      :QEmotional_Regulation_Frequency_On_Top_of_Things,
                      :QEmotional_Regulation_Frequency_Angered_by_Uncontrollable_Events,
                      :QEmotional_Regulation_Frequency_Felt_Overwhelmed .

:QEmotional_Regulation_Frequency_Upset_by_Unexpected_Events pred:Text ""how often have you been upset because of something that happened unexpectedly?"" .
:QEmotional_Regulation_Frequency_Unable_to_Control_Important_Things pred:Text ""how often have you felt that you were unable to control the important things in your life?"" .
:QEmotional_Regulation_Frequency_Nervous_and_Stressed pred:Text ""how often have you felt nervous and stressed?"" .
:QEmotional_Regulation_Frequency_Lacked_Confidence_Handling_Problems pred:Text ""how often have you felt confident about your ability to handle your personal problems?"" .
:QEmotional_Regulation_Frequency_Things_Going_Your_Way pred:Text ""how often have you felt that things were going your way?"" .
:QEmotional_Regulation_Frequency_Unable_to_Cope pred:Text ""how often have you found that you could not cope with all the things that you had to do?"" .
:QEmotional_Regulation_Frequency_Irritated_by_Life pred:Text ""how often have you been able to control irritations in your life?"" .
:QEmotional_Regulation_Frequency_On_Top_of_Things pred:Text ""how often have you felt that you were on top of things?"" .
:QEmotional_Regulation_Frequency_Angered_by_Uncontrollable_Events pred:Text ""how often have you been angered because of things that happened that were outside of your control?"" .
:QEmotional_Regulation_Frequency_Felt_Overwhelmed pred:Text ""how often have you felt difficulties were piling up so high that you could not overcome them?"" .

:QGAnxiety_Symptoms_Frequency pred:BaseQuestion ""Next, you will be asked questions about your emotional state. Please answer on a scale of 0 to 3, where 0 is 'Not at all', 1 is 'several days', 2 is 'more than half of the days', and 3 is 'Nearly every day'. Over the last two weeks, how often have you been bothered by the following problems? [Likert 0–3]"" ;
    qg:hasSubQuestion :QAnxiety_Symptoms_Frequency_Feeling_Nervous_or_On_Edge,
                      :QAnxiety_Symptoms_Frequency_Uncontrollable_Worrying,
                      :QAnxiety_Symptoms_Frequency_Excessive_Worry,
                      :QAnxiety_Symptoms_Frequency_Trouble_Relaxing,
                      :QAnxiety_Symptoms_Frequency_Restlessness,
                      :QAnxiety_Symptoms_Frequency_Irritability,
                      :QAnxiety_Symptoms_Frequency_Fear_Something_Awful_Might_Happen .

:QAnxiety_Symptoms_Frequency_Feeling_Nervous_or_On_Edge pred:Text ""Feeling nervous, anxious, or on edge"" .
:QAnxiety_Symptoms_Frequency_Uncontrollable_Worrying pred:Text ""Not being able to stop or control worrying"" .
:QAnxiety_Symptoms_Frequency_Excessive_Worry pred:Text ""Worrying too much about different things"" .
:QAnxiety_Symptoms_Frequency_Trouble_Relaxing pred:Text ""Trouble relaxing"" .
:QAnxiety_Symptoms_Frequency_Restlessness pred:Text ""Being so restless that it is hard to sit still"" .
:QAnxiety_Symptoms_Frequency_Irritability pred:Text ""Becoming easily annoyed or irritable"" .
:QAnxiety_Symptoms_Frequency_Fear_Something_Awful_Might_Happen pred:Text ""Feeling afraid, as if something awful might happen"" .

:QGDepressive_Symptoms_Frequency pred:BaseQuestion ""Next, you will be asked questions about your emotional state. Please answer on a scale of 0 to 3, where 0 is 'Not at all', 1 is 'several days', 2 is 'more than half of the days', and 3 is 'Nearly every day'. Over the last two weeks, how often have you been bothered by the following problems?"" ;
    qg:hasSubQuestion :QDepressive_Symptoms_Frequency_Anhedonia,
                      :QDepressive_Symptoms_Frequency_Depressed_Mood,
                      :QDepressive_Symptoms_Frequency_Sleep_Problems,
                      :QDepressive_Symptoms_Frequency_Fatigue,
                      :QDepressive_Symptoms_Frequency_Appetite_Changes,
                      :QDepressive_Symptoms_Frequency_Feelings_of_Worthlessness,
                      :QDepressive_Symptoms_Frequency_Concentration_Difficulties,
                      :QDepressive_Symptoms_Frequency_Psychomotor_Changes,
                      :QDepressive_Symptoms_Frequency_Suicidal_Thoughts .

:QDepressive_Symptoms_Frequency_Anhedonia pred:Text ""Little interest or pleasure in doing things"" .
:QDepressive_Symptoms_Frequency_Depressed_Mood pred:Text ""Feeling down, depressed, or hopeless"" .
:QDepressive_Symptoms_Frequency_Sleep_Problems pred:Text ""Trouble falling or staying asleep, or sleeping too much"" .
:QDepressive_Symptoms_Frequency_Fatigue pred:Text ""Feeling tired or having little energy"" .
:QDepressive_Symptoms_Frequency_Appetite_Changes pred:Text ""Poor appetite or overeating"" .
:QDepressive_Symptoms_Frequency_Feelings_of_Worthlessness pred:Text ""Feeling bad about yourself or that you are a failure or have let yourself or your family down"" .
:QDepressive_Symptoms_Frequency_Concentration_Difficulties pred:Text ""Trouble concentrating on things, such as reading the newspaper or watching television"" .
:QDepressive_Symptoms_Frequency_Psychomotor_Changes pred:Text ""Moving or speaking so slowly that other people could have noticed. Or the opposite — being so fidgety or restless that you have been moving around a lot more than usual"" .
:QDepressive_Symptoms_Frequency_Suicidal_Thoughts pred:Text ""Thoughts that you would be better off dead, or of hurting yourself"" .

# Responses
:Respondent73 pred:Year_of_birth 2005.0 ;
     pred:Gender 2.0 ;
     pred:Socio_economic_status 2.0 ;
     pred:Ethnic_identity 6.0 .

:Respondent73_Parental_Education
                       pred:Father 25.0 ;
                       pred:Mother 15.0 .
:Respondent73 pred:hasGroupResponse :Respondent73_Parental_Education .

:Respondent73 pred:Life_satisfaction 8.0 ;
     pred:Happiness 5.0 ;
     pred:Laughter 4.0 ;
     pred:Learning 5.0 ;
     pred:Enjoyment 5.0 ;
     pred:Worry 2.0 ;
     pred:Depression 1.0 ;
     pred:Anger 2.0 ;
     pred:Stress 4.0 ;
     pred:Loneliness 6.0 .

:Respondent73_Emotional_Regulation_Frequency
                                   pred:Upset_by_Unexpected_Events 2.0 ;
                                   pred:Unable_to_Control_Important_Things 2.0 ;
                                   pred:Lacked_Confidence_Handling_Problems 2.0 ;
                                   pred:Unable_to_Cope 2.0 ;
                                   pred:Irritated_by_Life 2.0 ;
                                   pred:On_Top_of_Things 2.0 .
:Respondent73 pred:hasGroupResponse :Respondent73_Emotional_Regulation_Frequency .

:Respondent73_Anxiety_Symptoms_Frequency
                               pred:Feeling_Nervous_or_On_Edge 2.0 ;
                               pred:Trouble_Relaxing 1.0 ;
                               pred:Restlessness 1.0 ;
                               pred:Irritability 2.0 ;
                               pred:Fear_Something_Awful_Might_Happen 2.0 .
:Respondent73 pred:hasGroupResponse :Respondent73_Anxiety_Symptoms_Frequency .

:Respondent73_Depressive_Symptoms_Frequency
                                  pred:Anhedonia 1.0 ;
                                  pred:Sleep_Problems 2.0 ;
                                  pred:Fatigue 1.0 ;
                                  pred:Appetite_Changes 1.0 ;
                                  pred:Feelings_of_Worthlessness 1.0 ;
                                  pred:Concentration_Difficulties 1.0 ;
                                  pred:Suicidal_Thoughts 0.0 .
:Respondent73 pred:hasGroupResponse :Respondent73_Depressive_Symptoms_Frequency .

:Respondent85 pred:Year_of_birth 2004.0 ;
     pred:Gender 2.0 ;
     pred:Socio_economic_status 3.0 ;
     pred:Ethnic_identity 6.0 .

:Respondent85_Parental_Education
                       pred:Father 18.0 .
:Respondent85 pred:hasGroupResponse :Respondent85_Parental_Education .

:Respondent85 pred:Life_satisfaction 5.0 ;
     pred:Happiness 6.0 ;
     pred:Laughter 6.0 ;
     pred:Learning 8.0 ;
     pred:Enjoyment 5.0 ;
     pred:Worry 1.0 ;
     pred:Depression 1.0 ;
     pred:Anger 2.0 ;
     pred:Stress 4.0 ;
     pred:Loneliness 1.0 .

:Respondent85_Emotional_Regulation_Frequency
                                   pred:Upset_by_Unexpected_Events 2.0 ;
                                   pred:Unable_to_Control_Important_Things 3.0 ;
                                   pred:Lacked_Confidence_Handling_Problems 2.0 ;
                                   pred:Unable_to_Cope 3.0 ;
                                   pred:Irritated_by_Life 3.0 ;
                                   pred:On_Top_of_Things 2.0 .
:Respondent85 pred:hasGroupResponse :Respondent85_Emotional_Regulation_Frequency .

:Respondent85_Anxiety_Symptoms_Frequency
                               pred:Feeling_Nervous_or_On_Edge 1.0 ;
                               pred:Trouble_Relaxing 1.0 ;
                               pred:Restlessness 0.0 ;
                               pred:Irritability 1.0 ;
                               pred:Fear_Something_Awful_Might_Happen 1.0 .
:Respondent85 pred:hasGroupResponse :Respondent85_Anxiety_Symptoms_Frequency .

:Respondent85_Depressive_Symptoms_Frequency
                                  pred:Anhedonia 2.0 ;
                                  pred:Sleep_Problems 2.0 ;
                                  pred:Fatigue 3.0 ;
                                  pred:Appetite_Changes 3.0 ;
                                  pred:Feelings_of_Worthlessness 1.0 ;
                                  pred:Concentration_Difficulties 1.0 ;
                                  pred:Suicidal_Thoughts 0.0 .
:Respondent85 pred:hasGroupResponse :Respondent85_Depressive_Symptoms_Frequency .

:Respondent129 pred:Year_of_birth 2001.0 ;
     pred:Gender 2.0 ;
     pred:Socio_economic_status 3.0 ;
     pred:Ethnic_identity 6.0 .

:Respondent129_Parental_Education
                       pred:Father 13.0 ;
                       pred:Mother 13.0 .
:Respondent129 pred:hasGroupResponse :Respondent129_Parental_Education .

:Respondent129 pred:Life_satisfaction 8.0 ;
     pred:Happiness 9.0 ;
     pred:Laughter 6.0 ;
     pred:Learning 5.0 ;
     pred:Enjoyment 6.0 ;
     pred:Worry 1.0 ;
     pred:Depression 1.0 ;
     pred:Anger 1.0 ;
     pred:Stress 3.0 ;
     pred:Loneliness 0.0 .

:Respondent129_Emotional_Regulation_Frequency
                                   pred:Upset_by_Unexpected_Events 1.0 ;
                                   pred:Unable_to_Control_Important_Things 1.0 ;
                                   pred:Lacked_Confidence_Handling_Problems 3.0 ;
                                   pred:Unable_to_Cope 2.0 ;
                                   pred:Irritated_by_Life 3.0 ;
                                   pred:On_Top_of_Things 2.0 .
:Respondent129 pred:hasGroupResponse :Respondent129_Emotional_Regulation_Frequency .

:Respondent129_Anxiety_Symptoms_Frequency
                               pred:Feeling_Nervous_or_On_Edge 1.0 ;
                               pred:Trouble_Relaxing 1.0 ;
                               pred:Restlessness 0.0 ;
                               pred:Irritability 0.0 ;
                               pred:Fear_Something_Awful_Might_Happen 0.0 .
:Respondent129 pred:hasGroupResponse :Respondent129_Anxiety_Symptoms_Frequency .

:Respondent129_Depressive_Symptoms_Frequency
                                  pred:Anhedonia 1.0 ;
                                  pred:Sleep_Problems 1.0 ;
                                  pred:Fatigue 2.0 ;
                                  pred:Appetite_Changes 2.0 ;
                                  pred:Feelings_of_Worthlessness 0.0 ;
                                  pred:Concentration_Difficulties 2.0 ;
                                  pred:Suicidal_Thoughts 0.0 .
:Respondent129 pred:hasGroupResponse :Respondent129_Depressive_Symptoms_Frequency .

Answer: 2.0

@prefix : <http://example.org/survey#> .
@prefix pred: <http://example.org/predicate#> .
@prefix qg: <http://example.org/question_group#> .

# Questions
:QYear_of_birth pred:Text ""What is your date of birth? [Open-ended]"" .
:QGender pred:Text ""What is your gender? [MCQ: 1. Male 2. Female]"" .
:QSocio_economic_status pred:Text ""What is the socio-economic status of your home? [Likert 1–6: 1 = Very low, 6 = Very high]"" .
:QEthnic_identity pred:Text ""According to your culture, people, or physical features, you are or are recognized as: [MCQ: 1. Indigenous 2. Gypsy 3. Raizal from San Andres, Providencia and Santa Catalina Archipelago 4. Palenquero from San Basilio 5. Black, mulatto (Afro-descendant), Afro-Colombian 6. None of the above]"" .

:QGParental_Education pred:BaseQuestion ""How many years of education did your parents receive? [Open-ended]"" ;
    qg:hasSubQuestion :QParental_Education_Father, :QParental_Education_Mother .
:QParental_Education_Father pred:Text ""Father?"" .
:QParental_Education_Mother pred:Text ""Mother?"" .

:QLife_satisfaction pred:Text ""In general, how satisfied are you with all aspects of your life? [Likert 0–10: 0 = Not satisfied, 10 = Totally satisfied]"" .
:QHappiness pred:Text ""How happy did you feel yesterday? [Likert 0–10: 0 = At no time, 10 = All the time]"" .
:QLaughter pred:Text ""How much did you laugh yesterday? [Likert 0–10: 0 = At no time, 10 = All the time]"" .
:QLearning pred:Text ""Did you learn new or exciting things yesterday? [Likert 0–10: 0 = At no time, 10 = All the time]"" .
:QEnjoyment pred:Text ""How much did you enjoy the activities you did yesterday? [Likert 0–10: 0 = At no time, 10 = All the time]"" .
:QWorry pred:Text ""How worried did you feel yesterday? [Likert 0–10: 0 = At no time, 10 = All the time]"" .
:QDepression pred:Text ""How depressed did you feel yesterday? [Likert 0–10: 0 = At no time, 10 = All the time]"" .
:QAnger pred:Text ""How angry did you feel yesterday? [Likert 0–10: 0 = At no time, 10 = All the time]"" .
:QStress pred:Text ""How much stress did you feel yesterday? [Likert 0–10: 0 = At no time, 10 = All the time]"" .
:QLoneliness pred:Text ""How lonely or unsupported did you feel yesterday? [Likert 0–10: 0 = At no time, 10 = All the time]"" .

:QGEmotional_Regulation_Frequency pred:BaseQuestion ""Next, you will be asked questions about your emotional state. Please answer on a scale of 0 to 4, where 0 is never, 1 is 'almost never', 2 is 'sometimes', 3 is 'fairly often', and 4 is 'very often', how often you experienced the following feelings during the last month: [Likert 0–4]"" ;
    qg:hasSubQuestion :QEmotional_Regulation_Frequency_Upset_by_Unexpected_Events,
                      :QEmotional_Regulation_Frequency_Unable_to_Control_Important_Things,
                      :QEmotional_Regulation_Frequency_Nervous_and_Stressed,
                      :QEmotional_Regulation_Frequency_Lacked_Confidence_Handling_Problems,
                      :QEmotional_Regulation_Frequency_Things_Going_Your_Way,
                      :QEmotional_Regulation_Frequency_Unable_to_Cope,
                      :QEmotional_Regulation_Frequency_Irritated_by_Life,
                      :QEmotional_Regulation_Frequency_On_Top_of_Things,
                      :QEmotional_Regulation_Frequency_Angered_by_Uncontrollable_Events,
                      :QEmotional_Regulation_Frequency_Felt_Overwhelmed .

:QEmotional_Regulation_Frequency_Upset_by_Unexpected_Events pred:Text ""how often have you been upset because of something that happened unexpectedly?"" .
:QEmotional_Regulation_Frequency_Unable_to_Control_Important_Things pred:Text ""how often have you felt that you were unable to control the important things in your life?"" .
:QEmotional_Regulation_Frequency_Nervous_and_Stressed pred:Text ""how often have you felt nervous and stressed?"" .
:QEmotional_Regulation_Frequency_Lacked_Confidence_Handling_Problems pred:Text ""how often have you felt confident about your ability to handle your personal problems?"" .
:QEmotional_Regulation_Frequency_Things_Going_Your_Way pred:Text ""how often have you felt that things were going your way?"" .
:QEmotional_Regulation_Frequency_Unable_to_Cope pred:Text ""how often have you found that you could not cope with all the things that you had to do?"" .
:QEmotional_Regulation_Frequency_Irritated_by_Life pred:Text ""how often have you been able to control irritations in your life?"" .
:QEmotional_Regulation_Frequency_On_Top_of_Things pred:Text ""how often have you felt that you were on top of things?"" .
:QEmotional_Regulation_Frequency_Angered_by_Uncontrollable_Events pred:Text ""how often have you been angered because of things that happened that were outside of your control?"" .
:QEmotional_Regulation_Frequency_Felt_Overwhelmed pred:Text ""how often have you felt difficulties were piling up so high that you could not overcome them?"" .

:QGAnxiety_Symptoms_Frequency pred:BaseQuestion ""Next, you will be asked questions about your emotional state. Please answer on a scale of 0 to 3, where 0 is 'Not at all', 1 is 'several days', 2 is 'more than half of the days', and 3 is 'Nearly every day'. Over the last two weeks, how often have you been bothered by the following problems? [Likert 0–3]"" ;
    qg:hasSubQuestion :QAnxiety_Symptoms_Frequency_Feeling_Nervous_or_On_Edge,
                      :QAnxiety_Symptoms_Frequency_Uncontrollable_Worrying,
                      :QAnxiety_Symptoms_Frequency_Excessive_Worry,
                      :QAnxiety_Symptoms_Frequency_Trouble_Relaxing,
                      :QAnxiety_Symptoms_Frequency_Restlessness,
                      :QAnxiety_Symptoms_Frequency_Irritability,
                      :QAnxiety_Symptoms_Frequency_Fear_Something_Awful_Might_Happen .

:QAnxiety_Symptoms_Frequency_Feeling_Nervous_or_On_Edge pred:Text ""Feeling nervous, anxious, or on edge"" .
:QAnxiety_Symptoms_Frequency_Uncontrollable_Worrying pred:Text ""Not being able to stop or control worrying"" .
:QAnxiety_Symptoms_Frequency_Excessive_Worry pred:Text ""Worrying too much about different things"" .
:QAnxiety_Symptoms_Frequency_Trouble_Relaxing pred:Text ""Trouble relaxing"" .
:QAnxiety_Symptoms_Frequency_Restlessness pred:Text ""Being so restless that it is hard to sit still"" .
:QAnxiety_Symptoms_Frequency_Irritability pred:Text ""Becoming easily annoyed or irritable"" .
:QAnxiety_Symptoms_Frequency_Fear_Something_Awful_Might_Happen pred:Text ""Feeling afraid, as if something awful might happen"" .

:QGDepressive_Symptoms_Frequency pred:BaseQuestion ""Next, you will be asked questions about your emotional state. Please answer on a scale of 0 to 3, where 0 is 'Not at all', 1 is 'several days', 2 is 'more than half of the days', and 3 is 'Nearly every day'. Over the last two weeks, how often have you been bothered by the following problems?"" ;
    qg:hasSubQuestion :QDepressive_Symptoms_Frequency_Anhedonia,
                      :QDepressive_Symptoms_Frequency_Depressed_Mood,
                      :QDepressive_Symptoms_Frequency_Sleep_Problems,
                      :QDepressive_Symptoms_Frequency_Fatigue,
                      :QDepressive_Symptoms_Frequency_Appetite_Changes,
                      :QDepressive_Symptoms_Frequency_Feelings_of_Worthlessness,
                      :QDepressive_Symptoms_Frequency_Concentration_Difficulties,
                      :QDepressive_Symptoms_Frequency_Psychomotor_Changes,
                      :QDepressive_Symptoms_Frequency_Suicidal_Thoughts .

:QDepressive_Symptoms_Frequency_Anhedonia pred:Text ""Little interest or pleasure in doing things"" .
:QDepressive_Symptoms_Frequency_Depressed_Mood pred:Text ""Feeling down, depressed, or hopeless"" .
:QDepressive_Symptoms_Frequency_Sleep_Problems pred:Text ""Trouble falling or staying asleep, or sleeping too much"" .
:QDepressive_Symptoms_Frequency_Fatigue pred:Text ""Feeling tired or having little energy"" .
:QDepressive_Symptoms_Frequency_Appetite_Changes pred:Text ""Poor appetite or overeating"" .
:QDepressive_Symptoms_Frequency_Feelings_of_Worthlessness pred:Text ""Feeling bad about yourself or that you are a failure or have let yourself or your family down"" .
:QDepressive_Symptoms_Frequency_Concentration_Difficulties pred:Text ""Trouble concentrating on things, such as reading the newspaper or watching television"" .
:QDepressive_Symptoms_Frequency_Psychomotor_Changes pred:Text ""Moving or speaking so slowly that other people could have noticed. Or the opposite — being so fidgety or restless that you have been moving around a lot more than usual"" .
:QDepressive_Symptoms_Frequency_Suicidal_Thoughts pred:Text ""Thoughts that you would be better off dead, or of hurting yourself"" .

# Responses
:Respondent73 pred:Year_of_birth 2005.0 ;
     pred:Gender 2.0 ;
     pred:Socio_economic_status 2.0 ;
     pred:Ethnic_identity 6.0 .

:Respondent73_Parental_Education
                       pred:Father 25.0 ;
                       pred:Mother 15.0 .
:Respondent73 pred:hasGroupResponse :Respondent73_Parental_Education .

:Respondent73 pred:Life_satisfaction 8.0 ;
     pred:Happiness 5.0 ;
     pred:Laughter 4.0 ;
     pred:Learning 5.0 ;
     pred:Enjoyment 5.0 ;
     pred:Worry 2.0 ;
     pred:Depression 1.0 ;
     pred:Anger 2.0 ;
     pred:Stress 4.0 ;
     pred:Loneliness 6.0 .

:Respondent73_Emotional_Regulation_Frequency
                                   pred:Upset_by_Unexpected_Events 2.0 ;
                                   pred:Unable_to_Control_Important_Things 2.0 ;
                                   pred:Lacked_Confidence_Handling_Problems 2.0 ;
                                   pred:Unable_to_Cope 2.0 ;
                                   pred:Irritated_by_Life 2.0 ;
                                   pred:On_Top_of_Things 2.0 .
:Respondent73 pred:hasGroupResponse :Respondent73_Emotional_Regulation_Frequency .

:Respondent73_Anxiety_Symptoms_Frequency
                               pred:Feeling_Nervous_or_On_Edge 2.0 ;
                               pred:Trouble_Relaxing 1.0 ;
                               pred:Restlessness 1.0 ;
                               pred:Irritability 2.0 ;
                               pred:Fear_Something_Awful_Might_Happen 2.0 .
:Respondent73 pred:hasGroupResponse :Respondent73_Anxiety_Symptoms_Frequency .

:Respondent73_Depressive_Symptoms_Frequency
                                  pred:Anhedonia 1.0 ;
                                  pred:Sleep_Problems 2.0 ;
                                  pred:Fatigue 1.0 ;
                                  pred:Appetite_Changes 1.0 ;
                                  pred:Feelings_of_Worthlessness 1.0 ;
                                  pred:Concentration_Difficulties 1.0 ;
                                  pred:Suicidal_Thoughts 0.0 .
:Respondent73 pred:hasGroupResponse :Respondent73_Depressive_Symptoms_Frequency .

:Respondent119 pred:Year_of_birth 2004.0 ;
     pred:Gender 1.0 ;
     pred:Socio_economic_status 1.0 ;
     pred:Ethnic_identity 6.0 .

:Respondent119 pred:Life_satisfaction 4.0 ;
     pred:Happiness 8.0 ;
     pred:Laughter 8.0 ;
     pred:Learning 8.0 ;
     pred:Enjoyment 8.0 ;
     pred:Worry 1.0 ;
     pred:Depression 1.0 ;
     pred:Anger 2.0 ;
     pred:Stress 2.0 ;
     pred:Loneliness 2.0 .

:Respondent119_Emotional_Regulation_Frequency
                                   pred:Upset_by_Unexpected_Events 2.0 ;
                                   pred:Unable_to_Control_Important_Things 2.0 ;
                                   pred:Lacked_Confidence_Handling_Problems 2.0 ;
                                   pred:Unable_to_Cope 2.0 ;
                                   pred:Irritated_by_Life 2.0 ;
                                   pred:On_Top_of_Things 2.0 .
:Respondent119 pred:hasGroupResponse :Respondent119_Emotional_Regulation_Frequency .

:Respondent119_Anxiety_Symptoms_Frequency
                               pred:Feeling_Nervous_or_On_Edge 1.0 ;
                               pred:Trouble_Relaxing 1.0 ;
                               pred:Restlessness 1.0 ;
                               pred:Irritability 1.0 ;
                               pred:Fear_Something_Awful_Might_Happen 1.0 .
:Respondent119 pred:hasGroupResponse :Respondent119_Anxiety_Symptoms_Frequency .

:Respondent119_Depressive_Symptoms_Frequency
                                  pred:Anhedonia 1.0 ;
                                  pred:Sleep_Problems 1.0 ;
                                  pred:Fatigue 1.0 ;
                                  pred:Appetite_Changes 0.0 ;
                                  pred:Feelings_of_Worthlessness 1.0 ;
                                  pred:Concentration_Difficulties 0.0 ;
                                  pred:Suicidal_Thoughts 0.0 .
:Respondent119 pred:hasGroupResponse :Respondent119_Depressive_Symptoms_Frequency .

:Respondent62 pred:Year_of_birth 2005.0 ;
     pred:Gender 1.0 ;
     pred:Socio_economic_status 3.0 ;
     pred:Ethnic_identity 6.0 .

:Respondent62 pred:Life_satisfaction 7.0 ;
     pred:Happiness 9.0 ;
     pred:Laughter 8.0 ;
     pred:Learning 9.0 ;
     pred:Enjoyment 7.0 ;
     pred:Worry 1.0 ;
     pred:Depression 0.0 ;
     pred:Anger 1.0 ;
     pred:Stress 2.0 ;
     pred:Loneliness 0.0 .

:Respondent62_Emotional_Regulation_Frequency
                                   pred:Upset_by_Unexpected_Events 2.0 ;
                                   pred:Unable_to_Control_Important_Things 2.0 ;
                                   pred:Lacked_Confidence_Handling_Problems 3.0 ;
                                   pred:Unable_to_Cope 2.0 ;
                                   pred:Irritated_by_Life 3.0 ;
                                   pred:On_Top_of_Things 2.0 .
:Respondent62 pred:hasGroupResponse :Respondent62_Emotional_Regulation_Frequency .

:Respondent62_Anxiety_Symptoms_Frequency
                               pred:Feeling_Nervous_or_On_Edge 1.0 ;
                               pred:Trouble_Relaxing 1.0 ;
                               pred:Restlessness 0.0 ;
                               pred:Irritability 1.0 ;
                               pred:Fear_Something_Awful_Might_Happen 1.0 .
:Respondent62 pred:hasGroupResponse :Respondent62_Anxiety_Symptoms_Frequency .

:Respondent62_Depressive_Symptoms_Frequency
                                  pred:Anhedonia 1.0 ;
                                  pred:Sleep_Problems 1.0 ;
                                  pred:Fatigue 1.0 ;
                                  pred:Appetite_Changes 0.0 ;
                                  pred:Feelings_of_Worthlessness 0.0 ;
                                  pred:Concentration_Difficulties 1.0 ;
                                  pred:Suicidal_Thoughts 0.0 .
:Respondent62 pred:hasGroupResponse :Respondent62_Depressive_Symptoms_Frequency .

You are a meticulous data analyst AI. Your primary function is to accurately analyze structured data and provide precise, verifiable answers.

You will be given a dataset with two key parts:

A 'questions' section: This is your data dictionary or schema. It is the single source of truth for understanding what each field and score means. Refer to it carefully.

A 'responses' section: This contains the raw data from each individual respondent.

To answer the question correctly, you must first use the 'questions' schema to fully understand the context and meaning of the data points within the 'responses'. Do not rely on any prior knowledge outside of this provided data. Base your entire analysis on the information given.

Provide your final answer directly and concisely. Output must be the human-readable value, not an option code.

Rules:
- For MCQ fields, map any letter codes in the Responses (case-insensitive) to the corresponding option text from the Questions schema, and output only that text. Do NOT include the letter or both.
  Example: If the schema is ""[MCQ: A. Abnormal B. Inconclusive C. Normal]"" and the response is ""a"", output ""Abnormal"".
- For open-ended fields, output the exact text value.
- If the question asks for a count, provide only the number (e.g., ""42"").
- If the question asks for a list of names or IDs, provide a simple comma-separated list (e.g., ""17, 21, 23"").
- Preserve capitalization exactly as in the schema (e.g., output ""Abnormal"", not ""abnormal"" or ""A"").

What is the laughter for respondent 62?",,
case_44,answer_lookup,"For respondent 128, what is the value for 'Lacked Confidence Handling Problems' in the 'Emotional Regulation Frequency' category?","@prefix : <http://example.org/survey#> .
@prefix pred: <http://example.org/predicate#> .
@prefix qg: <http://example.org/question_group#> .

# Questions
:QYear_of_birth pred:Text ""What is your date of birth? [Open-ended]"" .
:QGender pred:Text ""What is your gender? [MCQ: 1. Male 2. Female]"" .
:QSocio_economic_status pred:Text ""What is the socio-economic status of your home? [Likert 1–6: 1 = Very low, 6 = Very high]"" .
:QEthnic_identity pred:Text ""According to your culture, people, or physical features, you are or are recognized as: [MCQ: 1. Indigenous 2. Gypsy 3. Raizal from San Andres, Providencia and Santa Catalina Archipelago 4. Palenquero from San Basilio 5. Black, mulatto (Afro-descendant), Afro-Colombian 6. None of the above]"" .

:QGParental_Education pred:BaseQuestion ""How many years of education did your parents receive? [Open-ended]"" ;
    qg:hasSubQuestion :QParental_Education_Father, :QParental_Education_Mother .
:QParental_Education_Father pred:Text ""Father?"" .
:QParental_Education_Mother pred:Text ""Mother?"" .

:QLife_satisfaction pred:Text ""In general, how satisfied are you with all aspects of your life? [Likert 0–10: 0 = Not satisfied, 10 = Totally satisfied]"" .
:QHappiness pred:Text ""How happy did you feel yesterday? [Likert 0–10: 0 = At no time, 10 = All the time]"" .
:QLaughter pred:Text ""How much did you laugh yesterday? [Likert 0–10: 0 = At no time, 10 = All the time]"" .
:QLearning pred:Text ""Did you learn new or exciting things yesterday? [Likert 0–10: 0 = At no time, 10 = All the time]"" .
:QEnjoyment pred:Text ""How much did you enjoy the activities you did yesterday? [Likert 0–10: 0 = At no time, 10 = All the time]"" .
:QWorry pred:Text ""How worried did you feel yesterday? [Likert 0–10: 0 = At no time, 10 = All the time]"" .
:QDepression pred:Text ""How depressed did you feel yesterday? [Likert 0–10: 0 = At no time, 10 = All the time]"" .
:QAnger pred:Text ""How angry did you feel yesterday? [Likert 0–10: 0 = At no time, 10 = All the time]"" .
:QStress pred:Text ""How much stress did you feel yesterday? [Likert 0–10: 0 = At no time, 10 = All the time]"" .
:QLoneliness pred:Text ""How lonely or unsupported did you feel yesterday? [Likert 0–10: 0 = At no time, 10 = All the time]"" .

:QGEmotional_Regulation_Frequency pred:BaseQuestion ""Next, you will be asked questions about your emotional state. Please answer on a scale of 0 to 4, where 0 is never, 1 is 'almost never', 2 is 'sometimes', 3 is 'fairly often', and 4 is 'very often', how often you experienced the following feelings during the last month: [Likert 0–4]"" ;
    qg:hasSubQuestion :QEmotional_Regulation_Frequency_Upset_by_Unexpected_Events,
                      :QEmotional_Regulation_Frequency_Unable_to_Control_Important_Things,
                      :QEmotional_Regulation_Frequency_Nervous_and_Stressed,
                      :QEmotional_Regulation_Frequency_Lacked_Confidence_Handling_Problems,
                      :QEmotional_Regulation_Frequency_Things_Going_Your_Way,
                      :QEmotional_Regulation_Frequency_Unable_to_Cope,
                      :QEmotional_Regulation_Frequency_Irritated_by_Life,
                      :QEmotional_Regulation_Frequency_On_Top_of_Things,
                      :QEmotional_Regulation_Frequency_Angered_by_Uncontrollable_Events,
                      :QEmotional_Regulation_Frequency_Felt_Overwhelmed .

:QEmotional_Regulation_Frequency_Upset_by_Unexpected_Events pred:Text ""how often have you been upset because of something that happened unexpectedly?"" .
:QEmotional_Regulation_Frequency_Unable_to_Control_Important_Things pred:Text ""how often have you felt that you were unable to control the important things in your life?"" .
:QEmotional_Regulation_Frequency_Nervous_and_Stressed pred:Text ""how often have you felt nervous and stressed?"" .
:QEmotional_Regulation_Frequency_Lacked_Confidence_Handling_Problems pred:Text ""how often have you felt confident about your ability to handle your personal problems?"" .
:QEmotional_Regulation_Frequency_Things_Going_Your_Way pred:Text ""how often have you felt that things were going your way?"" .
:QEmotional_Regulation_Frequency_Unable_to_Cope pred:Text ""how often have you found that you could not cope with all the things that you had to do?"" .
:QEmotional_Regulation_Frequency_Irritated_by_Life pred:Text ""how often have you been able to control irritations in your life?"" .
:QEmotional_Regulation_Frequency_On_Top_of_Things pred:Text ""how often have you felt that you were on top of things?"" .
:QEmotional_Regulation_Frequency_Angered_by_Uncontrollable_Events pred:Text ""how often have you been angered because of things that happened that were outside of your control?"" .
:QEmotional_Regulation_Frequency_Felt_Overwhelmed pred:Text ""how often have you felt difficulties were piling up so high that you could not overcome them?"" .

:QGAnxiety_Symptoms_Frequency pred:BaseQuestion ""Next, you will be asked questions about your emotional state. Please answer on a scale of 0 to 3, where 0 is 'Not at all', 1 is 'several days', 2 is 'more than half of the days', and 3 is 'Nearly every day'. Over the last two weeks, how often have you been bothered by the following problems? [Likert 0–3]"" ;
    qg:hasSubQuestion :QAnxiety_Symptoms_Frequency_Feeling_Nervous_or_On_Edge,
                      :QAnxiety_Symptoms_Frequency_Uncontrollable_Worrying,
                      :QAnxiety_Symptoms_Frequency_Excessive_Worry,
                      :QAnxiety_Symptoms_Frequency_Trouble_Relaxing,
                      :QAnxiety_Symptoms_Frequency_Restlessness,
                      :QAnxiety_Symptoms_Frequency_Irritability,
                      :QAnxiety_Symptoms_Frequency_Fear_Something_Awful_Might_Happen .

:QAnxiety_Symptoms_Frequency_Feeling_Nervous_or_On_Edge pred:Text ""Feeling nervous, anxious, or on edge"" .
:QAnxiety_Symptoms_Frequency_Uncontrollable_Worrying pred:Text ""Not being able to stop or control worrying"" .
:QAnxiety_Symptoms_Frequency_Excessive_Worry pred:Text ""Worrying too much about different things"" .
:QAnxiety_Symptoms_Frequency_Trouble_Relaxing pred:Text ""Trouble relaxing"" .
:QAnxiety_Symptoms_Frequency_Restlessness pred:Text ""Being so restless that it is hard to sit still"" .
:QAnxiety_Symptoms_Frequency_Irritability pred:Text ""Becoming easily annoyed or irritable"" .
:QAnxiety_Symptoms_Frequency_Fear_Something_Awful_Might_Happen pred:Text ""Feeling afraid, as if something awful might happen"" .

:QGDepressive_Symptoms_Frequency pred:BaseQuestion ""Next, you will be asked questions about your emotional state. Please answer on a scale of 0 to 3, where 0 is 'Not at all', 1 is 'several days', 2 is 'more than half of the days', and 3 is 'Nearly every day'. Over the last two weeks, how often have you been bothered by the following problems?"" ;
    qg:hasSubQuestion :QDepressive_Symptoms_Frequency_Anhedonia,
                      :QDepressive_Symptoms_Frequency_Depressed_Mood,
                      :QDepressive_Symptoms_Frequency_Sleep_Problems,
                      :QDepressive_Symptoms_Frequency_Fatigue,
                      :QDepressive_Symptoms_Frequency_Appetite_Changes,
                      :QDepressive_Symptoms_Frequency_Feelings_of_Worthlessness,
                      :QDepressive_Symptoms_Frequency_Concentration_Difficulties,
                      :QDepressive_Symptoms_Frequency_Psychomotor_Changes,
                      :QDepressive_Symptoms_Frequency_Suicidal_Thoughts .

:QDepressive_Symptoms_Frequency_Anhedonia pred:Text ""Little interest or pleasure in doing things"" .
:QDepressive_Symptoms_Frequency_Depressed_Mood pred:Text ""Feeling down, depressed, or hopeless"" .
:QDepressive_Symptoms_Frequency_Sleep_Problems pred:Text ""Trouble falling or staying asleep, or sleeping too much"" .
:QDepressive_Symptoms_Frequency_Fatigue pred:Text ""Feeling tired or having little energy"" .
:QDepressive_Symptoms_Frequency_Appetite_Changes pred:Text ""Poor appetite or overeating"" .
:QDepressive_Symptoms_Frequency_Feelings_of_Worthlessness pred:Text ""Feeling bad about yourself or that you are a failure or have let yourself or your family down"" .
:QDepressive_Symptoms_Frequency_Concentration_Difficulties pred:Text ""Trouble concentrating on things, such as reading the newspaper or watching television"" .
:QDepressive_Symptoms_Frequency_Psychomotor_Changes pred:Text ""Moving or speaking so slowly that other people could have noticed. Or the opposite — being so fidgety or restless that you have been moving around a lot more than usual"" .
:QDepressive_Symptoms_Frequency_Suicidal_Thoughts pred:Text ""Thoughts that you would be better off dead, or of hurting yourself"" .

# Responses
:Respondent128 pred:Year_of_birth 2001.0 ;
     pred:Gender 1.0 ;
     pred:Socio_economic_status 3.0 ;
     pred:Ethnic_identity 6.0 .

:Respondent128_Parental_Education
                       pred:Father 11.0 ;
                       pred:Mother 11.0 .
:Respondent128 pred:hasGroupResponse :Respondent128_Parental_Education .

:Respondent128 pred:Life_satisfaction 5.0 ;
     pred:Happiness 0.0 ;
     pred:Laughter 6.0 ;
     pred:Learning 3.0 ;
     pred:Enjoyment 1.0 ;
     pred:Worry 1.0 ;
     pred:Depression 1.0 ;
     pred:Anger 3.0 ;
     pred:Stress 3.0 ;
     pred:Loneliness 3.0 .

:Respondent128_Emotional_Regulation_Frequency
                                   pred:Upset_by_Unexpected_Events 2.0 ;
                                   pred:Unable_to_Control_Important_Things 3.0 ;
                                   pred:Lacked_Confidence_Handling_Problems 2.0 ;
                                   pred:Unable_to_Cope 3.0 ;
                                   pred:Irritated_by_Life 2.0 ;
                                   pred:On_Top_of_Things 1.0 .
:Respondent128 pred:hasGroupResponse :Respondent128_Emotional_Regulation_Frequency .

:Respondent128_Anxiety_Symptoms_Frequency
                               pred:Feeling_Nervous_or_On_Edge 1.0 ;
                               pred:Trouble_Relaxing 1.0 ;
                               pred:Restlessness 0.0 ;
                               pred:Irritability 1.0 ;
                               pred:Fear_Something_Awful_Might_Happen 1.0 .
:Respondent128 pred:hasGroupResponse :Respondent128_Anxiety_Symptoms_Frequency .

:Respondent128_Depressive_Symptoms_Frequency
                                  pred:Anhedonia 1.0 ;
                                  pred:Sleep_Problems 2.0 ;
                                  pred:Fatigue 2.0 ;
                                  pred:Appetite_Changes 1.0 ;
                                  pred:Feelings_of_Worthlessness 3.0 ;
                                  pred:Concentration_Difficulties 0.0 ;
                                  pred:Suicidal_Thoughts 0.0 .
:Respondent128 pred:hasGroupResponse :Respondent128_Depressive_Symptoms_Frequency .

:Respondent140 pred:Year_of_birth 2003.0 ;
     pred:Gender 2.0 ;
     pred:Socio_economic_status 4.0 ;
     pred:Ethnic_identity 6.0 .

:Respondent140_Parental_Education
                       pred:Father 18.0 ;
                       pred:Mother 11.0 .
:Respondent140 pred:hasGroupResponse :Respondent140_Parental_Education .

:Respondent140 pred:Life_satisfaction 5.0 ;
     pred:Happiness 1.0 ;
     pred:Laughter 0.0 ;
     pred:Learning 7.0 ;
     pred:Enjoyment 5.0 ;
     pred:Worry 0.0 ;
     pred:Depression 3.0 ;
     pred:Anger 4.0 ;
     pred:Stress 3.0 ;
     pred:Loneliness 10.0 .

:Respondent140_Emotional_Regulation_Frequency
                                   pred:Upset_by_Unexpected_Events 4.0 ;
                                   pred:Unable_to_Control_Important_Things 2.0 ;
                                   pred:Lacked_Confidence_Handling_Problems 3.0 ;
                                   pred:Unable_to_Cope 1.0 ;
                                   pred:Irritated_by_Life 3.0 ;
                                   pred:On_Top_of_Things 4.0 .
:Respondent140 pred:hasGroupResponse :Respondent140_Emotional_Regulation_Frequency .

:Respondent140_Anxiety_Symptoms_Frequency
                               pred:Feeling_Nervous_or_On_Edge 3.0 ;
                               pred:Trouble_Relaxing 3.0 ;
                               pred:Restlessness 3.0 ;
                               pred:Irritability 2.0 ;
                               pred:Fear_Something_Awful_Might_Happen 3.0 .
:Respondent140 pred:hasGroupResponse :Respondent140_Anxiety_Symptoms_Frequency .

:Respondent140_Depressive_Symptoms_Frequency
                                  pred:Anhedonia 0.0 ;
                                  pred:Sleep_Problems 3.0 ;
                                  pred:Fatigue 2.0 ;
                                  pred:Appetite_Changes 3.0 ;
                                  pred:Feelings_of_Worthlessness 0.0 ;
                                  pred:Concentration_Difficulties 0.0 ;
                                  pred:Suicidal_Thoughts 2.0 .
:Respondent140 pred:hasGroupResponse :Respondent140_Depressive_Symptoms_Frequency .

:Respondent141 pred:Year_of_birth 2001.0 ;
     pred:Gender 2.0 ;
     pred:Socio_economic_status 2.0 ;
     pred:Ethnic_identity 6.0 .

:Respondent141_Parental_Education
                       pred:Father 12.0 ;
                       pred:Mother 12.0 .
:Respondent141 pred:hasGroupResponse :Respondent141_Parental_Education .

:Respondent141 pred:Life_satisfaction 4.0 ;
     pred:Happiness 5.0 ;
     pred:Laughter 3.0 ;
     pred:Learning 7.0 ;
     pred:Enjoyment 7.0 ;
     pred:Worry 2.0 ;
     pred:Depression 2.0 ;
     pred:Anger 4.0 ;
     pred:Stress 4.0 ;
     pred:Loneliness 8.0 .

:Respondent141_Emotional_Regulation_Frequency
                                   pred:Upset_by_Unexpected_Events 3.0 ;
                                   pred:Unable_to_Control_Important_Things 4.0 ;
                                   pred:Lacked_Confidence_Handling_Problems 2.0 ;
                                   pred:Unable_to_Cope 2.0 ;
                                   pred:Irritated_by_Life 2.0 ;
                                   pred:On_Top_of_Things 2.0 .
:Respondent141 pred:hasGroupResponse :Respondent141_Emotional_Regulation_Frequency .

:Respondent141_Anxiety_Symptoms_Frequency
                               pred:Feeling_Nervous_or_On_Edge 1.0 ;
                               pred:Trouble_Relaxing 0.0 ;
                               pred:Restlessness 0.0 ;
                               pred:Irritability 3.0 ;
                               pred:Fear_Something_Awful_Might_Happen 1.0 .
:Respondent141 pred:hasGroupResponse :Respondent141_Anxiety_Symptoms_Frequency .

:Respondent141_Depressive_Symptoms_Frequency
                                  pred:Anhedonia 3.0 ;
                                  pred:Sleep_Problems 2.0 ;
                                  pred:Fatigue 0.0 ;
                                  pred:Appetite_Changes 1.0 ;
                                  pred:Feelings_of_Worthlessness 2.0 ;
                                  pred:Concentration_Difficulties 2.0 ;
                                  pred:Suicidal_Thoughts 1.0 .
:Respondent141 pred:hasGroupResponse :Respondent141_Depressive_Symptoms_Frequency .
",2.0,"For respondent 129, what is the value for 'Appetite Changes' in the 'Depressive Symptoms Frequency' category?

DATA:

@prefix : <http://example.org/survey#> .
@prefix pred: <http://example.org/predicate#> .
@prefix qg: <http://example.org/question_group#> .

# Questions
:QYear_of_birth pred:Text ""What is your date of birth? [Open-ended]"" .
:QGender pred:Text ""What is your gender? [MCQ: 1. Male 2. Female]"" .
:QSocio_economic_status pred:Text ""What is the socio-economic status of your home? [Likert 1–6: 1 = Very low, 6 = Very high]"" .
:QEthnic_identity pred:Text ""According to your culture, people, or physical features, you are or are recognized as: [MCQ: 1. Indigenous 2. Gypsy 3. Raizal from San Andres, Providencia and Santa Catalina Archipelago 4. Palenquero from San Basilio 5. Black, mulatto (Afro-descendant), Afro-Colombian 6. None of the above]"" .

:QGParental_Education pred:BaseQuestion ""How many years of education did your parents receive? [Open-ended]"" ;
    qg:hasSubQuestion :QParental_Education_Father, :QParental_Education_Mother .
:QParental_Education_Father pred:Text ""Father?"" .
:QParental_Education_Mother pred:Text ""Mother?"" .

:QLife_satisfaction pred:Text ""In general, how satisfied are you with all aspects of your life? [Likert 0–10: 0 = Not satisfied, 10 = Totally satisfied]"" .
:QHappiness pred:Text ""How happy did you feel yesterday? [Likert 0–10: 0 = At no time, 10 = All the time]"" .
:QLaughter pred:Text ""How much did you laugh yesterday? [Likert 0–10: 0 = At no time, 10 = All the time]"" .
:QLearning pred:Text ""Did you learn new or exciting things yesterday? [Likert 0–10: 0 = At no time, 10 = All the time]"" .
:QEnjoyment pred:Text ""How much did you enjoy the activities you did yesterday? [Likert 0–10: 0 = At no time, 10 = All the time]"" .
:QWorry pred:Text ""How worried did you feel yesterday? [Likert 0–10: 0 = At no time, 10 = All the time]"" .
:QDepression pred:Text ""How depressed did you feel yesterday? [Likert 0–10: 0 = At no time, 10 = All the time]"" .
:QAnger pred:Text ""How angry did you feel yesterday? [Likert 0–10: 0 = At no time, 10 = All the time]"" .
:QStress pred:Text ""How much stress did you feel yesterday? [Likert 0–10: 0 = At no time, 10 = All the time]"" .
:QLoneliness pred:Text ""How lonely or unsupported did you feel yesterday? [Likert 0–10: 0 = At no time, 10 = All the time]"" .

:QGEmotional_Regulation_Frequency pred:BaseQuestion ""Next, you will be asked questions about your emotional state. Please answer on a scale of 0 to 4, where 0 is never, 1 is 'almost never', 2 is 'sometimes', 3 is 'fairly often', and 4 is 'very often', how often you experienced the following feelings during the last month: [Likert 0–4]"" ;
    qg:hasSubQuestion :QEmotional_Regulation_Frequency_Upset_by_Unexpected_Events,
                      :QEmotional_Regulation_Frequency_Unable_to_Control_Important_Things,
                      :QEmotional_Regulation_Frequency_Nervous_and_Stressed,
                      :QEmotional_Regulation_Frequency_Lacked_Confidence_Handling_Problems,
                      :QEmotional_Regulation_Frequency_Things_Going_Your_Way,
                      :QEmotional_Regulation_Frequency_Unable_to_Cope,
                      :QEmotional_Regulation_Frequency_Irritated_by_Life,
                      :QEmotional_Regulation_Frequency_On_Top_of_Things,
                      :QEmotional_Regulation_Frequency_Angered_by_Uncontrollable_Events,
                      :QEmotional_Regulation_Frequency_Felt_Overwhelmed .

:QEmotional_Regulation_Frequency_Upset_by_Unexpected_Events pred:Text ""how often have you been upset because of something that happened unexpectedly?"" .
:QEmotional_Regulation_Frequency_Unable_to_Control_Important_Things pred:Text ""how often have you felt that you were unable to control the important things in your life?"" .
:QEmotional_Regulation_Frequency_Nervous_and_Stressed pred:Text ""how often have you felt nervous and stressed?"" .
:QEmotional_Regulation_Frequency_Lacked_Confidence_Handling_Problems pred:Text ""how often have you felt confident about your ability to handle your personal problems?"" .
:QEmotional_Regulation_Frequency_Things_Going_Your_Way pred:Text ""how often have you felt that things were going your way?"" .
:QEmotional_Regulation_Frequency_Unable_to_Cope pred:Text ""how often have you found that you could not cope with all the things that you had to do?"" .
:QEmotional_Regulation_Frequency_Irritated_by_Life pred:Text ""how often have you been able to control irritations in your life?"" .
:QEmotional_Regulation_Frequency_On_Top_of_Things pred:Text ""how often have you felt that you were on top of things?"" .
:QEmotional_Regulation_Frequency_Angered_by_Uncontrollable_Events pred:Text ""how often have you been angered because of things that happened that were outside of your control?"" .
:QEmotional_Regulation_Frequency_Felt_Overwhelmed pred:Text ""how often have you felt difficulties were piling up so high that you could not overcome them?"" .

:QGAnxiety_Symptoms_Frequency pred:BaseQuestion ""Next, you will be asked questions about your emotional state. Please answer on a scale of 0 to 3, where 0 is 'Not at all', 1 is 'several days', 2 is 'more than half of the days', and 3 is 'Nearly every day'. Over the last two weeks, how often have you been bothered by the following problems? [Likert 0–3]"" ;
    qg:hasSubQuestion :QAnxiety_Symptoms_Frequency_Feeling_Nervous_or_On_Edge,
                      :QAnxiety_Symptoms_Frequency_Uncontrollable_Worrying,
                      :QAnxiety_Symptoms_Frequency_Excessive_Worry,
                      :QAnxiety_Symptoms_Frequency_Trouble_Relaxing,
                      :QAnxiety_Symptoms_Frequency_Restlessness,
                      :QAnxiety_Symptoms_Frequency_Irritability,
                      :QAnxiety_Symptoms_Frequency_Fear_Something_Awful_Might_Happen .

:QAnxiety_Symptoms_Frequency_Feeling_Nervous_or_On_Edge pred:Text ""Feeling nervous, anxious, or on edge"" .
:QAnxiety_Symptoms_Frequency_Uncontrollable_Worrying pred:Text ""Not being able to stop or control worrying"" .
:QAnxiety_Symptoms_Frequency_Excessive_Worry pred:Text ""Worrying too much about different things"" .
:QAnxiety_Symptoms_Frequency_Trouble_Relaxing pred:Text ""Trouble relaxing"" .
:QAnxiety_Symptoms_Frequency_Restlessness pred:Text ""Being so restless that it is hard to sit still"" .
:QAnxiety_Symptoms_Frequency_Irritability pred:Text ""Becoming easily annoyed or irritable"" .
:QAnxiety_Symptoms_Frequency_Fear_Something_Awful_Might_Happen pred:Text ""Feeling afraid, as if something awful might happen"" .

:QGDepressive_Symptoms_Frequency pred:BaseQuestion ""Next, you will be asked questions about your emotional state. Please answer on a scale of 0 to 3, where 0 is 'Not at all', 1 is 'several days', 2 is 'more than half of the days', and 3 is 'Nearly every day'. Over the last two weeks, how often have you been bothered by the following problems?"" ;
    qg:hasSubQuestion :QDepressive_Symptoms_Frequency_Anhedonia,
                      :QDepressive_Symptoms_Frequency_Depressed_Mood,
                      :QDepressive_Symptoms_Frequency_Sleep_Problems,
                      :QDepressive_Symptoms_Frequency_Fatigue,
                      :QDepressive_Symptoms_Frequency_Appetite_Changes,
                      :QDepressive_Symptoms_Frequency_Feelings_of_Worthlessness,
                      :QDepressive_Symptoms_Frequency_Concentration_Difficulties,
                      :QDepressive_Symptoms_Frequency_Psychomotor_Changes,
                      :QDepressive_Symptoms_Frequency_Suicidal_Thoughts .

:QDepressive_Symptoms_Frequency_Anhedonia pred:Text ""Little interest or pleasure in doing things"" .
:QDepressive_Symptoms_Frequency_Depressed_Mood pred:Text ""Feeling down, depressed, or hopeless"" .
:QDepressive_Symptoms_Frequency_Sleep_Problems pred:Text ""Trouble falling or staying asleep, or sleeping too much"" .
:QDepressive_Symptoms_Frequency_Fatigue pred:Text ""Feeling tired or having little energy"" .
:QDepressive_Symptoms_Frequency_Appetite_Changes pred:Text ""Poor appetite or overeating"" .
:QDepressive_Symptoms_Frequency_Feelings_of_Worthlessness pred:Text ""Feeling bad about yourself or that you are a failure or have let yourself or your family down"" .
:QDepressive_Symptoms_Frequency_Concentration_Difficulties pred:Text ""Trouble concentrating on things, such as reading the newspaper or watching television"" .
:QDepressive_Symptoms_Frequency_Psychomotor_Changes pred:Text ""Moving or speaking so slowly that other people could have noticed. Or the opposite — being so fidgety or restless that you have been moving around a lot more than usual"" .
:QDepressive_Symptoms_Frequency_Suicidal_Thoughts pred:Text ""Thoughts that you would be better off dead, or of hurting yourself"" .

# Responses
:Respondent73 pred:Year_of_birth 2005.0 ;
     pred:Gender 2.0 ;
     pred:Socio_economic_status 2.0 ;
     pred:Ethnic_identity 6.0 .

:Respondent73_Parental_Education
                       pred:Father 25.0 ;
                       pred:Mother 15.0 .
:Respondent73 pred:hasGroupResponse :Respondent73_Parental_Education .

:Respondent73 pred:Life_satisfaction 8.0 ;
     pred:Happiness 5.0 ;
     pred:Laughter 4.0 ;
     pred:Learning 5.0 ;
     pred:Enjoyment 5.0 ;
     pred:Worry 2.0 ;
     pred:Depression 1.0 ;
     pred:Anger 2.0 ;
     pred:Stress 4.0 ;
     pred:Loneliness 6.0 .

:Respondent73_Emotional_Regulation_Frequency
                                   pred:Upset_by_Unexpected_Events 2.0 ;
                                   pred:Unable_to_Control_Important_Things 2.0 ;
                                   pred:Lacked_Confidence_Handling_Problems 2.0 ;
                                   pred:Unable_to_Cope 2.0 ;
                                   pred:Irritated_by_Life 2.0 ;
                                   pred:On_Top_of_Things 2.0 .
:Respondent73 pred:hasGroupResponse :Respondent73_Emotional_Regulation_Frequency .

:Respondent73_Anxiety_Symptoms_Frequency
                               pred:Feeling_Nervous_or_On_Edge 2.0 ;
                               pred:Trouble_Relaxing 1.0 ;
                               pred:Restlessness 1.0 ;
                               pred:Irritability 2.0 ;
                               pred:Fear_Something_Awful_Might_Happen 2.0 .
:Respondent73 pred:hasGroupResponse :Respondent73_Anxiety_Symptoms_Frequency .

:Respondent73_Depressive_Symptoms_Frequency
                                  pred:Anhedonia 1.0 ;
                                  pred:Sleep_Problems 2.0 ;
                                  pred:Fatigue 1.0 ;
                                  pred:Appetite_Changes 1.0 ;
                                  pred:Feelings_of_Worthlessness 1.0 ;
                                  pred:Concentration_Difficulties 1.0 ;
                                  pred:Suicidal_Thoughts 0.0 .
:Respondent73 pred:hasGroupResponse :Respondent73_Depressive_Symptoms_Frequency .

:Respondent85 pred:Year_of_birth 2004.0 ;
     pred:Gender 2.0 ;
     pred:Socio_economic_status 3.0 ;
     pred:Ethnic_identity 6.0 .

:Respondent85_Parental_Education
                       pred:Father 18.0 .
:Respondent85 pred:hasGroupResponse :Respondent85_Parental_Education .

:Respondent85 pred:Life_satisfaction 5.0 ;
     pred:Happiness 6.0 ;
     pred:Laughter 6.0 ;
     pred:Learning 8.0 ;
     pred:Enjoyment 5.0 ;
     pred:Worry 1.0 ;
     pred:Depression 1.0 ;
     pred:Anger 2.0 ;
     pred:Stress 4.0 ;
     pred:Loneliness 1.0 .

:Respondent85_Emotional_Regulation_Frequency
                                   pred:Upset_by_Unexpected_Events 2.0 ;
                                   pred:Unable_to_Control_Important_Things 3.0 ;
                                   pred:Lacked_Confidence_Handling_Problems 2.0 ;
                                   pred:Unable_to_Cope 3.0 ;
                                   pred:Irritated_by_Life 3.0 ;
                                   pred:On_Top_of_Things 2.0 .
:Respondent85 pred:hasGroupResponse :Respondent85_Emotional_Regulation_Frequency .

:Respondent85_Anxiety_Symptoms_Frequency
                               pred:Feeling_Nervous_or_On_Edge 1.0 ;
                               pred:Trouble_Relaxing 1.0 ;
                               pred:Restlessness 0.0 ;
                               pred:Irritability 1.0 ;
                               pred:Fear_Something_Awful_Might_Happen 1.0 .
:Respondent85 pred:hasGroupResponse :Respondent85_Anxiety_Symptoms_Frequency .

:Respondent85_Depressive_Symptoms_Frequency
                                  pred:Anhedonia 2.0 ;
                                  pred:Sleep_Problems 2.0 ;
                                  pred:Fatigue 3.0 ;
                                  pred:Appetite_Changes 3.0 ;
                                  pred:Feelings_of_Worthlessness 1.0 ;
                                  pred:Concentration_Difficulties 1.0 ;
                                  pred:Suicidal_Thoughts 0.0 .
:Respondent85 pred:hasGroupResponse :Respondent85_Depressive_Symptoms_Frequency .

:Respondent129 pred:Year_of_birth 2001.0 ;
     pred:Gender 2.0 ;
     pred:Socio_economic_status 3.0 ;
     pred:Ethnic_identity 6.0 .

:Respondent129_Parental_Education
                       pred:Father 13.0 ;
                       pred:Mother 13.0 .
:Respondent129 pred:hasGroupResponse :Respondent129_Parental_Education .

:Respondent129 pred:Life_satisfaction 8.0 ;
     pred:Happiness 9.0 ;
     pred:Laughter 6.0 ;
     pred:Learning 5.0 ;
     pred:Enjoyment 6.0 ;
     pred:Worry 1.0 ;
     pred:Depression 1.0 ;
     pred:Anger 1.0 ;
     pred:Stress 3.0 ;
     pred:Loneliness 0.0 .

:Respondent129_Emotional_Regulation_Frequency
                                   pred:Upset_by_Unexpected_Events 1.0 ;
                                   pred:Unable_to_Control_Important_Things 1.0 ;
                                   pred:Lacked_Confidence_Handling_Problems 3.0 ;
                                   pred:Unable_to_Cope 2.0 ;
                                   pred:Irritated_by_Life 3.0 ;
                                   pred:On_Top_of_Things 2.0 .
:Respondent129 pred:hasGroupResponse :Respondent129_Emotional_Regulation_Frequency .

:Respondent129_Anxiety_Symptoms_Frequency
                               pred:Feeling_Nervous_or_On_Edge 1.0 ;
                               pred:Trouble_Relaxing 1.0 ;
                               pred:Restlessness 0.0 ;
                               pred:Irritability 0.0 ;
                               pred:Fear_Something_Awful_Might_Happen 0.0 .
:Respondent129 pred:hasGroupResponse :Respondent129_Anxiety_Symptoms_Frequency .

:Respondent129_Depressive_Symptoms_Frequency
                                  pred:Anhedonia 1.0 ;
                                  pred:Sleep_Problems 1.0 ;
                                  pred:Fatigue 2.0 ;
                                  pred:Appetite_Changes 2.0 ;
                                  pred:Feelings_of_Worthlessness 0.0 ;
                                  pred:Concentration_Difficulties 2.0 ;
                                  pred:Suicidal_Thoughts 0.0 .
:Respondent129 pred:hasGroupResponse :Respondent129_Depressive_Symptoms_Frequency .

Answer: 2.0

@prefix : <http://example.org/survey#> .
@prefix pred: <http://example.org/predicate#> .
@prefix qg: <http://example.org/question_group#> .

# Questions
:QYear_of_birth pred:Text ""What is your date of birth? [Open-ended]"" .
:QGender pred:Text ""What is your gender? [MCQ: 1. Male 2. Female]"" .
:QSocio_economic_status pred:Text ""What is the socio-economic status of your home? [Likert 1–6: 1 = Very low, 6 = Very high]"" .
:QEthnic_identity pred:Text ""According to your culture, people, or physical features, you are or are recognized as: [MCQ: 1. Indigenous 2. Gypsy 3. Raizal from San Andres, Providencia and Santa Catalina Archipelago 4. Palenquero from San Basilio 5. Black, mulatto (Afro-descendant), Afro-Colombian 6. None of the above]"" .

:QGParental_Education pred:BaseQuestion ""How many years of education did your parents receive? [Open-ended]"" ;
    qg:hasSubQuestion :QParental_Education_Father, :QParental_Education_Mother .
:QParental_Education_Father pred:Text ""Father?"" .
:QParental_Education_Mother pred:Text ""Mother?"" .

:QLife_satisfaction pred:Text ""In general, how satisfied are you with all aspects of your life? [Likert 0–10: 0 = Not satisfied, 10 = Totally satisfied]"" .
:QHappiness pred:Text ""How happy did you feel yesterday? [Likert 0–10: 0 = At no time, 10 = All the time]"" .
:QLaughter pred:Text ""How much did you laugh yesterday? [Likert 0–10: 0 = At no time, 10 = All the time]"" .
:QLearning pred:Text ""Did you learn new or exciting things yesterday? [Likert 0–10: 0 = At no time, 10 = All the time]"" .
:QEnjoyment pred:Text ""How much did you enjoy the activities you did yesterday? [Likert 0–10: 0 = At no time, 10 = All the time]"" .
:QWorry pred:Text ""How worried did you feel yesterday? [Likert 0–10: 0 = At no time, 10 = All the time]"" .
:QDepression pred:Text ""How depressed did you feel yesterday? [Likert 0–10: 0 = At no time, 10 = All the time]"" .
:QAnger pred:Text ""How angry did you feel yesterday? [Likert 0–10: 0 = At no time, 10 = All the time]"" .
:QStress pred:Text ""How much stress did you feel yesterday? [Likert 0–10: 0 = At no time, 10 = All the time]"" .
:QLoneliness pred:Text ""How lonely or unsupported did you feel yesterday? [Likert 0–10: 0 = At no time, 10 = All the time]"" .

:QGEmotional_Regulation_Frequency pred:BaseQuestion ""Next, you will be asked questions about your emotional state. Please answer on a scale of 0 to 4, where 0 is never, 1 is 'almost never', 2 is 'sometimes', 3 is 'fairly often', and 4 is 'very often', how often you experienced the following feelings during the last month: [Likert 0–4]"" ;
    qg:hasSubQuestion :QEmotional_Regulation_Frequency_Upset_by_Unexpected_Events,
                      :QEmotional_Regulation_Frequency_Unable_to_Control_Important_Things,
                      :QEmotional_Regulation_Frequency_Nervous_and_Stressed,
                      :QEmotional_Regulation_Frequency_Lacked_Confidence_Handling_Problems,
                      :QEmotional_Regulation_Frequency_Things_Going_Your_Way,
                      :QEmotional_Regulation_Frequency_Unable_to_Cope,
                      :QEmotional_Regulation_Frequency_Irritated_by_Life,
                      :QEmotional_Regulation_Frequency_On_Top_of_Things,
                      :QEmotional_Regulation_Frequency_Angered_by_Uncontrollable_Events,
                      :QEmotional_Regulation_Frequency_Felt_Overwhelmed .

:QEmotional_Regulation_Frequency_Upset_by_Unexpected_Events pred:Text ""how often have you been upset because of something that happened unexpectedly?"" .
:QEmotional_Regulation_Frequency_Unable_to_Control_Important_Things pred:Text ""how often have you felt that you were unable to control the important things in your life?"" .
:QEmotional_Regulation_Frequency_Nervous_and_Stressed pred:Text ""how often have you felt nervous and stressed?"" .
:QEmotional_Regulation_Frequency_Lacked_Confidence_Handling_Problems pred:Text ""how often have you felt confident about your ability to handle your personal problems?"" .
:QEmotional_Regulation_Frequency_Things_Going_Your_Way pred:Text ""how often have you felt that things were going your way?"" .
:QEmotional_Regulation_Frequency_Unable_to_Cope pred:Text ""how often have you found that you could not cope with all the things that you had to do?"" .
:QEmotional_Regulation_Frequency_Irritated_by_Life pred:Text ""how often have you been able to control irritations in your life?"" .
:QEmotional_Regulation_Frequency_On_Top_of_Things pred:Text ""how often have you felt that you were on top of things?"" .
:QEmotional_Regulation_Frequency_Angered_by_Uncontrollable_Events pred:Text ""how often have you been angered because of things that happened that were outside of your control?"" .
:QEmotional_Regulation_Frequency_Felt_Overwhelmed pred:Text ""how often have you felt difficulties were piling up so high that you could not overcome them?"" .

:QGAnxiety_Symptoms_Frequency pred:BaseQuestion ""Next, you will be asked questions about your emotional state. Please answer on a scale of 0 to 3, where 0 is 'Not at all', 1 is 'several days', 2 is 'more than half of the days', and 3 is 'Nearly every day'. Over the last two weeks, how often have you been bothered by the following problems? [Likert 0–3]"" ;
    qg:hasSubQuestion :QAnxiety_Symptoms_Frequency_Feeling_Nervous_or_On_Edge,
                      :QAnxiety_Symptoms_Frequency_Uncontrollable_Worrying,
                      :QAnxiety_Symptoms_Frequency_Excessive_Worry,
                      :QAnxiety_Symptoms_Frequency_Trouble_Relaxing,
                      :QAnxiety_Symptoms_Frequency_Restlessness,
                      :QAnxiety_Symptoms_Frequency_Irritability,
                      :QAnxiety_Symptoms_Frequency_Fear_Something_Awful_Might_Happen .

:QAnxiety_Symptoms_Frequency_Feeling_Nervous_or_On_Edge pred:Text ""Feeling nervous, anxious, or on edge"" .
:QAnxiety_Symptoms_Frequency_Uncontrollable_Worrying pred:Text ""Not being able to stop or control worrying"" .
:QAnxiety_Symptoms_Frequency_Excessive_Worry pred:Text ""Worrying too much about different things"" .
:QAnxiety_Symptoms_Frequency_Trouble_Relaxing pred:Text ""Trouble relaxing"" .
:QAnxiety_Symptoms_Frequency_Restlessness pred:Text ""Being so restless that it is hard to sit still"" .
:QAnxiety_Symptoms_Frequency_Irritability pred:Text ""Becoming easily annoyed or irritable"" .
:QAnxiety_Symptoms_Frequency_Fear_Something_Awful_Might_Happen pred:Text ""Feeling afraid, as if something awful might happen"" .

:QGDepressive_Symptoms_Frequency pred:BaseQuestion ""Next, you will be asked questions about your emotional state. Please answer on a scale of 0 to 3, where 0 is 'Not at all', 1 is 'several days', 2 is 'more than half of the days', and 3 is 'Nearly every day'. Over the last two weeks, how often have you been bothered by the following problems?"" ;
    qg:hasSubQuestion :QDepressive_Symptoms_Frequency_Anhedonia,
                      :QDepressive_Symptoms_Frequency_Depressed_Mood,
                      :QDepressive_Symptoms_Frequency_Sleep_Problems,
                      :QDepressive_Symptoms_Frequency_Fatigue,
                      :QDepressive_Symptoms_Frequency_Appetite_Changes,
                      :QDepressive_Symptoms_Frequency_Feelings_of_Worthlessness,
                      :QDepressive_Symptoms_Frequency_Concentration_Difficulties,
                      :QDepressive_Symptoms_Frequency_Psychomotor_Changes,
                      :QDepressive_Symptoms_Frequency_Suicidal_Thoughts .

:QDepressive_Symptoms_Frequency_Anhedonia pred:Text ""Little interest or pleasure in doing things"" .
:QDepressive_Symptoms_Frequency_Depressed_Mood pred:Text ""Feeling down, depressed, or hopeless"" .
:QDepressive_Symptoms_Frequency_Sleep_Problems pred:Text ""Trouble falling or staying asleep, or sleeping too much"" .
:QDepressive_Symptoms_Frequency_Fatigue pred:Text ""Feeling tired or having little energy"" .
:QDepressive_Symptoms_Frequency_Appetite_Changes pred:Text ""Poor appetite or overeating"" .
:QDepressive_Symptoms_Frequency_Feelings_of_Worthlessness pred:Text ""Feeling bad about yourself or that you are a failure or have let yourself or your family down"" .
:QDepressive_Symptoms_Frequency_Concentration_Difficulties pred:Text ""Trouble concentrating on things, such as reading the newspaper or watching television"" .
:QDepressive_Symptoms_Frequency_Psychomotor_Changes pred:Text ""Moving or speaking so slowly that other people could have noticed. Or the opposite — being so fidgety or restless that you have been moving around a lot more than usual"" .
:QDepressive_Symptoms_Frequency_Suicidal_Thoughts pred:Text ""Thoughts that you would be better off dead, or of hurting yourself"" .

# Responses
:Respondent128 pred:Year_of_birth 2001.0 ;
     pred:Gender 1.0 ;
     pred:Socio_economic_status 3.0 ;
     pred:Ethnic_identity 6.0 .

:Respondent128_Parental_Education
                       pred:Father 11.0 ;
                       pred:Mother 11.0 .
:Respondent128 pred:hasGroupResponse :Respondent128_Parental_Education .

:Respondent128 pred:Life_satisfaction 5.0 ;
     pred:Happiness 0.0 ;
     pred:Laughter 6.0 ;
     pred:Learning 3.0 ;
     pred:Enjoyment 1.0 ;
     pred:Worry 1.0 ;
     pred:Depression 1.0 ;
     pred:Anger 3.0 ;
     pred:Stress 3.0 ;
     pred:Loneliness 3.0 .

:Respondent128_Emotional_Regulation_Frequency
                                   pred:Upset_by_Unexpected_Events 2.0 ;
                                   pred:Unable_to_Control_Important_Things 3.0 ;
                                   pred:Lacked_Confidence_Handling_Problems 2.0 ;
                                   pred:Unable_to_Cope 3.0 ;
                                   pred:Irritated_by_Life 2.0 ;
                                   pred:On_Top_of_Things 1.0 .
:Respondent128 pred:hasGroupResponse :Respondent128_Emotional_Regulation_Frequency .

:Respondent128_Anxiety_Symptoms_Frequency
                               pred:Feeling_Nervous_or_On_Edge 1.0 ;
                               pred:Trouble_Relaxing 1.0 ;
                               pred:Restlessness 0.0 ;
                               pred:Irritability 1.0 ;
                               pred:Fear_Something_Awful_Might_Happen 1.0 .
:Respondent128 pred:hasGroupResponse :Respondent128_Anxiety_Symptoms_Frequency .

:Respondent128_Depressive_Symptoms_Frequency
                                  pred:Anhedonia 1.0 ;
                                  pred:Sleep_Problems 2.0 ;
                                  pred:Fatigue 2.0 ;
                                  pred:Appetite_Changes 1.0 ;
                                  pred:Feelings_of_Worthlessness 3.0 ;
                                  pred:Concentration_Difficulties 0.0 ;
                                  pred:Suicidal_Thoughts 0.0 .
:Respondent128 pred:hasGroupResponse :Respondent128_Depressive_Symptoms_Frequency .

:Respondent140 pred:Year_of_birth 2003.0 ;
     pred:Gender 2.0 ;
     pred:Socio_economic_status 4.0 ;
     pred:Ethnic_identity 6.0 .

:Respondent140_Parental_Education
                       pred:Father 18.0 ;
                       pred:Mother 11.0 .
:Respondent140 pred:hasGroupResponse :Respondent140_Parental_Education .

:Respondent140 pred:Life_satisfaction 5.0 ;
     pred:Happiness 1.0 ;
     pred:Laughter 0.0 ;
     pred:Learning 7.0 ;
     pred:Enjoyment 5.0 ;
     pred:Worry 0.0 ;
     pred:Depression 3.0 ;
     pred:Anger 4.0 ;
     pred:Stress 3.0 ;
     pred:Loneliness 10.0 .

:Respondent140_Emotional_Regulation_Frequency
                                   pred:Upset_by_Unexpected_Events 4.0 ;
                                   pred:Unable_to_Control_Important_Things 2.0 ;
                                   pred:Lacked_Confidence_Handling_Problems 3.0 ;
                                   pred:Unable_to_Cope 1.0 ;
                                   pred:Irritated_by_Life 3.0 ;
                                   pred:On_Top_of_Things 4.0 .
:Respondent140 pred:hasGroupResponse :Respondent140_Emotional_Regulation_Frequency .

:Respondent140_Anxiety_Symptoms_Frequency
                               pred:Feeling_Nervous_or_On_Edge 3.0 ;
                               pred:Trouble_Relaxing 3.0 ;
                               pred:Restlessness 3.0 ;
                               pred:Irritability 2.0 ;
                               pred:Fear_Something_Awful_Might_Happen 3.0 .
:Respondent140 pred:hasGroupResponse :Respondent140_Anxiety_Symptoms_Frequency .

:Respondent140_Depressive_Symptoms_Frequency
                                  pred:Anhedonia 0.0 ;
                                  pred:Sleep_Problems 3.0 ;
                                  pred:Fatigue 2.0 ;
                                  pred:Appetite_Changes 3.0 ;
                                  pred:Feelings_of_Worthlessness 0.0 ;
                                  pred:Concentration_Difficulties 0.0 ;
                                  pred:Suicidal_Thoughts 2.0 .
:Respondent140 pred:hasGroupResponse :Respondent140_Depressive_Symptoms_Frequency .

:Respondent141 pred:Year_of_birth 2001.0 ;
     pred:Gender 2.0 ;
     pred:Socio_economic_status 2.0 ;
     pred:Ethnic_identity 6.0 .

:Respondent141_Parental_Education
                       pred:Father 12.0 ;
                       pred:Mother 12.0 .
:Respondent141 pred:hasGroupResponse :Respondent141_Parental_Education .

:Respondent141 pred:Life_satisfaction 4.0 ;
     pred:Happiness 5.0 ;
     pred:Laughter 3.0 ;
     pred:Learning 7.0 ;
     pred:Enjoyment 7.0 ;
     pred:Worry 2.0 ;
     pred:Depression 2.0 ;
     pred:Anger 4.0 ;
     pred:Stress 4.0 ;
     pred:Loneliness 8.0 .

:Respondent141_Emotional_Regulation_Frequency
                                   pred:Upset_by_Unexpected_Events 3.0 ;
                                   pred:Unable_to_Control_Important_Things 4.0 ;
                                   pred:Lacked_Confidence_Handling_Problems 2.0 ;
                                   pred:Unable_to_Cope 2.0 ;
                                   pred:Irritated_by_Life 2.0 ;
                                   pred:On_Top_of_Things 2.0 .
:Respondent141 pred:hasGroupResponse :Respondent141_Emotional_Regulation_Frequency .

:Respondent141_Anxiety_Symptoms_Frequency
                               pred:Feeling_Nervous_or_On_Edge 1.0 ;
                               pred:Trouble_Relaxing 0.0 ;
                               pred:Restlessness 0.0 ;
                               pred:Irritability 3.0 ;
                               pred:Fear_Something_Awful_Might_Happen 1.0 .
:Respondent141 pred:hasGroupResponse :Respondent141_Anxiety_Symptoms_Frequency .

:Respondent141_Depressive_Symptoms_Frequency
                                  pred:Anhedonia 3.0 ;
                                  pred:Sleep_Problems 2.0 ;
                                  pred:Fatigue 0.0 ;
                                  pred:Appetite_Changes 1.0 ;
                                  pred:Feelings_of_Worthlessness 2.0 ;
                                  pred:Concentration_Difficulties 2.0 ;
                                  pred:Suicidal_Thoughts 1.0 .
:Respondent141 pred:hasGroupResponse :Respondent141_Depressive_Symptoms_Frequency .

You are a meticulous data analyst AI. Your primary function is to accurately analyze structured data and provide precise, verifiable answers.

You will be given a dataset with two key parts:

A 'questions' section: This is your data dictionary or schema. It is the single source of truth for understanding what each field and score means. Refer to it carefully.

A 'responses' section: This contains the raw data from each individual respondent.

To answer the question correctly, you must first use the 'questions' schema to fully understand the context and meaning of the data points within the 'responses'. Do not rely on any prior knowledge outside of this provided data. Base your entire analysis on the information given.

Provide your final answer directly and concisely. Output must be the human-readable value, not an option code.

Rules:
- For MCQ fields, map any letter codes in the Responses (case-insensitive) to the corresponding option text from the Questions schema, and output only that text. Do NOT include the letter or both.
  Example: If the schema is ""[MCQ: A. Abnormal B. Inconclusive C. Normal]"" and the response is ""a"", output ""Abnormal"".
- For open-ended fields, output the exact text value.
- If the question asks for a count, provide only the number (e.g., ""42"").
- If the question asks for a list of names or IDs, provide a simple comma-separated list (e.g., ""17, 21, 23"").
- Preserve capitalization exactly as in the schema (e.g., output ""Abnormal"", not ""abnormal"" or ""A"").

For respondent 128, what is the value for 'Lacked Confidence Handling Problems' in the 'Emotional Regulation Frequency' category?",,
case_45,answer_lookup,What is the worry for respondent 88?,"@prefix : <http://example.org/survey#> .
@prefix pred: <http://example.org/predicate#> .
@prefix qg: <http://example.org/question_group#> .

# Questions
:QYear_of_birth pred:Text ""What is your date of birth? [Open-ended]"" .
:QGender pred:Text ""What is your gender? [MCQ: 1. Male 2. Female]"" .
:QSocio_economic_status pred:Text ""What is the socio-economic status of your home? [Likert 1–6: 1 = Very low, 6 = Very high]"" .
:QEthnic_identity pred:Text ""According to your culture, people, or physical features, you are or are recognized as: [MCQ: 1. Indigenous 2. Gypsy 3. Raizal from San Andres, Providencia and Santa Catalina Archipelago 4. Palenquero from San Basilio 5. Black, mulatto (Afro-descendant), Afro-Colombian 6. None of the above]"" .

:QGParental_Education pred:BaseQuestion ""How many years of education did your parents receive? [Open-ended]"" ;
    qg:hasSubQuestion :QParental_Education_Father, :QParental_Education_Mother .
:QParental_Education_Father pred:Text ""Father?"" .
:QParental_Education_Mother pred:Text ""Mother?"" .

:QLife_satisfaction pred:Text ""In general, how satisfied are you with all aspects of your life? [Likert 0–10: 0 = Not satisfied, 10 = Totally satisfied]"" .
:QHappiness pred:Text ""How happy did you feel yesterday? [Likert 0–10: 0 = At no time, 10 = All the time]"" .
:QLaughter pred:Text ""How much did you laugh yesterday? [Likert 0–10: 0 = At no time, 10 = All the time]"" .
:QLearning pred:Text ""Did you learn new or exciting things yesterday? [Likert 0–10: 0 = At no time, 10 = All the time]"" .
:QEnjoyment pred:Text ""How much did you enjoy the activities you did yesterday? [Likert 0–10: 0 = At no time, 10 = All the time]"" .
:QWorry pred:Text ""How worried did you feel yesterday? [Likert 0–10: 0 = At no time, 10 = All the time]"" .
:QDepression pred:Text ""How depressed did you feel yesterday? [Likert 0–10: 0 = At no time, 10 = All the time]"" .
:QAnger pred:Text ""How angry did you feel yesterday? [Likert 0–10: 0 = At no time, 10 = All the time]"" .
:QStress pred:Text ""How much stress did you feel yesterday? [Likert 0–10: 0 = At no time, 10 = All the time]"" .
:QLoneliness pred:Text ""How lonely or unsupported did you feel yesterday? [Likert 0–10: 0 = At no time, 10 = All the time]"" .

:QGEmotional_Regulation_Frequency pred:BaseQuestion ""Next, you will be asked questions about your emotional state. Please answer on a scale of 0 to 4, where 0 is never, 1 is 'almost never', 2 is 'sometimes', 3 is 'fairly often', and 4 is 'very often', how often you experienced the following feelings during the last month: [Likert 0–4]"" ;
    qg:hasSubQuestion :QEmotional_Regulation_Frequency_Upset_by_Unexpected_Events,
                      :QEmotional_Regulation_Frequency_Unable_to_Control_Important_Things,
                      :QEmotional_Regulation_Frequency_Nervous_and_Stressed,
                      :QEmotional_Regulation_Frequency_Lacked_Confidence_Handling_Problems,
                      :QEmotional_Regulation_Frequency_Things_Going_Your_Way,
                      :QEmotional_Regulation_Frequency_Unable_to_Cope,
                      :QEmotional_Regulation_Frequency_Irritated_by_Life,
                      :QEmotional_Regulation_Frequency_On_Top_of_Things,
                      :QEmotional_Regulation_Frequency_Angered_by_Uncontrollable_Events,
                      :QEmotional_Regulation_Frequency_Felt_Overwhelmed .

:QEmotional_Regulation_Frequency_Upset_by_Unexpected_Events pred:Text ""how often have you been upset because of something that happened unexpectedly?"" .
:QEmotional_Regulation_Frequency_Unable_to_Control_Important_Things pred:Text ""how often have you felt that you were unable to control the important things in your life?"" .
:QEmotional_Regulation_Frequency_Nervous_and_Stressed pred:Text ""how often have you felt nervous and stressed?"" .
:QEmotional_Regulation_Frequency_Lacked_Confidence_Handling_Problems pred:Text ""how often have you felt confident about your ability to handle your personal problems?"" .
:QEmotional_Regulation_Frequency_Things_Going_Your_Way pred:Text ""how often have you felt that things were going your way?"" .
:QEmotional_Regulation_Frequency_Unable_to_Cope pred:Text ""how often have you found that you could not cope with all the things that you had to do?"" .
:QEmotional_Regulation_Frequency_Irritated_by_Life pred:Text ""how often have you been able to control irritations in your life?"" .
:QEmotional_Regulation_Frequency_On_Top_of_Things pred:Text ""how often have you felt that you were on top of things?"" .
:QEmotional_Regulation_Frequency_Angered_by_Uncontrollable_Events pred:Text ""how often have you been angered because of things that happened that were outside of your control?"" .
:QEmotional_Regulation_Frequency_Felt_Overwhelmed pred:Text ""how often have you felt difficulties were piling up so high that you could not overcome them?"" .

:QGAnxiety_Symptoms_Frequency pred:BaseQuestion ""Next, you will be asked questions about your emotional state. Please answer on a scale of 0 to 3, where 0 is 'Not at all', 1 is 'several days', 2 is 'more than half of the days', and 3 is 'Nearly every day'. Over the last two weeks, how often have you been bothered by the following problems? [Likert 0–3]"" ;
    qg:hasSubQuestion :QAnxiety_Symptoms_Frequency_Feeling_Nervous_or_On_Edge,
                      :QAnxiety_Symptoms_Frequency_Uncontrollable_Worrying,
                      :QAnxiety_Symptoms_Frequency_Excessive_Worry,
                      :QAnxiety_Symptoms_Frequency_Trouble_Relaxing,
                      :QAnxiety_Symptoms_Frequency_Restlessness,
                      :QAnxiety_Symptoms_Frequency_Irritability,
                      :QAnxiety_Symptoms_Frequency_Fear_Something_Awful_Might_Happen .

:QAnxiety_Symptoms_Frequency_Feeling_Nervous_or_On_Edge pred:Text ""Feeling nervous, anxious, or on edge"" .
:QAnxiety_Symptoms_Frequency_Uncontrollable_Worrying pred:Text ""Not being able to stop or control worrying"" .
:QAnxiety_Symptoms_Frequency_Excessive_Worry pred:Text ""Worrying too much about different things"" .
:QAnxiety_Symptoms_Frequency_Trouble_Relaxing pred:Text ""Trouble relaxing"" .
:QAnxiety_Symptoms_Frequency_Restlessness pred:Text ""Being so restless that it is hard to sit still"" .
:QAnxiety_Symptoms_Frequency_Irritability pred:Text ""Becoming easily annoyed or irritable"" .
:QAnxiety_Symptoms_Frequency_Fear_Something_Awful_Might_Happen pred:Text ""Feeling afraid, as if something awful might happen"" .

:QGDepressive_Symptoms_Frequency pred:BaseQuestion ""Next, you will be asked questions about your emotional state. Please answer on a scale of 0 to 3, where 0 is 'Not at all', 1 is 'several days', 2 is 'more than half of the days', and 3 is 'Nearly every day'. Over the last two weeks, how often have you been bothered by the following problems?"" ;
    qg:hasSubQuestion :QDepressive_Symptoms_Frequency_Anhedonia,
                      :QDepressive_Symptoms_Frequency_Depressed_Mood,
                      :QDepressive_Symptoms_Frequency_Sleep_Problems,
                      :QDepressive_Symptoms_Frequency_Fatigue,
                      :QDepressive_Symptoms_Frequency_Appetite_Changes,
                      :QDepressive_Symptoms_Frequency_Feelings_of_Worthlessness,
                      :QDepressive_Symptoms_Frequency_Concentration_Difficulties,
                      :QDepressive_Symptoms_Frequency_Psychomotor_Changes,
                      :QDepressive_Symptoms_Frequency_Suicidal_Thoughts .

:QDepressive_Symptoms_Frequency_Anhedonia pred:Text ""Little interest or pleasure in doing things"" .
:QDepressive_Symptoms_Frequency_Depressed_Mood pred:Text ""Feeling down, depressed, or hopeless"" .
:QDepressive_Symptoms_Frequency_Sleep_Problems pred:Text ""Trouble falling or staying asleep, or sleeping too much"" .
:QDepressive_Symptoms_Frequency_Fatigue pred:Text ""Feeling tired or having little energy"" .
:QDepressive_Symptoms_Frequency_Appetite_Changes pred:Text ""Poor appetite or overeating"" .
:QDepressive_Symptoms_Frequency_Feelings_of_Worthlessness pred:Text ""Feeling bad about yourself or that you are a failure or have let yourself or your family down"" .
:QDepressive_Symptoms_Frequency_Concentration_Difficulties pred:Text ""Trouble concentrating on things, such as reading the newspaper or watching television"" .
:QDepressive_Symptoms_Frequency_Psychomotor_Changes pred:Text ""Moving or speaking so slowly that other people could have noticed. Or the opposite — being so fidgety or restless that you have been moving around a lot more than usual"" .
:QDepressive_Symptoms_Frequency_Suicidal_Thoughts pred:Text ""Thoughts that you would be better off dead, or of hurting yourself"" .

# Responses
:Respondent123 pred:Year_of_birth 2001.0 ;
     pred:Gender 2.0 ;
     pred:Socio_economic_status 3.0 ;
     pred:Ethnic_identity 6.0 .

:Respondent123_Parental_Education
                       pred:Father 11.0 .
:Respondent123 pred:hasGroupResponse :Respondent123_Parental_Education .

:Respondent123 pred:Life_satisfaction 7.0 ;
     pred:Happiness 8.0 ;
     pred:Laughter 10.0 ;
     pred:Learning 10.0 ;
     pred:Enjoyment 10.0 ;
     pred:Worry 3.0 ;
     pred:Depression 1.0 ;
     pred:Anger 4.0 ;
     pred:Stress 4.0 ;
     pred:Loneliness 1.0 .

:Respondent123_Emotional_Regulation_Frequency
                                   pred:Upset_by_Unexpected_Events 4.0 ;
                                   pred:Unable_to_Control_Important_Things 3.0 ;
                                   pred:Lacked_Confidence_Handling_Problems 2.0 ;
                                   pred:Unable_to_Cope 3.0 ;
                                   pred:Irritated_by_Life 2.0 ;
                                   pred:On_Top_of_Things 2.0 .
:Respondent123 pred:hasGroupResponse :Respondent123_Emotional_Regulation_Frequency .

:Respondent123_Anxiety_Symptoms_Frequency
                               pred:Feeling_Nervous_or_On_Edge 2.0 ;
                               pred:Trouble_Relaxing 2.0 ;
                               pred:Restlessness 0.0 ;
                               pred:Irritability 3.0 ;
                               pred:Fear_Something_Awful_Might_Happen 3.0 .
:Respondent123 pred:hasGroupResponse :Respondent123_Anxiety_Symptoms_Frequency .

:Respondent123_Depressive_Symptoms_Frequency
                                  pred:Anhedonia 0.0 ;
                                  pred:Sleep_Problems 1.0 ;
                                  pred:Fatigue 2.0 ;
                                  pred:Appetite_Changes 0.0 ;
                                  pred:Feelings_of_Worthlessness 2.0 ;
                                  pred:Concentration_Difficulties 1.0 ;
                                  pred:Suicidal_Thoughts 1.0 .
:Respondent123 pred:hasGroupResponse :Respondent123_Depressive_Symptoms_Frequency .

:Respondent88 pred:Year_of_birth 2002.0 ;
     pred:Gender 1.0 ;
     pred:Socio_economic_status 6.0 ;
     pred:Ethnic_identity 6.0 .

:Respondent88_Parental_Education
                       pred:Father 12.0 ;
                       pred:Mother 12.0 .
:Respondent88 pred:hasGroupResponse :Respondent88_Parental_Education .

:Respondent88 pred:Life_satisfaction 8.0 ;
     pred:Happiness 8.0 ;
     pred:Laughter 7.0 ;
     pred:Learning 4.0 ;
     pred:Enjoyment 8.0 ;
     pred:Worry 0.0 ;
     pred:Depression 0.0 ;
     pred:Anger 1.0 ;
     pred:Stress 1.0 ;
     pred:Loneliness 0.0 .

:Respondent88_Emotional_Regulation_Frequency
                                   pred:Upset_by_Unexpected_Events 1.0 ;
                                   pred:Unable_to_Control_Important_Things 1.0 ;
                                   pred:Lacked_Confidence_Handling_Problems 4.0 ;
                                   pred:Unable_to_Cope 0.0 ;
                                   pred:Irritated_by_Life 4.0 ;
                                   pred:On_Top_of_Things 4.0 .
:Respondent88 pred:hasGroupResponse :Respondent88_Emotional_Regulation_Frequency .

:Respondent88_Anxiety_Symptoms_Frequency
                               pred:Feeling_Nervous_or_On_Edge 0.0 ;
                               pred:Trouble_Relaxing 0.0 ;
                               pred:Restlessness 0.0 ;
                               pred:Irritability 0.0 ;
                               pred:Fear_Something_Awful_Might_Happen 0.0 .
:Respondent88 pred:hasGroupResponse :Respondent88_Anxiety_Symptoms_Frequency .

:Respondent88_Depressive_Symptoms_Frequency
                                  pred:Anhedonia 0.0 ;
                                  pred:Sleep_Problems 0.0 ;
                                  pred:Fatigue 0.0 ;
                                  pred:Appetite_Changes 0.0 ;
                                  pred:Feelings_of_Worthlessness 0.0 ;
                                  pred:Concentration_Difficulties 0.0 ;
                                  pred:Suicidal_Thoughts 0.0 .
:Respondent88 pred:hasGroupResponse :Respondent88_Depressive_Symptoms_Frequency .

:Respondent16 pred:Year_of_birth 2001.0 ;
     pred:Gender 1.0 ;
     pred:Socio_economic_status 5.0 ;
     pred:Ethnic_identity 6.0 .

:Respondent16_Parental_Education
                       pred:Father 30.0 ;
                       pred:Mother 20.0 .
:Respondent16 pred:hasGroupResponse :Respondent16_Parental_Education .

:Respondent16 pred:Life_satisfaction 6.0 ;
     pred:Happiness 9.0 ;
     pred:Laughter 10.0 ;
     pred:Learning 5.0 ;
     pred:Enjoyment 10.0 ;
     pred:Worry 2.0 ;
     pred:Depression 1.0 ;
     pred:Anger 4.0 ;
     pred:Stress 2.0 ;
     pred:Loneliness 1.0 .

:Respondent16_Emotional_Regulation_Frequency
                                   pred:Upset_by_Unexpected_Events 3.0 ;
                                   pred:Unable_to_Control_Important_Things 2.0 ;
                                   pred:Lacked_Confidence_Handling_Problems 2.0 ;
                                   pred:Unable_to_Cope 1.0 ;
                                   pred:Irritated_by_Life 3.0 ;
                                   pred:On_Top_of_Things 1.0 .
:Respondent16 pred:hasGroupResponse :Respondent16_Emotional_Regulation_Frequency .

:Respondent16_Anxiety_Symptoms_Frequency
                               pred:Feeling_Nervous_or_On_Edge 1.0 ;
                               pred:Trouble_Relaxing 1.0 ;
                               pred:Restlessness 0.0 ;
                               pred:Irritability 1.0 ;
                               pred:Fear_Something_Awful_Might_Happen 1.0 .
:Respondent16 pred:hasGroupResponse :Respondent16_Anxiety_Symptoms_Frequency .

:Respondent16_Depressive_Symptoms_Frequency
                                  pred:Anhedonia 1.0 ;
                                  pred:Sleep_Problems 2.0 ;
                                  pred:Fatigue 2.0 ;
                                  pred:Appetite_Changes 0.0 ;
                                  pred:Feelings_of_Worthlessness 0.0 ;
                                  pred:Concentration_Difficulties 0.0 ;
                                  pred:Suicidal_Thoughts 0.0 .
:Respondent16 pred:hasGroupResponse :Respondent16_Depressive_Symptoms_Frequency .
",0.0,"For respondent 129, what is the value for 'Appetite Changes' in the 'Depressive Symptoms Frequency' category?

DATA:

@prefix : <http://example.org/survey#> .
@prefix pred: <http://example.org/predicate#> .
@prefix qg: <http://example.org/question_group#> .

# Questions
:QYear_of_birth pred:Text ""What is your date of birth? [Open-ended]"" .
:QGender pred:Text ""What is your gender? [MCQ: 1. Male 2. Female]"" .
:QSocio_economic_status pred:Text ""What is the socio-economic status of your home? [Likert 1–6: 1 = Very low, 6 = Very high]"" .
:QEthnic_identity pred:Text ""According to your culture, people, or physical features, you are or are recognized as: [MCQ: 1. Indigenous 2. Gypsy 3. Raizal from San Andres, Providencia and Santa Catalina Archipelago 4. Palenquero from San Basilio 5. Black, mulatto (Afro-descendant), Afro-Colombian 6. None of the above]"" .

:QGParental_Education pred:BaseQuestion ""How many years of education did your parents receive? [Open-ended]"" ;
    qg:hasSubQuestion :QParental_Education_Father, :QParental_Education_Mother .
:QParental_Education_Father pred:Text ""Father?"" .
:QParental_Education_Mother pred:Text ""Mother?"" .

:QLife_satisfaction pred:Text ""In general, how satisfied are you with all aspects of your life? [Likert 0–10: 0 = Not satisfied, 10 = Totally satisfied]"" .
:QHappiness pred:Text ""How happy did you feel yesterday? [Likert 0–10: 0 = At no time, 10 = All the time]"" .
:QLaughter pred:Text ""How much did you laugh yesterday? [Likert 0–10: 0 = At no time, 10 = All the time]"" .
:QLearning pred:Text ""Did you learn new or exciting things yesterday? [Likert 0–10: 0 = At no time, 10 = All the time]"" .
:QEnjoyment pred:Text ""How much did you enjoy the activities you did yesterday? [Likert 0–10: 0 = At no time, 10 = All the time]"" .
:QWorry pred:Text ""How worried did you feel yesterday? [Likert 0–10: 0 = At no time, 10 = All the time]"" .
:QDepression pred:Text ""How depressed did you feel yesterday? [Likert 0–10: 0 = At no time, 10 = All the time]"" .
:QAnger pred:Text ""How angry did you feel yesterday? [Likert 0–10: 0 = At no time, 10 = All the time]"" .
:QStress pred:Text ""How much stress did you feel yesterday? [Likert 0–10: 0 = At no time, 10 = All the time]"" .
:QLoneliness pred:Text ""How lonely or unsupported did you feel yesterday? [Likert 0–10: 0 = At no time, 10 = All the time]"" .

:QGEmotional_Regulation_Frequency pred:BaseQuestion ""Next, you will be asked questions about your emotional state. Please answer on a scale of 0 to 4, where 0 is never, 1 is 'almost never', 2 is 'sometimes', 3 is 'fairly often', and 4 is 'very often', how often you experienced the following feelings during the last month: [Likert 0–4]"" ;
    qg:hasSubQuestion :QEmotional_Regulation_Frequency_Upset_by_Unexpected_Events,
                      :QEmotional_Regulation_Frequency_Unable_to_Control_Important_Things,
                      :QEmotional_Regulation_Frequency_Nervous_and_Stressed,
                      :QEmotional_Regulation_Frequency_Lacked_Confidence_Handling_Problems,
                      :QEmotional_Regulation_Frequency_Things_Going_Your_Way,
                      :QEmotional_Regulation_Frequency_Unable_to_Cope,
                      :QEmotional_Regulation_Frequency_Irritated_by_Life,
                      :QEmotional_Regulation_Frequency_On_Top_of_Things,
                      :QEmotional_Regulation_Frequency_Angered_by_Uncontrollable_Events,
                      :QEmotional_Regulation_Frequency_Felt_Overwhelmed .

:QEmotional_Regulation_Frequency_Upset_by_Unexpected_Events pred:Text ""how often have you been upset because of something that happened unexpectedly?"" .
:QEmotional_Regulation_Frequency_Unable_to_Control_Important_Things pred:Text ""how often have you felt that you were unable to control the important things in your life?"" .
:QEmotional_Regulation_Frequency_Nervous_and_Stressed pred:Text ""how often have you felt nervous and stressed?"" .
:QEmotional_Regulation_Frequency_Lacked_Confidence_Handling_Problems pred:Text ""how often have you felt confident about your ability to handle your personal problems?"" .
:QEmotional_Regulation_Frequency_Things_Going_Your_Way pred:Text ""how often have you felt that things were going your way?"" .
:QEmotional_Regulation_Frequency_Unable_to_Cope pred:Text ""how often have you found that you could not cope with all the things that you had to do?"" .
:QEmotional_Regulation_Frequency_Irritated_by_Life pred:Text ""how often have you been able to control irritations in your life?"" .
:QEmotional_Regulation_Frequency_On_Top_of_Things pred:Text ""how often have you felt that you were on top of things?"" .
:QEmotional_Regulation_Frequency_Angered_by_Uncontrollable_Events pred:Text ""how often have you been angered because of things that happened that were outside of your control?"" .
:QEmotional_Regulation_Frequency_Felt_Overwhelmed pred:Text ""how often have you felt difficulties were piling up so high that you could not overcome them?"" .

:QGAnxiety_Symptoms_Frequency pred:BaseQuestion ""Next, you will be asked questions about your emotional state. Please answer on a scale of 0 to 3, where 0 is 'Not at all', 1 is 'several days', 2 is 'more than half of the days', and 3 is 'Nearly every day'. Over the last two weeks, how often have you been bothered by the following problems? [Likert 0–3]"" ;
    qg:hasSubQuestion :QAnxiety_Symptoms_Frequency_Feeling_Nervous_or_On_Edge,
                      :QAnxiety_Symptoms_Frequency_Uncontrollable_Worrying,
                      :QAnxiety_Symptoms_Frequency_Excessive_Worry,
                      :QAnxiety_Symptoms_Frequency_Trouble_Relaxing,
                      :QAnxiety_Symptoms_Frequency_Restlessness,
                      :QAnxiety_Symptoms_Frequency_Irritability,
                      :QAnxiety_Symptoms_Frequency_Fear_Something_Awful_Might_Happen .

:QAnxiety_Symptoms_Frequency_Feeling_Nervous_or_On_Edge pred:Text ""Feeling nervous, anxious, or on edge"" .
:QAnxiety_Symptoms_Frequency_Uncontrollable_Worrying pred:Text ""Not being able to stop or control worrying"" .
:QAnxiety_Symptoms_Frequency_Excessive_Worry pred:Text ""Worrying too much about different things"" .
:QAnxiety_Symptoms_Frequency_Trouble_Relaxing pred:Text ""Trouble relaxing"" .
:QAnxiety_Symptoms_Frequency_Restlessness pred:Text ""Being so restless that it is hard to sit still"" .
:QAnxiety_Symptoms_Frequency_Irritability pred:Text ""Becoming easily annoyed or irritable"" .
:QAnxiety_Symptoms_Frequency_Fear_Something_Awful_Might_Happen pred:Text ""Feeling afraid, as if something awful might happen"" .

:QGDepressive_Symptoms_Frequency pred:BaseQuestion ""Next, you will be asked questions about your emotional state. Please answer on a scale of 0 to 3, where 0 is 'Not at all', 1 is 'several days', 2 is 'more than half of the days', and 3 is 'Nearly every day'. Over the last two weeks, how often have you been bothered by the following problems?"" ;
    qg:hasSubQuestion :QDepressive_Symptoms_Frequency_Anhedonia,
                      :QDepressive_Symptoms_Frequency_Depressed_Mood,
                      :QDepressive_Symptoms_Frequency_Sleep_Problems,
                      :QDepressive_Symptoms_Frequency_Fatigue,
                      :QDepressive_Symptoms_Frequency_Appetite_Changes,
                      :QDepressive_Symptoms_Frequency_Feelings_of_Worthlessness,
                      :QDepressive_Symptoms_Frequency_Concentration_Difficulties,
                      :QDepressive_Symptoms_Frequency_Psychomotor_Changes,
                      :QDepressive_Symptoms_Frequency_Suicidal_Thoughts .

:QDepressive_Symptoms_Frequency_Anhedonia pred:Text ""Little interest or pleasure in doing things"" .
:QDepressive_Symptoms_Frequency_Depressed_Mood pred:Text ""Feeling down, depressed, or hopeless"" .
:QDepressive_Symptoms_Frequency_Sleep_Problems pred:Text ""Trouble falling or staying asleep, or sleeping too much"" .
:QDepressive_Symptoms_Frequency_Fatigue pred:Text ""Feeling tired or having little energy"" .
:QDepressive_Symptoms_Frequency_Appetite_Changes pred:Text ""Poor appetite or overeating"" .
:QDepressive_Symptoms_Frequency_Feelings_of_Worthlessness pred:Text ""Feeling bad about yourself or that you are a failure or have let yourself or your family down"" .
:QDepressive_Symptoms_Frequency_Concentration_Difficulties pred:Text ""Trouble concentrating on things, such as reading the newspaper or watching television"" .
:QDepressive_Symptoms_Frequency_Psychomotor_Changes pred:Text ""Moving or speaking so slowly that other people could have noticed. Or the opposite — being so fidgety or restless that you have been moving around a lot more than usual"" .
:QDepressive_Symptoms_Frequency_Suicidal_Thoughts pred:Text ""Thoughts that you would be better off dead, or of hurting yourself"" .

# Responses
:Respondent73 pred:Year_of_birth 2005.0 ;
     pred:Gender 2.0 ;
     pred:Socio_economic_status 2.0 ;
     pred:Ethnic_identity 6.0 .

:Respondent73_Parental_Education
                       pred:Father 25.0 ;
                       pred:Mother 15.0 .
:Respondent73 pred:hasGroupResponse :Respondent73_Parental_Education .

:Respondent73 pred:Life_satisfaction 8.0 ;
     pred:Happiness 5.0 ;
     pred:Laughter 4.0 ;
     pred:Learning 5.0 ;
     pred:Enjoyment 5.0 ;
     pred:Worry 2.0 ;
     pred:Depression 1.0 ;
     pred:Anger 2.0 ;
     pred:Stress 4.0 ;
     pred:Loneliness 6.0 .

:Respondent73_Emotional_Regulation_Frequency
                                   pred:Upset_by_Unexpected_Events 2.0 ;
                                   pred:Unable_to_Control_Important_Things 2.0 ;
                                   pred:Lacked_Confidence_Handling_Problems 2.0 ;
                                   pred:Unable_to_Cope 2.0 ;
                                   pred:Irritated_by_Life 2.0 ;
                                   pred:On_Top_of_Things 2.0 .
:Respondent73 pred:hasGroupResponse :Respondent73_Emotional_Regulation_Frequency .

:Respondent73_Anxiety_Symptoms_Frequency
                               pred:Feeling_Nervous_or_On_Edge 2.0 ;
                               pred:Trouble_Relaxing 1.0 ;
                               pred:Restlessness 1.0 ;
                               pred:Irritability 2.0 ;
                               pred:Fear_Something_Awful_Might_Happen 2.0 .
:Respondent73 pred:hasGroupResponse :Respondent73_Anxiety_Symptoms_Frequency .

:Respondent73_Depressive_Symptoms_Frequency
                                  pred:Anhedonia 1.0 ;
                                  pred:Sleep_Problems 2.0 ;
                                  pred:Fatigue 1.0 ;
                                  pred:Appetite_Changes 1.0 ;
                                  pred:Feelings_of_Worthlessness 1.0 ;
                                  pred:Concentration_Difficulties 1.0 ;
                                  pred:Suicidal_Thoughts 0.0 .
:Respondent73 pred:hasGroupResponse :Respondent73_Depressive_Symptoms_Frequency .

:Respondent85 pred:Year_of_birth 2004.0 ;
     pred:Gender 2.0 ;
     pred:Socio_economic_status 3.0 ;
     pred:Ethnic_identity 6.0 .

:Respondent85_Parental_Education
                       pred:Father 18.0 .
:Respondent85 pred:hasGroupResponse :Respondent85_Parental_Education .

:Respondent85 pred:Life_satisfaction 5.0 ;
     pred:Happiness 6.0 ;
     pred:Laughter 6.0 ;
     pred:Learning 8.0 ;
     pred:Enjoyment 5.0 ;
     pred:Worry 1.0 ;
     pred:Depression 1.0 ;
     pred:Anger 2.0 ;
     pred:Stress 4.0 ;
     pred:Loneliness 1.0 .

:Respondent85_Emotional_Regulation_Frequency
                                   pred:Upset_by_Unexpected_Events 2.0 ;
                                   pred:Unable_to_Control_Important_Things 3.0 ;
                                   pred:Lacked_Confidence_Handling_Problems 2.0 ;
                                   pred:Unable_to_Cope 3.0 ;
                                   pred:Irritated_by_Life 3.0 ;
                                   pred:On_Top_of_Things 2.0 .
:Respondent85 pred:hasGroupResponse :Respondent85_Emotional_Regulation_Frequency .

:Respondent85_Anxiety_Symptoms_Frequency
                               pred:Feeling_Nervous_or_On_Edge 1.0 ;
                               pred:Trouble_Relaxing 1.0 ;
                               pred:Restlessness 0.0 ;
                               pred:Irritability 1.0 ;
                               pred:Fear_Something_Awful_Might_Happen 1.0 .
:Respondent85 pred:hasGroupResponse :Respondent85_Anxiety_Symptoms_Frequency .

:Respondent85_Depressive_Symptoms_Frequency
                                  pred:Anhedonia 2.0 ;
                                  pred:Sleep_Problems 2.0 ;
                                  pred:Fatigue 3.0 ;
                                  pred:Appetite_Changes 3.0 ;
                                  pred:Feelings_of_Worthlessness 1.0 ;
                                  pred:Concentration_Difficulties 1.0 ;
                                  pred:Suicidal_Thoughts 0.0 .
:Respondent85 pred:hasGroupResponse :Respondent85_Depressive_Symptoms_Frequency .

:Respondent129 pred:Year_of_birth 2001.0 ;
     pred:Gender 2.0 ;
     pred:Socio_economic_status 3.0 ;
     pred:Ethnic_identity 6.0 .

:Respondent129_Parental_Education
                       pred:Father 13.0 ;
                       pred:Mother 13.0 .
:Respondent129 pred:hasGroupResponse :Respondent129_Parental_Education .

:Respondent129 pred:Life_satisfaction 8.0 ;
     pred:Happiness 9.0 ;
     pred:Laughter 6.0 ;
     pred:Learning 5.0 ;
     pred:Enjoyment 6.0 ;
     pred:Worry 1.0 ;
     pred:Depression 1.0 ;
     pred:Anger 1.0 ;
     pred:Stress 3.0 ;
     pred:Loneliness 0.0 .

:Respondent129_Emotional_Regulation_Frequency
                                   pred:Upset_by_Unexpected_Events 1.0 ;
                                   pred:Unable_to_Control_Important_Things 1.0 ;
                                   pred:Lacked_Confidence_Handling_Problems 3.0 ;
                                   pred:Unable_to_Cope 2.0 ;
                                   pred:Irritated_by_Life 3.0 ;
                                   pred:On_Top_of_Things 2.0 .
:Respondent129 pred:hasGroupResponse :Respondent129_Emotional_Regulation_Frequency .

:Respondent129_Anxiety_Symptoms_Frequency
                               pred:Feeling_Nervous_or_On_Edge 1.0 ;
                               pred:Trouble_Relaxing 1.0 ;
                               pred:Restlessness 0.0 ;
                               pred:Irritability 0.0 ;
                               pred:Fear_Something_Awful_Might_Happen 0.0 .
:Respondent129 pred:hasGroupResponse :Respondent129_Anxiety_Symptoms_Frequency .

:Respondent129_Depressive_Symptoms_Frequency
                                  pred:Anhedonia 1.0 ;
                                  pred:Sleep_Problems 1.0 ;
                                  pred:Fatigue 2.0 ;
                                  pred:Appetite_Changes 2.0 ;
                                  pred:Feelings_of_Worthlessness 0.0 ;
                                  pred:Concentration_Difficulties 2.0 ;
                                  pred:Suicidal_Thoughts 0.0 .
:Respondent129 pred:hasGroupResponse :Respondent129_Depressive_Symptoms_Frequency .

Answer: 2.0

@prefix : <http://example.org/survey#> .
@prefix pred: <http://example.org/predicate#> .
@prefix qg: <http://example.org/question_group#> .

# Questions
:QYear_of_birth pred:Text ""What is your date of birth? [Open-ended]"" .
:QGender pred:Text ""What is your gender? [MCQ: 1. Male 2. Female]"" .
:QSocio_economic_status pred:Text ""What is the socio-economic status of your home? [Likert 1–6: 1 = Very low, 6 = Very high]"" .
:QEthnic_identity pred:Text ""According to your culture, people, or physical features, you are or are recognized as: [MCQ: 1. Indigenous 2. Gypsy 3. Raizal from San Andres, Providencia and Santa Catalina Archipelago 4. Palenquero from San Basilio 5. Black, mulatto (Afro-descendant), Afro-Colombian 6. None of the above]"" .

:QGParental_Education pred:BaseQuestion ""How many years of education did your parents receive? [Open-ended]"" ;
    qg:hasSubQuestion :QParental_Education_Father, :QParental_Education_Mother .
:QParental_Education_Father pred:Text ""Father?"" .
:QParental_Education_Mother pred:Text ""Mother?"" .

:QLife_satisfaction pred:Text ""In general, how satisfied are you with all aspects of your life? [Likert 0–10: 0 = Not satisfied, 10 = Totally satisfied]"" .
:QHappiness pred:Text ""How happy did you feel yesterday? [Likert 0–10: 0 = At no time, 10 = All the time]"" .
:QLaughter pred:Text ""How much did you laugh yesterday? [Likert 0–10: 0 = At no time, 10 = All the time]"" .
:QLearning pred:Text ""Did you learn new or exciting things yesterday? [Likert 0–10: 0 = At no time, 10 = All the time]"" .
:QEnjoyment pred:Text ""How much did you enjoy the activities you did yesterday? [Likert 0–10: 0 = At no time, 10 = All the time]"" .
:QWorry pred:Text ""How worried did you feel yesterday? [Likert 0–10: 0 = At no time, 10 = All the time]"" .
:QDepression pred:Text ""How depressed did you feel yesterday? [Likert 0–10: 0 = At no time, 10 = All the time]"" .
:QAnger pred:Text ""How angry did you feel yesterday? [Likert 0–10: 0 = At no time, 10 = All the time]"" .
:QStress pred:Text ""How much stress did you feel yesterday? [Likert 0–10: 0 = At no time, 10 = All the time]"" .
:QLoneliness pred:Text ""How lonely or unsupported did you feel yesterday? [Likert 0–10: 0 = At no time, 10 = All the time]"" .

:QGEmotional_Regulation_Frequency pred:BaseQuestion ""Next, you will be asked questions about your emotional state. Please answer on a scale of 0 to 4, where 0 is never, 1 is 'almost never', 2 is 'sometimes', 3 is 'fairly often', and 4 is 'very often', how often you experienced the following feelings during the last month: [Likert 0–4]"" ;
    qg:hasSubQuestion :QEmotional_Regulation_Frequency_Upset_by_Unexpected_Events,
                      :QEmotional_Regulation_Frequency_Unable_to_Control_Important_Things,
                      :QEmotional_Regulation_Frequency_Nervous_and_Stressed,
                      :QEmotional_Regulation_Frequency_Lacked_Confidence_Handling_Problems,
                      :QEmotional_Regulation_Frequency_Things_Going_Your_Way,
                      :QEmotional_Regulation_Frequency_Unable_to_Cope,
                      :QEmotional_Regulation_Frequency_Irritated_by_Life,
                      :QEmotional_Regulation_Frequency_On_Top_of_Things,
                      :QEmotional_Regulation_Frequency_Angered_by_Uncontrollable_Events,
                      :QEmotional_Regulation_Frequency_Felt_Overwhelmed .

:QEmotional_Regulation_Frequency_Upset_by_Unexpected_Events pred:Text ""how often have you been upset because of something that happened unexpectedly?"" .
:QEmotional_Regulation_Frequency_Unable_to_Control_Important_Things pred:Text ""how often have you felt that you were unable to control the important things in your life?"" .
:QEmotional_Regulation_Frequency_Nervous_and_Stressed pred:Text ""how often have you felt nervous and stressed?"" .
:QEmotional_Regulation_Frequency_Lacked_Confidence_Handling_Problems pred:Text ""how often have you felt confident about your ability to handle your personal problems?"" .
:QEmotional_Regulation_Frequency_Things_Going_Your_Way pred:Text ""how often have you felt that things were going your way?"" .
:QEmotional_Regulation_Frequency_Unable_to_Cope pred:Text ""how often have you found that you could not cope with all the things that you had to do?"" .
:QEmotional_Regulation_Frequency_Irritated_by_Life pred:Text ""how often have you been able to control irritations in your life?"" .
:QEmotional_Regulation_Frequency_On_Top_of_Things pred:Text ""how often have you felt that you were on top of things?"" .
:QEmotional_Regulation_Frequency_Angered_by_Uncontrollable_Events pred:Text ""how often have you been angered because of things that happened that were outside of your control?"" .
:QEmotional_Regulation_Frequency_Felt_Overwhelmed pred:Text ""how often have you felt difficulties were piling up so high that you could not overcome them?"" .

:QGAnxiety_Symptoms_Frequency pred:BaseQuestion ""Next, you will be asked questions about your emotional state. Please answer on a scale of 0 to 3, where 0 is 'Not at all', 1 is 'several days', 2 is 'more than half of the days', and 3 is 'Nearly every day'. Over the last two weeks, how often have you been bothered by the following problems? [Likert 0–3]"" ;
    qg:hasSubQuestion :QAnxiety_Symptoms_Frequency_Feeling_Nervous_or_On_Edge,
                      :QAnxiety_Symptoms_Frequency_Uncontrollable_Worrying,
                      :QAnxiety_Symptoms_Frequency_Excessive_Worry,
                      :QAnxiety_Symptoms_Frequency_Trouble_Relaxing,
                      :QAnxiety_Symptoms_Frequency_Restlessness,
                      :QAnxiety_Symptoms_Frequency_Irritability,
                      :QAnxiety_Symptoms_Frequency_Fear_Something_Awful_Might_Happen .

:QAnxiety_Symptoms_Frequency_Feeling_Nervous_or_On_Edge pred:Text ""Feeling nervous, anxious, or on edge"" .
:QAnxiety_Symptoms_Frequency_Uncontrollable_Worrying pred:Text ""Not being able to stop or control worrying"" .
:QAnxiety_Symptoms_Frequency_Excessive_Worry pred:Text ""Worrying too much about different things"" .
:QAnxiety_Symptoms_Frequency_Trouble_Relaxing pred:Text ""Trouble relaxing"" .
:QAnxiety_Symptoms_Frequency_Restlessness pred:Text ""Being so restless that it is hard to sit still"" .
:QAnxiety_Symptoms_Frequency_Irritability pred:Text ""Becoming easily annoyed or irritable"" .
:QAnxiety_Symptoms_Frequency_Fear_Something_Awful_Might_Happen pred:Text ""Feeling afraid, as if something awful might happen"" .

:QGDepressive_Symptoms_Frequency pred:BaseQuestion ""Next, you will be asked questions about your emotional state. Please answer on a scale of 0 to 3, where 0 is 'Not at all', 1 is 'several days', 2 is 'more than half of the days', and 3 is 'Nearly every day'. Over the last two weeks, how often have you been bothered by the following problems?"" ;
    qg:hasSubQuestion :QDepressive_Symptoms_Frequency_Anhedonia,
                      :QDepressive_Symptoms_Frequency_Depressed_Mood,
                      :QDepressive_Symptoms_Frequency_Sleep_Problems,
                      :QDepressive_Symptoms_Frequency_Fatigue,
                      :QDepressive_Symptoms_Frequency_Appetite_Changes,
                      :QDepressive_Symptoms_Frequency_Feelings_of_Worthlessness,
                      :QDepressive_Symptoms_Frequency_Concentration_Difficulties,
                      :QDepressive_Symptoms_Frequency_Psychomotor_Changes,
                      :QDepressive_Symptoms_Frequency_Suicidal_Thoughts .

:QDepressive_Symptoms_Frequency_Anhedonia pred:Text ""Little interest or pleasure in doing things"" .
:QDepressive_Symptoms_Frequency_Depressed_Mood pred:Text ""Feeling down, depressed, or hopeless"" .
:QDepressive_Symptoms_Frequency_Sleep_Problems pred:Text ""Trouble falling or staying asleep, or sleeping too much"" .
:QDepressive_Symptoms_Frequency_Fatigue pred:Text ""Feeling tired or having little energy"" .
:QDepressive_Symptoms_Frequency_Appetite_Changes pred:Text ""Poor appetite or overeating"" .
:QDepressive_Symptoms_Frequency_Feelings_of_Worthlessness pred:Text ""Feeling bad about yourself or that you are a failure or have let yourself or your family down"" .
:QDepressive_Symptoms_Frequency_Concentration_Difficulties pred:Text ""Trouble concentrating on things, such as reading the newspaper or watching television"" .
:QDepressive_Symptoms_Frequency_Psychomotor_Changes pred:Text ""Moving or speaking so slowly that other people could have noticed. Or the opposite — being so fidgety or restless that you have been moving around a lot more than usual"" .
:QDepressive_Symptoms_Frequency_Suicidal_Thoughts pred:Text ""Thoughts that you would be better off dead, or of hurting yourself"" .

# Responses
:Respondent123 pred:Year_of_birth 2001.0 ;
     pred:Gender 2.0 ;
     pred:Socio_economic_status 3.0 ;
     pred:Ethnic_identity 6.0 .

:Respondent123_Parental_Education
                       pred:Father 11.0 .
:Respondent123 pred:hasGroupResponse :Respondent123_Parental_Education .

:Respondent123 pred:Life_satisfaction 7.0 ;
     pred:Happiness 8.0 ;
     pred:Laughter 10.0 ;
     pred:Learning 10.0 ;
     pred:Enjoyment 10.0 ;
     pred:Worry 3.0 ;
     pred:Depression 1.0 ;
     pred:Anger 4.0 ;
     pred:Stress 4.0 ;
     pred:Loneliness 1.0 .

:Respondent123_Emotional_Regulation_Frequency
                                   pred:Upset_by_Unexpected_Events 4.0 ;
                                   pred:Unable_to_Control_Important_Things 3.0 ;
                                   pred:Lacked_Confidence_Handling_Problems 2.0 ;
                                   pred:Unable_to_Cope 3.0 ;
                                   pred:Irritated_by_Life 2.0 ;
                                   pred:On_Top_of_Things 2.0 .
:Respondent123 pred:hasGroupResponse :Respondent123_Emotional_Regulation_Frequency .

:Respondent123_Anxiety_Symptoms_Frequency
                               pred:Feeling_Nervous_or_On_Edge 2.0 ;
                               pred:Trouble_Relaxing 2.0 ;
                               pred:Restlessness 0.0 ;
                               pred:Irritability 3.0 ;
                               pred:Fear_Something_Awful_Might_Happen 3.0 .
:Respondent123 pred:hasGroupResponse :Respondent123_Anxiety_Symptoms_Frequency .

:Respondent123_Depressive_Symptoms_Frequency
                                  pred:Anhedonia 0.0 ;
                                  pred:Sleep_Problems 1.0 ;
                                  pred:Fatigue 2.0 ;
                                  pred:Appetite_Changes 0.0 ;
                                  pred:Feelings_of_Worthlessness 2.0 ;
                                  pred:Concentration_Difficulties 1.0 ;
                                  pred:Suicidal_Thoughts 1.0 .
:Respondent123 pred:hasGroupResponse :Respondent123_Depressive_Symptoms_Frequency .

:Respondent88 pred:Year_of_birth 2002.0 ;
     pred:Gender 1.0 ;
     pred:Socio_economic_status 6.0 ;
     pred:Ethnic_identity 6.0 .

:Respondent88_Parental_Education
                       pred:Father 12.0 ;
                       pred:Mother 12.0 .
:Respondent88 pred:hasGroupResponse :Respondent88_Parental_Education .

:Respondent88 pred:Life_satisfaction 8.0 ;
     pred:Happiness 8.0 ;
     pred:Laughter 7.0 ;
     pred:Learning 4.0 ;
     pred:Enjoyment 8.0 ;
     pred:Worry 0.0 ;
     pred:Depression 0.0 ;
     pred:Anger 1.0 ;
     pred:Stress 1.0 ;
     pred:Loneliness 0.0 .

:Respondent88_Emotional_Regulation_Frequency
                                   pred:Upset_by_Unexpected_Events 1.0 ;
                                   pred:Unable_to_Control_Important_Things 1.0 ;
                                   pred:Lacked_Confidence_Handling_Problems 4.0 ;
                                   pred:Unable_to_Cope 0.0 ;
                                   pred:Irritated_by_Life 4.0 ;
                                   pred:On_Top_of_Things 4.0 .
:Respondent88 pred:hasGroupResponse :Respondent88_Emotional_Regulation_Frequency .

:Respondent88_Anxiety_Symptoms_Frequency
                               pred:Feeling_Nervous_or_On_Edge 0.0 ;
                               pred:Trouble_Relaxing 0.0 ;
                               pred:Restlessness 0.0 ;
                               pred:Irritability 0.0 ;
                               pred:Fear_Something_Awful_Might_Happen 0.0 .
:Respondent88 pred:hasGroupResponse :Respondent88_Anxiety_Symptoms_Frequency .

:Respondent88_Depressive_Symptoms_Frequency
                                  pred:Anhedonia 0.0 ;
                                  pred:Sleep_Problems 0.0 ;
                                  pred:Fatigue 0.0 ;
                                  pred:Appetite_Changes 0.0 ;
                                  pred:Feelings_of_Worthlessness 0.0 ;
                                  pred:Concentration_Difficulties 0.0 ;
                                  pred:Suicidal_Thoughts 0.0 .
:Respondent88 pred:hasGroupResponse :Respondent88_Depressive_Symptoms_Frequency .

:Respondent16 pred:Year_of_birth 2001.0 ;
     pred:Gender 1.0 ;
     pred:Socio_economic_status 5.0 ;
     pred:Ethnic_identity 6.0 .

:Respondent16_Parental_Education
                       pred:Father 30.0 ;
                       pred:Mother 20.0 .
:Respondent16 pred:hasGroupResponse :Respondent16_Parental_Education .

:Respondent16 pred:Life_satisfaction 6.0 ;
     pred:Happiness 9.0 ;
     pred:Laughter 10.0 ;
     pred:Learning 5.0 ;
     pred:Enjoyment 10.0 ;
     pred:Worry 2.0 ;
     pred:Depression 1.0 ;
     pred:Anger 4.0 ;
     pred:Stress 2.0 ;
     pred:Loneliness 1.0 .

:Respondent16_Emotional_Regulation_Frequency
                                   pred:Upset_by_Unexpected_Events 3.0 ;
                                   pred:Unable_to_Control_Important_Things 2.0 ;
                                   pred:Lacked_Confidence_Handling_Problems 2.0 ;
                                   pred:Unable_to_Cope 1.0 ;
                                   pred:Irritated_by_Life 3.0 ;
                                   pred:On_Top_of_Things 1.0 .
:Respondent16 pred:hasGroupResponse :Respondent16_Emotional_Regulation_Frequency .

:Respondent16_Anxiety_Symptoms_Frequency
                               pred:Feeling_Nervous_or_On_Edge 1.0 ;
                               pred:Trouble_Relaxing 1.0 ;
                               pred:Restlessness 0.0 ;
                               pred:Irritability 1.0 ;
                               pred:Fear_Something_Awful_Might_Happen 1.0 .
:Respondent16 pred:hasGroupResponse :Respondent16_Anxiety_Symptoms_Frequency .

:Respondent16_Depressive_Symptoms_Frequency
                                  pred:Anhedonia 1.0 ;
                                  pred:Sleep_Problems 2.0 ;
                                  pred:Fatigue 2.0 ;
                                  pred:Appetite_Changes 0.0 ;
                                  pred:Feelings_of_Worthlessness 0.0 ;
                                  pred:Concentration_Difficulties 0.0 ;
                                  pred:Suicidal_Thoughts 0.0 .
:Respondent16 pred:hasGroupResponse :Respondent16_Depressive_Symptoms_Frequency .

You are a meticulous data analyst AI. Your primary function is to accurately analyze structured data and provide precise, verifiable answers.

You will be given a dataset with two key parts:

A 'questions' section: This is your data dictionary or schema. It is the single source of truth for understanding what each field and score means. Refer to it carefully.

A 'responses' section: This contains the raw data from each individual respondent.

To answer the question correctly, you must first use the 'questions' schema to fully understand the context and meaning of the data points within the 'responses'. Do not rely on any prior knowledge outside of this provided data. Base your entire analysis on the information given.

Provide your final answer directly and concisely. Output must be the human-readable value, not an option code.

Rules:
- For MCQ fields, map any letter codes in the Responses (case-insensitive) to the corresponding option text from the Questions schema, and output only that text. Do NOT include the letter or both.
  Example: If the schema is ""[MCQ: A. Abnormal B. Inconclusive C. Normal]"" and the response is ""a"", output ""Abnormal"".
- For open-ended fields, output the exact text value.
- If the question asks for a count, provide only the number (e.g., ""42"").
- If the question asks for a list of names or IDs, provide a simple comma-separated list (e.g., ""17, 21, 23"").
- Preserve capitalization exactly as in the schema (e.g., output ""Abnormal"", not ""abnormal"" or ""A"").

What is the worry for respondent 88?",,
case_46,answer_lookup,What is the life satisfaction for respondent 18?,"@prefix : <http://example.org/survey#> .
@prefix pred: <http://example.org/predicate#> .
@prefix qg: <http://example.org/question_group#> .

# Questions
:QYear_of_birth pred:Text ""What is your date of birth? [Open-ended]"" .
:QGender pred:Text ""What is your gender? [MCQ: 1. Male 2. Female]"" .
:QSocio_economic_status pred:Text ""What is the socio-economic status of your home? [Likert 1–6: 1 = Very low, 6 = Very high]"" .
:QEthnic_identity pred:Text ""According to your culture, people, or physical features, you are or are recognized as: [MCQ: 1. Indigenous 2. Gypsy 3. Raizal from San Andres, Providencia and Santa Catalina Archipelago 4. Palenquero from San Basilio 5. Black, mulatto (Afro-descendant), Afro-Colombian 6. None of the above]"" .

:QGParental_Education pred:BaseQuestion ""How many years of education did your parents receive? [Open-ended]"" ;
    qg:hasSubQuestion :QParental_Education_Father, :QParental_Education_Mother .
:QParental_Education_Father pred:Text ""Father?"" .
:QParental_Education_Mother pred:Text ""Mother?"" .

:QLife_satisfaction pred:Text ""In general, how satisfied are you with all aspects of your life? [Likert 0–10: 0 = Not satisfied, 10 = Totally satisfied]"" .
:QHappiness pred:Text ""How happy did you feel yesterday? [Likert 0–10: 0 = At no time, 10 = All the time]"" .
:QLaughter pred:Text ""How much did you laugh yesterday? [Likert 0–10: 0 = At no time, 10 = All the time]"" .
:QLearning pred:Text ""Did you learn new or exciting things yesterday? [Likert 0–10: 0 = At no time, 10 = All the time]"" .
:QEnjoyment pred:Text ""How much did you enjoy the activities you did yesterday? [Likert 0–10: 0 = At no time, 10 = All the time]"" .
:QWorry pred:Text ""How worried did you feel yesterday? [Likert 0–10: 0 = At no time, 10 = All the time]"" .
:QDepression pred:Text ""How depressed did you feel yesterday? [Likert 0–10: 0 = At no time, 10 = All the time]"" .
:QAnger pred:Text ""How angry did you feel yesterday? [Likert 0–10: 0 = At no time, 10 = All the time]"" .
:QStress pred:Text ""How much stress did you feel yesterday? [Likert 0–10: 0 = At no time, 10 = All the time]"" .
:QLoneliness pred:Text ""How lonely or unsupported did you feel yesterday? [Likert 0–10: 0 = At no time, 10 = All the time]"" .

:QGEmotional_Regulation_Frequency pred:BaseQuestion ""Next, you will be asked questions about your emotional state. Please answer on a scale of 0 to 4, where 0 is never, 1 is 'almost never', 2 is 'sometimes', 3 is 'fairly often', and 4 is 'very often', how often you experienced the following feelings during the last month: [Likert 0–4]"" ;
    qg:hasSubQuestion :QEmotional_Regulation_Frequency_Upset_by_Unexpected_Events,
                      :QEmotional_Regulation_Frequency_Unable_to_Control_Important_Things,
                      :QEmotional_Regulation_Frequency_Nervous_and_Stressed,
                      :QEmotional_Regulation_Frequency_Lacked_Confidence_Handling_Problems,
                      :QEmotional_Regulation_Frequency_Things_Going_Your_Way,
                      :QEmotional_Regulation_Frequency_Unable_to_Cope,
                      :QEmotional_Regulation_Frequency_Irritated_by_Life,
                      :QEmotional_Regulation_Frequency_On_Top_of_Things,
                      :QEmotional_Regulation_Frequency_Angered_by_Uncontrollable_Events,
                      :QEmotional_Regulation_Frequency_Felt_Overwhelmed .

:QEmotional_Regulation_Frequency_Upset_by_Unexpected_Events pred:Text ""how often have you been upset because of something that happened unexpectedly?"" .
:QEmotional_Regulation_Frequency_Unable_to_Control_Important_Things pred:Text ""how often have you felt that you were unable to control the important things in your life?"" .
:QEmotional_Regulation_Frequency_Nervous_and_Stressed pred:Text ""how often have you felt nervous and stressed?"" .
:QEmotional_Regulation_Frequency_Lacked_Confidence_Handling_Problems pred:Text ""how often have you felt confident about your ability to handle your personal problems?"" .
:QEmotional_Regulation_Frequency_Things_Going_Your_Way pred:Text ""how often have you felt that things were going your way?"" .
:QEmotional_Regulation_Frequency_Unable_to_Cope pred:Text ""how often have you found that you could not cope with all the things that you had to do?"" .
:QEmotional_Regulation_Frequency_Irritated_by_Life pred:Text ""how often have you been able to control irritations in your life?"" .
:QEmotional_Regulation_Frequency_On_Top_of_Things pred:Text ""how often have you felt that you were on top of things?"" .
:QEmotional_Regulation_Frequency_Angered_by_Uncontrollable_Events pred:Text ""how often have you been angered because of things that happened that were outside of your control?"" .
:QEmotional_Regulation_Frequency_Felt_Overwhelmed pred:Text ""how often have you felt difficulties were piling up so high that you could not overcome them?"" .

:QGAnxiety_Symptoms_Frequency pred:BaseQuestion ""Next, you will be asked questions about your emotional state. Please answer on a scale of 0 to 3, where 0 is 'Not at all', 1 is 'several days', 2 is 'more than half of the days', and 3 is 'Nearly every day'. Over the last two weeks, how often have you been bothered by the following problems? [Likert 0–3]"" ;
    qg:hasSubQuestion :QAnxiety_Symptoms_Frequency_Feeling_Nervous_or_On_Edge,
                      :QAnxiety_Symptoms_Frequency_Uncontrollable_Worrying,
                      :QAnxiety_Symptoms_Frequency_Excessive_Worry,
                      :QAnxiety_Symptoms_Frequency_Trouble_Relaxing,
                      :QAnxiety_Symptoms_Frequency_Restlessness,
                      :QAnxiety_Symptoms_Frequency_Irritability,
                      :QAnxiety_Symptoms_Frequency_Fear_Something_Awful_Might_Happen .

:QAnxiety_Symptoms_Frequency_Feeling_Nervous_or_On_Edge pred:Text ""Feeling nervous, anxious, or on edge"" .
:QAnxiety_Symptoms_Frequency_Uncontrollable_Worrying pred:Text ""Not being able to stop or control worrying"" .
:QAnxiety_Symptoms_Frequency_Excessive_Worry pred:Text ""Worrying too much about different things"" .
:QAnxiety_Symptoms_Frequency_Trouble_Relaxing pred:Text ""Trouble relaxing"" .
:QAnxiety_Symptoms_Frequency_Restlessness pred:Text ""Being so restless that it is hard to sit still"" .
:QAnxiety_Symptoms_Frequency_Irritability pred:Text ""Becoming easily annoyed or irritable"" .
:QAnxiety_Symptoms_Frequency_Fear_Something_Awful_Might_Happen pred:Text ""Feeling afraid, as if something awful might happen"" .

:QGDepressive_Symptoms_Frequency pred:BaseQuestion ""Next, you will be asked questions about your emotional state. Please answer on a scale of 0 to 3, where 0 is 'Not at all', 1 is 'several days', 2 is 'more than half of the days', and 3 is 'Nearly every day'. Over the last two weeks, how often have you been bothered by the following problems?"" ;
    qg:hasSubQuestion :QDepressive_Symptoms_Frequency_Anhedonia,
                      :QDepressive_Symptoms_Frequency_Depressed_Mood,
                      :QDepressive_Symptoms_Frequency_Sleep_Problems,
                      :QDepressive_Symptoms_Frequency_Fatigue,
                      :QDepressive_Symptoms_Frequency_Appetite_Changes,
                      :QDepressive_Symptoms_Frequency_Feelings_of_Worthlessness,
                      :QDepressive_Symptoms_Frequency_Concentration_Difficulties,
                      :QDepressive_Symptoms_Frequency_Psychomotor_Changes,
                      :QDepressive_Symptoms_Frequency_Suicidal_Thoughts .

:QDepressive_Symptoms_Frequency_Anhedonia pred:Text ""Little interest or pleasure in doing things"" .
:QDepressive_Symptoms_Frequency_Depressed_Mood pred:Text ""Feeling down, depressed, or hopeless"" .
:QDepressive_Symptoms_Frequency_Sleep_Problems pred:Text ""Trouble falling or staying asleep, or sleeping too much"" .
:QDepressive_Symptoms_Frequency_Fatigue pred:Text ""Feeling tired or having little energy"" .
:QDepressive_Symptoms_Frequency_Appetite_Changes pred:Text ""Poor appetite or overeating"" .
:QDepressive_Symptoms_Frequency_Feelings_of_Worthlessness pred:Text ""Feeling bad about yourself or that you are a failure or have let yourself or your family down"" .
:QDepressive_Symptoms_Frequency_Concentration_Difficulties pred:Text ""Trouble concentrating on things, such as reading the newspaper or watching television"" .
:QDepressive_Symptoms_Frequency_Psychomotor_Changes pred:Text ""Moving or speaking so slowly that other people could have noticed. Or the opposite — being so fidgety or restless that you have been moving around a lot more than usual"" .
:QDepressive_Symptoms_Frequency_Suicidal_Thoughts pred:Text ""Thoughts that you would be better off dead, or of hurting yourself"" .

# Responses
:Respondent40 pred:Year_of_birth 2005.0 ;
     pred:Gender 2.0 ;
     pred:Socio_economic_status 3.0 ;
     pred:Ethnic_identity 6.0 .

:Respondent40 pred:Life_satisfaction 6.0 ;
     pred:Happiness 5.0 ;
     pred:Laughter 10.0 ;
     pred:Learning 8.0 ;
     pred:Enjoyment 8.0 ;
     pred:Worry 1.0 ;
     pred:Depression 3.0 ;
     pred:Anger 1.0 ;
     pred:Stress 2.0 ;
     pred:Loneliness 8.0 .

:Respondent40_Emotional_Regulation_Frequency
                                   pred:Upset_by_Unexpected_Events 3.0 ;
                                   pred:Unable_to_Control_Important_Things 3.0 ;
                                   pred:Lacked_Confidence_Handling_Problems 2.0 ;
                                   pred:Unable_to_Cope 3.0 ;
                                   pred:Irritated_by_Life 2.0 ;
                                   pred:On_Top_of_Things 2.0 .
:Respondent40 pred:hasGroupResponse :Respondent40_Emotional_Regulation_Frequency .

:Respondent40_Anxiety_Symptoms_Frequency
                               pred:Feeling_Nervous_or_On_Edge 1.0 ;
                               pred:Trouble_Relaxing 2.0 ;
                               pred:Restlessness 0.0 ;
                               pred:Irritability 1.0 ;
                               pred:Fear_Something_Awful_Might_Happen 1.0 .
:Respondent40 pred:hasGroupResponse :Respondent40_Anxiety_Symptoms_Frequency .

:Respondent40_Depressive_Symptoms_Frequency
                                  pred:Anhedonia 2.0 ;
                                  pred:Sleep_Problems 3.0 ;
                                  pred:Fatigue 3.0 ;
                                  pred:Appetite_Changes 1.0 ;
                                  pred:Feelings_of_Worthlessness 1.0 ;
                                  pred:Concentration_Difficulties 1.0 ;
                                  pred:Suicidal_Thoughts 0.0 .
:Respondent40 pred:hasGroupResponse :Respondent40_Depressive_Symptoms_Frequency .

:Respondent38 pred:Year_of_birth 2001.0 ;
     pred:Gender 2.0 ;
     pred:Socio_economic_status 3.0 ;
     pred:Ethnic_identity 6.0 .

:Respondent38_Parental_Education
                       pred:Father 11.0 ;
                       pred:Mother 11.0 .
:Respondent38 pred:hasGroupResponse :Respondent38_Parental_Education .

:Respondent38 pred:Life_satisfaction 5.0 ;
     pred:Happiness 7.0 ;
     pred:Laughter 7.0 ;
     pred:Learning 6.0 ;
     pred:Enjoyment 3.0 ;
     pred:Worry 1.0 ;
     pred:Depression 0.0 ;
     pred:Anger 3.0 ;
     pred:Stress 3.0 ;
     pred:Loneliness 3.0 .

:Respondent38_Emotional_Regulation_Frequency
                                   pred:Upset_by_Unexpected_Events 4.0 ;
                                   pred:Unable_to_Control_Important_Things 2.0 ;
                                   pred:Lacked_Confidence_Handling_Problems 3.0 ;
                                   pred:Unable_to_Cope 2.0 ;
                                   pred:Irritated_by_Life 3.0 ;
                                   pred:On_Top_of_Things 2.0 .
:Respondent38 pred:hasGroupResponse :Respondent38_Emotional_Regulation_Frequency .

:Respondent38_Anxiety_Symptoms_Frequency
                               pred:Feeling_Nervous_or_On_Edge 1.0 ;
                               pred:Trouble_Relaxing 1.0 ;
                               pred:Restlessness 0.0 ;
                               pred:Irritability 2.0 ;
                               pred:Fear_Something_Awful_Might_Happen 1.0 .
:Respondent38 pred:hasGroupResponse :Respondent38_Anxiety_Symptoms_Frequency .

:Respondent38_Depressive_Symptoms_Frequency
                                  pred:Anhedonia 0.0 ;
                                  pred:Sleep_Problems 0.0 ;
                                  pred:Fatigue 2.0 ;
                                  pred:Appetite_Changes 2.0 ;
                                  pred:Feelings_of_Worthlessness 1.0 ;
                                  pred:Concentration_Difficulties 1.0 ;
                                  pred:Suicidal_Thoughts 0.0 .
:Respondent38 pred:hasGroupResponse :Respondent38_Depressive_Symptoms_Frequency .

:Respondent18 pred:Year_of_birth 2005.0 ;
     pred:Gender 1.0 ;
     pred:Socio_economic_status 4.0 ;
     pred:Ethnic_identity 5.0 .

:Respondent18 pred:Life_satisfaction 9.0 ;
     pred:Happiness 8.0 ;
     pred:Laughter 3.0 ;
     pred:Learning 10.0 ;
     pred:Enjoyment 7.0 ;
     pred:Worry 1.0 ;
     pred:Depression 1.0 ;
     pred:Anger 2.0 ;
     pred:Stress 1.0 ;
     pred:Loneliness 10.0 .

:Respondent18_Emotional_Regulation_Frequency
                                   pred:Upset_by_Unexpected_Events 3.0 ;
                                   pred:Unable_to_Control_Important_Things 1.0 ;
                                   pred:Lacked_Confidence_Handling_Problems 3.0 ;
                                   pred:Unable_to_Cope 2.0 ;
                                   pred:Irritated_by_Life 4.0 ;
                                   pred:On_Top_of_Things 4.0 .
:Respondent18 pred:hasGroupResponse :Respondent18_Emotional_Regulation_Frequency .

:Respondent18_Anxiety_Symptoms_Frequency
                               pred:Feeling_Nervous_or_On_Edge 0.0 ;
                               pred:Trouble_Relaxing 1.0 ;
                               pred:Restlessness 0.0 ;
                               pred:Irritability 1.0 ;
                               pred:Fear_Something_Awful_Might_Happen 1.0 .
:Respondent18 pred:hasGroupResponse :Respondent18_Anxiety_Symptoms_Frequency .

:Respondent18_Depressive_Symptoms_Frequency
                                  pred:Anhedonia 1.0 ;
                                  pred:Sleep_Problems 0.0 ;
                                  pred:Fatigue 0.0 ;
                                  pred:Appetite_Changes 2.0 ;
                                  pred:Feelings_of_Worthlessness 0.0 ;
                                  pred:Concentration_Difficulties 2.0 ;
                                  pred:Suicidal_Thoughts 0.0 .
:Respondent18 pred:hasGroupResponse :Respondent18_Depressive_Symptoms_Frequency .
",9.0,"For respondent 129, what is the value for 'Appetite Changes' in the 'Depressive Symptoms Frequency' category?

DATA:

@prefix : <http://example.org/survey#> .
@prefix pred: <http://example.org/predicate#> .
@prefix qg: <http://example.org/question_group#> .

# Questions
:QYear_of_birth pred:Text ""What is your date of birth? [Open-ended]"" .
:QGender pred:Text ""What is your gender? [MCQ: 1. Male 2. Female]"" .
:QSocio_economic_status pred:Text ""What is the socio-economic status of your home? [Likert 1–6: 1 = Very low, 6 = Very high]"" .
:QEthnic_identity pred:Text ""According to your culture, people, or physical features, you are or are recognized as: [MCQ: 1. Indigenous 2. Gypsy 3. Raizal from San Andres, Providencia and Santa Catalina Archipelago 4. Palenquero from San Basilio 5. Black, mulatto (Afro-descendant), Afro-Colombian 6. None of the above]"" .

:QGParental_Education pred:BaseQuestion ""How many years of education did your parents receive? [Open-ended]"" ;
    qg:hasSubQuestion :QParental_Education_Father, :QParental_Education_Mother .
:QParental_Education_Father pred:Text ""Father?"" .
:QParental_Education_Mother pred:Text ""Mother?"" .

:QLife_satisfaction pred:Text ""In general, how satisfied are you with all aspects of your life? [Likert 0–10: 0 = Not satisfied, 10 = Totally satisfied]"" .
:QHappiness pred:Text ""How happy did you feel yesterday? [Likert 0–10: 0 = At no time, 10 = All the time]"" .
:QLaughter pred:Text ""How much did you laugh yesterday? [Likert 0–10: 0 = At no time, 10 = All the time]"" .
:QLearning pred:Text ""Did you learn new or exciting things yesterday? [Likert 0–10: 0 = At no time, 10 = All the time]"" .
:QEnjoyment pred:Text ""How much did you enjoy the activities you did yesterday? [Likert 0–10: 0 = At no time, 10 = All the time]"" .
:QWorry pred:Text ""How worried did you feel yesterday? [Likert 0–10: 0 = At no time, 10 = All the time]"" .
:QDepression pred:Text ""How depressed did you feel yesterday? [Likert 0–10: 0 = At no time, 10 = All the time]"" .
:QAnger pred:Text ""How angry did you feel yesterday? [Likert 0–10: 0 = At no time, 10 = All the time]"" .
:QStress pred:Text ""How much stress did you feel yesterday? [Likert 0–10: 0 = At no time, 10 = All the time]"" .
:QLoneliness pred:Text ""How lonely or unsupported did you feel yesterday? [Likert 0–10: 0 = At no time, 10 = All the time]"" .

:QGEmotional_Regulation_Frequency pred:BaseQuestion ""Next, you will be asked questions about your emotional state. Please answer on a scale of 0 to 4, where 0 is never, 1 is 'almost never', 2 is 'sometimes', 3 is 'fairly often', and 4 is 'very often', how often you experienced the following feelings during the last month: [Likert 0–4]"" ;
    qg:hasSubQuestion :QEmotional_Regulation_Frequency_Upset_by_Unexpected_Events,
                      :QEmotional_Regulation_Frequency_Unable_to_Control_Important_Things,
                      :QEmotional_Regulation_Frequency_Nervous_and_Stressed,
                      :QEmotional_Regulation_Frequency_Lacked_Confidence_Handling_Problems,
                      :QEmotional_Regulation_Frequency_Things_Going_Your_Way,
                      :QEmotional_Regulation_Frequency_Unable_to_Cope,
                      :QEmotional_Regulation_Frequency_Irritated_by_Life,
                      :QEmotional_Regulation_Frequency_On_Top_of_Things,
                      :QEmotional_Regulation_Frequency_Angered_by_Uncontrollable_Events,
                      :QEmotional_Regulation_Frequency_Felt_Overwhelmed .

:QEmotional_Regulation_Frequency_Upset_by_Unexpected_Events pred:Text ""how often have you been upset because of something that happened unexpectedly?"" .
:QEmotional_Regulation_Frequency_Unable_to_Control_Important_Things pred:Text ""how often have you felt that you were unable to control the important things in your life?"" .
:QEmotional_Regulation_Frequency_Nervous_and_Stressed pred:Text ""how often have you felt nervous and stressed?"" .
:QEmotional_Regulation_Frequency_Lacked_Confidence_Handling_Problems pred:Text ""how often have you felt confident about your ability to handle your personal problems?"" .
:QEmotional_Regulation_Frequency_Things_Going_Your_Way pred:Text ""how often have you felt that things were going your way?"" .
:QEmotional_Regulation_Frequency_Unable_to_Cope pred:Text ""how often have you found that you could not cope with all the things that you had to do?"" .
:QEmotional_Regulation_Frequency_Irritated_by_Life pred:Text ""how often have you been able to control irritations in your life?"" .
:QEmotional_Regulation_Frequency_On_Top_of_Things pred:Text ""how often have you felt that you were on top of things?"" .
:QEmotional_Regulation_Frequency_Angered_by_Uncontrollable_Events pred:Text ""how often have you been angered because of things that happened that were outside of your control?"" .
:QEmotional_Regulation_Frequency_Felt_Overwhelmed pred:Text ""how often have you felt difficulties were piling up so high that you could not overcome them?"" .

:QGAnxiety_Symptoms_Frequency pred:BaseQuestion ""Next, you will be asked questions about your emotional state. Please answer on a scale of 0 to 3, where 0 is 'Not at all', 1 is 'several days', 2 is 'more than half of the days', and 3 is 'Nearly every day'. Over the last two weeks, how often have you been bothered by the following problems? [Likert 0–3]"" ;
    qg:hasSubQuestion :QAnxiety_Symptoms_Frequency_Feeling_Nervous_or_On_Edge,
                      :QAnxiety_Symptoms_Frequency_Uncontrollable_Worrying,
                      :QAnxiety_Symptoms_Frequency_Excessive_Worry,
                      :QAnxiety_Symptoms_Frequency_Trouble_Relaxing,
                      :QAnxiety_Symptoms_Frequency_Restlessness,
                      :QAnxiety_Symptoms_Frequency_Irritability,
                      :QAnxiety_Symptoms_Frequency_Fear_Something_Awful_Might_Happen .

:QAnxiety_Symptoms_Frequency_Feeling_Nervous_or_On_Edge pred:Text ""Feeling nervous, anxious, or on edge"" .
:QAnxiety_Symptoms_Frequency_Uncontrollable_Worrying pred:Text ""Not being able to stop or control worrying"" .
:QAnxiety_Symptoms_Frequency_Excessive_Worry pred:Text ""Worrying too much about different things"" .
:QAnxiety_Symptoms_Frequency_Trouble_Relaxing pred:Text ""Trouble relaxing"" .
:QAnxiety_Symptoms_Frequency_Restlessness pred:Text ""Being so restless that it is hard to sit still"" .
:QAnxiety_Symptoms_Frequency_Irritability pred:Text ""Becoming easily annoyed or irritable"" .
:QAnxiety_Symptoms_Frequency_Fear_Something_Awful_Might_Happen pred:Text ""Feeling afraid, as if something awful might happen"" .

:QGDepressive_Symptoms_Frequency pred:BaseQuestion ""Next, you will be asked questions about your emotional state. Please answer on a scale of 0 to 3, where 0 is 'Not at all', 1 is 'several days', 2 is 'more than half of the days', and 3 is 'Nearly every day'. Over the last two weeks, how often have you been bothered by the following problems?"" ;
    qg:hasSubQuestion :QDepressive_Symptoms_Frequency_Anhedonia,
                      :QDepressive_Symptoms_Frequency_Depressed_Mood,
                      :QDepressive_Symptoms_Frequency_Sleep_Problems,
                      :QDepressive_Symptoms_Frequency_Fatigue,
                      :QDepressive_Symptoms_Frequency_Appetite_Changes,
                      :QDepressive_Symptoms_Frequency_Feelings_of_Worthlessness,
                      :QDepressive_Symptoms_Frequency_Concentration_Difficulties,
                      :QDepressive_Symptoms_Frequency_Psychomotor_Changes,
                      :QDepressive_Symptoms_Frequency_Suicidal_Thoughts .

:QDepressive_Symptoms_Frequency_Anhedonia pred:Text ""Little interest or pleasure in doing things"" .
:QDepressive_Symptoms_Frequency_Depressed_Mood pred:Text ""Feeling down, depressed, or hopeless"" .
:QDepressive_Symptoms_Frequency_Sleep_Problems pred:Text ""Trouble falling or staying asleep, or sleeping too much"" .
:QDepressive_Symptoms_Frequency_Fatigue pred:Text ""Feeling tired or having little energy"" .
:QDepressive_Symptoms_Frequency_Appetite_Changes pred:Text ""Poor appetite or overeating"" .
:QDepressive_Symptoms_Frequency_Feelings_of_Worthlessness pred:Text ""Feeling bad about yourself or that you are a failure or have let yourself or your family down"" .
:QDepressive_Symptoms_Frequency_Concentration_Difficulties pred:Text ""Trouble concentrating on things, such as reading the newspaper or watching television"" .
:QDepressive_Symptoms_Frequency_Psychomotor_Changes pred:Text ""Moving or speaking so slowly that other people could have noticed. Or the opposite — being so fidgety or restless that you have been moving around a lot more than usual"" .
:QDepressive_Symptoms_Frequency_Suicidal_Thoughts pred:Text ""Thoughts that you would be better off dead, or of hurting yourself"" .

# Responses
:Respondent73 pred:Year_of_birth 2005.0 ;
     pred:Gender 2.0 ;
     pred:Socio_economic_status 2.0 ;
     pred:Ethnic_identity 6.0 .

:Respondent73_Parental_Education
                       pred:Father 25.0 ;
                       pred:Mother 15.0 .
:Respondent73 pred:hasGroupResponse :Respondent73_Parental_Education .

:Respondent73 pred:Life_satisfaction 8.0 ;
     pred:Happiness 5.0 ;
     pred:Laughter 4.0 ;
     pred:Learning 5.0 ;
     pred:Enjoyment 5.0 ;
     pred:Worry 2.0 ;
     pred:Depression 1.0 ;
     pred:Anger 2.0 ;
     pred:Stress 4.0 ;
     pred:Loneliness 6.0 .

:Respondent73_Emotional_Regulation_Frequency
                                   pred:Upset_by_Unexpected_Events 2.0 ;
                                   pred:Unable_to_Control_Important_Things 2.0 ;
                                   pred:Lacked_Confidence_Handling_Problems 2.0 ;
                                   pred:Unable_to_Cope 2.0 ;
                                   pred:Irritated_by_Life 2.0 ;
                                   pred:On_Top_of_Things 2.0 .
:Respondent73 pred:hasGroupResponse :Respondent73_Emotional_Regulation_Frequency .

:Respondent73_Anxiety_Symptoms_Frequency
                               pred:Feeling_Nervous_or_On_Edge 2.0 ;
                               pred:Trouble_Relaxing 1.0 ;
                               pred:Restlessness 1.0 ;
                               pred:Irritability 2.0 ;
                               pred:Fear_Something_Awful_Might_Happen 2.0 .
:Respondent73 pred:hasGroupResponse :Respondent73_Anxiety_Symptoms_Frequency .

:Respondent73_Depressive_Symptoms_Frequency
                                  pred:Anhedonia 1.0 ;
                                  pred:Sleep_Problems 2.0 ;
                                  pred:Fatigue 1.0 ;
                                  pred:Appetite_Changes 1.0 ;
                                  pred:Feelings_of_Worthlessness 1.0 ;
                                  pred:Concentration_Difficulties 1.0 ;
                                  pred:Suicidal_Thoughts 0.0 .
:Respondent73 pred:hasGroupResponse :Respondent73_Depressive_Symptoms_Frequency .

:Respondent85 pred:Year_of_birth 2004.0 ;
     pred:Gender 2.0 ;
     pred:Socio_economic_status 3.0 ;
     pred:Ethnic_identity 6.0 .

:Respondent85_Parental_Education
                       pred:Father 18.0 .
:Respondent85 pred:hasGroupResponse :Respondent85_Parental_Education .

:Respondent85 pred:Life_satisfaction 5.0 ;
     pred:Happiness 6.0 ;
     pred:Laughter 6.0 ;
     pred:Learning 8.0 ;
     pred:Enjoyment 5.0 ;
     pred:Worry 1.0 ;
     pred:Depression 1.0 ;
     pred:Anger 2.0 ;
     pred:Stress 4.0 ;
     pred:Loneliness 1.0 .

:Respondent85_Emotional_Regulation_Frequency
                                   pred:Upset_by_Unexpected_Events 2.0 ;
                                   pred:Unable_to_Control_Important_Things 3.0 ;
                                   pred:Lacked_Confidence_Handling_Problems 2.0 ;
                                   pred:Unable_to_Cope 3.0 ;
                                   pred:Irritated_by_Life 3.0 ;
                                   pred:On_Top_of_Things 2.0 .
:Respondent85 pred:hasGroupResponse :Respondent85_Emotional_Regulation_Frequency .

:Respondent85_Anxiety_Symptoms_Frequency
                               pred:Feeling_Nervous_or_On_Edge 1.0 ;
                               pred:Trouble_Relaxing 1.0 ;
                               pred:Restlessness 0.0 ;
                               pred:Irritability 1.0 ;
                               pred:Fear_Something_Awful_Might_Happen 1.0 .
:Respondent85 pred:hasGroupResponse :Respondent85_Anxiety_Symptoms_Frequency .

:Respondent85_Depressive_Symptoms_Frequency
                                  pred:Anhedonia 2.0 ;
                                  pred:Sleep_Problems 2.0 ;
                                  pred:Fatigue 3.0 ;
                                  pred:Appetite_Changes 3.0 ;
                                  pred:Feelings_of_Worthlessness 1.0 ;
                                  pred:Concentration_Difficulties 1.0 ;
                                  pred:Suicidal_Thoughts 0.0 .
:Respondent85 pred:hasGroupResponse :Respondent85_Depressive_Symptoms_Frequency .

:Respondent129 pred:Year_of_birth 2001.0 ;
     pred:Gender 2.0 ;
     pred:Socio_economic_status 3.0 ;
     pred:Ethnic_identity 6.0 .

:Respondent129_Parental_Education
                       pred:Father 13.0 ;
                       pred:Mother 13.0 .
:Respondent129 pred:hasGroupResponse :Respondent129_Parental_Education .

:Respondent129 pred:Life_satisfaction 8.0 ;
     pred:Happiness 9.0 ;
     pred:Laughter 6.0 ;
     pred:Learning 5.0 ;
     pred:Enjoyment 6.0 ;
     pred:Worry 1.0 ;
     pred:Depression 1.0 ;
     pred:Anger 1.0 ;
     pred:Stress 3.0 ;
     pred:Loneliness 0.0 .

:Respondent129_Emotional_Regulation_Frequency
                                   pred:Upset_by_Unexpected_Events 1.0 ;
                                   pred:Unable_to_Control_Important_Things 1.0 ;
                                   pred:Lacked_Confidence_Handling_Problems 3.0 ;
                                   pred:Unable_to_Cope 2.0 ;
                                   pred:Irritated_by_Life 3.0 ;
                                   pred:On_Top_of_Things 2.0 .
:Respondent129 pred:hasGroupResponse :Respondent129_Emotional_Regulation_Frequency .

:Respondent129_Anxiety_Symptoms_Frequency
                               pred:Feeling_Nervous_or_On_Edge 1.0 ;
                               pred:Trouble_Relaxing 1.0 ;
                               pred:Restlessness 0.0 ;
                               pred:Irritability 0.0 ;
                               pred:Fear_Something_Awful_Might_Happen 0.0 .
:Respondent129 pred:hasGroupResponse :Respondent129_Anxiety_Symptoms_Frequency .

:Respondent129_Depressive_Symptoms_Frequency
                                  pred:Anhedonia 1.0 ;
                                  pred:Sleep_Problems 1.0 ;
                                  pred:Fatigue 2.0 ;
                                  pred:Appetite_Changes 2.0 ;
                                  pred:Feelings_of_Worthlessness 0.0 ;
                                  pred:Concentration_Difficulties 2.0 ;
                                  pred:Suicidal_Thoughts 0.0 .
:Respondent129 pred:hasGroupResponse :Respondent129_Depressive_Symptoms_Frequency .

Answer: 2.0

@prefix : <http://example.org/survey#> .
@prefix pred: <http://example.org/predicate#> .
@prefix qg: <http://example.org/question_group#> .

# Questions
:QYear_of_birth pred:Text ""What is your date of birth? [Open-ended]"" .
:QGender pred:Text ""What is your gender? [MCQ: 1. Male 2. Female]"" .
:QSocio_economic_status pred:Text ""What is the socio-economic status of your home? [Likert 1–6: 1 = Very low, 6 = Very high]"" .
:QEthnic_identity pred:Text ""According to your culture, people, or physical features, you are or are recognized as: [MCQ: 1. Indigenous 2. Gypsy 3. Raizal from San Andres, Providencia and Santa Catalina Archipelago 4. Palenquero from San Basilio 5. Black, mulatto (Afro-descendant), Afro-Colombian 6. None of the above]"" .

:QGParental_Education pred:BaseQuestion ""How many years of education did your parents receive? [Open-ended]"" ;
    qg:hasSubQuestion :QParental_Education_Father, :QParental_Education_Mother .
:QParental_Education_Father pred:Text ""Father?"" .
:QParental_Education_Mother pred:Text ""Mother?"" .

:QLife_satisfaction pred:Text ""In general, how satisfied are you with all aspects of your life? [Likert 0–10: 0 = Not satisfied, 10 = Totally satisfied]"" .
:QHappiness pred:Text ""How happy did you feel yesterday? [Likert 0–10: 0 = At no time, 10 = All the time]"" .
:QLaughter pred:Text ""How much did you laugh yesterday? [Likert 0–10: 0 = At no time, 10 = All the time]"" .
:QLearning pred:Text ""Did you learn new or exciting things yesterday? [Likert 0–10: 0 = At no time, 10 = All the time]"" .
:QEnjoyment pred:Text ""How much did you enjoy the activities you did yesterday? [Likert 0–10: 0 = At no time, 10 = All the time]"" .
:QWorry pred:Text ""How worried did you feel yesterday? [Likert 0–10: 0 = At no time, 10 = All the time]"" .
:QDepression pred:Text ""How depressed did you feel yesterday? [Likert 0–10: 0 = At no time, 10 = All the time]"" .
:QAnger pred:Text ""How angry did you feel yesterday? [Likert 0–10: 0 = At no time, 10 = All the time]"" .
:QStress pred:Text ""How much stress did you feel yesterday? [Likert 0–10: 0 = At no time, 10 = All the time]"" .
:QLoneliness pred:Text ""How lonely or unsupported did you feel yesterday? [Likert 0–10: 0 = At no time, 10 = All the time]"" .

:QGEmotional_Regulation_Frequency pred:BaseQuestion ""Next, you will be asked questions about your emotional state. Please answer on a scale of 0 to 4, where 0 is never, 1 is 'almost never', 2 is 'sometimes', 3 is 'fairly often', and 4 is 'very often', how often you experienced the following feelings during the last month: [Likert 0–4]"" ;
    qg:hasSubQuestion :QEmotional_Regulation_Frequency_Upset_by_Unexpected_Events,
                      :QEmotional_Regulation_Frequency_Unable_to_Control_Important_Things,
                      :QEmotional_Regulation_Frequency_Nervous_and_Stressed,
                      :QEmotional_Regulation_Frequency_Lacked_Confidence_Handling_Problems,
                      :QEmotional_Regulation_Frequency_Things_Going_Your_Way,
                      :QEmotional_Regulation_Frequency_Unable_to_Cope,
                      :QEmotional_Regulation_Frequency_Irritated_by_Life,
                      :QEmotional_Regulation_Frequency_On_Top_of_Things,
                      :QEmotional_Regulation_Frequency_Angered_by_Uncontrollable_Events,
                      :QEmotional_Regulation_Frequency_Felt_Overwhelmed .

:QEmotional_Regulation_Frequency_Upset_by_Unexpected_Events pred:Text ""how often have you been upset because of something that happened unexpectedly?"" .
:QEmotional_Regulation_Frequency_Unable_to_Control_Important_Things pred:Text ""how often have you felt that you were unable to control the important things in your life?"" .
:QEmotional_Regulation_Frequency_Nervous_and_Stressed pred:Text ""how often have you felt nervous and stressed?"" .
:QEmotional_Regulation_Frequency_Lacked_Confidence_Handling_Problems pred:Text ""how often have you felt confident about your ability to handle your personal problems?"" .
:QEmotional_Regulation_Frequency_Things_Going_Your_Way pred:Text ""how often have you felt that things were going your way?"" .
:QEmotional_Regulation_Frequency_Unable_to_Cope pred:Text ""how often have you found that you could not cope with all the things that you had to do?"" .
:QEmotional_Regulation_Frequency_Irritated_by_Life pred:Text ""how often have you been able to control irritations in your life?"" .
:QEmotional_Regulation_Frequency_On_Top_of_Things pred:Text ""how often have you felt that you were on top of things?"" .
:QEmotional_Regulation_Frequency_Angered_by_Uncontrollable_Events pred:Text ""how often have you been angered because of things that happened that were outside of your control?"" .
:QEmotional_Regulation_Frequency_Felt_Overwhelmed pred:Text ""how often have you felt difficulties were piling up so high that you could not overcome them?"" .

:QGAnxiety_Symptoms_Frequency pred:BaseQuestion ""Next, you will be asked questions about your emotional state. Please answer on a scale of 0 to 3, where 0 is 'Not at all', 1 is 'several days', 2 is 'more than half of the days', and 3 is 'Nearly every day'. Over the last two weeks, how often have you been bothered by the following problems? [Likert 0–3]"" ;
    qg:hasSubQuestion :QAnxiety_Symptoms_Frequency_Feeling_Nervous_or_On_Edge,
                      :QAnxiety_Symptoms_Frequency_Uncontrollable_Worrying,
                      :QAnxiety_Symptoms_Frequency_Excessive_Worry,
                      :QAnxiety_Symptoms_Frequency_Trouble_Relaxing,
                      :QAnxiety_Symptoms_Frequency_Restlessness,
                      :QAnxiety_Symptoms_Frequency_Irritability,
                      :QAnxiety_Symptoms_Frequency_Fear_Something_Awful_Might_Happen .

:QAnxiety_Symptoms_Frequency_Feeling_Nervous_or_On_Edge pred:Text ""Feeling nervous, anxious, or on edge"" .
:QAnxiety_Symptoms_Frequency_Uncontrollable_Worrying pred:Text ""Not being able to stop or control worrying"" .
:QAnxiety_Symptoms_Frequency_Excessive_Worry pred:Text ""Worrying too much about different things"" .
:QAnxiety_Symptoms_Frequency_Trouble_Relaxing pred:Text ""Trouble relaxing"" .
:QAnxiety_Symptoms_Frequency_Restlessness pred:Text ""Being so restless that it is hard to sit still"" .
:QAnxiety_Symptoms_Frequency_Irritability pred:Text ""Becoming easily annoyed or irritable"" .
:QAnxiety_Symptoms_Frequency_Fear_Something_Awful_Might_Happen pred:Text ""Feeling afraid, as if something awful might happen"" .

:QGDepressive_Symptoms_Frequency pred:BaseQuestion ""Next, you will be asked questions about your emotional state. Please answer on a scale of 0 to 3, where 0 is 'Not at all', 1 is 'several days', 2 is 'more than half of the days', and 3 is 'Nearly every day'. Over the last two weeks, how often have you been bothered by the following problems?"" ;
    qg:hasSubQuestion :QDepressive_Symptoms_Frequency_Anhedonia,
                      :QDepressive_Symptoms_Frequency_Depressed_Mood,
                      :QDepressive_Symptoms_Frequency_Sleep_Problems,
                      :QDepressive_Symptoms_Frequency_Fatigue,
                      :QDepressive_Symptoms_Frequency_Appetite_Changes,
                      :QDepressive_Symptoms_Frequency_Feelings_of_Worthlessness,
                      :QDepressive_Symptoms_Frequency_Concentration_Difficulties,
                      :QDepressive_Symptoms_Frequency_Psychomotor_Changes,
                      :QDepressive_Symptoms_Frequency_Suicidal_Thoughts .

:QDepressive_Symptoms_Frequency_Anhedonia pred:Text ""Little interest or pleasure in doing things"" .
:QDepressive_Symptoms_Frequency_Depressed_Mood pred:Text ""Feeling down, depressed, or hopeless"" .
:QDepressive_Symptoms_Frequency_Sleep_Problems pred:Text ""Trouble falling or staying asleep, or sleeping too much"" .
:QDepressive_Symptoms_Frequency_Fatigue pred:Text ""Feeling tired or having little energy"" .
:QDepressive_Symptoms_Frequency_Appetite_Changes pred:Text ""Poor appetite or overeating"" .
:QDepressive_Symptoms_Frequency_Feelings_of_Worthlessness pred:Text ""Feeling bad about yourself or that you are a failure or have let yourself or your family down"" .
:QDepressive_Symptoms_Frequency_Concentration_Difficulties pred:Text ""Trouble concentrating on things, such as reading the newspaper or watching television"" .
:QDepressive_Symptoms_Frequency_Psychomotor_Changes pred:Text ""Moving or speaking so slowly that other people could have noticed. Or the opposite — being so fidgety or restless that you have been moving around a lot more than usual"" .
:QDepressive_Symptoms_Frequency_Suicidal_Thoughts pred:Text ""Thoughts that you would be better off dead, or of hurting yourself"" .

# Responses
:Respondent40 pred:Year_of_birth 2005.0 ;
     pred:Gender 2.0 ;
     pred:Socio_economic_status 3.0 ;
     pred:Ethnic_identity 6.0 .

:Respondent40 pred:Life_satisfaction 6.0 ;
     pred:Happiness 5.0 ;
     pred:Laughter 10.0 ;
     pred:Learning 8.0 ;
     pred:Enjoyment 8.0 ;
     pred:Worry 1.0 ;
     pred:Depression 3.0 ;
     pred:Anger 1.0 ;
     pred:Stress 2.0 ;
     pred:Loneliness 8.0 .

:Respondent40_Emotional_Regulation_Frequency
                                   pred:Upset_by_Unexpected_Events 3.0 ;
                                   pred:Unable_to_Control_Important_Things 3.0 ;
                                   pred:Lacked_Confidence_Handling_Problems 2.0 ;
                                   pred:Unable_to_Cope 3.0 ;
                                   pred:Irritated_by_Life 2.0 ;
                                   pred:On_Top_of_Things 2.0 .
:Respondent40 pred:hasGroupResponse :Respondent40_Emotional_Regulation_Frequency .

:Respondent40_Anxiety_Symptoms_Frequency
                               pred:Feeling_Nervous_or_On_Edge 1.0 ;
                               pred:Trouble_Relaxing 2.0 ;
                               pred:Restlessness 0.0 ;
                               pred:Irritability 1.0 ;
                               pred:Fear_Something_Awful_Might_Happen 1.0 .
:Respondent40 pred:hasGroupResponse :Respondent40_Anxiety_Symptoms_Frequency .

:Respondent40_Depressive_Symptoms_Frequency
                                  pred:Anhedonia 2.0 ;
                                  pred:Sleep_Problems 3.0 ;
                                  pred:Fatigue 3.0 ;
                                  pred:Appetite_Changes 1.0 ;
                                  pred:Feelings_of_Worthlessness 1.0 ;
                                  pred:Concentration_Difficulties 1.0 ;
                                  pred:Suicidal_Thoughts 0.0 .
:Respondent40 pred:hasGroupResponse :Respondent40_Depressive_Symptoms_Frequency .

:Respondent38 pred:Year_of_birth 2001.0 ;
     pred:Gender 2.0 ;
     pred:Socio_economic_status 3.0 ;
     pred:Ethnic_identity 6.0 .

:Respondent38_Parental_Education
                       pred:Father 11.0 ;
                       pred:Mother 11.0 .
:Respondent38 pred:hasGroupResponse :Respondent38_Parental_Education .

:Respondent38 pred:Life_satisfaction 5.0 ;
     pred:Happiness 7.0 ;
     pred:Laughter 7.0 ;
     pred:Learning 6.0 ;
     pred:Enjoyment 3.0 ;
     pred:Worry 1.0 ;
     pred:Depression 0.0 ;
     pred:Anger 3.0 ;
     pred:Stress 3.0 ;
     pred:Loneliness 3.0 .

:Respondent38_Emotional_Regulation_Frequency
                                   pred:Upset_by_Unexpected_Events 4.0 ;
                                   pred:Unable_to_Control_Important_Things 2.0 ;
                                   pred:Lacked_Confidence_Handling_Problems 3.0 ;
                                   pred:Unable_to_Cope 2.0 ;
                                   pred:Irritated_by_Life 3.0 ;
                                   pred:On_Top_of_Things 2.0 .
:Respondent38 pred:hasGroupResponse :Respondent38_Emotional_Regulation_Frequency .

:Respondent38_Anxiety_Symptoms_Frequency
                               pred:Feeling_Nervous_or_On_Edge 1.0 ;
                               pred:Trouble_Relaxing 1.0 ;
                               pred:Restlessness 0.0 ;
                               pred:Irritability 2.0 ;
                               pred:Fear_Something_Awful_Might_Happen 1.0 .
:Respondent38 pred:hasGroupResponse :Respondent38_Anxiety_Symptoms_Frequency .

:Respondent38_Depressive_Symptoms_Frequency
                                  pred:Anhedonia 0.0 ;
                                  pred:Sleep_Problems 0.0 ;
                                  pred:Fatigue 2.0 ;
                                  pred:Appetite_Changes 2.0 ;
                                  pred:Feelings_of_Worthlessness 1.0 ;
                                  pred:Concentration_Difficulties 1.0 ;
                                  pred:Suicidal_Thoughts 0.0 .
:Respondent38 pred:hasGroupResponse :Respondent38_Depressive_Symptoms_Frequency .

:Respondent18 pred:Year_of_birth 2005.0 ;
     pred:Gender 1.0 ;
     pred:Socio_economic_status 4.0 ;
     pred:Ethnic_identity 5.0 .

:Respondent18 pred:Life_satisfaction 9.0 ;
     pred:Happiness 8.0 ;
     pred:Laughter 3.0 ;
     pred:Learning 10.0 ;
     pred:Enjoyment 7.0 ;
     pred:Worry 1.0 ;
     pred:Depression 1.0 ;
     pred:Anger 2.0 ;
     pred:Stress 1.0 ;
     pred:Loneliness 10.0 .

:Respondent18_Emotional_Regulation_Frequency
                                   pred:Upset_by_Unexpected_Events 3.0 ;
                                   pred:Unable_to_Control_Important_Things 1.0 ;
                                   pred:Lacked_Confidence_Handling_Problems 3.0 ;
                                   pred:Unable_to_Cope 2.0 ;
                                   pred:Irritated_by_Life 4.0 ;
                                   pred:On_Top_of_Things 4.0 .
:Respondent18 pred:hasGroupResponse :Respondent18_Emotional_Regulation_Frequency .

:Respondent18_Anxiety_Symptoms_Frequency
                               pred:Feeling_Nervous_or_On_Edge 0.0 ;
                               pred:Trouble_Relaxing 1.0 ;
                               pred:Restlessness 0.0 ;
                               pred:Irritability 1.0 ;
                               pred:Fear_Something_Awful_Might_Happen 1.0 .
:Respondent18 pred:hasGroupResponse :Respondent18_Anxiety_Symptoms_Frequency .

:Respondent18_Depressive_Symptoms_Frequency
                                  pred:Anhedonia 1.0 ;
                                  pred:Sleep_Problems 0.0 ;
                                  pred:Fatigue 0.0 ;
                                  pred:Appetite_Changes 2.0 ;
                                  pred:Feelings_of_Worthlessness 0.0 ;
                                  pred:Concentration_Difficulties 2.0 ;
                                  pred:Suicidal_Thoughts 0.0 .
:Respondent18 pred:hasGroupResponse :Respondent18_Depressive_Symptoms_Frequency .

You are a meticulous data analyst AI. Your primary function is to accurately analyze structured data and provide precise, verifiable answers.

You will be given a dataset with two key parts:

A 'questions' section: This is your data dictionary or schema. It is the single source of truth for understanding what each field and score means. Refer to it carefully.

A 'responses' section: This contains the raw data from each individual respondent.

To answer the question correctly, you must first use the 'questions' schema to fully understand the context and meaning of the data points within the 'responses'. Do not rely on any prior knowledge outside of this provided data. Base your entire analysis on the information given.

Provide your final answer directly and concisely. Output must be the human-readable value, not an option code.

Rules:
- For MCQ fields, map any letter codes in the Responses (case-insensitive) to the corresponding option text from the Questions schema, and output only that text. Do NOT include the letter or both.
  Example: If the schema is ""[MCQ: A. Abnormal B. Inconclusive C. Normal]"" and the response is ""a"", output ""Abnormal"".
- For open-ended fields, output the exact text value.
- If the question asks for a count, provide only the number (e.g., ""42"").
- If the question asks for a list of names or IDs, provide a simple comma-separated list (e.g., ""17, 21, 23"").
- Preserve capitalization exactly as in the schema (e.g., output ""Abnormal"", not ""abnormal"" or ""A"").

What is the life satisfaction for respondent 18?",,
case_47,answer_lookup,"For respondent 87, what is the value for 'Irritability' in the 'Anxiety Symptoms Frequency' category?","@prefix : <http://example.org/survey#> .
@prefix pred: <http://example.org/predicate#> .
@prefix qg: <http://example.org/question_group#> .

# Questions
:QYear_of_birth pred:Text ""What is your date of birth? [Open-ended]"" .
:QGender pred:Text ""What is your gender? [MCQ: 1. Male 2. Female]"" .
:QSocio_economic_status pred:Text ""What is the socio-economic status of your home? [Likert 1–6: 1 = Very low, 6 = Very high]"" .
:QEthnic_identity pred:Text ""According to your culture, people, or physical features, you are or are recognized as: [MCQ: 1. Indigenous 2. Gypsy 3. Raizal from San Andres, Providencia and Santa Catalina Archipelago 4. Palenquero from San Basilio 5. Black, mulatto (Afro-descendant), Afro-Colombian 6. None of the above]"" .

:QGParental_Education pred:BaseQuestion ""How many years of education did your parents receive? [Open-ended]"" ;
    qg:hasSubQuestion :QParental_Education_Father, :QParental_Education_Mother .
:QParental_Education_Father pred:Text ""Father?"" .
:QParental_Education_Mother pred:Text ""Mother?"" .

:QLife_satisfaction pred:Text ""In general, how satisfied are you with all aspects of your life? [Likert 0–10: 0 = Not satisfied, 10 = Totally satisfied]"" .
:QHappiness pred:Text ""How happy did you feel yesterday? [Likert 0–10: 0 = At no time, 10 = All the time]"" .
:QLaughter pred:Text ""How much did you laugh yesterday? [Likert 0–10: 0 = At no time, 10 = All the time]"" .
:QLearning pred:Text ""Did you learn new or exciting things yesterday? [Likert 0–10: 0 = At no time, 10 = All the time]"" .
:QEnjoyment pred:Text ""How much did you enjoy the activities you did yesterday? [Likert 0–10: 0 = At no time, 10 = All the time]"" .
:QWorry pred:Text ""How worried did you feel yesterday? [Likert 0–10: 0 = At no time, 10 = All the time]"" .
:QDepression pred:Text ""How depressed did you feel yesterday? [Likert 0–10: 0 = At no time, 10 = All the time]"" .
:QAnger pred:Text ""How angry did you feel yesterday? [Likert 0–10: 0 = At no time, 10 = All the time]"" .
:QStress pred:Text ""How much stress did you feel yesterday? [Likert 0–10: 0 = At no time, 10 = All the time]"" .
:QLoneliness pred:Text ""How lonely or unsupported did you feel yesterday? [Likert 0–10: 0 = At no time, 10 = All the time]"" .

:QGEmotional_Regulation_Frequency pred:BaseQuestion ""Next, you will be asked questions about your emotional state. Please answer on a scale of 0 to 4, where 0 is never, 1 is 'almost never', 2 is 'sometimes', 3 is 'fairly often', and 4 is 'very often', how often you experienced the following feelings during the last month: [Likert 0–4]"" ;
    qg:hasSubQuestion :QEmotional_Regulation_Frequency_Upset_by_Unexpected_Events,
                      :QEmotional_Regulation_Frequency_Unable_to_Control_Important_Things,
                      :QEmotional_Regulation_Frequency_Nervous_and_Stressed,
                      :QEmotional_Regulation_Frequency_Lacked_Confidence_Handling_Problems,
                      :QEmotional_Regulation_Frequency_Things_Going_Your_Way,
                      :QEmotional_Regulation_Frequency_Unable_to_Cope,
                      :QEmotional_Regulation_Frequency_Irritated_by_Life,
                      :QEmotional_Regulation_Frequency_On_Top_of_Things,
                      :QEmotional_Regulation_Frequency_Angered_by_Uncontrollable_Events,
                      :QEmotional_Regulation_Frequency_Felt_Overwhelmed .

:QEmotional_Regulation_Frequency_Upset_by_Unexpected_Events pred:Text ""how often have you been upset because of something that happened unexpectedly?"" .
:QEmotional_Regulation_Frequency_Unable_to_Control_Important_Things pred:Text ""how often have you felt that you were unable to control the important things in your life?"" .
:QEmotional_Regulation_Frequency_Nervous_and_Stressed pred:Text ""how often have you felt nervous and stressed?"" .
:QEmotional_Regulation_Frequency_Lacked_Confidence_Handling_Problems pred:Text ""how often have you felt confident about your ability to handle your personal problems?"" .
:QEmotional_Regulation_Frequency_Things_Going_Your_Way pred:Text ""how often have you felt that things were going your way?"" .
:QEmotional_Regulation_Frequency_Unable_to_Cope pred:Text ""how often have you found that you could not cope with all the things that you had to do?"" .
:QEmotional_Regulation_Frequency_Irritated_by_Life pred:Text ""how often have you been able to control irritations in your life?"" .
:QEmotional_Regulation_Frequency_On_Top_of_Things pred:Text ""how often have you felt that you were on top of things?"" .
:QEmotional_Regulation_Frequency_Angered_by_Uncontrollable_Events pred:Text ""how often have you been angered because of things that happened that were outside of your control?"" .
:QEmotional_Regulation_Frequency_Felt_Overwhelmed pred:Text ""how often have you felt difficulties were piling up so high that you could not overcome them?"" .

:QGAnxiety_Symptoms_Frequency pred:BaseQuestion ""Next, you will be asked questions about your emotional state. Please answer on a scale of 0 to 3, where 0 is 'Not at all', 1 is 'several days', 2 is 'more than half of the days', and 3 is 'Nearly every day'. Over the last two weeks, how often have you been bothered by the following problems? [Likert 0–3]"" ;
    qg:hasSubQuestion :QAnxiety_Symptoms_Frequency_Feeling_Nervous_or_On_Edge,
                      :QAnxiety_Symptoms_Frequency_Uncontrollable_Worrying,
                      :QAnxiety_Symptoms_Frequency_Excessive_Worry,
                      :QAnxiety_Symptoms_Frequency_Trouble_Relaxing,
                      :QAnxiety_Symptoms_Frequency_Restlessness,
                      :QAnxiety_Symptoms_Frequency_Irritability,
                      :QAnxiety_Symptoms_Frequency_Fear_Something_Awful_Might_Happen .

:QAnxiety_Symptoms_Frequency_Feeling_Nervous_or_On_Edge pred:Text ""Feeling nervous, anxious, or on edge"" .
:QAnxiety_Symptoms_Frequency_Uncontrollable_Worrying pred:Text ""Not being able to stop or control worrying"" .
:QAnxiety_Symptoms_Frequency_Excessive_Worry pred:Text ""Worrying too much about different things"" .
:QAnxiety_Symptoms_Frequency_Trouble_Relaxing pred:Text ""Trouble relaxing"" .
:QAnxiety_Symptoms_Frequency_Restlessness pred:Text ""Being so restless that it is hard to sit still"" .
:QAnxiety_Symptoms_Frequency_Irritability pred:Text ""Becoming easily annoyed or irritable"" .
:QAnxiety_Symptoms_Frequency_Fear_Something_Awful_Might_Happen pred:Text ""Feeling afraid, as if something awful might happen"" .

:QGDepressive_Symptoms_Frequency pred:BaseQuestion ""Next, you will be asked questions about your emotional state. Please answer on a scale of 0 to 3, where 0 is 'Not at all', 1 is 'several days', 2 is 'more than half of the days', and 3 is 'Nearly every day'. Over the last two weeks, how often have you been bothered by the following problems?"" ;
    qg:hasSubQuestion :QDepressive_Symptoms_Frequency_Anhedonia,
                      :QDepressive_Symptoms_Frequency_Depressed_Mood,
                      :QDepressive_Symptoms_Frequency_Sleep_Problems,
                      :QDepressive_Symptoms_Frequency_Fatigue,
                      :QDepressive_Symptoms_Frequency_Appetite_Changes,
                      :QDepressive_Symptoms_Frequency_Feelings_of_Worthlessness,
                      :QDepressive_Symptoms_Frequency_Concentration_Difficulties,
                      :QDepressive_Symptoms_Frequency_Psychomotor_Changes,
                      :QDepressive_Symptoms_Frequency_Suicidal_Thoughts .

:QDepressive_Symptoms_Frequency_Anhedonia pred:Text ""Little interest or pleasure in doing things"" .
:QDepressive_Symptoms_Frequency_Depressed_Mood pred:Text ""Feeling down, depressed, or hopeless"" .
:QDepressive_Symptoms_Frequency_Sleep_Problems pred:Text ""Trouble falling or staying asleep, or sleeping too much"" .
:QDepressive_Symptoms_Frequency_Fatigue pred:Text ""Feeling tired or having little energy"" .
:QDepressive_Symptoms_Frequency_Appetite_Changes pred:Text ""Poor appetite or overeating"" .
:QDepressive_Symptoms_Frequency_Feelings_of_Worthlessness pred:Text ""Feeling bad about yourself or that you are a failure or have let yourself or your family down"" .
:QDepressive_Symptoms_Frequency_Concentration_Difficulties pred:Text ""Trouble concentrating on things, such as reading the newspaper or watching television"" .
:QDepressive_Symptoms_Frequency_Psychomotor_Changes pred:Text ""Moving or speaking so slowly that other people could have noticed. Or the opposite — being so fidgety or restless that you have been moving around a lot more than usual"" .
:QDepressive_Symptoms_Frequency_Suicidal_Thoughts pred:Text ""Thoughts that you would be better off dead, or of hurting yourself"" .

# Responses
:Respondent87 pred:Year_of_birth 2005.0 ;
     pred:Gender 2.0 ;
     pred:Socio_economic_status 4.0 ;
     pred:Ethnic_identity 6.0 .

:Respondent87_Parental_Education
                       pred:Father 17.0 .
:Respondent87 pred:hasGroupResponse :Respondent87_Parental_Education .

:Respondent87 pred:Life_satisfaction 7.0 ;
     pred:Happiness 5.0 ;
     pred:Laughter 3.0 ;
     pred:Learning 5.0 ;
     pred:Enjoyment 6.0 ;
     pred:Worry 3.0 ;
     pred:Depression 3.0 ;
     pred:Anger 2.0 ;
     pred:Stress 4.0 ;
     pred:Loneliness 7.0 .

:Respondent87_Emotional_Regulation_Frequency
                                   pred:Upset_by_Unexpected_Events 2.0 ;
                                   pred:Unable_to_Control_Important_Things 3.0 ;
                                   pred:Lacked_Confidence_Handling_Problems 2.0 ;
                                   pred:Unable_to_Cope 3.0 ;
                                   pred:Irritated_by_Life 2.0 ;
                                   pred:On_Top_of_Things 1.0 .
:Respondent87 pred:hasGroupResponse :Respondent87_Emotional_Regulation_Frequency .

:Respondent87_Anxiety_Symptoms_Frequency
                               pred:Feeling_Nervous_or_On_Edge 3.0 ;
                               pred:Trouble_Relaxing 3.0 ;
                               pred:Restlessness 3.0 ;
                               pred:Irritability 1.0 ;
                               pred:Fear_Something_Awful_Might_Happen 0.0 .
:Respondent87 pred:hasGroupResponse :Respondent87_Anxiety_Symptoms_Frequency .

:Respondent87_Depressive_Symptoms_Frequency
                                  pred:Anhedonia 2.0 ;
                                  pred:Sleep_Problems 2.0 ;
                                  pred:Fatigue 2.0 ;
                                  pred:Appetite_Changes 0.0 ;
                                  pred:Feelings_of_Worthlessness 3.0 ;
                                  pred:Concentration_Difficulties 3.0 ;
                                  pred:Suicidal_Thoughts 2.0 .
:Respondent87 pred:hasGroupResponse :Respondent87_Depressive_Symptoms_Frequency .

:Respondent13 pred:Year_of_birth 2002.0 ;
     pred:Gender 1.0 ;
     pred:Socio_economic_status 3.0 ;
     pred:Ethnic_identity 6.0 .

:Respondent13 pred:Life_satisfaction 7.0 ;
     pred:Happiness 7.0 ;
     pred:Laughter 9.0 ;
     pred:Learning 5.0 ;
     pred:Enjoyment 9.0 ;
     pred:Worry 1.0 ;
     pred:Depression 1.0 ;
     pred:Anger 2.0 ;
     pred:Stress 3.0 ;
     pred:Loneliness 0.0 .

:Respondent13_Emotional_Regulation_Frequency
                                   pred:Upset_by_Unexpected_Events 2.0 ;
                                   pred:Unable_to_Control_Important_Things 3.0 ;
                                   pred:Lacked_Confidence_Handling_Problems 2.0 ;
                                   pred:Unable_to_Cope 2.0 ;
                                   pred:Irritated_by_Life 3.0 ;
                                   pred:On_Top_of_Things 2.0 .
:Respondent13 pred:hasGroupResponse :Respondent13_Emotional_Regulation_Frequency .

:Respondent13_Anxiety_Symptoms_Frequency
                               pred:Feeling_Nervous_or_On_Edge 1.0 ;
                               pred:Trouble_Relaxing 1.0 ;
                               pred:Restlessness 1.0 ;
                               pred:Irritability 1.0 ;
                               pred:Fear_Something_Awful_Might_Happen 0.0 .
:Respondent13 pred:hasGroupResponse :Respondent13_Anxiety_Symptoms_Frequency .

:Respondent13_Depressive_Symptoms_Frequency
                                  pred:Anhedonia 1.0 ;
                                  pred:Sleep_Problems 1.0 ;
                                  pred:Fatigue 1.0 ;
                                  pred:Appetite_Changes 0.0 ;
                                  pred:Feelings_of_Worthlessness 1.0 ;
                                  pred:Concentration_Difficulties 0.0 ;
                                  pred:Suicidal_Thoughts 0.0 .
:Respondent13 pred:hasGroupResponse :Respondent13_Depressive_Symptoms_Frequency .

:Respondent79 pred:Year_of_birth 2004.0 ;
     pred:Gender 1.0 ;
     pred:Socio_economic_status 6.0 ;
     pred:Ethnic_identity 6.0 .

:Respondent79_Parental_Education
                       pred:Father 20.0 ;
                       pred:Mother 20.0 .
:Respondent79 pred:hasGroupResponse :Respondent79_Parental_Education .

:Respondent79 pred:Life_satisfaction 5.0 ;
     pred:Happiness 5.0 ;
     pred:Laughter 10.0 ;
     pred:Learning 5.0 ;
     pred:Enjoyment 3.0 ;
     pred:Worry 0.0 ;
     pred:Depression 1.0 ;
     pred:Anger 1.0 ;
     pred:Stress 1.0 ;
     pred:Loneliness 10.0 .

:Respondent79_Emotional_Regulation_Frequency
                                   pred:Upset_by_Unexpected_Events 0.0 ;
                                   pred:Unable_to_Control_Important_Things 0.0 ;
                                   pred:Lacked_Confidence_Handling_Problems 0.0 ;
                                   pred:Unable_to_Cope 2.0 ;
                                   pred:Irritated_by_Life 3.0 ;
                                   pred:On_Top_of_Things 3.0 .
:Respondent79 pred:hasGroupResponse :Respondent79_Emotional_Regulation_Frequency .

:Respondent79_Anxiety_Symptoms_Frequency
                               pred:Feeling_Nervous_or_On_Edge 0.0 ;
                               pred:Trouble_Relaxing 0.0 ;
                               pred:Restlessness 0.0 ;
                               pred:Irritability 1.0 ;
                               pred:Fear_Something_Awful_Might_Happen 0.0 .
:Respondent79 pred:hasGroupResponse :Respondent79_Anxiety_Symptoms_Frequency .

:Respondent79_Depressive_Symptoms_Frequency
                                  pred:Anhedonia 3.0 ;
                                  pred:Sleep_Problems 3.0 ;
                                  pred:Fatigue 3.0 ;
                                  pred:Appetite_Changes 3.0 ;
                                  pred:Feelings_of_Worthlessness 3.0 ;
                                  pred:Concentration_Difficulties 0.0 ;
                                  pred:Suicidal_Thoughts 0.0 .
:Respondent79 pred:hasGroupResponse :Respondent79_Depressive_Symptoms_Frequency .
",1.0,"For respondent 129, what is the value for 'Appetite Changes' in the 'Depressive Symptoms Frequency' category?

DATA:

@prefix : <http://example.org/survey#> .
@prefix pred: <http://example.org/predicate#> .
@prefix qg: <http://example.org/question_group#> .

# Questions
:QYear_of_birth pred:Text ""What is your date of birth? [Open-ended]"" .
:QGender pred:Text ""What is your gender? [MCQ: 1. Male 2. Female]"" .
:QSocio_economic_status pred:Text ""What is the socio-economic status of your home? [Likert 1–6: 1 = Very low, 6 = Very high]"" .
:QEthnic_identity pred:Text ""According to your culture, people, or physical features, you are or are recognized as: [MCQ: 1. Indigenous 2. Gypsy 3. Raizal from San Andres, Providencia and Santa Catalina Archipelago 4. Palenquero from San Basilio 5. Black, mulatto (Afro-descendant), Afro-Colombian 6. None of the above]"" .

:QGParental_Education pred:BaseQuestion ""How many years of education did your parents receive? [Open-ended]"" ;
    qg:hasSubQuestion :QParental_Education_Father, :QParental_Education_Mother .
:QParental_Education_Father pred:Text ""Father?"" .
:QParental_Education_Mother pred:Text ""Mother?"" .

:QLife_satisfaction pred:Text ""In general, how satisfied are you with all aspects of your life? [Likert 0–10: 0 = Not satisfied, 10 = Totally satisfied]"" .
:QHappiness pred:Text ""How happy did you feel yesterday? [Likert 0–10: 0 = At no time, 10 = All the time]"" .
:QLaughter pred:Text ""How much did you laugh yesterday? [Likert 0–10: 0 = At no time, 10 = All the time]"" .
:QLearning pred:Text ""Did you learn new or exciting things yesterday? [Likert 0–10: 0 = At no time, 10 = All the time]"" .
:QEnjoyment pred:Text ""How much did you enjoy the activities you did yesterday? [Likert 0–10: 0 = At no time, 10 = All the time]"" .
:QWorry pred:Text ""How worried did you feel yesterday? [Likert 0–10: 0 = At no time, 10 = All the time]"" .
:QDepression pred:Text ""How depressed did you feel yesterday? [Likert 0–10: 0 = At no time, 10 = All the time]"" .
:QAnger pred:Text ""How angry did you feel yesterday? [Likert 0–10: 0 = At no time, 10 = All the time]"" .
:QStress pred:Text ""How much stress did you feel yesterday? [Likert 0–10: 0 = At no time, 10 = All the time]"" .
:QLoneliness pred:Text ""How lonely or unsupported did you feel yesterday? [Likert 0–10: 0 = At no time, 10 = All the time]"" .

:QGEmotional_Regulation_Frequency pred:BaseQuestion ""Next, you will be asked questions about your emotional state. Please answer on a scale of 0 to 4, where 0 is never, 1 is 'almost never', 2 is 'sometimes', 3 is 'fairly often', and 4 is 'very often', how often you experienced the following feelings during the last month: [Likert 0–4]"" ;
    qg:hasSubQuestion :QEmotional_Regulation_Frequency_Upset_by_Unexpected_Events,
                      :QEmotional_Regulation_Frequency_Unable_to_Control_Important_Things,
                      :QEmotional_Regulation_Frequency_Nervous_and_Stressed,
                      :QEmotional_Regulation_Frequency_Lacked_Confidence_Handling_Problems,
                      :QEmotional_Regulation_Frequency_Things_Going_Your_Way,
                      :QEmotional_Regulation_Frequency_Unable_to_Cope,
                      :QEmotional_Regulation_Frequency_Irritated_by_Life,
                      :QEmotional_Regulation_Frequency_On_Top_of_Things,
                      :QEmotional_Regulation_Frequency_Angered_by_Uncontrollable_Events,
                      :QEmotional_Regulation_Frequency_Felt_Overwhelmed .

:QEmotional_Regulation_Frequency_Upset_by_Unexpected_Events pred:Text ""how often have you been upset because of something that happened unexpectedly?"" .
:QEmotional_Regulation_Frequency_Unable_to_Control_Important_Things pred:Text ""how often have you felt that you were unable to control the important things in your life?"" .
:QEmotional_Regulation_Frequency_Nervous_and_Stressed pred:Text ""how often have you felt nervous and stressed?"" .
:QEmotional_Regulation_Frequency_Lacked_Confidence_Handling_Problems pred:Text ""how often have you felt confident about your ability to handle your personal problems?"" .
:QEmotional_Regulation_Frequency_Things_Going_Your_Way pred:Text ""how often have you felt that things were going your way?"" .
:QEmotional_Regulation_Frequency_Unable_to_Cope pred:Text ""how often have you found that you could not cope with all the things that you had to do?"" .
:QEmotional_Regulation_Frequency_Irritated_by_Life pred:Text ""how often have you been able to control irritations in your life?"" .
:QEmotional_Regulation_Frequency_On_Top_of_Things pred:Text ""how often have you felt that you were on top of things?"" .
:QEmotional_Regulation_Frequency_Angered_by_Uncontrollable_Events pred:Text ""how often have you been angered because of things that happened that were outside of your control?"" .
:QEmotional_Regulation_Frequency_Felt_Overwhelmed pred:Text ""how often have you felt difficulties were piling up so high that you could not overcome them?"" .

:QGAnxiety_Symptoms_Frequency pred:BaseQuestion ""Next, you will be asked questions about your emotional state. Please answer on a scale of 0 to 3, where 0 is 'Not at all', 1 is 'several days', 2 is 'more than half of the days', and 3 is 'Nearly every day'. Over the last two weeks, how often have you been bothered by the following problems? [Likert 0–3]"" ;
    qg:hasSubQuestion :QAnxiety_Symptoms_Frequency_Feeling_Nervous_or_On_Edge,
                      :QAnxiety_Symptoms_Frequency_Uncontrollable_Worrying,
                      :QAnxiety_Symptoms_Frequency_Excessive_Worry,
                      :QAnxiety_Symptoms_Frequency_Trouble_Relaxing,
                      :QAnxiety_Symptoms_Frequency_Restlessness,
                      :QAnxiety_Symptoms_Frequency_Irritability,
                      :QAnxiety_Symptoms_Frequency_Fear_Something_Awful_Might_Happen .

:QAnxiety_Symptoms_Frequency_Feeling_Nervous_or_On_Edge pred:Text ""Feeling nervous, anxious, or on edge"" .
:QAnxiety_Symptoms_Frequency_Uncontrollable_Worrying pred:Text ""Not being able to stop or control worrying"" .
:QAnxiety_Symptoms_Frequency_Excessive_Worry pred:Text ""Worrying too much about different things"" .
:QAnxiety_Symptoms_Frequency_Trouble_Relaxing pred:Text ""Trouble relaxing"" .
:QAnxiety_Symptoms_Frequency_Restlessness pred:Text ""Being so restless that it is hard to sit still"" .
:QAnxiety_Symptoms_Frequency_Irritability pred:Text ""Becoming easily annoyed or irritable"" .
:QAnxiety_Symptoms_Frequency_Fear_Something_Awful_Might_Happen pred:Text ""Feeling afraid, as if something awful might happen"" .

:QGDepressive_Symptoms_Frequency pred:BaseQuestion ""Next, you will be asked questions about your emotional state. Please answer on a scale of 0 to 3, where 0 is 'Not at all', 1 is 'several days', 2 is 'more than half of the days', and 3 is 'Nearly every day'. Over the last two weeks, how often have you been bothered by the following problems?"" ;
    qg:hasSubQuestion :QDepressive_Symptoms_Frequency_Anhedonia,
                      :QDepressive_Symptoms_Frequency_Depressed_Mood,
                      :QDepressive_Symptoms_Frequency_Sleep_Problems,
                      :QDepressive_Symptoms_Frequency_Fatigue,
                      :QDepressive_Symptoms_Frequency_Appetite_Changes,
                      :QDepressive_Symptoms_Frequency_Feelings_of_Worthlessness,
                      :QDepressive_Symptoms_Frequency_Concentration_Difficulties,
                      :QDepressive_Symptoms_Frequency_Psychomotor_Changes,
                      :QDepressive_Symptoms_Frequency_Suicidal_Thoughts .

:QDepressive_Symptoms_Frequency_Anhedonia pred:Text ""Little interest or pleasure in doing things"" .
:QDepressive_Symptoms_Frequency_Depressed_Mood pred:Text ""Feeling down, depressed, or hopeless"" .
:QDepressive_Symptoms_Frequency_Sleep_Problems pred:Text ""Trouble falling or staying asleep, or sleeping too much"" .
:QDepressive_Symptoms_Frequency_Fatigue pred:Text ""Feeling tired or having little energy"" .
:QDepressive_Symptoms_Frequency_Appetite_Changes pred:Text ""Poor appetite or overeating"" .
:QDepressive_Symptoms_Frequency_Feelings_of_Worthlessness pred:Text ""Feeling bad about yourself or that you are a failure or have let yourself or your family down"" .
:QDepressive_Symptoms_Frequency_Concentration_Difficulties pred:Text ""Trouble concentrating on things, such as reading the newspaper or watching television"" .
:QDepressive_Symptoms_Frequency_Psychomotor_Changes pred:Text ""Moving or speaking so slowly that other people could have noticed. Or the opposite — being so fidgety or restless that you have been moving around a lot more than usual"" .
:QDepressive_Symptoms_Frequency_Suicidal_Thoughts pred:Text ""Thoughts that you would be better off dead, or of hurting yourself"" .

# Responses
:Respondent73 pred:Year_of_birth 2005.0 ;
     pred:Gender 2.0 ;
     pred:Socio_economic_status 2.0 ;
     pred:Ethnic_identity 6.0 .

:Respondent73_Parental_Education
                       pred:Father 25.0 ;
                       pred:Mother 15.0 .
:Respondent73 pred:hasGroupResponse :Respondent73_Parental_Education .

:Respondent73 pred:Life_satisfaction 8.0 ;
     pred:Happiness 5.0 ;
     pred:Laughter 4.0 ;
     pred:Learning 5.0 ;
     pred:Enjoyment 5.0 ;
     pred:Worry 2.0 ;
     pred:Depression 1.0 ;
     pred:Anger 2.0 ;
     pred:Stress 4.0 ;
     pred:Loneliness 6.0 .

:Respondent73_Emotional_Regulation_Frequency
                                   pred:Upset_by_Unexpected_Events 2.0 ;
                                   pred:Unable_to_Control_Important_Things 2.0 ;
                                   pred:Lacked_Confidence_Handling_Problems 2.0 ;
                                   pred:Unable_to_Cope 2.0 ;
                                   pred:Irritated_by_Life 2.0 ;
                                   pred:On_Top_of_Things 2.0 .
:Respondent73 pred:hasGroupResponse :Respondent73_Emotional_Regulation_Frequency .

:Respondent73_Anxiety_Symptoms_Frequency
                               pred:Feeling_Nervous_or_On_Edge 2.0 ;
                               pred:Trouble_Relaxing 1.0 ;
                               pred:Restlessness 1.0 ;
                               pred:Irritability 2.0 ;
                               pred:Fear_Something_Awful_Might_Happen 2.0 .
:Respondent73 pred:hasGroupResponse :Respondent73_Anxiety_Symptoms_Frequency .

:Respondent73_Depressive_Symptoms_Frequency
                                  pred:Anhedonia 1.0 ;
                                  pred:Sleep_Problems 2.0 ;
                                  pred:Fatigue 1.0 ;
                                  pred:Appetite_Changes 1.0 ;
                                  pred:Feelings_of_Worthlessness 1.0 ;
                                  pred:Concentration_Difficulties 1.0 ;
                                  pred:Suicidal_Thoughts 0.0 .
:Respondent73 pred:hasGroupResponse :Respondent73_Depressive_Symptoms_Frequency .

:Respondent85 pred:Year_of_birth 2004.0 ;
     pred:Gender 2.0 ;
     pred:Socio_economic_status 3.0 ;
     pred:Ethnic_identity 6.0 .

:Respondent85_Parental_Education
                       pred:Father 18.0 .
:Respondent85 pred:hasGroupResponse :Respondent85_Parental_Education .

:Respondent85 pred:Life_satisfaction 5.0 ;
     pred:Happiness 6.0 ;
     pred:Laughter 6.0 ;
     pred:Learning 8.0 ;
     pred:Enjoyment 5.0 ;
     pred:Worry 1.0 ;
     pred:Depression 1.0 ;
     pred:Anger 2.0 ;
     pred:Stress 4.0 ;
     pred:Loneliness 1.0 .

:Respondent85_Emotional_Regulation_Frequency
                                   pred:Upset_by_Unexpected_Events 2.0 ;
                                   pred:Unable_to_Control_Important_Things 3.0 ;
                                   pred:Lacked_Confidence_Handling_Problems 2.0 ;
                                   pred:Unable_to_Cope 3.0 ;
                                   pred:Irritated_by_Life 3.0 ;
                                   pred:On_Top_of_Things 2.0 .
:Respondent85 pred:hasGroupResponse :Respondent85_Emotional_Regulation_Frequency .

:Respondent85_Anxiety_Symptoms_Frequency
                               pred:Feeling_Nervous_or_On_Edge 1.0 ;
                               pred:Trouble_Relaxing 1.0 ;
                               pred:Restlessness 0.0 ;
                               pred:Irritability 1.0 ;
                               pred:Fear_Something_Awful_Might_Happen 1.0 .
:Respondent85 pred:hasGroupResponse :Respondent85_Anxiety_Symptoms_Frequency .

:Respondent85_Depressive_Symptoms_Frequency
                                  pred:Anhedonia 2.0 ;
                                  pred:Sleep_Problems 2.0 ;
                                  pred:Fatigue 3.0 ;
                                  pred:Appetite_Changes 3.0 ;
                                  pred:Feelings_of_Worthlessness 1.0 ;
                                  pred:Concentration_Difficulties 1.0 ;
                                  pred:Suicidal_Thoughts 0.0 .
:Respondent85 pred:hasGroupResponse :Respondent85_Depressive_Symptoms_Frequency .

:Respondent129 pred:Year_of_birth 2001.0 ;
     pred:Gender 2.0 ;
     pred:Socio_economic_status 3.0 ;
     pred:Ethnic_identity 6.0 .

:Respondent129_Parental_Education
                       pred:Father 13.0 ;
                       pred:Mother 13.0 .
:Respondent129 pred:hasGroupResponse :Respondent129_Parental_Education .

:Respondent129 pred:Life_satisfaction 8.0 ;
     pred:Happiness 9.0 ;
     pred:Laughter 6.0 ;
     pred:Learning 5.0 ;
     pred:Enjoyment 6.0 ;
     pred:Worry 1.0 ;
     pred:Depression 1.0 ;
     pred:Anger 1.0 ;
     pred:Stress 3.0 ;
     pred:Loneliness 0.0 .

:Respondent129_Emotional_Regulation_Frequency
                                   pred:Upset_by_Unexpected_Events 1.0 ;
                                   pred:Unable_to_Control_Important_Things 1.0 ;
                                   pred:Lacked_Confidence_Handling_Problems 3.0 ;
                                   pred:Unable_to_Cope 2.0 ;
                                   pred:Irritated_by_Life 3.0 ;
                                   pred:On_Top_of_Things 2.0 .
:Respondent129 pred:hasGroupResponse :Respondent129_Emotional_Regulation_Frequency .

:Respondent129_Anxiety_Symptoms_Frequency
                               pred:Feeling_Nervous_or_On_Edge 1.0 ;
                               pred:Trouble_Relaxing 1.0 ;
                               pred:Restlessness 0.0 ;
                               pred:Irritability 0.0 ;
                               pred:Fear_Something_Awful_Might_Happen 0.0 .
:Respondent129 pred:hasGroupResponse :Respondent129_Anxiety_Symptoms_Frequency .

:Respondent129_Depressive_Symptoms_Frequency
                                  pred:Anhedonia 1.0 ;
                                  pred:Sleep_Problems 1.0 ;
                                  pred:Fatigue 2.0 ;
                                  pred:Appetite_Changes 2.0 ;
                                  pred:Feelings_of_Worthlessness 0.0 ;
                                  pred:Concentration_Difficulties 2.0 ;
                                  pred:Suicidal_Thoughts 0.0 .
:Respondent129 pred:hasGroupResponse :Respondent129_Depressive_Symptoms_Frequency .

Answer: 2.0

@prefix : <http://example.org/survey#> .
@prefix pred: <http://example.org/predicate#> .
@prefix qg: <http://example.org/question_group#> .

# Questions
:QYear_of_birth pred:Text ""What is your date of birth? [Open-ended]"" .
:QGender pred:Text ""What is your gender? [MCQ: 1. Male 2. Female]"" .
:QSocio_economic_status pred:Text ""What is the socio-economic status of your home? [Likert 1–6: 1 = Very low, 6 = Very high]"" .
:QEthnic_identity pred:Text ""According to your culture, people, or physical features, you are or are recognized as: [MCQ: 1. Indigenous 2. Gypsy 3. Raizal from San Andres, Providencia and Santa Catalina Archipelago 4. Palenquero from San Basilio 5. Black, mulatto (Afro-descendant), Afro-Colombian 6. None of the above]"" .

:QGParental_Education pred:BaseQuestion ""How many years of education did your parents receive? [Open-ended]"" ;
    qg:hasSubQuestion :QParental_Education_Father, :QParental_Education_Mother .
:QParental_Education_Father pred:Text ""Father?"" .
:QParental_Education_Mother pred:Text ""Mother?"" .

:QLife_satisfaction pred:Text ""In general, how satisfied are you with all aspects of your life? [Likert 0–10: 0 = Not satisfied, 10 = Totally satisfied]"" .
:QHappiness pred:Text ""How happy did you feel yesterday? [Likert 0–10: 0 = At no time, 10 = All the time]"" .
:QLaughter pred:Text ""How much did you laugh yesterday? [Likert 0–10: 0 = At no time, 10 = All the time]"" .
:QLearning pred:Text ""Did you learn new or exciting things yesterday? [Likert 0–10: 0 = At no time, 10 = All the time]"" .
:QEnjoyment pred:Text ""How much did you enjoy the activities you did yesterday? [Likert 0–10: 0 = At no time, 10 = All the time]"" .
:QWorry pred:Text ""How worried did you feel yesterday? [Likert 0–10: 0 = At no time, 10 = All the time]"" .
:QDepression pred:Text ""How depressed did you feel yesterday? [Likert 0–10: 0 = At no time, 10 = All the time]"" .
:QAnger pred:Text ""How angry did you feel yesterday? [Likert 0–10: 0 = At no time, 10 = All the time]"" .
:QStress pred:Text ""How much stress did you feel yesterday? [Likert 0–10: 0 = At no time, 10 = All the time]"" .
:QLoneliness pred:Text ""How lonely or unsupported did you feel yesterday? [Likert 0–10: 0 = At no time, 10 = All the time]"" .

:QGEmotional_Regulation_Frequency pred:BaseQuestion ""Next, you will be asked questions about your emotional state. Please answer on a scale of 0 to 4, where 0 is never, 1 is 'almost never', 2 is 'sometimes', 3 is 'fairly often', and 4 is 'very often', how often you experienced the following feelings during the last month: [Likert 0–4]"" ;
    qg:hasSubQuestion :QEmotional_Regulation_Frequency_Upset_by_Unexpected_Events,
                      :QEmotional_Regulation_Frequency_Unable_to_Control_Important_Things,
                      :QEmotional_Regulation_Frequency_Nervous_and_Stressed,
                      :QEmotional_Regulation_Frequency_Lacked_Confidence_Handling_Problems,
                      :QEmotional_Regulation_Frequency_Things_Going_Your_Way,
                      :QEmotional_Regulation_Frequency_Unable_to_Cope,
                      :QEmotional_Regulation_Frequency_Irritated_by_Life,
                      :QEmotional_Regulation_Frequency_On_Top_of_Things,
                      :QEmotional_Regulation_Frequency_Angered_by_Uncontrollable_Events,
                      :QEmotional_Regulation_Frequency_Felt_Overwhelmed .

:QEmotional_Regulation_Frequency_Upset_by_Unexpected_Events pred:Text ""how often have you been upset because of something that happened unexpectedly?"" .
:QEmotional_Regulation_Frequency_Unable_to_Control_Important_Things pred:Text ""how often have you felt that you were unable to control the important things in your life?"" .
:QEmotional_Regulation_Frequency_Nervous_and_Stressed pred:Text ""how often have you felt nervous and stressed?"" .
:QEmotional_Regulation_Frequency_Lacked_Confidence_Handling_Problems pred:Text ""how often have you felt confident about your ability to handle your personal problems?"" .
:QEmotional_Regulation_Frequency_Things_Going_Your_Way pred:Text ""how often have you felt that things were going your way?"" .
:QEmotional_Regulation_Frequency_Unable_to_Cope pred:Text ""how often have you found that you could not cope with all the things that you had to do?"" .
:QEmotional_Regulation_Frequency_Irritated_by_Life pred:Text ""how often have you been able to control irritations in your life?"" .
:QEmotional_Regulation_Frequency_On_Top_of_Things pred:Text ""how often have you felt that you were on top of things?"" .
:QEmotional_Regulation_Frequency_Angered_by_Uncontrollable_Events pred:Text ""how often have you been angered because of things that happened that were outside of your control?"" .
:QEmotional_Regulation_Frequency_Felt_Overwhelmed pred:Text ""how often have you felt difficulties were piling up so high that you could not overcome them?"" .

:QGAnxiety_Symptoms_Frequency pred:BaseQuestion ""Next, you will be asked questions about your emotional state. Please answer on a scale of 0 to 3, where 0 is 'Not at all', 1 is 'several days', 2 is 'more than half of the days', and 3 is 'Nearly every day'. Over the last two weeks, how often have you been bothered by the following problems? [Likert 0–3]"" ;
    qg:hasSubQuestion :QAnxiety_Symptoms_Frequency_Feeling_Nervous_or_On_Edge,
                      :QAnxiety_Symptoms_Frequency_Uncontrollable_Worrying,
                      :QAnxiety_Symptoms_Frequency_Excessive_Worry,
                      :QAnxiety_Symptoms_Frequency_Trouble_Relaxing,
                      :QAnxiety_Symptoms_Frequency_Restlessness,
                      :QAnxiety_Symptoms_Frequency_Irritability,
                      :QAnxiety_Symptoms_Frequency_Fear_Something_Awful_Might_Happen .

:QAnxiety_Symptoms_Frequency_Feeling_Nervous_or_On_Edge pred:Text ""Feeling nervous, anxious, or on edge"" .
:QAnxiety_Symptoms_Frequency_Uncontrollable_Worrying pred:Text ""Not being able to stop or control worrying"" .
:QAnxiety_Symptoms_Frequency_Excessive_Worry pred:Text ""Worrying too much about different things"" .
:QAnxiety_Symptoms_Frequency_Trouble_Relaxing pred:Text ""Trouble relaxing"" .
:QAnxiety_Symptoms_Frequency_Restlessness pred:Text ""Being so restless that it is hard to sit still"" .
:QAnxiety_Symptoms_Frequency_Irritability pred:Text ""Becoming easily annoyed or irritable"" .
:QAnxiety_Symptoms_Frequency_Fear_Something_Awful_Might_Happen pred:Text ""Feeling afraid, as if something awful might happen"" .

:QGDepressive_Symptoms_Frequency pred:BaseQuestion ""Next, you will be asked questions about your emotional state. Please answer on a scale of 0 to 3, where 0 is 'Not at all', 1 is 'several days', 2 is 'more than half of the days', and 3 is 'Nearly every day'. Over the last two weeks, how often have you been bothered by the following problems?"" ;
    qg:hasSubQuestion :QDepressive_Symptoms_Frequency_Anhedonia,
                      :QDepressive_Symptoms_Frequency_Depressed_Mood,
                      :QDepressive_Symptoms_Frequency_Sleep_Problems,
                      :QDepressive_Symptoms_Frequency_Fatigue,
                      :QDepressive_Symptoms_Frequency_Appetite_Changes,
                      :QDepressive_Symptoms_Frequency_Feelings_of_Worthlessness,
                      :QDepressive_Symptoms_Frequency_Concentration_Difficulties,
                      :QDepressive_Symptoms_Frequency_Psychomotor_Changes,
                      :QDepressive_Symptoms_Frequency_Suicidal_Thoughts .

:QDepressive_Symptoms_Frequency_Anhedonia pred:Text ""Little interest or pleasure in doing things"" .
:QDepressive_Symptoms_Frequency_Depressed_Mood pred:Text ""Feeling down, depressed, or hopeless"" .
:QDepressive_Symptoms_Frequency_Sleep_Problems pred:Text ""Trouble falling or staying asleep, or sleeping too much"" .
:QDepressive_Symptoms_Frequency_Fatigue pred:Text ""Feeling tired or having little energy"" .
:QDepressive_Symptoms_Frequency_Appetite_Changes pred:Text ""Poor appetite or overeating"" .
:QDepressive_Symptoms_Frequency_Feelings_of_Worthlessness pred:Text ""Feeling bad about yourself or that you are a failure or have let yourself or your family down"" .
:QDepressive_Symptoms_Frequency_Concentration_Difficulties pred:Text ""Trouble concentrating on things, such as reading the newspaper or watching television"" .
:QDepressive_Symptoms_Frequency_Psychomotor_Changes pred:Text ""Moving or speaking so slowly that other people could have noticed. Or the opposite — being so fidgety or restless that you have been moving around a lot more than usual"" .
:QDepressive_Symptoms_Frequency_Suicidal_Thoughts pred:Text ""Thoughts that you would be better off dead, or of hurting yourself"" .

# Responses
:Respondent87 pred:Year_of_birth 2005.0 ;
     pred:Gender 2.0 ;
     pred:Socio_economic_status 4.0 ;
     pred:Ethnic_identity 6.0 .

:Respondent87_Parental_Education
                       pred:Father 17.0 .
:Respondent87 pred:hasGroupResponse :Respondent87_Parental_Education .

:Respondent87 pred:Life_satisfaction 7.0 ;
     pred:Happiness 5.0 ;
     pred:Laughter 3.0 ;
     pred:Learning 5.0 ;
     pred:Enjoyment 6.0 ;
     pred:Worry 3.0 ;
     pred:Depression 3.0 ;
     pred:Anger 2.0 ;
     pred:Stress 4.0 ;
     pred:Loneliness 7.0 .

:Respondent87_Emotional_Regulation_Frequency
                                   pred:Upset_by_Unexpected_Events 2.0 ;
                                   pred:Unable_to_Control_Important_Things 3.0 ;
                                   pred:Lacked_Confidence_Handling_Problems 2.0 ;
                                   pred:Unable_to_Cope 3.0 ;
                                   pred:Irritated_by_Life 2.0 ;
                                   pred:On_Top_of_Things 1.0 .
:Respondent87 pred:hasGroupResponse :Respondent87_Emotional_Regulation_Frequency .

:Respondent87_Anxiety_Symptoms_Frequency
                               pred:Feeling_Nervous_or_On_Edge 3.0 ;
                               pred:Trouble_Relaxing 3.0 ;
                               pred:Restlessness 3.0 ;
                               pred:Irritability 1.0 ;
                               pred:Fear_Something_Awful_Might_Happen 0.0 .
:Respondent87 pred:hasGroupResponse :Respondent87_Anxiety_Symptoms_Frequency .

:Respondent87_Depressive_Symptoms_Frequency
                                  pred:Anhedonia 2.0 ;
                                  pred:Sleep_Problems 2.0 ;
                                  pred:Fatigue 2.0 ;
                                  pred:Appetite_Changes 0.0 ;
                                  pred:Feelings_of_Worthlessness 3.0 ;
                                  pred:Concentration_Difficulties 3.0 ;
                                  pred:Suicidal_Thoughts 2.0 .
:Respondent87 pred:hasGroupResponse :Respondent87_Depressive_Symptoms_Frequency .

:Respondent13 pred:Year_of_birth 2002.0 ;
     pred:Gender 1.0 ;
     pred:Socio_economic_status 3.0 ;
     pred:Ethnic_identity 6.0 .

:Respondent13 pred:Life_satisfaction 7.0 ;
     pred:Happiness 7.0 ;
     pred:Laughter 9.0 ;
     pred:Learning 5.0 ;
     pred:Enjoyment 9.0 ;
     pred:Worry 1.0 ;
     pred:Depression 1.0 ;
     pred:Anger 2.0 ;
     pred:Stress 3.0 ;
     pred:Loneliness 0.0 .

:Respondent13_Emotional_Regulation_Frequency
                                   pred:Upset_by_Unexpected_Events 2.0 ;
                                   pred:Unable_to_Control_Important_Things 3.0 ;
                                   pred:Lacked_Confidence_Handling_Problems 2.0 ;
                                   pred:Unable_to_Cope 2.0 ;
                                   pred:Irritated_by_Life 3.0 ;
                                   pred:On_Top_of_Things 2.0 .
:Respondent13 pred:hasGroupResponse :Respondent13_Emotional_Regulation_Frequency .

:Respondent13_Anxiety_Symptoms_Frequency
                               pred:Feeling_Nervous_or_On_Edge 1.0 ;
                               pred:Trouble_Relaxing 1.0 ;
                               pred:Restlessness 1.0 ;
                               pred:Irritability 1.0 ;
                               pred:Fear_Something_Awful_Might_Happen 0.0 .
:Respondent13 pred:hasGroupResponse :Respondent13_Anxiety_Symptoms_Frequency .

:Respondent13_Depressive_Symptoms_Frequency
                                  pred:Anhedonia 1.0 ;
                                  pred:Sleep_Problems 1.0 ;
                                  pred:Fatigue 1.0 ;
                                  pred:Appetite_Changes 0.0 ;
                                  pred:Feelings_of_Worthlessness 1.0 ;
                                  pred:Concentration_Difficulties 0.0 ;
                                  pred:Suicidal_Thoughts 0.0 .
:Respondent13 pred:hasGroupResponse :Respondent13_Depressive_Symptoms_Frequency .

:Respondent79 pred:Year_of_birth 2004.0 ;
     pred:Gender 1.0 ;
     pred:Socio_economic_status 6.0 ;
     pred:Ethnic_identity 6.0 .

:Respondent79_Parental_Education
                       pred:Father 20.0 ;
                       pred:Mother 20.0 .
:Respondent79 pred:hasGroupResponse :Respondent79_Parental_Education .

:Respondent79 pred:Life_satisfaction 5.0 ;
     pred:Happiness 5.0 ;
     pred:Laughter 10.0 ;
     pred:Learning 5.0 ;
     pred:Enjoyment 3.0 ;
     pred:Worry 0.0 ;
     pred:Depression 1.0 ;
     pred:Anger 1.0 ;
     pred:Stress 1.0 ;
     pred:Loneliness 10.0 .

:Respondent79_Emotional_Regulation_Frequency
                                   pred:Upset_by_Unexpected_Events 0.0 ;
                                   pred:Unable_to_Control_Important_Things 0.0 ;
                                   pred:Lacked_Confidence_Handling_Problems 0.0 ;
                                   pred:Unable_to_Cope 2.0 ;
                                   pred:Irritated_by_Life 3.0 ;
                                   pred:On_Top_of_Things 3.0 .
:Respondent79 pred:hasGroupResponse :Respondent79_Emotional_Regulation_Frequency .

:Respondent79_Anxiety_Symptoms_Frequency
                               pred:Feeling_Nervous_or_On_Edge 0.0 ;
                               pred:Trouble_Relaxing 0.0 ;
                               pred:Restlessness 0.0 ;
                               pred:Irritability 1.0 ;
                               pred:Fear_Something_Awful_Might_Happen 0.0 .
:Respondent79 pred:hasGroupResponse :Respondent79_Anxiety_Symptoms_Frequency .

:Respondent79_Depressive_Symptoms_Frequency
                                  pred:Anhedonia 3.0 ;
                                  pred:Sleep_Problems 3.0 ;
                                  pred:Fatigue 3.0 ;
                                  pred:Appetite_Changes 3.0 ;
                                  pred:Feelings_of_Worthlessness 3.0 ;
                                  pred:Concentration_Difficulties 0.0 ;
                                  pred:Suicidal_Thoughts 0.0 .
:Respondent79 pred:hasGroupResponse :Respondent79_Depressive_Symptoms_Frequency .

You are a meticulous data analyst AI. Your primary function is to accurately analyze structured data and provide precise, verifiable answers.

You will be given a dataset with two key parts:

A 'questions' section: This is your data dictionary or schema. It is the single source of truth for understanding what each field and score means. Refer to it carefully.

A 'responses' section: This contains the raw data from each individual respondent.

To answer the question correctly, you must first use the 'questions' schema to fully understand the context and meaning of the data points within the 'responses'. Do not rely on any prior knowledge outside of this provided data. Base your entire analysis on the information given.

Provide your final answer directly and concisely. Output must be the human-readable value, not an option code.

Rules:
- For MCQ fields, map any letter codes in the Responses (case-insensitive) to the corresponding option text from the Questions schema, and output only that text. Do NOT include the letter or both.
  Example: If the schema is ""[MCQ: A. Abnormal B. Inconclusive C. Normal]"" and the response is ""a"", output ""Abnormal"".
- For open-ended fields, output the exact text value.
- If the question asks for a count, provide only the number (e.g., ""42"").
- If the question asks for a list of names or IDs, provide a simple comma-separated list (e.g., ""17, 21, 23"").
- Preserve capitalization exactly as in the schema (e.g., output ""Abnormal"", not ""abnormal"" or ""A"").

For respondent 87, what is the value for 'Irritability' in the 'Anxiety Symptoms Frequency' category?",,
case_48,answer_lookup,What is the frequency of sleep problems for respondent 4?,"@prefix : <http://example.org/survey#> .
@prefix pred: <http://example.org/predicate#> .
@prefix qg: <http://example.org/question_group#> .

# Questions
:QYear_of_birth pred:Text ""What is your date of birth? [Open-ended]"" .
:QGender pred:Text ""What is your gender? [MCQ: 1. Male 2. Female]"" .
:QSocio_economic_status pred:Text ""What is the socio-economic status of your home? [Likert 1–6: 1 = Very low, 6 = Very high]"" .
:QEthnic_identity pred:Text ""According to your culture, people, or physical features, you are or are recognized as: [MCQ: 1. Indigenous 2. Gypsy 3. Raizal from San Andres, Providencia and Santa Catalina Archipelago 4. Palenquero from San Basilio 5. Black, mulatto (Afro-descendant), Afro-Colombian 6. None of the above]"" .

:QGParental_Education pred:BaseQuestion ""How many years of education did your parents receive? [Open-ended]"" ;
    qg:hasSubQuestion :QParental_Education_Father, :QParental_Education_Mother .
:QParental_Education_Father pred:Text ""Father?"" .
:QParental_Education_Mother pred:Text ""Mother?"" .

:QLife_satisfaction pred:Text ""In general, how satisfied are you with all aspects of your life? [Likert 0–10: 0 = Not satisfied, 10 = Totally satisfied]"" .
:QHappiness pred:Text ""How happy did you feel yesterday? [Likert 0–10: 0 = At no time, 10 = All the time]"" .
:QLaughter pred:Text ""How much did you laugh yesterday? [Likert 0–10: 0 = At no time, 10 = All the time]"" .
:QLearning pred:Text ""Did you learn new or exciting things yesterday? [Likert 0–10: 0 = At no time, 10 = All the time]"" .
:QEnjoyment pred:Text ""How much did you enjoy the activities you did yesterday? [Likert 0–10: 0 = At no time, 10 = All the time]"" .
:QWorry pred:Text ""How worried did you feel yesterday? [Likert 0–10: 0 = At no time, 10 = All the time]"" .
:QDepression pred:Text ""How depressed did you feel yesterday? [Likert 0–10: 0 = At no time, 10 = All the time]"" .
:QAnger pred:Text ""How angry did you feel yesterday? [Likert 0–10: 0 = At no time, 10 = All the time]"" .
:QStress pred:Text ""How much stress did you feel yesterday? [Likert 0–10: 0 = At no time, 10 = All the time]"" .
:QLoneliness pred:Text ""How lonely or unsupported did you feel yesterday? [Likert 0–10: 0 = At no time, 10 = All the time]"" .

:QGEmotional_Regulation_Frequency pred:BaseQuestion ""Next, you will be asked questions about your emotional state. Please answer on a scale of 0 to 4, where 0 is never, 1 is 'almost never', 2 is 'sometimes', 3 is 'fairly often', and 4 is 'very often', how often you experienced the following feelings during the last month: [Likert 0–4]"" ;
    qg:hasSubQuestion :QEmotional_Regulation_Frequency_Upset_by_Unexpected_Events,
                      :QEmotional_Regulation_Frequency_Unable_to_Control_Important_Things,
                      :QEmotional_Regulation_Frequency_Nervous_and_Stressed,
                      :QEmotional_Regulation_Frequency_Lacked_Confidence_Handling_Problems,
                      :QEmotional_Regulation_Frequency_Things_Going_Your_Way,
                      :QEmotional_Regulation_Frequency_Unable_to_Cope,
                      :QEmotional_Regulation_Frequency_Irritated_by_Life,
                      :QEmotional_Regulation_Frequency_On_Top_of_Things,
                      :QEmotional_Regulation_Frequency_Angered_by_Uncontrollable_Events,
                      :QEmotional_Regulation_Frequency_Felt_Overwhelmed .

:QEmotional_Regulation_Frequency_Upset_by_Unexpected_Events pred:Text ""how often have you been upset because of something that happened unexpectedly?"" .
:QEmotional_Regulation_Frequency_Unable_to_Control_Important_Things pred:Text ""how often have you felt that you were unable to control the important things in your life?"" .
:QEmotional_Regulation_Frequency_Nervous_and_Stressed pred:Text ""how often have you felt nervous and stressed?"" .
:QEmotional_Regulation_Frequency_Lacked_Confidence_Handling_Problems pred:Text ""how often have you felt confident about your ability to handle your personal problems?"" .
:QEmotional_Regulation_Frequency_Things_Going_Your_Way pred:Text ""how often have you felt that things were going your way?"" .
:QEmotional_Regulation_Frequency_Unable_to_Cope pred:Text ""how often have you found that you could not cope with all the things that you had to do?"" .
:QEmotional_Regulation_Frequency_Irritated_by_Life pred:Text ""how often have you been able to control irritations in your life?"" .
:QEmotional_Regulation_Frequency_On_Top_of_Things pred:Text ""how often have you felt that you were on top of things?"" .
:QEmotional_Regulation_Frequency_Angered_by_Uncontrollable_Events pred:Text ""how often have you been angered because of things that happened that were outside of your control?"" .
:QEmotional_Regulation_Frequency_Felt_Overwhelmed pred:Text ""how often have you felt difficulties were piling up so high that you could not overcome them?"" .

:QGAnxiety_Symptoms_Frequency pred:BaseQuestion ""Next, you will be asked questions about your emotional state. Please answer on a scale of 0 to 3, where 0 is 'Not at all', 1 is 'several days', 2 is 'more than half of the days', and 3 is 'Nearly every day'. Over the last two weeks, how often have you been bothered by the following problems? [Likert 0–3]"" ;
    qg:hasSubQuestion :QAnxiety_Symptoms_Frequency_Feeling_Nervous_or_On_Edge,
                      :QAnxiety_Symptoms_Frequency_Uncontrollable_Worrying,
                      :QAnxiety_Symptoms_Frequency_Excessive_Worry,
                      :QAnxiety_Symptoms_Frequency_Trouble_Relaxing,
                      :QAnxiety_Symptoms_Frequency_Restlessness,
                      :QAnxiety_Symptoms_Frequency_Irritability,
                      :QAnxiety_Symptoms_Frequency_Fear_Something_Awful_Might_Happen .

:QAnxiety_Symptoms_Frequency_Feeling_Nervous_or_On_Edge pred:Text ""Feeling nervous, anxious, or on edge"" .
:QAnxiety_Symptoms_Frequency_Uncontrollable_Worrying pred:Text ""Not being able to stop or control worrying"" .
:QAnxiety_Symptoms_Frequency_Excessive_Worry pred:Text ""Worrying too much about different things"" .
:QAnxiety_Symptoms_Frequency_Trouble_Relaxing pred:Text ""Trouble relaxing"" .
:QAnxiety_Symptoms_Frequency_Restlessness pred:Text ""Being so restless that it is hard to sit still"" .
:QAnxiety_Symptoms_Frequency_Irritability pred:Text ""Becoming easily annoyed or irritable"" .
:QAnxiety_Symptoms_Frequency_Fear_Something_Awful_Might_Happen pred:Text ""Feeling afraid, as if something awful might happen"" .

:QGDepressive_Symptoms_Frequency pred:BaseQuestion ""Next, you will be asked questions about your emotional state. Please answer on a scale of 0 to 3, where 0 is 'Not at all', 1 is 'several days', 2 is 'more than half of the days', and 3 is 'Nearly every day'. Over the last two weeks, how often have you been bothered by the following problems?"" ;
    qg:hasSubQuestion :QDepressive_Symptoms_Frequency_Anhedonia,
                      :QDepressive_Symptoms_Frequency_Depressed_Mood,
                      :QDepressive_Symptoms_Frequency_Sleep_Problems,
                      :QDepressive_Symptoms_Frequency_Fatigue,
                      :QDepressive_Symptoms_Frequency_Appetite_Changes,
                      :QDepressive_Symptoms_Frequency_Feelings_of_Worthlessness,
                      :QDepressive_Symptoms_Frequency_Concentration_Difficulties,
                      :QDepressive_Symptoms_Frequency_Psychomotor_Changes,
                      :QDepressive_Symptoms_Frequency_Suicidal_Thoughts .

:QDepressive_Symptoms_Frequency_Anhedonia pred:Text ""Little interest or pleasure in doing things"" .
:QDepressive_Symptoms_Frequency_Depressed_Mood pred:Text ""Feeling down, depressed, or hopeless"" .
:QDepressive_Symptoms_Frequency_Sleep_Problems pred:Text ""Trouble falling or staying asleep, or sleeping too much"" .
:QDepressive_Symptoms_Frequency_Fatigue pred:Text ""Feeling tired or having little energy"" .
:QDepressive_Symptoms_Frequency_Appetite_Changes pred:Text ""Poor appetite or overeating"" .
:QDepressive_Symptoms_Frequency_Feelings_of_Worthlessness pred:Text ""Feeling bad about yourself or that you are a failure or have let yourself or your family down"" .
:QDepressive_Symptoms_Frequency_Concentration_Difficulties pred:Text ""Trouble concentrating on things, such as reading the newspaper or watching television"" .
:QDepressive_Symptoms_Frequency_Psychomotor_Changes pred:Text ""Moving or speaking so slowly that other people could have noticed. Or the opposite — being so fidgety or restless that you have been moving around a lot more than usual"" .
:QDepressive_Symptoms_Frequency_Suicidal_Thoughts pred:Text ""Thoughts that you would be better off dead, or of hurting yourself"" .

# Responses
:Respondent4 pred:Year_of_birth 2001.0 ;
     pred:Gender 2.0 ;
     pred:Socio_economic_status 5.0 ;
     pred:Ethnic_identity 6.0 .

:Respondent4_Parental_Education
                       pred:Father 20.0 ;
                       pred:Mother 16.0 .
:Respondent4 pred:hasGroupResponse :Respondent4_Parental_Education .

:Respondent4 pred:Life_satisfaction 10.0 ;
     pred:Happiness 8.0 ;
     pred:Laughter 10.0 ;
     pred:Learning 10.0 ;
     pred:Enjoyment 10.0 ;
     pred:Worry 1.0 ;
     pred:Depression 1.0 ;
     pred:Anger 2.0 ;
     pred:Stress 2.0 ;
     pred:Loneliness 0.0 .

:Respondent4_Emotional_Regulation_Frequency
                                   pred:Upset_by_Unexpected_Events 3.0 ;
                                   pred:Unable_to_Control_Important_Things 3.0 ;
                                   pred:Lacked_Confidence_Handling_Problems 4.0 ;
                                   pred:Unable_to_Cope 2.0 ;
                                   pred:Irritated_by_Life 3.0 ;
                                   pred:On_Top_of_Things 3.0 .
:Respondent4 pred:hasGroupResponse :Respondent4_Emotional_Regulation_Frequency .

:Respondent4_Anxiety_Symptoms_Frequency
                               pred:Feeling_Nervous_or_On_Edge 0.0 ;
                               pred:Trouble_Relaxing 0.0 ;
                               pred:Restlessness 0.0 ;
                               pred:Irritability 1.0 ;
                               pred:Fear_Something_Awful_Might_Happen 0.0 .
:Respondent4 pred:hasGroupResponse :Respondent4_Anxiety_Symptoms_Frequency .

:Respondent4_Depressive_Symptoms_Frequency
                                  pred:Anhedonia 3.0 ;
                                  pred:Sleep_Problems 0.0 ;
                                  pred:Fatigue 3.0 ;
                                  pred:Appetite_Changes 1.0 ;
                                  pred:Feelings_of_Worthlessness 0.0 ;
                                  pred:Concentration_Difficulties 0.0 ;
                                  pred:Suicidal_Thoughts 0.0 .
:Respondent4 pred:hasGroupResponse :Respondent4_Depressive_Symptoms_Frequency .

:Respondent44 pred:Year_of_birth 2022.0 ;
     pred:Gender 1.0 ;
     pred:Socio_economic_status 2.0 ;
     pred:Ethnic_identity 6.0 .

:Respondent44 pred:Life_satisfaction 7.0 ;
     pred:Happiness 5.0 ;
     pred:Laughter 5.0 ;
     pred:Learning 6.0 ;
     pred:Enjoyment 5.0 ;
     pred:Worry 1.0 ;
     pred:Depression 2.0 ;
     pred:Anger 3.0 ;
     pred:Stress 2.0 ;
     pred:Loneliness 8.0 .

:Respondent44_Emotional_Regulation_Frequency
                                   pred:Upset_by_Unexpected_Events 2.0 ;
                                   pred:Unable_to_Control_Important_Things 2.0 ;
                                   pred:Lacked_Confidence_Handling_Problems 1.0 ;
                                   pred:Unable_to_Cope 2.0 ;
                                   pred:Irritated_by_Life 3.0 ;
                                   pred:On_Top_of_Things 2.0 .
:Respondent44 pred:hasGroupResponse :Respondent44_Emotional_Regulation_Frequency .

:Respondent44_Anxiety_Symptoms_Frequency
                               pred:Feeling_Nervous_or_On_Edge 1.0 ;
                               pred:Trouble_Relaxing 1.0 ;
                               pred:Restlessness 0.0 ;
                               pred:Irritability 1.0 ;
                               pred:Fear_Something_Awful_Might_Happen 1.0 .
:Respondent44 pred:hasGroupResponse :Respondent44_Anxiety_Symptoms_Frequency .

:Respondent44_Depressive_Symptoms_Frequency
                                  pred:Anhedonia 2.0 ;
                                  pred:Sleep_Problems 1.0 ;
                                  pred:Fatigue 1.0 ;
                                  pred:Appetite_Changes 0.0 ;
                                  pred:Feelings_of_Worthlessness 1.0 ;
                                  pred:Concentration_Difficulties 0.0 ;
                                  pred:Suicidal_Thoughts 3.0 .
:Respondent44 pred:hasGroupResponse :Respondent44_Depressive_Symptoms_Frequency .

:Respondent40 pred:Year_of_birth 2005.0 ;
     pred:Gender 2.0 ;
     pred:Socio_economic_status 3.0 ;
     pred:Ethnic_identity 6.0 .

:Respondent40 pred:Life_satisfaction 6.0 ;
     pred:Happiness 5.0 ;
     pred:Laughter 10.0 ;
     pred:Learning 8.0 ;
     pred:Enjoyment 8.0 ;
     pred:Worry 1.0 ;
     pred:Depression 3.0 ;
     pred:Anger 1.0 ;
     pred:Stress 2.0 ;
     pred:Loneliness 8.0 .

:Respondent40_Emotional_Regulation_Frequency
                                   pred:Upset_by_Unexpected_Events 3.0 ;
                                   pred:Unable_to_Control_Important_Things 3.0 ;
                                   pred:Lacked_Confidence_Handling_Problems 2.0 ;
                                   pred:Unable_to_Cope 3.0 ;
                                   pred:Irritated_by_Life 2.0 ;
                                   pred:On_Top_of_Things 2.0 .
:Respondent40 pred:hasGroupResponse :Respondent40_Emotional_Regulation_Frequency .

:Respondent40_Anxiety_Symptoms_Frequency
                               pred:Feeling_Nervous_or_On_Edge 1.0 ;
                               pred:Trouble_Relaxing 2.0 ;
                               pred:Restlessness 0.0 ;
                               pred:Irritability 1.0 ;
                               pred:Fear_Something_Awful_Might_Happen 1.0 .
:Respondent40 pred:hasGroupResponse :Respondent40_Anxiety_Symptoms_Frequency .

:Respondent40_Depressive_Symptoms_Frequency
                                  pred:Anhedonia 2.0 ;
                                  pred:Sleep_Problems 3.0 ;
                                  pred:Fatigue 3.0 ;
                                  pred:Appetite_Changes 1.0 ;
                                  pred:Feelings_of_Worthlessness 1.0 ;
                                  pred:Concentration_Difficulties 1.0 ;
                                  pred:Suicidal_Thoughts 0.0 .
:Respondent40 pred:hasGroupResponse :Respondent40_Depressive_Symptoms_Frequency .
",0.0,"For respondent 129, what is the value for 'Appetite Changes' in the 'Depressive Symptoms Frequency' category?

DATA:

@prefix : <http://example.org/survey#> .
@prefix pred: <http://example.org/predicate#> .
@prefix qg: <http://example.org/question_group#> .

# Questions
:QYear_of_birth pred:Text ""What is your date of birth? [Open-ended]"" .
:QGender pred:Text ""What is your gender? [MCQ: 1. Male 2. Female]"" .
:QSocio_economic_status pred:Text ""What is the socio-economic status of your home? [Likert 1–6: 1 = Very low, 6 = Very high]"" .
:QEthnic_identity pred:Text ""According to your culture, people, or physical features, you are or are recognized as: [MCQ: 1. Indigenous 2. Gypsy 3. Raizal from San Andres, Providencia and Santa Catalina Archipelago 4. Palenquero from San Basilio 5. Black, mulatto (Afro-descendant), Afro-Colombian 6. None of the above]"" .

:QGParental_Education pred:BaseQuestion ""How many years of education did your parents receive? [Open-ended]"" ;
    qg:hasSubQuestion :QParental_Education_Father, :QParental_Education_Mother .
:QParental_Education_Father pred:Text ""Father?"" .
:QParental_Education_Mother pred:Text ""Mother?"" .

:QLife_satisfaction pred:Text ""In general, how satisfied are you with all aspects of your life? [Likert 0–10: 0 = Not satisfied, 10 = Totally satisfied]"" .
:QHappiness pred:Text ""How happy did you feel yesterday? [Likert 0–10: 0 = At no time, 10 = All the time]"" .
:QLaughter pred:Text ""How much did you laugh yesterday? [Likert 0–10: 0 = At no time, 10 = All the time]"" .
:QLearning pred:Text ""Did you learn new or exciting things yesterday? [Likert 0–10: 0 = At no time, 10 = All the time]"" .
:QEnjoyment pred:Text ""How much did you enjoy the activities you did yesterday? [Likert 0–10: 0 = At no time, 10 = All the time]"" .
:QWorry pred:Text ""How worried did you feel yesterday? [Likert 0–10: 0 = At no time, 10 = All the time]"" .
:QDepression pred:Text ""How depressed did you feel yesterday? [Likert 0–10: 0 = At no time, 10 = All the time]"" .
:QAnger pred:Text ""How angry did you feel yesterday? [Likert 0–10: 0 = At no time, 10 = All the time]"" .
:QStress pred:Text ""How much stress did you feel yesterday? [Likert 0–10: 0 = At no time, 10 = All the time]"" .
:QLoneliness pred:Text ""How lonely or unsupported did you feel yesterday? [Likert 0–10: 0 = At no time, 10 = All the time]"" .

:QGEmotional_Regulation_Frequency pred:BaseQuestion ""Next, you will be asked questions about your emotional state. Please answer on a scale of 0 to 4, where 0 is never, 1 is 'almost never', 2 is 'sometimes', 3 is 'fairly often', and 4 is 'very often', how often you experienced the following feelings during the last month: [Likert 0–4]"" ;
    qg:hasSubQuestion :QEmotional_Regulation_Frequency_Upset_by_Unexpected_Events,
                      :QEmotional_Regulation_Frequency_Unable_to_Control_Important_Things,
                      :QEmotional_Regulation_Frequency_Nervous_and_Stressed,
                      :QEmotional_Regulation_Frequency_Lacked_Confidence_Handling_Problems,
                      :QEmotional_Regulation_Frequency_Things_Going_Your_Way,
                      :QEmotional_Regulation_Frequency_Unable_to_Cope,
                      :QEmotional_Regulation_Frequency_Irritated_by_Life,
                      :QEmotional_Regulation_Frequency_On_Top_of_Things,
                      :QEmotional_Regulation_Frequency_Angered_by_Uncontrollable_Events,
                      :QEmotional_Regulation_Frequency_Felt_Overwhelmed .

:QEmotional_Regulation_Frequency_Upset_by_Unexpected_Events pred:Text ""how often have you been upset because of something that happened unexpectedly?"" .
:QEmotional_Regulation_Frequency_Unable_to_Control_Important_Things pred:Text ""how often have you felt that you were unable to control the important things in your life?"" .
:QEmotional_Regulation_Frequency_Nervous_and_Stressed pred:Text ""how often have you felt nervous and stressed?"" .
:QEmotional_Regulation_Frequency_Lacked_Confidence_Handling_Problems pred:Text ""how often have you felt confident about your ability to handle your personal problems?"" .
:QEmotional_Regulation_Frequency_Things_Going_Your_Way pred:Text ""how often have you felt that things were going your way?"" .
:QEmotional_Regulation_Frequency_Unable_to_Cope pred:Text ""how often have you found that you could not cope with all the things that you had to do?"" .
:QEmotional_Regulation_Frequency_Irritated_by_Life pred:Text ""how often have you been able to control irritations in your life?"" .
:QEmotional_Regulation_Frequency_On_Top_of_Things pred:Text ""how often have you felt that you were on top of things?"" .
:QEmotional_Regulation_Frequency_Angered_by_Uncontrollable_Events pred:Text ""how often have you been angered because of things that happened that were outside of your control?"" .
:QEmotional_Regulation_Frequency_Felt_Overwhelmed pred:Text ""how often have you felt difficulties were piling up so high that you could not overcome them?"" .

:QGAnxiety_Symptoms_Frequency pred:BaseQuestion ""Next, you will be asked questions about your emotional state. Please answer on a scale of 0 to 3, where 0 is 'Not at all', 1 is 'several days', 2 is 'more than half of the days', and 3 is 'Nearly every day'. Over the last two weeks, how often have you been bothered by the following problems? [Likert 0–3]"" ;
    qg:hasSubQuestion :QAnxiety_Symptoms_Frequency_Feeling_Nervous_or_On_Edge,
                      :QAnxiety_Symptoms_Frequency_Uncontrollable_Worrying,
                      :QAnxiety_Symptoms_Frequency_Excessive_Worry,
                      :QAnxiety_Symptoms_Frequency_Trouble_Relaxing,
                      :QAnxiety_Symptoms_Frequency_Restlessness,
                      :QAnxiety_Symptoms_Frequency_Irritability,
                      :QAnxiety_Symptoms_Frequency_Fear_Something_Awful_Might_Happen .

:QAnxiety_Symptoms_Frequency_Feeling_Nervous_or_On_Edge pred:Text ""Feeling nervous, anxious, or on edge"" .
:QAnxiety_Symptoms_Frequency_Uncontrollable_Worrying pred:Text ""Not being able to stop or control worrying"" .
:QAnxiety_Symptoms_Frequency_Excessive_Worry pred:Text ""Worrying too much about different things"" .
:QAnxiety_Symptoms_Frequency_Trouble_Relaxing pred:Text ""Trouble relaxing"" .
:QAnxiety_Symptoms_Frequency_Restlessness pred:Text ""Being so restless that it is hard to sit still"" .
:QAnxiety_Symptoms_Frequency_Irritability pred:Text ""Becoming easily annoyed or irritable"" .
:QAnxiety_Symptoms_Frequency_Fear_Something_Awful_Might_Happen pred:Text ""Feeling afraid, as if something awful might happen"" .

:QGDepressive_Symptoms_Frequency pred:BaseQuestion ""Next, you will be asked questions about your emotional state. Please answer on a scale of 0 to 3, where 0 is 'Not at all', 1 is 'several days', 2 is 'more than half of the days', and 3 is 'Nearly every day'. Over the last two weeks, how often have you been bothered by the following problems?"" ;
    qg:hasSubQuestion :QDepressive_Symptoms_Frequency_Anhedonia,
                      :QDepressive_Symptoms_Frequency_Depressed_Mood,
                      :QDepressive_Symptoms_Frequency_Sleep_Problems,
                      :QDepressive_Symptoms_Frequency_Fatigue,
                      :QDepressive_Symptoms_Frequency_Appetite_Changes,
                      :QDepressive_Symptoms_Frequency_Feelings_of_Worthlessness,
                      :QDepressive_Symptoms_Frequency_Concentration_Difficulties,
                      :QDepressive_Symptoms_Frequency_Psychomotor_Changes,
                      :QDepressive_Symptoms_Frequency_Suicidal_Thoughts .

:QDepressive_Symptoms_Frequency_Anhedonia pred:Text ""Little interest or pleasure in doing things"" .
:QDepressive_Symptoms_Frequency_Depressed_Mood pred:Text ""Feeling down, depressed, or hopeless"" .
:QDepressive_Symptoms_Frequency_Sleep_Problems pred:Text ""Trouble falling or staying asleep, or sleeping too much"" .
:QDepressive_Symptoms_Frequency_Fatigue pred:Text ""Feeling tired or having little energy"" .
:QDepressive_Symptoms_Frequency_Appetite_Changes pred:Text ""Poor appetite or overeating"" .
:QDepressive_Symptoms_Frequency_Feelings_of_Worthlessness pred:Text ""Feeling bad about yourself or that you are a failure or have let yourself or your family down"" .
:QDepressive_Symptoms_Frequency_Concentration_Difficulties pred:Text ""Trouble concentrating on things, such as reading the newspaper or watching television"" .
:QDepressive_Symptoms_Frequency_Psychomotor_Changes pred:Text ""Moving or speaking so slowly that other people could have noticed. Or the opposite — being so fidgety or restless that you have been moving around a lot more than usual"" .
:QDepressive_Symptoms_Frequency_Suicidal_Thoughts pred:Text ""Thoughts that you would be better off dead, or of hurting yourself"" .

# Responses
:Respondent73 pred:Year_of_birth 2005.0 ;
     pred:Gender 2.0 ;
     pred:Socio_economic_status 2.0 ;
     pred:Ethnic_identity 6.0 .

:Respondent73_Parental_Education
                       pred:Father 25.0 ;
                       pred:Mother 15.0 .
:Respondent73 pred:hasGroupResponse :Respondent73_Parental_Education .

:Respondent73 pred:Life_satisfaction 8.0 ;
     pred:Happiness 5.0 ;
     pred:Laughter 4.0 ;
     pred:Learning 5.0 ;
     pred:Enjoyment 5.0 ;
     pred:Worry 2.0 ;
     pred:Depression 1.0 ;
     pred:Anger 2.0 ;
     pred:Stress 4.0 ;
     pred:Loneliness 6.0 .

:Respondent73_Emotional_Regulation_Frequency
                                   pred:Upset_by_Unexpected_Events 2.0 ;
                                   pred:Unable_to_Control_Important_Things 2.0 ;
                                   pred:Lacked_Confidence_Handling_Problems 2.0 ;
                                   pred:Unable_to_Cope 2.0 ;
                                   pred:Irritated_by_Life 2.0 ;
                                   pred:On_Top_of_Things 2.0 .
:Respondent73 pred:hasGroupResponse :Respondent73_Emotional_Regulation_Frequency .

:Respondent73_Anxiety_Symptoms_Frequency
                               pred:Feeling_Nervous_or_On_Edge 2.0 ;
                               pred:Trouble_Relaxing 1.0 ;
                               pred:Restlessness 1.0 ;
                               pred:Irritability 2.0 ;
                               pred:Fear_Something_Awful_Might_Happen 2.0 .
:Respondent73 pred:hasGroupResponse :Respondent73_Anxiety_Symptoms_Frequency .

:Respondent73_Depressive_Symptoms_Frequency
                                  pred:Anhedonia 1.0 ;
                                  pred:Sleep_Problems 2.0 ;
                                  pred:Fatigue 1.0 ;
                                  pred:Appetite_Changes 1.0 ;
                                  pred:Feelings_of_Worthlessness 1.0 ;
                                  pred:Concentration_Difficulties 1.0 ;
                                  pred:Suicidal_Thoughts 0.0 .
:Respondent73 pred:hasGroupResponse :Respondent73_Depressive_Symptoms_Frequency .

:Respondent85 pred:Year_of_birth 2004.0 ;
     pred:Gender 2.0 ;
     pred:Socio_economic_status 3.0 ;
     pred:Ethnic_identity 6.0 .

:Respondent85_Parental_Education
                       pred:Father 18.0 .
:Respondent85 pred:hasGroupResponse :Respondent85_Parental_Education .

:Respondent85 pred:Life_satisfaction 5.0 ;
     pred:Happiness 6.0 ;
     pred:Laughter 6.0 ;
     pred:Learning 8.0 ;
     pred:Enjoyment 5.0 ;
     pred:Worry 1.0 ;
     pred:Depression 1.0 ;
     pred:Anger 2.0 ;
     pred:Stress 4.0 ;
     pred:Loneliness 1.0 .

:Respondent85_Emotional_Regulation_Frequency
                                   pred:Upset_by_Unexpected_Events 2.0 ;
                                   pred:Unable_to_Control_Important_Things 3.0 ;
                                   pred:Lacked_Confidence_Handling_Problems 2.0 ;
                                   pred:Unable_to_Cope 3.0 ;
                                   pred:Irritated_by_Life 3.0 ;
                                   pred:On_Top_of_Things 2.0 .
:Respondent85 pred:hasGroupResponse :Respondent85_Emotional_Regulation_Frequency .

:Respondent85_Anxiety_Symptoms_Frequency
                               pred:Feeling_Nervous_or_On_Edge 1.0 ;
                               pred:Trouble_Relaxing 1.0 ;
                               pred:Restlessness 0.0 ;
                               pred:Irritability 1.0 ;
                               pred:Fear_Something_Awful_Might_Happen 1.0 .
:Respondent85 pred:hasGroupResponse :Respondent85_Anxiety_Symptoms_Frequency .

:Respondent85_Depressive_Symptoms_Frequency
                                  pred:Anhedonia 2.0 ;
                                  pred:Sleep_Problems 2.0 ;
                                  pred:Fatigue 3.0 ;
                                  pred:Appetite_Changes 3.0 ;
                                  pred:Feelings_of_Worthlessness 1.0 ;
                                  pred:Concentration_Difficulties 1.0 ;
                                  pred:Suicidal_Thoughts 0.0 .
:Respondent85 pred:hasGroupResponse :Respondent85_Depressive_Symptoms_Frequency .

:Respondent129 pred:Year_of_birth 2001.0 ;
     pred:Gender 2.0 ;
     pred:Socio_economic_status 3.0 ;
     pred:Ethnic_identity 6.0 .

:Respondent129_Parental_Education
                       pred:Father 13.0 ;
                       pred:Mother 13.0 .
:Respondent129 pred:hasGroupResponse :Respondent129_Parental_Education .

:Respondent129 pred:Life_satisfaction 8.0 ;
     pred:Happiness 9.0 ;
     pred:Laughter 6.0 ;
     pred:Learning 5.0 ;
     pred:Enjoyment 6.0 ;
     pred:Worry 1.0 ;
     pred:Depression 1.0 ;
     pred:Anger 1.0 ;
     pred:Stress 3.0 ;
     pred:Loneliness 0.0 .

:Respondent129_Emotional_Regulation_Frequency
                                   pred:Upset_by_Unexpected_Events 1.0 ;
                                   pred:Unable_to_Control_Important_Things 1.0 ;
                                   pred:Lacked_Confidence_Handling_Problems 3.0 ;
                                   pred:Unable_to_Cope 2.0 ;
                                   pred:Irritated_by_Life 3.0 ;
                                   pred:On_Top_of_Things 2.0 .
:Respondent129 pred:hasGroupResponse :Respondent129_Emotional_Regulation_Frequency .

:Respondent129_Anxiety_Symptoms_Frequency
                               pred:Feeling_Nervous_or_On_Edge 1.0 ;
                               pred:Trouble_Relaxing 1.0 ;
                               pred:Restlessness 0.0 ;
                               pred:Irritability 0.0 ;
                               pred:Fear_Something_Awful_Might_Happen 0.0 .
:Respondent129 pred:hasGroupResponse :Respondent129_Anxiety_Symptoms_Frequency .

:Respondent129_Depressive_Symptoms_Frequency
                                  pred:Anhedonia 1.0 ;
                                  pred:Sleep_Problems 1.0 ;
                                  pred:Fatigue 2.0 ;
                                  pred:Appetite_Changes 2.0 ;
                                  pred:Feelings_of_Worthlessness 0.0 ;
                                  pred:Concentration_Difficulties 2.0 ;
                                  pred:Suicidal_Thoughts 0.0 .
:Respondent129 pred:hasGroupResponse :Respondent129_Depressive_Symptoms_Frequency .

Answer: 2.0

@prefix : <http://example.org/survey#> .
@prefix pred: <http://example.org/predicate#> .
@prefix qg: <http://example.org/question_group#> .

# Questions
:QYear_of_birth pred:Text ""What is your date of birth? [Open-ended]"" .
:QGender pred:Text ""What is your gender? [MCQ: 1. Male 2. Female]"" .
:QSocio_economic_status pred:Text ""What is the socio-economic status of your home? [Likert 1–6: 1 = Very low, 6 = Very high]"" .
:QEthnic_identity pred:Text ""According to your culture, people, or physical features, you are or are recognized as: [MCQ: 1. Indigenous 2. Gypsy 3. Raizal from San Andres, Providencia and Santa Catalina Archipelago 4. Palenquero from San Basilio 5. Black, mulatto (Afro-descendant), Afro-Colombian 6. None of the above]"" .

:QGParental_Education pred:BaseQuestion ""How many years of education did your parents receive? [Open-ended]"" ;
    qg:hasSubQuestion :QParental_Education_Father, :QParental_Education_Mother .
:QParental_Education_Father pred:Text ""Father?"" .
:QParental_Education_Mother pred:Text ""Mother?"" .

:QLife_satisfaction pred:Text ""In general, how satisfied are you with all aspects of your life? [Likert 0–10: 0 = Not satisfied, 10 = Totally satisfied]"" .
:QHappiness pred:Text ""How happy did you feel yesterday? [Likert 0–10: 0 = At no time, 10 = All the time]"" .
:QLaughter pred:Text ""How much did you laugh yesterday? [Likert 0–10: 0 = At no time, 10 = All the time]"" .
:QLearning pred:Text ""Did you learn new or exciting things yesterday? [Likert 0–10: 0 = At no time, 10 = All the time]"" .
:QEnjoyment pred:Text ""How much did you enjoy the activities you did yesterday? [Likert 0–10: 0 = At no time, 10 = All the time]"" .
:QWorry pred:Text ""How worried did you feel yesterday? [Likert 0–10: 0 = At no time, 10 = All the time]"" .
:QDepression pred:Text ""How depressed did you feel yesterday? [Likert 0–10: 0 = At no time, 10 = All the time]"" .
:QAnger pred:Text ""How angry did you feel yesterday? [Likert 0–10: 0 = At no time, 10 = All the time]"" .
:QStress pred:Text ""How much stress did you feel yesterday? [Likert 0–10: 0 = At no time, 10 = All the time]"" .
:QLoneliness pred:Text ""How lonely or unsupported did you feel yesterday? [Likert 0–10: 0 = At no time, 10 = All the time]"" .

:QGEmotional_Regulation_Frequency pred:BaseQuestion ""Next, you will be asked questions about your emotional state. Please answer on a scale of 0 to 4, where 0 is never, 1 is 'almost never', 2 is 'sometimes', 3 is 'fairly often', and 4 is 'very often', how often you experienced the following feelings during the last month: [Likert 0–4]"" ;
    qg:hasSubQuestion :QEmotional_Regulation_Frequency_Upset_by_Unexpected_Events,
                      :QEmotional_Regulation_Frequency_Unable_to_Control_Important_Things,
                      :QEmotional_Regulation_Frequency_Nervous_and_Stressed,
                      :QEmotional_Regulation_Frequency_Lacked_Confidence_Handling_Problems,
                      :QEmotional_Regulation_Frequency_Things_Going_Your_Way,
                      :QEmotional_Regulation_Frequency_Unable_to_Cope,
                      :QEmotional_Regulation_Frequency_Irritated_by_Life,
                      :QEmotional_Regulation_Frequency_On_Top_of_Things,
                      :QEmotional_Regulation_Frequency_Angered_by_Uncontrollable_Events,
                      :QEmotional_Regulation_Frequency_Felt_Overwhelmed .

:QEmotional_Regulation_Frequency_Upset_by_Unexpected_Events pred:Text ""how often have you been upset because of something that happened unexpectedly?"" .
:QEmotional_Regulation_Frequency_Unable_to_Control_Important_Things pred:Text ""how often have you felt that you were unable to control the important things in your life?"" .
:QEmotional_Regulation_Frequency_Nervous_and_Stressed pred:Text ""how often have you felt nervous and stressed?"" .
:QEmotional_Regulation_Frequency_Lacked_Confidence_Handling_Problems pred:Text ""how often have you felt confident about your ability to handle your personal problems?"" .
:QEmotional_Regulation_Frequency_Things_Going_Your_Way pred:Text ""how often have you felt that things were going your way?"" .
:QEmotional_Regulation_Frequency_Unable_to_Cope pred:Text ""how often have you found that you could not cope with all the things that you had to do?"" .
:QEmotional_Regulation_Frequency_Irritated_by_Life pred:Text ""how often have you been able to control irritations in your life?"" .
:QEmotional_Regulation_Frequency_On_Top_of_Things pred:Text ""how often have you felt that you were on top of things?"" .
:QEmotional_Regulation_Frequency_Angered_by_Uncontrollable_Events pred:Text ""how often have you been angered because of things that happened that were outside of your control?"" .
:QEmotional_Regulation_Frequency_Felt_Overwhelmed pred:Text ""how often have you felt difficulties were piling up so high that you could not overcome them?"" .

:QGAnxiety_Symptoms_Frequency pred:BaseQuestion ""Next, you will be asked questions about your emotional state. Please answer on a scale of 0 to 3, where 0 is 'Not at all', 1 is 'several days', 2 is 'more than half of the days', and 3 is 'Nearly every day'. Over the last two weeks, how often have you been bothered by the following problems? [Likert 0–3]"" ;
    qg:hasSubQuestion :QAnxiety_Symptoms_Frequency_Feeling_Nervous_or_On_Edge,
                      :QAnxiety_Symptoms_Frequency_Uncontrollable_Worrying,
                      :QAnxiety_Symptoms_Frequency_Excessive_Worry,
                      :QAnxiety_Symptoms_Frequency_Trouble_Relaxing,
                      :QAnxiety_Symptoms_Frequency_Restlessness,
                      :QAnxiety_Symptoms_Frequency_Irritability,
                      :QAnxiety_Symptoms_Frequency_Fear_Something_Awful_Might_Happen .

:QAnxiety_Symptoms_Frequency_Feeling_Nervous_or_On_Edge pred:Text ""Feeling nervous, anxious, or on edge"" .
:QAnxiety_Symptoms_Frequency_Uncontrollable_Worrying pred:Text ""Not being able to stop or control worrying"" .
:QAnxiety_Symptoms_Frequency_Excessive_Worry pred:Text ""Worrying too much about different things"" .
:QAnxiety_Symptoms_Frequency_Trouble_Relaxing pred:Text ""Trouble relaxing"" .
:QAnxiety_Symptoms_Frequency_Restlessness pred:Text ""Being so restless that it is hard to sit still"" .
:QAnxiety_Symptoms_Frequency_Irritability pred:Text ""Becoming easily annoyed or irritable"" .
:QAnxiety_Symptoms_Frequency_Fear_Something_Awful_Might_Happen pred:Text ""Feeling afraid, as if something awful might happen"" .

:QGDepressive_Symptoms_Frequency pred:BaseQuestion ""Next, you will be asked questions about your emotional state. Please answer on a scale of 0 to 3, where 0 is 'Not at all', 1 is 'several days', 2 is 'more than half of the days', and 3 is 'Nearly every day'. Over the last two weeks, how often have you been bothered by the following problems?"" ;
    qg:hasSubQuestion :QDepressive_Symptoms_Frequency_Anhedonia,
                      :QDepressive_Symptoms_Frequency_Depressed_Mood,
                      :QDepressive_Symptoms_Frequency_Sleep_Problems,
                      :QDepressive_Symptoms_Frequency_Fatigue,
                      :QDepressive_Symptoms_Frequency_Appetite_Changes,
                      :QDepressive_Symptoms_Frequency_Feelings_of_Worthlessness,
                      :QDepressive_Symptoms_Frequency_Concentration_Difficulties,
                      :QDepressive_Symptoms_Frequency_Psychomotor_Changes,
                      :QDepressive_Symptoms_Frequency_Suicidal_Thoughts .

:QDepressive_Symptoms_Frequency_Anhedonia pred:Text ""Little interest or pleasure in doing things"" .
:QDepressive_Symptoms_Frequency_Depressed_Mood pred:Text ""Feeling down, depressed, or hopeless"" .
:QDepressive_Symptoms_Frequency_Sleep_Problems pred:Text ""Trouble falling or staying asleep, or sleeping too much"" .
:QDepressive_Symptoms_Frequency_Fatigue pred:Text ""Feeling tired or having little energy"" .
:QDepressive_Symptoms_Frequency_Appetite_Changes pred:Text ""Poor appetite or overeating"" .
:QDepressive_Symptoms_Frequency_Feelings_of_Worthlessness pred:Text ""Feeling bad about yourself or that you are a failure or have let yourself or your family down"" .
:QDepressive_Symptoms_Frequency_Concentration_Difficulties pred:Text ""Trouble concentrating on things, such as reading the newspaper or watching television"" .
:QDepressive_Symptoms_Frequency_Psychomotor_Changes pred:Text ""Moving or speaking so slowly that other people could have noticed. Or the opposite — being so fidgety or restless that you have been moving around a lot more than usual"" .
:QDepressive_Symptoms_Frequency_Suicidal_Thoughts pred:Text ""Thoughts that you would be better off dead, or of hurting yourself"" .

# Responses
:Respondent4 pred:Year_of_birth 2001.0 ;
     pred:Gender 2.0 ;
     pred:Socio_economic_status 5.0 ;
     pred:Ethnic_identity 6.0 .

:Respondent4_Parental_Education
                       pred:Father 20.0 ;
                       pred:Mother 16.0 .
:Respondent4 pred:hasGroupResponse :Respondent4_Parental_Education .

:Respondent4 pred:Life_satisfaction 10.0 ;
     pred:Happiness 8.0 ;
     pred:Laughter 10.0 ;
     pred:Learning 10.0 ;
     pred:Enjoyment 10.0 ;
     pred:Worry 1.0 ;
     pred:Depression 1.0 ;
     pred:Anger 2.0 ;
     pred:Stress 2.0 ;
     pred:Loneliness 0.0 .

:Respondent4_Emotional_Regulation_Frequency
                                   pred:Upset_by_Unexpected_Events 3.0 ;
                                   pred:Unable_to_Control_Important_Things 3.0 ;
                                   pred:Lacked_Confidence_Handling_Problems 4.0 ;
                                   pred:Unable_to_Cope 2.0 ;
                                   pred:Irritated_by_Life 3.0 ;
                                   pred:On_Top_of_Things 3.0 .
:Respondent4 pred:hasGroupResponse :Respondent4_Emotional_Regulation_Frequency .

:Respondent4_Anxiety_Symptoms_Frequency
                               pred:Feeling_Nervous_or_On_Edge 0.0 ;
                               pred:Trouble_Relaxing 0.0 ;
                               pred:Restlessness 0.0 ;
                               pred:Irritability 1.0 ;
                               pred:Fear_Something_Awful_Might_Happen 0.0 .
:Respondent4 pred:hasGroupResponse :Respondent4_Anxiety_Symptoms_Frequency .

:Respondent4_Depressive_Symptoms_Frequency
                                  pred:Anhedonia 3.0 ;
                                  pred:Sleep_Problems 0.0 ;
                                  pred:Fatigue 3.0 ;
                                  pred:Appetite_Changes 1.0 ;
                                  pred:Feelings_of_Worthlessness 0.0 ;
                                  pred:Concentration_Difficulties 0.0 ;
                                  pred:Suicidal_Thoughts 0.0 .
:Respondent4 pred:hasGroupResponse :Respondent4_Depressive_Symptoms_Frequency .

:Respondent44 pred:Year_of_birth 2022.0 ;
     pred:Gender 1.0 ;
     pred:Socio_economic_status 2.0 ;
     pred:Ethnic_identity 6.0 .

:Respondent44 pred:Life_satisfaction 7.0 ;
     pred:Happiness 5.0 ;
     pred:Laughter 5.0 ;
     pred:Learning 6.0 ;
     pred:Enjoyment 5.0 ;
     pred:Worry 1.0 ;
     pred:Depression 2.0 ;
     pred:Anger 3.0 ;
     pred:Stress 2.0 ;
     pred:Loneliness 8.0 .

:Respondent44_Emotional_Regulation_Frequency
                                   pred:Upset_by_Unexpected_Events 2.0 ;
                                   pred:Unable_to_Control_Important_Things 2.0 ;
                                   pred:Lacked_Confidence_Handling_Problems 1.0 ;
                                   pred:Unable_to_Cope 2.0 ;
                                   pred:Irritated_by_Life 3.0 ;
                                   pred:On_Top_of_Things 2.0 .
:Respondent44 pred:hasGroupResponse :Respondent44_Emotional_Regulation_Frequency .

:Respondent44_Anxiety_Symptoms_Frequency
                               pred:Feeling_Nervous_or_On_Edge 1.0 ;
                               pred:Trouble_Relaxing 1.0 ;
                               pred:Restlessness 0.0 ;
                               pred:Irritability 1.0 ;
                               pred:Fear_Something_Awful_Might_Happen 1.0 .
:Respondent44 pred:hasGroupResponse :Respondent44_Anxiety_Symptoms_Frequency .

:Respondent44_Depressive_Symptoms_Frequency
                                  pred:Anhedonia 2.0 ;
                                  pred:Sleep_Problems 1.0 ;
                                  pred:Fatigue 1.0 ;
                                  pred:Appetite_Changes 0.0 ;
                                  pred:Feelings_of_Worthlessness 1.0 ;
                                  pred:Concentration_Difficulties 0.0 ;
                                  pred:Suicidal_Thoughts 3.0 .
:Respondent44 pred:hasGroupResponse :Respondent44_Depressive_Symptoms_Frequency .

:Respondent40 pred:Year_of_birth 2005.0 ;
     pred:Gender 2.0 ;
     pred:Socio_economic_status 3.0 ;
     pred:Ethnic_identity 6.0 .

:Respondent40 pred:Life_satisfaction 6.0 ;
     pred:Happiness 5.0 ;
     pred:Laughter 10.0 ;
     pred:Learning 8.0 ;
     pred:Enjoyment 8.0 ;
     pred:Worry 1.0 ;
     pred:Depression 3.0 ;
     pred:Anger 1.0 ;
     pred:Stress 2.0 ;
     pred:Loneliness 8.0 .

:Respondent40_Emotional_Regulation_Frequency
                                   pred:Upset_by_Unexpected_Events 3.0 ;
                                   pred:Unable_to_Control_Important_Things 3.0 ;
                                   pred:Lacked_Confidence_Handling_Problems 2.0 ;
                                   pred:Unable_to_Cope 3.0 ;
                                   pred:Irritated_by_Life 2.0 ;
                                   pred:On_Top_of_Things 2.0 .
:Respondent40 pred:hasGroupResponse :Respondent40_Emotional_Regulation_Frequency .

:Respondent40_Anxiety_Symptoms_Frequency
                               pred:Feeling_Nervous_or_On_Edge 1.0 ;
                               pred:Trouble_Relaxing 2.0 ;
                               pred:Restlessness 0.0 ;
                               pred:Irritability 1.0 ;
                               pred:Fear_Something_Awful_Might_Happen 1.0 .
:Respondent40 pred:hasGroupResponse :Respondent40_Anxiety_Symptoms_Frequency .

:Respondent40_Depressive_Symptoms_Frequency
                                  pred:Anhedonia 2.0 ;
                                  pred:Sleep_Problems 3.0 ;
                                  pred:Fatigue 3.0 ;
                                  pred:Appetite_Changes 1.0 ;
                                  pred:Feelings_of_Worthlessness 1.0 ;
                                  pred:Concentration_Difficulties 1.0 ;
                                  pred:Suicidal_Thoughts 0.0 .
:Respondent40 pred:hasGroupResponse :Respondent40_Depressive_Symptoms_Frequency .

You are a meticulous data analyst AI. Your primary function is to accurately analyze structured data and provide precise, verifiable answers.

You will be given a dataset with two key parts:

A 'questions' section: This is your data dictionary or schema. It is the single source of truth for understanding what each field and score means. Refer to it carefully.

A 'responses' section: This contains the raw data from each individual respondent.

To answer the question correctly, you must first use the 'questions' schema to fully understand the context and meaning of the data points within the 'responses'. Do not rely on any prior knowledge outside of this provided data. Base your entire analysis on the information given.

Provide your final answer directly and concisely. Output must be the human-readable value, not an option code.

Rules:
- For MCQ fields, map any letter codes in the Responses (case-insensitive) to the corresponding option text from the Questions schema, and output only that text. Do NOT include the letter or both.
  Example: If the schema is ""[MCQ: A. Abnormal B. Inconclusive C. Normal]"" and the response is ""a"", output ""Abnormal"".
- For open-ended fields, output the exact text value.
- If the question asks for a count, provide only the number (e.g., ""42"").
- If the question asks for a list of names or IDs, provide a simple comma-separated list (e.g., ""17, 21, 23"").
- Preserve capitalization exactly as in the schema (e.g., output ""Abnormal"", not ""abnormal"" or ""A"").

What is the frequency of sleep problems for respondent 4?",,
case_49,answer_lookup,What is the ethnic identity for respondent 142?,"@prefix : <http://example.org/survey#> .
@prefix pred: <http://example.org/predicate#> .
@prefix qg: <http://example.org/question_group#> .

# Questions
:QYear_of_birth pred:Text ""What is your date of birth? [Open-ended]"" .
:QGender pred:Text ""What is your gender? [MCQ: 1. Male 2. Female]"" .
:QSocio_economic_status pred:Text ""What is the socio-economic status of your home? [Likert 1–6: 1 = Very low, 6 = Very high]"" .
:QEthnic_identity pred:Text ""According to your culture, people, or physical features, you are or are recognized as: [MCQ: 1. Indigenous 2. Gypsy 3. Raizal from San Andres, Providencia and Santa Catalina Archipelago 4. Palenquero from San Basilio 5. Black, mulatto (Afro-descendant), Afro-Colombian 6. None of the above]"" .

:QGParental_Education pred:BaseQuestion ""How many years of education did your parents receive? [Open-ended]"" ;
    qg:hasSubQuestion :QParental_Education_Father, :QParental_Education_Mother .
:QParental_Education_Father pred:Text ""Father?"" .
:QParental_Education_Mother pred:Text ""Mother?"" .

:QLife_satisfaction pred:Text ""In general, how satisfied are you with all aspects of your life? [Likert 0–10: 0 = Not satisfied, 10 = Totally satisfied]"" .
:QHappiness pred:Text ""How happy did you feel yesterday? [Likert 0–10: 0 = At no time, 10 = All the time]"" .
:QLaughter pred:Text ""How much did you laugh yesterday? [Likert 0–10: 0 = At no time, 10 = All the time]"" .
:QLearning pred:Text ""Did you learn new or exciting things yesterday? [Likert 0–10: 0 = At no time, 10 = All the time]"" .
:QEnjoyment pred:Text ""How much did you enjoy the activities you did yesterday? [Likert 0–10: 0 = At no time, 10 = All the time]"" .
:QWorry pred:Text ""How worried did you feel yesterday? [Likert 0–10: 0 = At no time, 10 = All the time]"" .
:QDepression pred:Text ""How depressed did you feel yesterday? [Likert 0–10: 0 = At no time, 10 = All the time]"" .
:QAnger pred:Text ""How angry did you feel yesterday? [Likert 0–10: 0 = At no time, 10 = All the time]"" .
:QStress pred:Text ""How much stress did you feel yesterday? [Likert 0–10: 0 = At no time, 10 = All the time]"" .
:QLoneliness pred:Text ""How lonely or unsupported did you feel yesterday? [Likert 0–10: 0 = At no time, 10 = All the time]"" .

:QGEmotional_Regulation_Frequency pred:BaseQuestion ""Next, you will be asked questions about your emotional state. Please answer on a scale of 0 to 4, where 0 is never, 1 is 'almost never', 2 is 'sometimes', 3 is 'fairly often', and 4 is 'very often', how often you experienced the following feelings during the last month: [Likert 0–4]"" ;
    qg:hasSubQuestion :QEmotional_Regulation_Frequency_Upset_by_Unexpected_Events,
                      :QEmotional_Regulation_Frequency_Unable_to_Control_Important_Things,
                      :QEmotional_Regulation_Frequency_Nervous_and_Stressed,
                      :QEmotional_Regulation_Frequency_Lacked_Confidence_Handling_Problems,
                      :QEmotional_Regulation_Frequency_Things_Going_Your_Way,
                      :QEmotional_Regulation_Frequency_Unable_to_Cope,
                      :QEmotional_Regulation_Frequency_Irritated_by_Life,
                      :QEmotional_Regulation_Frequency_On_Top_of_Things,
                      :QEmotional_Regulation_Frequency_Angered_by_Uncontrollable_Events,
                      :QEmotional_Regulation_Frequency_Felt_Overwhelmed .

:QEmotional_Regulation_Frequency_Upset_by_Unexpected_Events pred:Text ""how often have you been upset because of something that happened unexpectedly?"" .
:QEmotional_Regulation_Frequency_Unable_to_Control_Important_Things pred:Text ""how often have you felt that you were unable to control the important things in your life?"" .
:QEmotional_Regulation_Frequency_Nervous_and_Stressed pred:Text ""how often have you felt nervous and stressed?"" .
:QEmotional_Regulation_Frequency_Lacked_Confidence_Handling_Problems pred:Text ""how often have you felt confident about your ability to handle your personal problems?"" .
:QEmotional_Regulation_Frequency_Things_Going_Your_Way pred:Text ""how often have you felt that things were going your way?"" .
:QEmotional_Regulation_Frequency_Unable_to_Cope pred:Text ""how often have you found that you could not cope with all the things that you had to do?"" .
:QEmotional_Regulation_Frequency_Irritated_by_Life pred:Text ""how often have you been able to control irritations in your life?"" .
:QEmotional_Regulation_Frequency_On_Top_of_Things pred:Text ""how often have you felt that you were on top of things?"" .
:QEmotional_Regulation_Frequency_Angered_by_Uncontrollable_Events pred:Text ""how often have you been angered because of things that happened that were outside of your control?"" .
:QEmotional_Regulation_Frequency_Felt_Overwhelmed pred:Text ""how often have you felt difficulties were piling up so high that you could not overcome them?"" .

:QGAnxiety_Symptoms_Frequency pred:BaseQuestion ""Next, you will be asked questions about your emotional state. Please answer on a scale of 0 to 3, where 0 is 'Not at all', 1 is 'several days', 2 is 'more than half of the days', and 3 is 'Nearly every day'. Over the last two weeks, how often have you been bothered by the following problems? [Likert 0–3]"" ;
    qg:hasSubQuestion :QAnxiety_Symptoms_Frequency_Feeling_Nervous_or_On_Edge,
                      :QAnxiety_Symptoms_Frequency_Uncontrollable_Worrying,
                      :QAnxiety_Symptoms_Frequency_Excessive_Worry,
                      :QAnxiety_Symptoms_Frequency_Trouble_Relaxing,
                      :QAnxiety_Symptoms_Frequency_Restlessness,
                      :QAnxiety_Symptoms_Frequency_Irritability,
                      :QAnxiety_Symptoms_Frequency_Fear_Something_Awful_Might_Happen .

:QAnxiety_Symptoms_Frequency_Feeling_Nervous_or_On_Edge pred:Text ""Feeling nervous, anxious, or on edge"" .
:QAnxiety_Symptoms_Frequency_Uncontrollable_Worrying pred:Text ""Not being able to stop or control worrying"" .
:QAnxiety_Symptoms_Frequency_Excessive_Worry pred:Text ""Worrying too much about different things"" .
:QAnxiety_Symptoms_Frequency_Trouble_Relaxing pred:Text ""Trouble relaxing"" .
:QAnxiety_Symptoms_Frequency_Restlessness pred:Text ""Being so restless that it is hard to sit still"" .
:QAnxiety_Symptoms_Frequency_Irritability pred:Text ""Becoming easily annoyed or irritable"" .
:QAnxiety_Symptoms_Frequency_Fear_Something_Awful_Might_Happen pred:Text ""Feeling afraid, as if something awful might happen"" .

:QGDepressive_Symptoms_Frequency pred:BaseQuestion ""Next, you will be asked questions about your emotional state. Please answer on a scale of 0 to 3, where 0 is 'Not at all', 1 is 'several days', 2 is 'more than half of the days', and 3 is 'Nearly every day'. Over the last two weeks, how often have you been bothered by the following problems?"" ;
    qg:hasSubQuestion :QDepressive_Symptoms_Frequency_Anhedonia,
                      :QDepressive_Symptoms_Frequency_Depressed_Mood,
                      :QDepressive_Symptoms_Frequency_Sleep_Problems,
                      :QDepressive_Symptoms_Frequency_Fatigue,
                      :QDepressive_Symptoms_Frequency_Appetite_Changes,
                      :QDepressive_Symptoms_Frequency_Feelings_of_Worthlessness,
                      :QDepressive_Symptoms_Frequency_Concentration_Difficulties,
                      :QDepressive_Symptoms_Frequency_Psychomotor_Changes,
                      :QDepressive_Symptoms_Frequency_Suicidal_Thoughts .

:QDepressive_Symptoms_Frequency_Anhedonia pred:Text ""Little interest or pleasure in doing things"" .
:QDepressive_Symptoms_Frequency_Depressed_Mood pred:Text ""Feeling down, depressed, or hopeless"" .
:QDepressive_Symptoms_Frequency_Sleep_Problems pred:Text ""Trouble falling or staying asleep, or sleeping too much"" .
:QDepressive_Symptoms_Frequency_Fatigue pred:Text ""Feeling tired or having little energy"" .
:QDepressive_Symptoms_Frequency_Appetite_Changes pred:Text ""Poor appetite or overeating"" .
:QDepressive_Symptoms_Frequency_Feelings_of_Worthlessness pred:Text ""Feeling bad about yourself or that you are a failure or have let yourself or your family down"" .
:QDepressive_Symptoms_Frequency_Concentration_Difficulties pred:Text ""Trouble concentrating on things, such as reading the newspaper or watching television"" .
:QDepressive_Symptoms_Frequency_Psychomotor_Changes pred:Text ""Moving or speaking so slowly that other people could have noticed. Or the opposite — being so fidgety or restless that you have been moving around a lot more than usual"" .
:QDepressive_Symptoms_Frequency_Suicidal_Thoughts pred:Text ""Thoughts that you would be better off dead, or of hurting yourself"" .

# Responses
:Respondent142 pred:Year_of_birth 2003.0 ;
     pred:Gender 2.0 ;
     pred:Socio_economic_status 2.0 ;
     pred:Ethnic_identity 6.0 .

:Respondent142_Parental_Education
                       pred:Father 12.0 ;
                       pred:Mother 9.0 .
:Respondent142 pred:hasGroupResponse :Respondent142_Parental_Education .

:Respondent142 pred:Life_satisfaction 4.0 ;
     pred:Happiness 2.0 ;
     pred:Laughter 0.0 ;
     pred:Learning 6.0 ;
     pred:Enjoyment 6.0 ;
     pred:Worry 1.0 ;
     pred:Depression 2.0 ;
     pred:Anger 4.0 ;
     pred:Stress 4.0 ;
     pred:Loneliness 7.0 .

:Respondent142_Emotional_Regulation_Frequency
                                   pred:Upset_by_Unexpected_Events 3.0 ;
                                   pred:Unable_to_Control_Important_Things 4.0 ;
                                   pred:Lacked_Confidence_Handling_Problems 2.0 ;
                                   pred:Unable_to_Cope 4.0 ;
                                   pred:Irritated_by_Life 3.0 ;
                                   pred:On_Top_of_Things 1.0 .
:Respondent142 pred:hasGroupResponse :Respondent142_Emotional_Regulation_Frequency .

:Respondent142_Anxiety_Symptoms_Frequency
                               pred:Feeling_Nervous_or_On_Edge 2.0 ;
                               pred:Trouble_Relaxing 1.0 ;
                               pred:Restlessness 1.0 ;
                               pred:Irritability 1.0 ;
                               pred:Fear_Something_Awful_Might_Happen 1.0 .
:Respondent142 pred:hasGroupResponse :Respondent142_Anxiety_Symptoms_Frequency .

:Respondent142_Depressive_Symptoms_Frequency
                                  pred:Anhedonia 1.0 ;
                                  pred:Sleep_Problems 3.0 ;
                                  pred:Fatigue 3.0 ;
                                  pred:Appetite_Changes 2.0 ;
                                  pred:Feelings_of_Worthlessness 3.0 ;
                                  pred:Concentration_Difficulties 3.0 ;
                                  pred:Suicidal_Thoughts 1.0 .
:Respondent142 pred:hasGroupResponse :Respondent142_Depressive_Symptoms_Frequency .

:Respondent70 pred:Year_of_birth 1999.0 ;
     pred:Gender 2.0 ;
     pred:Socio_economic_status 1.0 ;
     pred:Ethnic_identity 6.0 .

:Respondent70 pred:Life_satisfaction 3.0 ;
     pred:Happiness 3.0 ;
     pred:Laughter 3.0 ;
     pred:Learning 3.0 ;
     pred:Enjoyment 3.0 ;
     pred:Worry 2.0 ;
     pred:Depression 2.0 ;
     pred:Anger 2.0 ;
     pred:Stress 3.0 ;
     pred:Loneliness 3.0 .

:Respondent70_Emotional_Regulation_Frequency
                                   pred:Upset_by_Unexpected_Events 2.0 ;
                                   pred:Unable_to_Control_Important_Things 2.0 ;
                                   pred:Lacked_Confidence_Handling_Problems 2.0 ;
                                   pred:Unable_to_Cope 2.0 ;
                                   pred:Irritated_by_Life 2.0 ;
                                   pred:On_Top_of_Things 2.0 .
:Respondent70 pred:hasGroupResponse :Respondent70_Emotional_Regulation_Frequency .

:Respondent70_Anxiety_Symptoms_Frequency
                               pred:Feeling_Nervous_or_On_Edge 2.0 ;
                               pred:Trouble_Relaxing 2.0 ;
                               pred:Restlessness 2.0 ;
                               pred:Irritability 2.0 ;
                               pred:Fear_Something_Awful_Might_Happen 2.0 .
:Respondent70 pred:hasGroupResponse :Respondent70_Anxiety_Symptoms_Frequency .

:Respondent70_Depressive_Symptoms_Frequency
                                  pred:Anhedonia 2.0 ;
                                  pred:Sleep_Problems 2.0 ;
                                  pred:Fatigue 2.0 ;
                                  pred:Appetite_Changes 2.0 ;
                                  pred:Feelings_of_Worthlessness 1.0 ;
                                  pred:Concentration_Difficulties 2.0 ;
                                  pred:Suicidal_Thoughts 0.0 .
:Respondent70 pred:hasGroupResponse :Respondent70_Depressive_Symptoms_Frequency .

:Respondent50 pred:Year_of_birth 2004.0 ;
     pred:Gender 2.0 ;
     pred:Socio_economic_status 1.0 ;
     pred:Ethnic_identity 6.0 .

:Respondent50_Parental_Education
                       pred:Father 16.0 ;
                       pred:Mother 11.0 .
:Respondent50 pred:hasGroupResponse :Respondent50_Parental_Education .

:Respondent50 pred:Life_satisfaction 8.0 ;
     pred:Happiness 8.0 ;
     pred:Laughter 6.0 ;
     pred:Learning 8.0 ;
     pred:Enjoyment 8.0 ;
     pred:Worry 1.0 ;
     pred:Depression 2.0 ;
     pred:Anger 4.0 ;
     pred:Stress 3.0 ;
     pred:Loneliness 0.0 .

:Respondent50_Emotional_Regulation_Frequency
                                   pred:Upset_by_Unexpected_Events 2.0 ;
                                   pred:Unable_to_Control_Important_Things 3.0 ;
                                   pred:Lacked_Confidence_Handling_Problems 3.0 ;
                                   pred:Unable_to_Cope 2.0 ;
                                   pred:Irritated_by_Life 3.0 ;
                                   pred:On_Top_of_Things 2.0 .
:Respondent50 pred:hasGroupResponse :Respondent50_Emotional_Regulation_Frequency .

:Respondent50_Anxiety_Symptoms_Frequency
                               pred:Feeling_Nervous_or_On_Edge 2.0 ;
                               pred:Trouble_Relaxing 1.0 ;
                               pred:Restlessness 0.0 ;
                               pred:Irritability 2.0 ;
                               pred:Fear_Something_Awful_Might_Happen 2.0 .
:Respondent50 pred:hasGroupResponse :Respondent50_Anxiety_Symptoms_Frequency .

:Respondent50_Depressive_Symptoms_Frequency
                                  pred:Anhedonia 1.0 ;
                                  pred:Sleep_Problems 2.0 ;
                                  pred:Fatigue 3.0 ;
                                  pred:Appetite_Changes 0.0 ;
                                  pred:Feelings_of_Worthlessness 1.0 ;
                                  pred:Concentration_Difficulties 0.0 ;
                                  pred:Suicidal_Thoughts 0.0 .
:Respondent50 pred:hasGroupResponse :Respondent50_Depressive_Symptoms_Frequency .
",6.0,"For respondent 129, what is the value for 'Appetite Changes' in the 'Depressive Symptoms Frequency' category?

DATA:

@prefix : <http://example.org/survey#> .
@prefix pred: <http://example.org/predicate#> .
@prefix qg: <http://example.org/question_group#> .

# Questions
:QYear_of_birth pred:Text ""What is your date of birth? [Open-ended]"" .
:QGender pred:Text ""What is your gender? [MCQ: 1. Male 2. Female]"" .
:QSocio_economic_status pred:Text ""What is the socio-economic status of your home? [Likert 1–6: 1 = Very low, 6 = Very high]"" .
:QEthnic_identity pred:Text ""According to your culture, people, or physical features, you are or are recognized as: [MCQ: 1. Indigenous 2. Gypsy 3. Raizal from San Andres, Providencia and Santa Catalina Archipelago 4. Palenquero from San Basilio 5. Black, mulatto (Afro-descendant), Afro-Colombian 6. None of the above]"" .

:QGParental_Education pred:BaseQuestion ""How many years of education did your parents receive? [Open-ended]"" ;
    qg:hasSubQuestion :QParental_Education_Father, :QParental_Education_Mother .
:QParental_Education_Father pred:Text ""Father?"" .
:QParental_Education_Mother pred:Text ""Mother?"" .

:QLife_satisfaction pred:Text ""In general, how satisfied are you with all aspects of your life? [Likert 0–10: 0 = Not satisfied, 10 = Totally satisfied]"" .
:QHappiness pred:Text ""How happy did you feel yesterday? [Likert 0–10: 0 = At no time, 10 = All the time]"" .
:QLaughter pred:Text ""How much did you laugh yesterday? [Likert 0–10: 0 = At no time, 10 = All the time]"" .
:QLearning pred:Text ""Did you learn new or exciting things yesterday? [Likert 0–10: 0 = At no time, 10 = All the time]"" .
:QEnjoyment pred:Text ""How much did you enjoy the activities you did yesterday? [Likert 0–10: 0 = At no time, 10 = All the time]"" .
:QWorry pred:Text ""How worried did you feel yesterday? [Likert 0–10: 0 = At no time, 10 = All the time]"" .
:QDepression pred:Text ""How depressed did you feel yesterday? [Likert 0–10: 0 = At no time, 10 = All the time]"" .
:QAnger pred:Text ""How angry did you feel yesterday? [Likert 0–10: 0 = At no time, 10 = All the time]"" .
:QStress pred:Text ""How much stress did you feel yesterday? [Likert 0–10: 0 = At no time, 10 = All the time]"" .
:QLoneliness pred:Text ""How lonely or unsupported did you feel yesterday? [Likert 0–10: 0 = At no time, 10 = All the time]"" .

:QGEmotional_Regulation_Frequency pred:BaseQuestion ""Next, you will be asked questions about your emotional state. Please answer on a scale of 0 to 4, where 0 is never, 1 is 'almost never', 2 is 'sometimes', 3 is 'fairly often', and 4 is 'very often', how often you experienced the following feelings during the last month: [Likert 0–4]"" ;
    qg:hasSubQuestion :QEmotional_Regulation_Frequency_Upset_by_Unexpected_Events,
                      :QEmotional_Regulation_Frequency_Unable_to_Control_Important_Things,
                      :QEmotional_Regulation_Frequency_Nervous_and_Stressed,
                      :QEmotional_Regulation_Frequency_Lacked_Confidence_Handling_Problems,
                      :QEmotional_Regulation_Frequency_Things_Going_Your_Way,
                      :QEmotional_Regulation_Frequency_Unable_to_Cope,
                      :QEmotional_Regulation_Frequency_Irritated_by_Life,
                      :QEmotional_Regulation_Frequency_On_Top_of_Things,
                      :QEmotional_Regulation_Frequency_Angered_by_Uncontrollable_Events,
                      :QEmotional_Regulation_Frequency_Felt_Overwhelmed .

:QEmotional_Regulation_Frequency_Upset_by_Unexpected_Events pred:Text ""how often have you been upset because of something that happened unexpectedly?"" .
:QEmotional_Regulation_Frequency_Unable_to_Control_Important_Things pred:Text ""how often have you felt that you were unable to control the important things in your life?"" .
:QEmotional_Regulation_Frequency_Nervous_and_Stressed pred:Text ""how often have you felt nervous and stressed?"" .
:QEmotional_Regulation_Frequency_Lacked_Confidence_Handling_Problems pred:Text ""how often have you felt confident about your ability to handle your personal problems?"" .
:QEmotional_Regulation_Frequency_Things_Going_Your_Way pred:Text ""how often have you felt that things were going your way?"" .
:QEmotional_Regulation_Frequency_Unable_to_Cope pred:Text ""how often have you found that you could not cope with all the things that you had to do?"" .
:QEmotional_Regulation_Frequency_Irritated_by_Life pred:Text ""how often have you been able to control irritations in your life?"" .
:QEmotional_Regulation_Frequency_On_Top_of_Things pred:Text ""how often have you felt that you were on top of things?"" .
:QEmotional_Regulation_Frequency_Angered_by_Uncontrollable_Events pred:Text ""how often have you been angered because of things that happened that were outside of your control?"" .
:QEmotional_Regulation_Frequency_Felt_Overwhelmed pred:Text ""how often have you felt difficulties were piling up so high that you could not overcome them?"" .

:QGAnxiety_Symptoms_Frequency pred:BaseQuestion ""Next, you will be asked questions about your emotional state. Please answer on a scale of 0 to 3, where 0 is 'Not at all', 1 is 'several days', 2 is 'more than half of the days', and 3 is 'Nearly every day'. Over the last two weeks, how often have you been bothered by the following problems? [Likert 0–3]"" ;
    qg:hasSubQuestion :QAnxiety_Symptoms_Frequency_Feeling_Nervous_or_On_Edge,
                      :QAnxiety_Symptoms_Frequency_Uncontrollable_Worrying,
                      :QAnxiety_Symptoms_Frequency_Excessive_Worry,
                      :QAnxiety_Symptoms_Frequency_Trouble_Relaxing,
                      :QAnxiety_Symptoms_Frequency_Restlessness,
                      :QAnxiety_Symptoms_Frequency_Irritability,
                      :QAnxiety_Symptoms_Frequency_Fear_Something_Awful_Might_Happen .

:QAnxiety_Symptoms_Frequency_Feeling_Nervous_or_On_Edge pred:Text ""Feeling nervous, anxious, or on edge"" .
:QAnxiety_Symptoms_Frequency_Uncontrollable_Worrying pred:Text ""Not being able to stop or control worrying"" .
:QAnxiety_Symptoms_Frequency_Excessive_Worry pred:Text ""Worrying too much about different things"" .
:QAnxiety_Symptoms_Frequency_Trouble_Relaxing pred:Text ""Trouble relaxing"" .
:QAnxiety_Symptoms_Frequency_Restlessness pred:Text ""Being so restless that it is hard to sit still"" .
:QAnxiety_Symptoms_Frequency_Irritability pred:Text ""Becoming easily annoyed or irritable"" .
:QAnxiety_Symptoms_Frequency_Fear_Something_Awful_Might_Happen pred:Text ""Feeling afraid, as if something awful might happen"" .

:QGDepressive_Symptoms_Frequency pred:BaseQuestion ""Next, you will be asked questions about your emotional state. Please answer on a scale of 0 to 3, where 0 is 'Not at all', 1 is 'several days', 2 is 'more than half of the days', and 3 is 'Nearly every day'. Over the last two weeks, how often have you been bothered by the following problems?"" ;
    qg:hasSubQuestion :QDepressive_Symptoms_Frequency_Anhedonia,
                      :QDepressive_Symptoms_Frequency_Depressed_Mood,
                      :QDepressive_Symptoms_Frequency_Sleep_Problems,
                      :QDepressive_Symptoms_Frequency_Fatigue,
                      :QDepressive_Symptoms_Frequency_Appetite_Changes,
                      :QDepressive_Symptoms_Frequency_Feelings_of_Worthlessness,
                      :QDepressive_Symptoms_Frequency_Concentration_Difficulties,
                      :QDepressive_Symptoms_Frequency_Psychomotor_Changes,
                      :QDepressive_Symptoms_Frequency_Suicidal_Thoughts .

:QDepressive_Symptoms_Frequency_Anhedonia pred:Text ""Little interest or pleasure in doing things"" .
:QDepressive_Symptoms_Frequency_Depressed_Mood pred:Text ""Feeling down, depressed, or hopeless"" .
:QDepressive_Symptoms_Frequency_Sleep_Problems pred:Text ""Trouble falling or staying asleep, or sleeping too much"" .
:QDepressive_Symptoms_Frequency_Fatigue pred:Text ""Feeling tired or having little energy"" .
:QDepressive_Symptoms_Frequency_Appetite_Changes pred:Text ""Poor appetite or overeating"" .
:QDepressive_Symptoms_Frequency_Feelings_of_Worthlessness pred:Text ""Feeling bad about yourself or that you are a failure or have let yourself or your family down"" .
:QDepressive_Symptoms_Frequency_Concentration_Difficulties pred:Text ""Trouble concentrating on things, such as reading the newspaper or watching television"" .
:QDepressive_Symptoms_Frequency_Psychomotor_Changes pred:Text ""Moving or speaking so slowly that other people could have noticed. Or the opposite — being so fidgety or restless that you have been moving around a lot more than usual"" .
:QDepressive_Symptoms_Frequency_Suicidal_Thoughts pred:Text ""Thoughts that you would be better off dead, or of hurting yourself"" .

# Responses
:Respondent73 pred:Year_of_birth 2005.0 ;
     pred:Gender 2.0 ;
     pred:Socio_economic_status 2.0 ;
     pred:Ethnic_identity 6.0 .

:Respondent73_Parental_Education
                       pred:Father 25.0 ;
                       pred:Mother 15.0 .
:Respondent73 pred:hasGroupResponse :Respondent73_Parental_Education .

:Respondent73 pred:Life_satisfaction 8.0 ;
     pred:Happiness 5.0 ;
     pred:Laughter 4.0 ;
     pred:Learning 5.0 ;
     pred:Enjoyment 5.0 ;
     pred:Worry 2.0 ;
     pred:Depression 1.0 ;
     pred:Anger 2.0 ;
     pred:Stress 4.0 ;
     pred:Loneliness 6.0 .

:Respondent73_Emotional_Regulation_Frequency
                                   pred:Upset_by_Unexpected_Events 2.0 ;
                                   pred:Unable_to_Control_Important_Things 2.0 ;
                                   pred:Lacked_Confidence_Handling_Problems 2.0 ;
                                   pred:Unable_to_Cope 2.0 ;
                                   pred:Irritated_by_Life 2.0 ;
                                   pred:On_Top_of_Things 2.0 .
:Respondent73 pred:hasGroupResponse :Respondent73_Emotional_Regulation_Frequency .

:Respondent73_Anxiety_Symptoms_Frequency
                               pred:Feeling_Nervous_or_On_Edge 2.0 ;
                               pred:Trouble_Relaxing 1.0 ;
                               pred:Restlessness 1.0 ;
                               pred:Irritability 2.0 ;
                               pred:Fear_Something_Awful_Might_Happen 2.0 .
:Respondent73 pred:hasGroupResponse :Respondent73_Anxiety_Symptoms_Frequency .

:Respondent73_Depressive_Symptoms_Frequency
                                  pred:Anhedonia 1.0 ;
                                  pred:Sleep_Problems 2.0 ;
                                  pred:Fatigue 1.0 ;
                                  pred:Appetite_Changes 1.0 ;
                                  pred:Feelings_of_Worthlessness 1.0 ;
                                  pred:Concentration_Difficulties 1.0 ;
                                  pred:Suicidal_Thoughts 0.0 .
:Respondent73 pred:hasGroupResponse :Respondent73_Depressive_Symptoms_Frequency .

:Respondent85 pred:Year_of_birth 2004.0 ;
     pred:Gender 2.0 ;
     pred:Socio_economic_status 3.0 ;
     pred:Ethnic_identity 6.0 .

:Respondent85_Parental_Education
                       pred:Father 18.0 .
:Respondent85 pred:hasGroupResponse :Respondent85_Parental_Education .

:Respondent85 pred:Life_satisfaction 5.0 ;
     pred:Happiness 6.0 ;
     pred:Laughter 6.0 ;
     pred:Learning 8.0 ;
     pred:Enjoyment 5.0 ;
     pred:Worry 1.0 ;
     pred:Depression 1.0 ;
     pred:Anger 2.0 ;
     pred:Stress 4.0 ;
     pred:Loneliness 1.0 .

:Respondent85_Emotional_Regulation_Frequency
                                   pred:Upset_by_Unexpected_Events 2.0 ;
                                   pred:Unable_to_Control_Important_Things 3.0 ;
                                   pred:Lacked_Confidence_Handling_Problems 2.0 ;
                                   pred:Unable_to_Cope 3.0 ;
                                   pred:Irritated_by_Life 3.0 ;
                                   pred:On_Top_of_Things 2.0 .
:Respondent85 pred:hasGroupResponse :Respondent85_Emotional_Regulation_Frequency .

:Respondent85_Anxiety_Symptoms_Frequency
                               pred:Feeling_Nervous_or_On_Edge 1.0 ;
                               pred:Trouble_Relaxing 1.0 ;
                               pred:Restlessness 0.0 ;
                               pred:Irritability 1.0 ;
                               pred:Fear_Something_Awful_Might_Happen 1.0 .
:Respondent85 pred:hasGroupResponse :Respondent85_Anxiety_Symptoms_Frequency .

:Respondent85_Depressive_Symptoms_Frequency
                                  pred:Anhedonia 2.0 ;
                                  pred:Sleep_Problems 2.0 ;
                                  pred:Fatigue 3.0 ;
                                  pred:Appetite_Changes 3.0 ;
                                  pred:Feelings_of_Worthlessness 1.0 ;
                                  pred:Concentration_Difficulties 1.0 ;
                                  pred:Suicidal_Thoughts 0.0 .
:Respondent85 pred:hasGroupResponse :Respondent85_Depressive_Symptoms_Frequency .

:Respondent129 pred:Year_of_birth 2001.0 ;
     pred:Gender 2.0 ;
     pred:Socio_economic_status 3.0 ;
     pred:Ethnic_identity 6.0 .

:Respondent129_Parental_Education
                       pred:Father 13.0 ;
                       pred:Mother 13.0 .
:Respondent129 pred:hasGroupResponse :Respondent129_Parental_Education .

:Respondent129 pred:Life_satisfaction 8.0 ;
     pred:Happiness 9.0 ;
     pred:Laughter 6.0 ;
     pred:Learning 5.0 ;
     pred:Enjoyment 6.0 ;
     pred:Worry 1.0 ;
     pred:Depression 1.0 ;
     pred:Anger 1.0 ;
     pred:Stress 3.0 ;
     pred:Loneliness 0.0 .

:Respondent129_Emotional_Regulation_Frequency
                                   pred:Upset_by_Unexpected_Events 1.0 ;
                                   pred:Unable_to_Control_Important_Things 1.0 ;
                                   pred:Lacked_Confidence_Handling_Problems 3.0 ;
                                   pred:Unable_to_Cope 2.0 ;
                                   pred:Irritated_by_Life 3.0 ;
                                   pred:On_Top_of_Things 2.0 .
:Respondent129 pred:hasGroupResponse :Respondent129_Emotional_Regulation_Frequency .

:Respondent129_Anxiety_Symptoms_Frequency
                               pred:Feeling_Nervous_or_On_Edge 1.0 ;
                               pred:Trouble_Relaxing 1.0 ;
                               pred:Restlessness 0.0 ;
                               pred:Irritability 0.0 ;
                               pred:Fear_Something_Awful_Might_Happen 0.0 .
:Respondent129 pred:hasGroupResponse :Respondent129_Anxiety_Symptoms_Frequency .

:Respondent129_Depressive_Symptoms_Frequency
                                  pred:Anhedonia 1.0 ;
                                  pred:Sleep_Problems 1.0 ;
                                  pred:Fatigue 2.0 ;
                                  pred:Appetite_Changes 2.0 ;
                                  pred:Feelings_of_Worthlessness 0.0 ;
                                  pred:Concentration_Difficulties 2.0 ;
                                  pred:Suicidal_Thoughts 0.0 .
:Respondent129 pred:hasGroupResponse :Respondent129_Depressive_Symptoms_Frequency .

Answer: 2.0

@prefix : <http://example.org/survey#> .
@prefix pred: <http://example.org/predicate#> .
@prefix qg: <http://example.org/question_group#> .

# Questions
:QYear_of_birth pred:Text ""What is your date of birth? [Open-ended]"" .
:QGender pred:Text ""What is your gender? [MCQ: 1. Male 2. Female]"" .
:QSocio_economic_status pred:Text ""What is the socio-economic status of your home? [Likert 1–6: 1 = Very low, 6 = Very high]"" .
:QEthnic_identity pred:Text ""According to your culture, people, or physical features, you are or are recognized as: [MCQ: 1. Indigenous 2. Gypsy 3. Raizal from San Andres, Providencia and Santa Catalina Archipelago 4. Palenquero from San Basilio 5. Black, mulatto (Afro-descendant), Afro-Colombian 6. None of the above]"" .

:QGParental_Education pred:BaseQuestion ""How many years of education did your parents receive? [Open-ended]"" ;
    qg:hasSubQuestion :QParental_Education_Father, :QParental_Education_Mother .
:QParental_Education_Father pred:Text ""Father?"" .
:QParental_Education_Mother pred:Text ""Mother?"" .

:QLife_satisfaction pred:Text ""In general, how satisfied are you with all aspects of your life? [Likert 0–10: 0 = Not satisfied, 10 = Totally satisfied]"" .
:QHappiness pred:Text ""How happy did you feel yesterday? [Likert 0–10: 0 = At no time, 10 = All the time]"" .
:QLaughter pred:Text ""How much did you laugh yesterday? [Likert 0–10: 0 = At no time, 10 = All the time]"" .
:QLearning pred:Text ""Did you learn new or exciting things yesterday? [Likert 0–10: 0 = At no time, 10 = All the time]"" .
:QEnjoyment pred:Text ""How much did you enjoy the activities you did yesterday? [Likert 0–10: 0 = At no time, 10 = All the time]"" .
:QWorry pred:Text ""How worried did you feel yesterday? [Likert 0–10: 0 = At no time, 10 = All the time]"" .
:QDepression pred:Text ""How depressed did you feel yesterday? [Likert 0–10: 0 = At no time, 10 = All the time]"" .
:QAnger pred:Text ""How angry did you feel yesterday? [Likert 0–10: 0 = At no time, 10 = All the time]"" .
:QStress pred:Text ""How much stress did you feel yesterday? [Likert 0–10: 0 = At no time, 10 = All the time]"" .
:QLoneliness pred:Text ""How lonely or unsupported did you feel yesterday? [Likert 0–10: 0 = At no time, 10 = All the time]"" .

:QGEmotional_Regulation_Frequency pred:BaseQuestion ""Next, you will be asked questions about your emotional state. Please answer on a scale of 0 to 4, where 0 is never, 1 is 'almost never', 2 is 'sometimes', 3 is 'fairly often', and 4 is 'very often', how often you experienced the following feelings during the last month: [Likert 0–4]"" ;
    qg:hasSubQuestion :QEmotional_Regulation_Frequency_Upset_by_Unexpected_Events,
                      :QEmotional_Regulation_Frequency_Unable_to_Control_Important_Things,
                      :QEmotional_Regulation_Frequency_Nervous_and_Stressed,
                      :QEmotional_Regulation_Frequency_Lacked_Confidence_Handling_Problems,
                      :QEmotional_Regulation_Frequency_Things_Going_Your_Way,
                      :QEmotional_Regulation_Frequency_Unable_to_Cope,
                      :QEmotional_Regulation_Frequency_Irritated_by_Life,
                      :QEmotional_Regulation_Frequency_On_Top_of_Things,
                      :QEmotional_Regulation_Frequency_Angered_by_Uncontrollable_Events,
                      :QEmotional_Regulation_Frequency_Felt_Overwhelmed .

:QEmotional_Regulation_Frequency_Upset_by_Unexpected_Events pred:Text ""how often have you been upset because of something that happened unexpectedly?"" .
:QEmotional_Regulation_Frequency_Unable_to_Control_Important_Things pred:Text ""how often have you felt that you were unable to control the important things in your life?"" .
:QEmotional_Regulation_Frequency_Nervous_and_Stressed pred:Text ""how often have you felt nervous and stressed?"" .
:QEmotional_Regulation_Frequency_Lacked_Confidence_Handling_Problems pred:Text ""how often have you felt confident about your ability to handle your personal problems?"" .
:QEmotional_Regulation_Frequency_Things_Going_Your_Way pred:Text ""how often have you felt that things were going your way?"" .
:QEmotional_Regulation_Frequency_Unable_to_Cope pred:Text ""how often have you found that you could not cope with all the things that you had to do?"" .
:QEmotional_Regulation_Frequency_Irritated_by_Life pred:Text ""how often have you been able to control irritations in your life?"" .
:QEmotional_Regulation_Frequency_On_Top_of_Things pred:Text ""how often have you felt that you were on top of things?"" .
:QEmotional_Regulation_Frequency_Angered_by_Uncontrollable_Events pred:Text ""how often have you been angered because of things that happened that were outside of your control?"" .
:QEmotional_Regulation_Frequency_Felt_Overwhelmed pred:Text ""how often have you felt difficulties were piling up so high that you could not overcome them?"" .

:QGAnxiety_Symptoms_Frequency pred:BaseQuestion ""Next, you will be asked questions about your emotional state. Please answer on a scale of 0 to 3, where 0 is 'Not at all', 1 is 'several days', 2 is 'more than half of the days', and 3 is 'Nearly every day'. Over the last two weeks, how often have you been bothered by the following problems? [Likert 0–3]"" ;
    qg:hasSubQuestion :QAnxiety_Symptoms_Frequency_Feeling_Nervous_or_On_Edge,
                      :QAnxiety_Symptoms_Frequency_Uncontrollable_Worrying,
                      :QAnxiety_Symptoms_Frequency_Excessive_Worry,
                      :QAnxiety_Symptoms_Frequency_Trouble_Relaxing,
                      :QAnxiety_Symptoms_Frequency_Restlessness,
                      :QAnxiety_Symptoms_Frequency_Irritability,
                      :QAnxiety_Symptoms_Frequency_Fear_Something_Awful_Might_Happen .

:QAnxiety_Symptoms_Frequency_Feeling_Nervous_or_On_Edge pred:Text ""Feeling nervous, anxious, or on edge"" .
:QAnxiety_Symptoms_Frequency_Uncontrollable_Worrying pred:Text ""Not being able to stop or control worrying"" .
:QAnxiety_Symptoms_Frequency_Excessive_Worry pred:Text ""Worrying too much about different things"" .
:QAnxiety_Symptoms_Frequency_Trouble_Relaxing pred:Text ""Trouble relaxing"" .
:QAnxiety_Symptoms_Frequency_Restlessness pred:Text ""Being so restless that it is hard to sit still"" .
:QAnxiety_Symptoms_Frequency_Irritability pred:Text ""Becoming easily annoyed or irritable"" .
:QAnxiety_Symptoms_Frequency_Fear_Something_Awful_Might_Happen pred:Text ""Feeling afraid, as if something awful might happen"" .

:QGDepressive_Symptoms_Frequency pred:BaseQuestion ""Next, you will be asked questions about your emotional state. Please answer on a scale of 0 to 3, where 0 is 'Not at all', 1 is 'several days', 2 is 'more than half of the days', and 3 is 'Nearly every day'. Over the last two weeks, how often have you been bothered by the following problems?"" ;
    qg:hasSubQuestion :QDepressive_Symptoms_Frequency_Anhedonia,
                      :QDepressive_Symptoms_Frequency_Depressed_Mood,
                      :QDepressive_Symptoms_Frequency_Sleep_Problems,
                      :QDepressive_Symptoms_Frequency_Fatigue,
                      :QDepressive_Symptoms_Frequency_Appetite_Changes,
                      :QDepressive_Symptoms_Frequency_Feelings_of_Worthlessness,
                      :QDepressive_Symptoms_Frequency_Concentration_Difficulties,
                      :QDepressive_Symptoms_Frequency_Psychomotor_Changes,
                      :QDepressive_Symptoms_Frequency_Suicidal_Thoughts .

:QDepressive_Symptoms_Frequency_Anhedonia pred:Text ""Little interest or pleasure in doing things"" .
:QDepressive_Symptoms_Frequency_Depressed_Mood pred:Text ""Feeling down, depressed, or hopeless"" .
:QDepressive_Symptoms_Frequency_Sleep_Problems pred:Text ""Trouble falling or staying asleep, or sleeping too much"" .
:QDepressive_Symptoms_Frequency_Fatigue pred:Text ""Feeling tired or having little energy"" .
:QDepressive_Symptoms_Frequency_Appetite_Changes pred:Text ""Poor appetite or overeating"" .
:QDepressive_Symptoms_Frequency_Feelings_of_Worthlessness pred:Text ""Feeling bad about yourself or that you are a failure or have let yourself or your family down"" .
:QDepressive_Symptoms_Frequency_Concentration_Difficulties pred:Text ""Trouble concentrating on things, such as reading the newspaper or watching television"" .
:QDepressive_Symptoms_Frequency_Psychomotor_Changes pred:Text ""Moving or speaking so slowly that other people could have noticed. Or the opposite — being so fidgety or restless that you have been moving around a lot more than usual"" .
:QDepressive_Symptoms_Frequency_Suicidal_Thoughts pred:Text ""Thoughts that you would be better off dead, or of hurting yourself"" .

# Responses
:Respondent142 pred:Year_of_birth 2003.0 ;
     pred:Gender 2.0 ;
     pred:Socio_economic_status 2.0 ;
     pred:Ethnic_identity 6.0 .

:Respondent142_Parental_Education
                       pred:Father 12.0 ;
                       pred:Mother 9.0 .
:Respondent142 pred:hasGroupResponse :Respondent142_Parental_Education .

:Respondent142 pred:Life_satisfaction 4.0 ;
     pred:Happiness 2.0 ;
     pred:Laughter 0.0 ;
     pred:Learning 6.0 ;
     pred:Enjoyment 6.0 ;
     pred:Worry 1.0 ;
     pred:Depression 2.0 ;
     pred:Anger 4.0 ;
     pred:Stress 4.0 ;
     pred:Loneliness 7.0 .

:Respondent142_Emotional_Regulation_Frequency
                                   pred:Upset_by_Unexpected_Events 3.0 ;
                                   pred:Unable_to_Control_Important_Things 4.0 ;
                                   pred:Lacked_Confidence_Handling_Problems 2.0 ;
                                   pred:Unable_to_Cope 4.0 ;
                                   pred:Irritated_by_Life 3.0 ;
                                   pred:On_Top_of_Things 1.0 .
:Respondent142 pred:hasGroupResponse :Respondent142_Emotional_Regulation_Frequency .

:Respondent142_Anxiety_Symptoms_Frequency
                               pred:Feeling_Nervous_or_On_Edge 2.0 ;
                               pred:Trouble_Relaxing 1.0 ;
                               pred:Restlessness 1.0 ;
                               pred:Irritability 1.0 ;
                               pred:Fear_Something_Awful_Might_Happen 1.0 .
:Respondent142 pred:hasGroupResponse :Respondent142_Anxiety_Symptoms_Frequency .

:Respondent142_Depressive_Symptoms_Frequency
                                  pred:Anhedonia 1.0 ;
                                  pred:Sleep_Problems 3.0 ;
                                  pred:Fatigue 3.0 ;
                                  pred:Appetite_Changes 2.0 ;
                                  pred:Feelings_of_Worthlessness 3.0 ;
                                  pred:Concentration_Difficulties 3.0 ;
                                  pred:Suicidal_Thoughts 1.0 .
:Respondent142 pred:hasGroupResponse :Respondent142_Depressive_Symptoms_Frequency .

:Respondent70 pred:Year_of_birth 1999.0 ;
     pred:Gender 2.0 ;
     pred:Socio_economic_status 1.0 ;
     pred:Ethnic_identity 6.0 .

:Respondent70 pred:Life_satisfaction 3.0 ;
     pred:Happiness 3.0 ;
     pred:Laughter 3.0 ;
     pred:Learning 3.0 ;
     pred:Enjoyment 3.0 ;
     pred:Worry 2.0 ;
     pred:Depression 2.0 ;
     pred:Anger 2.0 ;
     pred:Stress 3.0 ;
     pred:Loneliness 3.0 .

:Respondent70_Emotional_Regulation_Frequency
                                   pred:Upset_by_Unexpected_Events 2.0 ;
                                   pred:Unable_to_Control_Important_Things 2.0 ;
                                   pred:Lacked_Confidence_Handling_Problems 2.0 ;
                                   pred:Unable_to_Cope 2.0 ;
                                   pred:Irritated_by_Life 2.0 ;
                                   pred:On_Top_of_Things 2.0 .
:Respondent70 pred:hasGroupResponse :Respondent70_Emotional_Regulation_Frequency .

:Respondent70_Anxiety_Symptoms_Frequency
                               pred:Feeling_Nervous_or_On_Edge 2.0 ;
                               pred:Trouble_Relaxing 2.0 ;
                               pred:Restlessness 2.0 ;
                               pred:Irritability 2.0 ;
                               pred:Fear_Something_Awful_Might_Happen 2.0 .
:Respondent70 pred:hasGroupResponse :Respondent70_Anxiety_Symptoms_Frequency .

:Respondent70_Depressive_Symptoms_Frequency
                                  pred:Anhedonia 2.0 ;
                                  pred:Sleep_Problems 2.0 ;
                                  pred:Fatigue 2.0 ;
                                  pred:Appetite_Changes 2.0 ;
                                  pred:Feelings_of_Worthlessness 1.0 ;
                                  pred:Concentration_Difficulties 2.0 ;
                                  pred:Suicidal_Thoughts 0.0 .
:Respondent70 pred:hasGroupResponse :Respondent70_Depressive_Symptoms_Frequency .

:Respondent50 pred:Year_of_birth 2004.0 ;
     pred:Gender 2.0 ;
     pred:Socio_economic_status 1.0 ;
     pred:Ethnic_identity 6.0 .

:Respondent50_Parental_Education
                       pred:Father 16.0 ;
                       pred:Mother 11.0 .
:Respondent50 pred:hasGroupResponse :Respondent50_Parental_Education .

:Respondent50 pred:Life_satisfaction 8.0 ;
     pred:Happiness 8.0 ;
     pred:Laughter 6.0 ;
     pred:Learning 8.0 ;
     pred:Enjoyment 8.0 ;
     pred:Worry 1.0 ;
     pred:Depression 2.0 ;
     pred:Anger 4.0 ;
     pred:Stress 3.0 ;
     pred:Loneliness 0.0 .

:Respondent50_Emotional_Regulation_Frequency
                                   pred:Upset_by_Unexpected_Events 2.0 ;
                                   pred:Unable_to_Control_Important_Things 3.0 ;
                                   pred:Lacked_Confidence_Handling_Problems 3.0 ;
                                   pred:Unable_to_Cope 2.0 ;
                                   pred:Irritated_by_Life 3.0 ;
                                   pred:On_Top_of_Things 2.0 .
:Respondent50 pred:hasGroupResponse :Respondent50_Emotional_Regulation_Frequency .

:Respondent50_Anxiety_Symptoms_Frequency
                               pred:Feeling_Nervous_or_On_Edge 2.0 ;
                               pred:Trouble_Relaxing 1.0 ;
                               pred:Restlessness 0.0 ;
                               pred:Irritability 2.0 ;
                               pred:Fear_Something_Awful_Might_Happen 2.0 .
:Respondent50 pred:hasGroupResponse :Respondent50_Anxiety_Symptoms_Frequency .

:Respondent50_Depressive_Symptoms_Frequency
                                  pred:Anhedonia 1.0 ;
                                  pred:Sleep_Problems 2.0 ;
                                  pred:Fatigue 3.0 ;
                                  pred:Appetite_Changes 0.0 ;
                                  pred:Feelings_of_Worthlessness 1.0 ;
                                  pred:Concentration_Difficulties 0.0 ;
                                  pred:Suicidal_Thoughts 0.0 .
:Respondent50 pred:hasGroupResponse :Respondent50_Depressive_Symptoms_Frequency .

You are a meticulous data analyst AI. Your primary function is to accurately analyze structured data and provide precise, verifiable answers.

You will be given a dataset with two key parts:

A 'questions' section: This is your data dictionary or schema. It is the single source of truth for understanding what each field and score means. Refer to it carefully.

A 'responses' section: This contains the raw data from each individual respondent.

To answer the question correctly, you must first use the 'questions' schema to fully understand the context and meaning of the data points within the 'responses'. Do not rely on any prior knowledge outside of this provided data. Base your entire analysis on the information given.

Provide your final answer directly and concisely. Output must be the human-readable value, not an option code.

Rules:
- For MCQ fields, map any letter codes in the Responses (case-insensitive) to the corresponding option text from the Questions schema, and output only that text. Do NOT include the letter or both.
  Example: If the schema is ""[MCQ: A. Abnormal B. Inconclusive C. Normal]"" and the response is ""a"", output ""Abnormal"".
- For open-ended fields, output the exact text value.
- If the question asks for a count, provide only the number (e.g., ""42"").
- If the question asks for a list of names or IDs, provide a simple comma-separated list (e.g., ""17, 21, 23"").
- Preserve capitalization exactly as in the schema (e.g., output ""Abnormal"", not ""abnormal"" or ""A"").

What is the ethnic identity for respondent 142?",,
case_50,answer_lookup,"For respondent 96, what is the value for 'Fear Something Awful Might Happen' in the 'Anxiety Symptoms Frequency' category?","@prefix : <http://example.org/survey#> .
@prefix pred: <http://example.org/predicate#> .
@prefix qg: <http://example.org/question_group#> .

# Questions
:QYear_of_birth pred:Text ""What is your date of birth? [Open-ended]"" .
:QGender pred:Text ""What is your gender? [MCQ: 1. Male 2. Female]"" .
:QSocio_economic_status pred:Text ""What is the socio-economic status of your home? [Likert 1–6: 1 = Very low, 6 = Very high]"" .
:QEthnic_identity pred:Text ""According to your culture, people, or physical features, you are or are recognized as: [MCQ: 1. Indigenous 2. Gypsy 3. Raizal from San Andres, Providencia and Santa Catalina Archipelago 4. Palenquero from San Basilio 5. Black, mulatto (Afro-descendant), Afro-Colombian 6. None of the above]"" .

:QGParental_Education pred:BaseQuestion ""How many years of education did your parents receive? [Open-ended]"" ;
    qg:hasSubQuestion :QParental_Education_Father, :QParental_Education_Mother .
:QParental_Education_Father pred:Text ""Father?"" .
:QParental_Education_Mother pred:Text ""Mother?"" .

:QLife_satisfaction pred:Text ""In general, how satisfied are you with all aspects of your life? [Likert 0–10: 0 = Not satisfied, 10 = Totally satisfied]"" .
:QHappiness pred:Text ""How happy did you feel yesterday? [Likert 0–10: 0 = At no time, 10 = All the time]"" .
:QLaughter pred:Text ""How much did you laugh yesterday? [Likert 0–10: 0 = At no time, 10 = All the time]"" .
:QLearning pred:Text ""Did you learn new or exciting things yesterday? [Likert 0–10: 0 = At no time, 10 = All the time]"" .
:QEnjoyment pred:Text ""How much did you enjoy the activities you did yesterday? [Likert 0–10: 0 = At no time, 10 = All the time]"" .
:QWorry pred:Text ""How worried did you feel yesterday? [Likert 0–10: 0 = At no time, 10 = All the time]"" .
:QDepression pred:Text ""How depressed did you feel yesterday? [Likert 0–10: 0 = At no time, 10 = All the time]"" .
:QAnger pred:Text ""How angry did you feel yesterday? [Likert 0–10: 0 = At no time, 10 = All the time]"" .
:QStress pred:Text ""How much stress did you feel yesterday? [Likert 0–10: 0 = At no time, 10 = All the time]"" .
:QLoneliness pred:Text ""How lonely or unsupported did you feel yesterday? [Likert 0–10: 0 = At no time, 10 = All the time]"" .

:QGEmotional_Regulation_Frequency pred:BaseQuestion ""Next, you will be asked questions about your emotional state. Please answer on a scale of 0 to 4, where 0 is never, 1 is 'almost never', 2 is 'sometimes', 3 is 'fairly often', and 4 is 'very often', how often you experienced the following feelings during the last month: [Likert 0–4]"" ;
    qg:hasSubQuestion :QEmotional_Regulation_Frequency_Upset_by_Unexpected_Events,
                      :QEmotional_Regulation_Frequency_Unable_to_Control_Important_Things,
                      :QEmotional_Regulation_Frequency_Nervous_and_Stressed,
                      :QEmotional_Regulation_Frequency_Lacked_Confidence_Handling_Problems,
                      :QEmotional_Regulation_Frequency_Things_Going_Your_Way,
                      :QEmotional_Regulation_Frequency_Unable_to_Cope,
                      :QEmotional_Regulation_Frequency_Irritated_by_Life,
                      :QEmotional_Regulation_Frequency_On_Top_of_Things,
                      :QEmotional_Regulation_Frequency_Angered_by_Uncontrollable_Events,
                      :QEmotional_Regulation_Frequency_Felt_Overwhelmed .

:QEmotional_Regulation_Frequency_Upset_by_Unexpected_Events pred:Text ""how often have you been upset because of something that happened unexpectedly?"" .
:QEmotional_Regulation_Frequency_Unable_to_Control_Important_Things pred:Text ""how often have you felt that you were unable to control the important things in your life?"" .
:QEmotional_Regulation_Frequency_Nervous_and_Stressed pred:Text ""how often have you felt nervous and stressed?"" .
:QEmotional_Regulation_Frequency_Lacked_Confidence_Handling_Problems pred:Text ""how often have you felt confident about your ability to handle your personal problems?"" .
:QEmotional_Regulation_Frequency_Things_Going_Your_Way pred:Text ""how often have you felt that things were going your way?"" .
:QEmotional_Regulation_Frequency_Unable_to_Cope pred:Text ""how often have you found that you could not cope with all the things that you had to do?"" .
:QEmotional_Regulation_Frequency_Irritated_by_Life pred:Text ""how often have you been able to control irritations in your life?"" .
:QEmotional_Regulation_Frequency_On_Top_of_Things pred:Text ""how often have you felt that you were on top of things?"" .
:QEmotional_Regulation_Frequency_Angered_by_Uncontrollable_Events pred:Text ""how often have you been angered because of things that happened that were outside of your control?"" .
:QEmotional_Regulation_Frequency_Felt_Overwhelmed pred:Text ""how often have you felt difficulties were piling up so high that you could not overcome them?"" .

:QGAnxiety_Symptoms_Frequency pred:BaseQuestion ""Next, you will be asked questions about your emotional state. Please answer on a scale of 0 to 3, where 0 is 'Not at all', 1 is 'several days', 2 is 'more than half of the days', and 3 is 'Nearly every day'. Over the last two weeks, how often have you been bothered by the following problems? [Likert 0–3]"" ;
    qg:hasSubQuestion :QAnxiety_Symptoms_Frequency_Feeling_Nervous_or_On_Edge,
                      :QAnxiety_Symptoms_Frequency_Uncontrollable_Worrying,
                      :QAnxiety_Symptoms_Frequency_Excessive_Worry,
                      :QAnxiety_Symptoms_Frequency_Trouble_Relaxing,
                      :QAnxiety_Symptoms_Frequency_Restlessness,
                      :QAnxiety_Symptoms_Frequency_Irritability,
                      :QAnxiety_Symptoms_Frequency_Fear_Something_Awful_Might_Happen .

:QAnxiety_Symptoms_Frequency_Feeling_Nervous_or_On_Edge pred:Text ""Feeling nervous, anxious, or on edge"" .
:QAnxiety_Symptoms_Frequency_Uncontrollable_Worrying pred:Text ""Not being able to stop or control worrying"" .
:QAnxiety_Symptoms_Frequency_Excessive_Worry pred:Text ""Worrying too much about different things"" .
:QAnxiety_Symptoms_Frequency_Trouble_Relaxing pred:Text ""Trouble relaxing"" .
:QAnxiety_Symptoms_Frequency_Restlessness pred:Text ""Being so restless that it is hard to sit still"" .
:QAnxiety_Symptoms_Frequency_Irritability pred:Text ""Becoming easily annoyed or irritable"" .
:QAnxiety_Symptoms_Frequency_Fear_Something_Awful_Might_Happen pred:Text ""Feeling afraid, as if something awful might happen"" .

:QGDepressive_Symptoms_Frequency pred:BaseQuestion ""Next, you will be asked questions about your emotional state. Please answer on a scale of 0 to 3, where 0 is 'Not at all', 1 is 'several days', 2 is 'more than half of the days', and 3 is 'Nearly every day'. Over the last two weeks, how often have you been bothered by the following problems?"" ;
    qg:hasSubQuestion :QDepressive_Symptoms_Frequency_Anhedonia,
                      :QDepressive_Symptoms_Frequency_Depressed_Mood,
                      :QDepressive_Symptoms_Frequency_Sleep_Problems,
                      :QDepressive_Symptoms_Frequency_Fatigue,
                      :QDepressive_Symptoms_Frequency_Appetite_Changes,
                      :QDepressive_Symptoms_Frequency_Feelings_of_Worthlessness,
                      :QDepressive_Symptoms_Frequency_Concentration_Difficulties,
                      :QDepressive_Symptoms_Frequency_Psychomotor_Changes,
                      :QDepressive_Symptoms_Frequency_Suicidal_Thoughts .

:QDepressive_Symptoms_Frequency_Anhedonia pred:Text ""Little interest or pleasure in doing things"" .
:QDepressive_Symptoms_Frequency_Depressed_Mood pred:Text ""Feeling down, depressed, or hopeless"" .
:QDepressive_Symptoms_Frequency_Sleep_Problems pred:Text ""Trouble falling or staying asleep, or sleeping too much"" .
:QDepressive_Symptoms_Frequency_Fatigue pred:Text ""Feeling tired or having little energy"" .
:QDepressive_Symptoms_Frequency_Appetite_Changes pred:Text ""Poor appetite or overeating"" .
:QDepressive_Symptoms_Frequency_Feelings_of_Worthlessness pred:Text ""Feeling bad about yourself or that you are a failure or have let yourself or your family down"" .
:QDepressive_Symptoms_Frequency_Concentration_Difficulties pred:Text ""Trouble concentrating on things, such as reading the newspaper or watching television"" .
:QDepressive_Symptoms_Frequency_Psychomotor_Changes pred:Text ""Moving or speaking so slowly that other people could have noticed. Or the opposite — being so fidgety or restless that you have been moving around a lot more than usual"" .
:QDepressive_Symptoms_Frequency_Suicidal_Thoughts pred:Text ""Thoughts that you would be better off dead, or of hurting yourself"" .

# Responses
:Respondent96 pred:Year_of_birth 2003.0 ;
     pred:Gender 2.0 ;
     pred:Socio_economic_status 3.0 ;
     pred:Ethnic_identity 6.0 .

:Respondent96 pred:Life_satisfaction 6.0 ;
     pred:Happiness 8.0 ;
     pred:Laughter 5.0 ;
     pred:Learning 8.0 ;
     pred:Enjoyment 7.0 ;
     pred:Worry 0.0 ;
     pred:Depression 0.0 ;
     pred:Anger 1.0 ;
     pred:Stress 3.0 ;
     pred:Loneliness 1.0 .

:Respondent96_Emotional_Regulation_Frequency
                                   pred:Upset_by_Unexpected_Events 1.0 ;
                                   pred:Unable_to_Control_Important_Things 2.0 ;
                                   pred:Lacked_Confidence_Handling_Problems 3.0 ;
                                   pred:Unable_to_Cope 2.0 ;
                                   pred:Irritated_by_Life 3.0 ;
                                   pred:On_Top_of_Things 3.0 .
:Respondent96 pred:hasGroupResponse :Respondent96_Emotional_Regulation_Frequency .

:Respondent96_Anxiety_Symptoms_Frequency
                               pred:Feeling_Nervous_or_On_Edge 2.0 ;
                               pred:Trouble_Relaxing 1.0 ;
                               pred:Restlessness 0.0 ;
                               pred:Irritability 0.0 ;
                               pred:Fear_Something_Awful_Might_Happen 0.0 .
:Respondent96 pred:hasGroupResponse :Respondent96_Anxiety_Symptoms_Frequency .

:Respondent96_Depressive_Symptoms_Frequency
                                  pred:Anhedonia 0.0 ;
                                  pred:Sleep_Problems 0.0 ;
                                  pred:Fatigue 1.0 ;
                                  pred:Appetite_Changes 0.0 ;
                                  pred:Feelings_of_Worthlessness 0.0 ;
                                  pred:Concentration_Difficulties 0.0 ;
                                  pred:Suicidal_Thoughts 0.0 .
:Respondent96 pred:hasGroupResponse :Respondent96_Depressive_Symptoms_Frequency .

:Respondent86 pred:Year_of_birth 2003.0 ;
     pred:Gender 2.0 ;
     pred:Socio_economic_status 3.0 ;
     pred:Ethnic_identity 6.0 .

:Respondent86_Parental_Education
                       pred:Father 14.0 ;
                       pred:Mother 22.0 .
:Respondent86 pred:hasGroupResponse :Respondent86_Parental_Education .

:Respondent86 pred:Life_satisfaction 4.0 ;
     pred:Happiness 1.0 ;
     pred:Laughter 1.0 ;
     pred:Learning 3.0 ;
     pred:Enjoyment 0.0 ;
     pred:Worry 3.0 ;
     pred:Depression 2.0 ;
     pred:Anger 3.0 ;
     pred:Stress 4.0 ;
     pred:Loneliness 9.0 .

:Respondent86_Emotional_Regulation_Frequency
                                   pred:Upset_by_Unexpected_Events 4.0 ;
                                   pred:Unable_to_Control_Important_Things 4.0 ;
                                   pred:Lacked_Confidence_Handling_Problems 4.0 ;
                                   pred:Unable_to_Cope 4.0 ;
                                   pred:Irritated_by_Life 2.0 ;
                                   pred:On_Top_of_Things 2.0 .
:Respondent86 pred:hasGroupResponse :Respondent86_Emotional_Regulation_Frequency .

:Respondent86_Anxiety_Symptoms_Frequency
                               pred:Feeling_Nervous_or_On_Edge 3.0 ;
                               pred:Trouble_Relaxing 3.0 ;
                               pred:Restlessness 2.0 ;
                               pred:Irritability 1.0 ;
                               pred:Fear_Something_Awful_Might_Happen 1.0 .
:Respondent86 pred:hasGroupResponse :Respondent86_Anxiety_Symptoms_Frequency .

:Respondent86_Depressive_Symptoms_Frequency
                                  pred:Anhedonia 1.0 ;
                                  pred:Sleep_Problems 3.0 ;
                                  pred:Fatigue 3.0 ;
                                  pred:Appetite_Changes 1.0 ;
                                  pred:Feelings_of_Worthlessness 2.0 ;
                                  pred:Concentration_Difficulties 3.0 ;
                                  pred:Suicidal_Thoughts 1.0 .
:Respondent86 pred:hasGroupResponse :Respondent86_Depressive_Symptoms_Frequency .

:Respondent28 pred:Year_of_birth 2004.0 ;
     pred:Gender 1.0 ;
     pred:Socio_economic_status 1.0 ;
     pred:Ethnic_identity 6.0 .

:Respondent28_Parental_Education
                       pred:Father 11.0 ;
                       pred:Mother 11.0 .
:Respondent28 pred:hasGroupResponse :Respondent28_Parental_Education .

:Respondent28 pred:Life_satisfaction 8.0 ;
     pred:Happiness 5.0 ;
     pred:Laughter 3.0 ;
     pred:Learning 4.0 ;
     pred:Enjoyment 6.0 ;
     pred:Worry 3.0 ;
     pred:Depression 2.0 ;
     pred:Anger 4.0 ;
     pred:Stress 4.0 ;
     pred:Loneliness 10.0 .

:Respondent28_Emotional_Regulation_Frequency
                                   pred:Upset_by_Unexpected_Events 4.0 ;
                                   pred:Unable_to_Control_Important_Things 4.0 ;
                                   pred:Lacked_Confidence_Handling_Problems 2.0 ;
                                   pred:Unable_to_Cope 3.0 ;
                                   pred:Irritated_by_Life 3.0 ;
                                   pred:On_Top_of_Things 2.0 .
:Respondent28 pred:hasGroupResponse :Respondent28_Emotional_Regulation_Frequency .

:Respondent28_Anxiety_Symptoms_Frequency
                               pred:Feeling_Nervous_or_On_Edge 3.0 ;
                               pred:Trouble_Relaxing 2.0 ;
                               pred:Restlessness 2.0 ;
                               pred:Irritability 2.0 ;
                               pred:Fear_Something_Awful_Might_Happen 3.0 .
:Respondent28 pred:hasGroupResponse :Respondent28_Anxiety_Symptoms_Frequency .

:Respondent28_Depressive_Symptoms_Frequency
                                  pred:Anhedonia 1.0 ;
                                  pred:Sleep_Problems 2.0 ;
                                  pred:Fatigue 2.0 ;
                                  pred:Appetite_Changes 2.0 ;
                                  pred:Feelings_of_Worthlessness 2.0 ;
                                  pred:Concentration_Difficulties 2.0 ;
                                  pred:Suicidal_Thoughts 1.0 .
:Respondent28 pred:hasGroupResponse :Respondent28_Depressive_Symptoms_Frequency .
",0.0,"For respondent 129, what is the value for 'Appetite Changes' in the 'Depressive Symptoms Frequency' category?

DATA:

@prefix : <http://example.org/survey#> .
@prefix pred: <http://example.org/predicate#> .
@prefix qg: <http://example.org/question_group#> .

# Questions
:QYear_of_birth pred:Text ""What is your date of birth? [Open-ended]"" .
:QGender pred:Text ""What is your gender? [MCQ: 1. Male 2. Female]"" .
:QSocio_economic_status pred:Text ""What is the socio-economic status of your home? [Likert 1–6: 1 = Very low, 6 = Very high]"" .
:QEthnic_identity pred:Text ""According to your culture, people, or physical features, you are or are recognized as: [MCQ: 1. Indigenous 2. Gypsy 3. Raizal from San Andres, Providencia and Santa Catalina Archipelago 4. Palenquero from San Basilio 5. Black, mulatto (Afro-descendant), Afro-Colombian 6. None of the above]"" .

:QGParental_Education pred:BaseQuestion ""How many years of education did your parents receive? [Open-ended]"" ;
    qg:hasSubQuestion :QParental_Education_Father, :QParental_Education_Mother .
:QParental_Education_Father pred:Text ""Father?"" .
:QParental_Education_Mother pred:Text ""Mother?"" .

:QLife_satisfaction pred:Text ""In general, how satisfied are you with all aspects of your life? [Likert 0–10: 0 = Not satisfied, 10 = Totally satisfied]"" .
:QHappiness pred:Text ""How happy did you feel yesterday? [Likert 0–10: 0 = At no time, 10 = All the time]"" .
:QLaughter pred:Text ""How much did you laugh yesterday? [Likert 0–10: 0 = At no time, 10 = All the time]"" .
:QLearning pred:Text ""Did you learn new or exciting things yesterday? [Likert 0–10: 0 = At no time, 10 = All the time]"" .
:QEnjoyment pred:Text ""How much did you enjoy the activities you did yesterday? [Likert 0–10: 0 = At no time, 10 = All the time]"" .
:QWorry pred:Text ""How worried did you feel yesterday? [Likert 0–10: 0 = At no time, 10 = All the time]"" .
:QDepression pred:Text ""How depressed did you feel yesterday? [Likert 0–10: 0 = At no time, 10 = All the time]"" .
:QAnger pred:Text ""How angry did you feel yesterday? [Likert 0–10: 0 = At no time, 10 = All the time]"" .
:QStress pred:Text ""How much stress did you feel yesterday? [Likert 0–10: 0 = At no time, 10 = All the time]"" .
:QLoneliness pred:Text ""How lonely or unsupported did you feel yesterday? [Likert 0–10: 0 = At no time, 10 = All the time]"" .

:QGEmotional_Regulation_Frequency pred:BaseQuestion ""Next, you will be asked questions about your emotional state. Please answer on a scale of 0 to 4, where 0 is never, 1 is 'almost never', 2 is 'sometimes', 3 is 'fairly often', and 4 is 'very often', how often you experienced the following feelings during the last month: [Likert 0–4]"" ;
    qg:hasSubQuestion :QEmotional_Regulation_Frequency_Upset_by_Unexpected_Events,
                      :QEmotional_Regulation_Frequency_Unable_to_Control_Important_Things,
                      :QEmotional_Regulation_Frequency_Nervous_and_Stressed,
                      :QEmotional_Regulation_Frequency_Lacked_Confidence_Handling_Problems,
                      :QEmotional_Regulation_Frequency_Things_Going_Your_Way,
                      :QEmotional_Regulation_Frequency_Unable_to_Cope,
                      :QEmotional_Regulation_Frequency_Irritated_by_Life,
                      :QEmotional_Regulation_Frequency_On_Top_of_Things,
                      :QEmotional_Regulation_Frequency_Angered_by_Uncontrollable_Events,
                      :QEmotional_Regulation_Frequency_Felt_Overwhelmed .

:QEmotional_Regulation_Frequency_Upset_by_Unexpected_Events pred:Text ""how often have you been upset because of something that happened unexpectedly?"" .
:QEmotional_Regulation_Frequency_Unable_to_Control_Important_Things pred:Text ""how often have you felt that you were unable to control the important things in your life?"" .
:QEmotional_Regulation_Frequency_Nervous_and_Stressed pred:Text ""how often have you felt nervous and stressed?"" .
:QEmotional_Regulation_Frequency_Lacked_Confidence_Handling_Problems pred:Text ""how often have you felt confident about your ability to handle your personal problems?"" .
:QEmotional_Regulation_Frequency_Things_Going_Your_Way pred:Text ""how often have you felt that things were going your way?"" .
:QEmotional_Regulation_Frequency_Unable_to_Cope pred:Text ""how often have you found that you could not cope with all the things that you had to do?"" .
:QEmotional_Regulation_Frequency_Irritated_by_Life pred:Text ""how often have you been able to control irritations in your life?"" .
:QEmotional_Regulation_Frequency_On_Top_of_Things pred:Text ""how often have you felt that you were on top of things?"" .
:QEmotional_Regulation_Frequency_Angered_by_Uncontrollable_Events pred:Text ""how often have you been angered because of things that happened that were outside of your control?"" .
:QEmotional_Regulation_Frequency_Felt_Overwhelmed pred:Text ""how often have you felt difficulties were piling up so high that you could not overcome them?"" .

:QGAnxiety_Symptoms_Frequency pred:BaseQuestion ""Next, you will be asked questions about your emotional state. Please answer on a scale of 0 to 3, where 0 is 'Not at all', 1 is 'several days', 2 is 'more than half of the days', and 3 is 'Nearly every day'. Over the last two weeks, how often have you been bothered by the following problems? [Likert 0–3]"" ;
    qg:hasSubQuestion :QAnxiety_Symptoms_Frequency_Feeling_Nervous_or_On_Edge,
                      :QAnxiety_Symptoms_Frequency_Uncontrollable_Worrying,
                      :QAnxiety_Symptoms_Frequency_Excessive_Worry,
                      :QAnxiety_Symptoms_Frequency_Trouble_Relaxing,
                      :QAnxiety_Symptoms_Frequency_Restlessness,
                      :QAnxiety_Symptoms_Frequency_Irritability,
                      :QAnxiety_Symptoms_Frequency_Fear_Something_Awful_Might_Happen .

:QAnxiety_Symptoms_Frequency_Feeling_Nervous_or_On_Edge pred:Text ""Feeling nervous, anxious, or on edge"" .
:QAnxiety_Symptoms_Frequency_Uncontrollable_Worrying pred:Text ""Not being able to stop or control worrying"" .
:QAnxiety_Symptoms_Frequency_Excessive_Worry pred:Text ""Worrying too much about different things"" .
:QAnxiety_Symptoms_Frequency_Trouble_Relaxing pred:Text ""Trouble relaxing"" .
:QAnxiety_Symptoms_Frequency_Restlessness pred:Text ""Being so restless that it is hard to sit still"" .
:QAnxiety_Symptoms_Frequency_Irritability pred:Text ""Becoming easily annoyed or irritable"" .
:QAnxiety_Symptoms_Frequency_Fear_Something_Awful_Might_Happen pred:Text ""Feeling afraid, as if something awful might happen"" .

:QGDepressive_Symptoms_Frequency pred:BaseQuestion ""Next, you will be asked questions about your emotional state. Please answer on a scale of 0 to 3, where 0 is 'Not at all', 1 is 'several days', 2 is 'more than half of the days', and 3 is 'Nearly every day'. Over the last two weeks, how often have you been bothered by the following problems?"" ;
    qg:hasSubQuestion :QDepressive_Symptoms_Frequency_Anhedonia,
                      :QDepressive_Symptoms_Frequency_Depressed_Mood,
                      :QDepressive_Symptoms_Frequency_Sleep_Problems,
                      :QDepressive_Symptoms_Frequency_Fatigue,
                      :QDepressive_Symptoms_Frequency_Appetite_Changes,
                      :QDepressive_Symptoms_Frequency_Feelings_of_Worthlessness,
                      :QDepressive_Symptoms_Frequency_Concentration_Difficulties,
                      :QDepressive_Symptoms_Frequency_Psychomotor_Changes,
                      :QDepressive_Symptoms_Frequency_Suicidal_Thoughts .

:QDepressive_Symptoms_Frequency_Anhedonia pred:Text ""Little interest or pleasure in doing things"" .
:QDepressive_Symptoms_Frequency_Depressed_Mood pred:Text ""Feeling down, depressed, or hopeless"" .
:QDepressive_Symptoms_Frequency_Sleep_Problems pred:Text ""Trouble falling or staying asleep, or sleeping too much"" .
:QDepressive_Symptoms_Frequency_Fatigue pred:Text ""Feeling tired or having little energy"" .
:QDepressive_Symptoms_Frequency_Appetite_Changes pred:Text ""Poor appetite or overeating"" .
:QDepressive_Symptoms_Frequency_Feelings_of_Worthlessness pred:Text ""Feeling bad about yourself or that you are a failure or have let yourself or your family down"" .
:QDepressive_Symptoms_Frequency_Concentration_Difficulties pred:Text ""Trouble concentrating on things, such as reading the newspaper or watching television"" .
:QDepressive_Symptoms_Frequency_Psychomotor_Changes pred:Text ""Moving or speaking so slowly that other people could have noticed. Or the opposite — being so fidgety or restless that you have been moving around a lot more than usual"" .
:QDepressive_Symptoms_Frequency_Suicidal_Thoughts pred:Text ""Thoughts that you would be better off dead, or of hurting yourself"" .

# Responses
:Respondent73 pred:Year_of_birth 2005.0 ;
     pred:Gender 2.0 ;
     pred:Socio_economic_status 2.0 ;
     pred:Ethnic_identity 6.0 .

:Respondent73_Parental_Education
                       pred:Father 25.0 ;
                       pred:Mother 15.0 .
:Respondent73 pred:hasGroupResponse :Respondent73_Parental_Education .

:Respondent73 pred:Life_satisfaction 8.0 ;
     pred:Happiness 5.0 ;
     pred:Laughter 4.0 ;
     pred:Learning 5.0 ;
     pred:Enjoyment 5.0 ;
     pred:Worry 2.0 ;
     pred:Depression 1.0 ;
     pred:Anger 2.0 ;
     pred:Stress 4.0 ;
     pred:Loneliness 6.0 .

:Respondent73_Emotional_Regulation_Frequency
                                   pred:Upset_by_Unexpected_Events 2.0 ;
                                   pred:Unable_to_Control_Important_Things 2.0 ;
                                   pred:Lacked_Confidence_Handling_Problems 2.0 ;
                                   pred:Unable_to_Cope 2.0 ;
                                   pred:Irritated_by_Life 2.0 ;
                                   pred:On_Top_of_Things 2.0 .
:Respondent73 pred:hasGroupResponse :Respondent73_Emotional_Regulation_Frequency .

:Respondent73_Anxiety_Symptoms_Frequency
                               pred:Feeling_Nervous_or_On_Edge 2.0 ;
                               pred:Trouble_Relaxing 1.0 ;
                               pred:Restlessness 1.0 ;
                               pred:Irritability 2.0 ;
                               pred:Fear_Something_Awful_Might_Happen 2.0 .
:Respondent73 pred:hasGroupResponse :Respondent73_Anxiety_Symptoms_Frequency .

:Respondent73_Depressive_Symptoms_Frequency
                                  pred:Anhedonia 1.0 ;
                                  pred:Sleep_Problems 2.0 ;
                                  pred:Fatigue 1.0 ;
                                  pred:Appetite_Changes 1.0 ;
                                  pred:Feelings_of_Worthlessness 1.0 ;
                                  pred:Concentration_Difficulties 1.0 ;
                                  pred:Suicidal_Thoughts 0.0 .
:Respondent73 pred:hasGroupResponse :Respondent73_Depressive_Symptoms_Frequency .

:Respondent85 pred:Year_of_birth 2004.0 ;
     pred:Gender 2.0 ;
     pred:Socio_economic_status 3.0 ;
     pred:Ethnic_identity 6.0 .

:Respondent85_Parental_Education
                       pred:Father 18.0 .
:Respondent85 pred:hasGroupResponse :Respondent85_Parental_Education .

:Respondent85 pred:Life_satisfaction 5.0 ;
     pred:Happiness 6.0 ;
     pred:Laughter 6.0 ;
     pred:Learning 8.0 ;
     pred:Enjoyment 5.0 ;
     pred:Worry 1.0 ;
     pred:Depression 1.0 ;
     pred:Anger 2.0 ;
     pred:Stress 4.0 ;
     pred:Loneliness 1.0 .

:Respondent85_Emotional_Regulation_Frequency
                                   pred:Upset_by_Unexpected_Events 2.0 ;
                                   pred:Unable_to_Control_Important_Things 3.0 ;
                                   pred:Lacked_Confidence_Handling_Problems 2.0 ;
                                   pred:Unable_to_Cope 3.0 ;
                                   pred:Irritated_by_Life 3.0 ;
                                   pred:On_Top_of_Things 2.0 .
:Respondent85 pred:hasGroupResponse :Respondent85_Emotional_Regulation_Frequency .

:Respondent85_Anxiety_Symptoms_Frequency
                               pred:Feeling_Nervous_or_On_Edge 1.0 ;
                               pred:Trouble_Relaxing 1.0 ;
                               pred:Restlessness 0.0 ;
                               pred:Irritability 1.0 ;
                               pred:Fear_Something_Awful_Might_Happen 1.0 .
:Respondent85 pred:hasGroupResponse :Respondent85_Anxiety_Symptoms_Frequency .

:Respondent85_Depressive_Symptoms_Frequency
                                  pred:Anhedonia 2.0 ;
                                  pred:Sleep_Problems 2.0 ;
                                  pred:Fatigue 3.0 ;
                                  pred:Appetite_Changes 3.0 ;
                                  pred:Feelings_of_Worthlessness 1.0 ;
                                  pred:Concentration_Difficulties 1.0 ;
                                  pred:Suicidal_Thoughts 0.0 .
:Respondent85 pred:hasGroupResponse :Respondent85_Depressive_Symptoms_Frequency .

:Respondent129 pred:Year_of_birth 2001.0 ;
     pred:Gender 2.0 ;
     pred:Socio_economic_status 3.0 ;
     pred:Ethnic_identity 6.0 .

:Respondent129_Parental_Education
                       pred:Father 13.0 ;
                       pred:Mother 13.0 .
:Respondent129 pred:hasGroupResponse :Respondent129_Parental_Education .

:Respondent129 pred:Life_satisfaction 8.0 ;
     pred:Happiness 9.0 ;
     pred:Laughter 6.0 ;
     pred:Learning 5.0 ;
     pred:Enjoyment 6.0 ;
     pred:Worry 1.0 ;
     pred:Depression 1.0 ;
     pred:Anger 1.0 ;
     pred:Stress 3.0 ;
     pred:Loneliness 0.0 .

:Respondent129_Emotional_Regulation_Frequency
                                   pred:Upset_by_Unexpected_Events 1.0 ;
                                   pred:Unable_to_Control_Important_Things 1.0 ;
                                   pred:Lacked_Confidence_Handling_Problems 3.0 ;
                                   pred:Unable_to_Cope 2.0 ;
                                   pred:Irritated_by_Life 3.0 ;
                                   pred:On_Top_of_Things 2.0 .
:Respondent129 pred:hasGroupResponse :Respondent129_Emotional_Regulation_Frequency .

:Respondent129_Anxiety_Symptoms_Frequency
                               pred:Feeling_Nervous_or_On_Edge 1.0 ;
                               pred:Trouble_Relaxing 1.0 ;
                               pred:Restlessness 0.0 ;
                               pred:Irritability 0.0 ;
                               pred:Fear_Something_Awful_Might_Happen 0.0 .
:Respondent129 pred:hasGroupResponse :Respondent129_Anxiety_Symptoms_Frequency .

:Respondent129_Depressive_Symptoms_Frequency
                                  pred:Anhedonia 1.0 ;
                                  pred:Sleep_Problems 1.0 ;
                                  pred:Fatigue 2.0 ;
                                  pred:Appetite_Changes 2.0 ;
                                  pred:Feelings_of_Worthlessness 0.0 ;
                                  pred:Concentration_Difficulties 2.0 ;
                                  pred:Suicidal_Thoughts 0.0 .
:Respondent129 pred:hasGroupResponse :Respondent129_Depressive_Symptoms_Frequency .

Answer: 2.0

@prefix : <http://example.org/survey#> .
@prefix pred: <http://example.org/predicate#> .
@prefix qg: <http://example.org/question_group#> .

# Questions
:QYear_of_birth pred:Text ""What is your date of birth? [Open-ended]"" .
:QGender pred:Text ""What is your gender? [MCQ: 1. Male 2. Female]"" .
:QSocio_economic_status pred:Text ""What is the socio-economic status of your home? [Likert 1–6: 1 = Very low, 6 = Very high]"" .
:QEthnic_identity pred:Text ""According to your culture, people, or physical features, you are or are recognized as: [MCQ: 1. Indigenous 2. Gypsy 3. Raizal from San Andres, Providencia and Santa Catalina Archipelago 4. Palenquero from San Basilio 5. Black, mulatto (Afro-descendant), Afro-Colombian 6. None of the above]"" .

:QGParental_Education pred:BaseQuestion ""How many years of education did your parents receive? [Open-ended]"" ;
    qg:hasSubQuestion :QParental_Education_Father, :QParental_Education_Mother .
:QParental_Education_Father pred:Text ""Father?"" .
:QParental_Education_Mother pred:Text ""Mother?"" .

:QLife_satisfaction pred:Text ""In general, how satisfied are you with all aspects of your life? [Likert 0–10: 0 = Not satisfied, 10 = Totally satisfied]"" .
:QHappiness pred:Text ""How happy did you feel yesterday? [Likert 0–10: 0 = At no time, 10 = All the time]"" .
:QLaughter pred:Text ""How much did you laugh yesterday? [Likert 0–10: 0 = At no time, 10 = All the time]"" .
:QLearning pred:Text ""Did you learn new or exciting things yesterday? [Likert 0–10: 0 = At no time, 10 = All the time]"" .
:QEnjoyment pred:Text ""How much did you enjoy the activities you did yesterday? [Likert 0–10: 0 = At no time, 10 = All the time]"" .
:QWorry pred:Text ""How worried did you feel yesterday? [Likert 0–10: 0 = At no time, 10 = All the time]"" .
:QDepression pred:Text ""How depressed did you feel yesterday? [Likert 0–10: 0 = At no time, 10 = All the time]"" .
:QAnger pred:Text ""How angry did you feel yesterday? [Likert 0–10: 0 = At no time, 10 = All the time]"" .
:QStress pred:Text ""How much stress did you feel yesterday? [Likert 0–10: 0 = At no time, 10 = All the time]"" .
:QLoneliness pred:Text ""How lonely or unsupported did you feel yesterday? [Likert 0–10: 0 = At no time, 10 = All the time]"" .

:QGEmotional_Regulation_Frequency pred:BaseQuestion ""Next, you will be asked questions about your emotional state. Please answer on a scale of 0 to 4, where 0 is never, 1 is 'almost never', 2 is 'sometimes', 3 is 'fairly often', and 4 is 'very often', how often you experienced the following feelings during the last month: [Likert 0–4]"" ;
    qg:hasSubQuestion :QEmotional_Regulation_Frequency_Upset_by_Unexpected_Events,
                      :QEmotional_Regulation_Frequency_Unable_to_Control_Important_Things,
                      :QEmotional_Regulation_Frequency_Nervous_and_Stressed,
                      :QEmotional_Regulation_Frequency_Lacked_Confidence_Handling_Problems,
                      :QEmotional_Regulation_Frequency_Things_Going_Your_Way,
                      :QEmotional_Regulation_Frequency_Unable_to_Cope,
                      :QEmotional_Regulation_Frequency_Irritated_by_Life,
                      :QEmotional_Regulation_Frequency_On_Top_of_Things,
                      :QEmotional_Regulation_Frequency_Angered_by_Uncontrollable_Events,
                      :QEmotional_Regulation_Frequency_Felt_Overwhelmed .

:QEmotional_Regulation_Frequency_Upset_by_Unexpected_Events pred:Text ""how often have you been upset because of something that happened unexpectedly?"" .
:QEmotional_Regulation_Frequency_Unable_to_Control_Important_Things pred:Text ""how often have you felt that you were unable to control the important things in your life?"" .
:QEmotional_Regulation_Frequency_Nervous_and_Stressed pred:Text ""how often have you felt nervous and stressed?"" .
:QEmotional_Regulation_Frequency_Lacked_Confidence_Handling_Problems pred:Text ""how often have you felt confident about your ability to handle your personal problems?"" .
:QEmotional_Regulation_Frequency_Things_Going_Your_Way pred:Text ""how often have you felt that things were going your way?"" .
:QEmotional_Regulation_Frequency_Unable_to_Cope pred:Text ""how often have you found that you could not cope with all the things that you had to do?"" .
:QEmotional_Regulation_Frequency_Irritated_by_Life pred:Text ""how often have you been able to control irritations in your life?"" .
:QEmotional_Regulation_Frequency_On_Top_of_Things pred:Text ""how often have you felt that you were on top of things?"" .
:QEmotional_Regulation_Frequency_Angered_by_Uncontrollable_Events pred:Text ""how often have you been angered because of things that happened that were outside of your control?"" .
:QEmotional_Regulation_Frequency_Felt_Overwhelmed pred:Text ""how often have you felt difficulties were piling up so high that you could not overcome them?"" .

:QGAnxiety_Symptoms_Frequency pred:BaseQuestion ""Next, you will be asked questions about your emotional state. Please answer on a scale of 0 to 3, where 0 is 'Not at all', 1 is 'several days', 2 is 'more than half of the days', and 3 is 'Nearly every day'. Over the last two weeks, how often have you been bothered by the following problems? [Likert 0–3]"" ;
    qg:hasSubQuestion :QAnxiety_Symptoms_Frequency_Feeling_Nervous_or_On_Edge,
                      :QAnxiety_Symptoms_Frequency_Uncontrollable_Worrying,
                      :QAnxiety_Symptoms_Frequency_Excessive_Worry,
                      :QAnxiety_Symptoms_Frequency_Trouble_Relaxing,
                      :QAnxiety_Symptoms_Frequency_Restlessness,
                      :QAnxiety_Symptoms_Frequency_Irritability,
                      :QAnxiety_Symptoms_Frequency_Fear_Something_Awful_Might_Happen .

:QAnxiety_Symptoms_Frequency_Feeling_Nervous_or_On_Edge pred:Text ""Feeling nervous, anxious, or on edge"" .
:QAnxiety_Symptoms_Frequency_Uncontrollable_Worrying pred:Text ""Not being able to stop or control worrying"" .
:QAnxiety_Symptoms_Frequency_Excessive_Worry pred:Text ""Worrying too much about different things"" .
:QAnxiety_Symptoms_Frequency_Trouble_Relaxing pred:Text ""Trouble relaxing"" .
:QAnxiety_Symptoms_Frequency_Restlessness pred:Text ""Being so restless that it is hard to sit still"" .
:QAnxiety_Symptoms_Frequency_Irritability pred:Text ""Becoming easily annoyed or irritable"" .
:QAnxiety_Symptoms_Frequency_Fear_Something_Awful_Might_Happen pred:Text ""Feeling afraid, as if something awful might happen"" .

:QGDepressive_Symptoms_Frequency pred:BaseQuestion ""Next, you will be asked questions about your emotional state. Please answer on a scale of 0 to 3, where 0 is 'Not at all', 1 is 'several days', 2 is 'more than half of the days', and 3 is 'Nearly every day'. Over the last two weeks, how often have you been bothered by the following problems?"" ;
    qg:hasSubQuestion :QDepressive_Symptoms_Frequency_Anhedonia,
                      :QDepressive_Symptoms_Frequency_Depressed_Mood,
                      :QDepressive_Symptoms_Frequency_Sleep_Problems,
                      :QDepressive_Symptoms_Frequency_Fatigue,
                      :QDepressive_Symptoms_Frequency_Appetite_Changes,
                      :QDepressive_Symptoms_Frequency_Feelings_of_Worthlessness,
                      :QDepressive_Symptoms_Frequency_Concentration_Difficulties,
                      :QDepressive_Symptoms_Frequency_Psychomotor_Changes,
                      :QDepressive_Symptoms_Frequency_Suicidal_Thoughts .

:QDepressive_Symptoms_Frequency_Anhedonia pred:Text ""Little interest or pleasure in doing things"" .
:QDepressive_Symptoms_Frequency_Depressed_Mood pred:Text ""Feeling down, depressed, or hopeless"" .
:QDepressive_Symptoms_Frequency_Sleep_Problems pred:Text ""Trouble falling or staying asleep, or sleeping too much"" .
:QDepressive_Symptoms_Frequency_Fatigue pred:Text ""Feeling tired or having little energy"" .
:QDepressive_Symptoms_Frequency_Appetite_Changes pred:Text ""Poor appetite or overeating"" .
:QDepressive_Symptoms_Frequency_Feelings_of_Worthlessness pred:Text ""Feeling bad about yourself or that you are a failure or have let yourself or your family down"" .
:QDepressive_Symptoms_Frequency_Concentration_Difficulties pred:Text ""Trouble concentrating on things, such as reading the newspaper or watching television"" .
:QDepressive_Symptoms_Frequency_Psychomotor_Changes pred:Text ""Moving or speaking so slowly that other people could have noticed. Or the opposite — being so fidgety or restless that you have been moving around a lot more than usual"" .
:QDepressive_Symptoms_Frequency_Suicidal_Thoughts pred:Text ""Thoughts that you would be better off dead, or of hurting yourself"" .

# Responses
:Respondent96 pred:Year_of_birth 2003.0 ;
     pred:Gender 2.0 ;
     pred:Socio_economic_status 3.0 ;
     pred:Ethnic_identity 6.0 .

:Respondent96 pred:Life_satisfaction 6.0 ;
     pred:Happiness 8.0 ;
     pred:Laughter 5.0 ;
     pred:Learning 8.0 ;
     pred:Enjoyment 7.0 ;
     pred:Worry 0.0 ;
     pred:Depression 0.0 ;
     pred:Anger 1.0 ;
     pred:Stress 3.0 ;
     pred:Loneliness 1.0 .

:Respondent96_Emotional_Regulation_Frequency
                                   pred:Upset_by_Unexpected_Events 1.0 ;
                                   pred:Unable_to_Control_Important_Things 2.0 ;
                                   pred:Lacked_Confidence_Handling_Problems 3.0 ;
                                   pred:Unable_to_Cope 2.0 ;
                                   pred:Irritated_by_Life 3.0 ;
                                   pred:On_Top_of_Things 3.0 .
:Respondent96 pred:hasGroupResponse :Respondent96_Emotional_Regulation_Frequency .

:Respondent96_Anxiety_Symptoms_Frequency
                               pred:Feeling_Nervous_or_On_Edge 2.0 ;
                               pred:Trouble_Relaxing 1.0 ;
                               pred:Restlessness 0.0 ;
                               pred:Irritability 0.0 ;
                               pred:Fear_Something_Awful_Might_Happen 0.0 .
:Respondent96 pred:hasGroupResponse :Respondent96_Anxiety_Symptoms_Frequency .

:Respondent96_Depressive_Symptoms_Frequency
                                  pred:Anhedonia 0.0 ;
                                  pred:Sleep_Problems 0.0 ;
                                  pred:Fatigue 1.0 ;
                                  pred:Appetite_Changes 0.0 ;
                                  pred:Feelings_of_Worthlessness 0.0 ;
                                  pred:Concentration_Difficulties 0.0 ;
                                  pred:Suicidal_Thoughts 0.0 .
:Respondent96 pred:hasGroupResponse :Respondent96_Depressive_Symptoms_Frequency .

:Respondent86 pred:Year_of_birth 2003.0 ;
     pred:Gender 2.0 ;
     pred:Socio_economic_status 3.0 ;
     pred:Ethnic_identity 6.0 .

:Respondent86_Parental_Education
                       pred:Father 14.0 ;
                       pred:Mother 22.0 .
:Respondent86 pred:hasGroupResponse :Respondent86_Parental_Education .

:Respondent86 pred:Life_satisfaction 4.0 ;
     pred:Happiness 1.0 ;
     pred:Laughter 1.0 ;
     pred:Learning 3.0 ;
     pred:Enjoyment 0.0 ;
     pred:Worry 3.0 ;
     pred:Depression 2.0 ;
     pred:Anger 3.0 ;
     pred:Stress 4.0 ;
     pred:Loneliness 9.0 .

:Respondent86_Emotional_Regulation_Frequency
                                   pred:Upset_by_Unexpected_Events 4.0 ;
                                   pred:Unable_to_Control_Important_Things 4.0 ;
                                   pred:Lacked_Confidence_Handling_Problems 4.0 ;
                                   pred:Unable_to_Cope 4.0 ;
                                   pred:Irritated_by_Life 2.0 ;
                                   pred:On_Top_of_Things 2.0 .
:Respondent86 pred:hasGroupResponse :Respondent86_Emotional_Regulation_Frequency .

:Respondent86_Anxiety_Symptoms_Frequency
                               pred:Feeling_Nervous_or_On_Edge 3.0 ;
                               pred:Trouble_Relaxing 3.0 ;
                               pred:Restlessness 2.0 ;
                               pred:Irritability 1.0 ;
                               pred:Fear_Something_Awful_Might_Happen 1.0 .
:Respondent86 pred:hasGroupResponse :Respondent86_Anxiety_Symptoms_Frequency .

:Respondent86_Depressive_Symptoms_Frequency
                                  pred:Anhedonia 1.0 ;
                                  pred:Sleep_Problems 3.0 ;
                                  pred:Fatigue 3.0 ;
                                  pred:Appetite_Changes 1.0 ;
                                  pred:Feelings_of_Worthlessness 2.0 ;
                                  pred:Concentration_Difficulties 3.0 ;
                                  pred:Suicidal_Thoughts 1.0 .
:Respondent86 pred:hasGroupResponse :Respondent86_Depressive_Symptoms_Frequency .

:Respondent28 pred:Year_of_birth 2004.0 ;
     pred:Gender 1.0 ;
     pred:Socio_economic_status 1.0 ;
     pred:Ethnic_identity 6.0 .

:Respondent28_Parental_Education
                       pred:Father 11.0 ;
                       pred:Mother 11.0 .
:Respondent28 pred:hasGroupResponse :Respondent28_Parental_Education .

:Respondent28 pred:Life_satisfaction 8.0 ;
     pred:Happiness 5.0 ;
     pred:Laughter 3.0 ;
     pred:Learning 4.0 ;
     pred:Enjoyment 6.0 ;
     pred:Worry 3.0 ;
     pred:Depression 2.0 ;
     pred:Anger 4.0 ;
     pred:Stress 4.0 ;
     pred:Loneliness 10.0 .

:Respondent28_Emotional_Regulation_Frequency
                                   pred:Upset_by_Unexpected_Events 4.0 ;
                                   pred:Unable_to_Control_Important_Things 4.0 ;
                                   pred:Lacked_Confidence_Handling_Problems 2.0 ;
                                   pred:Unable_to_Cope 3.0 ;
                                   pred:Irritated_by_Life 3.0 ;
                                   pred:On_Top_of_Things 2.0 .
:Respondent28 pred:hasGroupResponse :Respondent28_Emotional_Regulation_Frequency .

:Respondent28_Anxiety_Symptoms_Frequency
                               pred:Feeling_Nervous_or_On_Edge 3.0 ;
                               pred:Trouble_Relaxing 2.0 ;
                               pred:Restlessness 2.0 ;
                               pred:Irritability 2.0 ;
                               pred:Fear_Something_Awful_Might_Happen 3.0 .
:Respondent28 pred:hasGroupResponse :Respondent28_Anxiety_Symptoms_Frequency .

:Respondent28_Depressive_Symptoms_Frequency
                                  pred:Anhedonia 1.0 ;
                                  pred:Sleep_Problems 2.0 ;
                                  pred:Fatigue 2.0 ;
                                  pred:Appetite_Changes 2.0 ;
                                  pred:Feelings_of_Worthlessness 2.0 ;
                                  pred:Concentration_Difficulties 2.0 ;
                                  pred:Suicidal_Thoughts 1.0 .
:Respondent28 pred:hasGroupResponse :Respondent28_Depressive_Symptoms_Frequency .

You are a meticulous data analyst AI. Your primary function is to accurately analyze structured data and provide precise, verifiable answers.

You will be given a dataset with two key parts:

A 'questions' section: This is your data dictionary or schema. It is the single source of truth for understanding what each field and score means. Refer to it carefully.

A 'responses' section: This contains the raw data from each individual respondent.

To answer the question correctly, you must first use the 'questions' schema to fully understand the context and meaning of the data points within the 'responses'. Do not rely on any prior knowledge outside of this provided data. Base your entire analysis on the information given.

Provide your final answer directly and concisely. Output must be the human-readable value, not an option code.

Rules:
- For MCQ fields, map any letter codes in the Responses (case-insensitive) to the corresponding option text from the Questions schema, and output only that text. Do NOT include the letter or both.
  Example: If the schema is ""[MCQ: A. Abnormal B. Inconclusive C. Normal]"" and the response is ""a"", output ""Abnormal"".
- For open-ended fields, output the exact text value.
- If the question asks for a count, provide only the number (e.g., ""42"").
- If the question asks for a list of names or IDs, provide a simple comma-separated list (e.g., ""17, 21, 23"").
- Preserve capitalization exactly as in the schema (e.g., output ""Abnormal"", not ""abnormal"" or ""A"").

For respondent 96, what is the value for 'Fear Something Awful Might Happen' in the 'Anxiety Symptoms Frequency' category?",,
