case_id,task,question,questionnaire,expected_answer,prompt,Response,Correct
case_2,respondent_count,How many respondents are there?,"Survey Data
==================================================

Questions:
1. Year of birth: What is your date of birth? [Open-ended]
2. Gender: What is your gender? [MCQ: 1. Male 2. Female]
3. Socio-economic status: What is the socio-economic status of your home? [Likert 1–6: 1 = Very low, 6 = Very high]
4. Ethnic identity: According to your culture, people, or physical features, you are or are recognized as: [MCQ: 1. Indigenous 2. Gypsy 3. Raizal from San Andres, Providencia and Santa Catalina Archipelago 4. Palenquero from San Basilio 5. Black, mulatto (Afro-descendant), Afro-Colombian 6. None of the above]
5. Parental Education: How many years of education did your parents receive? [Open-ended]
   - Father: Father?
   - Mother: Mother?
6. Life satisfaction: In general, how satisfied are you with all aspects of your life? [Likert 0–10: 0 = Not satisfied, 10 = Totally satisfied]
7. Happiness: How happy did you feel yesterday? [Likert 0–10: 0 = At no time, 10 = All the time]
8. Laughter: How much did you laugh yesterday? [Likert 0–10: 0 = At no time, 10 = All the time]
9. Learning: Did you learn new or exciting things yesterday? [Likert 0–10: 0 = At no time, 10 = All the time]
10. Enjoyment: How much did you enjoy the activities you did yesterday? [Likert 0–10: 0 = At no time, 10 = All the time]
11. Worry: How worried did you feel yesterday? [Likert 0–10: 0 = At no time, 10 = All the time]
12. Depression: How depressed did you feel yesterday? [Likert 0–10: 0 = At no time, 10 = All the time]
13. Anger: How angry did you feel yesterday? [Likert 0–10: 0 = At no time, 10 = All the time]
14. Stress: How much stress did you feel yesterday? [Likert 0–10: 0 = At no time, 10 = All the time]
15. Loneliness: How lonely or unsupported did you feel yesterday? [Likert 0–10: 0 = At no time, 10 = All the time]
16. Emotional Regulation Frequency: Next, you will be asked questions about your emotional state. Please answer on a scale of 0 to 4, where 0 is never, 1 is 'almost never', 2 is 'sometimes', 3 is 'fairly often', and 4 is 'very often', how often you experienced the following feelings during the last month: [Likert 0–4]
    - Upset by Unexpected Events: how often have you been upset because of something that happened unexpectedly?
    - Unable to Control Important Things: how often have you felt that you were unable to control the important things in your life?
    - Nervous and Stressed: how often have you felt nervous and stressed?
    - Lacked Confidence Handling Problems: how often have you felt confident about your ability to handle your personal problems?
    - Things Going Your Way: how often have you felt that things were going your way?
    - Unable to Cope: how often have you found that you could not cope with all the things that you had to do?
    - Irritated by Life: how often have you been able to control irritations in your life?
    - On Top of Things: how often have you felt that you were on top of things?
    - Angered by Uncontrollable Events: how often have you been angered because of things that happened that were outside of your control?
    - Felt Overwhelmed: how often have you felt difficulties were piling up so high that you could not overcome them?
17. Anxiety Symptoms Frequency: Next, you will be asked questions about your emotional state. Please answer on a scale of 0 to 3, where 0 is 'Not at all', 1 is 'several days', 2 is 'more than half of the days', and 3 is 'Nearly every day'. Over the last two weeks, how often have you been bothered by the following problems? [Likert 0–3]
    - Feeling Nervous or On Edge: Feeling nervous, anxious, or on edge
    - Uncontrollable Worrying: Not being able to stop or control worrying
    - Excessive Worry: Worrying too much about different things
    - Trouble Relaxing: Trouble relaxing
    - Restlessness: Being so restless that it is hard to sit still
    - Irritability: Becoming easily annoyed or irritable
    - Fear Something Awful Might Happen: Feeling afraid, as if something awful might happen
18. Depressive Symptoms Frequency: Next, you will be asked questions about your emotional state. Please answer on a scale of 0 to 3, where 0 is 'Not at all', 1 is 'several days', 2 is 'more than half of the days', and 3 is 'Nearly every day'. Over the last two weeks, how often have you been bothered by the following problems?
    - Anhedonia: Little interest or pleasure in doing things
    - Depressed Mood: Feeling down, depressed, or hopeless
    - Sleep Problems: Trouble falling or staying asleep, or sleeping too much
    - Fatigue: Feeling tired or having little energy
    - Appetite Changes: Poor appetite or overeating
    - Feelings of Worthlessness: Feeling bad about yourself or that you are a failure or have let yourself or your family down
    - Concentration Difficulties: Trouble concentrating on things, such as reading the newspaper or watching television
    - Psychomotor Changes: Moving or speaking so slowly that other people could have noticed. Or the opposite — being so fidgety or restless that you have been moving around a lot more than usual
    - Suicidal Thoughts: Thoughts that you would be better off dead, or of hurting yourself

Responses:
==================================================

Respondent 139:
- Year of birth: 2002.0
- Gender: 2.0
- Socio-economic status: 4.0
- Ethnic identity: 6.0
- Parental Education:
  - Father: 21.0
  - Mother: 11.0
- Life satisfaction: 8.0
- Happiness: 7.0
- Laughter: 7.0
- Learning: 4.0
- Enjoyment: 5.0
- Worry: 1.0
- Depression: 0.0
- Anger: 2.0
- Stress: 1.0
- Loneliness: 5.0
- Emotional Regulation Frequency:
  - Upset by Unexpected Events: 4.0
  - Unable to Control Important Things: 2.0
  - Lacked Confidence Handling Problems: 2.0
  - Unable to Cope: 1.0
  - Irritated by Life: 3.0
  - On Top of Things: 3.0
- Anxiety Symptoms Frequency:
  - Feeling Nervous or On Edge: 1.0
  - Trouble Relaxing: 1.0
  - Restlessness: 1.0
  - Irritability: 1.0
  - Fear Something Awful Might Happen: 1.0
- Depressive Symptoms Frequency:
  - Anhedonia: 1.0
  - Sleep Problems: 1.0
  - Fatigue: 1.0
  - Appetite Changes: 1.0
  - Feelings of Worthlessness: 0.0
  - Concentration Difficulties: 0.0
  - Suicidal Thoughts: 0.0
",1,"How many respondents are there?

DATA:

Survey Data
==================================================

Questions:
1. Year of birth: What is your date of birth? [Open-ended]
2. Gender: What is your gender? [MCQ: 1. Male 2. Female]
3. Socio-economic status: What is the socio-economic status of your home? [Likert 1–6: 1 = Very low, 6 = Very high]
4. Ethnic identity: According to your culture, people, or physical features, you are or are recognized as: [MCQ: 1. Indigenous 2. Gypsy 3. Raizal from San Andres, Providencia and Santa Catalina Archipelago 4. Palenquero from San Basilio 5. Black, mulatto (Afro-descendant), Afro-Colombian 6. None of the above]
5. Parental Education: How many years of education did your parents receive? [Open-ended]
   - Father: Father?
   - Mother: Mother?
6. Life satisfaction: In general, how satisfied are you with all aspects of your life? [Likert 0–10: 0 = Not satisfied, 10 = Totally satisfied]
7. Happiness: How happy did you feel yesterday? [Likert 0–10: 0 = At no time, 10 = All the time]
8. Laughter: How much did you laugh yesterday? [Likert 0–10: 0 = At no time, 10 = All the time]
9. Learning: Did you learn new or exciting things yesterday? [Likert 0–10: 0 = At no time, 10 = All the time]
10. Enjoyment: How much did you enjoy the activities you did yesterday? [Likert 0–10: 0 = At no time, 10 = All the time]
11. Worry: How worried did you feel yesterday? [Likert 0–10: 0 = At no time, 10 = All the time]
12. Depression: How depressed did you feel yesterday? [Likert 0–10: 0 = At no time, 10 = All the time]
13. Anger: How angry did you feel yesterday? [Likert 0–10: 0 = At no time, 10 = All the time]
14. Stress: How much stress did you feel yesterday? [Likert 0–10: 0 = At no time, 10 = All the time]
15. Loneliness: How lonely or unsupported did you feel yesterday? [Likert 0–10: 0 = At no time, 10 = All the time]
16. Emotional Regulation Frequency: Next, you will be asked questions about your emotional state. Please answer on a scale of 0 to 4, where 0 is never, 1 is 'almost never', 2 is 'sometimes', 3 is 'fairly often', and 4 is 'very often', how often you experienced the following feelings during the last month: [Likert 0–4]
    - Upset by Unexpected Events: how often have you been upset because of something that happened unexpectedly?
    - Unable to Control Important Things: how often have you felt that you were unable to control the important things in your life?
    - Nervous and Stressed: how often have you felt nervous and stressed?
    - Lacked Confidence Handling Problems: how often have you felt confident about your ability to handle your personal problems?
    - Things Going Your Way: how often have you felt that things were going your way?
    - Unable to Cope: how often have you found that you could not cope with all the things that you had to do?
    - Irritated by Life: how often have you been able to control irritations in your life?
    - On Top of Things: how often have you felt that you were on top of things?
    - Angered by Uncontrollable Events: how often have you been angered because of things that happened that were outside of your control?
    - Felt Overwhelmed: how often have you felt difficulties were piling up so high that you could not overcome them?
17. Anxiety Symptoms Frequency: Next, you will be asked questions about your emotional state. Please answer on a scale of 0 to 3, where 0 is 'Not at all', 1 is 'several days', 2 is 'more than half of the days', and 3 is 'Nearly every day'. Over the last two weeks, how often have you been bothered by the following problems? [Likert 0–3]
    - Feeling Nervous or On Edge: Feeling nervous, anxious, or on edge
    - Uncontrollable Worrying: Not being able to stop or control worrying
    - Excessive Worry: Worrying too much about different things
    - Trouble Relaxing: Trouble relaxing
    - Restlessness: Being so restless that it is hard to sit still
    - Irritability: Becoming easily annoyed or irritable
    - Fear Something Awful Might Happen: Feeling afraid, as if something awful might happen
18. Depressive Symptoms Frequency: Next, you will be asked questions about your emotional state. Please answer on a scale of 0 to 3, where 0 is 'Not at all', 1 is 'several days', 2 is 'more than half of the days', and 3 is 'Nearly every day'. Over the last two weeks, how often have you been bothered by the following problems?
    - Anhedonia: Little interest or pleasure in doing things
    - Depressed Mood: Feeling down, depressed, or hopeless
    - Sleep Problems: Trouble falling or staying asleep, or sleeping too much
    - Fatigue: Feeling tired or having little energy
    - Appetite Changes: Poor appetite or overeating
    - Feelings of Worthlessness: Feeling bad about yourself or that you are a failure or have let yourself or your family down
    - Concentration Difficulties: Trouble concentrating on things, such as reading the newspaper or watching television
    - Psychomotor Changes: Moving or speaking so slowly that other people could have noticed. Or the opposite — being so fidgety or restless that you have been moving around a lot more than usual
    - Suicidal Thoughts: Thoughts that you would be better off dead, or of hurting yourself

Responses:
==================================================

Respondent 119:
- Year of birth: 2004.0
- Gender: 1.0
- Socio-economic status: 1.0
- Ethnic identity: 6.0
- Life satisfaction: 4.0
- Happiness: 8.0
- Laughter: 8.0
- Learning: 8.0
- Enjoyment: 8.0
- Worry: 1.0
- Depression: 1.0
- Anger: 2.0
- Stress: 2.0
- Loneliness: 2.0
- Emotional Regulation Frequency:
  - Upset by Unexpected Events: 2.0
  - Unable to Control Important Things: 2.0
  - Lacked Confidence Handling Problems: 2.0
  - Unable to Cope: 2.0
  - Irritated by Life: 2.0
  - On Top of Things: 2.0
- Anxiety Symptoms Frequency:
  - Feeling Nervous or On Edge: 1.0
  - Trouble Relaxing: 1.0
  - Restlessness: 1.0
  - Irritability: 1.0
  - Fear Something Awful Might Happen: 1.0
- Depressive Symptoms Frequency:
  - Anhedonia: 1.0
  - Sleep Problems: 1.0
  - Fatigue: 1.0
  - Appetite Changes: 0.0
  - Feelings of Worthlessness: 1.0
  - Concentration Difficulties: 0.0
  - Suicidal Thoughts: 0.0

Respondent 116:
- Year of birth: 2004.0
- Gender: 1.0
- Socio-economic status: 5.0
- Ethnic identity: 6.0
- Parental Education:
  - Father: 17.0
  - Mother: 17.0
- Life satisfaction: 8.0
- Happiness: 8.0
- Laughter: 7.0
- Learning: 7.0
- Enjoyment: 9.0
- Worry: 1.0
- Depression: 1.0
- Anger: 2.0
- Stress: 3.0
- Loneliness: 1.0
- Emotional Regulation Frequency:
  - Upset by Unexpected Events: 2.0
  - Unable to Control Important Things: 2.0
  - Lacked Confidence Handling Problems: 3.0
  - Unable to Cope: 2.0
  - Irritated by Life: 3.0
  - On Top of Things: 2.0
- Anxiety Symptoms Frequency:
  - Feeling Nervous or On Edge: 2.0
  - Trouble Relaxing: 1.0
  - Restlessness: 2.0
  - Irritability: 1.0
  - Fear Something Awful Might Happen: 2.0
- Depressive Symptoms Frequency:
  - Anhedonia: 1.0
  - Sleep Problems: 0.0
  - Fatigue: 2.0
  - Appetite Changes: 2.0
  - Feelings of Worthlessness: 1.0
  - Concentration Difficulties: 2.0
  - Suicidal Thoughts: 0.0

Answer: 2

Survey Data
==================================================

Questions:
1. Year of birth: What is your date of birth? [Open-ended]
2. Gender: What is your gender? [MCQ: 1. Male 2. Female]
3. Socio-economic status: What is the socio-economic status of your home? [Likert 1–6: 1 = Very low, 6 = Very high]
4. Ethnic identity: According to your culture, people, or physical features, you are or are recognized as: [MCQ: 1. Indigenous 2. Gypsy 3. Raizal from San Andres, Providencia and Santa Catalina Archipelago 4. Palenquero from San Basilio 5. Black, mulatto (Afro-descendant), Afro-Colombian 6. None of the above]
5. Parental Education: How many years of education did your parents receive? [Open-ended]
   - Father: Father?
   - Mother: Mother?
6. Life satisfaction: In general, how satisfied are you with all aspects of your life? [Likert 0–10: 0 = Not satisfied, 10 = Totally satisfied]
7. Happiness: How happy did you feel yesterday? [Likert 0–10: 0 = At no time, 10 = All the time]
8. Laughter: How much did you laugh yesterday? [Likert 0–10: 0 = At no time, 10 = All the time]
9. Learning: Did you learn new or exciting things yesterday? [Likert 0–10: 0 = At no time, 10 = All the time]
10. Enjoyment: How much did you enjoy the activities you did yesterday? [Likert 0–10: 0 = At no time, 10 = All the time]
11. Worry: How worried did you feel yesterday? [Likert 0–10: 0 = At no time, 10 = All the time]
12. Depression: How depressed did you feel yesterday? [Likert 0–10: 0 = At no time, 10 = All the time]
13. Anger: How angry did you feel yesterday? [Likert 0–10: 0 = At no time, 10 = All the time]
14. Stress: How much stress did you feel yesterday? [Likert 0–10: 0 = At no time, 10 = All the time]
15. Loneliness: How lonely or unsupported did you feel yesterday? [Likert 0–10: 0 = At no time, 10 = All the time]
16. Emotional Regulation Frequency: Next, you will be asked questions about your emotional state. Please answer on a scale of 0 to 4, where 0 is never, 1 is 'almost never', 2 is 'sometimes', 3 is 'fairly often', and 4 is 'very often', how often you experienced the following feelings during the last month: [Likert 0–4]
    - Upset by Unexpected Events: how often have you been upset because of something that happened unexpectedly?
    - Unable to Control Important Things: how often have you felt that you were unable to control the important things in your life?
    - Nervous and Stressed: how often have you felt nervous and stressed?
    - Lacked Confidence Handling Problems: how often have you felt confident about your ability to handle your personal problems?
    - Things Going Your Way: how often have you felt that things were going your way?
    - Unable to Cope: how often have you found that you could not cope with all the things that you had to do?
    - Irritated by Life: how often have you been able to control irritations in your life?
    - On Top of Things: how often have you felt that you were on top of things?
    - Angered by Uncontrollable Events: how often have you been angered because of things that happened that were outside of your control?
    - Felt Overwhelmed: how often have you felt difficulties were piling up so high that you could not overcome them?
17. Anxiety Symptoms Frequency: Next, you will be asked questions about your emotional state. Please answer on a scale of 0 to 3, where 0 is 'Not at all', 1 is 'several days', 2 is 'more than half of the days', and 3 is 'Nearly every day'. Over the last two weeks, how often have you been bothered by the following problems? [Likert 0–3]
    - Feeling Nervous or On Edge: Feeling nervous, anxious, or on edge
    - Uncontrollable Worrying: Not being able to stop or control worrying
    - Excessive Worry: Worrying too much about different things
    - Trouble Relaxing: Trouble relaxing
    - Restlessness: Being so restless that it is hard to sit still
    - Irritability: Becoming easily annoyed or irritable
    - Fear Something Awful Might Happen: Feeling afraid, as if something awful might happen
18. Depressive Symptoms Frequency: Next, you will be asked questions about your emotional state. Please answer on a scale of 0 to 3, where 0 is 'Not at all', 1 is 'several days', 2 is 'more than half of the days', and 3 is 'Nearly every day'. Over the last two weeks, how often have you been bothered by the following problems?
    - Anhedonia: Little interest or pleasure in doing things
    - Depressed Mood: Feeling down, depressed, or hopeless
    - Sleep Problems: Trouble falling or staying asleep, or sleeping too much
    - Fatigue: Feeling tired or having little energy
    - Appetite Changes: Poor appetite or overeating
    - Feelings of Worthlessness: Feeling bad about yourself or that you are a failure or have let yourself or your family down
    - Concentration Difficulties: Trouble concentrating on things, such as reading the newspaper or watching television
    - Psychomotor Changes: Moving or speaking so slowly that other people could have noticed. Or the opposite — being so fidgety or restless that you have been moving around a lot more than usual
    - Suicidal Thoughts: Thoughts that you would be better off dead, or of hurting yourself

Responses:
==================================================

Respondent 139:
- Year of birth: 2002.0
- Gender: 2.0
- Socio-economic status: 4.0
- Ethnic identity: 6.0
- Parental Education:
  - Father: 21.0
  - Mother: 11.0
- Life satisfaction: 8.0
- Happiness: 7.0
- Laughter: 7.0
- Learning: 4.0
- Enjoyment: 5.0
- Worry: 1.0
- Depression: 0.0
- Anger: 2.0
- Stress: 1.0
- Loneliness: 5.0
- Emotional Regulation Frequency:
  - Upset by Unexpected Events: 4.0
  - Unable to Control Important Things: 2.0
  - Lacked Confidence Handling Problems: 2.0
  - Unable to Cope: 1.0
  - Irritated by Life: 3.0
  - On Top of Things: 3.0
- Anxiety Symptoms Frequency:
  - Feeling Nervous or On Edge: 1.0
  - Trouble Relaxing: 1.0
  - Restlessness: 1.0
  - Irritability: 1.0
  - Fear Something Awful Might Happen: 1.0
- Depressive Symptoms Frequency:
  - Anhedonia: 1.0
  - Sleep Problems: 1.0
  - Fatigue: 1.0
  - Appetite Changes: 1.0
  - Feelings of Worthlessness: 0.0
  - Concentration Difficulties: 0.0
  - Suicidal Thoughts: 0.0

You are a meticulous data analyst AI. Your primary function is to accurately analyze structured data and provide precise, verifiable answers.

You will be given a dataset with two key parts:

A 'questions' section: This is your data dictionary or schema. It is the single source of truth for understanding what each field and score means. Refer to it carefully.

A 'responses' section: This contains the raw data from each individual respondent.

To answer the question correctly, you must first use the 'questions' schema to fully understand the context and meaning of the data points within the 'responses'. Do not rely on any prior knowledge outside of this provided data. Base your entire analysis on the information given.

Provide your final answer directly and concisely. Output must be the human-readable value, not an option code.

Rules:
- For MCQ fields, map any letter codes in the Responses (case-insensitive) to the corresponding option text from the Questions schema, and output only that text. Do NOT include the letter or both.
  Example: If the schema is ""[MCQ: A. Abnormal B. Inconclusive C. Normal]"" and the response is ""a"", output ""Abnormal"".
- For open-ended fields, output the exact text value.
- If the question asks for a count, provide only the number (e.g., ""42"").
- If the question asks for a list of names or IDs, provide a simple comma-separated list (e.g., ""17, 21, 23"").
- Preserve capitalization exactly as in the schema (e.g., output ""Abnormal"", not ""abnormal"" or ""A"").

How many respondents are there?",1,True
case_3,respondent_count,How many respondents are there?,"Survey Data
==================================================

Questions:
1. Year of birth: What is your date of birth? [Open-ended]
2. Gender: What is your gender? [MCQ: 1. Male 2. Female]
3. Socio-economic status: What is the socio-economic status of your home? [Likert 1–6: 1 = Very low, 6 = Very high]
4. Ethnic identity: According to your culture, people, or physical features, you are or are recognized as: [MCQ: 1. Indigenous 2. Gypsy 3. Raizal from San Andres, Providencia and Santa Catalina Archipelago 4. Palenquero from San Basilio 5. Black, mulatto (Afro-descendant), Afro-Colombian 6. None of the above]
5. Parental Education: How many years of education did your parents receive? [Open-ended]
   - Father: Father?
   - Mother: Mother?
6. Life satisfaction: In general, how satisfied are you with all aspects of your life? [Likert 0–10: 0 = Not satisfied, 10 = Totally satisfied]
7. Happiness: How happy did you feel yesterday? [Likert 0–10: 0 = At no time, 10 = All the time]
8. Laughter: How much did you laugh yesterday? [Likert 0–10: 0 = At no time, 10 = All the time]
9. Learning: Did you learn new or exciting things yesterday? [Likert 0–10: 0 = At no time, 10 = All the time]
10. Enjoyment: How much did you enjoy the activities you did yesterday? [Likert 0–10: 0 = At no time, 10 = All the time]
11. Worry: How worried did you feel yesterday? [Likert 0–10: 0 = At no time, 10 = All the time]
12. Depression: How depressed did you feel yesterday? [Likert 0–10: 0 = At no time, 10 = All the time]
13. Anger: How angry did you feel yesterday? [Likert 0–10: 0 = At no time, 10 = All the time]
14. Stress: How much stress did you feel yesterday? [Likert 0–10: 0 = At no time, 10 = All the time]
15. Loneliness: How lonely or unsupported did you feel yesterday? [Likert 0–10: 0 = At no time, 10 = All the time]
16. Emotional Regulation Frequency: Next, you will be asked questions about your emotional state. Please answer on a scale of 0 to 4, where 0 is never, 1 is 'almost never', 2 is 'sometimes', 3 is 'fairly often', and 4 is 'very often', how often you experienced the following feelings during the last month: [Likert 0–4]
    - Upset by Unexpected Events: how often have you been upset because of something that happened unexpectedly?
    - Unable to Control Important Things: how often have you felt that you were unable to control the important things in your life?
    - Nervous and Stressed: how often have you felt nervous and stressed?
    - Lacked Confidence Handling Problems: how often have you felt confident about your ability to handle your personal problems?
    - Things Going Your Way: how often have you felt that things were going your way?
    - Unable to Cope: how often have you found that you could not cope with all the things that you had to do?
    - Irritated by Life: how often have you been able to control irritations in your life?
    - On Top of Things: how often have you felt that you were on top of things?
    - Angered by Uncontrollable Events: how often have you been angered because of things that happened that were outside of your control?
    - Felt Overwhelmed: how often have you felt difficulties were piling up so high that you could not overcome them?
17. Anxiety Symptoms Frequency: Next, you will be asked questions about your emotional state. Please answer on a scale of 0 to 3, where 0 is 'Not at all', 1 is 'several days', 2 is 'more than half of the days', and 3 is 'Nearly every day'. Over the last two weeks, how often have you been bothered by the following problems? [Likert 0–3]
    - Feeling Nervous or On Edge: Feeling nervous, anxious, or on edge
    - Uncontrollable Worrying: Not being able to stop or control worrying
    - Excessive Worry: Worrying too much about different things
    - Trouble Relaxing: Trouble relaxing
    - Restlessness: Being so restless that it is hard to sit still
    - Irritability: Becoming easily annoyed or irritable
    - Fear Something Awful Might Happen: Feeling afraid, as if something awful might happen
18. Depressive Symptoms Frequency: Next, you will be asked questions about your emotional state. Please answer on a scale of 0 to 3, where 0 is 'Not at all', 1 is 'several days', 2 is 'more than half of the days', and 3 is 'Nearly every day'. Over the last two weeks, how often have you been bothered by the following problems?
    - Anhedonia: Little interest or pleasure in doing things
    - Depressed Mood: Feeling down, depressed, or hopeless
    - Sleep Problems: Trouble falling or staying asleep, or sleeping too much
    - Fatigue: Feeling tired or having little energy
    - Appetite Changes: Poor appetite or overeating
    - Feelings of Worthlessness: Feeling bad about yourself or that you are a failure or have let yourself or your family down
    - Concentration Difficulties: Trouble concentrating on things, such as reading the newspaper or watching television
    - Psychomotor Changes: Moving or speaking so slowly that other people could have noticed. Or the opposite — being so fidgety or restless that you have been moving around a lot more than usual
    - Suicidal Thoughts: Thoughts that you would be better off dead, or of hurting yourself

Responses:
==================================================

Respondent 71:
- Year of birth: 2001.0
- Gender: 2.0
- Socio-economic status: 4.0
- Ethnic identity: 6.0
- Parental Education:
  - Father: 15.0
  - Mother: 17.0
- Life satisfaction: 8.0
- Happiness: 9.0
- Laughter: 7.0
- Learning: 5.0
- Enjoyment: 8.0
- Worry: 1.0
- Depression: 0.0
- Anger: 2.0
- Stress: 1.0
- Loneliness: 5.0
- Emotional Regulation Frequency:
  - Upset by Unexpected Events: 1.0
  - Unable to Control Important Things: 1.0
  - Lacked Confidence Handling Problems: 3.0
  - Unable to Cope: 1.0
  - Irritated by Life: 3.0
  - On Top of Things: 3.0
- Anxiety Symptoms Frequency:
  - Feeling Nervous or On Edge: 0.0
  - Trouble Relaxing: 0.0
  - Restlessness: 0.0
  - Irritability: 0.0
  - Fear Something Awful Might Happen: 0.0
- Depressive Symptoms Frequency:
  - Anhedonia: 0.0
  - Sleep Problems: 0.0
  - Fatigue: 0.0
  - Appetite Changes: 0.0
  - Feelings of Worthlessness: 0.0
  - Concentration Difficulties: 0.0
  - Suicidal Thoughts: 0.0

Respondent 145:
- Year of birth: 2005.0
- Gender: 2.0
- Socio-economic status: 1.0
- Ethnic identity: 6.0
- Parental Education:
  - Father: 11.0
  - Mother: 11.0
- Life satisfaction: 6.0
- Happiness: 5.0
- Laughter: 5.0
- Learning: 8.0
- Enjoyment: 7.0
- Worry: 1.0
- Depression: 1.0
- Anger: 3.0
- Stress: 3.0
- Loneliness: 3.0
- Emotional Regulation Frequency:
  - Upset by Unexpected Events: 3.0
  - Unable to Control Important Things: 1.0
  - Lacked Confidence Handling Problems: 2.0
  - Unable to Cope: 3.0
  - Irritated by Life: 2.0
  - On Top of Things: 2.0
- Anxiety Symptoms Frequency:
  - Feeling Nervous or On Edge: 2.0
  - Trouble Relaxing: 1.0
  - Restlessness: 2.0
  - Irritability: 3.0
  - Fear Something Awful Might Happen: 2.0
- Depressive Symptoms Frequency:
  - Anhedonia: 1.0
  - Sleep Problems: 1.0
  - Fatigue: 2.0
  - Appetite Changes: 3.0
  - Feelings of Worthlessness: 3.0
  - Concentration Difficulties: 2.0
  - Suicidal Thoughts: 1.0

Respondent 92:
- Year of birth: 2003.0
- Gender: 1.0
- Socio-economic status: 1.0
- Ethnic identity: 6.0
- Parental Education:
  - Father: 12.0
  - Mother: 12.0
- Life satisfaction: 8.0
- Happiness: 8.0
- Laughter: 6.0
- Learning: 9.0
- Enjoyment: 8.0
- Worry: 0.0
- Depression: 0.0
- Anger: 2.0
- Stress: 2.0
- Loneliness: 1.0
- Emotional Regulation Frequency:
  - Upset by Unexpected Events: 2.0
  - Unable to Control Important Things: 1.0
  - Lacked Confidence Handling Problems: 3.0
  - Unable to Cope: 2.0
  - Irritated by Life: 4.0
  - On Top of Things: 4.0
- Anxiety Symptoms Frequency:
  - Feeling Nervous or On Edge: 1.0
  - Trouble Relaxing: 0.0
  - Restlessness: 0.0
  - Irritability: 1.0
  - Fear Something Awful Might Happen: 0.0
- Depressive Symptoms Frequency:
  - Anhedonia: 0.0
  - Sleep Problems: 1.0
  - Fatigue: 1.0
  - Appetite Changes: 1.0
  - Feelings of Worthlessness: 0.0
  - Concentration Difficulties: 0.0
  - Suicidal Thoughts: 0.0

Respondent 31:
- Year of birth: 2004.0
- Gender: 2.0
- Socio-economic status: 3.0
- Ethnic identity: 6.0
- Parental Education:
  - Father: 13.0
  - Mother: 30.0
- Life satisfaction: 5.0
- Happiness: 4.0
- Laughter: 1.0
- Learning: 0.0
- Enjoyment: 1.0
- Worry: 1.0
- Depression: 2.0
- Anger: 4.0
- Stress: 4.0
- Loneliness: 4.0
- Emotional Regulation Frequency:
  - Upset by Unexpected Events: 3.0
  - Unable to Control Important Things: 2.0
  - Lacked Confidence Handling Problems: 3.0
  - Unable to Cope: 4.0
  - Irritated by Life: 2.0
  - On Top of Things: 2.0
- Anxiety Symptoms Frequency:
  - Feeling Nervous or On Edge: 1.0
  - Trouble Relaxing: 2.0
  - Restlessness: 0.0
  - Irritability: 1.0
  - Fear Something Awful Might Happen: 2.0
- Depressive Symptoms Frequency:
  - Anhedonia: 1.0
  - Sleep Problems: 2.0
  - Fatigue: 2.0
  - Appetite Changes: 2.0
  - Feelings of Worthlessness: 2.0
  - Concentration Difficulties: 2.0
  - Suicidal Thoughts: 1.0

Respondent 55:
- Year of birth: 2002.0
- Gender: 2.0
- Socio-economic status: 2.0
- Ethnic identity: 6.0
- Parental Education:
  - Father: 4.0
  - Mother: 15.0
- Life satisfaction: 6.0
- Happiness: 6.0
- Laughter: 7.0
- Learning: 9.0
- Enjoyment: 5.0
- Worry: 3.0
- Depression: 3.0
- Anger: 2.0
- Stress: 4.0
- Loneliness: 6.0
- Emotional Regulation Frequency:
  - Upset by Unexpected Events: 2.0
  - Unable to Control Important Things: 4.0
  - Lacked Confidence Handling Problems: 2.0
  - Unable to Cope: 3.0
  - Irritated by Life: 2.0
  - On Top of Things: 1.0
- Anxiety Symptoms Frequency:
  - Feeling Nervous or On Edge: 3.0
  - Trouble Relaxing: 3.0
  - Restlessness: 0.0
  - Irritability: 3.0
  - Fear Something Awful Might Happen: 3.0
- Depressive Symptoms Frequency:
  - Anhedonia: 2.0
  - Sleep Problems: 0.0
  - Fatigue: 3.0
  - Appetite Changes: 3.0
  - Feelings of Worthlessness: 3.0
  - Concentration Difficulties: 1.0
  - Suicidal Thoughts: 3.0

Respondent 81:
- Year of birth: 2003.0
- Gender: 2.0
- Socio-economic status: 3.0
- Ethnic identity: 6.0
- Life satisfaction: 6.0
- Happiness: 5.0
- Laughter: 3.0
- Learning: 8.0
- Enjoyment: 6.0
- Worry: 1.0
- Depression: 0.0
- Anger: 2.0
- Stress: 2.0
- Loneliness: 6.0
- Emotional Regulation Frequency:
  - Upset by Unexpected Events: 2.0
  - Unable to Control Important Things: 1.0
  - Lacked Confidence Handling Problems: 3.0
  - Unable to Cope: 1.0
  - Irritated by Life: 3.0
  - On Top of Things: 2.0
- Anxiety Symptoms Frequency:
  - Feeling Nervous or On Edge: 1.0
  - Trouble Relaxing: 1.0
  - Restlessness: 0.0
  - Irritability: 1.0
  - Fear Something Awful Might Happen: 1.0
- Depressive Symptoms Frequency:
  - Anhedonia: 1.0
  - Sleep Problems: 1.0
  - Fatigue: 1.0
  - Appetite Changes: 1.0
  - Feelings of Worthlessness: 1.0
  - Concentration Difficulties: 1.0
  - Suicidal Thoughts: 0.0
",6,"How many respondents are there?

DATA:

Survey Data
==================================================

Questions:
1. Year of birth: What is your date of birth? [Open-ended]
2. Gender: What is your gender? [MCQ: 1. Male 2. Female]
3. Socio-economic status: What is the socio-economic status of your home? [Likert 1–6: 1 = Very low, 6 = Very high]
4. Ethnic identity: According to your culture, people, or physical features, you are or are recognized as: [MCQ: 1. Indigenous 2. Gypsy 3. Raizal from San Andres, Providencia and Santa Catalina Archipelago 4. Palenquero from San Basilio 5. Black, mulatto (Afro-descendant), Afro-Colombian 6. None of the above]
5. Parental Education: How many years of education did your parents receive? [Open-ended]
   - Father: Father?
   - Mother: Mother?
6. Life satisfaction: In general, how satisfied are you with all aspects of your life? [Likert 0–10: 0 = Not satisfied, 10 = Totally satisfied]
7. Happiness: How happy did you feel yesterday? [Likert 0–10: 0 = At no time, 10 = All the time]
8. Laughter: How much did you laugh yesterday? [Likert 0–10: 0 = At no time, 10 = All the time]
9. Learning: Did you learn new or exciting things yesterday? [Likert 0–10: 0 = At no time, 10 = All the time]
10. Enjoyment: How much did you enjoy the activities you did yesterday? [Likert 0–10: 0 = At no time, 10 = All the time]
11. Worry: How worried did you feel yesterday? [Likert 0–10: 0 = At no time, 10 = All the time]
12. Depression: How depressed did you feel yesterday? [Likert 0–10: 0 = At no time, 10 = All the time]
13. Anger: How angry did you feel yesterday? [Likert 0–10: 0 = At no time, 10 = All the time]
14. Stress: How much stress did you feel yesterday? [Likert 0–10: 0 = At no time, 10 = All the time]
15. Loneliness: How lonely or unsupported did you feel yesterday? [Likert 0–10: 0 = At no time, 10 = All the time]
16. Emotional Regulation Frequency: Next, you will be asked questions about your emotional state. Please answer on a scale of 0 to 4, where 0 is never, 1 is 'almost never', 2 is 'sometimes', 3 is 'fairly often', and 4 is 'very often', how often you experienced the following feelings during the last month: [Likert 0–4]
    - Upset by Unexpected Events: how often have you been upset because of something that happened unexpectedly?
    - Unable to Control Important Things: how often have you felt that you were unable to control the important things in your life?
    - Nervous and Stressed: how often have you felt nervous and stressed?
    - Lacked Confidence Handling Problems: how often have you felt confident about your ability to handle your personal problems?
    - Things Going Your Way: how often have you felt that things were going your way?
    - Unable to Cope: how often have you found that you could not cope with all the things that you had to do?
    - Irritated by Life: how often have you been able to control irritations in your life?
    - On Top of Things: how often have you felt that you were on top of things?
    - Angered by Uncontrollable Events: how often have you been angered because of things that happened that were outside of your control?
    - Felt Overwhelmed: how often have you felt difficulties were piling up so high that you could not overcome them?
17. Anxiety Symptoms Frequency: Next, you will be asked questions about your emotional state. Please answer on a scale of 0 to 3, where 0 is 'Not at all', 1 is 'several days', 2 is 'more than half of the days', and 3 is 'Nearly every day'. Over the last two weeks, how often have you been bothered by the following problems? [Likert 0–3]
    - Feeling Nervous or On Edge: Feeling nervous, anxious, or on edge
    - Uncontrollable Worrying: Not being able to stop or control worrying
    - Excessive Worry: Worrying too much about different things
    - Trouble Relaxing: Trouble relaxing
    - Restlessness: Being so restless that it is hard to sit still
    - Irritability: Becoming easily annoyed or irritable
    - Fear Something Awful Might Happen: Feeling afraid, as if something awful might happen
18. Depressive Symptoms Frequency: Next, you will be asked questions about your emotional state. Please answer on a scale of 0 to 3, where 0 is 'Not at all', 1 is 'several days', 2 is 'more than half of the days', and 3 is 'Nearly every day'. Over the last two weeks, how often have you been bothered by the following problems?
    - Anhedonia: Little interest or pleasure in doing things
    - Depressed Mood: Feeling down, depressed, or hopeless
    - Sleep Problems: Trouble falling or staying asleep, or sleeping too much
    - Fatigue: Feeling tired or having little energy
    - Appetite Changes: Poor appetite or overeating
    - Feelings of Worthlessness: Feeling bad about yourself or that you are a failure or have let yourself or your family down
    - Concentration Difficulties: Trouble concentrating on things, such as reading the newspaper or watching television
    - Psychomotor Changes: Moving or speaking so slowly that other people could have noticed. Or the opposite — being so fidgety or restless that you have been moving around a lot more than usual
    - Suicidal Thoughts: Thoughts that you would be better off dead, or of hurting yourself

Responses:
==================================================

Respondent 119:
- Year of birth: 2004.0
- Gender: 1.0
- Socio-economic status: 1.0
- Ethnic identity: 6.0
- Life satisfaction: 4.0
- Happiness: 8.0
- Laughter: 8.0
- Learning: 8.0
- Enjoyment: 8.0
- Worry: 1.0
- Depression: 1.0
- Anger: 2.0
- Stress: 2.0
- Loneliness: 2.0
- Emotional Regulation Frequency:
  - Upset by Unexpected Events: 2.0
  - Unable to Control Important Things: 2.0
  - Lacked Confidence Handling Problems: 2.0
  - Unable to Cope: 2.0
  - Irritated by Life: 2.0
  - On Top of Things: 2.0
- Anxiety Symptoms Frequency:
  - Feeling Nervous or On Edge: 1.0
  - Trouble Relaxing: 1.0
  - Restlessness: 1.0
  - Irritability: 1.0
  - Fear Something Awful Might Happen: 1.0
- Depressive Symptoms Frequency:
  - Anhedonia: 1.0
  - Sleep Problems: 1.0
  - Fatigue: 1.0
  - Appetite Changes: 0.0
  - Feelings of Worthlessness: 1.0
  - Concentration Difficulties: 0.0
  - Suicidal Thoughts: 0.0

Respondent 116:
- Year of birth: 2004.0
- Gender: 1.0
- Socio-economic status: 5.0
- Ethnic identity: 6.0
- Parental Education:
  - Father: 17.0
  - Mother: 17.0
- Life satisfaction: 8.0
- Happiness: 8.0
- Laughter: 7.0
- Learning: 7.0
- Enjoyment: 9.0
- Worry: 1.0
- Depression: 1.0
- Anger: 2.0
- Stress: 3.0
- Loneliness: 1.0
- Emotional Regulation Frequency:
  - Upset by Unexpected Events: 2.0
  - Unable to Control Important Things: 2.0
  - Lacked Confidence Handling Problems: 3.0
  - Unable to Cope: 2.0
  - Irritated by Life: 3.0
  - On Top of Things: 2.0
- Anxiety Symptoms Frequency:
  - Feeling Nervous or On Edge: 2.0
  - Trouble Relaxing: 1.0
  - Restlessness: 2.0
  - Irritability: 1.0
  - Fear Something Awful Might Happen: 2.0
- Depressive Symptoms Frequency:
  - Anhedonia: 1.0
  - Sleep Problems: 0.0
  - Fatigue: 2.0
  - Appetite Changes: 2.0
  - Feelings of Worthlessness: 1.0
  - Concentration Difficulties: 2.0
  - Suicidal Thoughts: 0.0

Answer: 2

Survey Data
==================================================

Questions:
1. Year of birth: What is your date of birth? [Open-ended]
2. Gender: What is your gender? [MCQ: 1. Male 2. Female]
3. Socio-economic status: What is the socio-economic status of your home? [Likert 1–6: 1 = Very low, 6 = Very high]
4. Ethnic identity: According to your culture, people, or physical features, you are or are recognized as: [MCQ: 1. Indigenous 2. Gypsy 3. Raizal from San Andres, Providencia and Santa Catalina Archipelago 4. Palenquero from San Basilio 5. Black, mulatto (Afro-descendant), Afro-Colombian 6. None of the above]
5. Parental Education: How many years of education did your parents receive? [Open-ended]
   - Father: Father?
   - Mother: Mother?
6. Life satisfaction: In general, how satisfied are you with all aspects of your life? [Likert 0–10: 0 = Not satisfied, 10 = Totally satisfied]
7. Happiness: How happy did you feel yesterday? [Likert 0–10: 0 = At no time, 10 = All the time]
8. Laughter: How much did you laugh yesterday? [Likert 0–10: 0 = At no time, 10 = All the time]
9. Learning: Did you learn new or exciting things yesterday? [Likert 0–10: 0 = At no time, 10 = All the time]
10. Enjoyment: How much did you enjoy the activities you did yesterday? [Likert 0–10: 0 = At no time, 10 = All the time]
11. Worry: How worried did you feel yesterday? [Likert 0–10: 0 = At no time, 10 = All the time]
12. Depression: How depressed did you feel yesterday? [Likert 0–10: 0 = At no time, 10 = All the time]
13. Anger: How angry did you feel yesterday? [Likert 0–10: 0 = At no time, 10 = All the time]
14. Stress: How much stress did you feel yesterday? [Likert 0–10: 0 = At no time, 10 = All the time]
15. Loneliness: How lonely or unsupported did you feel yesterday? [Likert 0–10: 0 = At no time, 10 = All the time]
16. Emotional Regulation Frequency: Next, you will be asked questions about your emotional state. Please answer on a scale of 0 to 4, where 0 is never, 1 is 'almost never', 2 is 'sometimes', 3 is 'fairly often', and 4 is 'very often', how often you experienced the following feelings during the last month: [Likert 0–4]
    - Upset by Unexpected Events: how often have you been upset because of something that happened unexpectedly?
    - Unable to Control Important Things: how often have you felt that you were unable to control the important things in your life?
    - Nervous and Stressed: how often have you felt nervous and stressed?
    - Lacked Confidence Handling Problems: how often have you felt confident about your ability to handle your personal problems?
    - Things Going Your Way: how often have you felt that things were going your way?
    - Unable to Cope: how often have you found that you could not cope with all the things that you had to do?
    - Irritated by Life: how often have you been able to control irritations in your life?
    - On Top of Things: how often have you felt that you were on top of things?
    - Angered by Uncontrollable Events: how often have you been angered because of things that happened that were outside of your control?
    - Felt Overwhelmed: how often have you felt difficulties were piling up so high that you could not overcome them?
17. Anxiety Symptoms Frequency: Next, you will be asked questions about your emotional state. Please answer on a scale of 0 to 3, where 0 is 'Not at all', 1 is 'several days', 2 is 'more than half of the days', and 3 is 'Nearly every day'. Over the last two weeks, how often have you been bothered by the following problems? [Likert 0–3]
    - Feeling Nervous or On Edge: Feeling nervous, anxious, or on edge
    - Uncontrollable Worrying: Not being able to stop or control worrying
    - Excessive Worry: Worrying too much about different things
    - Trouble Relaxing: Trouble relaxing
    - Restlessness: Being so restless that it is hard to sit still
    - Irritability: Becoming easily annoyed or irritable
    - Fear Something Awful Might Happen: Feeling afraid, as if something awful might happen
18. Depressive Symptoms Frequency: Next, you will be asked questions about your emotional state. Please answer on a scale of 0 to 3, where 0 is 'Not at all', 1 is 'several days', 2 is 'more than half of the days', and 3 is 'Nearly every day'. Over the last two weeks, how often have you been bothered by the following problems?
    - Anhedonia: Little interest or pleasure in doing things
    - Depressed Mood: Feeling down, depressed, or hopeless
    - Sleep Problems: Trouble falling or staying asleep, or sleeping too much
    - Fatigue: Feeling tired or having little energy
    - Appetite Changes: Poor appetite or overeating
    - Feelings of Worthlessness: Feeling bad about yourself or that you are a failure or have let yourself or your family down
    - Concentration Difficulties: Trouble concentrating on things, such as reading the newspaper or watching television
    - Psychomotor Changes: Moving or speaking so slowly that other people could have noticed. Or the opposite — being so fidgety or restless that you have been moving around a lot more than usual
    - Suicidal Thoughts: Thoughts that you would be better off dead, or of hurting yourself

Responses:
==================================================

Respondent 71:
- Year of birth: 2001.0
- Gender: 2.0
- Socio-economic status: 4.0
- Ethnic identity: 6.0
- Parental Education:
  - Father: 15.0
  - Mother: 17.0
- Life satisfaction: 8.0
- Happiness: 9.0
- Laughter: 7.0
- Learning: 5.0
- Enjoyment: 8.0
- Worry: 1.0
- Depression: 0.0
- Anger: 2.0
- Stress: 1.0
- Loneliness: 5.0
- Emotional Regulation Frequency:
  - Upset by Unexpected Events: 1.0
  - Unable to Control Important Things: 1.0
  - Lacked Confidence Handling Problems: 3.0
  - Unable to Cope: 1.0
  - Irritated by Life: 3.0
  - On Top of Things: 3.0
- Anxiety Symptoms Frequency:
  - Feeling Nervous or On Edge: 0.0
  - Trouble Relaxing: 0.0
  - Restlessness: 0.0
  - Irritability: 0.0
  - Fear Something Awful Might Happen: 0.0
- Depressive Symptoms Frequency:
  - Anhedonia: 0.0
  - Sleep Problems: 0.0
  - Fatigue: 0.0
  - Appetite Changes: 0.0
  - Feelings of Worthlessness: 0.0
  - Concentration Difficulties: 0.0
  - Suicidal Thoughts: 0.0

Respondent 145:
- Year of birth: 2005.0
- Gender: 2.0
- Socio-economic status: 1.0
- Ethnic identity: 6.0
- Parental Education:
  - Father: 11.0
  - Mother: 11.0
- Life satisfaction: 6.0
- Happiness: 5.0
- Laughter: 5.0
- Learning: 8.0
- Enjoyment: 7.0
- Worry: 1.0
- Depression: 1.0
- Anger: 3.0
- Stress: 3.0
- Loneliness: 3.0
- Emotional Regulation Frequency:
  - Upset by Unexpected Events: 3.0
  - Unable to Control Important Things: 1.0
  - Lacked Confidence Handling Problems: 2.0
  - Unable to Cope: 3.0
  - Irritated by Life: 2.0
  - On Top of Things: 2.0
- Anxiety Symptoms Frequency:
  - Feeling Nervous or On Edge: 2.0
  - Trouble Relaxing: 1.0
  - Restlessness: 2.0
  - Irritability: 3.0
  - Fear Something Awful Might Happen: 2.0
- Depressive Symptoms Frequency:
  - Anhedonia: 1.0
  - Sleep Problems: 1.0
  - Fatigue: 2.0
  - Appetite Changes: 3.0
  - Feelings of Worthlessness: 3.0
  - Concentration Difficulties: 2.0
  - Suicidal Thoughts: 1.0

Respondent 92:
- Year of birth: 2003.0
- Gender: 1.0
- Socio-economic status: 1.0
- Ethnic identity: 6.0
- Parental Education:
  - Father: 12.0
  - Mother: 12.0
- Life satisfaction: 8.0
- Happiness: 8.0
- Laughter: 6.0
- Learning: 9.0
- Enjoyment: 8.0
- Worry: 0.0
- Depression: 0.0
- Anger: 2.0
- Stress: 2.0
- Loneliness: 1.0
- Emotional Regulation Frequency:
  - Upset by Unexpected Events: 2.0
  - Unable to Control Important Things: 1.0
  - Lacked Confidence Handling Problems: 3.0
  - Unable to Cope: 2.0
  - Irritated by Life: 4.0
  - On Top of Things: 4.0
- Anxiety Symptoms Frequency:
  - Feeling Nervous or On Edge: 1.0
  - Trouble Relaxing: 0.0
  - Restlessness: 0.0
  - Irritability: 1.0
  - Fear Something Awful Might Happen: 0.0
- Depressive Symptoms Frequency:
  - Anhedonia: 0.0
  - Sleep Problems: 1.0
  - Fatigue: 1.0
  - Appetite Changes: 1.0
  - Feelings of Worthlessness: 0.0
  - Concentration Difficulties: 0.0
  - Suicidal Thoughts: 0.0

Respondent 31:
- Year of birth: 2004.0
- Gender: 2.0
- Socio-economic status: 3.0
- Ethnic identity: 6.0
- Parental Education:
  - Father: 13.0
  - Mother: 30.0
- Life satisfaction: 5.0
- Happiness: 4.0
- Laughter: 1.0
- Learning: 0.0
- Enjoyment: 1.0
- Worry: 1.0
- Depression: 2.0
- Anger: 4.0
- Stress: 4.0
- Loneliness: 4.0
- Emotional Regulation Frequency:
  - Upset by Unexpected Events: 3.0
  - Unable to Control Important Things: 2.0
  - Lacked Confidence Handling Problems: 3.0
  - Unable to Cope: 4.0
  - Irritated by Life: 2.0
  - On Top of Things: 2.0
- Anxiety Symptoms Frequency:
  - Feeling Nervous or On Edge: 1.0
  - Trouble Relaxing: 2.0
  - Restlessness: 0.0
  - Irritability: 1.0
  - Fear Something Awful Might Happen: 2.0
- Depressive Symptoms Frequency:
  - Anhedonia: 1.0
  - Sleep Problems: 2.0
  - Fatigue: 2.0
  - Appetite Changes: 2.0
  - Feelings of Worthlessness: 2.0
  - Concentration Difficulties: 2.0
  - Suicidal Thoughts: 1.0

Respondent 55:
- Year of birth: 2002.0
- Gender: 2.0
- Socio-economic status: 2.0
- Ethnic identity: 6.0
- Parental Education:
  - Father: 4.0
  - Mother: 15.0
- Life satisfaction: 6.0
- Happiness: 6.0
- Laughter: 7.0
- Learning: 9.0
- Enjoyment: 5.0
- Worry: 3.0
- Depression: 3.0
- Anger: 2.0
- Stress: 4.0
- Loneliness: 6.0
- Emotional Regulation Frequency:
  - Upset by Unexpected Events: 2.0
  - Unable to Control Important Things: 4.0
  - Lacked Confidence Handling Problems: 2.0
  - Unable to Cope: 3.0
  - Irritated by Life: 2.0
  - On Top of Things: 1.0
- Anxiety Symptoms Frequency:
  - Feeling Nervous or On Edge: 3.0
  - Trouble Relaxing: 3.0
  - Restlessness: 0.0
  - Irritability: 3.0
  - Fear Something Awful Might Happen: 3.0
- Depressive Symptoms Frequency:
  - Anhedonia: 2.0
  - Sleep Problems: 0.0
  - Fatigue: 3.0
  - Appetite Changes: 3.0
  - Feelings of Worthlessness: 3.0
  - Concentration Difficulties: 1.0
  - Suicidal Thoughts: 3.0

Respondent 81:
- Year of birth: 2003.0
- Gender: 2.0
- Socio-economic status: 3.0
- Ethnic identity: 6.0
- Life satisfaction: 6.0
- Happiness: 5.0
- Laughter: 3.0
- Learning: 8.0
- Enjoyment: 6.0
- Worry: 1.0
- Depression: 0.0
- Anger: 2.0
- Stress: 2.0
- Loneliness: 6.0
- Emotional Regulation Frequency:
  - Upset by Unexpected Events: 2.0
  - Unable to Control Important Things: 1.0
  - Lacked Confidence Handling Problems: 3.0
  - Unable to Cope: 1.0
  - Irritated by Life: 3.0
  - On Top of Things: 2.0
- Anxiety Symptoms Frequency:
  - Feeling Nervous or On Edge: 1.0
  - Trouble Relaxing: 1.0
  - Restlessness: 0.0
  - Irritability: 1.0
  - Fear Something Awful Might Happen: 1.0
- Depressive Symptoms Frequency:
  - Anhedonia: 1.0
  - Sleep Problems: 1.0
  - Fatigue: 1.0
  - Appetite Changes: 1.0
  - Feelings of Worthlessness: 1.0
  - Concentration Difficulties: 1.0
  - Suicidal Thoughts: 0.0

You are a meticulous data analyst AI. Your primary function is to accurately analyze structured data and provide precise, verifiable answers.

You will be given a dataset with two key parts:

A 'questions' section: This is your data dictionary or schema. It is the single source of truth for understanding what each field and score means. Refer to it carefully.

A 'responses' section: This contains the raw data from each individual respondent.

To answer the question correctly, you must first use the 'questions' schema to fully understand the context and meaning of the data points within the 'responses'. Do not rely on any prior knowledge outside of this provided data. Base your entire analysis on the information given.

Provide your final answer directly and concisely. Output must be the human-readable value, not an option code.

Rules:
- For MCQ fields, map any letter codes in the Responses (case-insensitive) to the corresponding option text from the Questions schema, and output only that text. Do NOT include the letter or both.
  Example: If the schema is ""[MCQ: A. Abnormal B. Inconclusive C. Normal]"" and the response is ""a"", output ""Abnormal"".
- For open-ended fields, output the exact text value.
- If the question asks for a count, provide only the number (e.g., ""42"").
- If the question asks for a list of names or IDs, provide a simple comma-separated list (e.g., ""17, 21, 23"").
- Preserve capitalization exactly as in the schema (e.g., output ""Abnormal"", not ""abnormal"" or ""A"").

How many respondents are there?",8,False
case_4,respondent_count,How many respondents are there?,"Survey Data
==================================================

Questions:
1. Year of birth: What is your date of birth? [Open-ended]
2. Gender: What is your gender? [MCQ: 1. Male 2. Female]
3. Socio-economic status: What is the socio-economic status of your home? [Likert 1–6: 1 = Very low, 6 = Very high]
4. Ethnic identity: According to your culture, people, or physical features, you are or are recognized as: [MCQ: 1. Indigenous 2. Gypsy 3. Raizal from San Andres, Providencia and Santa Catalina Archipelago 4. Palenquero from San Basilio 5. Black, mulatto (Afro-descendant), Afro-Colombian 6. None of the above]
5. Parental Education: How many years of education did your parents receive? [Open-ended]
   - Father: Father?
   - Mother: Mother?
6. Life satisfaction: In general, how satisfied are you with all aspects of your life? [Likert 0–10: 0 = Not satisfied, 10 = Totally satisfied]
7. Happiness: How happy did you feel yesterday? [Likert 0–10: 0 = At no time, 10 = All the time]
8. Laughter: How much did you laugh yesterday? [Likert 0–10: 0 = At no time, 10 = All the time]
9. Learning: Did you learn new or exciting things yesterday? [Likert 0–10: 0 = At no time, 10 = All the time]
10. Enjoyment: How much did you enjoy the activities you did yesterday? [Likert 0–10: 0 = At no time, 10 = All the time]
11. Worry: How worried did you feel yesterday? [Likert 0–10: 0 = At no time, 10 = All the time]
12. Depression: How depressed did you feel yesterday? [Likert 0–10: 0 = At no time, 10 = All the time]
13. Anger: How angry did you feel yesterday? [Likert 0–10: 0 = At no time, 10 = All the time]
14. Stress: How much stress did you feel yesterday? [Likert 0–10: 0 = At no time, 10 = All the time]
15. Loneliness: How lonely or unsupported did you feel yesterday? [Likert 0–10: 0 = At no time, 10 = All the time]
16. Emotional Regulation Frequency: Next, you will be asked questions about your emotional state. Please answer on a scale of 0 to 4, where 0 is never, 1 is 'almost never', 2 is 'sometimes', 3 is 'fairly often', and 4 is 'very often', how often you experienced the following feelings during the last month: [Likert 0–4]
    - Upset by Unexpected Events: how often have you been upset because of something that happened unexpectedly?
    - Unable to Control Important Things: how often have you felt that you were unable to control the important things in your life?
    - Nervous and Stressed: how often have you felt nervous and stressed?
    - Lacked Confidence Handling Problems: how often have you felt confident about your ability to handle your personal problems?
    - Things Going Your Way: how often have you felt that things were going your way?
    - Unable to Cope: how often have you found that you could not cope with all the things that you had to do?
    - Irritated by Life: how often have you been able to control irritations in your life?
    - On Top of Things: how often have you felt that you were on top of things?
    - Angered by Uncontrollable Events: how often have you been angered because of things that happened that were outside of your control?
    - Felt Overwhelmed: how often have you felt difficulties were piling up so high that you could not overcome them?
17. Anxiety Symptoms Frequency: Next, you will be asked questions about your emotional state. Please answer on a scale of 0 to 3, where 0 is 'Not at all', 1 is 'several days', 2 is 'more than half of the days', and 3 is 'Nearly every day'. Over the last two weeks, how often have you been bothered by the following problems? [Likert 0–3]
    - Feeling Nervous or On Edge: Feeling nervous, anxious, or on edge
    - Uncontrollable Worrying: Not being able to stop or control worrying
    - Excessive Worry: Worrying too much about different things
    - Trouble Relaxing: Trouble relaxing
    - Restlessness: Being so restless that it is hard to sit still
    - Irritability: Becoming easily annoyed or irritable
    - Fear Something Awful Might Happen: Feeling afraid, as if something awful might happen
18. Depressive Symptoms Frequency: Next, you will be asked questions about your emotional state. Please answer on a scale of 0 to 3, where 0 is 'Not at all', 1 is 'several days', 2 is 'more than half of the days', and 3 is 'Nearly every day'. Over the last two weeks, how often have you been bothered by the following problems?
    - Anhedonia: Little interest or pleasure in doing things
    - Depressed Mood: Feeling down, depressed, or hopeless
    - Sleep Problems: Trouble falling or staying asleep, or sleeping too much
    - Fatigue: Feeling tired or having little energy
    - Appetite Changes: Poor appetite or overeating
    - Feelings of Worthlessness: Feeling bad about yourself or that you are a failure or have let yourself or your family down
    - Concentration Difficulties: Trouble concentrating on things, such as reading the newspaper or watching television
    - Psychomotor Changes: Moving or speaking so slowly that other people could have noticed. Or the opposite — being so fidgety or restless that you have been moving around a lot more than usual
    - Suicidal Thoughts: Thoughts that you would be better off dead, or of hurting yourself

Responses:
==================================================

Respondent 99:
- Year of birth: 2003.0
- Gender: 1.0
- Socio-economic status: 6.0
- Ethnic identity: 6.0
- Life satisfaction: 8.0
- Happiness: 9.0
- Laughter: 7.0
- Learning: 9.0
- Enjoyment: 7.0
- Worry: 1.0
- Depression: 0.0
- Anger: 2.0
- Stress: 2.0
- Loneliness: 1.0
- Emotional Regulation Frequency:
  - Upset by Unexpected Events: 2.0
  - Unable to Control Important Things: 1.0
  - Lacked Confidence Handling Problems: 2.0
  - Unable to Cope: 1.0
  - Irritated by Life: 3.0
  - On Top of Things: 3.0
- Anxiety Symptoms Frequency:
  - Feeling Nervous or On Edge: 1.0
  - Trouble Relaxing: 1.0
  - Restlessness: 0.0
  - Irritability: 1.0
  - Fear Something Awful Might Happen: 0.0
- Depressive Symptoms Frequency:
  - Anhedonia: 0.0
  - Sleep Problems: 0.0
  - Fatigue: 1.0
  - Appetite Changes: 0.0
  - Feelings of Worthlessness: 0.0
  - Concentration Difficulties: 1.0
  - Suicidal Thoughts: 0.0

Respondent 72:
- Year of birth: 2002.0
- Gender: 1.0
- Socio-economic status: 3.0
- Ethnic identity: 6.0
- Life satisfaction: 6.0
- Happiness: 6.0
- Laughter: 7.0
- Learning: 4.0
- Enjoyment: 5.0
- Worry: 1.0
- Depression: 0.0
- Anger: 0.0
- Stress: 1.0
- Loneliness: 0.0
- Emotional Regulation Frequency:
  - Upset by Unexpected Events: 2.0
  - Unable to Control Important Things: 2.0
  - Lacked Confidence Handling Problems: 3.0
  - Unable to Cope: 2.0
  - Irritated by Life: 3.0
  - On Top of Things: 2.0
- Anxiety Symptoms Frequency:
  - Feeling Nervous or On Edge: 1.0
  - Trouble Relaxing: 1.0
  - Restlessness: 0.0
  - Irritability: 0.0
  - Fear Something Awful Might Happen: 0.0
- Depressive Symptoms Frequency:
  - Anhedonia: 1.0
  - Sleep Problems: 1.0
  - Fatigue: 1.0
  - Appetite Changes: 0.0
  - Feelings of Worthlessness: 0.0
  - Concentration Difficulties: 1.0
  - Suicidal Thoughts: 0.0

Respondent 4:
- Year of birth: 2001.0
- Gender: 2.0
- Socio-economic status: 5.0
- Ethnic identity: 6.0
- Parental Education:
  - Father: 20.0
  - Mother: 16.0
- Life satisfaction: 10.0
- Happiness: 8.0
- Laughter: 10.0
- Learning: 10.0
- Enjoyment: 10.0
- Worry: 1.0
- Depression: 1.0
- Anger: 2.0
- Stress: 2.0
- Loneliness: 0.0
- Emotional Regulation Frequency:
  - Upset by Unexpected Events: 3.0
  - Unable to Control Important Things: 3.0
  - Lacked Confidence Handling Problems: 4.0
  - Unable to Cope: 2.0
  - Irritated by Life: 3.0
  - On Top of Things: 3.0
- Anxiety Symptoms Frequency:
  - Feeling Nervous or On Edge: 0.0
  - Trouble Relaxing: 0.0
  - Restlessness: 0.0
  - Irritability: 1.0
  - Fear Something Awful Might Happen: 0.0
- Depressive Symptoms Frequency:
  - Anhedonia: 3.0
  - Sleep Problems: 0.0
  - Fatigue: 3.0
  - Appetite Changes: 1.0
  - Feelings of Worthlessness: 0.0
  - Concentration Difficulties: 0.0
  - Suicidal Thoughts: 0.0

Respondent 42:
- Year of birth: 2004.0
- Gender: 2.0
- Socio-economic status: 5.0
- Ethnic identity: 5.0
- Parental Education:
  - Father: 19.0
  - Mother: 28.0
- Life satisfaction: 7.0
- Happiness: 4.0
- Laughter: 9.0
- Learning: 7.0
- Enjoyment: 1.0
- Worry: 3.0
- Depression: 1.0
- Anger: 3.0
- Stress: 4.0
- Loneliness: 10.0
- Emotional Regulation Frequency:
  - Upset by Unexpected Events: 3.0
  - Unable to Control Important Things: 4.0
  - Lacked Confidence Handling Problems: 2.0
  - Unable to Cope: 4.0
  - Irritated by Life: 2.0
  - On Top of Things: 2.0
- Anxiety Symptoms Frequency:
  - Feeling Nervous or On Edge: 2.0
  - Trouble Relaxing: 1.0
  - Restlessness: 1.0
  - Irritability: 2.0
  - Fear Something Awful Might Happen: 3.0
- Depressive Symptoms Frequency:
  - Anhedonia: 3.0
  - Sleep Problems: 2.0
  - Fatigue: 3.0
  - Appetite Changes: 2.0
  - Feelings of Worthlessness: 3.0
  - Concentration Difficulties: 3.0
  - Suicidal Thoughts: 1.0

Respondent 23:
- Year of birth: 2002.0
- Gender: 1.0
- Socio-economic status: 4.0
- Ethnic identity: 6.0
- Parental Education:
  - Father: 17.0
  - Mother: 17.0
- Life satisfaction: 5.0
- Happiness: 4.0
- Laughter: 4.0
- Learning: 2.0
- Enjoyment: 6.0
- Worry: 3.0
- Depression: 1.0
- Anger: 3.0
- Stress: 4.0
- Loneliness: 6.0
- Emotional Regulation Frequency:
  - Upset by Unexpected Events: 3.0
  - Unable to Control Important Things: 3.0
  - Lacked Confidence Handling Problems: 1.0
  - Unable to Cope: 4.0
  - Irritated by Life: 3.0
  - On Top of Things: 2.0
- Anxiety Symptoms Frequency:
  - Feeling Nervous or On Edge: 2.0
  - Trouble Relaxing: 2.0
  - Restlessness: 1.0
  - Irritability: 1.0
  - Fear Something Awful Might Happen: 3.0
- Depressive Symptoms Frequency:
  - Anhedonia: 1.0
  - Sleep Problems: 1.0
  - Fatigue: 1.0
  - Appetite Changes: 1.0
  - Feelings of Worthlessness: 2.0
  - Concentration Difficulties: 2.0
  - Suicidal Thoughts: 0.0

Respondent 62:
- Year of birth: 2005.0
- Gender: 1.0
- Socio-economic status: 3.0
- Ethnic identity: 6.0
- Life satisfaction: 7.0
- Happiness: 9.0
- Laughter: 8.0
- Learning: 9.0
- Enjoyment: 7.0
- Worry: 1.0
- Depression: 0.0
- Anger: 1.0
- Stress: 2.0
- Loneliness: 0.0
- Emotional Regulation Frequency:
  - Upset by Unexpected Events: 2.0
  - Unable to Control Important Things: 2.0
  - Lacked Confidence Handling Problems: 3.0
  - Unable to Cope: 2.0
  - Irritated by Life: 3.0
  - On Top of Things: 2.0
- Anxiety Symptoms Frequency:
  - Feeling Nervous or On Edge: 1.0
  - Trouble Relaxing: 1.0
  - Restlessness: 0.0
  - Irritability: 1.0
  - Fear Something Awful Might Happen: 1.0
- Depressive Symptoms Frequency:
  - Anhedonia: 1.0
  - Sleep Problems: 1.0
  - Fatigue: 1.0
  - Appetite Changes: 0.0
  - Feelings of Worthlessness: 0.0
  - Concentration Difficulties: 1.0
  - Suicidal Thoughts: 0.0
",6,"How many respondents are there?

DATA:

Survey Data
==================================================

Questions:
1. Year of birth: What is your date of birth? [Open-ended]
2. Gender: What is your gender? [MCQ: 1. Male 2. Female]
3. Socio-economic status: What is the socio-economic status of your home? [Likert 1–6: 1 = Very low, 6 = Very high]
4. Ethnic identity: According to your culture, people, or physical features, you are or are recognized as: [MCQ: 1. Indigenous 2. Gypsy 3. Raizal from San Andres, Providencia and Santa Catalina Archipelago 4. Palenquero from San Basilio 5. Black, mulatto (Afro-descendant), Afro-Colombian 6. None of the above]
5. Parental Education: How many years of education did your parents receive? [Open-ended]
   - Father: Father?
   - Mother: Mother?
6. Life satisfaction: In general, how satisfied are you with all aspects of your life? [Likert 0–10: 0 = Not satisfied, 10 = Totally satisfied]
7. Happiness: How happy did you feel yesterday? [Likert 0–10: 0 = At no time, 10 = All the time]
8. Laughter: How much did you laugh yesterday? [Likert 0–10: 0 = At no time, 10 = All the time]
9. Learning: Did you learn new or exciting things yesterday? [Likert 0–10: 0 = At no time, 10 = All the time]
10. Enjoyment: How much did you enjoy the activities you did yesterday? [Likert 0–10: 0 = At no time, 10 = All the time]
11. Worry: How worried did you feel yesterday? [Likert 0–10: 0 = At no time, 10 = All the time]
12. Depression: How depressed did you feel yesterday? [Likert 0–10: 0 = At no time, 10 = All the time]
13. Anger: How angry did you feel yesterday? [Likert 0–10: 0 = At no time, 10 = All the time]
14. Stress: How much stress did you feel yesterday? [Likert 0–10: 0 = At no time, 10 = All the time]
15. Loneliness: How lonely or unsupported did you feel yesterday? [Likert 0–10: 0 = At no time, 10 = All the time]
16. Emotional Regulation Frequency: Next, you will be asked questions about your emotional state. Please answer on a scale of 0 to 4, where 0 is never, 1 is 'almost never', 2 is 'sometimes', 3 is 'fairly often', and 4 is 'very often', how often you experienced the following feelings during the last month: [Likert 0–4]
    - Upset by Unexpected Events: how often have you been upset because of something that happened unexpectedly?
    - Unable to Control Important Things: how often have you felt that you were unable to control the important things in your life?
    - Nervous and Stressed: how often have you felt nervous and stressed?
    - Lacked Confidence Handling Problems: how often have you felt confident about your ability to handle your personal problems?
    - Things Going Your Way: how often have you felt that things were going your way?
    - Unable to Cope: how often have you found that you could not cope with all the things that you had to do?
    - Irritated by Life: how often have you been able to control irritations in your life?
    - On Top of Things: how often have you felt that you were on top of things?
    - Angered by Uncontrollable Events: how often have you been angered because of things that happened that were outside of your control?
    - Felt Overwhelmed: how often have you felt difficulties were piling up so high that you could not overcome them?
17. Anxiety Symptoms Frequency: Next, you will be asked questions about your emotional state. Please answer on a scale of 0 to 3, where 0 is 'Not at all', 1 is 'several days', 2 is 'more than half of the days', and 3 is 'Nearly every day'. Over the last two weeks, how often have you been bothered by the following problems? [Likert 0–3]
    - Feeling Nervous or On Edge: Feeling nervous, anxious, or on edge
    - Uncontrollable Worrying: Not being able to stop or control worrying
    - Excessive Worry: Worrying too much about different things
    - Trouble Relaxing: Trouble relaxing
    - Restlessness: Being so restless that it is hard to sit still
    - Irritability: Becoming easily annoyed or irritable
    - Fear Something Awful Might Happen: Feeling afraid, as if something awful might happen
18. Depressive Symptoms Frequency: Next, you will be asked questions about your emotional state. Please answer on a scale of 0 to 3, where 0 is 'Not at all', 1 is 'several days', 2 is 'more than half of the days', and 3 is 'Nearly every day'. Over the last two weeks, how often have you been bothered by the following problems?
    - Anhedonia: Little interest or pleasure in doing things
    - Depressed Mood: Feeling down, depressed, or hopeless
    - Sleep Problems: Trouble falling or staying asleep, or sleeping too much
    - Fatigue: Feeling tired or having little energy
    - Appetite Changes: Poor appetite or overeating
    - Feelings of Worthlessness: Feeling bad about yourself or that you are a failure or have let yourself or your family down
    - Concentration Difficulties: Trouble concentrating on things, such as reading the newspaper or watching television
    - Psychomotor Changes: Moving or speaking so slowly that other people could have noticed. Or the opposite — being so fidgety or restless that you have been moving around a lot more than usual
    - Suicidal Thoughts: Thoughts that you would be better off dead, or of hurting yourself

Responses:
==================================================

Respondent 119:
- Year of birth: 2004.0
- Gender: 1.0
- Socio-economic status: 1.0
- Ethnic identity: 6.0
- Life satisfaction: 4.0
- Happiness: 8.0
- Laughter: 8.0
- Learning: 8.0
- Enjoyment: 8.0
- Worry: 1.0
- Depression: 1.0
- Anger: 2.0
- Stress: 2.0
- Loneliness: 2.0
- Emotional Regulation Frequency:
  - Upset by Unexpected Events: 2.0
  - Unable to Control Important Things: 2.0
  - Lacked Confidence Handling Problems: 2.0
  - Unable to Cope: 2.0
  - Irritated by Life: 2.0
  - On Top of Things: 2.0
- Anxiety Symptoms Frequency:
  - Feeling Nervous or On Edge: 1.0
  - Trouble Relaxing: 1.0
  - Restlessness: 1.0
  - Irritability: 1.0
  - Fear Something Awful Might Happen: 1.0
- Depressive Symptoms Frequency:
  - Anhedonia: 1.0
  - Sleep Problems: 1.0
  - Fatigue: 1.0
  - Appetite Changes: 0.0
  - Feelings of Worthlessness: 1.0
  - Concentration Difficulties: 0.0
  - Suicidal Thoughts: 0.0

Respondent 116:
- Year of birth: 2004.0
- Gender: 1.0
- Socio-economic status: 5.0
- Ethnic identity: 6.0
- Parental Education:
  - Father: 17.0
  - Mother: 17.0
- Life satisfaction: 8.0
- Happiness: 8.0
- Laughter: 7.0
- Learning: 7.0
- Enjoyment: 9.0
- Worry: 1.0
- Depression: 1.0
- Anger: 2.0
- Stress: 3.0
- Loneliness: 1.0
- Emotional Regulation Frequency:
  - Upset by Unexpected Events: 2.0
  - Unable to Control Important Things: 2.0
  - Lacked Confidence Handling Problems: 3.0
  - Unable to Cope: 2.0
  - Irritated by Life: 3.0
  - On Top of Things: 2.0
- Anxiety Symptoms Frequency:
  - Feeling Nervous or On Edge: 2.0
  - Trouble Relaxing: 1.0
  - Restlessness: 2.0
  - Irritability: 1.0
  - Fear Something Awful Might Happen: 2.0
- Depressive Symptoms Frequency:
  - Anhedonia: 1.0
  - Sleep Problems: 0.0
  - Fatigue: 2.0
  - Appetite Changes: 2.0
  - Feelings of Worthlessness: 1.0
  - Concentration Difficulties: 2.0
  - Suicidal Thoughts: 0.0

Answer: 2

Survey Data
==================================================

Questions:
1. Year of birth: What is your date of birth? [Open-ended]
2. Gender: What is your gender? [MCQ: 1. Male 2. Female]
3. Socio-economic status: What is the socio-economic status of your home? [Likert 1–6: 1 = Very low, 6 = Very high]
4. Ethnic identity: According to your culture, people, or physical features, you are or are recognized as: [MCQ: 1. Indigenous 2. Gypsy 3. Raizal from San Andres, Providencia and Santa Catalina Archipelago 4. Palenquero from San Basilio 5. Black, mulatto (Afro-descendant), Afro-Colombian 6. None of the above]
5. Parental Education: How many years of education did your parents receive? [Open-ended]
   - Father: Father?
   - Mother: Mother?
6. Life satisfaction: In general, how satisfied are you with all aspects of your life? [Likert 0–10: 0 = Not satisfied, 10 = Totally satisfied]
7. Happiness: How happy did you feel yesterday? [Likert 0–10: 0 = At no time, 10 = All the time]
8. Laughter: How much did you laugh yesterday? [Likert 0–10: 0 = At no time, 10 = All the time]
9. Learning: Did you learn new or exciting things yesterday? [Likert 0–10: 0 = At no time, 10 = All the time]
10. Enjoyment: How much did you enjoy the activities you did yesterday? [Likert 0–10: 0 = At no time, 10 = All the time]
11. Worry: How worried did you feel yesterday? [Likert 0–10: 0 = At no time, 10 = All the time]
12. Depression: How depressed did you feel yesterday? [Likert 0–10: 0 = At no time, 10 = All the time]
13. Anger: How angry did you feel yesterday? [Likert 0–10: 0 = At no time, 10 = All the time]
14. Stress: How much stress did you feel yesterday? [Likert 0–10: 0 = At no time, 10 = All the time]
15. Loneliness: How lonely or unsupported did you feel yesterday? [Likert 0–10: 0 = At no time, 10 = All the time]
16. Emotional Regulation Frequency: Next, you will be asked questions about your emotional state. Please answer on a scale of 0 to 4, where 0 is never, 1 is 'almost never', 2 is 'sometimes', 3 is 'fairly often', and 4 is 'very often', how often you experienced the following feelings during the last month: [Likert 0–4]
    - Upset by Unexpected Events: how often have you been upset because of something that happened unexpectedly?
    - Unable to Control Important Things: how often have you felt that you were unable to control the important things in your life?
    - Nervous and Stressed: how often have you felt nervous and stressed?
    - Lacked Confidence Handling Problems: how often have you felt confident about your ability to handle your personal problems?
    - Things Going Your Way: how often have you felt that things were going your way?
    - Unable to Cope: how often have you found that you could not cope with all the things that you had to do?
    - Irritated by Life: how often have you been able to control irritations in your life?
    - On Top of Things: how often have you felt that you were on top of things?
    - Angered by Uncontrollable Events: how often have you been angered because of things that happened that were outside of your control?
    - Felt Overwhelmed: how often have you felt difficulties were piling up so high that you could not overcome them?
17. Anxiety Symptoms Frequency: Next, you will be asked questions about your emotional state. Please answer on a scale of 0 to 3, where 0 is 'Not at all', 1 is 'several days', 2 is 'more than half of the days', and 3 is 'Nearly every day'. Over the last two weeks, how often have you been bothered by the following problems? [Likert 0–3]
    - Feeling Nervous or On Edge: Feeling nervous, anxious, or on edge
    - Uncontrollable Worrying: Not being able to stop or control worrying
    - Excessive Worry: Worrying too much about different things
    - Trouble Relaxing: Trouble relaxing
    - Restlessness: Being so restless that it is hard to sit still
    - Irritability: Becoming easily annoyed or irritable
    - Fear Something Awful Might Happen: Feeling afraid, as if something awful might happen
18. Depressive Symptoms Frequency: Next, you will be asked questions about your emotional state. Please answer on a scale of 0 to 3, where 0 is 'Not at all', 1 is 'several days', 2 is 'more than half of the days', and 3 is 'Nearly every day'. Over the last two weeks, how often have you been bothered by the following problems?
    - Anhedonia: Little interest or pleasure in doing things
    - Depressed Mood: Feeling down, depressed, or hopeless
    - Sleep Problems: Trouble falling or staying asleep, or sleeping too much
    - Fatigue: Feeling tired or having little energy
    - Appetite Changes: Poor appetite or overeating
    - Feelings of Worthlessness: Feeling bad about yourself or that you are a failure or have let yourself or your family down
    - Concentration Difficulties: Trouble concentrating on things, such as reading the newspaper or watching television
    - Psychomotor Changes: Moving or speaking so slowly that other people could have noticed. Or the opposite — being so fidgety or restless that you have been moving around a lot more than usual
    - Suicidal Thoughts: Thoughts that you would be better off dead, or of hurting yourself

Responses:
==================================================

Respondent 99:
- Year of birth: 2003.0
- Gender: 1.0
- Socio-economic status: 6.0
- Ethnic identity: 6.0
- Life satisfaction: 8.0
- Happiness: 9.0
- Laughter: 7.0
- Learning: 9.0
- Enjoyment: 7.0
- Worry: 1.0
- Depression: 0.0
- Anger: 2.0
- Stress: 2.0
- Loneliness: 1.0
- Emotional Regulation Frequency:
  - Upset by Unexpected Events: 2.0
  - Unable to Control Important Things: 1.0
  - Lacked Confidence Handling Problems: 2.0
  - Unable to Cope: 1.0
  - Irritated by Life: 3.0
  - On Top of Things: 3.0
- Anxiety Symptoms Frequency:
  - Feeling Nervous or On Edge: 1.0
  - Trouble Relaxing: 1.0
  - Restlessness: 0.0
  - Irritability: 1.0
  - Fear Something Awful Might Happen: 0.0
- Depressive Symptoms Frequency:
  - Anhedonia: 0.0
  - Sleep Problems: 0.0
  - Fatigue: 1.0
  - Appetite Changes: 0.0
  - Feelings of Worthlessness: 0.0
  - Concentration Difficulties: 1.0
  - Suicidal Thoughts: 0.0

Respondent 72:
- Year of birth: 2002.0
- Gender: 1.0
- Socio-economic status: 3.0
- Ethnic identity: 6.0
- Life satisfaction: 6.0
- Happiness: 6.0
- Laughter: 7.0
- Learning: 4.0
- Enjoyment: 5.0
- Worry: 1.0
- Depression: 0.0
- Anger: 0.0
- Stress: 1.0
- Loneliness: 0.0
- Emotional Regulation Frequency:
  - Upset by Unexpected Events: 2.0
  - Unable to Control Important Things: 2.0
  - Lacked Confidence Handling Problems: 3.0
  - Unable to Cope: 2.0
  - Irritated by Life: 3.0
  - On Top of Things: 2.0
- Anxiety Symptoms Frequency:
  - Feeling Nervous or On Edge: 1.0
  - Trouble Relaxing: 1.0
  - Restlessness: 0.0
  - Irritability: 0.0
  - Fear Something Awful Might Happen: 0.0
- Depressive Symptoms Frequency:
  - Anhedonia: 1.0
  - Sleep Problems: 1.0
  - Fatigue: 1.0
  - Appetite Changes: 0.0
  - Feelings of Worthlessness: 0.0
  - Concentration Difficulties: 1.0
  - Suicidal Thoughts: 0.0

Respondent 4:
- Year of birth: 2001.0
- Gender: 2.0
- Socio-economic status: 5.0
- Ethnic identity: 6.0
- Parental Education:
  - Father: 20.0
  - Mother: 16.0
- Life satisfaction: 10.0
- Happiness: 8.0
- Laughter: 10.0
- Learning: 10.0
- Enjoyment: 10.0
- Worry: 1.0
- Depression: 1.0
- Anger: 2.0
- Stress: 2.0
- Loneliness: 0.0
- Emotional Regulation Frequency:
  - Upset by Unexpected Events: 3.0
  - Unable to Control Important Things: 3.0
  - Lacked Confidence Handling Problems: 4.0
  - Unable to Cope: 2.0
  - Irritated by Life: 3.0
  - On Top of Things: 3.0
- Anxiety Symptoms Frequency:
  - Feeling Nervous or On Edge: 0.0
  - Trouble Relaxing: 0.0
  - Restlessness: 0.0
  - Irritability: 1.0
  - Fear Something Awful Might Happen: 0.0
- Depressive Symptoms Frequency:
  - Anhedonia: 3.0
  - Sleep Problems: 0.0
  - Fatigue: 3.0
  - Appetite Changes: 1.0
  - Feelings of Worthlessness: 0.0
  - Concentration Difficulties: 0.0
  - Suicidal Thoughts: 0.0

Respondent 42:
- Year of birth: 2004.0
- Gender: 2.0
- Socio-economic status: 5.0
- Ethnic identity: 5.0
- Parental Education:
  - Father: 19.0
  - Mother: 28.0
- Life satisfaction: 7.0
- Happiness: 4.0
- Laughter: 9.0
- Learning: 7.0
- Enjoyment: 1.0
- Worry: 3.0
- Depression: 1.0
- Anger: 3.0
- Stress: 4.0
- Loneliness: 10.0
- Emotional Regulation Frequency:
  - Upset by Unexpected Events: 3.0
  - Unable to Control Important Things: 4.0
  - Lacked Confidence Handling Problems: 2.0
  - Unable to Cope: 4.0
  - Irritated by Life: 2.0
  - On Top of Things: 2.0
- Anxiety Symptoms Frequency:
  - Feeling Nervous or On Edge: 2.0
  - Trouble Relaxing: 1.0
  - Restlessness: 1.0
  - Irritability: 2.0
  - Fear Something Awful Might Happen: 3.0
- Depressive Symptoms Frequency:
  - Anhedonia: 3.0
  - Sleep Problems: 2.0
  - Fatigue: 3.0
  - Appetite Changes: 2.0
  - Feelings of Worthlessness: 3.0
  - Concentration Difficulties: 3.0
  - Suicidal Thoughts: 1.0

Respondent 23:
- Year of birth: 2002.0
- Gender: 1.0
- Socio-economic status: 4.0
- Ethnic identity: 6.0
- Parental Education:
  - Father: 17.0
  - Mother: 17.0
- Life satisfaction: 5.0
- Happiness: 4.0
- Laughter: 4.0
- Learning: 2.0
- Enjoyment: 6.0
- Worry: 3.0
- Depression: 1.0
- Anger: 3.0
- Stress: 4.0
- Loneliness: 6.0
- Emotional Regulation Frequency:
  - Upset by Unexpected Events: 3.0
  - Unable to Control Important Things: 3.0
  - Lacked Confidence Handling Problems: 1.0
  - Unable to Cope: 4.0
  - Irritated by Life: 3.0
  - On Top of Things: 2.0
- Anxiety Symptoms Frequency:
  - Feeling Nervous or On Edge: 2.0
  - Trouble Relaxing: 2.0
  - Restlessness: 1.0
  - Irritability: 1.0
  - Fear Something Awful Might Happen: 3.0
- Depressive Symptoms Frequency:
  - Anhedonia: 1.0
  - Sleep Problems: 1.0
  - Fatigue: 1.0
  - Appetite Changes: 1.0
  - Feelings of Worthlessness: 2.0
  - Concentration Difficulties: 2.0
  - Suicidal Thoughts: 0.0

Respondent 62:
- Year of birth: 2005.0
- Gender: 1.0
- Socio-economic status: 3.0
- Ethnic identity: 6.0
- Life satisfaction: 7.0
- Happiness: 9.0
- Laughter: 8.0
- Learning: 9.0
- Enjoyment: 7.0
- Worry: 1.0
- Depression: 0.0
- Anger: 1.0
- Stress: 2.0
- Loneliness: 0.0
- Emotional Regulation Frequency:
  - Upset by Unexpected Events: 2.0
  - Unable to Control Important Things: 2.0
  - Lacked Confidence Handling Problems: 3.0
  - Unable to Cope: 2.0
  - Irritated by Life: 3.0
  - On Top of Things: 2.0
- Anxiety Symptoms Frequency:
  - Feeling Nervous or On Edge: 1.0
  - Trouble Relaxing: 1.0
  - Restlessness: 0.0
  - Irritability: 1.0
  - Fear Something Awful Might Happen: 1.0
- Depressive Symptoms Frequency:
  - Anhedonia: 1.0
  - Sleep Problems: 1.0
  - Fatigue: 1.0
  - Appetite Changes: 0.0
  - Feelings of Worthlessness: 0.0
  - Concentration Difficulties: 1.0
  - Suicidal Thoughts: 0.0

You are a meticulous data analyst AI. Your primary function is to accurately analyze structured data and provide precise, verifiable answers.

You will be given a dataset with two key parts:

A 'questions' section: This is your data dictionary or schema. It is the single source of truth for understanding what each field and score means. Refer to it carefully.

A 'responses' section: This contains the raw data from each individual respondent.

To answer the question correctly, you must first use the 'questions' schema to fully understand the context and meaning of the data points within the 'responses'. Do not rely on any prior knowledge outside of this provided data. Base your entire analysis on the information given.

Provide your final answer directly and concisely. Output must be the human-readable value, not an option code.

Rules:
- For MCQ fields, map any letter codes in the Responses (case-insensitive) to the corresponding option text from the Questions schema, and output only that text. Do NOT include the letter or both.
  Example: If the schema is ""[MCQ: A. Abnormal B. Inconclusive C. Normal]"" and the response is ""a"", output ""Abnormal"".
- For open-ended fields, output the exact text value.
- If the question asks for a count, provide only the number (e.g., ""42"").
- If the question asks for a list of names or IDs, provide a simple comma-separated list (e.g., ""17, 21, 23"").
- Preserve capitalization exactly as in the schema (e.g., output ""Abnormal"", not ""abnormal"" or ""A"").

How many respondents are there?",8,False
case_5,respondent_count,How many respondents are there?,"Survey Data
==================================================

Questions:
1. Year of birth: What is your date of birth? [Open-ended]
2. Gender: What is your gender? [MCQ: 1. Male 2. Female]
3. Socio-economic status: What is the socio-economic status of your home? [Likert 1–6: 1 = Very low, 6 = Very high]
4. Ethnic identity: According to your culture, people, or physical features, you are or are recognized as: [MCQ: 1. Indigenous 2. Gypsy 3. Raizal from San Andres, Providencia and Santa Catalina Archipelago 4. Palenquero from San Basilio 5. Black, mulatto (Afro-descendant), Afro-Colombian 6. None of the above]
5. Parental Education: How many years of education did your parents receive? [Open-ended]
   - Father: Father?
   - Mother: Mother?
6. Life satisfaction: In general, how satisfied are you with all aspects of your life? [Likert 0–10: 0 = Not satisfied, 10 = Totally satisfied]
7. Happiness: How happy did you feel yesterday? [Likert 0–10: 0 = At no time, 10 = All the time]
8. Laughter: How much did you laugh yesterday? [Likert 0–10: 0 = At no time, 10 = All the time]
9. Learning: Did you learn new or exciting things yesterday? [Likert 0–10: 0 = At no time, 10 = All the time]
10. Enjoyment: How much did you enjoy the activities you did yesterday? [Likert 0–10: 0 = At no time, 10 = All the time]
11. Worry: How worried did you feel yesterday? [Likert 0–10: 0 = At no time, 10 = All the time]
12. Depression: How depressed did you feel yesterday? [Likert 0–10: 0 = At no time, 10 = All the time]
13. Anger: How angry did you feel yesterday? [Likert 0–10: 0 = At no time, 10 = All the time]
14. Stress: How much stress did you feel yesterday? [Likert 0–10: 0 = At no time, 10 = All the time]
15. Loneliness: How lonely or unsupported did you feel yesterday? [Likert 0–10: 0 = At no time, 10 = All the time]
16. Emotional Regulation Frequency: Next, you will be asked questions about your emotional state. Please answer on a scale of 0 to 4, where 0 is never, 1 is 'almost never', 2 is 'sometimes', 3 is 'fairly often', and 4 is 'very often', how often you experienced the following feelings during the last month: [Likert 0–4]
    - Upset by Unexpected Events: how often have you been upset because of something that happened unexpectedly?
    - Unable to Control Important Things: how often have you felt that you were unable to control the important things in your life?
    - Nervous and Stressed: how often have you felt nervous and stressed?
    - Lacked Confidence Handling Problems: how often have you felt confident about your ability to handle your personal problems?
    - Things Going Your Way: how often have you felt that things were going your way?
    - Unable to Cope: how often have you found that you could not cope with all the things that you had to do?
    - Irritated by Life: how often have you been able to control irritations in your life?
    - On Top of Things: how often have you felt that you were on top of things?
    - Angered by Uncontrollable Events: how often have you been angered because of things that happened that were outside of your control?
    - Felt Overwhelmed: how often have you felt difficulties were piling up so high that you could not overcome them?
17. Anxiety Symptoms Frequency: Next, you will be asked questions about your emotional state. Please answer on a scale of 0 to 3, where 0 is 'Not at all', 1 is 'several days', 2 is 'more than half of the days', and 3 is 'Nearly every day'. Over the last two weeks, how often have you been bothered by the following problems? [Likert 0–3]
    - Feeling Nervous or On Edge: Feeling nervous, anxious, or on edge
    - Uncontrollable Worrying: Not being able to stop or control worrying
    - Excessive Worry: Worrying too much about different things
    - Trouble Relaxing: Trouble relaxing
    - Restlessness: Being so restless that it is hard to sit still
    - Irritability: Becoming easily annoyed or irritable
    - Fear Something Awful Might Happen: Feeling afraid, as if something awful might happen
18. Depressive Symptoms Frequency: Next, you will be asked questions about your emotional state. Please answer on a scale of 0 to 3, where 0 is 'Not at all', 1 is 'several days', 2 is 'more than half of the days', and 3 is 'Nearly every day'. Over the last two weeks, how often have you been bothered by the following problems?
    - Anhedonia: Little interest or pleasure in doing things
    - Depressed Mood: Feeling down, depressed, or hopeless
    - Sleep Problems: Trouble falling or staying asleep, or sleeping too much
    - Fatigue: Feeling tired or having little energy
    - Appetite Changes: Poor appetite or overeating
    - Feelings of Worthlessness: Feeling bad about yourself or that you are a failure or have let yourself or your family down
    - Concentration Difficulties: Trouble concentrating on things, such as reading the newspaper or watching television
    - Psychomotor Changes: Moving or speaking so slowly that other people could have noticed. Or the opposite — being so fidgety or restless that you have been moving around a lot more than usual
    - Suicidal Thoughts: Thoughts that you would be better off dead, or of hurting yourself

Responses:
==================================================

Respondent 41:
- Year of birth: 2002.0
- Gender: 1.0
- Socio-economic status: 5.0
- Ethnic identity: 6.0
- Parental Education:
  - Father: 10.0
  - Mother: 15.0
- Life satisfaction: 3.0
- Happiness: 2.0
- Laughter: 2.0
- Learning: 8.0
- Enjoyment: 6.0
- Worry: 2.0
- Depression: 3.0
- Anger: 3.0
- Stress: 4.0
- Loneliness: 10.0
- Emotional Regulation Frequency:
  - Upset by Unexpected Events: 4.0
  - Unable to Control Important Things: 2.0
  - Lacked Confidence Handling Problems: 4.0
  - Unable to Cope: 1.0
  - Irritated by Life: 2.0
  - On Top of Things: 1.0
- Anxiety Symptoms Frequency:
  - Feeling Nervous or On Edge: 2.0
  - Trouble Relaxing: 3.0
  - Restlessness: 2.0
  - Irritability: 1.0
  - Fear Something Awful Might Happen: 3.0
- Depressive Symptoms Frequency:
  - Anhedonia: 3.0
  - Sleep Problems: 3.0
  - Fatigue: 1.0
  - Appetite Changes: 3.0
  - Feelings of Worthlessness: 3.0
  - Concentration Difficulties: 3.0
  - Suicidal Thoughts: 1.0

Respondent 25:
- Year of birth: 2003.0
- Gender: 2.0
- Socio-economic status: 3.0
- Ethnic identity: 1.0
- Life satisfaction: 3.0
- Happiness: 2.0
- Laughter: 1.0
- Learning: 1.0
- Enjoyment: 2.0
- Worry: 0.0
- Depression: 3.0
- Anger: 3.0
- Stress: 3.0
- Loneliness: 8.0
- Emotional Regulation Frequency:
  - Upset by Unexpected Events: 2.0
  - Unable to Control Important Things: 2.0
  - Lacked Confidence Handling Problems: 4.0
  - Unable to Cope: 3.0
  - Irritated by Life: 2.0
  - On Top of Things: 1.0
- Anxiety Symptoms Frequency:
  - Feeling Nervous or On Edge: 3.0
  - Trouble Relaxing: 3.0
  - Restlessness: 3.0
  - Irritability: 3.0
  - Fear Something Awful Might Happen: 2.0
- Depressive Symptoms Frequency:
  - Anhedonia: 3.0
  - Sleep Problems: 0.0
  - Fatigue: 3.0
  - Appetite Changes: 3.0
  - Feelings of Worthlessness: 1.0
  - Concentration Difficulties: 3.0
  - Suicidal Thoughts: 0.0

Respondent 35:
- Year of birth: 2002.0
- Gender: 1.0
- Socio-economic status: 3.0
- Ethnic identity: 6.0
- Parental Education:
  - Father: 18.0
  - Mother: 16.0
- Life satisfaction: 10.0
- Happiness: 8.0
- Laughter: 8.0
- Learning: 6.0
- Enjoyment: 10.0
- Worry: 1.0
- Depression: 0.0
- Anger: 3.0
- Stress: 3.0
- Loneliness: 0.0
- Emotional Regulation Frequency:
  - Upset by Unexpected Events: 1.0
  - Unable to Control Important Things: 1.0
  - Lacked Confidence Handling Problems: 4.0
  - Unable to Cope: 4.0
  - Irritated by Life: 4.0
  - On Top of Things: 4.0
- Anxiety Symptoms Frequency:
  - Feeling Nervous or On Edge: 1.0
  - Trouble Relaxing: 0.0
  - Restlessness: 1.0
  - Irritability: 1.0
  - Fear Something Awful Might Happen: 1.0
- Depressive Symptoms Frequency:
  - Anhedonia: 1.0
  - Sleep Problems: 1.0
  - Fatigue: 2.0
  - Appetite Changes: 0.0
  - Feelings of Worthlessness: 0.0
  - Concentration Difficulties: 0.0
  - Suicidal Thoughts: 0.0

Respondent 115:
- Year of birth: 2003.0
- Gender: 1.0
- Socio-economic status: 5.0
- Ethnic identity: 6.0
- Parental Education:
  - Father: 19.0
  - Mother: 23.0
- Life satisfaction: 9.0
- Happiness: 0.0
- Laughter: 0.0
- Learning: 10.0
- Enjoyment: 5.0
- Worry: 3.0
- Depression: 1.0
- Anger: 2.0
- Stress: 4.0
- Loneliness: 9.0
- Emotional Regulation Frequency:
  - Upset by Unexpected Events: 2.0
  - Unable to Control Important Things: 1.0
  - Lacked Confidence Handling Problems: 3.0
  - Unable to Cope: 1.0
  - Irritated by Life: 4.0
  - On Top of Things: 4.0
- Anxiety Symptoms Frequency:
  - Feeling Nervous or On Edge: 3.0
  - Trouble Relaxing: 2.0
  - Restlessness: 2.0
  - Irritability: 1.0
  - Fear Something Awful Might Happen: 3.0
- Depressive Symptoms Frequency:
  - Anhedonia: 1.0
  - Sleep Problems: 0.0
  - Fatigue: 1.0
  - Appetite Changes: 0.0
  - Feelings of Worthlessness: 1.0
  - Concentration Difficulties: 2.0
  - Suicidal Thoughts: 0.0

Respondent 56:
- Year of birth: 2001.0
- Gender: 2.0
- Socio-economic status: 3.0
- Ethnic identity: 5.0
- Parental Education:
  - Father: 16.0
  - Mother: 16.0
- Life satisfaction: 9.0
- Happiness: 10.0
- Laughter: 10.0
- Learning: 8.0
- Enjoyment: 10.0
- Worry: 1.0
- Depression: 0.0
- Anger: 2.0
- Stress: 3.0
- Loneliness: 0.0
- Emotional Regulation Frequency:
  - Upset by Unexpected Events: 1.0
  - Unable to Control Important Things: 2.0
  - Lacked Confidence Handling Problems: 2.0
  - Unable to Cope: 2.0
  - Irritated by Life: 4.0
  - On Top of Things: 3.0
- Anxiety Symptoms Frequency:
  - Feeling Nervous or On Edge: 3.0
  - Trouble Relaxing: 0.0
  - Restlessness: 0.0
  - Irritability: 0.0
  - Fear Something Awful Might Happen: 0.0
- Depressive Symptoms Frequency:
  - Anhedonia: 0.0
  - Sleep Problems: 0.0
  - Fatigue: 1.0
  - Appetite Changes: 0.0
  - Feelings of Worthlessness: 0.0
  - Concentration Difficulties: 0.0
  - Suicidal Thoughts: 0.0

Respondent 10:
- Year of birth: 2002.0
- Gender: 1.0
- Socio-economic status: 3.0
- Ethnic identity: 6.0
- Parental Education:
  - Father: 5.0
  - Mother: 10.0
- Life satisfaction: 9.0
- Happiness: 9.0
- Laughter: 8.0
- Learning: 8.0
- Enjoyment: 9.0
- Worry: 0.0
- Depression: 0.0
- Anger: 0.0
- Stress: 1.0
- Loneliness: 0.0
- Emotional Regulation Frequency:
  - Upset by Unexpected Events: 1.0
  - Unable to Control Important Things: 1.0
  - Lacked Confidence Handling Problems: 4.0
  - Unable to Cope: 1.0
  - Irritated by Life: 3.0
  - On Top of Things: 3.0
- Anxiety Symptoms Frequency:
  - Feeling Nervous or On Edge: 1.0
  - Trouble Relaxing: 0.0
  - Restlessness: 0.0
  - Irritability: 0.0
  - Fear Something Awful Might Happen: 0.0
- Depressive Symptoms Frequency:
  - Anhedonia: 0.0
  - Sleep Problems: 0.0
  - Fatigue: 0.0
  - Appetite Changes: 0.0
  - Feelings of Worthlessness: 0.0
  - Concentration Difficulties: 0.0
  - Suicidal Thoughts: 0.0
",6,"How many respondents are there?

DATA:

Survey Data
==================================================

Questions:
1. Year of birth: What is your date of birth? [Open-ended]
2. Gender: What is your gender? [MCQ: 1. Male 2. Female]
3. Socio-economic status: What is the socio-economic status of your home? [Likert 1–6: 1 = Very low, 6 = Very high]
4. Ethnic identity: According to your culture, people, or physical features, you are or are recognized as: [MCQ: 1. Indigenous 2. Gypsy 3. Raizal from San Andres, Providencia and Santa Catalina Archipelago 4. Palenquero from San Basilio 5. Black, mulatto (Afro-descendant), Afro-Colombian 6. None of the above]
5. Parental Education: How many years of education did your parents receive? [Open-ended]
   - Father: Father?
   - Mother: Mother?
6. Life satisfaction: In general, how satisfied are you with all aspects of your life? [Likert 0–10: 0 = Not satisfied, 10 = Totally satisfied]
7. Happiness: How happy did you feel yesterday? [Likert 0–10: 0 = At no time, 10 = All the time]
8. Laughter: How much did you laugh yesterday? [Likert 0–10: 0 = At no time, 10 = All the time]
9. Learning: Did you learn new or exciting things yesterday? [Likert 0–10: 0 = At no time, 10 = All the time]
10. Enjoyment: How much did you enjoy the activities you did yesterday? [Likert 0–10: 0 = At no time, 10 = All the time]
11. Worry: How worried did you feel yesterday? [Likert 0–10: 0 = At no time, 10 = All the time]
12. Depression: How depressed did you feel yesterday? [Likert 0–10: 0 = At no time, 10 = All the time]
13. Anger: How angry did you feel yesterday? [Likert 0–10: 0 = At no time, 10 = All the time]
14. Stress: How much stress did you feel yesterday? [Likert 0–10: 0 = At no time, 10 = All the time]
15. Loneliness: How lonely or unsupported did you feel yesterday? [Likert 0–10: 0 = At no time, 10 = All the time]
16. Emotional Regulation Frequency: Next, you will be asked questions about your emotional state. Please answer on a scale of 0 to 4, where 0 is never, 1 is 'almost never', 2 is 'sometimes', 3 is 'fairly often', and 4 is 'very often', how often you experienced the following feelings during the last month: [Likert 0–4]
    - Upset by Unexpected Events: how often have you been upset because of something that happened unexpectedly?
    - Unable to Control Important Things: how often have you felt that you were unable to control the important things in your life?
    - Nervous and Stressed: how often have you felt nervous and stressed?
    - Lacked Confidence Handling Problems: how often have you felt confident about your ability to handle your personal problems?
    - Things Going Your Way: how often have you felt that things were going your way?
    - Unable to Cope: how often have you found that you could not cope with all the things that you had to do?
    - Irritated by Life: how often have you been able to control irritations in your life?
    - On Top of Things: how often have you felt that you were on top of things?
    - Angered by Uncontrollable Events: how often have you been angered because of things that happened that were outside of your control?
    - Felt Overwhelmed: how often have you felt difficulties were piling up so high that you could not overcome them?
17. Anxiety Symptoms Frequency: Next, you will be asked questions about your emotional state. Please answer on a scale of 0 to 3, where 0 is 'Not at all', 1 is 'several days', 2 is 'more than half of the days', and 3 is 'Nearly every day'. Over the last two weeks, how often have you been bothered by the following problems? [Likert 0–3]
    - Feeling Nervous or On Edge: Feeling nervous, anxious, or on edge
    - Uncontrollable Worrying: Not being able to stop or control worrying
    - Excessive Worry: Worrying too much about different things
    - Trouble Relaxing: Trouble relaxing
    - Restlessness: Being so restless that it is hard to sit still
    - Irritability: Becoming easily annoyed or irritable
    - Fear Something Awful Might Happen: Feeling afraid, as if something awful might happen
18. Depressive Symptoms Frequency: Next, you will be asked questions about your emotional state. Please answer on a scale of 0 to 3, where 0 is 'Not at all', 1 is 'several days', 2 is 'more than half of the days', and 3 is 'Nearly every day'. Over the last two weeks, how often have you been bothered by the following problems?
    - Anhedonia: Little interest or pleasure in doing things
    - Depressed Mood: Feeling down, depressed, or hopeless
    - Sleep Problems: Trouble falling or staying asleep, or sleeping too much
    - Fatigue: Feeling tired or having little energy
    - Appetite Changes: Poor appetite or overeating
    - Feelings of Worthlessness: Feeling bad about yourself or that you are a failure or have let yourself or your family down
    - Concentration Difficulties: Trouble concentrating on things, such as reading the newspaper or watching television
    - Psychomotor Changes: Moving or speaking so slowly that other people could have noticed. Or the opposite — being so fidgety or restless that you have been moving around a lot more than usual
    - Suicidal Thoughts: Thoughts that you would be better off dead, or of hurting yourself

Responses:
==================================================

Respondent 119:
- Year of birth: 2004.0
- Gender: 1.0
- Socio-economic status: 1.0
- Ethnic identity: 6.0
- Life satisfaction: 4.0
- Happiness: 8.0
- Laughter: 8.0
- Learning: 8.0
- Enjoyment: 8.0
- Worry: 1.0
- Depression: 1.0
- Anger: 2.0
- Stress: 2.0
- Loneliness: 2.0
- Emotional Regulation Frequency:
  - Upset by Unexpected Events: 2.0
  - Unable to Control Important Things: 2.0
  - Lacked Confidence Handling Problems: 2.0
  - Unable to Cope: 2.0
  - Irritated by Life: 2.0
  - On Top of Things: 2.0
- Anxiety Symptoms Frequency:
  - Feeling Nervous or On Edge: 1.0
  - Trouble Relaxing: 1.0
  - Restlessness: 1.0
  - Irritability: 1.0
  - Fear Something Awful Might Happen: 1.0
- Depressive Symptoms Frequency:
  - Anhedonia: 1.0
  - Sleep Problems: 1.0
  - Fatigue: 1.0
  - Appetite Changes: 0.0
  - Feelings of Worthlessness: 1.0
  - Concentration Difficulties: 0.0
  - Suicidal Thoughts: 0.0

Respondent 116:
- Year of birth: 2004.0
- Gender: 1.0
- Socio-economic status: 5.0
- Ethnic identity: 6.0
- Parental Education:
  - Father: 17.0
  - Mother: 17.0
- Life satisfaction: 8.0
- Happiness: 8.0
- Laughter: 7.0
- Learning: 7.0
- Enjoyment: 9.0
- Worry: 1.0
- Depression: 1.0
- Anger: 2.0
- Stress: 3.0
- Loneliness: 1.0
- Emotional Regulation Frequency:
  - Upset by Unexpected Events: 2.0
  - Unable to Control Important Things: 2.0
  - Lacked Confidence Handling Problems: 3.0
  - Unable to Cope: 2.0
  - Irritated by Life: 3.0
  - On Top of Things: 2.0
- Anxiety Symptoms Frequency:
  - Feeling Nervous or On Edge: 2.0
  - Trouble Relaxing: 1.0
  - Restlessness: 2.0
  - Irritability: 1.0
  - Fear Something Awful Might Happen: 2.0
- Depressive Symptoms Frequency:
  - Anhedonia: 1.0
  - Sleep Problems: 0.0
  - Fatigue: 2.0
  - Appetite Changes: 2.0
  - Feelings of Worthlessness: 1.0
  - Concentration Difficulties: 2.0
  - Suicidal Thoughts: 0.0

Answer: 2

Survey Data
==================================================

Questions:
1. Year of birth: What is your date of birth? [Open-ended]
2. Gender: What is your gender? [MCQ: 1. Male 2. Female]
3. Socio-economic status: What is the socio-economic status of your home? [Likert 1–6: 1 = Very low, 6 = Very high]
4. Ethnic identity: According to your culture, people, or physical features, you are or are recognized as: [MCQ: 1. Indigenous 2. Gypsy 3. Raizal from San Andres, Providencia and Santa Catalina Archipelago 4. Palenquero from San Basilio 5. Black, mulatto (Afro-descendant), Afro-Colombian 6. None of the above]
5. Parental Education: How many years of education did your parents receive? [Open-ended]
   - Father: Father?
   - Mother: Mother?
6. Life satisfaction: In general, how satisfied are you with all aspects of your life? [Likert 0–10: 0 = Not satisfied, 10 = Totally satisfied]
7. Happiness: How happy did you feel yesterday? [Likert 0–10: 0 = At no time, 10 = All the time]
8. Laughter: How much did you laugh yesterday? [Likert 0–10: 0 = At no time, 10 = All the time]
9. Learning: Did you learn new or exciting things yesterday? [Likert 0–10: 0 = At no time, 10 = All the time]
10. Enjoyment: How much did you enjoy the activities you did yesterday? [Likert 0–10: 0 = At no time, 10 = All the time]
11. Worry: How worried did you feel yesterday? [Likert 0–10: 0 = At no time, 10 = All the time]
12. Depression: How depressed did you feel yesterday? [Likert 0–10: 0 = At no time, 10 = All the time]
13. Anger: How angry did you feel yesterday? [Likert 0–10: 0 = At no time, 10 = All the time]
14. Stress: How much stress did you feel yesterday? [Likert 0–10: 0 = At no time, 10 = All the time]
15. Loneliness: How lonely or unsupported did you feel yesterday? [Likert 0–10: 0 = At no time, 10 = All the time]
16. Emotional Regulation Frequency: Next, you will be asked questions about your emotional state. Please answer on a scale of 0 to 4, where 0 is never, 1 is 'almost never', 2 is 'sometimes', 3 is 'fairly often', and 4 is 'very often', how often you experienced the following feelings during the last month: [Likert 0–4]
    - Upset by Unexpected Events: how often have you been upset because of something that happened unexpectedly?
    - Unable to Control Important Things: how often have you felt that you were unable to control the important things in your life?
    - Nervous and Stressed: how often have you felt nervous and stressed?
    - Lacked Confidence Handling Problems: how often have you felt confident about your ability to handle your personal problems?
    - Things Going Your Way: how often have you felt that things were going your way?
    - Unable to Cope: how often have you found that you could not cope with all the things that you had to do?
    - Irritated by Life: how often have you been able to control irritations in your life?
    - On Top of Things: how often have you felt that you were on top of things?
    - Angered by Uncontrollable Events: how often have you been angered because of things that happened that were outside of your control?
    - Felt Overwhelmed: how often have you felt difficulties were piling up so high that you could not overcome them?
17. Anxiety Symptoms Frequency: Next, you will be asked questions about your emotional state. Please answer on a scale of 0 to 3, where 0 is 'Not at all', 1 is 'several days', 2 is 'more than half of the days', and 3 is 'Nearly every day'. Over the last two weeks, how often have you been bothered by the following problems? [Likert 0–3]
    - Feeling Nervous or On Edge: Feeling nervous, anxious, or on edge
    - Uncontrollable Worrying: Not being able to stop or control worrying
    - Excessive Worry: Worrying too much about different things
    - Trouble Relaxing: Trouble relaxing
    - Restlessness: Being so restless that it is hard to sit still
    - Irritability: Becoming easily annoyed or irritable
    - Fear Something Awful Might Happen: Feeling afraid, as if something awful might happen
18. Depressive Symptoms Frequency: Next, you will be asked questions about your emotional state. Please answer on a scale of 0 to 3, where 0 is 'Not at all', 1 is 'several days', 2 is 'more than half of the days', and 3 is 'Nearly every day'. Over the last two weeks, how often have you been bothered by the following problems?
    - Anhedonia: Little interest or pleasure in doing things
    - Depressed Mood: Feeling down, depressed, or hopeless
    - Sleep Problems: Trouble falling or staying asleep, or sleeping too much
    - Fatigue: Feeling tired or having little energy
    - Appetite Changes: Poor appetite or overeating
    - Feelings of Worthlessness: Feeling bad about yourself or that you are a failure or have let yourself or your family down
    - Concentration Difficulties: Trouble concentrating on things, such as reading the newspaper or watching television
    - Psychomotor Changes: Moving or speaking so slowly that other people could have noticed. Or the opposite — being so fidgety or restless that you have been moving around a lot more than usual
    - Suicidal Thoughts: Thoughts that you would be better off dead, or of hurting yourself

Responses:
==================================================

Respondent 41:
- Year of birth: 2002.0
- Gender: 1.0
- Socio-economic status: 5.0
- Ethnic identity: 6.0
- Parental Education:
  - Father: 10.0
  - Mother: 15.0
- Life satisfaction: 3.0
- Happiness: 2.0
- Laughter: 2.0
- Learning: 8.0
- Enjoyment: 6.0
- Worry: 2.0
- Depression: 3.0
- Anger: 3.0
- Stress: 4.0
- Loneliness: 10.0
- Emotional Regulation Frequency:
  - Upset by Unexpected Events: 4.0
  - Unable to Control Important Things: 2.0
  - Lacked Confidence Handling Problems: 4.0
  - Unable to Cope: 1.0
  - Irritated by Life: 2.0
  - On Top of Things: 1.0
- Anxiety Symptoms Frequency:
  - Feeling Nervous or On Edge: 2.0
  - Trouble Relaxing: 3.0
  - Restlessness: 2.0
  - Irritability: 1.0
  - Fear Something Awful Might Happen: 3.0
- Depressive Symptoms Frequency:
  - Anhedonia: 3.0
  - Sleep Problems: 3.0
  - Fatigue: 1.0
  - Appetite Changes: 3.0
  - Feelings of Worthlessness: 3.0
  - Concentration Difficulties: 3.0
  - Suicidal Thoughts: 1.0

Respondent 25:
- Year of birth: 2003.0
- Gender: 2.0
- Socio-economic status: 3.0
- Ethnic identity: 1.0
- Life satisfaction: 3.0
- Happiness: 2.0
- Laughter: 1.0
- Learning: 1.0
- Enjoyment: 2.0
- Worry: 0.0
- Depression: 3.0
- Anger: 3.0
- Stress: 3.0
- Loneliness: 8.0
- Emotional Regulation Frequency:
  - Upset by Unexpected Events: 2.0
  - Unable to Control Important Things: 2.0
  - Lacked Confidence Handling Problems: 4.0
  - Unable to Cope: 3.0
  - Irritated by Life: 2.0
  - On Top of Things: 1.0
- Anxiety Symptoms Frequency:
  - Feeling Nervous or On Edge: 3.0
  - Trouble Relaxing: 3.0
  - Restlessness: 3.0
  - Irritability: 3.0
  - Fear Something Awful Might Happen: 2.0
- Depressive Symptoms Frequency:
  - Anhedonia: 3.0
  - Sleep Problems: 0.0
  - Fatigue: 3.0
  - Appetite Changes: 3.0
  - Feelings of Worthlessness: 1.0
  - Concentration Difficulties: 3.0
  - Suicidal Thoughts: 0.0

Respondent 35:
- Year of birth: 2002.0
- Gender: 1.0
- Socio-economic status: 3.0
- Ethnic identity: 6.0
- Parental Education:
  - Father: 18.0
  - Mother: 16.0
- Life satisfaction: 10.0
- Happiness: 8.0
- Laughter: 8.0
- Learning: 6.0
- Enjoyment: 10.0
- Worry: 1.0
- Depression: 0.0
- Anger: 3.0
- Stress: 3.0
- Loneliness: 0.0
- Emotional Regulation Frequency:
  - Upset by Unexpected Events: 1.0
  - Unable to Control Important Things: 1.0
  - Lacked Confidence Handling Problems: 4.0
  - Unable to Cope: 4.0
  - Irritated by Life: 4.0
  - On Top of Things: 4.0
- Anxiety Symptoms Frequency:
  - Feeling Nervous or On Edge: 1.0
  - Trouble Relaxing: 0.0
  - Restlessness: 1.0
  - Irritability: 1.0
  - Fear Something Awful Might Happen: 1.0
- Depressive Symptoms Frequency:
  - Anhedonia: 1.0
  - Sleep Problems: 1.0
  - Fatigue: 2.0
  - Appetite Changes: 0.0
  - Feelings of Worthlessness: 0.0
  - Concentration Difficulties: 0.0
  - Suicidal Thoughts: 0.0

Respondent 115:
- Year of birth: 2003.0
- Gender: 1.0
- Socio-economic status: 5.0
- Ethnic identity: 6.0
- Parental Education:
  - Father: 19.0
  - Mother: 23.0
- Life satisfaction: 9.0
- Happiness: 0.0
- Laughter: 0.0
- Learning: 10.0
- Enjoyment: 5.0
- Worry: 3.0
- Depression: 1.0
- Anger: 2.0
- Stress: 4.0
- Loneliness: 9.0
- Emotional Regulation Frequency:
  - Upset by Unexpected Events: 2.0
  - Unable to Control Important Things: 1.0
  - Lacked Confidence Handling Problems: 3.0
  - Unable to Cope: 1.0
  - Irritated by Life: 4.0
  - On Top of Things: 4.0
- Anxiety Symptoms Frequency:
  - Feeling Nervous or On Edge: 3.0
  - Trouble Relaxing: 2.0
  - Restlessness: 2.0
  - Irritability: 1.0
  - Fear Something Awful Might Happen: 3.0
- Depressive Symptoms Frequency:
  - Anhedonia: 1.0
  - Sleep Problems: 0.0
  - Fatigue: 1.0
  - Appetite Changes: 0.0
  - Feelings of Worthlessness: 1.0
  - Concentration Difficulties: 2.0
  - Suicidal Thoughts: 0.0

Respondent 56:
- Year of birth: 2001.0
- Gender: 2.0
- Socio-economic status: 3.0
- Ethnic identity: 5.0
- Parental Education:
  - Father: 16.0
  - Mother: 16.0
- Life satisfaction: 9.0
- Happiness: 10.0
- Laughter: 10.0
- Learning: 8.0
- Enjoyment: 10.0
- Worry: 1.0
- Depression: 0.0
- Anger: 2.0
- Stress: 3.0
- Loneliness: 0.0
- Emotional Regulation Frequency:
  - Upset by Unexpected Events: 1.0
  - Unable to Control Important Things: 2.0
  - Lacked Confidence Handling Problems: 2.0
  - Unable to Cope: 2.0
  - Irritated by Life: 4.0
  - On Top of Things: 3.0
- Anxiety Symptoms Frequency:
  - Feeling Nervous or On Edge: 3.0
  - Trouble Relaxing: 0.0
  - Restlessness: 0.0
  - Irritability: 0.0
  - Fear Something Awful Might Happen: 0.0
- Depressive Symptoms Frequency:
  - Anhedonia: 0.0
  - Sleep Problems: 0.0
  - Fatigue: 1.0
  - Appetite Changes: 0.0
  - Feelings of Worthlessness: 0.0
  - Concentration Difficulties: 0.0
  - Suicidal Thoughts: 0.0

Respondent 10:
- Year of birth: 2002.0
- Gender: 1.0
- Socio-economic status: 3.0
- Ethnic identity: 6.0
- Parental Education:
  - Father: 5.0
  - Mother: 10.0
- Life satisfaction: 9.0
- Happiness: 9.0
- Laughter: 8.0
- Learning: 8.0
- Enjoyment: 9.0
- Worry: 0.0
- Depression: 0.0
- Anger: 0.0
- Stress: 1.0
- Loneliness: 0.0
- Emotional Regulation Frequency:
  - Upset by Unexpected Events: 1.0
  - Unable to Control Important Things: 1.0
  - Lacked Confidence Handling Problems: 4.0
  - Unable to Cope: 1.0
  - Irritated by Life: 3.0
  - On Top of Things: 3.0
- Anxiety Symptoms Frequency:
  - Feeling Nervous or On Edge: 1.0
  - Trouble Relaxing: 0.0
  - Restlessness: 0.0
  - Irritability: 0.0
  - Fear Something Awful Might Happen: 0.0
- Depressive Symptoms Frequency:
  - Anhedonia: 0.0
  - Sleep Problems: 0.0
  - Fatigue: 0.0
  - Appetite Changes: 0.0
  - Feelings of Worthlessness: 0.0
  - Concentration Difficulties: 0.0
  - Suicidal Thoughts: 0.0

You are a meticulous data analyst AI. Your primary function is to accurately analyze structured data and provide precise, verifiable answers.

You will be given a dataset with two key parts:

A 'questions' section: This is your data dictionary or schema. It is the single source of truth for understanding what each field and score means. Refer to it carefully.

A 'responses' section: This contains the raw data from each individual respondent.

To answer the question correctly, you must first use the 'questions' schema to fully understand the context and meaning of the data points within the 'responses'. Do not rely on any prior knowledge outside of this provided data. Base your entire analysis on the information given.

Provide your final answer directly and concisely. Output must be the human-readable value, not an option code.

Rules:
- For MCQ fields, map any letter codes in the Responses (case-insensitive) to the corresponding option text from the Questions schema, and output only that text. Do NOT include the letter or both.
  Example: If the schema is ""[MCQ: A. Abnormal B. Inconclusive C. Normal]"" and the response is ""a"", output ""Abnormal"".
- For open-ended fields, output the exact text value.
- If the question asks for a count, provide only the number (e.g., ""42"").
- If the question asks for a list of names or IDs, provide a simple comma-separated list (e.g., ""17, 21, 23"").
- Preserve capitalization exactly as in the schema (e.g., output ""Abnormal"", not ""abnormal"" or ""A"").

How many respondents are there?",8,False
case_6,respondent_count,How many respondents are there?,"Survey Data
==================================================

Questions:
1. Year of birth: What is your date of birth? [Open-ended]
2. Gender: What is your gender? [MCQ: 1. Male 2. Female]
3. Socio-economic status: What is the socio-economic status of your home? [Likert 1–6: 1 = Very low, 6 = Very high]
4. Ethnic identity: According to your culture, people, or physical features, you are or are recognized as: [MCQ: 1. Indigenous 2. Gypsy 3. Raizal from San Andres, Providencia and Santa Catalina Archipelago 4. Palenquero from San Basilio 5. Black, mulatto (Afro-descendant), Afro-Colombian 6. None of the above]
5. Parental Education: How many years of education did your parents receive? [Open-ended]
   - Father: Father?
   - Mother: Mother?
6. Life satisfaction: In general, how satisfied are you with all aspects of your life? [Likert 0–10: 0 = Not satisfied, 10 = Totally satisfied]
7. Happiness: How happy did you feel yesterday? [Likert 0–10: 0 = At no time, 10 = All the time]
8. Laughter: How much did you laugh yesterday? [Likert 0–10: 0 = At no time, 10 = All the time]
9. Learning: Did you learn new or exciting things yesterday? [Likert 0–10: 0 = At no time, 10 = All the time]
10. Enjoyment: How much did you enjoy the activities you did yesterday? [Likert 0–10: 0 = At no time, 10 = All the time]
11. Worry: How worried did you feel yesterday? [Likert 0–10: 0 = At no time, 10 = All the time]
12. Depression: How depressed did you feel yesterday? [Likert 0–10: 0 = At no time, 10 = All the time]
13. Anger: How angry did you feel yesterday? [Likert 0–10: 0 = At no time, 10 = All the time]
14. Stress: How much stress did you feel yesterday? [Likert 0–10: 0 = At no time, 10 = All the time]
15. Loneliness: How lonely or unsupported did you feel yesterday? [Likert 0–10: 0 = At no time, 10 = All the time]
16. Emotional Regulation Frequency: Next, you will be asked questions about your emotional state. Please answer on a scale of 0 to 4, where 0 is never, 1 is 'almost never', 2 is 'sometimes', 3 is 'fairly often', and 4 is 'very often', how often you experienced the following feelings during the last month: [Likert 0–4]
    - Upset by Unexpected Events: how often have you been upset because of something that happened unexpectedly?
    - Unable to Control Important Things: how often have you felt that you were unable to control the important things in your life?
    - Nervous and Stressed: how often have you felt nervous and stressed?
    - Lacked Confidence Handling Problems: how often have you felt confident about your ability to handle your personal problems?
    - Things Going Your Way: how often have you felt that things were going your way?
    - Unable to Cope: how often have you found that you could not cope with all the things that you had to do?
    - Irritated by Life: how often have you been able to control irritations in your life?
    - On Top of Things: how often have you felt that you were on top of things?
    - Angered by Uncontrollable Events: how often have you been angered because of things that happened that were outside of your control?
    - Felt Overwhelmed: how often have you felt difficulties were piling up so high that you could not overcome them?
17. Anxiety Symptoms Frequency: Next, you will be asked questions about your emotional state. Please answer on a scale of 0 to 3, where 0 is 'Not at all', 1 is 'several days', 2 is 'more than half of the days', and 3 is 'Nearly every day'. Over the last two weeks, how often have you been bothered by the following problems? [Likert 0–3]
    - Feeling Nervous or On Edge: Feeling nervous, anxious, or on edge
    - Uncontrollable Worrying: Not being able to stop or control worrying
    - Excessive Worry: Worrying too much about different things
    - Trouble Relaxing: Trouble relaxing
    - Restlessness: Being so restless that it is hard to sit still
    - Irritability: Becoming easily annoyed or irritable
    - Fear Something Awful Might Happen: Feeling afraid, as if something awful might happen
18. Depressive Symptoms Frequency: Next, you will be asked questions about your emotional state. Please answer on a scale of 0 to 3, where 0 is 'Not at all', 1 is 'several days', 2 is 'more than half of the days', and 3 is 'Nearly every day'. Over the last two weeks, how often have you been bothered by the following problems?
    - Anhedonia: Little interest or pleasure in doing things
    - Depressed Mood: Feeling down, depressed, or hopeless
    - Sleep Problems: Trouble falling or staying asleep, or sleeping too much
    - Fatigue: Feeling tired or having little energy
    - Appetite Changes: Poor appetite or overeating
    - Feelings of Worthlessness: Feeling bad about yourself or that you are a failure or have let yourself or your family down
    - Concentration Difficulties: Trouble concentrating on things, such as reading the newspaper or watching television
    - Psychomotor Changes: Moving or speaking so slowly that other people could have noticed. Or the opposite — being so fidgety or restless that you have been moving around a lot more than usual
    - Suicidal Thoughts: Thoughts that you would be better off dead, or of hurting yourself

Responses:
==================================================

Respondent 137:
- Year of birth: 2003.0
- Gender: 2.0
- Socio-economic status: 4.0
- Ethnic identity: 6.0
- Parental Education:
  - Father: 11.0
  - Mother: 11.0
- Life satisfaction: 3.0
- Happiness: 6.0
- Laughter: 8.0
- Learning: 6.0
- Enjoyment: 6.0
- Worry: 3.0
- Depression: 3.0
- Anger: 4.0
- Stress: 4.0
- Loneliness: 5.0
- Emotional Regulation Frequency:
  - Upset by Unexpected Events: 3.0
  - Unable to Control Important Things: 4.0
  - Lacked Confidence Handling Problems: 2.0
  - Unable to Cope: 4.0
  - Irritated by Life: 2.0
  - On Top of Things: 2.0
- Anxiety Symptoms Frequency:
  - Feeling Nervous or On Edge: 3.0
  - Trouble Relaxing: 3.0
  - Restlessness: 2.0
  - Irritability: 3.0
  - Fear Something Awful Might Happen: 3.0
- Depressive Symptoms Frequency:
  - Anhedonia: 3.0
  - Sleep Problems: 0.0
  - Fatigue: 2.0
  - Appetite Changes: 3.0
  - Feelings of Worthlessness: 3.0
  - Concentration Difficulties: 3.0
  - Suicidal Thoughts: 3.0

Respondent 22:
- Year of birth: 2005.0
- Gender: 1.0
- Socio-economic status: 3.0
- Ethnic identity: 6.0
- Life satisfaction: 8.0
- Happiness: 7.0
- Laughter: 6.0
- Learning: 8.0
- Enjoyment: 7.0
- Worry: 0.0
- Depression: 0.0
- Anger: 1.0
- Stress: 2.0
- Loneliness: 0.0
- Emotional Regulation Frequency:
  - Upset by Unexpected Events: 0.0
  - Unable to Control Important Things: 1.0
  - Lacked Confidence Handling Problems: 3.0
  - Unable to Cope: 2.0
  - Irritated by Life: 2.0
  - On Top of Things: 1.0
- Anxiety Symptoms Frequency:
  - Feeling Nervous or On Edge: 0.0
  - Trouble Relaxing: 0.0
  - Restlessness: 0.0
  - Irritability: 0.0
  - Fear Something Awful Might Happen: 0.0
- Depressive Symptoms Frequency:
  - Anhedonia: 0.0
  - Sleep Problems: 0.0
  - Fatigue: 0.0
  - Appetite Changes: 0.0
  - Feelings of Worthlessness: 0.0
  - Concentration Difficulties: 0.0
  - Suicidal Thoughts: 0.0

Respondent 26:
- Year of birth: 2005.0
- Gender: 2.0
- Socio-economic status: 3.0
- Ethnic identity: 5.0
- Parental Education:
  - Father: 16.0
  - Mother: 16.0
- Life satisfaction: 7.0
- Happiness: 8.0
- Laughter: 9.0
- Learning: 9.0
- Enjoyment: 6.0
- Worry: 2.0
- Depression: 0.0
- Anger: 1.0
- Stress: 3.0
- Loneliness: 4.0
- Emotional Regulation Frequency:
  - Upset by Unexpected Events: 1.0
  - Unable to Control Important Things: 2.0
  - Lacked Confidence Handling Problems: 3.0
  - Unable to Cope: 2.0
  - Irritated by Life: 3.0
  - On Top of Things: 2.0
- Anxiety Symptoms Frequency:
  - Feeling Nervous or On Edge: 1.0
  - Trouble Relaxing: 2.0
  - Restlessness: 0.0
  - Irritability: 0.0
  - Fear Something Awful Might Happen: 0.0
- Depressive Symptoms Frequency:
  - Anhedonia: 1.0
  - Sleep Problems: 0.0
  - Fatigue: 2.0
  - Appetite Changes: 1.0
  - Feelings of Worthlessness: 0.0
  - Concentration Difficulties: 1.0
  - Suicidal Thoughts: 0.0

Respondent 67:
- Year of birth: 2003.0
- Gender: 1.0
- Socio-economic status: 1.0
- Ethnic identity: 6.0
- Parental Education:
  - Father: 11.0
  - Mother: 11.0
- Life satisfaction: 7.0
- Happiness: 5.0
- Laughter: 2.0
- Learning: 7.0
- Enjoyment: 7.0
- Worry: 0.0
- Depression: 1.0
- Anger: 1.0
- Stress: 2.0
- Loneliness: 2.0
- Emotional Regulation Frequency:
  - Upset by Unexpected Events: 1.0
  - Unable to Control Important Things: 2.0
  - Lacked Confidence Handling Problems: 2.0
  - Unable to Cope: 2.0
  - Irritated by Life: 3.0
  - On Top of Things: 2.0
- Anxiety Symptoms Frequency:
  - Feeling Nervous or On Edge: 0.0
  - Trouble Relaxing: 0.0
  - Restlessness: 0.0
  - Irritability: 0.0
  - Fear Something Awful Might Happen: 1.0
- Depressive Symptoms Frequency:
  - Anhedonia: 0.0
  - Sleep Problems: 0.0
  - Fatigue: 1.0
  - Appetite Changes: 1.0
  - Feelings of Worthlessness: 0.0
  - Concentration Difficulties: 0.0
  - Suicidal Thoughts: 0.0

Respondent 119:
- Year of birth: 2004.0
- Gender: 1.0
- Socio-economic status: 1.0
- Ethnic identity: 6.0
- Life satisfaction: 4.0
- Happiness: 8.0
- Laughter: 8.0
- Learning: 8.0
- Enjoyment: 8.0
- Worry: 1.0
- Depression: 1.0
- Anger: 2.0
- Stress: 2.0
- Loneliness: 2.0
- Emotional Regulation Frequency:
  - Upset by Unexpected Events: 2.0
  - Unable to Control Important Things: 2.0
  - Lacked Confidence Handling Problems: 2.0
  - Unable to Cope: 2.0
  - Irritated by Life: 2.0
  - On Top of Things: 2.0
- Anxiety Symptoms Frequency:
  - Feeling Nervous or On Edge: 1.0
  - Trouble Relaxing: 1.0
  - Restlessness: 1.0
  - Irritability: 1.0
  - Fear Something Awful Might Happen: 1.0
- Depressive Symptoms Frequency:
  - Anhedonia: 1.0
  - Sleep Problems: 1.0
  - Fatigue: 1.0
  - Appetite Changes: 0.0
  - Feelings of Worthlessness: 1.0
  - Concentration Difficulties: 0.0
  - Suicidal Thoughts: 0.0

Respondent 135:
- Year of birth: 2002.0
- Gender: 2.0
- Socio-economic status: 3.0
- Ethnic identity: 6.0
- Parental Education:
  - Father: 13.0
  - Mother: 19.0
- Life satisfaction: 7.0
- Happiness: 7.0
- Laughter: 5.0
- Learning: 6.0
- Enjoyment: 9.0
- Worry: 2.0
- Depression: 0.0
- Anger: 2.0
- Stress: 3.0
- Loneliness: 0.0
- Emotional Regulation Frequency:
  - Upset by Unexpected Events: 2.0
  - Unable to Control Important Things: 2.0
  - Lacked Confidence Handling Problems: 3.0
  - Unable to Cope: 2.0
  - Irritated by Life: 3.0
  - On Top of Things: 2.0
- Anxiety Symptoms Frequency:
  - Feeling Nervous or On Edge: 1.0
  - Trouble Relaxing: 1.0
  - Restlessness: 0.0
  - Irritability: 0.0
  - Fear Something Awful Might Happen: 0.0
- Depressive Symptoms Frequency:
  - Anhedonia: 1.0
  - Sleep Problems: 2.0
  - Fatigue: 2.0
  - Appetite Changes: 1.0
  - Feelings of Worthlessness: 0.0
  - Concentration Difficulties: 1.0
  - Suicidal Thoughts: 0.0

Respondent 78:
- Year of birth: 2003.0
- Gender: 1.0
- Socio-economic status: 5.0
- Ethnic identity: 6.0
- Life satisfaction: 9.0
- Happiness: 8.0
- Laughter: 10.0
- Learning: 6.0
- Enjoyment: 10.0
- Worry: 1.0
- Depression: 2.0
- Anger: 2.0
- Stress: 2.0
- Loneliness: 5.0
- Emotional Regulation Frequency:
  - Upset by Unexpected Events: 1.0
  - Unable to Control Important Things: 1.0
  - Lacked Confidence Handling Problems: 2.0
  - Unable to Cope: 1.0
  - Irritated by Life: 3.0
  - On Top of Things: 3.0
- Anxiety Symptoms Frequency:
  - Feeling Nervous or On Edge: 1.0
  - Trouble Relaxing: 0.0
  - Restlessness: 0.0
  - Irritability: 1.0
  - Fear Something Awful Might Happen: 0.0
- Depressive Symptoms Frequency:
  - Anhedonia: 0.0
  - Sleep Problems: 0.0
  - Fatigue: 1.0
  - Appetite Changes: 0.0
  - Feelings of Worthlessness: 1.0
  - Concentration Difficulties: 1.0
  - Suicidal Thoughts: 0.0

Respondent 10:
- Year of birth: 2002.0
- Gender: 1.0
- Socio-economic status: 3.0
- Ethnic identity: 6.0
- Parental Education:
  - Father: 5.0
  - Mother: 10.0
- Life satisfaction: 9.0
- Happiness: 9.0
- Laughter: 8.0
- Learning: 8.0
- Enjoyment: 9.0
- Worry: 0.0
- Depression: 0.0
- Anger: 0.0
- Stress: 1.0
- Loneliness: 0.0
- Emotional Regulation Frequency:
  - Upset by Unexpected Events: 1.0
  - Unable to Control Important Things: 1.0
  - Lacked Confidence Handling Problems: 4.0
  - Unable to Cope: 1.0
  - Irritated by Life: 3.0
  - On Top of Things: 3.0
- Anxiety Symptoms Frequency:
  - Feeling Nervous or On Edge: 1.0
  - Trouble Relaxing: 0.0
  - Restlessness: 0.0
  - Irritability: 0.0
  - Fear Something Awful Might Happen: 0.0
- Depressive Symptoms Frequency:
  - Anhedonia: 0.0
  - Sleep Problems: 0.0
  - Fatigue: 0.0
  - Appetite Changes: 0.0
  - Feelings of Worthlessness: 0.0
  - Concentration Difficulties: 0.0
  - Suicidal Thoughts: 0.0

Respondent 100:
- Year of birth: 2004.0
- Gender: 1.0
- Socio-economic status: 6.0
- Ethnic identity: 6.0
- Parental Education:
  - Father: 16.0
  - Mother: 23.0
- Life satisfaction: 8.0
- Happiness: 6.0
- Laughter: 4.0
- Learning: 8.0
- Enjoyment: 6.0
- Worry: 0.0
- Depression: 1.0
- Anger: 1.0
- Stress: 2.0
- Loneliness: 2.0
- Emotional Regulation Frequency:
  - Upset by Unexpected Events: 2.0
  - Unable to Control Important Things: 2.0
  - Lacked Confidence Handling Problems: 4.0
  - Unable to Cope: 1.0
  - Irritated by Life: 4.0
  - On Top of Things: 4.0
- Anxiety Symptoms Frequency:
  - Feeling Nervous or On Edge: 0.0
  - Trouble Relaxing: 1.0
  - Restlessness: 1.0
  - Irritability: 1.0
  - Fear Something Awful Might Happen: 0.0
- Depressive Symptoms Frequency:
  - Anhedonia: 2.0
  - Sleep Problems: 2.0
  - Fatigue: 2.0
  - Appetite Changes: 2.0
  - Feelings of Worthlessness: 2.0
  - Concentration Difficulties: 2.0
  - Suicidal Thoughts: 0.0

Respondent 144:
- Year of birth: 2004.0
- Gender: 1.0
- Socio-economic status: 2.0
- Ethnic identity: 6.0
- Parental Education:
  - Father: 11.0
  - Mother: 7.0
- Life satisfaction: 8.0
- Happiness: 6.0
- Laughter: 4.0
- Learning: 5.0
- Enjoyment: 4.0
- Worry: 2.0
- Depression: 1.0
- Anger: 3.0
- Stress: 4.0
- Loneliness: 6.0
- Emotional Regulation Frequency:
  - Upset by Unexpected Events: 2.0
  - Unable to Control Important Things: 3.0
  - Lacked Confidence Handling Problems: 2.0
  - Unable to Cope: 2.0
  - Irritated by Life: 3.0
  - On Top of Things: 2.0
- Anxiety Symptoms Frequency:
  - Feeling Nervous or On Edge: 2.0
  - Trouble Relaxing: 2.0
  - Restlessness: 3.0
  - Irritability: 1.0
  - Fear Something Awful Might Happen: 1.0
- Depressive Symptoms Frequency:
  - Anhedonia: 1.0
  - Sleep Problems: 1.0
  - Fatigue: 3.0
  - Appetite Changes: 3.0
  - Feelings of Worthlessness: 1.0
  - Concentration Difficulties: 2.0
  - Suicidal Thoughts: 1.0
",10,"How many respondents are there?

DATA:

Survey Data
==================================================

Questions:
1. Year of birth: What is your date of birth? [Open-ended]
2. Gender: What is your gender? [MCQ: 1. Male 2. Female]
3. Socio-economic status: What is the socio-economic status of your home? [Likert 1–6: 1 = Very low, 6 = Very high]
4. Ethnic identity: According to your culture, people, or physical features, you are or are recognized as: [MCQ: 1. Indigenous 2. Gypsy 3. Raizal from San Andres, Providencia and Santa Catalina Archipelago 4. Palenquero from San Basilio 5. Black, mulatto (Afro-descendant), Afro-Colombian 6. None of the above]
5. Parental Education: How many years of education did your parents receive? [Open-ended]
   - Father: Father?
   - Mother: Mother?
6. Life satisfaction: In general, how satisfied are you with all aspects of your life? [Likert 0–10: 0 = Not satisfied, 10 = Totally satisfied]
7. Happiness: How happy did you feel yesterday? [Likert 0–10: 0 = At no time, 10 = All the time]
8. Laughter: How much did you laugh yesterday? [Likert 0–10: 0 = At no time, 10 = All the time]
9. Learning: Did you learn new or exciting things yesterday? [Likert 0–10: 0 = At no time, 10 = All the time]
10. Enjoyment: How much did you enjoy the activities you did yesterday? [Likert 0–10: 0 = At no time, 10 = All the time]
11. Worry: How worried did you feel yesterday? [Likert 0–10: 0 = At no time, 10 = All the time]
12. Depression: How depressed did you feel yesterday? [Likert 0–10: 0 = At no time, 10 = All the time]
13. Anger: How angry did you feel yesterday? [Likert 0–10: 0 = At no time, 10 = All the time]
14. Stress: How much stress did you feel yesterday? [Likert 0–10: 0 = At no time, 10 = All the time]
15. Loneliness: How lonely or unsupported did you feel yesterday? [Likert 0–10: 0 = At no time, 10 = All the time]
16. Emotional Regulation Frequency: Next, you will be asked questions about your emotional state. Please answer on a scale of 0 to 4, where 0 is never, 1 is 'almost never', 2 is 'sometimes', 3 is 'fairly often', and 4 is 'very often', how often you experienced the following feelings during the last month: [Likert 0–4]
    - Upset by Unexpected Events: how often have you been upset because of something that happened unexpectedly?
    - Unable to Control Important Things: how often have you felt that you were unable to control the important things in your life?
    - Nervous and Stressed: how often have you felt nervous and stressed?
    - Lacked Confidence Handling Problems: how often have you felt confident about your ability to handle your personal problems?
    - Things Going Your Way: how often have you felt that things were going your way?
    - Unable to Cope: how often have you found that you could not cope with all the things that you had to do?
    - Irritated by Life: how often have you been able to control irritations in your life?
    - On Top of Things: how often have you felt that you were on top of things?
    - Angered by Uncontrollable Events: how often have you been angered because of things that happened that were outside of your control?
    - Felt Overwhelmed: how often have you felt difficulties were piling up so high that you could not overcome them?
17. Anxiety Symptoms Frequency: Next, you will be asked questions about your emotional state. Please answer on a scale of 0 to 3, where 0 is 'Not at all', 1 is 'several days', 2 is 'more than half of the days', and 3 is 'Nearly every day'. Over the last two weeks, how often have you been bothered by the following problems? [Likert 0–3]
    - Feeling Nervous or On Edge: Feeling nervous, anxious, or on edge
    - Uncontrollable Worrying: Not being able to stop or control worrying
    - Excessive Worry: Worrying too much about different things
    - Trouble Relaxing: Trouble relaxing
    - Restlessness: Being so restless that it is hard to sit still
    - Irritability: Becoming easily annoyed or irritable
    - Fear Something Awful Might Happen: Feeling afraid, as if something awful might happen
18. Depressive Symptoms Frequency: Next, you will be asked questions about your emotional state. Please answer on a scale of 0 to 3, where 0 is 'Not at all', 1 is 'several days', 2 is 'more than half of the days', and 3 is 'Nearly every day'. Over the last two weeks, how often have you been bothered by the following problems?
    - Anhedonia: Little interest or pleasure in doing things
    - Depressed Mood: Feeling down, depressed, or hopeless
    - Sleep Problems: Trouble falling or staying asleep, or sleeping too much
    - Fatigue: Feeling tired or having little energy
    - Appetite Changes: Poor appetite or overeating
    - Feelings of Worthlessness: Feeling bad about yourself or that you are a failure or have let yourself or your family down
    - Concentration Difficulties: Trouble concentrating on things, such as reading the newspaper or watching television
    - Psychomotor Changes: Moving or speaking so slowly that other people could have noticed. Or the opposite — being so fidgety or restless that you have been moving around a lot more than usual
    - Suicidal Thoughts: Thoughts that you would be better off dead, or of hurting yourself

Responses:
==================================================

Respondent 119:
- Year of birth: 2004.0
- Gender: 1.0
- Socio-economic status: 1.0
- Ethnic identity: 6.0
- Life satisfaction: 4.0
- Happiness: 8.0
- Laughter: 8.0
- Learning: 8.0
- Enjoyment: 8.0
- Worry: 1.0
- Depression: 1.0
- Anger: 2.0
- Stress: 2.0
- Loneliness: 2.0
- Emotional Regulation Frequency:
  - Upset by Unexpected Events: 2.0
  - Unable to Control Important Things: 2.0
  - Lacked Confidence Handling Problems: 2.0
  - Unable to Cope: 2.0
  - Irritated by Life: 2.0
  - On Top of Things: 2.0
- Anxiety Symptoms Frequency:
  - Feeling Nervous or On Edge: 1.0
  - Trouble Relaxing: 1.0
  - Restlessness: 1.0
  - Irritability: 1.0
  - Fear Something Awful Might Happen: 1.0
- Depressive Symptoms Frequency:
  - Anhedonia: 1.0
  - Sleep Problems: 1.0
  - Fatigue: 1.0
  - Appetite Changes: 0.0
  - Feelings of Worthlessness: 1.0
  - Concentration Difficulties: 0.0
  - Suicidal Thoughts: 0.0

Respondent 116:
- Year of birth: 2004.0
- Gender: 1.0
- Socio-economic status: 5.0
- Ethnic identity: 6.0
- Parental Education:
  - Father: 17.0
  - Mother: 17.0
- Life satisfaction: 8.0
- Happiness: 8.0
- Laughter: 7.0
- Learning: 7.0
- Enjoyment: 9.0
- Worry: 1.0
- Depression: 1.0
- Anger: 2.0
- Stress: 3.0
- Loneliness: 1.0
- Emotional Regulation Frequency:
  - Upset by Unexpected Events: 2.0
  - Unable to Control Important Things: 2.0
  - Lacked Confidence Handling Problems: 3.0
  - Unable to Cope: 2.0
  - Irritated by Life: 3.0
  - On Top of Things: 2.0
- Anxiety Symptoms Frequency:
  - Feeling Nervous or On Edge: 2.0
  - Trouble Relaxing: 1.0
  - Restlessness: 2.0
  - Irritability: 1.0
  - Fear Something Awful Might Happen: 2.0
- Depressive Symptoms Frequency:
  - Anhedonia: 1.0
  - Sleep Problems: 0.0
  - Fatigue: 2.0
  - Appetite Changes: 2.0
  - Feelings of Worthlessness: 1.0
  - Concentration Difficulties: 2.0
  - Suicidal Thoughts: 0.0

Answer: 2

Survey Data
==================================================

Questions:
1. Year of birth: What is your date of birth? [Open-ended]
2. Gender: What is your gender? [MCQ: 1. Male 2. Female]
3. Socio-economic status: What is the socio-economic status of your home? [Likert 1–6: 1 = Very low, 6 = Very high]
4. Ethnic identity: According to your culture, people, or physical features, you are or are recognized as: [MCQ: 1. Indigenous 2. Gypsy 3. Raizal from San Andres, Providencia and Santa Catalina Archipelago 4. Palenquero from San Basilio 5. Black, mulatto (Afro-descendant), Afro-Colombian 6. None of the above]
5. Parental Education: How many years of education did your parents receive? [Open-ended]
   - Father: Father?
   - Mother: Mother?
6. Life satisfaction: In general, how satisfied are you with all aspects of your life? [Likert 0–10: 0 = Not satisfied, 10 = Totally satisfied]
7. Happiness: How happy did you feel yesterday? [Likert 0–10: 0 = At no time, 10 = All the time]
8. Laughter: How much did you laugh yesterday? [Likert 0–10: 0 = At no time, 10 = All the time]
9. Learning: Did you learn new or exciting things yesterday? [Likert 0–10: 0 = At no time, 10 = All the time]
10. Enjoyment: How much did you enjoy the activities you did yesterday? [Likert 0–10: 0 = At no time, 10 = All the time]
11. Worry: How worried did you feel yesterday? [Likert 0–10: 0 = At no time, 10 = All the time]
12. Depression: How depressed did you feel yesterday? [Likert 0–10: 0 = At no time, 10 = All the time]
13. Anger: How angry did you feel yesterday? [Likert 0–10: 0 = At no time, 10 = All the time]
14. Stress: How much stress did you feel yesterday? [Likert 0–10: 0 = At no time, 10 = All the time]
15. Loneliness: How lonely or unsupported did you feel yesterday? [Likert 0–10: 0 = At no time, 10 = All the time]
16. Emotional Regulation Frequency: Next, you will be asked questions about your emotional state. Please answer on a scale of 0 to 4, where 0 is never, 1 is 'almost never', 2 is 'sometimes', 3 is 'fairly often', and 4 is 'very often', how often you experienced the following feelings during the last month: [Likert 0–4]
    - Upset by Unexpected Events: how often have you been upset because of something that happened unexpectedly?
    - Unable to Control Important Things: how often have you felt that you were unable to control the important things in your life?
    - Nervous and Stressed: how often have you felt nervous and stressed?
    - Lacked Confidence Handling Problems: how often have you felt confident about your ability to handle your personal problems?
    - Things Going Your Way: how often have you felt that things were going your way?
    - Unable to Cope: how often have you found that you could not cope with all the things that you had to do?
    - Irritated by Life: how often have you been able to control irritations in your life?
    - On Top of Things: how often have you felt that you were on top of things?
    - Angered by Uncontrollable Events: how often have you been angered because of things that happened that were outside of your control?
    - Felt Overwhelmed: how often have you felt difficulties were piling up so high that you could not overcome them?
17. Anxiety Symptoms Frequency: Next, you will be asked questions about your emotional state. Please answer on a scale of 0 to 3, where 0 is 'Not at all', 1 is 'several days', 2 is 'more than half of the days', and 3 is 'Nearly every day'. Over the last two weeks, how often have you been bothered by the following problems? [Likert 0–3]
    - Feeling Nervous or On Edge: Feeling nervous, anxious, or on edge
    - Uncontrollable Worrying: Not being able to stop or control worrying
    - Excessive Worry: Worrying too much about different things
    - Trouble Relaxing: Trouble relaxing
    - Restlessness: Being so restless that it is hard to sit still
    - Irritability: Becoming easily annoyed or irritable
    - Fear Something Awful Might Happen: Feeling afraid, as if something awful might happen
18. Depressive Symptoms Frequency: Next, you will be asked questions about your emotional state. Please answer on a scale of 0 to 3, where 0 is 'Not at all', 1 is 'several days', 2 is 'more than half of the days', and 3 is 'Nearly every day'. Over the last two weeks, how often have you been bothered by the following problems?
    - Anhedonia: Little interest or pleasure in doing things
    - Depressed Mood: Feeling down, depressed, or hopeless
    - Sleep Problems: Trouble falling or staying asleep, or sleeping too much
    - Fatigue: Feeling tired or having little energy
    - Appetite Changes: Poor appetite or overeating
    - Feelings of Worthlessness: Feeling bad about yourself or that you are a failure or have let yourself or your family down
    - Concentration Difficulties: Trouble concentrating on things, such as reading the newspaper or watching television
    - Psychomotor Changes: Moving or speaking so slowly that other people could have noticed. Or the opposite — being so fidgety or restless that you have been moving around a lot more than usual
    - Suicidal Thoughts: Thoughts that you would be better off dead, or of hurting yourself

Responses:
==================================================

Respondent 137:
- Year of birth: 2003.0
- Gender: 2.0
- Socio-economic status: 4.0
- Ethnic identity: 6.0
- Parental Education:
  - Father: 11.0
  - Mother: 11.0
- Life satisfaction: 3.0
- Happiness: 6.0
- Laughter: 8.0
- Learning: 6.0
- Enjoyment: 6.0
- Worry: 3.0
- Depression: 3.0
- Anger: 4.0
- Stress: 4.0
- Loneliness: 5.0
- Emotional Regulation Frequency:
  - Upset by Unexpected Events: 3.0
  - Unable to Control Important Things: 4.0
  - Lacked Confidence Handling Problems: 2.0
  - Unable to Cope: 4.0
  - Irritated by Life: 2.0
  - On Top of Things: 2.0
- Anxiety Symptoms Frequency:
  - Feeling Nervous or On Edge: 3.0
  - Trouble Relaxing: 3.0
  - Restlessness: 2.0
  - Irritability: 3.0
  - Fear Something Awful Might Happen: 3.0
- Depressive Symptoms Frequency:
  - Anhedonia: 3.0
  - Sleep Problems: 0.0
  - Fatigue: 2.0
  - Appetite Changes: 3.0
  - Feelings of Worthlessness: 3.0
  - Concentration Difficulties: 3.0
  - Suicidal Thoughts: 3.0

Respondent 22:
- Year of birth: 2005.0
- Gender: 1.0
- Socio-economic status: 3.0
- Ethnic identity: 6.0
- Life satisfaction: 8.0
- Happiness: 7.0
- Laughter: 6.0
- Learning: 8.0
- Enjoyment: 7.0
- Worry: 0.0
- Depression: 0.0
- Anger: 1.0
- Stress: 2.0
- Loneliness: 0.0
- Emotional Regulation Frequency:
  - Upset by Unexpected Events: 0.0
  - Unable to Control Important Things: 1.0
  - Lacked Confidence Handling Problems: 3.0
  - Unable to Cope: 2.0
  - Irritated by Life: 2.0
  - On Top of Things: 1.0
- Anxiety Symptoms Frequency:
  - Feeling Nervous or On Edge: 0.0
  - Trouble Relaxing: 0.0
  - Restlessness: 0.0
  - Irritability: 0.0
  - Fear Something Awful Might Happen: 0.0
- Depressive Symptoms Frequency:
  - Anhedonia: 0.0
  - Sleep Problems: 0.0
  - Fatigue: 0.0
  - Appetite Changes: 0.0
  - Feelings of Worthlessness: 0.0
  - Concentration Difficulties: 0.0
  - Suicidal Thoughts: 0.0

Respondent 26:
- Year of birth: 2005.0
- Gender: 2.0
- Socio-economic status: 3.0
- Ethnic identity: 5.0
- Parental Education:
  - Father: 16.0
  - Mother: 16.0
- Life satisfaction: 7.0
- Happiness: 8.0
- Laughter: 9.0
- Learning: 9.0
- Enjoyment: 6.0
- Worry: 2.0
- Depression: 0.0
- Anger: 1.0
- Stress: 3.0
- Loneliness: 4.0
- Emotional Regulation Frequency:
  - Upset by Unexpected Events: 1.0
  - Unable to Control Important Things: 2.0
  - Lacked Confidence Handling Problems: 3.0
  - Unable to Cope: 2.0
  - Irritated by Life: 3.0
  - On Top of Things: 2.0
- Anxiety Symptoms Frequency:
  - Feeling Nervous or On Edge: 1.0
  - Trouble Relaxing: 2.0
  - Restlessness: 0.0
  - Irritability: 0.0
  - Fear Something Awful Might Happen: 0.0
- Depressive Symptoms Frequency:
  - Anhedonia: 1.0
  - Sleep Problems: 0.0
  - Fatigue: 2.0
  - Appetite Changes: 1.0
  - Feelings of Worthlessness: 0.0
  - Concentration Difficulties: 1.0
  - Suicidal Thoughts: 0.0

Respondent 67:
- Year of birth: 2003.0
- Gender: 1.0
- Socio-economic status: 1.0
- Ethnic identity: 6.0
- Parental Education:
  - Father: 11.0
  - Mother: 11.0
- Life satisfaction: 7.0
- Happiness: 5.0
- Laughter: 2.0
- Learning: 7.0
- Enjoyment: 7.0
- Worry: 0.0
- Depression: 1.0
- Anger: 1.0
- Stress: 2.0
- Loneliness: 2.0
- Emotional Regulation Frequency:
  - Upset by Unexpected Events: 1.0
  - Unable to Control Important Things: 2.0
  - Lacked Confidence Handling Problems: 2.0
  - Unable to Cope: 2.0
  - Irritated by Life: 3.0
  - On Top of Things: 2.0
- Anxiety Symptoms Frequency:
  - Feeling Nervous or On Edge: 0.0
  - Trouble Relaxing: 0.0
  - Restlessness: 0.0
  - Irritability: 0.0
  - Fear Something Awful Might Happen: 1.0
- Depressive Symptoms Frequency:
  - Anhedonia: 0.0
  - Sleep Problems: 0.0
  - Fatigue: 1.0
  - Appetite Changes: 1.0
  - Feelings of Worthlessness: 0.0
  - Concentration Difficulties: 0.0
  - Suicidal Thoughts: 0.0

Respondent 119:
- Year of birth: 2004.0
- Gender: 1.0
- Socio-economic status: 1.0
- Ethnic identity: 6.0
- Life satisfaction: 4.0
- Happiness: 8.0
- Laughter: 8.0
- Learning: 8.0
- Enjoyment: 8.0
- Worry: 1.0
- Depression: 1.0
- Anger: 2.0
- Stress: 2.0
- Loneliness: 2.0
- Emotional Regulation Frequency:
  - Upset by Unexpected Events: 2.0
  - Unable to Control Important Things: 2.0
  - Lacked Confidence Handling Problems: 2.0
  - Unable to Cope: 2.0
  - Irritated by Life: 2.0
  - On Top of Things: 2.0
- Anxiety Symptoms Frequency:
  - Feeling Nervous or On Edge: 1.0
  - Trouble Relaxing: 1.0
  - Restlessness: 1.0
  - Irritability: 1.0
  - Fear Something Awful Might Happen: 1.0
- Depressive Symptoms Frequency:
  - Anhedonia: 1.0
  - Sleep Problems: 1.0
  - Fatigue: 1.0
  - Appetite Changes: 0.0
  - Feelings of Worthlessness: 1.0
  - Concentration Difficulties: 0.0
  - Suicidal Thoughts: 0.0

Respondent 135:
- Year of birth: 2002.0
- Gender: 2.0
- Socio-economic status: 3.0
- Ethnic identity: 6.0
- Parental Education:
  - Father: 13.0
  - Mother: 19.0
- Life satisfaction: 7.0
- Happiness: 7.0
- Laughter: 5.0
- Learning: 6.0
- Enjoyment: 9.0
- Worry: 2.0
- Depression: 0.0
- Anger: 2.0
- Stress: 3.0
- Loneliness: 0.0
- Emotional Regulation Frequency:
  - Upset by Unexpected Events: 2.0
  - Unable to Control Important Things: 2.0
  - Lacked Confidence Handling Problems: 3.0
  - Unable to Cope: 2.0
  - Irritated by Life: 3.0
  - On Top of Things: 2.0
- Anxiety Symptoms Frequency:
  - Feeling Nervous or On Edge: 1.0
  - Trouble Relaxing: 1.0
  - Restlessness: 0.0
  - Irritability: 0.0
  - Fear Something Awful Might Happen: 0.0
- Depressive Symptoms Frequency:
  - Anhedonia: 1.0
  - Sleep Problems: 2.0
  - Fatigue: 2.0
  - Appetite Changes: 1.0
  - Feelings of Worthlessness: 0.0
  - Concentration Difficulties: 1.0
  - Suicidal Thoughts: 0.0

Respondent 78:
- Year of birth: 2003.0
- Gender: 1.0
- Socio-economic status: 5.0
- Ethnic identity: 6.0
- Life satisfaction: 9.0
- Happiness: 8.0
- Laughter: 10.0
- Learning: 6.0
- Enjoyment: 10.0
- Worry: 1.0
- Depression: 2.0
- Anger: 2.0
- Stress: 2.0
- Loneliness: 5.0
- Emotional Regulation Frequency:
  - Upset by Unexpected Events: 1.0
  - Unable to Control Important Things: 1.0
  - Lacked Confidence Handling Problems: 2.0
  - Unable to Cope: 1.0
  - Irritated by Life: 3.0
  - On Top of Things: 3.0
- Anxiety Symptoms Frequency:
  - Feeling Nervous or On Edge: 1.0
  - Trouble Relaxing: 0.0
  - Restlessness: 0.0
  - Irritability: 1.0
  - Fear Something Awful Might Happen: 0.0
- Depressive Symptoms Frequency:
  - Anhedonia: 0.0
  - Sleep Problems: 0.0
  - Fatigue: 1.0
  - Appetite Changes: 0.0
  - Feelings of Worthlessness: 1.0
  - Concentration Difficulties: 1.0
  - Suicidal Thoughts: 0.0

Respondent 10:
- Year of birth: 2002.0
- Gender: 1.0
- Socio-economic status: 3.0
- Ethnic identity: 6.0
- Parental Education:
  - Father: 5.0
  - Mother: 10.0
- Life satisfaction: 9.0
- Happiness: 9.0
- Laughter: 8.0
- Learning: 8.0
- Enjoyment: 9.0
- Worry: 0.0
- Depression: 0.0
- Anger: 0.0
- Stress: 1.0
- Loneliness: 0.0
- Emotional Regulation Frequency:
  - Upset by Unexpected Events: 1.0
  - Unable to Control Important Things: 1.0
  - Lacked Confidence Handling Problems: 4.0
  - Unable to Cope: 1.0
  - Irritated by Life: 3.0
  - On Top of Things: 3.0
- Anxiety Symptoms Frequency:
  - Feeling Nervous or On Edge: 1.0
  - Trouble Relaxing: 0.0
  - Restlessness: 0.0
  - Irritability: 0.0
  - Fear Something Awful Might Happen: 0.0
- Depressive Symptoms Frequency:
  - Anhedonia: 0.0
  - Sleep Problems: 0.0
  - Fatigue: 0.0
  - Appetite Changes: 0.0
  - Feelings of Worthlessness: 0.0
  - Concentration Difficulties: 0.0
  - Suicidal Thoughts: 0.0

Respondent 100:
- Year of birth: 2004.0
- Gender: 1.0
- Socio-economic status: 6.0
- Ethnic identity: 6.0
- Parental Education:
  - Father: 16.0
  - Mother: 23.0
- Life satisfaction: 8.0
- Happiness: 6.0
- Laughter: 4.0
- Learning: 8.0
- Enjoyment: 6.0
- Worry: 0.0
- Depression: 1.0
- Anger: 1.0
- Stress: 2.0
- Loneliness: 2.0
- Emotional Regulation Frequency:
  - Upset by Unexpected Events: 2.0
  - Unable to Control Important Things: 2.0
  - Lacked Confidence Handling Problems: 4.0
  - Unable to Cope: 1.0
  - Irritated by Life: 4.0
  - On Top of Things: 4.0
- Anxiety Symptoms Frequency:
  - Feeling Nervous or On Edge: 0.0
  - Trouble Relaxing: 1.0
  - Restlessness: 1.0
  - Irritability: 1.0
  - Fear Something Awful Might Happen: 0.0
- Depressive Symptoms Frequency:
  - Anhedonia: 2.0
  - Sleep Problems: 2.0
  - Fatigue: 2.0
  - Appetite Changes: 2.0
  - Feelings of Worthlessness: 2.0
  - Concentration Difficulties: 2.0
  - Suicidal Thoughts: 0.0

Respondent 144:
- Year of birth: 2004.0
- Gender: 1.0
- Socio-economic status: 2.0
- Ethnic identity: 6.0
- Parental Education:
  - Father: 11.0
  - Mother: 7.0
- Life satisfaction: 8.0
- Happiness: 6.0
- Laughter: 4.0
- Learning: 5.0
- Enjoyment: 4.0
- Worry: 2.0
- Depression: 1.0
- Anger: 3.0
- Stress: 4.0
- Loneliness: 6.0
- Emotional Regulation Frequency:
  - Upset by Unexpected Events: 2.0
  - Unable to Control Important Things: 3.0
  - Lacked Confidence Handling Problems: 2.0
  - Unable to Cope: 2.0
  - Irritated by Life: 3.0
  - On Top of Things: 2.0
- Anxiety Symptoms Frequency:
  - Feeling Nervous or On Edge: 2.0
  - Trouble Relaxing: 2.0
  - Restlessness: 3.0
  - Irritability: 1.0
  - Fear Something Awful Might Happen: 1.0
- Depressive Symptoms Frequency:
  - Anhedonia: 1.0
  - Sleep Problems: 1.0
  - Fatigue: 3.0
  - Appetite Changes: 3.0
  - Feelings of Worthlessness: 1.0
  - Concentration Difficulties: 2.0
  - Suicidal Thoughts: 1.0

You are a meticulous data analyst AI. Your primary function is to accurately analyze structured data and provide precise, verifiable answers.

You will be given a dataset with two key parts:

A 'questions' section: This is your data dictionary or schema. It is the single source of truth for understanding what each field and score means. Refer to it carefully.

A 'responses' section: This contains the raw data from each individual respondent.

To answer the question correctly, you must first use the 'questions' schema to fully understand the context and meaning of the data points within the 'responses'. Do not rely on any prior knowledge outside of this provided data. Base your entire analysis on the information given.

Provide your final answer directly and concisely. Output must be the human-readable value, not an option code.

Rules:
- For MCQ fields, map any letter codes in the Responses (case-insensitive) to the corresponding option text from the Questions schema, and output only that text. Do NOT include the letter or both.
  Example: If the schema is ""[MCQ: A. Abnormal B. Inconclusive C. Normal]"" and the response is ""a"", output ""Abnormal"".
- For open-ended fields, output the exact text value.
- If the question asks for a count, provide only the number (e.g., ""42"").
- If the question asks for a list of names or IDs, provide a simple comma-separated list (e.g., ""17, 21, 23"").
- Preserve capitalization exactly as in the schema (e.g., output ""Abnormal"", not ""abnormal"" or ""A"").

How many respondents are there?",11,False
case_7,respondent_count,How many respondents are there?,"Survey Data
==================================================

Questions:
1. Year of birth: What is your date of birth? [Open-ended]
2. Gender: What is your gender? [MCQ: 1. Male 2. Female]
3. Socio-economic status: What is the socio-economic status of your home? [Likert 1–6: 1 = Very low, 6 = Very high]
4. Ethnic identity: According to your culture, people, or physical features, you are or are recognized as: [MCQ: 1. Indigenous 2. Gypsy 3. Raizal from San Andres, Providencia and Santa Catalina Archipelago 4. Palenquero from San Basilio 5. Black, mulatto (Afro-descendant), Afro-Colombian 6. None of the above]
5. Parental Education: How many years of education did your parents receive? [Open-ended]
   - Father: Father?
   - Mother: Mother?
6. Life satisfaction: In general, how satisfied are you with all aspects of your life? [Likert 0–10: 0 = Not satisfied, 10 = Totally satisfied]
7. Happiness: How happy did you feel yesterday? [Likert 0–10: 0 = At no time, 10 = All the time]
8. Laughter: How much did you laugh yesterday? [Likert 0–10: 0 = At no time, 10 = All the time]
9. Learning: Did you learn new or exciting things yesterday? [Likert 0–10: 0 = At no time, 10 = All the time]
10. Enjoyment: How much did you enjoy the activities you did yesterday? [Likert 0–10: 0 = At no time, 10 = All the time]
11. Worry: How worried did you feel yesterday? [Likert 0–10: 0 = At no time, 10 = All the time]
12. Depression: How depressed did you feel yesterday? [Likert 0–10: 0 = At no time, 10 = All the time]
13. Anger: How angry did you feel yesterday? [Likert 0–10: 0 = At no time, 10 = All the time]
14. Stress: How much stress did you feel yesterday? [Likert 0–10: 0 = At no time, 10 = All the time]
15. Loneliness: How lonely or unsupported did you feel yesterday? [Likert 0–10: 0 = At no time, 10 = All the time]
16. Emotional Regulation Frequency: Next, you will be asked questions about your emotional state. Please answer on a scale of 0 to 4, where 0 is never, 1 is 'almost never', 2 is 'sometimes', 3 is 'fairly often', and 4 is 'very often', how often you experienced the following feelings during the last month: [Likert 0–4]
    - Upset by Unexpected Events: how often have you been upset because of something that happened unexpectedly?
    - Unable to Control Important Things: how often have you felt that you were unable to control the important things in your life?
    - Nervous and Stressed: how often have you felt nervous and stressed?
    - Lacked Confidence Handling Problems: how often have you felt confident about your ability to handle your personal problems?
    - Things Going Your Way: how often have you felt that things were going your way?
    - Unable to Cope: how often have you found that you could not cope with all the things that you had to do?
    - Irritated by Life: how often have you been able to control irritations in your life?
    - On Top of Things: how often have you felt that you were on top of things?
    - Angered by Uncontrollable Events: how often have you been angered because of things that happened that were outside of your control?
    - Felt Overwhelmed: how often have you felt difficulties were piling up so high that you could not overcome them?
17. Anxiety Symptoms Frequency: Next, you will be asked questions about your emotional state. Please answer on a scale of 0 to 3, where 0 is 'Not at all', 1 is 'several days', 2 is 'more than half of the days', and 3 is 'Nearly every day'. Over the last two weeks, how often have you been bothered by the following problems? [Likert 0–3]
    - Feeling Nervous or On Edge: Feeling nervous, anxious, or on edge
    - Uncontrollable Worrying: Not being able to stop or control worrying
    - Excessive Worry: Worrying too much about different things
    - Trouble Relaxing: Trouble relaxing
    - Restlessness: Being so restless that it is hard to sit still
    - Irritability: Becoming easily annoyed or irritable
    - Fear Something Awful Might Happen: Feeling afraid, as if something awful might happen
18. Depressive Symptoms Frequency: Next, you will be asked questions about your emotional state. Please answer on a scale of 0 to 3, where 0 is 'Not at all', 1 is 'several days', 2 is 'more than half of the days', and 3 is 'Nearly every day'. Over the last two weeks, how often have you been bothered by the following problems?
    - Anhedonia: Little interest or pleasure in doing things
    - Depressed Mood: Feeling down, depressed, or hopeless
    - Sleep Problems: Trouble falling or staying asleep, or sleeping too much
    - Fatigue: Feeling tired or having little energy
    - Appetite Changes: Poor appetite or overeating
    - Feelings of Worthlessness: Feeling bad about yourself or that you are a failure or have let yourself or your family down
    - Concentration Difficulties: Trouble concentrating on things, such as reading the newspaper or watching television
    - Psychomotor Changes: Moving or speaking so slowly that other people could have noticed. Or the opposite — being so fidgety or restless that you have been moving around a lot more than usual
    - Suicidal Thoughts: Thoughts that you would be better off dead, or of hurting yourself

Responses:
==================================================

Respondent 94:
- Year of birth: 2003.0
- Gender: 1.0
- Socio-economic status: 4.0
- Ethnic identity: 6.0
- Parental Education:
  - Father: 30.0
  - Mother: 37.0
- Life satisfaction: 8.0
- Happiness: 8.0
- Laughter: 9.0
- Learning: 10.0
- Enjoyment: 7.0
- Worry: 1.0
- Depression: 0.0
- Anger: 1.0
- Stress: 4.0
- Loneliness: 0.0
- Emotional Regulation Frequency:
  - Upset by Unexpected Events: 1.0
  - Unable to Control Important Things: 3.0
  - Lacked Confidence Handling Problems: 3.0
  - Unable to Cope: 2.0
  - Irritated by Life: 3.0
  - On Top of Things: 3.0
- Anxiety Symptoms Frequency:
  - Feeling Nervous or On Edge: 3.0
  - Trouble Relaxing: 0.0
  - Restlessness: 0.0
  - Irritability: 1.0
  - Fear Something Awful Might Happen: 0.0
- Depressive Symptoms Frequency:
  - Anhedonia: 0.0
  - Sleep Problems: 0.0
  - Fatigue: 2.0
  - Appetite Changes: 3.0
  - Feelings of Worthlessness: 1.0
  - Concentration Difficulties: 1.0
  - Suicidal Thoughts: 0.0

Respondent 48:
- Year of birth: 2005.0
- Gender: 1.0
- Socio-economic status: 4.0
- Ethnic identity: 6.0
- Life satisfaction: 10.0
- Happiness: 8.0
- Laughter: 7.0
- Learning: 8.0
- Enjoyment: 5.0
- Worry: 0.0
- Depression: 0.0
- Anger: 1.0
- Stress: 1.0
- Loneliness: 3.0
- Emotional Regulation Frequency:
  - Upset by Unexpected Events: 1.0
  - Unable to Control Important Things: 1.0
  - Lacked Confidence Handling Problems: 3.0
  - Unable to Cope: 1.0
  - Irritated by Life: 3.0
  - On Top of Things: 3.0
- Anxiety Symptoms Frequency:
  - Feeling Nervous or On Edge: 0.0
  - Trouble Relaxing: 1.0
  - Restlessness: 1.0
  - Irritability: 1.0
  - Fear Something Awful Might Happen: 0.0
- Depressive Symptoms Frequency:
  - Anhedonia: 0.0
  - Sleep Problems: 3.0
  - Fatigue: 1.0
  - Appetite Changes: 1.0
  - Feelings of Worthlessness: 0.0
  - Concentration Difficulties: 2.0
  - Suicidal Thoughts: 0.0

Respondent 84:
- Year of birth: 2004.0
- Gender: 2.0
- Socio-economic status: 2.0
- Ethnic identity: 5.0
- Parental Education:
  - Father: 3.0
  - Mother: 5.0
- Life satisfaction: 5.0
- Happiness: 5.0
- Laughter: 3.0
- Learning: 1.0
- Enjoyment: 5.0
- Worry: 2.0
- Depression: 2.0
- Anger: 4.0
- Stress: 4.0
- Loneliness: 10.0
- Emotional Regulation Frequency:
  - Upset by Unexpected Events: 3.0
  - Unable to Control Important Things: 4.0
  - Lacked Confidence Handling Problems: 1.0
  - Unable to Cope: 3.0
  - Irritated by Life: 2.0
  - On Top of Things: 1.0
- Anxiety Symptoms Frequency:
  - Feeling Nervous or On Edge: 1.0
  - Trouble Relaxing: 1.0
  - Restlessness: 0.0
  - Irritability: 0.0
  - Fear Something Awful Might Happen: 1.0
- Depressive Symptoms Frequency:
  - Anhedonia: 2.0
  - Sleep Problems: 0.0
  - Fatigue: 2.0
  - Appetite Changes: 0.0
  - Feelings of Worthlessness: 3.0
  - Concentration Difficulties: 1.0
  - Suicidal Thoughts: 0.0

Respondent 121:
- Year of birth: 2002.0
- Gender: 1.0
- Socio-economic status: 6.0
- Ethnic identity: 6.0
- Parental Education:
  - Father: 17.0
  - Mother: 15.0
- Life satisfaction: 9.0
- Happiness: 7.0
- Laughter: 7.0
- Learning: 10.0
- Enjoyment: 9.0
- Worry: 2.0
- Depression: 0.0
- Anger: 2.0
- Stress: 1.0
- Loneliness: 0.0
- Emotional Regulation Frequency:
  - Upset by Unexpected Events: 1.0
  - Unable to Control Important Things: 1.0
  - Lacked Confidence Handling Problems: 3.0
  - Unable to Cope: 2.0
  - Irritated by Life: 2.0
  - On Top of Things: 2.0
- Anxiety Symptoms Frequency:
  - Feeling Nervous or On Edge: 1.0
  - Trouble Relaxing: 0.0
  - Restlessness: 0.0
  - Irritability: 0.0
  - Fear Something Awful Might Happen: 0.0
- Depressive Symptoms Frequency:
  - Anhedonia: 1.0
  - Sleep Problems: 0.0
  - Fatigue: 1.0
  - Appetite Changes: 0.0
  - Feelings of Worthlessness: 0.0
  - Concentration Difficulties: 0.0
  - Suicidal Thoughts: 0.0

Respondent 141:
- Year of birth: 2001.0
- Gender: 2.0
- Socio-economic status: 2.0
- Ethnic identity: 6.0
- Parental Education:
  - Father: 12.0
  - Mother: 12.0
- Life satisfaction: 4.0
- Happiness: 5.0
- Laughter: 3.0
- Learning: 7.0
- Enjoyment: 7.0
- Worry: 2.0
- Depression: 2.0
- Anger: 4.0
- Stress: 4.0
- Loneliness: 8.0
- Emotional Regulation Frequency:
  - Upset by Unexpected Events: 3.0
  - Unable to Control Important Things: 4.0
  - Lacked Confidence Handling Problems: 2.0
  - Unable to Cope: 2.0
  - Irritated by Life: 2.0
  - On Top of Things: 2.0
- Anxiety Symptoms Frequency:
  - Feeling Nervous or On Edge: 1.0
  - Trouble Relaxing: 0.0
  - Restlessness: 0.0
  - Irritability: 3.0
  - Fear Something Awful Might Happen: 1.0
- Depressive Symptoms Frequency:
  - Anhedonia: 3.0
  - Sleep Problems: 2.0
  - Fatigue: 0.0
  - Appetite Changes: 1.0
  - Feelings of Worthlessness: 2.0
  - Concentration Difficulties: 2.0
  - Suicidal Thoughts: 1.0

Respondent 8:
- Year of birth: 2002.0
- Gender: 1.0
- Socio-economic status: 5.0
- Ethnic identity: 6.0
- Life satisfaction: 7.0
- Happiness: 8.0
- Laughter: 8.0
- Learning: 7.0
- Enjoyment: 8.0
- Worry: 1.0
- Depression: 0.0
- Anger: 2.0
- Stress: 3.0
- Loneliness: 0.0
- Emotional Regulation Frequency:
  - Upset by Unexpected Events: 1.0
  - Unable to Control Important Things: 1.0
  - Lacked Confidence Handling Problems: 2.0
  - Unable to Cope: 2.0
  - Irritated by Life: 3.0
  - On Top of Things: 2.0
- Anxiety Symptoms Frequency:
  - Feeling Nervous or On Edge: 1.0
  - Trouble Relaxing: 1.0
  - Restlessness: 0.0
  - Irritability: 1.0
  - Fear Something Awful Might Happen: 0.0
- Depressive Symptoms Frequency:
  - Anhedonia: 0.0
  - Sleep Problems: 1.0
  - Fatigue: 0.0
  - Appetite Changes: 1.0
  - Feelings of Worthlessness: 0.0
  - Concentration Difficulties: 0.0
  - Suicidal Thoughts: 0.0

Respondent 71:
- Year of birth: 2001.0
- Gender: 2.0
- Socio-economic status: 4.0
- Ethnic identity: 6.0
- Parental Education:
  - Father: 15.0
  - Mother: 17.0
- Life satisfaction: 8.0
- Happiness: 9.0
- Laughter: 7.0
- Learning: 5.0
- Enjoyment: 8.0
- Worry: 1.0
- Depression: 0.0
- Anger: 2.0
- Stress: 1.0
- Loneliness: 5.0
- Emotional Regulation Frequency:
  - Upset by Unexpected Events: 1.0
  - Unable to Control Important Things: 1.0
  - Lacked Confidence Handling Problems: 3.0
  - Unable to Cope: 1.0
  - Irritated by Life: 3.0
  - On Top of Things: 3.0
- Anxiety Symptoms Frequency:
  - Feeling Nervous or On Edge: 0.0
  - Trouble Relaxing: 0.0
  - Restlessness: 0.0
  - Irritability: 0.0
  - Fear Something Awful Might Happen: 0.0
- Depressive Symptoms Frequency:
  - Anhedonia: 0.0
  - Sleep Problems: 0.0
  - Fatigue: 0.0
  - Appetite Changes: 0.0
  - Feelings of Worthlessness: 0.0
  - Concentration Difficulties: 0.0
  - Suicidal Thoughts: 0.0

Respondent 150:
- Year of birth: 2005.0
- Gender: 2.0
- Socio-economic status: 3.0
- Ethnic identity: 6.0
- Life satisfaction: 7.0
- Happiness: 9.0
- Laughter: 8.0
- Learning: 8.0
- Enjoyment: 9.0
- Worry: 1.0
- Depression: 1.0
- Anger: 3.0
- Stress: 3.0
- Loneliness: 3.0
- Emotional Regulation Frequency:
  - Upset by Unexpected Events: 3.0
  - Unable to Control Important Things: 2.0
  - Lacked Confidence Handling Problems: 2.0
  - Unable to Cope: 2.0
  - Irritated by Life: 3.0
  - On Top of Things: 2.0
- Anxiety Symptoms Frequency:
  - Feeling Nervous or On Edge: 1.0
  - Trouble Relaxing: 1.0
  - Restlessness: 0.0
  - Irritability: 1.0
  - Fear Something Awful Might Happen: 1.0
- Depressive Symptoms Frequency:
  - Anhedonia: 1.0
  - Sleep Problems: 3.0
  - Fatigue: 2.0
  - Appetite Changes: 1.0
  - Feelings of Worthlessness: 1.0
  - Concentration Difficulties: 0.0
  - Suicidal Thoughts: 0.0

Respondent 3:
- Year of birth: 2002.0
- Gender: 1.0
- Socio-economic status: 5.0
- Ethnic identity: 6.0
- Parental Education:
  - Father: 16.0
  - Mother: 16.0
- Life satisfaction: 10.0
- Happiness: 9.0
- Laughter: 10.0
- Learning: 7.0
- Enjoyment: 10.0
- Worry: 1.0
- Depression: 1.0
- Anger: 1.0
- Stress: 2.0
- Loneliness: 0.0
- Emotional Regulation Frequency:
  - Upset by Unexpected Events: 2.0
  - Unable to Control Important Things: 1.0
  - Lacked Confidence Handling Problems: 3.0
  - Unable to Cope: 2.0
  - Irritated by Life: 3.0
  - On Top of Things: 1.0
- Anxiety Symptoms Frequency:
  - Feeling Nervous or On Edge: 1.0
  - Trouble Relaxing: 2.0
  - Restlessness: 1.0
  - Irritability: 0.0
  - Fear Something Awful Might Happen: 1.0
- Depressive Symptoms Frequency:
  - Anhedonia: 0.0
  - Sleep Problems: 0.0
  - Fatigue: 2.0
  - Appetite Changes: 2.0
  - Feelings of Worthlessness: 1.0
  - Concentration Difficulties: 1.0
  - Suicidal Thoughts: 0.0
",9,"How many respondents are there?

DATA:

Survey Data
==================================================

Questions:
1. Year of birth: What is your date of birth? [Open-ended]
2. Gender: What is your gender? [MCQ: 1. Male 2. Female]
3. Socio-economic status: What is the socio-economic status of your home? [Likert 1–6: 1 = Very low, 6 = Very high]
4. Ethnic identity: According to your culture, people, or physical features, you are or are recognized as: [MCQ: 1. Indigenous 2. Gypsy 3. Raizal from San Andres, Providencia and Santa Catalina Archipelago 4. Palenquero from San Basilio 5. Black, mulatto (Afro-descendant), Afro-Colombian 6. None of the above]
5. Parental Education: How many years of education did your parents receive? [Open-ended]
   - Father: Father?
   - Mother: Mother?
6. Life satisfaction: In general, how satisfied are you with all aspects of your life? [Likert 0–10: 0 = Not satisfied, 10 = Totally satisfied]
7. Happiness: How happy did you feel yesterday? [Likert 0–10: 0 = At no time, 10 = All the time]
8. Laughter: How much did you laugh yesterday? [Likert 0–10: 0 = At no time, 10 = All the time]
9. Learning: Did you learn new or exciting things yesterday? [Likert 0–10: 0 = At no time, 10 = All the time]
10. Enjoyment: How much did you enjoy the activities you did yesterday? [Likert 0–10: 0 = At no time, 10 = All the time]
11. Worry: How worried did you feel yesterday? [Likert 0–10: 0 = At no time, 10 = All the time]
12. Depression: How depressed did you feel yesterday? [Likert 0–10: 0 = At no time, 10 = All the time]
13. Anger: How angry did you feel yesterday? [Likert 0–10: 0 = At no time, 10 = All the time]
14. Stress: How much stress did you feel yesterday? [Likert 0–10: 0 = At no time, 10 = All the time]
15. Loneliness: How lonely or unsupported did you feel yesterday? [Likert 0–10: 0 = At no time, 10 = All the time]
16. Emotional Regulation Frequency: Next, you will be asked questions about your emotional state. Please answer on a scale of 0 to 4, where 0 is never, 1 is 'almost never', 2 is 'sometimes', 3 is 'fairly often', and 4 is 'very often', how often you experienced the following feelings during the last month: [Likert 0–4]
    - Upset by Unexpected Events: how often have you been upset because of something that happened unexpectedly?
    - Unable to Control Important Things: how often have you felt that you were unable to control the important things in your life?
    - Nervous and Stressed: how often have you felt nervous and stressed?
    - Lacked Confidence Handling Problems: how often have you felt confident about your ability to handle your personal problems?
    - Things Going Your Way: how often have you felt that things were going your way?
    - Unable to Cope: how often have you found that you could not cope with all the things that you had to do?
    - Irritated by Life: how often have you been able to control irritations in your life?
    - On Top of Things: how often have you felt that you were on top of things?
    - Angered by Uncontrollable Events: how often have you been angered because of things that happened that were outside of your control?
    - Felt Overwhelmed: how often have you felt difficulties were piling up so high that you could not overcome them?
17. Anxiety Symptoms Frequency: Next, you will be asked questions about your emotional state. Please answer on a scale of 0 to 3, where 0 is 'Not at all', 1 is 'several days', 2 is 'more than half of the days', and 3 is 'Nearly every day'. Over the last two weeks, how often have you been bothered by the following problems? [Likert 0–3]
    - Feeling Nervous or On Edge: Feeling nervous, anxious, or on edge
    - Uncontrollable Worrying: Not being able to stop or control worrying
    - Excessive Worry: Worrying too much about different things
    - Trouble Relaxing: Trouble relaxing
    - Restlessness: Being so restless that it is hard to sit still
    - Irritability: Becoming easily annoyed or irritable
    - Fear Something Awful Might Happen: Feeling afraid, as if something awful might happen
18. Depressive Symptoms Frequency: Next, you will be asked questions about your emotional state. Please answer on a scale of 0 to 3, where 0 is 'Not at all', 1 is 'several days', 2 is 'more than half of the days', and 3 is 'Nearly every day'. Over the last two weeks, how often have you been bothered by the following problems?
    - Anhedonia: Little interest or pleasure in doing things
    - Depressed Mood: Feeling down, depressed, or hopeless
    - Sleep Problems: Trouble falling or staying asleep, or sleeping too much
    - Fatigue: Feeling tired or having little energy
    - Appetite Changes: Poor appetite or overeating
    - Feelings of Worthlessness: Feeling bad about yourself or that you are a failure or have let yourself or your family down
    - Concentration Difficulties: Trouble concentrating on things, such as reading the newspaper or watching television
    - Psychomotor Changes: Moving or speaking so slowly that other people could have noticed. Or the opposite — being so fidgety or restless that you have been moving around a lot more than usual
    - Suicidal Thoughts: Thoughts that you would be better off dead, or of hurting yourself

Responses:
==================================================

Respondent 119:
- Year of birth: 2004.0
- Gender: 1.0
- Socio-economic status: 1.0
- Ethnic identity: 6.0
- Life satisfaction: 4.0
- Happiness: 8.0
- Laughter: 8.0
- Learning: 8.0
- Enjoyment: 8.0
- Worry: 1.0
- Depression: 1.0
- Anger: 2.0
- Stress: 2.0
- Loneliness: 2.0
- Emotional Regulation Frequency:
  - Upset by Unexpected Events: 2.0
  - Unable to Control Important Things: 2.0
  - Lacked Confidence Handling Problems: 2.0
  - Unable to Cope: 2.0
  - Irritated by Life: 2.0
  - On Top of Things: 2.0
- Anxiety Symptoms Frequency:
  - Feeling Nervous or On Edge: 1.0
  - Trouble Relaxing: 1.0
  - Restlessness: 1.0
  - Irritability: 1.0
  - Fear Something Awful Might Happen: 1.0
- Depressive Symptoms Frequency:
  - Anhedonia: 1.0
  - Sleep Problems: 1.0
  - Fatigue: 1.0
  - Appetite Changes: 0.0
  - Feelings of Worthlessness: 1.0
  - Concentration Difficulties: 0.0
  - Suicidal Thoughts: 0.0

Respondent 116:
- Year of birth: 2004.0
- Gender: 1.0
- Socio-economic status: 5.0
- Ethnic identity: 6.0
- Parental Education:
  - Father: 17.0
  - Mother: 17.0
- Life satisfaction: 8.0
- Happiness: 8.0
- Laughter: 7.0
- Learning: 7.0
- Enjoyment: 9.0
- Worry: 1.0
- Depression: 1.0
- Anger: 2.0
- Stress: 3.0
- Loneliness: 1.0
- Emotional Regulation Frequency:
  - Upset by Unexpected Events: 2.0
  - Unable to Control Important Things: 2.0
  - Lacked Confidence Handling Problems: 3.0
  - Unable to Cope: 2.0
  - Irritated by Life: 3.0
  - On Top of Things: 2.0
- Anxiety Symptoms Frequency:
  - Feeling Nervous or On Edge: 2.0
  - Trouble Relaxing: 1.0
  - Restlessness: 2.0
  - Irritability: 1.0
  - Fear Something Awful Might Happen: 2.0
- Depressive Symptoms Frequency:
  - Anhedonia: 1.0
  - Sleep Problems: 0.0
  - Fatigue: 2.0
  - Appetite Changes: 2.0
  - Feelings of Worthlessness: 1.0
  - Concentration Difficulties: 2.0
  - Suicidal Thoughts: 0.0

Answer: 2

Survey Data
==================================================

Questions:
1. Year of birth: What is your date of birth? [Open-ended]
2. Gender: What is your gender? [MCQ: 1. Male 2. Female]
3. Socio-economic status: What is the socio-economic status of your home? [Likert 1–6: 1 = Very low, 6 = Very high]
4. Ethnic identity: According to your culture, people, or physical features, you are or are recognized as: [MCQ: 1. Indigenous 2. Gypsy 3. Raizal from San Andres, Providencia and Santa Catalina Archipelago 4. Palenquero from San Basilio 5. Black, mulatto (Afro-descendant), Afro-Colombian 6. None of the above]
5. Parental Education: How many years of education did your parents receive? [Open-ended]
   - Father: Father?
   - Mother: Mother?
6. Life satisfaction: In general, how satisfied are you with all aspects of your life? [Likert 0–10: 0 = Not satisfied, 10 = Totally satisfied]
7. Happiness: How happy did you feel yesterday? [Likert 0–10: 0 = At no time, 10 = All the time]
8. Laughter: How much did you laugh yesterday? [Likert 0–10: 0 = At no time, 10 = All the time]
9. Learning: Did you learn new or exciting things yesterday? [Likert 0–10: 0 = At no time, 10 = All the time]
10. Enjoyment: How much did you enjoy the activities you did yesterday? [Likert 0–10: 0 = At no time, 10 = All the time]
11. Worry: How worried did you feel yesterday? [Likert 0–10: 0 = At no time, 10 = All the time]
12. Depression: How depressed did you feel yesterday? [Likert 0–10: 0 = At no time, 10 = All the time]
13. Anger: How angry did you feel yesterday? [Likert 0–10: 0 = At no time, 10 = All the time]
14. Stress: How much stress did you feel yesterday? [Likert 0–10: 0 = At no time, 10 = All the time]
15. Loneliness: How lonely or unsupported did you feel yesterday? [Likert 0–10: 0 = At no time, 10 = All the time]
16. Emotional Regulation Frequency: Next, you will be asked questions about your emotional state. Please answer on a scale of 0 to 4, where 0 is never, 1 is 'almost never', 2 is 'sometimes', 3 is 'fairly often', and 4 is 'very often', how often you experienced the following feelings during the last month: [Likert 0–4]
    - Upset by Unexpected Events: how often have you been upset because of something that happened unexpectedly?
    - Unable to Control Important Things: how often have you felt that you were unable to control the important things in your life?
    - Nervous and Stressed: how often have you felt nervous and stressed?
    - Lacked Confidence Handling Problems: how often have you felt confident about your ability to handle your personal problems?
    - Things Going Your Way: how often have you felt that things were going your way?
    - Unable to Cope: how often have you found that you could not cope with all the things that you had to do?
    - Irritated by Life: how often have you been able to control irritations in your life?
    - On Top of Things: how often have you felt that you were on top of things?
    - Angered by Uncontrollable Events: how often have you been angered because of things that happened that were outside of your control?
    - Felt Overwhelmed: how often have you felt difficulties were piling up so high that you could not overcome them?
17. Anxiety Symptoms Frequency: Next, you will be asked questions about your emotional state. Please answer on a scale of 0 to 3, where 0 is 'Not at all', 1 is 'several days', 2 is 'more than half of the days', and 3 is 'Nearly every day'. Over the last two weeks, how often have you been bothered by the following problems? [Likert 0–3]
    - Feeling Nervous or On Edge: Feeling nervous, anxious, or on edge
    - Uncontrollable Worrying: Not being able to stop or control worrying
    - Excessive Worry: Worrying too much about different things
    - Trouble Relaxing: Trouble relaxing
    - Restlessness: Being so restless that it is hard to sit still
    - Irritability: Becoming easily annoyed or irritable
    - Fear Something Awful Might Happen: Feeling afraid, as if something awful might happen
18. Depressive Symptoms Frequency: Next, you will be asked questions about your emotional state. Please answer on a scale of 0 to 3, where 0 is 'Not at all', 1 is 'several days', 2 is 'more than half of the days', and 3 is 'Nearly every day'. Over the last two weeks, how often have you been bothered by the following problems?
    - Anhedonia: Little interest or pleasure in doing things
    - Depressed Mood: Feeling down, depressed, or hopeless
    - Sleep Problems: Trouble falling or staying asleep, or sleeping too much
    - Fatigue: Feeling tired or having little energy
    - Appetite Changes: Poor appetite or overeating
    - Feelings of Worthlessness: Feeling bad about yourself or that you are a failure or have let yourself or your family down
    - Concentration Difficulties: Trouble concentrating on things, such as reading the newspaper or watching television
    - Psychomotor Changes: Moving or speaking so slowly that other people could have noticed. Or the opposite — being so fidgety or restless that you have been moving around a lot more than usual
    - Suicidal Thoughts: Thoughts that you would be better off dead, or of hurting yourself

Responses:
==================================================

Respondent 94:
- Year of birth: 2003.0
- Gender: 1.0
- Socio-economic status: 4.0
- Ethnic identity: 6.0
- Parental Education:
  - Father: 30.0
  - Mother: 37.0
- Life satisfaction: 8.0
- Happiness: 8.0
- Laughter: 9.0
- Learning: 10.0
- Enjoyment: 7.0
- Worry: 1.0
- Depression: 0.0
- Anger: 1.0
- Stress: 4.0
- Loneliness: 0.0
- Emotional Regulation Frequency:
  - Upset by Unexpected Events: 1.0
  - Unable to Control Important Things: 3.0
  - Lacked Confidence Handling Problems: 3.0
  - Unable to Cope: 2.0
  - Irritated by Life: 3.0
  - On Top of Things: 3.0
- Anxiety Symptoms Frequency:
  - Feeling Nervous or On Edge: 3.0
  - Trouble Relaxing: 0.0
  - Restlessness: 0.0
  - Irritability: 1.0
  - Fear Something Awful Might Happen: 0.0
- Depressive Symptoms Frequency:
  - Anhedonia: 0.0
  - Sleep Problems: 0.0
  - Fatigue: 2.0
  - Appetite Changes: 3.0
  - Feelings of Worthlessness: 1.0
  - Concentration Difficulties: 1.0
  - Suicidal Thoughts: 0.0

Respondent 48:
- Year of birth: 2005.0
- Gender: 1.0
- Socio-economic status: 4.0
- Ethnic identity: 6.0
- Life satisfaction: 10.0
- Happiness: 8.0
- Laughter: 7.0
- Learning: 8.0
- Enjoyment: 5.0
- Worry: 0.0
- Depression: 0.0
- Anger: 1.0
- Stress: 1.0
- Loneliness: 3.0
- Emotional Regulation Frequency:
  - Upset by Unexpected Events: 1.0
  - Unable to Control Important Things: 1.0
  - Lacked Confidence Handling Problems: 3.0
  - Unable to Cope: 1.0
  - Irritated by Life: 3.0
  - On Top of Things: 3.0
- Anxiety Symptoms Frequency:
  - Feeling Nervous or On Edge: 0.0
  - Trouble Relaxing: 1.0
  - Restlessness: 1.0
  - Irritability: 1.0
  - Fear Something Awful Might Happen: 0.0
- Depressive Symptoms Frequency:
  - Anhedonia: 0.0
  - Sleep Problems: 3.0
  - Fatigue: 1.0
  - Appetite Changes: 1.0
  - Feelings of Worthlessness: 0.0
  - Concentration Difficulties: 2.0
  - Suicidal Thoughts: 0.0

Respondent 84:
- Year of birth: 2004.0
- Gender: 2.0
- Socio-economic status: 2.0
- Ethnic identity: 5.0
- Parental Education:
  - Father: 3.0
  - Mother: 5.0
- Life satisfaction: 5.0
- Happiness: 5.0
- Laughter: 3.0
- Learning: 1.0
- Enjoyment: 5.0
- Worry: 2.0
- Depression: 2.0
- Anger: 4.0
- Stress: 4.0
- Loneliness: 10.0
- Emotional Regulation Frequency:
  - Upset by Unexpected Events: 3.0
  - Unable to Control Important Things: 4.0
  - Lacked Confidence Handling Problems: 1.0
  - Unable to Cope: 3.0
  - Irritated by Life: 2.0
  - On Top of Things: 1.0
- Anxiety Symptoms Frequency:
  - Feeling Nervous or On Edge: 1.0
  - Trouble Relaxing: 1.0
  - Restlessness: 0.0
  - Irritability: 0.0
  - Fear Something Awful Might Happen: 1.0
- Depressive Symptoms Frequency:
  - Anhedonia: 2.0
  - Sleep Problems: 0.0
  - Fatigue: 2.0
  - Appetite Changes: 0.0
  - Feelings of Worthlessness: 3.0
  - Concentration Difficulties: 1.0
  - Suicidal Thoughts: 0.0

Respondent 121:
- Year of birth: 2002.0
- Gender: 1.0
- Socio-economic status: 6.0
- Ethnic identity: 6.0
- Parental Education:
  - Father: 17.0
  - Mother: 15.0
- Life satisfaction: 9.0
- Happiness: 7.0
- Laughter: 7.0
- Learning: 10.0
- Enjoyment: 9.0
- Worry: 2.0
- Depression: 0.0
- Anger: 2.0
- Stress: 1.0
- Loneliness: 0.0
- Emotional Regulation Frequency:
  - Upset by Unexpected Events: 1.0
  - Unable to Control Important Things: 1.0
  - Lacked Confidence Handling Problems: 3.0
  - Unable to Cope: 2.0
  - Irritated by Life: 2.0
  - On Top of Things: 2.0
- Anxiety Symptoms Frequency:
  - Feeling Nervous or On Edge: 1.0
  - Trouble Relaxing: 0.0
  - Restlessness: 0.0
  - Irritability: 0.0
  - Fear Something Awful Might Happen: 0.0
- Depressive Symptoms Frequency:
  - Anhedonia: 1.0
  - Sleep Problems: 0.0
  - Fatigue: 1.0
  - Appetite Changes: 0.0
  - Feelings of Worthlessness: 0.0
  - Concentration Difficulties: 0.0
  - Suicidal Thoughts: 0.0

Respondent 141:
- Year of birth: 2001.0
- Gender: 2.0
- Socio-economic status: 2.0
- Ethnic identity: 6.0
- Parental Education:
  - Father: 12.0
  - Mother: 12.0
- Life satisfaction: 4.0
- Happiness: 5.0
- Laughter: 3.0
- Learning: 7.0
- Enjoyment: 7.0
- Worry: 2.0
- Depression: 2.0
- Anger: 4.0
- Stress: 4.0
- Loneliness: 8.0
- Emotional Regulation Frequency:
  - Upset by Unexpected Events: 3.0
  - Unable to Control Important Things: 4.0
  - Lacked Confidence Handling Problems: 2.0
  - Unable to Cope: 2.0
  - Irritated by Life: 2.0
  - On Top of Things: 2.0
- Anxiety Symptoms Frequency:
  - Feeling Nervous or On Edge: 1.0
  - Trouble Relaxing: 0.0
  - Restlessness: 0.0
  - Irritability: 3.0
  - Fear Something Awful Might Happen: 1.0
- Depressive Symptoms Frequency:
  - Anhedonia: 3.0
  - Sleep Problems: 2.0
  - Fatigue: 0.0
  - Appetite Changes: 1.0
  - Feelings of Worthlessness: 2.0
  - Concentration Difficulties: 2.0
  - Suicidal Thoughts: 1.0

Respondent 8:
- Year of birth: 2002.0
- Gender: 1.0
- Socio-economic status: 5.0
- Ethnic identity: 6.0
- Life satisfaction: 7.0
- Happiness: 8.0
- Laughter: 8.0
- Learning: 7.0
- Enjoyment: 8.0
- Worry: 1.0
- Depression: 0.0
- Anger: 2.0
- Stress: 3.0
- Loneliness: 0.0
- Emotional Regulation Frequency:
  - Upset by Unexpected Events: 1.0
  - Unable to Control Important Things: 1.0
  - Lacked Confidence Handling Problems: 2.0
  - Unable to Cope: 2.0
  - Irritated by Life: 3.0
  - On Top of Things: 2.0
- Anxiety Symptoms Frequency:
  - Feeling Nervous or On Edge: 1.0
  - Trouble Relaxing: 1.0
  - Restlessness: 0.0
  - Irritability: 1.0
  - Fear Something Awful Might Happen: 0.0
- Depressive Symptoms Frequency:
  - Anhedonia: 0.0
  - Sleep Problems: 1.0
  - Fatigue: 0.0
  - Appetite Changes: 1.0
  - Feelings of Worthlessness: 0.0
  - Concentration Difficulties: 0.0
  - Suicidal Thoughts: 0.0

Respondent 71:
- Year of birth: 2001.0
- Gender: 2.0
- Socio-economic status: 4.0
- Ethnic identity: 6.0
- Parental Education:
  - Father: 15.0
  - Mother: 17.0
- Life satisfaction: 8.0
- Happiness: 9.0
- Laughter: 7.0
- Learning: 5.0
- Enjoyment: 8.0
- Worry: 1.0
- Depression: 0.0
- Anger: 2.0
- Stress: 1.0
- Loneliness: 5.0
- Emotional Regulation Frequency:
  - Upset by Unexpected Events: 1.0
  - Unable to Control Important Things: 1.0
  - Lacked Confidence Handling Problems: 3.0
  - Unable to Cope: 1.0
  - Irritated by Life: 3.0
  - On Top of Things: 3.0
- Anxiety Symptoms Frequency:
  - Feeling Nervous or On Edge: 0.0
  - Trouble Relaxing: 0.0
  - Restlessness: 0.0
  - Irritability: 0.0
  - Fear Something Awful Might Happen: 0.0
- Depressive Symptoms Frequency:
  - Anhedonia: 0.0
  - Sleep Problems: 0.0
  - Fatigue: 0.0
  - Appetite Changes: 0.0
  - Feelings of Worthlessness: 0.0
  - Concentration Difficulties: 0.0
  - Suicidal Thoughts: 0.0

Respondent 150:
- Year of birth: 2005.0
- Gender: 2.0
- Socio-economic status: 3.0
- Ethnic identity: 6.0
- Life satisfaction: 7.0
- Happiness: 9.0
- Laughter: 8.0
- Learning: 8.0
- Enjoyment: 9.0
- Worry: 1.0
- Depression: 1.0
- Anger: 3.0
- Stress: 3.0
- Loneliness: 3.0
- Emotional Regulation Frequency:
  - Upset by Unexpected Events: 3.0
  - Unable to Control Important Things: 2.0
  - Lacked Confidence Handling Problems: 2.0
  - Unable to Cope: 2.0
  - Irritated by Life: 3.0
  - On Top of Things: 2.0
- Anxiety Symptoms Frequency:
  - Feeling Nervous or On Edge: 1.0
  - Trouble Relaxing: 1.0
  - Restlessness: 0.0
  - Irritability: 1.0
  - Fear Something Awful Might Happen: 1.0
- Depressive Symptoms Frequency:
  - Anhedonia: 1.0
  - Sleep Problems: 3.0
  - Fatigue: 2.0
  - Appetite Changes: 1.0
  - Feelings of Worthlessness: 1.0
  - Concentration Difficulties: 0.0
  - Suicidal Thoughts: 0.0

Respondent 3:
- Year of birth: 2002.0
- Gender: 1.0
- Socio-economic status: 5.0
- Ethnic identity: 6.0
- Parental Education:
  - Father: 16.0
  - Mother: 16.0
- Life satisfaction: 10.0
- Happiness: 9.0
- Laughter: 10.0
- Learning: 7.0
- Enjoyment: 10.0
- Worry: 1.0
- Depression: 1.0
- Anger: 1.0
- Stress: 2.0
- Loneliness: 0.0
- Emotional Regulation Frequency:
  - Upset by Unexpected Events: 2.0
  - Unable to Control Important Things: 1.0
  - Lacked Confidence Handling Problems: 3.0
  - Unable to Cope: 2.0
  - Irritated by Life: 3.0
  - On Top of Things: 1.0
- Anxiety Symptoms Frequency:
  - Feeling Nervous or On Edge: 1.0
  - Trouble Relaxing: 2.0
  - Restlessness: 1.0
  - Irritability: 0.0
  - Fear Something Awful Might Happen: 1.0
- Depressive Symptoms Frequency:
  - Anhedonia: 0.0
  - Sleep Problems: 0.0
  - Fatigue: 2.0
  - Appetite Changes: 2.0
  - Feelings of Worthlessness: 1.0
  - Concentration Difficulties: 1.0
  - Suicidal Thoughts: 0.0

You are a meticulous data analyst AI. Your primary function is to accurately analyze structured data and provide precise, verifiable answers.

You will be given a dataset with two key parts:

A 'questions' section: This is your data dictionary or schema. It is the single source of truth for understanding what each field and score means. Refer to it carefully.

A 'responses' section: This contains the raw data from each individual respondent.

To answer the question correctly, you must first use the 'questions' schema to fully understand the context and meaning of the data points within the 'responses'. Do not rely on any prior knowledge outside of this provided data. Base your entire analysis on the information given.

Provide your final answer directly and concisely. Output must be the human-readable value, not an option code.

Rules:
- For MCQ fields, map any letter codes in the Responses (case-insensitive) to the corresponding option text from the Questions schema, and output only that text. Do NOT include the letter or both.
  Example: If the schema is ""[MCQ: A. Abnormal B. Inconclusive C. Normal]"" and the response is ""a"", output ""Abnormal"".
- For open-ended fields, output the exact text value.
- If the question asks for a count, provide only the number (e.g., ""42"").
- If the question asks for a list of names or IDs, provide a simple comma-separated list (e.g., ""17, 21, 23"").
- Preserve capitalization exactly as in the schema (e.g., output ""Abnormal"", not ""abnormal"" or ""A"").

How many respondents are there?",11,False
case_8,respondent_count,How many respondents are there?,"Survey Data
==================================================

Questions:
1. Year of birth: What is your date of birth? [Open-ended]
2. Gender: What is your gender? [MCQ: 1. Male 2. Female]
3. Socio-economic status: What is the socio-economic status of your home? [Likert 1–6: 1 = Very low, 6 = Very high]
4. Ethnic identity: According to your culture, people, or physical features, you are or are recognized as: [MCQ: 1. Indigenous 2. Gypsy 3. Raizal from San Andres, Providencia and Santa Catalina Archipelago 4. Palenquero from San Basilio 5. Black, mulatto (Afro-descendant), Afro-Colombian 6. None of the above]
5. Parental Education: How many years of education did your parents receive? [Open-ended]
   - Father: Father?
   - Mother: Mother?
6. Life satisfaction: In general, how satisfied are you with all aspects of your life? [Likert 0–10: 0 = Not satisfied, 10 = Totally satisfied]
7. Happiness: How happy did you feel yesterday? [Likert 0–10: 0 = At no time, 10 = All the time]
8. Laughter: How much did you laugh yesterday? [Likert 0–10: 0 = At no time, 10 = All the time]
9. Learning: Did you learn new or exciting things yesterday? [Likert 0–10: 0 = At no time, 10 = All the time]
10. Enjoyment: How much did you enjoy the activities you did yesterday? [Likert 0–10: 0 = At no time, 10 = All the time]
11. Worry: How worried did you feel yesterday? [Likert 0–10: 0 = At no time, 10 = All the time]
12. Depression: How depressed did you feel yesterday? [Likert 0–10: 0 = At no time, 10 = All the time]
13. Anger: How angry did you feel yesterday? [Likert 0–10: 0 = At no time, 10 = All the time]
14. Stress: How much stress did you feel yesterday? [Likert 0–10: 0 = At no time, 10 = All the time]
15. Loneliness: How lonely or unsupported did you feel yesterday? [Likert 0–10: 0 = At no time, 10 = All the time]
16. Emotional Regulation Frequency: Next, you will be asked questions about your emotional state. Please answer on a scale of 0 to 4, where 0 is never, 1 is 'almost never', 2 is 'sometimes', 3 is 'fairly often', and 4 is 'very often', how often you experienced the following feelings during the last month: [Likert 0–4]
    - Upset by Unexpected Events: how often have you been upset because of something that happened unexpectedly?
    - Unable to Control Important Things: how often have you felt that you were unable to control the important things in your life?
    - Nervous and Stressed: how often have you felt nervous and stressed?
    - Lacked Confidence Handling Problems: how often have you felt confident about your ability to handle your personal problems?
    - Things Going Your Way: how often have you felt that things were going your way?
    - Unable to Cope: how often have you found that you could not cope with all the things that you had to do?
    - Irritated by Life: how often have you been able to control irritations in your life?
    - On Top of Things: how often have you felt that you were on top of things?
    - Angered by Uncontrollable Events: how often have you been angered because of things that happened that were outside of your control?
    - Felt Overwhelmed: how often have you felt difficulties were piling up so high that you could not overcome them?
17. Anxiety Symptoms Frequency: Next, you will be asked questions about your emotional state. Please answer on a scale of 0 to 3, where 0 is 'Not at all', 1 is 'several days', 2 is 'more than half of the days', and 3 is 'Nearly every day'. Over the last two weeks, how often have you been bothered by the following problems? [Likert 0–3]
    - Feeling Nervous or On Edge: Feeling nervous, anxious, or on edge
    - Uncontrollable Worrying: Not being able to stop or control worrying
    - Excessive Worry: Worrying too much about different things
    - Trouble Relaxing: Trouble relaxing
    - Restlessness: Being so restless that it is hard to sit still
    - Irritability: Becoming easily annoyed or irritable
    - Fear Something Awful Might Happen: Feeling afraid, as if something awful might happen
18. Depressive Symptoms Frequency: Next, you will be asked questions about your emotional state. Please answer on a scale of 0 to 3, where 0 is 'Not at all', 1 is 'several days', 2 is 'more than half of the days', and 3 is 'Nearly every day'. Over the last two weeks, how often have you been bothered by the following problems?
    - Anhedonia: Little interest or pleasure in doing things
    - Depressed Mood: Feeling down, depressed, or hopeless
    - Sleep Problems: Trouble falling or staying asleep, or sleeping too much
    - Fatigue: Feeling tired or having little energy
    - Appetite Changes: Poor appetite or overeating
    - Feelings of Worthlessness: Feeling bad about yourself or that you are a failure or have let yourself or your family down
    - Concentration Difficulties: Trouble concentrating on things, such as reading the newspaper or watching television
    - Psychomotor Changes: Moving or speaking so slowly that other people could have noticed. Or the opposite — being so fidgety or restless that you have been moving around a lot more than usual
    - Suicidal Thoughts: Thoughts that you would be better off dead, or of hurting yourself

Responses:
==================================================

Respondent 56:
- Year of birth: 2001.0
- Gender: 2.0
- Socio-economic status: 3.0
- Ethnic identity: 5.0
- Parental Education:
  - Father: 16.0
  - Mother: 16.0
- Life satisfaction: 9.0
- Happiness: 10.0
- Laughter: 10.0
- Learning: 8.0
- Enjoyment: 10.0
- Worry: 1.0
- Depression: 0.0
- Anger: 2.0
- Stress: 3.0
- Loneliness: 0.0
- Emotional Regulation Frequency:
  - Upset by Unexpected Events: 1.0
  - Unable to Control Important Things: 2.0
  - Lacked Confidence Handling Problems: 2.0
  - Unable to Cope: 2.0
  - Irritated by Life: 4.0
  - On Top of Things: 3.0
- Anxiety Symptoms Frequency:
  - Feeling Nervous or On Edge: 3.0
  - Trouble Relaxing: 0.0
  - Restlessness: 0.0
  - Irritability: 0.0
  - Fear Something Awful Might Happen: 0.0
- Depressive Symptoms Frequency:
  - Anhedonia: 0.0
  - Sleep Problems: 0.0
  - Fatigue: 1.0
  - Appetite Changes: 0.0
  - Feelings of Worthlessness: 0.0
  - Concentration Difficulties: 0.0
  - Suicidal Thoughts: 0.0

Respondent 42:
- Year of birth: 2004.0
- Gender: 2.0
- Socio-economic status: 5.0
- Ethnic identity: 5.0
- Parental Education:
  - Father: 19.0
  - Mother: 28.0
- Life satisfaction: 7.0
- Happiness: 4.0
- Laughter: 9.0
- Learning: 7.0
- Enjoyment: 1.0
- Worry: 3.0
- Depression: 1.0
- Anger: 3.0
- Stress: 4.0
- Loneliness: 10.0
- Emotional Regulation Frequency:
  - Upset by Unexpected Events: 3.0
  - Unable to Control Important Things: 4.0
  - Lacked Confidence Handling Problems: 2.0
  - Unable to Cope: 4.0
  - Irritated by Life: 2.0
  - On Top of Things: 2.0
- Anxiety Symptoms Frequency:
  - Feeling Nervous or On Edge: 2.0
  - Trouble Relaxing: 1.0
  - Restlessness: 1.0
  - Irritability: 2.0
  - Fear Something Awful Might Happen: 3.0
- Depressive Symptoms Frequency:
  - Anhedonia: 3.0
  - Sleep Problems: 2.0
  - Fatigue: 3.0
  - Appetite Changes: 2.0
  - Feelings of Worthlessness: 3.0
  - Concentration Difficulties: 3.0
  - Suicidal Thoughts: 1.0

Respondent 18:
- Year of birth: 2005.0
- Gender: 1.0
- Socio-economic status: 4.0
- Ethnic identity: 5.0
- Life satisfaction: 9.0
- Happiness: 8.0
- Laughter: 3.0
- Learning: 10.0
- Enjoyment: 7.0
- Worry: 1.0
- Depression: 1.0
- Anger: 2.0
- Stress: 1.0
- Loneliness: 10.0
- Emotional Regulation Frequency:
  - Upset by Unexpected Events: 3.0
  - Unable to Control Important Things: 1.0
  - Lacked Confidence Handling Problems: 3.0
  - Unable to Cope: 2.0
  - Irritated by Life: 4.0
  - On Top of Things: 4.0
- Anxiety Symptoms Frequency:
  - Feeling Nervous or On Edge: 0.0
  - Trouble Relaxing: 1.0
  - Restlessness: 0.0
  - Irritability: 1.0
  - Fear Something Awful Might Happen: 1.0
- Depressive Symptoms Frequency:
  - Anhedonia: 1.0
  - Sleep Problems: 0.0
  - Fatigue: 0.0
  - Appetite Changes: 2.0
  - Feelings of Worthlessness: 0.0
  - Concentration Difficulties: 2.0
  - Suicidal Thoughts: 0.0

Respondent 100:
- Year of birth: 2004.0
- Gender: 1.0
- Socio-economic status: 6.0
- Ethnic identity: 6.0
- Parental Education:
  - Father: 16.0
  - Mother: 23.0
- Life satisfaction: 8.0
- Happiness: 6.0
- Laughter: 4.0
- Learning: 8.0
- Enjoyment: 6.0
- Worry: 0.0
- Depression: 1.0
- Anger: 1.0
- Stress: 2.0
- Loneliness: 2.0
- Emotional Regulation Frequency:
  - Upset by Unexpected Events: 2.0
  - Unable to Control Important Things: 2.0
  - Lacked Confidence Handling Problems: 4.0
  - Unable to Cope: 1.0
  - Irritated by Life: 4.0
  - On Top of Things: 4.0
- Anxiety Symptoms Frequency:
  - Feeling Nervous or On Edge: 0.0
  - Trouble Relaxing: 1.0
  - Restlessness: 1.0
  - Irritability: 1.0
  - Fear Something Awful Might Happen: 0.0
- Depressive Symptoms Frequency:
  - Anhedonia: 2.0
  - Sleep Problems: 2.0
  - Fatigue: 2.0
  - Appetite Changes: 2.0
  - Feelings of Worthlessness: 2.0
  - Concentration Difficulties: 2.0
  - Suicidal Thoughts: 0.0

Respondent 77:
- Year of birth: 2002.0
- Gender: 1.0
- Socio-economic status: 3.0
- Ethnic identity: 6.0
- Life satisfaction: 7.0
- Happiness: 7.0
- Laughter: 6.0
- Learning: 7.0
- Enjoyment: 5.0
- Worry: 0.0
- Depression: 0.0
- Anger: 1.0
- Stress: 2.0
- Loneliness: 1.0
- Emotional Regulation Frequency:
  - Upset by Unexpected Events: 2.0
  - Unable to Control Important Things: 1.0
  - Lacked Confidence Handling Problems: 3.0
  - Unable to Cope: 1.0
  - Irritated by Life: 4.0
  - On Top of Things: 4.0
- Anxiety Symptoms Frequency:
  - Feeling Nervous or On Edge: 0.0
  - Trouble Relaxing: 2.0
  - Restlessness: 0.0
  - Irritability: 0.0
  - Fear Something Awful Might Happen: 0.0
- Depressive Symptoms Frequency:
  - Anhedonia: 0.0
  - Sleep Problems: 0.0
  - Fatigue: 0.0
  - Appetite Changes: 0.0
  - Feelings of Worthlessness: 0.0
  - Concentration Difficulties: 0.0
  - Suicidal Thoughts: 0.0

Respondent 136:
- Year of birth: 2003.0
- Gender: 2.0
- Socio-economic status: 3.0
- Ethnic identity: 6.0
- Parental Education:
  - Father: 11.0
  - Mother: 16.0
- Life satisfaction: 8.0
- Happiness: 7.0
- Laughter: 7.0
- Learning: 4.0
- Enjoyment: 8.0
- Worry: 1.0
- Depression: 0.0
- Anger: 1.0
- Stress: 3.0
- Loneliness: 1.0
- Emotional Regulation Frequency:
  - Upset by Unexpected Events: 2.0
  - Unable to Control Important Things: 2.0
  - Lacked Confidence Handling Problems: 2.0
  - Unable to Cope: 2.0
  - Irritated by Life: 3.0
  - On Top of Things: 2.0
- Anxiety Symptoms Frequency:
  - Feeling Nervous or On Edge: 1.0
  - Trouble Relaxing: 1.0
  - Restlessness: 0.0
  - Irritability: 2.0
  - Fear Something Awful Might Happen: 2.0
- Depressive Symptoms Frequency:
  - Anhedonia: 0.0
  - Sleep Problems: 2.0
  - Fatigue: 1.0
  - Appetite Changes: 1.0
  - Feelings of Worthlessness: 0.0
  - Concentration Difficulties: 1.0
  - Suicidal Thoughts: 0.0

Respondent 127:
- Year of birth: 2002.0
- Gender: 1.0
- Socio-economic status: 2.0
- Ethnic identity: 6.0
- Parental Education:
  - Father: 16.0
  - Mother: 11.0
- Life satisfaction: 6.0
- Happiness: 3.0
- Laughter: 6.0
- Learning: 3.0
- Enjoyment: 5.0
- Worry: 3.0
- Depression: 3.0
- Anger: 3.0
- Stress: 3.0
- Loneliness: 8.0
- Emotional Regulation Frequency:
  - Upset by Unexpected Events: 2.0
  - Unable to Control Important Things: 3.0
  - Lacked Confidence Handling Problems: 1.0
  - Unable to Cope: 3.0
  - Irritated by Life: 1.0
  - On Top of Things: 1.0
- Anxiety Symptoms Frequency:
  - Feeling Nervous or On Edge: 3.0
  - Trouble Relaxing: 3.0
  - Restlessness: 3.0
  - Irritability: 3.0
  - Fear Something Awful Might Happen: 3.0
- Depressive Symptoms Frequency:
  - Anhedonia: 3.0
  - Sleep Problems: 3.0
  - Fatigue: 3.0
  - Appetite Changes: 3.0
  - Feelings of Worthlessness: 3.0
  - Concentration Difficulties: 3.0
  - Suicidal Thoughts: 2.0
",7,"How many respondents are there?

DATA:

Survey Data
==================================================

Questions:
1. Year of birth: What is your date of birth? [Open-ended]
2. Gender: What is your gender? [MCQ: 1. Male 2. Female]
3. Socio-economic status: What is the socio-economic status of your home? [Likert 1–6: 1 = Very low, 6 = Very high]
4. Ethnic identity: According to your culture, people, or physical features, you are or are recognized as: [MCQ: 1. Indigenous 2. Gypsy 3. Raizal from San Andres, Providencia and Santa Catalina Archipelago 4. Palenquero from San Basilio 5. Black, mulatto (Afro-descendant), Afro-Colombian 6. None of the above]
5. Parental Education: How many years of education did your parents receive? [Open-ended]
   - Father: Father?
   - Mother: Mother?
6. Life satisfaction: In general, how satisfied are you with all aspects of your life? [Likert 0–10: 0 = Not satisfied, 10 = Totally satisfied]
7. Happiness: How happy did you feel yesterday? [Likert 0–10: 0 = At no time, 10 = All the time]
8. Laughter: How much did you laugh yesterday? [Likert 0–10: 0 = At no time, 10 = All the time]
9. Learning: Did you learn new or exciting things yesterday? [Likert 0–10: 0 = At no time, 10 = All the time]
10. Enjoyment: How much did you enjoy the activities you did yesterday? [Likert 0–10: 0 = At no time, 10 = All the time]
11. Worry: How worried did you feel yesterday? [Likert 0–10: 0 = At no time, 10 = All the time]
12. Depression: How depressed did you feel yesterday? [Likert 0–10: 0 = At no time, 10 = All the time]
13. Anger: How angry did you feel yesterday? [Likert 0–10: 0 = At no time, 10 = All the time]
14. Stress: How much stress did you feel yesterday? [Likert 0–10: 0 = At no time, 10 = All the time]
15. Loneliness: How lonely or unsupported did you feel yesterday? [Likert 0–10: 0 = At no time, 10 = All the time]
16. Emotional Regulation Frequency: Next, you will be asked questions about your emotional state. Please answer on a scale of 0 to 4, where 0 is never, 1 is 'almost never', 2 is 'sometimes', 3 is 'fairly often', and 4 is 'very often', how often you experienced the following feelings during the last month: [Likert 0–4]
    - Upset by Unexpected Events: how often have you been upset because of something that happened unexpectedly?
    - Unable to Control Important Things: how often have you felt that you were unable to control the important things in your life?
    - Nervous and Stressed: how often have you felt nervous and stressed?
    - Lacked Confidence Handling Problems: how often have you felt confident about your ability to handle your personal problems?
    - Things Going Your Way: how often have you felt that things were going your way?
    - Unable to Cope: how often have you found that you could not cope with all the things that you had to do?
    - Irritated by Life: how often have you been able to control irritations in your life?
    - On Top of Things: how often have you felt that you were on top of things?
    - Angered by Uncontrollable Events: how often have you been angered because of things that happened that were outside of your control?
    - Felt Overwhelmed: how often have you felt difficulties were piling up so high that you could not overcome them?
17. Anxiety Symptoms Frequency: Next, you will be asked questions about your emotional state. Please answer on a scale of 0 to 3, where 0 is 'Not at all', 1 is 'several days', 2 is 'more than half of the days', and 3 is 'Nearly every day'. Over the last two weeks, how often have you been bothered by the following problems? [Likert 0–3]
    - Feeling Nervous or On Edge: Feeling nervous, anxious, or on edge
    - Uncontrollable Worrying: Not being able to stop or control worrying
    - Excessive Worry: Worrying too much about different things
    - Trouble Relaxing: Trouble relaxing
    - Restlessness: Being so restless that it is hard to sit still
    - Irritability: Becoming easily annoyed or irritable
    - Fear Something Awful Might Happen: Feeling afraid, as if something awful might happen
18. Depressive Symptoms Frequency: Next, you will be asked questions about your emotional state. Please answer on a scale of 0 to 3, where 0 is 'Not at all', 1 is 'several days', 2 is 'more than half of the days', and 3 is 'Nearly every day'. Over the last two weeks, how often have you been bothered by the following problems?
    - Anhedonia: Little interest or pleasure in doing things
    - Depressed Mood: Feeling down, depressed, or hopeless
    - Sleep Problems: Trouble falling or staying asleep, or sleeping too much
    - Fatigue: Feeling tired or having little energy
    - Appetite Changes: Poor appetite or overeating
    - Feelings of Worthlessness: Feeling bad about yourself or that you are a failure or have let yourself or your family down
    - Concentration Difficulties: Trouble concentrating on things, such as reading the newspaper or watching television
    - Psychomotor Changes: Moving or speaking so slowly that other people could have noticed. Or the opposite — being so fidgety or restless that you have been moving around a lot more than usual
    - Suicidal Thoughts: Thoughts that you would be better off dead, or of hurting yourself

Responses:
==================================================

Respondent 119:
- Year of birth: 2004.0
- Gender: 1.0
- Socio-economic status: 1.0
- Ethnic identity: 6.0
- Life satisfaction: 4.0
- Happiness: 8.0
- Laughter: 8.0
- Learning: 8.0
- Enjoyment: 8.0
- Worry: 1.0
- Depression: 1.0
- Anger: 2.0
- Stress: 2.0
- Loneliness: 2.0
- Emotional Regulation Frequency:
  - Upset by Unexpected Events: 2.0
  - Unable to Control Important Things: 2.0
  - Lacked Confidence Handling Problems: 2.0
  - Unable to Cope: 2.0
  - Irritated by Life: 2.0
  - On Top of Things: 2.0
- Anxiety Symptoms Frequency:
  - Feeling Nervous or On Edge: 1.0
  - Trouble Relaxing: 1.0
  - Restlessness: 1.0
  - Irritability: 1.0
  - Fear Something Awful Might Happen: 1.0
- Depressive Symptoms Frequency:
  - Anhedonia: 1.0
  - Sleep Problems: 1.0
  - Fatigue: 1.0
  - Appetite Changes: 0.0
  - Feelings of Worthlessness: 1.0
  - Concentration Difficulties: 0.0
  - Suicidal Thoughts: 0.0

Respondent 116:
- Year of birth: 2004.0
- Gender: 1.0
- Socio-economic status: 5.0
- Ethnic identity: 6.0
- Parental Education:
  - Father: 17.0
  - Mother: 17.0
- Life satisfaction: 8.0
- Happiness: 8.0
- Laughter: 7.0
- Learning: 7.0
- Enjoyment: 9.0
- Worry: 1.0
- Depression: 1.0
- Anger: 2.0
- Stress: 3.0
- Loneliness: 1.0
- Emotional Regulation Frequency:
  - Upset by Unexpected Events: 2.0
  - Unable to Control Important Things: 2.0
  - Lacked Confidence Handling Problems: 3.0
  - Unable to Cope: 2.0
  - Irritated by Life: 3.0
  - On Top of Things: 2.0
- Anxiety Symptoms Frequency:
  - Feeling Nervous or On Edge: 2.0
  - Trouble Relaxing: 1.0
  - Restlessness: 2.0
  - Irritability: 1.0
  - Fear Something Awful Might Happen: 2.0
- Depressive Symptoms Frequency:
  - Anhedonia: 1.0
  - Sleep Problems: 0.0
  - Fatigue: 2.0
  - Appetite Changes: 2.0
  - Feelings of Worthlessness: 1.0
  - Concentration Difficulties: 2.0
  - Suicidal Thoughts: 0.0

Answer: 2

Survey Data
==================================================

Questions:
1. Year of birth: What is your date of birth? [Open-ended]
2. Gender: What is your gender? [MCQ: 1. Male 2. Female]
3. Socio-economic status: What is the socio-economic status of your home? [Likert 1–6: 1 = Very low, 6 = Very high]
4. Ethnic identity: According to your culture, people, or physical features, you are or are recognized as: [MCQ: 1. Indigenous 2. Gypsy 3. Raizal from San Andres, Providencia and Santa Catalina Archipelago 4. Palenquero from San Basilio 5. Black, mulatto (Afro-descendant), Afro-Colombian 6. None of the above]
5. Parental Education: How many years of education did your parents receive? [Open-ended]
   - Father: Father?
   - Mother: Mother?
6. Life satisfaction: In general, how satisfied are you with all aspects of your life? [Likert 0–10: 0 = Not satisfied, 10 = Totally satisfied]
7. Happiness: How happy did you feel yesterday? [Likert 0–10: 0 = At no time, 10 = All the time]
8. Laughter: How much did you laugh yesterday? [Likert 0–10: 0 = At no time, 10 = All the time]
9. Learning: Did you learn new or exciting things yesterday? [Likert 0–10: 0 = At no time, 10 = All the time]
10. Enjoyment: How much did you enjoy the activities you did yesterday? [Likert 0–10: 0 = At no time, 10 = All the time]
11. Worry: How worried did you feel yesterday? [Likert 0–10: 0 = At no time, 10 = All the time]
12. Depression: How depressed did you feel yesterday? [Likert 0–10: 0 = At no time, 10 = All the time]
13. Anger: How angry did you feel yesterday? [Likert 0–10: 0 = At no time, 10 = All the time]
14. Stress: How much stress did you feel yesterday? [Likert 0–10: 0 = At no time, 10 = All the time]
15. Loneliness: How lonely or unsupported did you feel yesterday? [Likert 0–10: 0 = At no time, 10 = All the time]
16. Emotional Regulation Frequency: Next, you will be asked questions about your emotional state. Please answer on a scale of 0 to 4, where 0 is never, 1 is 'almost never', 2 is 'sometimes', 3 is 'fairly often', and 4 is 'very often', how often you experienced the following feelings during the last month: [Likert 0–4]
    - Upset by Unexpected Events: how often have you been upset because of something that happened unexpectedly?
    - Unable to Control Important Things: how often have you felt that you were unable to control the important things in your life?
    - Nervous and Stressed: how often have you felt nervous and stressed?
    - Lacked Confidence Handling Problems: how often have you felt confident about your ability to handle your personal problems?
    - Things Going Your Way: how often have you felt that things were going your way?
    - Unable to Cope: how often have you found that you could not cope with all the things that you had to do?
    - Irritated by Life: how often have you been able to control irritations in your life?
    - On Top of Things: how often have you felt that you were on top of things?
    - Angered by Uncontrollable Events: how often have you been angered because of things that happened that were outside of your control?
    - Felt Overwhelmed: how often have you felt difficulties were piling up so high that you could not overcome them?
17. Anxiety Symptoms Frequency: Next, you will be asked questions about your emotional state. Please answer on a scale of 0 to 3, where 0 is 'Not at all', 1 is 'several days', 2 is 'more than half of the days', and 3 is 'Nearly every day'. Over the last two weeks, how often have you been bothered by the following problems? [Likert 0–3]
    - Feeling Nervous or On Edge: Feeling nervous, anxious, or on edge
    - Uncontrollable Worrying: Not being able to stop or control worrying
    - Excessive Worry: Worrying too much about different things
    - Trouble Relaxing: Trouble relaxing
    - Restlessness: Being so restless that it is hard to sit still
    - Irritability: Becoming easily annoyed or irritable
    - Fear Something Awful Might Happen: Feeling afraid, as if something awful might happen
18. Depressive Symptoms Frequency: Next, you will be asked questions about your emotional state. Please answer on a scale of 0 to 3, where 0 is 'Not at all', 1 is 'several days', 2 is 'more than half of the days', and 3 is 'Nearly every day'. Over the last two weeks, how often have you been bothered by the following problems?
    - Anhedonia: Little interest or pleasure in doing things
    - Depressed Mood: Feeling down, depressed, or hopeless
    - Sleep Problems: Trouble falling or staying asleep, or sleeping too much
    - Fatigue: Feeling tired or having little energy
    - Appetite Changes: Poor appetite or overeating
    - Feelings of Worthlessness: Feeling bad about yourself or that you are a failure or have let yourself or your family down
    - Concentration Difficulties: Trouble concentrating on things, such as reading the newspaper or watching television
    - Psychomotor Changes: Moving or speaking so slowly that other people could have noticed. Or the opposite — being so fidgety or restless that you have been moving around a lot more than usual
    - Suicidal Thoughts: Thoughts that you would be better off dead, or of hurting yourself

Responses:
==================================================

Respondent 56:
- Year of birth: 2001.0
- Gender: 2.0
- Socio-economic status: 3.0
- Ethnic identity: 5.0
- Parental Education:
  - Father: 16.0
  - Mother: 16.0
- Life satisfaction: 9.0
- Happiness: 10.0
- Laughter: 10.0
- Learning: 8.0
- Enjoyment: 10.0
- Worry: 1.0
- Depression: 0.0
- Anger: 2.0
- Stress: 3.0
- Loneliness: 0.0
- Emotional Regulation Frequency:
  - Upset by Unexpected Events: 1.0
  - Unable to Control Important Things: 2.0
  - Lacked Confidence Handling Problems: 2.0
  - Unable to Cope: 2.0
  - Irritated by Life: 4.0
  - On Top of Things: 3.0
- Anxiety Symptoms Frequency:
  - Feeling Nervous or On Edge: 3.0
  - Trouble Relaxing: 0.0
  - Restlessness: 0.0
  - Irritability: 0.0
  - Fear Something Awful Might Happen: 0.0
- Depressive Symptoms Frequency:
  - Anhedonia: 0.0
  - Sleep Problems: 0.0
  - Fatigue: 1.0
  - Appetite Changes: 0.0
  - Feelings of Worthlessness: 0.0
  - Concentration Difficulties: 0.0
  - Suicidal Thoughts: 0.0

Respondent 42:
- Year of birth: 2004.0
- Gender: 2.0
- Socio-economic status: 5.0
- Ethnic identity: 5.0
- Parental Education:
  - Father: 19.0
  - Mother: 28.0
- Life satisfaction: 7.0
- Happiness: 4.0
- Laughter: 9.0
- Learning: 7.0
- Enjoyment: 1.0
- Worry: 3.0
- Depression: 1.0
- Anger: 3.0
- Stress: 4.0
- Loneliness: 10.0
- Emotional Regulation Frequency:
  - Upset by Unexpected Events: 3.0
  - Unable to Control Important Things: 4.0
  - Lacked Confidence Handling Problems: 2.0
  - Unable to Cope: 4.0
  - Irritated by Life: 2.0
  - On Top of Things: 2.0
- Anxiety Symptoms Frequency:
  - Feeling Nervous or On Edge: 2.0
  - Trouble Relaxing: 1.0
  - Restlessness: 1.0
  - Irritability: 2.0
  - Fear Something Awful Might Happen: 3.0
- Depressive Symptoms Frequency:
  - Anhedonia: 3.0
  - Sleep Problems: 2.0
  - Fatigue: 3.0
  - Appetite Changes: 2.0
  - Feelings of Worthlessness: 3.0
  - Concentration Difficulties: 3.0
  - Suicidal Thoughts: 1.0

Respondent 18:
- Year of birth: 2005.0
- Gender: 1.0
- Socio-economic status: 4.0
- Ethnic identity: 5.0
- Life satisfaction: 9.0
- Happiness: 8.0
- Laughter: 3.0
- Learning: 10.0
- Enjoyment: 7.0
- Worry: 1.0
- Depression: 1.0
- Anger: 2.0
- Stress: 1.0
- Loneliness: 10.0
- Emotional Regulation Frequency:
  - Upset by Unexpected Events: 3.0
  - Unable to Control Important Things: 1.0
  - Lacked Confidence Handling Problems: 3.0
  - Unable to Cope: 2.0
  - Irritated by Life: 4.0
  - On Top of Things: 4.0
- Anxiety Symptoms Frequency:
  - Feeling Nervous or On Edge: 0.0
  - Trouble Relaxing: 1.0
  - Restlessness: 0.0
  - Irritability: 1.0
  - Fear Something Awful Might Happen: 1.0
- Depressive Symptoms Frequency:
  - Anhedonia: 1.0
  - Sleep Problems: 0.0
  - Fatigue: 0.0
  - Appetite Changes: 2.0
  - Feelings of Worthlessness: 0.0
  - Concentration Difficulties: 2.0
  - Suicidal Thoughts: 0.0

Respondent 100:
- Year of birth: 2004.0
- Gender: 1.0
- Socio-economic status: 6.0
- Ethnic identity: 6.0
- Parental Education:
  - Father: 16.0
  - Mother: 23.0
- Life satisfaction: 8.0
- Happiness: 6.0
- Laughter: 4.0
- Learning: 8.0
- Enjoyment: 6.0
- Worry: 0.0
- Depression: 1.0
- Anger: 1.0
- Stress: 2.0
- Loneliness: 2.0
- Emotional Regulation Frequency:
  - Upset by Unexpected Events: 2.0
  - Unable to Control Important Things: 2.0
  - Lacked Confidence Handling Problems: 4.0
  - Unable to Cope: 1.0
  - Irritated by Life: 4.0
  - On Top of Things: 4.0
- Anxiety Symptoms Frequency:
  - Feeling Nervous or On Edge: 0.0
  - Trouble Relaxing: 1.0
  - Restlessness: 1.0
  - Irritability: 1.0
  - Fear Something Awful Might Happen: 0.0
- Depressive Symptoms Frequency:
  - Anhedonia: 2.0
  - Sleep Problems: 2.0
  - Fatigue: 2.0
  - Appetite Changes: 2.0
  - Feelings of Worthlessness: 2.0
  - Concentration Difficulties: 2.0
  - Suicidal Thoughts: 0.0

Respondent 77:
- Year of birth: 2002.0
- Gender: 1.0
- Socio-economic status: 3.0
- Ethnic identity: 6.0
- Life satisfaction: 7.0
- Happiness: 7.0
- Laughter: 6.0
- Learning: 7.0
- Enjoyment: 5.0
- Worry: 0.0
- Depression: 0.0
- Anger: 1.0
- Stress: 2.0
- Loneliness: 1.0
- Emotional Regulation Frequency:
  - Upset by Unexpected Events: 2.0
  - Unable to Control Important Things: 1.0
  - Lacked Confidence Handling Problems: 3.0
  - Unable to Cope: 1.0
  - Irritated by Life: 4.0
  - On Top of Things: 4.0
- Anxiety Symptoms Frequency:
  - Feeling Nervous or On Edge: 0.0
  - Trouble Relaxing: 2.0
  - Restlessness: 0.0
  - Irritability: 0.0
  - Fear Something Awful Might Happen: 0.0
- Depressive Symptoms Frequency:
  - Anhedonia: 0.0
  - Sleep Problems: 0.0
  - Fatigue: 0.0
  - Appetite Changes: 0.0
  - Feelings of Worthlessness: 0.0
  - Concentration Difficulties: 0.0
  - Suicidal Thoughts: 0.0

Respondent 136:
- Year of birth: 2003.0
- Gender: 2.0
- Socio-economic status: 3.0
- Ethnic identity: 6.0
- Parental Education:
  - Father: 11.0
  - Mother: 16.0
- Life satisfaction: 8.0
- Happiness: 7.0
- Laughter: 7.0
- Learning: 4.0
- Enjoyment: 8.0
- Worry: 1.0
- Depression: 0.0
- Anger: 1.0
- Stress: 3.0
- Loneliness: 1.0
- Emotional Regulation Frequency:
  - Upset by Unexpected Events: 2.0
  - Unable to Control Important Things: 2.0
  - Lacked Confidence Handling Problems: 2.0
  - Unable to Cope: 2.0
  - Irritated by Life: 3.0
  - On Top of Things: 2.0
- Anxiety Symptoms Frequency:
  - Feeling Nervous or On Edge: 1.0
  - Trouble Relaxing: 1.0
  - Restlessness: 0.0
  - Irritability: 2.0
  - Fear Something Awful Might Happen: 2.0
- Depressive Symptoms Frequency:
  - Anhedonia: 0.0
  - Sleep Problems: 2.0
  - Fatigue: 1.0
  - Appetite Changes: 1.0
  - Feelings of Worthlessness: 0.0
  - Concentration Difficulties: 1.0
  - Suicidal Thoughts: 0.0

Respondent 127:
- Year of birth: 2002.0
- Gender: 1.0
- Socio-economic status: 2.0
- Ethnic identity: 6.0
- Parental Education:
  - Father: 16.0
  - Mother: 11.0
- Life satisfaction: 6.0
- Happiness: 3.0
- Laughter: 6.0
- Learning: 3.0
- Enjoyment: 5.0
- Worry: 3.0
- Depression: 3.0
- Anger: 3.0
- Stress: 3.0
- Loneliness: 8.0
- Emotional Regulation Frequency:
  - Upset by Unexpected Events: 2.0
  - Unable to Control Important Things: 3.0
  - Lacked Confidence Handling Problems: 1.0
  - Unable to Cope: 3.0
  - Irritated by Life: 1.0
  - On Top of Things: 1.0
- Anxiety Symptoms Frequency:
  - Feeling Nervous or On Edge: 3.0
  - Trouble Relaxing: 3.0
  - Restlessness: 3.0
  - Irritability: 3.0
  - Fear Something Awful Might Happen: 3.0
- Depressive Symptoms Frequency:
  - Anhedonia: 3.0
  - Sleep Problems: 3.0
  - Fatigue: 3.0
  - Appetite Changes: 3.0
  - Feelings of Worthlessness: 3.0
  - Concentration Difficulties: 3.0
  - Suicidal Thoughts: 2.0

You are a meticulous data analyst AI. Your primary function is to accurately analyze structured data and provide precise, verifiable answers.

You will be given a dataset with two key parts:

A 'questions' section: This is your data dictionary or schema. It is the single source of truth for understanding what each field and score means. Refer to it carefully.

A 'responses' section: This contains the raw data from each individual respondent.

To answer the question correctly, you must first use the 'questions' schema to fully understand the context and meaning of the data points within the 'responses'. Do not rely on any prior knowledge outside of this provided data. Base your entire analysis on the information given.

Provide your final answer directly and concisely. Output must be the human-readable value, not an option code.

Rules:
- For MCQ fields, map any letter codes in the Responses (case-insensitive) to the corresponding option text from the Questions schema, and output only that text. Do NOT include the letter or both.
  Example: If the schema is ""[MCQ: A. Abnormal B. Inconclusive C. Normal]"" and the response is ""a"", output ""Abnormal"".
- For open-ended fields, output the exact text value.
- If the question asks for a count, provide only the number (e.g., ""42"").
- If the question asks for a list of names or IDs, provide a simple comma-separated list (e.g., ""17, 21, 23"").
- Preserve capitalization exactly as in the schema (e.g., output ""Abnormal"", not ""abnormal"" or ""A"").

How many respondents are there?",9,False
case_9,respondent_count,How many respondents are there?,"Survey Data
==================================================

Questions:
1. Year of birth: What is your date of birth? [Open-ended]
2. Gender: What is your gender? [MCQ: 1. Male 2. Female]
3. Socio-economic status: What is the socio-economic status of your home? [Likert 1–6: 1 = Very low, 6 = Very high]
4. Ethnic identity: According to your culture, people, or physical features, you are or are recognized as: [MCQ: 1. Indigenous 2. Gypsy 3. Raizal from San Andres, Providencia and Santa Catalina Archipelago 4. Palenquero from San Basilio 5. Black, mulatto (Afro-descendant), Afro-Colombian 6. None of the above]
5. Parental Education: How many years of education did your parents receive? [Open-ended]
   - Father: Father?
   - Mother: Mother?
6. Life satisfaction: In general, how satisfied are you with all aspects of your life? [Likert 0–10: 0 = Not satisfied, 10 = Totally satisfied]
7. Happiness: How happy did you feel yesterday? [Likert 0–10: 0 = At no time, 10 = All the time]
8. Laughter: How much did you laugh yesterday? [Likert 0–10: 0 = At no time, 10 = All the time]
9. Learning: Did you learn new or exciting things yesterday? [Likert 0–10: 0 = At no time, 10 = All the time]
10. Enjoyment: How much did you enjoy the activities you did yesterday? [Likert 0–10: 0 = At no time, 10 = All the time]
11. Worry: How worried did you feel yesterday? [Likert 0–10: 0 = At no time, 10 = All the time]
12. Depression: How depressed did you feel yesterday? [Likert 0–10: 0 = At no time, 10 = All the time]
13. Anger: How angry did you feel yesterday? [Likert 0–10: 0 = At no time, 10 = All the time]
14. Stress: How much stress did you feel yesterday? [Likert 0–10: 0 = At no time, 10 = All the time]
15. Loneliness: How lonely or unsupported did you feel yesterday? [Likert 0–10: 0 = At no time, 10 = All the time]
16. Emotional Regulation Frequency: Next, you will be asked questions about your emotional state. Please answer on a scale of 0 to 4, where 0 is never, 1 is 'almost never', 2 is 'sometimes', 3 is 'fairly often', and 4 is 'very often', how often you experienced the following feelings during the last month: [Likert 0–4]
    - Upset by Unexpected Events: how often have you been upset because of something that happened unexpectedly?
    - Unable to Control Important Things: how often have you felt that you were unable to control the important things in your life?
    - Nervous and Stressed: how often have you felt nervous and stressed?
    - Lacked Confidence Handling Problems: how often have you felt confident about your ability to handle your personal problems?
    - Things Going Your Way: how often have you felt that things were going your way?
    - Unable to Cope: how often have you found that you could not cope with all the things that you had to do?
    - Irritated by Life: how often have you been able to control irritations in your life?
    - On Top of Things: how often have you felt that you were on top of things?
    - Angered by Uncontrollable Events: how often have you been angered because of things that happened that were outside of your control?
    - Felt Overwhelmed: how often have you felt difficulties were piling up so high that you could not overcome them?
17. Anxiety Symptoms Frequency: Next, you will be asked questions about your emotional state. Please answer on a scale of 0 to 3, where 0 is 'Not at all', 1 is 'several days', 2 is 'more than half of the days', and 3 is 'Nearly every day'. Over the last two weeks, how often have you been bothered by the following problems? [Likert 0–3]
    - Feeling Nervous or On Edge: Feeling nervous, anxious, or on edge
    - Uncontrollable Worrying: Not being able to stop or control worrying
    - Excessive Worry: Worrying too much about different things
    - Trouble Relaxing: Trouble relaxing
    - Restlessness: Being so restless that it is hard to sit still
    - Irritability: Becoming easily annoyed or irritable
    - Fear Something Awful Might Happen: Feeling afraid, as if something awful might happen
18. Depressive Symptoms Frequency: Next, you will be asked questions about your emotional state. Please answer on a scale of 0 to 3, where 0 is 'Not at all', 1 is 'several days', 2 is 'more than half of the days', and 3 is 'Nearly every day'. Over the last two weeks, how often have you been bothered by the following problems?
    - Anhedonia: Little interest or pleasure in doing things
    - Depressed Mood: Feeling down, depressed, or hopeless
    - Sleep Problems: Trouble falling or staying asleep, or sleeping too much
    - Fatigue: Feeling tired or having little energy
    - Appetite Changes: Poor appetite or overeating
    - Feelings of Worthlessness: Feeling bad about yourself or that you are a failure or have let yourself or your family down
    - Concentration Difficulties: Trouble concentrating on things, such as reading the newspaper or watching television
    - Psychomotor Changes: Moving or speaking so slowly that other people could have noticed. Or the opposite — being so fidgety or restless that you have been moving around a lot more than usual
    - Suicidal Thoughts: Thoughts that you would be better off dead, or of hurting yourself

Responses:
==================================================

Respondent 17:
- Year of birth: 2004.0
- Gender: 1.0
- Socio-economic status: 3.0
- Ethnic identity: 6.0
- Parental Education:
  - Mother: 21.0
- Life satisfaction: 6.0
- Happiness: 4.0
- Laughter: 2.0
- Learning: 7.0
- Enjoyment: 5.0
- Worry: 1.0
- Depression: 1.0
- Anger: 1.0
- Stress: 3.0
- Loneliness: 10.0
- Emotional Regulation Frequency:
  - Upset by Unexpected Events: 2.0
  - Unable to Control Important Things: 2.0
  - Lacked Confidence Handling Problems: 1.0
  - Unable to Cope: 3.0
  - Irritated by Life: 2.0
  - On Top of Things: 1.0
- Anxiety Symptoms Frequency:
  - Feeling Nervous or On Edge: 1.0
  - Trouble Relaxing: 1.0
  - Restlessness: 1.0
  - Irritability: 1.0
  - Fear Something Awful Might Happen: 1.0
- Depressive Symptoms Frequency:
  - Anhedonia: 1.0
  - Sleep Problems: 0.0
  - Fatigue: 2.0
  - Appetite Changes: 2.0
  - Feelings of Worthlessness: 2.0
  - Concentration Difficulties: 1.0
  - Suicidal Thoughts: 0.0

Respondent 122:
- Year of birth: 2002.0
- Gender: 1.0
- Socio-economic status: 3.0
- Ethnic identity: 6.0
- Parental Education:
  - Father: 23.0
  - Mother: 22.0
- Life satisfaction: 8.0
- Happiness: 10.0
- Laughter: 10.0
- Learning: 8.0
- Enjoyment: 9.0
- Worry: 0.0
- Depression: 0.0
- Anger: 2.0
- Stress: 2.0
- Loneliness: 0.0
- Emotional Regulation Frequency:
  - Upset by Unexpected Events: 2.0
  - Unable to Control Important Things: 1.0
  - Lacked Confidence Handling Problems: 4.0
  - Unable to Cope: 2.0
  - Irritated by Life: 4.0
  - On Top of Things: 3.0
- Anxiety Symptoms Frequency:
  - Feeling Nervous or On Edge: 0.0
  - Trouble Relaxing: 0.0
  - Restlessness: 0.0
  - Irritability: 1.0
  - Fear Something Awful Might Happen: 0.0
- Depressive Symptoms Frequency:
  - Anhedonia: 0.0
  - Sleep Problems: 0.0
  - Fatigue: 1.0
  - Appetite Changes: 0.0
  - Feelings of Worthlessness: 0.0
  - Concentration Difficulties: 1.0
  - Suicidal Thoughts: 0.0

Respondent 119:
- Year of birth: 2004.0
- Gender: 1.0
- Socio-economic status: 1.0
- Ethnic identity: 6.0
- Life satisfaction: 4.0
- Happiness: 8.0
- Laughter: 8.0
- Learning: 8.0
- Enjoyment: 8.0
- Worry: 1.0
- Depression: 1.0
- Anger: 2.0
- Stress: 2.0
- Loneliness: 2.0
- Emotional Regulation Frequency:
  - Upset by Unexpected Events: 2.0
  - Unable to Control Important Things: 2.0
  - Lacked Confidence Handling Problems: 2.0
  - Unable to Cope: 2.0
  - Irritated by Life: 2.0
  - On Top of Things: 2.0
- Anxiety Symptoms Frequency:
  - Feeling Nervous or On Edge: 1.0
  - Trouble Relaxing: 1.0
  - Restlessness: 1.0
  - Irritability: 1.0
  - Fear Something Awful Might Happen: 1.0
- Depressive Symptoms Frequency:
  - Anhedonia: 1.0
  - Sleep Problems: 1.0
  - Fatigue: 1.0
  - Appetite Changes: 0.0
  - Feelings of Worthlessness: 1.0
  - Concentration Difficulties: 0.0
  - Suicidal Thoughts: 0.0

Respondent 126:
- Year of birth: 2004.0
- Gender: 1.0
- Socio-economic status: 4.0
- Ethnic identity: 6.0
- Parental Education:
  - Father: 22.0
  - Mother: 24.0
- Life satisfaction: 10.0
- Happiness: 10.0
- Laughter: 6.0
- Learning: 3.0
- Enjoyment: 5.0
- Worry: 0.0
- Depression: 0.0
- Anger: 2.0
- Stress: 3.0
- Loneliness: 0.0
- Emotional Regulation Frequency:
  - Upset by Unexpected Events: 2.0
  - Unable to Control Important Things: 4.0
  - Lacked Confidence Handling Problems: 3.0
  - Unable to Cope: 3.0
  - Irritated by Life: 2.0
  - On Top of Things: 0.0
- Anxiety Symptoms Frequency:
  - Feeling Nervous or On Edge: 1.0
  - Trouble Relaxing: 0.0
  - Restlessness: 0.0
  - Irritability: 1.0
  - Fear Something Awful Might Happen: 1.0
- Depressive Symptoms Frequency:
  - Anhedonia: 1.0
  - Sleep Problems: 1.0
  - Fatigue: 1.0
  - Appetite Changes: 1.0
  - Feelings of Worthlessness: 1.0
  - Concentration Difficulties: 1.0
  - Suicidal Thoughts: 0.0

Respondent 71:
- Year of birth: 2001.0
- Gender: 2.0
- Socio-economic status: 4.0
- Ethnic identity: 6.0
- Parental Education:
  - Father: 15.0
  - Mother: 17.0
- Life satisfaction: 8.0
- Happiness: 9.0
- Laughter: 7.0
- Learning: 5.0
- Enjoyment: 8.0
- Worry: 1.0
- Depression: 0.0
- Anger: 2.0
- Stress: 1.0
- Loneliness: 5.0
- Emotional Regulation Frequency:
  - Upset by Unexpected Events: 1.0
  - Unable to Control Important Things: 1.0
  - Lacked Confidence Handling Problems: 3.0
  - Unable to Cope: 1.0
  - Irritated by Life: 3.0
  - On Top of Things: 3.0
- Anxiety Symptoms Frequency:
  - Feeling Nervous or On Edge: 0.0
  - Trouble Relaxing: 0.0
  - Restlessness: 0.0
  - Irritability: 0.0
  - Fear Something Awful Might Happen: 0.0
- Depressive Symptoms Frequency:
  - Anhedonia: 0.0
  - Sleep Problems: 0.0
  - Fatigue: 0.0
  - Appetite Changes: 0.0
  - Feelings of Worthlessness: 0.0
  - Concentration Difficulties: 0.0
  - Suicidal Thoughts: 0.0

Respondent 90:
- Year of birth: 2004.0
- Gender: 1.0
- Socio-economic status: 5.0
- Ethnic identity: 6.0
- Life satisfaction: 8.0
- Happiness: 5.0
- Laughter: 5.0
- Learning: 7.0
- Enjoyment: 6.0
- Worry: 1.0
- Depression: 1.0
- Anger: 2.0
- Stress: 2.0
- Loneliness: 8.0
- Emotional Regulation Frequency:
  - Upset by Unexpected Events: 2.0
  - Unable to Control Important Things: 2.0
  - Lacked Confidence Handling Problems: 2.0
  - Unable to Cope: 1.0
  - Irritated by Life: 3.0
  - On Top of Things: 3.0
- Anxiety Symptoms Frequency:
  - Feeling Nervous or On Edge: 1.0
  - Trouble Relaxing: 2.0
  - Restlessness: 2.0
  - Irritability: 1.0
  - Fear Something Awful Might Happen: 2.0
- Depressive Symptoms Frequency:
  - Anhedonia: 2.0
  - Sleep Problems: 3.0
  - Fatigue: 1.0
  - Appetite Changes: 2.0
  - Feelings of Worthlessness: 1.0
  - Concentration Difficulties: 1.0
  - Suicidal Thoughts: 1.0
",6,"How many respondents are there?

DATA:

Survey Data
==================================================

Questions:
1. Year of birth: What is your date of birth? [Open-ended]
2. Gender: What is your gender? [MCQ: 1. Male 2. Female]
3. Socio-economic status: What is the socio-economic status of your home? [Likert 1–6: 1 = Very low, 6 = Very high]
4. Ethnic identity: According to your culture, people, or physical features, you are or are recognized as: [MCQ: 1. Indigenous 2. Gypsy 3. Raizal from San Andres, Providencia and Santa Catalina Archipelago 4. Palenquero from San Basilio 5. Black, mulatto (Afro-descendant), Afro-Colombian 6. None of the above]
5. Parental Education: How many years of education did your parents receive? [Open-ended]
   - Father: Father?
   - Mother: Mother?
6. Life satisfaction: In general, how satisfied are you with all aspects of your life? [Likert 0–10: 0 = Not satisfied, 10 = Totally satisfied]
7. Happiness: How happy did you feel yesterday? [Likert 0–10: 0 = At no time, 10 = All the time]
8. Laughter: How much did you laugh yesterday? [Likert 0–10: 0 = At no time, 10 = All the time]
9. Learning: Did you learn new or exciting things yesterday? [Likert 0–10: 0 = At no time, 10 = All the time]
10. Enjoyment: How much did you enjoy the activities you did yesterday? [Likert 0–10: 0 = At no time, 10 = All the time]
11. Worry: How worried did you feel yesterday? [Likert 0–10: 0 = At no time, 10 = All the time]
12. Depression: How depressed did you feel yesterday? [Likert 0–10: 0 = At no time, 10 = All the time]
13. Anger: How angry did you feel yesterday? [Likert 0–10: 0 = At no time, 10 = All the time]
14. Stress: How much stress did you feel yesterday? [Likert 0–10: 0 = At no time, 10 = All the time]
15. Loneliness: How lonely or unsupported did you feel yesterday? [Likert 0–10: 0 = At no time, 10 = All the time]
16. Emotional Regulation Frequency: Next, you will be asked questions about your emotional state. Please answer on a scale of 0 to 4, where 0 is never, 1 is 'almost never', 2 is 'sometimes', 3 is 'fairly often', and 4 is 'very often', how often you experienced the following feelings during the last month: [Likert 0–4]
    - Upset by Unexpected Events: how often have you been upset because of something that happened unexpectedly?
    - Unable to Control Important Things: how often have you felt that you were unable to control the important things in your life?
    - Nervous and Stressed: how often have you felt nervous and stressed?
    - Lacked Confidence Handling Problems: how often have you felt confident about your ability to handle your personal problems?
    - Things Going Your Way: how often have you felt that things were going your way?
    - Unable to Cope: how often have you found that you could not cope with all the things that you had to do?
    - Irritated by Life: how often have you been able to control irritations in your life?
    - On Top of Things: how often have you felt that you were on top of things?
    - Angered by Uncontrollable Events: how often have you been angered because of things that happened that were outside of your control?
    - Felt Overwhelmed: how often have you felt difficulties were piling up so high that you could not overcome them?
17. Anxiety Symptoms Frequency: Next, you will be asked questions about your emotional state. Please answer on a scale of 0 to 3, where 0 is 'Not at all', 1 is 'several days', 2 is 'more than half of the days', and 3 is 'Nearly every day'. Over the last two weeks, how often have you been bothered by the following problems? [Likert 0–3]
    - Feeling Nervous or On Edge: Feeling nervous, anxious, or on edge
    - Uncontrollable Worrying: Not being able to stop or control worrying
    - Excessive Worry: Worrying too much about different things
    - Trouble Relaxing: Trouble relaxing
    - Restlessness: Being so restless that it is hard to sit still
    - Irritability: Becoming easily annoyed or irritable
    - Fear Something Awful Might Happen: Feeling afraid, as if something awful might happen
18. Depressive Symptoms Frequency: Next, you will be asked questions about your emotional state. Please answer on a scale of 0 to 3, where 0 is 'Not at all', 1 is 'several days', 2 is 'more than half of the days', and 3 is 'Nearly every day'. Over the last two weeks, how often have you been bothered by the following problems?
    - Anhedonia: Little interest or pleasure in doing things
    - Depressed Mood: Feeling down, depressed, or hopeless
    - Sleep Problems: Trouble falling or staying asleep, or sleeping too much
    - Fatigue: Feeling tired or having little energy
    - Appetite Changes: Poor appetite or overeating
    - Feelings of Worthlessness: Feeling bad about yourself or that you are a failure or have let yourself or your family down
    - Concentration Difficulties: Trouble concentrating on things, such as reading the newspaper or watching television
    - Psychomotor Changes: Moving or speaking so slowly that other people could have noticed. Or the opposite — being so fidgety or restless that you have been moving around a lot more than usual
    - Suicidal Thoughts: Thoughts that you would be better off dead, or of hurting yourself

Responses:
==================================================

Respondent 119:
- Year of birth: 2004.0
- Gender: 1.0
- Socio-economic status: 1.0
- Ethnic identity: 6.0
- Life satisfaction: 4.0
- Happiness: 8.0
- Laughter: 8.0
- Learning: 8.0
- Enjoyment: 8.0
- Worry: 1.0
- Depression: 1.0
- Anger: 2.0
- Stress: 2.0
- Loneliness: 2.0
- Emotional Regulation Frequency:
  - Upset by Unexpected Events: 2.0
  - Unable to Control Important Things: 2.0
  - Lacked Confidence Handling Problems: 2.0
  - Unable to Cope: 2.0
  - Irritated by Life: 2.0
  - On Top of Things: 2.0
- Anxiety Symptoms Frequency:
  - Feeling Nervous or On Edge: 1.0
  - Trouble Relaxing: 1.0
  - Restlessness: 1.0
  - Irritability: 1.0
  - Fear Something Awful Might Happen: 1.0
- Depressive Symptoms Frequency:
  - Anhedonia: 1.0
  - Sleep Problems: 1.0
  - Fatigue: 1.0
  - Appetite Changes: 0.0
  - Feelings of Worthlessness: 1.0
  - Concentration Difficulties: 0.0
  - Suicidal Thoughts: 0.0

Respondent 116:
- Year of birth: 2004.0
- Gender: 1.0
- Socio-economic status: 5.0
- Ethnic identity: 6.0
- Parental Education:
  - Father: 17.0
  - Mother: 17.0
- Life satisfaction: 8.0
- Happiness: 8.0
- Laughter: 7.0
- Learning: 7.0
- Enjoyment: 9.0
- Worry: 1.0
- Depression: 1.0
- Anger: 2.0
- Stress: 3.0
- Loneliness: 1.0
- Emotional Regulation Frequency:
  - Upset by Unexpected Events: 2.0
  - Unable to Control Important Things: 2.0
  - Lacked Confidence Handling Problems: 3.0
  - Unable to Cope: 2.0
  - Irritated by Life: 3.0
  - On Top of Things: 2.0
- Anxiety Symptoms Frequency:
  - Feeling Nervous or On Edge: 2.0
  - Trouble Relaxing: 1.0
  - Restlessness: 2.0
  - Irritability: 1.0
  - Fear Something Awful Might Happen: 2.0
- Depressive Symptoms Frequency:
  - Anhedonia: 1.0
  - Sleep Problems: 0.0
  - Fatigue: 2.0
  - Appetite Changes: 2.0
  - Feelings of Worthlessness: 1.0
  - Concentration Difficulties: 2.0
  - Suicidal Thoughts: 0.0

Answer: 2

Survey Data
==================================================

Questions:
1. Year of birth: What is your date of birth? [Open-ended]
2. Gender: What is your gender? [MCQ: 1. Male 2. Female]
3. Socio-economic status: What is the socio-economic status of your home? [Likert 1–6: 1 = Very low, 6 = Very high]
4. Ethnic identity: According to your culture, people, or physical features, you are or are recognized as: [MCQ: 1. Indigenous 2. Gypsy 3. Raizal from San Andres, Providencia and Santa Catalina Archipelago 4. Palenquero from San Basilio 5. Black, mulatto (Afro-descendant), Afro-Colombian 6. None of the above]
5. Parental Education: How many years of education did your parents receive? [Open-ended]
   - Father: Father?
   - Mother: Mother?
6. Life satisfaction: In general, how satisfied are you with all aspects of your life? [Likert 0–10: 0 = Not satisfied, 10 = Totally satisfied]
7. Happiness: How happy did you feel yesterday? [Likert 0–10: 0 = At no time, 10 = All the time]
8. Laughter: How much did you laugh yesterday? [Likert 0–10: 0 = At no time, 10 = All the time]
9. Learning: Did you learn new or exciting things yesterday? [Likert 0–10: 0 = At no time, 10 = All the time]
10. Enjoyment: How much did you enjoy the activities you did yesterday? [Likert 0–10: 0 = At no time, 10 = All the time]
11. Worry: How worried did you feel yesterday? [Likert 0–10: 0 = At no time, 10 = All the time]
12. Depression: How depressed did you feel yesterday? [Likert 0–10: 0 = At no time, 10 = All the time]
13. Anger: How angry did you feel yesterday? [Likert 0–10: 0 = At no time, 10 = All the time]
14. Stress: How much stress did you feel yesterday? [Likert 0–10: 0 = At no time, 10 = All the time]
15. Loneliness: How lonely or unsupported did you feel yesterday? [Likert 0–10: 0 = At no time, 10 = All the time]
16. Emotional Regulation Frequency: Next, you will be asked questions about your emotional state. Please answer on a scale of 0 to 4, where 0 is never, 1 is 'almost never', 2 is 'sometimes', 3 is 'fairly often', and 4 is 'very often', how often you experienced the following feelings during the last month: [Likert 0–4]
    - Upset by Unexpected Events: how often have you been upset because of something that happened unexpectedly?
    - Unable to Control Important Things: how often have you felt that you were unable to control the important things in your life?
    - Nervous and Stressed: how often have you felt nervous and stressed?
    - Lacked Confidence Handling Problems: how often have you felt confident about your ability to handle your personal problems?
    - Things Going Your Way: how often have you felt that things were going your way?
    - Unable to Cope: how often have you found that you could not cope with all the things that you had to do?
    - Irritated by Life: how often have you been able to control irritations in your life?
    - On Top of Things: how often have you felt that you were on top of things?
    - Angered by Uncontrollable Events: how often have you been angered because of things that happened that were outside of your control?
    - Felt Overwhelmed: how often have you felt difficulties were piling up so high that you could not overcome them?
17. Anxiety Symptoms Frequency: Next, you will be asked questions about your emotional state. Please answer on a scale of 0 to 3, where 0 is 'Not at all', 1 is 'several days', 2 is 'more than half of the days', and 3 is 'Nearly every day'. Over the last two weeks, how often have you been bothered by the following problems? [Likert 0–3]
    - Feeling Nervous or On Edge: Feeling nervous, anxious, or on edge
    - Uncontrollable Worrying: Not being able to stop or control worrying
    - Excessive Worry: Worrying too much about different things
    - Trouble Relaxing: Trouble relaxing
    - Restlessness: Being so restless that it is hard to sit still
    - Irritability: Becoming easily annoyed or irritable
    - Fear Something Awful Might Happen: Feeling afraid, as if something awful might happen
18. Depressive Symptoms Frequency: Next, you will be asked questions about your emotional state. Please answer on a scale of 0 to 3, where 0 is 'Not at all', 1 is 'several days', 2 is 'more than half of the days', and 3 is 'Nearly every day'. Over the last two weeks, how often have you been bothered by the following problems?
    - Anhedonia: Little interest or pleasure in doing things
    - Depressed Mood: Feeling down, depressed, or hopeless
    - Sleep Problems: Trouble falling or staying asleep, or sleeping too much
    - Fatigue: Feeling tired or having little energy
    - Appetite Changes: Poor appetite or overeating
    - Feelings of Worthlessness: Feeling bad about yourself or that you are a failure or have let yourself or your family down
    - Concentration Difficulties: Trouble concentrating on things, such as reading the newspaper or watching television
    - Psychomotor Changes: Moving or speaking so slowly that other people could have noticed. Or the opposite — being so fidgety or restless that you have been moving around a lot more than usual
    - Suicidal Thoughts: Thoughts that you would be better off dead, or of hurting yourself

Responses:
==================================================

Respondent 17:
- Year of birth: 2004.0
- Gender: 1.0
- Socio-economic status: 3.0
- Ethnic identity: 6.0
- Parental Education:
  - Mother: 21.0
- Life satisfaction: 6.0
- Happiness: 4.0
- Laughter: 2.0
- Learning: 7.0
- Enjoyment: 5.0
- Worry: 1.0
- Depression: 1.0
- Anger: 1.0
- Stress: 3.0
- Loneliness: 10.0
- Emotional Regulation Frequency:
  - Upset by Unexpected Events: 2.0
  - Unable to Control Important Things: 2.0
  - Lacked Confidence Handling Problems: 1.0
  - Unable to Cope: 3.0
  - Irritated by Life: 2.0
  - On Top of Things: 1.0
- Anxiety Symptoms Frequency:
  - Feeling Nervous or On Edge: 1.0
  - Trouble Relaxing: 1.0
  - Restlessness: 1.0
  - Irritability: 1.0
  - Fear Something Awful Might Happen: 1.0
- Depressive Symptoms Frequency:
  - Anhedonia: 1.0
  - Sleep Problems: 0.0
  - Fatigue: 2.0
  - Appetite Changes: 2.0
  - Feelings of Worthlessness: 2.0
  - Concentration Difficulties: 1.0
  - Suicidal Thoughts: 0.0

Respondent 122:
- Year of birth: 2002.0
- Gender: 1.0
- Socio-economic status: 3.0
- Ethnic identity: 6.0
- Parental Education:
  - Father: 23.0
  - Mother: 22.0
- Life satisfaction: 8.0
- Happiness: 10.0
- Laughter: 10.0
- Learning: 8.0
- Enjoyment: 9.0
- Worry: 0.0
- Depression: 0.0
- Anger: 2.0
- Stress: 2.0
- Loneliness: 0.0
- Emotional Regulation Frequency:
  - Upset by Unexpected Events: 2.0
  - Unable to Control Important Things: 1.0
  - Lacked Confidence Handling Problems: 4.0
  - Unable to Cope: 2.0
  - Irritated by Life: 4.0
  - On Top of Things: 3.0
- Anxiety Symptoms Frequency:
  - Feeling Nervous or On Edge: 0.0
  - Trouble Relaxing: 0.0
  - Restlessness: 0.0
  - Irritability: 1.0
  - Fear Something Awful Might Happen: 0.0
- Depressive Symptoms Frequency:
  - Anhedonia: 0.0
  - Sleep Problems: 0.0
  - Fatigue: 1.0
  - Appetite Changes: 0.0
  - Feelings of Worthlessness: 0.0
  - Concentration Difficulties: 1.0
  - Suicidal Thoughts: 0.0

Respondent 119:
- Year of birth: 2004.0
- Gender: 1.0
- Socio-economic status: 1.0
- Ethnic identity: 6.0
- Life satisfaction: 4.0
- Happiness: 8.0
- Laughter: 8.0
- Learning: 8.0
- Enjoyment: 8.0
- Worry: 1.0
- Depression: 1.0
- Anger: 2.0
- Stress: 2.0
- Loneliness: 2.0
- Emotional Regulation Frequency:
  - Upset by Unexpected Events: 2.0
  - Unable to Control Important Things: 2.0
  - Lacked Confidence Handling Problems: 2.0
  - Unable to Cope: 2.0
  - Irritated by Life: 2.0
  - On Top of Things: 2.0
- Anxiety Symptoms Frequency:
  - Feeling Nervous or On Edge: 1.0
  - Trouble Relaxing: 1.0
  - Restlessness: 1.0
  - Irritability: 1.0
  - Fear Something Awful Might Happen: 1.0
- Depressive Symptoms Frequency:
  - Anhedonia: 1.0
  - Sleep Problems: 1.0
  - Fatigue: 1.0
  - Appetite Changes: 0.0
  - Feelings of Worthlessness: 1.0
  - Concentration Difficulties: 0.0
  - Suicidal Thoughts: 0.0

Respondent 126:
- Year of birth: 2004.0
- Gender: 1.0
- Socio-economic status: 4.0
- Ethnic identity: 6.0
- Parental Education:
  - Father: 22.0
  - Mother: 24.0
- Life satisfaction: 10.0
- Happiness: 10.0
- Laughter: 6.0
- Learning: 3.0
- Enjoyment: 5.0
- Worry: 0.0
- Depression: 0.0
- Anger: 2.0
- Stress: 3.0
- Loneliness: 0.0
- Emotional Regulation Frequency:
  - Upset by Unexpected Events: 2.0
  - Unable to Control Important Things: 4.0
  - Lacked Confidence Handling Problems: 3.0
  - Unable to Cope: 3.0
  - Irritated by Life: 2.0
  - On Top of Things: 0.0
- Anxiety Symptoms Frequency:
  - Feeling Nervous or On Edge: 1.0
  - Trouble Relaxing: 0.0
  - Restlessness: 0.0
  - Irritability: 1.0
  - Fear Something Awful Might Happen: 1.0
- Depressive Symptoms Frequency:
  - Anhedonia: 1.0
  - Sleep Problems: 1.0
  - Fatigue: 1.0
  - Appetite Changes: 1.0
  - Feelings of Worthlessness: 1.0
  - Concentration Difficulties: 1.0
  - Suicidal Thoughts: 0.0

Respondent 71:
- Year of birth: 2001.0
- Gender: 2.0
- Socio-economic status: 4.0
- Ethnic identity: 6.0
- Parental Education:
  - Father: 15.0
  - Mother: 17.0
- Life satisfaction: 8.0
- Happiness: 9.0
- Laughter: 7.0
- Learning: 5.0
- Enjoyment: 8.0
- Worry: 1.0
- Depression: 0.0
- Anger: 2.0
- Stress: 1.0
- Loneliness: 5.0
- Emotional Regulation Frequency:
  - Upset by Unexpected Events: 1.0
  - Unable to Control Important Things: 1.0
  - Lacked Confidence Handling Problems: 3.0
  - Unable to Cope: 1.0
  - Irritated by Life: 3.0
  - On Top of Things: 3.0
- Anxiety Symptoms Frequency:
  - Feeling Nervous or On Edge: 0.0
  - Trouble Relaxing: 0.0
  - Restlessness: 0.0
  - Irritability: 0.0
  - Fear Something Awful Might Happen: 0.0
- Depressive Symptoms Frequency:
  - Anhedonia: 0.0
  - Sleep Problems: 0.0
  - Fatigue: 0.0
  - Appetite Changes: 0.0
  - Feelings of Worthlessness: 0.0
  - Concentration Difficulties: 0.0
  - Suicidal Thoughts: 0.0

Respondent 90:
- Year of birth: 2004.0
- Gender: 1.0
- Socio-economic status: 5.0
- Ethnic identity: 6.0
- Life satisfaction: 8.0
- Happiness: 5.0
- Laughter: 5.0
- Learning: 7.0
- Enjoyment: 6.0
- Worry: 1.0
- Depression: 1.0
- Anger: 2.0
- Stress: 2.0
- Loneliness: 8.0
- Emotional Regulation Frequency:
  - Upset by Unexpected Events: 2.0
  - Unable to Control Important Things: 2.0
  - Lacked Confidence Handling Problems: 2.0
  - Unable to Cope: 1.0
  - Irritated by Life: 3.0
  - On Top of Things: 3.0
- Anxiety Symptoms Frequency:
  - Feeling Nervous or On Edge: 1.0
  - Trouble Relaxing: 2.0
  - Restlessness: 2.0
  - Irritability: 1.0
  - Fear Something Awful Might Happen: 2.0
- Depressive Symptoms Frequency:
  - Anhedonia: 2.0
  - Sleep Problems: 3.0
  - Fatigue: 1.0
  - Appetite Changes: 2.0
  - Feelings of Worthlessness: 1.0
  - Concentration Difficulties: 1.0
  - Suicidal Thoughts: 1.0

You are a meticulous data analyst AI. Your primary function is to accurately analyze structured data and provide precise, verifiable answers.

You will be given a dataset with two key parts:

A 'questions' section: This is your data dictionary or schema. It is the single source of truth for understanding what each field and score means. Refer to it carefully.

A 'responses' section: This contains the raw data from each individual respondent.

To answer the question correctly, you must first use the 'questions' schema to fully understand the context and meaning of the data points within the 'responses'. Do not rely on any prior knowledge outside of this provided data. Base your entire analysis on the information given.

Provide your final answer directly and concisely. Output must be the human-readable value, not an option code.

Rules:
- For MCQ fields, map any letter codes in the Responses (case-insensitive) to the corresponding option text from the Questions schema, and output only that text. Do NOT include the letter or both.
  Example: If the schema is ""[MCQ: A. Abnormal B. Inconclusive C. Normal]"" and the response is ""a"", output ""Abnormal"".
- For open-ended fields, output the exact text value.
- If the question asks for a count, provide only the number (e.g., ""42"").
- If the question asks for a list of names or IDs, provide a simple comma-separated list (e.g., ""17, 21, 23"").
- Preserve capitalization exactly as in the schema (e.g., output ""Abnormal"", not ""abnormal"" or ""A"").

How many respondents are there?",8,False
case_10,respondent_count,How many respondents are there?,"Survey Data
==================================================

Questions:
1. Year of birth: What is your date of birth? [Open-ended]
2. Gender: What is your gender? [MCQ: 1. Male 2. Female]
3. Socio-economic status: What is the socio-economic status of your home? [Likert 1–6: 1 = Very low, 6 = Very high]
4. Ethnic identity: According to your culture, people, or physical features, you are or are recognized as: [MCQ: 1. Indigenous 2. Gypsy 3. Raizal from San Andres, Providencia and Santa Catalina Archipelago 4. Palenquero from San Basilio 5. Black, mulatto (Afro-descendant), Afro-Colombian 6. None of the above]
5. Parental Education: How many years of education did your parents receive? [Open-ended]
   - Father: Father?
   - Mother: Mother?
6. Life satisfaction: In general, how satisfied are you with all aspects of your life? [Likert 0–10: 0 = Not satisfied, 10 = Totally satisfied]
7. Happiness: How happy did you feel yesterday? [Likert 0–10: 0 = At no time, 10 = All the time]
8. Laughter: How much did you laugh yesterday? [Likert 0–10: 0 = At no time, 10 = All the time]
9. Learning: Did you learn new or exciting things yesterday? [Likert 0–10: 0 = At no time, 10 = All the time]
10. Enjoyment: How much did you enjoy the activities you did yesterday? [Likert 0–10: 0 = At no time, 10 = All the time]
11. Worry: How worried did you feel yesterday? [Likert 0–10: 0 = At no time, 10 = All the time]
12. Depression: How depressed did you feel yesterday? [Likert 0–10: 0 = At no time, 10 = All the time]
13. Anger: How angry did you feel yesterday? [Likert 0–10: 0 = At no time, 10 = All the time]
14. Stress: How much stress did you feel yesterday? [Likert 0–10: 0 = At no time, 10 = All the time]
15. Loneliness: How lonely or unsupported did you feel yesterday? [Likert 0–10: 0 = At no time, 10 = All the time]
16. Emotional Regulation Frequency: Next, you will be asked questions about your emotional state. Please answer on a scale of 0 to 4, where 0 is never, 1 is 'almost never', 2 is 'sometimes', 3 is 'fairly often', and 4 is 'very often', how often you experienced the following feelings during the last month: [Likert 0–4]
    - Upset by Unexpected Events: how often have you been upset because of something that happened unexpectedly?
    - Unable to Control Important Things: how often have you felt that you were unable to control the important things in your life?
    - Nervous and Stressed: how often have you felt nervous and stressed?
    - Lacked Confidence Handling Problems: how often have you felt confident about your ability to handle your personal problems?
    - Things Going Your Way: how often have you felt that things were going your way?
    - Unable to Cope: how often have you found that you could not cope with all the things that you had to do?
    - Irritated by Life: how often have you been able to control irritations in your life?
    - On Top of Things: how often have you felt that you were on top of things?
    - Angered by Uncontrollable Events: how often have you been angered because of things that happened that were outside of your control?
    - Felt Overwhelmed: how often have you felt difficulties were piling up so high that you could not overcome them?
17. Anxiety Symptoms Frequency: Next, you will be asked questions about your emotional state. Please answer on a scale of 0 to 3, where 0 is 'Not at all', 1 is 'several days', 2 is 'more than half of the days', and 3 is 'Nearly every day'. Over the last two weeks, how often have you been bothered by the following problems? [Likert 0–3]
    - Feeling Nervous or On Edge: Feeling nervous, anxious, or on edge
    - Uncontrollable Worrying: Not being able to stop or control worrying
    - Excessive Worry: Worrying too much about different things
    - Trouble Relaxing: Trouble relaxing
    - Restlessness: Being so restless that it is hard to sit still
    - Irritability: Becoming easily annoyed or irritable
    - Fear Something Awful Might Happen: Feeling afraid, as if something awful might happen
18. Depressive Symptoms Frequency: Next, you will be asked questions about your emotional state. Please answer on a scale of 0 to 3, where 0 is 'Not at all', 1 is 'several days', 2 is 'more than half of the days', and 3 is 'Nearly every day'. Over the last two weeks, how often have you been bothered by the following problems?
    - Anhedonia: Little interest or pleasure in doing things
    - Depressed Mood: Feeling down, depressed, or hopeless
    - Sleep Problems: Trouble falling or staying asleep, or sleeping too much
    - Fatigue: Feeling tired or having little energy
    - Appetite Changes: Poor appetite or overeating
    - Feelings of Worthlessness: Feeling bad about yourself or that you are a failure or have let yourself or your family down
    - Concentration Difficulties: Trouble concentrating on things, such as reading the newspaper or watching television
    - Psychomotor Changes: Moving or speaking so slowly that other people could have noticed. Or the opposite — being so fidgety or restless that you have been moving around a lot more than usual
    - Suicidal Thoughts: Thoughts that you would be better off dead, or of hurting yourself

Responses:
==================================================

Respondent 23:
- Year of birth: 2002.0
- Gender: 1.0
- Socio-economic status: 4.0
- Ethnic identity: 6.0
- Parental Education:
  - Father: 17.0
  - Mother: 17.0
- Life satisfaction: 5.0
- Happiness: 4.0
- Laughter: 4.0
- Learning: 2.0
- Enjoyment: 6.0
- Worry: 3.0
- Depression: 1.0
- Anger: 3.0
- Stress: 4.0
- Loneliness: 6.0
- Emotional Regulation Frequency:
  - Upset by Unexpected Events: 3.0
  - Unable to Control Important Things: 3.0
  - Lacked Confidence Handling Problems: 1.0
  - Unable to Cope: 4.0
  - Irritated by Life: 3.0
  - On Top of Things: 2.0
- Anxiety Symptoms Frequency:
  - Feeling Nervous or On Edge: 2.0
  - Trouble Relaxing: 2.0
  - Restlessness: 1.0
  - Irritability: 1.0
  - Fear Something Awful Might Happen: 3.0
- Depressive Symptoms Frequency:
  - Anhedonia: 1.0
  - Sleep Problems: 1.0
  - Fatigue: 1.0
  - Appetite Changes: 1.0
  - Feelings of Worthlessness: 2.0
  - Concentration Difficulties: 2.0
  - Suicidal Thoughts: 0.0

Respondent 117:
- Year of birth: 2004.0
- Gender: 2.0
- Socio-economic status: 4.0
- Ethnic identity: 6.0
- Parental Education:
  - Father: 21.0
  - Mother: 27.0
- Life satisfaction: 8.0
- Happiness: 7.0
- Laughter: 8.0
- Learning: 6.0
- Enjoyment: 8.0
- Worry: 1.0
- Depression: 0.0
- Anger: 1.0
- Stress: 2.0
- Loneliness: 5.0
- Emotional Regulation Frequency:
  - Upset by Unexpected Events: 2.0
  - Unable to Control Important Things: 1.0
  - Lacked Confidence Handling Problems: 2.0
  - Unable to Cope: 2.0
  - Irritated by Life: 3.0
  - On Top of Things: 3.0
- Anxiety Symptoms Frequency:
  - Feeling Nervous or On Edge: 1.0
  - Trouble Relaxing: 0.0
  - Restlessness: 0.0
  - Irritability: 1.0
  - Fear Something Awful Might Happen: 0.0
- Depressive Symptoms Frequency:
  - Anhedonia: 0.0
  - Sleep Problems: 1.0
  - Fatigue: 0.0
  - Appetite Changes: 0.0
  - Feelings of Worthlessness: 1.0
  - Concentration Difficulties: 0.0
  - Suicidal Thoughts: 0.0

Respondent 2:
- Year of birth: 1999.0
- Gender: 1.0
- Socio-economic status: 2.0
- Ethnic identity: 1.0
- Life satisfaction: 8.0
- Happiness: 4.0
- Laughter: 8.0
- Learning: 3.0
- Enjoyment: 5.0
- Worry: 1.0
- Depression: 2.0
- Anger: 3.0
- Stress: 3.0
- Loneliness: 7.0
- Emotional Regulation Frequency:
  - Upset by Unexpected Events: 1.0
  - Unable to Control Important Things: 2.0
  - Lacked Confidence Handling Problems: 2.0
  - Unable to Cope: 2.0
  - Irritated by Life: 3.0
  - On Top of Things: 2.0
- Anxiety Symptoms Frequency:
  - Feeling Nervous or On Edge: 0.0
  - Trouble Relaxing: 1.0
  - Restlessness: 0.0
  - Irritability: 1.0
  - Fear Something Awful Might Happen: 1.0
- Depressive Symptoms Frequency:
  - Anhedonia: 2.0
  - Sleep Problems: 0.0
  - Fatigue: 3.0
  - Appetite Changes: 2.0
  - Feelings of Worthlessness: 1.0
  - Concentration Difficulties: 1.0
  - Suicidal Thoughts: 0.0
",3,"How many respondents are there?

DATA:

Survey Data
==================================================

Questions:
1. Year of birth: What is your date of birth? [Open-ended]
2. Gender: What is your gender? [MCQ: 1. Male 2. Female]
3. Socio-economic status: What is the socio-economic status of your home? [Likert 1–6: 1 = Very low, 6 = Very high]
4. Ethnic identity: According to your culture, people, or physical features, you are or are recognized as: [MCQ: 1. Indigenous 2. Gypsy 3. Raizal from San Andres, Providencia and Santa Catalina Archipelago 4. Palenquero from San Basilio 5. Black, mulatto (Afro-descendant), Afro-Colombian 6. None of the above]
5. Parental Education: How many years of education did your parents receive? [Open-ended]
   - Father: Father?
   - Mother: Mother?
6. Life satisfaction: In general, how satisfied are you with all aspects of your life? [Likert 0–10: 0 = Not satisfied, 10 = Totally satisfied]
7. Happiness: How happy did you feel yesterday? [Likert 0–10: 0 = At no time, 10 = All the time]
8. Laughter: How much did you laugh yesterday? [Likert 0–10: 0 = At no time, 10 = All the time]
9. Learning: Did you learn new or exciting things yesterday? [Likert 0–10: 0 = At no time, 10 = All the time]
10. Enjoyment: How much did you enjoy the activities you did yesterday? [Likert 0–10: 0 = At no time, 10 = All the time]
11. Worry: How worried did you feel yesterday? [Likert 0–10: 0 = At no time, 10 = All the time]
12. Depression: How depressed did you feel yesterday? [Likert 0–10: 0 = At no time, 10 = All the time]
13. Anger: How angry did you feel yesterday? [Likert 0–10: 0 = At no time, 10 = All the time]
14. Stress: How much stress did you feel yesterday? [Likert 0–10: 0 = At no time, 10 = All the time]
15. Loneliness: How lonely or unsupported did you feel yesterday? [Likert 0–10: 0 = At no time, 10 = All the time]
16. Emotional Regulation Frequency: Next, you will be asked questions about your emotional state. Please answer on a scale of 0 to 4, where 0 is never, 1 is 'almost never', 2 is 'sometimes', 3 is 'fairly often', and 4 is 'very often', how often you experienced the following feelings during the last month: [Likert 0–4]
    - Upset by Unexpected Events: how often have you been upset because of something that happened unexpectedly?
    - Unable to Control Important Things: how often have you felt that you were unable to control the important things in your life?
    - Nervous and Stressed: how often have you felt nervous and stressed?
    - Lacked Confidence Handling Problems: how often have you felt confident about your ability to handle your personal problems?
    - Things Going Your Way: how often have you felt that things were going your way?
    - Unable to Cope: how often have you found that you could not cope with all the things that you had to do?
    - Irritated by Life: how often have you been able to control irritations in your life?
    - On Top of Things: how often have you felt that you were on top of things?
    - Angered by Uncontrollable Events: how often have you been angered because of things that happened that were outside of your control?
    - Felt Overwhelmed: how often have you felt difficulties were piling up so high that you could not overcome them?
17. Anxiety Symptoms Frequency: Next, you will be asked questions about your emotional state. Please answer on a scale of 0 to 3, where 0 is 'Not at all', 1 is 'several days', 2 is 'more than half of the days', and 3 is 'Nearly every day'. Over the last two weeks, how often have you been bothered by the following problems? [Likert 0–3]
    - Feeling Nervous or On Edge: Feeling nervous, anxious, or on edge
    - Uncontrollable Worrying: Not being able to stop or control worrying
    - Excessive Worry: Worrying too much about different things
    - Trouble Relaxing: Trouble relaxing
    - Restlessness: Being so restless that it is hard to sit still
    - Irritability: Becoming easily annoyed or irritable
    - Fear Something Awful Might Happen: Feeling afraid, as if something awful might happen
18. Depressive Symptoms Frequency: Next, you will be asked questions about your emotional state. Please answer on a scale of 0 to 3, where 0 is 'Not at all', 1 is 'several days', 2 is 'more than half of the days', and 3 is 'Nearly every day'. Over the last two weeks, how often have you been bothered by the following problems?
    - Anhedonia: Little interest or pleasure in doing things
    - Depressed Mood: Feeling down, depressed, or hopeless
    - Sleep Problems: Trouble falling or staying asleep, or sleeping too much
    - Fatigue: Feeling tired or having little energy
    - Appetite Changes: Poor appetite or overeating
    - Feelings of Worthlessness: Feeling bad about yourself or that you are a failure or have let yourself or your family down
    - Concentration Difficulties: Trouble concentrating on things, such as reading the newspaper or watching television
    - Psychomotor Changes: Moving or speaking so slowly that other people could have noticed. Or the opposite — being so fidgety or restless that you have been moving around a lot more than usual
    - Suicidal Thoughts: Thoughts that you would be better off dead, or of hurting yourself

Responses:
==================================================

Respondent 119:
- Year of birth: 2004.0
- Gender: 1.0
- Socio-economic status: 1.0
- Ethnic identity: 6.0
- Life satisfaction: 4.0
- Happiness: 8.0
- Laughter: 8.0
- Learning: 8.0
- Enjoyment: 8.0
- Worry: 1.0
- Depression: 1.0
- Anger: 2.0
- Stress: 2.0
- Loneliness: 2.0
- Emotional Regulation Frequency:
  - Upset by Unexpected Events: 2.0
  - Unable to Control Important Things: 2.0
  - Lacked Confidence Handling Problems: 2.0
  - Unable to Cope: 2.0
  - Irritated by Life: 2.0
  - On Top of Things: 2.0
- Anxiety Symptoms Frequency:
  - Feeling Nervous or On Edge: 1.0
  - Trouble Relaxing: 1.0
  - Restlessness: 1.0
  - Irritability: 1.0
  - Fear Something Awful Might Happen: 1.0
- Depressive Symptoms Frequency:
  - Anhedonia: 1.0
  - Sleep Problems: 1.0
  - Fatigue: 1.0
  - Appetite Changes: 0.0
  - Feelings of Worthlessness: 1.0
  - Concentration Difficulties: 0.0
  - Suicidal Thoughts: 0.0

Respondent 116:
- Year of birth: 2004.0
- Gender: 1.0
- Socio-economic status: 5.0
- Ethnic identity: 6.0
- Parental Education:
  - Father: 17.0
  - Mother: 17.0
- Life satisfaction: 8.0
- Happiness: 8.0
- Laughter: 7.0
- Learning: 7.0
- Enjoyment: 9.0
- Worry: 1.0
- Depression: 1.0
- Anger: 2.0
- Stress: 3.0
- Loneliness: 1.0
- Emotional Regulation Frequency:
  - Upset by Unexpected Events: 2.0
  - Unable to Control Important Things: 2.0
  - Lacked Confidence Handling Problems: 3.0
  - Unable to Cope: 2.0
  - Irritated by Life: 3.0
  - On Top of Things: 2.0
- Anxiety Symptoms Frequency:
  - Feeling Nervous or On Edge: 2.0
  - Trouble Relaxing: 1.0
  - Restlessness: 2.0
  - Irritability: 1.0
  - Fear Something Awful Might Happen: 2.0
- Depressive Symptoms Frequency:
  - Anhedonia: 1.0
  - Sleep Problems: 0.0
  - Fatigue: 2.0
  - Appetite Changes: 2.0
  - Feelings of Worthlessness: 1.0
  - Concentration Difficulties: 2.0
  - Suicidal Thoughts: 0.0

Answer: 2

Survey Data
==================================================

Questions:
1. Year of birth: What is your date of birth? [Open-ended]
2. Gender: What is your gender? [MCQ: 1. Male 2. Female]
3. Socio-economic status: What is the socio-economic status of your home? [Likert 1–6: 1 = Very low, 6 = Very high]
4. Ethnic identity: According to your culture, people, or physical features, you are or are recognized as: [MCQ: 1. Indigenous 2. Gypsy 3. Raizal from San Andres, Providencia and Santa Catalina Archipelago 4. Palenquero from San Basilio 5. Black, mulatto (Afro-descendant), Afro-Colombian 6. None of the above]
5. Parental Education: How many years of education did your parents receive? [Open-ended]
   - Father: Father?
   - Mother: Mother?
6. Life satisfaction: In general, how satisfied are you with all aspects of your life? [Likert 0–10: 0 = Not satisfied, 10 = Totally satisfied]
7. Happiness: How happy did you feel yesterday? [Likert 0–10: 0 = At no time, 10 = All the time]
8. Laughter: How much did you laugh yesterday? [Likert 0–10: 0 = At no time, 10 = All the time]
9. Learning: Did you learn new or exciting things yesterday? [Likert 0–10: 0 = At no time, 10 = All the time]
10. Enjoyment: How much did you enjoy the activities you did yesterday? [Likert 0–10: 0 = At no time, 10 = All the time]
11. Worry: How worried did you feel yesterday? [Likert 0–10: 0 = At no time, 10 = All the time]
12. Depression: How depressed did you feel yesterday? [Likert 0–10: 0 = At no time, 10 = All the time]
13. Anger: How angry did you feel yesterday? [Likert 0–10: 0 = At no time, 10 = All the time]
14. Stress: How much stress did you feel yesterday? [Likert 0–10: 0 = At no time, 10 = All the time]
15. Loneliness: How lonely or unsupported did you feel yesterday? [Likert 0–10: 0 = At no time, 10 = All the time]
16. Emotional Regulation Frequency: Next, you will be asked questions about your emotional state. Please answer on a scale of 0 to 4, where 0 is never, 1 is 'almost never', 2 is 'sometimes', 3 is 'fairly often', and 4 is 'very often', how often you experienced the following feelings during the last month: [Likert 0–4]
    - Upset by Unexpected Events: how often have you been upset because of something that happened unexpectedly?
    - Unable to Control Important Things: how often have you felt that you were unable to control the important things in your life?
    - Nervous and Stressed: how often have you felt nervous and stressed?
    - Lacked Confidence Handling Problems: how often have you felt confident about your ability to handle your personal problems?
    - Things Going Your Way: how often have you felt that things were going your way?
    - Unable to Cope: how often have you found that you could not cope with all the things that you had to do?
    - Irritated by Life: how often have you been able to control irritations in your life?
    - On Top of Things: how often have you felt that you were on top of things?
    - Angered by Uncontrollable Events: how often have you been angered because of things that happened that were outside of your control?
    - Felt Overwhelmed: how often have you felt difficulties were piling up so high that you could not overcome them?
17. Anxiety Symptoms Frequency: Next, you will be asked questions about your emotional state. Please answer on a scale of 0 to 3, where 0 is 'Not at all', 1 is 'several days', 2 is 'more than half of the days', and 3 is 'Nearly every day'. Over the last two weeks, how often have you been bothered by the following problems? [Likert 0–3]
    - Feeling Nervous or On Edge: Feeling nervous, anxious, or on edge
    - Uncontrollable Worrying: Not being able to stop or control worrying
    - Excessive Worry: Worrying too much about different things
    - Trouble Relaxing: Trouble relaxing
    - Restlessness: Being so restless that it is hard to sit still
    - Irritability: Becoming easily annoyed or irritable
    - Fear Something Awful Might Happen: Feeling afraid, as if something awful might happen
18. Depressive Symptoms Frequency: Next, you will be asked questions about your emotional state. Please answer on a scale of 0 to 3, where 0 is 'Not at all', 1 is 'several days', 2 is 'more than half of the days', and 3 is 'Nearly every day'. Over the last two weeks, how often have you been bothered by the following problems?
    - Anhedonia: Little interest or pleasure in doing things
    - Depressed Mood: Feeling down, depressed, or hopeless
    - Sleep Problems: Trouble falling or staying asleep, or sleeping too much
    - Fatigue: Feeling tired or having little energy
    - Appetite Changes: Poor appetite or overeating
    - Feelings of Worthlessness: Feeling bad about yourself or that you are a failure or have let yourself or your family down
    - Concentration Difficulties: Trouble concentrating on things, such as reading the newspaper or watching television
    - Psychomotor Changes: Moving or speaking so slowly that other people could have noticed. Or the opposite — being so fidgety or restless that you have been moving around a lot more than usual
    - Suicidal Thoughts: Thoughts that you would be better off dead, or of hurting yourself

Responses:
==================================================

Respondent 23:
- Year of birth: 2002.0
- Gender: 1.0
- Socio-economic status: 4.0
- Ethnic identity: 6.0
- Parental Education:
  - Father: 17.0
  - Mother: 17.0
- Life satisfaction: 5.0
- Happiness: 4.0
- Laughter: 4.0
- Learning: 2.0
- Enjoyment: 6.0
- Worry: 3.0
- Depression: 1.0
- Anger: 3.0
- Stress: 4.0
- Loneliness: 6.0
- Emotional Regulation Frequency:
  - Upset by Unexpected Events: 3.0
  - Unable to Control Important Things: 3.0
  - Lacked Confidence Handling Problems: 1.0
  - Unable to Cope: 4.0
  - Irritated by Life: 3.0
  - On Top of Things: 2.0
- Anxiety Symptoms Frequency:
  - Feeling Nervous or On Edge: 2.0
  - Trouble Relaxing: 2.0
  - Restlessness: 1.0
  - Irritability: 1.0
  - Fear Something Awful Might Happen: 3.0
- Depressive Symptoms Frequency:
  - Anhedonia: 1.0
  - Sleep Problems: 1.0
  - Fatigue: 1.0
  - Appetite Changes: 1.0
  - Feelings of Worthlessness: 2.0
  - Concentration Difficulties: 2.0
  - Suicidal Thoughts: 0.0

Respondent 117:
- Year of birth: 2004.0
- Gender: 2.0
- Socio-economic status: 4.0
- Ethnic identity: 6.0
- Parental Education:
  - Father: 21.0
  - Mother: 27.0
- Life satisfaction: 8.0
- Happiness: 7.0
- Laughter: 8.0
- Learning: 6.0
- Enjoyment: 8.0
- Worry: 1.0
- Depression: 0.0
- Anger: 1.0
- Stress: 2.0
- Loneliness: 5.0
- Emotional Regulation Frequency:
  - Upset by Unexpected Events: 2.0
  - Unable to Control Important Things: 1.0
  - Lacked Confidence Handling Problems: 2.0
  - Unable to Cope: 2.0
  - Irritated by Life: 3.0
  - On Top of Things: 3.0
- Anxiety Symptoms Frequency:
  - Feeling Nervous or On Edge: 1.0
  - Trouble Relaxing: 0.0
  - Restlessness: 0.0
  - Irritability: 1.0
  - Fear Something Awful Might Happen: 0.0
- Depressive Symptoms Frequency:
  - Anhedonia: 0.0
  - Sleep Problems: 1.0
  - Fatigue: 0.0
  - Appetite Changes: 0.0
  - Feelings of Worthlessness: 1.0
  - Concentration Difficulties: 0.0
  - Suicidal Thoughts: 0.0

Respondent 2:
- Year of birth: 1999.0
- Gender: 1.0
- Socio-economic status: 2.0
- Ethnic identity: 1.0
- Life satisfaction: 8.0
- Happiness: 4.0
- Laughter: 8.0
- Learning: 3.0
- Enjoyment: 5.0
- Worry: 1.0
- Depression: 2.0
- Anger: 3.0
- Stress: 3.0
- Loneliness: 7.0
- Emotional Regulation Frequency:
  - Upset by Unexpected Events: 1.0
  - Unable to Control Important Things: 2.0
  - Lacked Confidence Handling Problems: 2.0
  - Unable to Cope: 2.0
  - Irritated by Life: 3.0
  - On Top of Things: 2.0
- Anxiety Symptoms Frequency:
  - Feeling Nervous or On Edge: 0.0
  - Trouble Relaxing: 1.0
  - Restlessness: 0.0
  - Irritability: 1.0
  - Fear Something Awful Might Happen: 1.0
- Depressive Symptoms Frequency:
  - Anhedonia: 2.0
  - Sleep Problems: 0.0
  - Fatigue: 3.0
  - Appetite Changes: 2.0
  - Feelings of Worthlessness: 1.0
  - Concentration Difficulties: 1.0
  - Suicidal Thoughts: 0.0

You are a meticulous data analyst AI. Your primary function is to accurately analyze structured data and provide precise, verifiable answers.

You will be given a dataset with two key parts:

A 'questions' section: This is your data dictionary or schema. It is the single source of truth for understanding what each field and score means. Refer to it carefully.

A 'responses' section: This contains the raw data from each individual respondent.

To answer the question correctly, you must first use the 'questions' schema to fully understand the context and meaning of the data points within the 'responses'. Do not rely on any prior knowledge outside of this provided data. Base your entire analysis on the information given.

Provide your final answer directly and concisely. Output must be the human-readable value, not an option code.

Rules:
- For MCQ fields, map any letter codes in the Responses (case-insensitive) to the corresponding option text from the Questions schema, and output only that text. Do NOT include the letter or both.
  Example: If the schema is ""[MCQ: A. Abnormal B. Inconclusive C. Normal]"" and the response is ""a"", output ""Abnormal"".
- For open-ended fields, output the exact text value.
- If the question asks for a count, provide only the number (e.g., ""42"").
- If the question asks for a list of names or IDs, provide a simple comma-separated list (e.g., ""17, 21, 23"").
- Preserve capitalization exactly as in the schema (e.g., output ""Abnormal"", not ""abnormal"" or ""A"").

How many respondents are there?",5,False
case_11,respondent_count,How many respondents are there?,"Survey Data
==================================================

Questions:
1. Year of birth: What is your date of birth? [Open-ended]
2. Gender: What is your gender? [MCQ: 1. Male 2. Female]
3. Socio-economic status: What is the socio-economic status of your home? [Likert 1–6: 1 = Very low, 6 = Very high]
4. Ethnic identity: According to your culture, people, or physical features, you are or are recognized as: [MCQ: 1. Indigenous 2. Gypsy 3. Raizal from San Andres, Providencia and Santa Catalina Archipelago 4. Palenquero from San Basilio 5. Black, mulatto (Afro-descendant), Afro-Colombian 6. None of the above]
5. Parental Education: How many years of education did your parents receive? [Open-ended]
   - Father: Father?
   - Mother: Mother?
6. Life satisfaction: In general, how satisfied are you with all aspects of your life? [Likert 0–10: 0 = Not satisfied, 10 = Totally satisfied]
7. Happiness: How happy did you feel yesterday? [Likert 0–10: 0 = At no time, 10 = All the time]
8. Laughter: How much did you laugh yesterday? [Likert 0–10: 0 = At no time, 10 = All the time]
9. Learning: Did you learn new or exciting things yesterday? [Likert 0–10: 0 = At no time, 10 = All the time]
10. Enjoyment: How much did you enjoy the activities you did yesterday? [Likert 0–10: 0 = At no time, 10 = All the time]
11. Worry: How worried did you feel yesterday? [Likert 0–10: 0 = At no time, 10 = All the time]
12. Depression: How depressed did you feel yesterday? [Likert 0–10: 0 = At no time, 10 = All the time]
13. Anger: How angry did you feel yesterday? [Likert 0–10: 0 = At no time, 10 = All the time]
14. Stress: How much stress did you feel yesterday? [Likert 0–10: 0 = At no time, 10 = All the time]
15. Loneliness: How lonely or unsupported did you feel yesterday? [Likert 0–10: 0 = At no time, 10 = All the time]
16. Emotional Regulation Frequency: Next, you will be asked questions about your emotional state. Please answer on a scale of 0 to 4, where 0 is never, 1 is 'almost never', 2 is 'sometimes', 3 is 'fairly often', and 4 is 'very often', how often you experienced the following feelings during the last month: [Likert 0–4]
    - Upset by Unexpected Events: how often have you been upset because of something that happened unexpectedly?
    - Unable to Control Important Things: how often have you felt that you were unable to control the important things in your life?
    - Nervous and Stressed: how often have you felt nervous and stressed?
    - Lacked Confidence Handling Problems: how often have you felt confident about your ability to handle your personal problems?
    - Things Going Your Way: how often have you felt that things were going your way?
    - Unable to Cope: how often have you found that you could not cope with all the things that you had to do?
    - Irritated by Life: how often have you been able to control irritations in your life?
    - On Top of Things: how often have you felt that you were on top of things?
    - Angered by Uncontrollable Events: how often have you been angered because of things that happened that were outside of your control?
    - Felt Overwhelmed: how often have you felt difficulties were piling up so high that you could not overcome them?
17. Anxiety Symptoms Frequency: Next, you will be asked questions about your emotional state. Please answer on a scale of 0 to 3, where 0 is 'Not at all', 1 is 'several days', 2 is 'more than half of the days', and 3 is 'Nearly every day'. Over the last two weeks, how often have you been bothered by the following problems? [Likert 0–3]
    - Feeling Nervous or On Edge: Feeling nervous, anxious, or on edge
    - Uncontrollable Worrying: Not being able to stop or control worrying
    - Excessive Worry: Worrying too much about different things
    - Trouble Relaxing: Trouble relaxing
    - Restlessness: Being so restless that it is hard to sit still
    - Irritability: Becoming easily annoyed or irritable
    - Fear Something Awful Might Happen: Feeling afraid, as if something awful might happen
18. Depressive Symptoms Frequency: Next, you will be asked questions about your emotional state. Please answer on a scale of 0 to 3, where 0 is 'Not at all', 1 is 'several days', 2 is 'more than half of the days', and 3 is 'Nearly every day'. Over the last two weeks, how often have you been bothered by the following problems?
    - Anhedonia: Little interest or pleasure in doing things
    - Depressed Mood: Feeling down, depressed, or hopeless
    - Sleep Problems: Trouble falling or staying asleep, or sleeping too much
    - Fatigue: Feeling tired or having little energy
    - Appetite Changes: Poor appetite or overeating
    - Feelings of Worthlessness: Feeling bad about yourself or that you are a failure or have let yourself or your family down
    - Concentration Difficulties: Trouble concentrating on things, such as reading the newspaper or watching television
    - Psychomotor Changes: Moving or speaking so slowly that other people could have noticed. Or the opposite — being so fidgety or restless that you have been moving around a lot more than usual
    - Suicidal Thoughts: Thoughts that you would be better off dead, or of hurting yourself

Responses:
==================================================

Respondent 3:
- Year of birth: 2002.0
- Gender: 1.0
- Socio-economic status: 5.0
- Ethnic identity: 6.0
- Parental Education:
  - Father: 16.0
  - Mother: 16.0
- Life satisfaction: 10.0
- Happiness: 9.0
- Laughter: 10.0
- Learning: 7.0
- Enjoyment: 10.0
- Worry: 1.0
- Depression: 1.0
- Anger: 1.0
- Stress: 2.0
- Loneliness: 0.0
- Emotional Regulation Frequency:
  - Upset by Unexpected Events: 2.0
  - Unable to Control Important Things: 1.0
  - Lacked Confidence Handling Problems: 3.0
  - Unable to Cope: 2.0
  - Irritated by Life: 3.0
  - On Top of Things: 1.0
- Anxiety Symptoms Frequency:
  - Feeling Nervous or On Edge: 1.0
  - Trouble Relaxing: 2.0
  - Restlessness: 1.0
  - Irritability: 0.0
  - Fear Something Awful Might Happen: 1.0
- Depressive Symptoms Frequency:
  - Anhedonia: 0.0
  - Sleep Problems: 0.0
  - Fatigue: 2.0
  - Appetite Changes: 2.0
  - Feelings of Worthlessness: 1.0
  - Concentration Difficulties: 1.0
  - Suicidal Thoughts: 0.0

Respondent 86:
- Year of birth: 2003.0
- Gender: 2.0
- Socio-economic status: 3.0
- Ethnic identity: 6.0
- Parental Education:
  - Father: 14.0
  - Mother: 22.0
- Life satisfaction: 4.0
- Happiness: 1.0
- Laughter: 1.0
- Learning: 3.0
- Enjoyment: 0.0
- Worry: 3.0
- Depression: 2.0
- Anger: 3.0
- Stress: 4.0
- Loneliness: 9.0
- Emotional Regulation Frequency:
  - Upset by Unexpected Events: 4.0
  - Unable to Control Important Things: 4.0
  - Lacked Confidence Handling Problems: 4.0
  - Unable to Cope: 4.0
  - Irritated by Life: 2.0
  - On Top of Things: 2.0
- Anxiety Symptoms Frequency:
  - Feeling Nervous or On Edge: 3.0
  - Trouble Relaxing: 3.0
  - Restlessness: 2.0
  - Irritability: 1.0
  - Fear Something Awful Might Happen: 1.0
- Depressive Symptoms Frequency:
  - Anhedonia: 1.0
  - Sleep Problems: 3.0
  - Fatigue: 3.0
  - Appetite Changes: 1.0
  - Feelings of Worthlessness: 2.0
  - Concentration Difficulties: 3.0
  - Suicidal Thoughts: 1.0

Respondent 95:
- Year of birth: 2003.0
- Gender: 1.0
- Socio-economic status: 1.0
- Ethnic identity: 6.0
- Life satisfaction: 7.0
- Happiness: 7.0
- Laughter: 5.0
- Learning: 6.0
- Enjoyment: 7.0
- Worry: 1.0
- Depression: 0.0
- Anger: 3.0
- Stress: 2.0
- Loneliness: 4.0
- Emotional Regulation Frequency:
  - Upset by Unexpected Events: 2.0
  - Unable to Control Important Things: 1.0
  - Lacked Confidence Handling Problems: 2.0
  - Unable to Cope: 1.0
  - Irritated by Life: 3.0
  - On Top of Things: 4.0
- Anxiety Symptoms Frequency:
  - Feeling Nervous or On Edge: 1.0
  - Trouble Relaxing: 1.0
  - Restlessness: 0.0
  - Irritability: 2.0
  - Fear Something Awful Might Happen: 1.0
- Depressive Symptoms Frequency:
  - Anhedonia: 1.0
  - Sleep Problems: 2.0
  - Fatigue: 2.0
  - Appetite Changes: 1.0
  - Feelings of Worthlessness: 0.0
  - Concentration Difficulties: 2.0
  - Suicidal Thoughts: 0.0

Respondent 58:
- Year of birth: 2004.0
- Gender: 1.0
- Socio-economic status: 3.0
- Ethnic identity: 6.0
- Parental Education:
  - Father: 18.0
  - Mother: 16.0
- Life satisfaction: 7.0
- Happiness: 10.0
- Laughter: 10.0
- Learning: 3.0
- Enjoyment: 10.0
- Worry: 2.0
- Depression: 0.0
- Anger: 2.0
- Stress: 2.0
- Loneliness: 0.0
- Emotional Regulation Frequency:
  - Upset by Unexpected Events: 3.0
  - Unable to Control Important Things: 3.0
  - Lacked Confidence Handling Problems: 1.0
  - Unable to Cope: 3.0
  - Irritated by Life: 1.0
  - On Top of Things: 1.0
- Anxiety Symptoms Frequency:
  - Feeling Nervous or On Edge: 1.0
  - Trouble Relaxing: 1.0
  - Restlessness: 0.0
  - Irritability: 1.0
  - Fear Something Awful Might Happen: 1.0
- Depressive Symptoms Frequency:
  - Anhedonia: 1.0
  - Sleep Problems: 1.0
  - Fatigue: 1.0
  - Appetite Changes: 1.0
  - Feelings of Worthlessness: 1.0
  - Concentration Difficulties: 0.0
  - Suicidal Thoughts: 0.0

Respondent 137:
- Year of birth: 2003.0
- Gender: 2.0
- Socio-economic status: 4.0
- Ethnic identity: 6.0
- Parental Education:
  - Father: 11.0
  - Mother: 11.0
- Life satisfaction: 3.0
- Happiness: 6.0
- Laughter: 8.0
- Learning: 6.0
- Enjoyment: 6.0
- Worry: 3.0
- Depression: 3.0
- Anger: 4.0
- Stress: 4.0
- Loneliness: 5.0
- Emotional Regulation Frequency:
  - Upset by Unexpected Events: 3.0
  - Unable to Control Important Things: 4.0
  - Lacked Confidence Handling Problems: 2.0
  - Unable to Cope: 4.0
  - Irritated by Life: 2.0
  - On Top of Things: 2.0
- Anxiety Symptoms Frequency:
  - Feeling Nervous or On Edge: 3.0
  - Trouble Relaxing: 3.0
  - Restlessness: 2.0
  - Irritability: 3.0
  - Fear Something Awful Might Happen: 3.0
- Depressive Symptoms Frequency:
  - Anhedonia: 3.0
  - Sleep Problems: 0.0
  - Fatigue: 2.0
  - Appetite Changes: 3.0
  - Feelings of Worthlessness: 3.0
  - Concentration Difficulties: 3.0
  - Suicidal Thoughts: 3.0
",5,"How many respondents are there?

DATA:

Survey Data
==================================================

Questions:
1. Year of birth: What is your date of birth? [Open-ended]
2. Gender: What is your gender? [MCQ: 1. Male 2. Female]
3. Socio-economic status: What is the socio-economic status of your home? [Likert 1–6: 1 = Very low, 6 = Very high]
4. Ethnic identity: According to your culture, people, or physical features, you are or are recognized as: [MCQ: 1. Indigenous 2. Gypsy 3. Raizal from San Andres, Providencia and Santa Catalina Archipelago 4. Palenquero from San Basilio 5. Black, mulatto (Afro-descendant), Afro-Colombian 6. None of the above]
5. Parental Education: How many years of education did your parents receive? [Open-ended]
   - Father: Father?
   - Mother: Mother?
6. Life satisfaction: In general, how satisfied are you with all aspects of your life? [Likert 0–10: 0 = Not satisfied, 10 = Totally satisfied]
7. Happiness: How happy did you feel yesterday? [Likert 0–10: 0 = At no time, 10 = All the time]
8. Laughter: How much did you laugh yesterday? [Likert 0–10: 0 = At no time, 10 = All the time]
9. Learning: Did you learn new or exciting things yesterday? [Likert 0–10: 0 = At no time, 10 = All the time]
10. Enjoyment: How much did you enjoy the activities you did yesterday? [Likert 0–10: 0 = At no time, 10 = All the time]
11. Worry: How worried did you feel yesterday? [Likert 0–10: 0 = At no time, 10 = All the time]
12. Depression: How depressed did you feel yesterday? [Likert 0–10: 0 = At no time, 10 = All the time]
13. Anger: How angry did you feel yesterday? [Likert 0–10: 0 = At no time, 10 = All the time]
14. Stress: How much stress did you feel yesterday? [Likert 0–10: 0 = At no time, 10 = All the time]
15. Loneliness: How lonely or unsupported did you feel yesterday? [Likert 0–10: 0 = At no time, 10 = All the time]
16. Emotional Regulation Frequency: Next, you will be asked questions about your emotional state. Please answer on a scale of 0 to 4, where 0 is never, 1 is 'almost never', 2 is 'sometimes', 3 is 'fairly often', and 4 is 'very often', how often you experienced the following feelings during the last month: [Likert 0–4]
    - Upset by Unexpected Events: how often have you been upset because of something that happened unexpectedly?
    - Unable to Control Important Things: how often have you felt that you were unable to control the important things in your life?
    - Nervous and Stressed: how often have you felt nervous and stressed?
    - Lacked Confidence Handling Problems: how often have you felt confident about your ability to handle your personal problems?
    - Things Going Your Way: how often have you felt that things were going your way?
    - Unable to Cope: how often have you found that you could not cope with all the things that you had to do?
    - Irritated by Life: how often have you been able to control irritations in your life?
    - On Top of Things: how often have you felt that you were on top of things?
    - Angered by Uncontrollable Events: how often have you been angered because of things that happened that were outside of your control?
    - Felt Overwhelmed: how often have you felt difficulties were piling up so high that you could not overcome them?
17. Anxiety Symptoms Frequency: Next, you will be asked questions about your emotional state. Please answer on a scale of 0 to 3, where 0 is 'Not at all', 1 is 'several days', 2 is 'more than half of the days', and 3 is 'Nearly every day'. Over the last two weeks, how often have you been bothered by the following problems? [Likert 0–3]
    - Feeling Nervous or On Edge: Feeling nervous, anxious, or on edge
    - Uncontrollable Worrying: Not being able to stop or control worrying
    - Excessive Worry: Worrying too much about different things
    - Trouble Relaxing: Trouble relaxing
    - Restlessness: Being so restless that it is hard to sit still
    - Irritability: Becoming easily annoyed or irritable
    - Fear Something Awful Might Happen: Feeling afraid, as if something awful might happen
18. Depressive Symptoms Frequency: Next, you will be asked questions about your emotional state. Please answer on a scale of 0 to 3, where 0 is 'Not at all', 1 is 'several days', 2 is 'more than half of the days', and 3 is 'Nearly every day'. Over the last two weeks, how often have you been bothered by the following problems?
    - Anhedonia: Little interest or pleasure in doing things
    - Depressed Mood: Feeling down, depressed, or hopeless
    - Sleep Problems: Trouble falling or staying asleep, or sleeping too much
    - Fatigue: Feeling tired or having little energy
    - Appetite Changes: Poor appetite or overeating
    - Feelings of Worthlessness: Feeling bad about yourself or that you are a failure or have let yourself or your family down
    - Concentration Difficulties: Trouble concentrating on things, such as reading the newspaper or watching television
    - Psychomotor Changes: Moving or speaking so slowly that other people could have noticed. Or the opposite — being so fidgety or restless that you have been moving around a lot more than usual
    - Suicidal Thoughts: Thoughts that you would be better off dead, or of hurting yourself

Responses:
==================================================

Respondent 119:
- Year of birth: 2004.0
- Gender: 1.0
- Socio-economic status: 1.0
- Ethnic identity: 6.0
- Life satisfaction: 4.0
- Happiness: 8.0
- Laughter: 8.0
- Learning: 8.0
- Enjoyment: 8.0
- Worry: 1.0
- Depression: 1.0
- Anger: 2.0
- Stress: 2.0
- Loneliness: 2.0
- Emotional Regulation Frequency:
  - Upset by Unexpected Events: 2.0
  - Unable to Control Important Things: 2.0
  - Lacked Confidence Handling Problems: 2.0
  - Unable to Cope: 2.0
  - Irritated by Life: 2.0
  - On Top of Things: 2.0
- Anxiety Symptoms Frequency:
  - Feeling Nervous or On Edge: 1.0
  - Trouble Relaxing: 1.0
  - Restlessness: 1.0
  - Irritability: 1.0
  - Fear Something Awful Might Happen: 1.0
- Depressive Symptoms Frequency:
  - Anhedonia: 1.0
  - Sleep Problems: 1.0
  - Fatigue: 1.0
  - Appetite Changes: 0.0
  - Feelings of Worthlessness: 1.0
  - Concentration Difficulties: 0.0
  - Suicidal Thoughts: 0.0

Respondent 116:
- Year of birth: 2004.0
- Gender: 1.0
- Socio-economic status: 5.0
- Ethnic identity: 6.0
- Parental Education:
  - Father: 17.0
  - Mother: 17.0
- Life satisfaction: 8.0
- Happiness: 8.0
- Laughter: 7.0
- Learning: 7.0
- Enjoyment: 9.0
- Worry: 1.0
- Depression: 1.0
- Anger: 2.0
- Stress: 3.0
- Loneliness: 1.0
- Emotional Regulation Frequency:
  - Upset by Unexpected Events: 2.0
  - Unable to Control Important Things: 2.0
  - Lacked Confidence Handling Problems: 3.0
  - Unable to Cope: 2.0
  - Irritated by Life: 3.0
  - On Top of Things: 2.0
- Anxiety Symptoms Frequency:
  - Feeling Nervous or On Edge: 2.0
  - Trouble Relaxing: 1.0
  - Restlessness: 2.0
  - Irritability: 1.0
  - Fear Something Awful Might Happen: 2.0
- Depressive Symptoms Frequency:
  - Anhedonia: 1.0
  - Sleep Problems: 0.0
  - Fatigue: 2.0
  - Appetite Changes: 2.0
  - Feelings of Worthlessness: 1.0
  - Concentration Difficulties: 2.0
  - Suicidal Thoughts: 0.0

Answer: 2

Survey Data
==================================================

Questions:
1. Year of birth: What is your date of birth? [Open-ended]
2. Gender: What is your gender? [MCQ: 1. Male 2. Female]
3. Socio-economic status: What is the socio-economic status of your home? [Likert 1–6: 1 = Very low, 6 = Very high]
4. Ethnic identity: According to your culture, people, or physical features, you are or are recognized as: [MCQ: 1. Indigenous 2. Gypsy 3. Raizal from San Andres, Providencia and Santa Catalina Archipelago 4. Palenquero from San Basilio 5. Black, mulatto (Afro-descendant), Afro-Colombian 6. None of the above]
5. Parental Education: How many years of education did your parents receive? [Open-ended]
   - Father: Father?
   - Mother: Mother?
6. Life satisfaction: In general, how satisfied are you with all aspects of your life? [Likert 0–10: 0 = Not satisfied, 10 = Totally satisfied]
7. Happiness: How happy did you feel yesterday? [Likert 0–10: 0 = At no time, 10 = All the time]
8. Laughter: How much did you laugh yesterday? [Likert 0–10: 0 = At no time, 10 = All the time]
9. Learning: Did you learn new or exciting things yesterday? [Likert 0–10: 0 = At no time, 10 = All the time]
10. Enjoyment: How much did you enjoy the activities you did yesterday? [Likert 0–10: 0 = At no time, 10 = All the time]
11. Worry: How worried did you feel yesterday? [Likert 0–10: 0 = At no time, 10 = All the time]
12. Depression: How depressed did you feel yesterday? [Likert 0–10: 0 = At no time, 10 = All the time]
13. Anger: How angry did you feel yesterday? [Likert 0–10: 0 = At no time, 10 = All the time]
14. Stress: How much stress did you feel yesterday? [Likert 0–10: 0 = At no time, 10 = All the time]
15. Loneliness: How lonely or unsupported did you feel yesterday? [Likert 0–10: 0 = At no time, 10 = All the time]
16. Emotional Regulation Frequency: Next, you will be asked questions about your emotional state. Please answer on a scale of 0 to 4, where 0 is never, 1 is 'almost never', 2 is 'sometimes', 3 is 'fairly often', and 4 is 'very often', how often you experienced the following feelings during the last month: [Likert 0–4]
    - Upset by Unexpected Events: how often have you been upset because of something that happened unexpectedly?
    - Unable to Control Important Things: how often have you felt that you were unable to control the important things in your life?
    - Nervous and Stressed: how often have you felt nervous and stressed?
    - Lacked Confidence Handling Problems: how often have you felt confident about your ability to handle your personal problems?
    - Things Going Your Way: how often have you felt that things were going your way?
    - Unable to Cope: how often have you found that you could not cope with all the things that you had to do?
    - Irritated by Life: how often have you been able to control irritations in your life?
    - On Top of Things: how often have you felt that you were on top of things?
    - Angered by Uncontrollable Events: how often have you been angered because of things that happened that were outside of your control?
    - Felt Overwhelmed: how often have you felt difficulties were piling up so high that you could not overcome them?
17. Anxiety Symptoms Frequency: Next, you will be asked questions about your emotional state. Please answer on a scale of 0 to 3, where 0 is 'Not at all', 1 is 'several days', 2 is 'more than half of the days', and 3 is 'Nearly every day'. Over the last two weeks, how often have you been bothered by the following problems? [Likert 0–3]
    - Feeling Nervous or On Edge: Feeling nervous, anxious, or on edge
    - Uncontrollable Worrying: Not being able to stop or control worrying
    - Excessive Worry: Worrying too much about different things
    - Trouble Relaxing: Trouble relaxing
    - Restlessness: Being so restless that it is hard to sit still
    - Irritability: Becoming easily annoyed or irritable
    - Fear Something Awful Might Happen: Feeling afraid, as if something awful might happen
18. Depressive Symptoms Frequency: Next, you will be asked questions about your emotional state. Please answer on a scale of 0 to 3, where 0 is 'Not at all', 1 is 'several days', 2 is 'more than half of the days', and 3 is 'Nearly every day'. Over the last two weeks, how often have you been bothered by the following problems?
    - Anhedonia: Little interest or pleasure in doing things
    - Depressed Mood: Feeling down, depressed, or hopeless
    - Sleep Problems: Trouble falling or staying asleep, or sleeping too much
    - Fatigue: Feeling tired or having little energy
    - Appetite Changes: Poor appetite or overeating
    - Feelings of Worthlessness: Feeling bad about yourself or that you are a failure or have let yourself or your family down
    - Concentration Difficulties: Trouble concentrating on things, such as reading the newspaper or watching television
    - Psychomotor Changes: Moving or speaking so slowly that other people could have noticed. Or the opposite — being so fidgety or restless that you have been moving around a lot more than usual
    - Suicidal Thoughts: Thoughts that you would be better off dead, or of hurting yourself

Responses:
==================================================

Respondent 3:
- Year of birth: 2002.0
- Gender: 1.0
- Socio-economic status: 5.0
- Ethnic identity: 6.0
- Parental Education:
  - Father: 16.0
  - Mother: 16.0
- Life satisfaction: 10.0
- Happiness: 9.0
- Laughter: 10.0
- Learning: 7.0
- Enjoyment: 10.0
- Worry: 1.0
- Depression: 1.0
- Anger: 1.0
- Stress: 2.0
- Loneliness: 0.0
- Emotional Regulation Frequency:
  - Upset by Unexpected Events: 2.0
  - Unable to Control Important Things: 1.0
  - Lacked Confidence Handling Problems: 3.0
  - Unable to Cope: 2.0
  - Irritated by Life: 3.0
  - On Top of Things: 1.0
- Anxiety Symptoms Frequency:
  - Feeling Nervous or On Edge: 1.0
  - Trouble Relaxing: 2.0
  - Restlessness: 1.0
  - Irritability: 0.0
  - Fear Something Awful Might Happen: 1.0
- Depressive Symptoms Frequency:
  - Anhedonia: 0.0
  - Sleep Problems: 0.0
  - Fatigue: 2.0
  - Appetite Changes: 2.0
  - Feelings of Worthlessness: 1.0
  - Concentration Difficulties: 1.0
  - Suicidal Thoughts: 0.0

Respondent 86:
- Year of birth: 2003.0
- Gender: 2.0
- Socio-economic status: 3.0
- Ethnic identity: 6.0
- Parental Education:
  - Father: 14.0
  - Mother: 22.0
- Life satisfaction: 4.0
- Happiness: 1.0
- Laughter: 1.0
- Learning: 3.0
- Enjoyment: 0.0
- Worry: 3.0
- Depression: 2.0
- Anger: 3.0
- Stress: 4.0
- Loneliness: 9.0
- Emotional Regulation Frequency:
  - Upset by Unexpected Events: 4.0
  - Unable to Control Important Things: 4.0
  - Lacked Confidence Handling Problems: 4.0
  - Unable to Cope: 4.0
  - Irritated by Life: 2.0
  - On Top of Things: 2.0
- Anxiety Symptoms Frequency:
  - Feeling Nervous or On Edge: 3.0
  - Trouble Relaxing: 3.0
  - Restlessness: 2.0
  - Irritability: 1.0
  - Fear Something Awful Might Happen: 1.0
- Depressive Symptoms Frequency:
  - Anhedonia: 1.0
  - Sleep Problems: 3.0
  - Fatigue: 3.0
  - Appetite Changes: 1.0
  - Feelings of Worthlessness: 2.0
  - Concentration Difficulties: 3.0
  - Suicidal Thoughts: 1.0

Respondent 95:
- Year of birth: 2003.0
- Gender: 1.0
- Socio-economic status: 1.0
- Ethnic identity: 6.0
- Life satisfaction: 7.0
- Happiness: 7.0
- Laughter: 5.0
- Learning: 6.0
- Enjoyment: 7.0
- Worry: 1.0
- Depression: 0.0
- Anger: 3.0
- Stress: 2.0
- Loneliness: 4.0
- Emotional Regulation Frequency:
  - Upset by Unexpected Events: 2.0
  - Unable to Control Important Things: 1.0
  - Lacked Confidence Handling Problems: 2.0
  - Unable to Cope: 1.0
  - Irritated by Life: 3.0
  - On Top of Things: 4.0
- Anxiety Symptoms Frequency:
  - Feeling Nervous or On Edge: 1.0
  - Trouble Relaxing: 1.0
  - Restlessness: 0.0
  - Irritability: 2.0
  - Fear Something Awful Might Happen: 1.0
- Depressive Symptoms Frequency:
  - Anhedonia: 1.0
  - Sleep Problems: 2.0
  - Fatigue: 2.0
  - Appetite Changes: 1.0
  - Feelings of Worthlessness: 0.0
  - Concentration Difficulties: 2.0
  - Suicidal Thoughts: 0.0

Respondent 58:
- Year of birth: 2004.0
- Gender: 1.0
- Socio-economic status: 3.0
- Ethnic identity: 6.0
- Parental Education:
  - Father: 18.0
  - Mother: 16.0
- Life satisfaction: 7.0
- Happiness: 10.0
- Laughter: 10.0
- Learning: 3.0
- Enjoyment: 10.0
- Worry: 2.0
- Depression: 0.0
- Anger: 2.0
- Stress: 2.0
- Loneliness: 0.0
- Emotional Regulation Frequency:
  - Upset by Unexpected Events: 3.0
  - Unable to Control Important Things: 3.0
  - Lacked Confidence Handling Problems: 1.0
  - Unable to Cope: 3.0
  - Irritated by Life: 1.0
  - On Top of Things: 1.0
- Anxiety Symptoms Frequency:
  - Feeling Nervous or On Edge: 1.0
  - Trouble Relaxing: 1.0
  - Restlessness: 0.0
  - Irritability: 1.0
  - Fear Something Awful Might Happen: 1.0
- Depressive Symptoms Frequency:
  - Anhedonia: 1.0
  - Sleep Problems: 1.0
  - Fatigue: 1.0
  - Appetite Changes: 1.0
  - Feelings of Worthlessness: 1.0
  - Concentration Difficulties: 0.0
  - Suicidal Thoughts: 0.0

Respondent 137:
- Year of birth: 2003.0
- Gender: 2.0
- Socio-economic status: 4.0
- Ethnic identity: 6.0
- Parental Education:
  - Father: 11.0
  - Mother: 11.0
- Life satisfaction: 3.0
- Happiness: 6.0
- Laughter: 8.0
- Learning: 6.0
- Enjoyment: 6.0
- Worry: 3.0
- Depression: 3.0
- Anger: 4.0
- Stress: 4.0
- Loneliness: 5.0
- Emotional Regulation Frequency:
  - Upset by Unexpected Events: 3.0
  - Unable to Control Important Things: 4.0
  - Lacked Confidence Handling Problems: 2.0
  - Unable to Cope: 4.0
  - Irritated by Life: 2.0
  - On Top of Things: 2.0
- Anxiety Symptoms Frequency:
  - Feeling Nervous or On Edge: 3.0
  - Trouble Relaxing: 3.0
  - Restlessness: 2.0
  - Irritability: 3.0
  - Fear Something Awful Might Happen: 3.0
- Depressive Symptoms Frequency:
  - Anhedonia: 3.0
  - Sleep Problems: 0.0
  - Fatigue: 2.0
  - Appetite Changes: 3.0
  - Feelings of Worthlessness: 3.0
  - Concentration Difficulties: 3.0
  - Suicidal Thoughts: 3.0

You are a meticulous data analyst AI. Your primary function is to accurately analyze structured data and provide precise, verifiable answers.

You will be given a dataset with two key parts:

A 'questions' section: This is your data dictionary or schema. It is the single source of truth for understanding what each field and score means. Refer to it carefully.

A 'responses' section: This contains the raw data from each individual respondent.

To answer the question correctly, you must first use the 'questions' schema to fully understand the context and meaning of the data points within the 'responses'. Do not rely on any prior knowledge outside of this provided data. Base your entire analysis on the information given.

Provide your final answer directly and concisely. Output must be the human-readable value, not an option code.

Rules:
- For MCQ fields, map any letter codes in the Responses (case-insensitive) to the corresponding option text from the Questions schema, and output only that text. Do NOT include the letter or both.
  Example: If the schema is ""[MCQ: A. Abnormal B. Inconclusive C. Normal]"" and the response is ""a"", output ""Abnormal"".
- For open-ended fields, output the exact text value.
- If the question asks for a count, provide only the number (e.g., ""42"").
- If the question asks for a list of names or IDs, provide a simple comma-separated list (e.g., ""17, 21, 23"").
- Preserve capitalization exactly as in the schema (e.g., output ""Abnormal"", not ""abnormal"" or ""A"").

How many respondents are there?",7,False
case_12,respondent_count,How many respondents are there?,"Survey Data
==================================================

Questions:
1. Year of birth: What is your date of birth? [Open-ended]
2. Gender: What is your gender? [MCQ: 1. Male 2. Female]
3. Socio-economic status: What is the socio-economic status of your home? [Likert 1–6: 1 = Very low, 6 = Very high]
4. Ethnic identity: According to your culture, people, or physical features, you are or are recognized as: [MCQ: 1. Indigenous 2. Gypsy 3. Raizal from San Andres, Providencia and Santa Catalina Archipelago 4. Palenquero from San Basilio 5. Black, mulatto (Afro-descendant), Afro-Colombian 6. None of the above]
5. Parental Education: How many years of education did your parents receive? [Open-ended]
   - Father: Father?
   - Mother: Mother?
6. Life satisfaction: In general, how satisfied are you with all aspects of your life? [Likert 0–10: 0 = Not satisfied, 10 = Totally satisfied]
7. Happiness: How happy did you feel yesterday? [Likert 0–10: 0 = At no time, 10 = All the time]
8. Laughter: How much did you laugh yesterday? [Likert 0–10: 0 = At no time, 10 = All the time]
9. Learning: Did you learn new or exciting things yesterday? [Likert 0–10: 0 = At no time, 10 = All the time]
10. Enjoyment: How much did you enjoy the activities you did yesterday? [Likert 0–10: 0 = At no time, 10 = All the time]
11. Worry: How worried did you feel yesterday? [Likert 0–10: 0 = At no time, 10 = All the time]
12. Depression: How depressed did you feel yesterday? [Likert 0–10: 0 = At no time, 10 = All the time]
13. Anger: How angry did you feel yesterday? [Likert 0–10: 0 = At no time, 10 = All the time]
14. Stress: How much stress did you feel yesterday? [Likert 0–10: 0 = At no time, 10 = All the time]
15. Loneliness: How lonely or unsupported did you feel yesterday? [Likert 0–10: 0 = At no time, 10 = All the time]
16. Emotional Regulation Frequency: Next, you will be asked questions about your emotional state. Please answer on a scale of 0 to 4, where 0 is never, 1 is 'almost never', 2 is 'sometimes', 3 is 'fairly often', and 4 is 'very often', how often you experienced the following feelings during the last month: [Likert 0–4]
    - Upset by Unexpected Events: how often have you been upset because of something that happened unexpectedly?
    - Unable to Control Important Things: how often have you felt that you were unable to control the important things in your life?
    - Nervous and Stressed: how often have you felt nervous and stressed?
    - Lacked Confidence Handling Problems: how often have you felt confident about your ability to handle your personal problems?
    - Things Going Your Way: how often have you felt that things were going your way?
    - Unable to Cope: how often have you found that you could not cope with all the things that you had to do?
    - Irritated by Life: how often have you been able to control irritations in your life?
    - On Top of Things: how often have you felt that you were on top of things?
    - Angered by Uncontrollable Events: how often have you been angered because of things that happened that were outside of your control?
    - Felt Overwhelmed: how often have you felt difficulties were piling up so high that you could not overcome them?
17. Anxiety Symptoms Frequency: Next, you will be asked questions about your emotional state. Please answer on a scale of 0 to 3, where 0 is 'Not at all', 1 is 'several days', 2 is 'more than half of the days', and 3 is 'Nearly every day'. Over the last two weeks, how often have you been bothered by the following problems? [Likert 0–3]
    - Feeling Nervous or On Edge: Feeling nervous, anxious, or on edge
    - Uncontrollable Worrying: Not being able to stop or control worrying
    - Excessive Worry: Worrying too much about different things
    - Trouble Relaxing: Trouble relaxing
    - Restlessness: Being so restless that it is hard to sit still
    - Irritability: Becoming easily annoyed or irritable
    - Fear Something Awful Might Happen: Feeling afraid, as if something awful might happen
18. Depressive Symptoms Frequency: Next, you will be asked questions about your emotional state. Please answer on a scale of 0 to 3, where 0 is 'Not at all', 1 is 'several days', 2 is 'more than half of the days', and 3 is 'Nearly every day'. Over the last two weeks, how often have you been bothered by the following problems?
    - Anhedonia: Little interest or pleasure in doing things
    - Depressed Mood: Feeling down, depressed, or hopeless
    - Sleep Problems: Trouble falling or staying asleep, or sleeping too much
    - Fatigue: Feeling tired or having little energy
    - Appetite Changes: Poor appetite or overeating
    - Feelings of Worthlessness: Feeling bad about yourself or that you are a failure or have let yourself or your family down
    - Concentration Difficulties: Trouble concentrating on things, such as reading the newspaper or watching television
    - Psychomotor Changes: Moving or speaking so slowly that other people could have noticed. Or the opposite — being so fidgety or restless that you have been moving around a lot more than usual
    - Suicidal Thoughts: Thoughts that you would be better off dead, or of hurting yourself

Responses:
==================================================

Respondent 86:
- Year of birth: 2003.0
- Gender: 2.0
- Socio-economic status: 3.0
- Ethnic identity: 6.0
- Parental Education:
  - Father: 14.0
  - Mother: 22.0
- Life satisfaction: 4.0
- Happiness: 1.0
- Laughter: 1.0
- Learning: 3.0
- Enjoyment: 0.0
- Worry: 3.0
- Depression: 2.0
- Anger: 3.0
- Stress: 4.0
- Loneliness: 9.0
- Emotional Regulation Frequency:
  - Upset by Unexpected Events: 4.0
  - Unable to Control Important Things: 4.0
  - Lacked Confidence Handling Problems: 4.0
  - Unable to Cope: 4.0
  - Irritated by Life: 2.0
  - On Top of Things: 2.0
- Anxiety Symptoms Frequency:
  - Feeling Nervous or On Edge: 3.0
  - Trouble Relaxing: 3.0
  - Restlessness: 2.0
  - Irritability: 1.0
  - Fear Something Awful Might Happen: 1.0
- Depressive Symptoms Frequency:
  - Anhedonia: 1.0
  - Sleep Problems: 3.0
  - Fatigue: 3.0
  - Appetite Changes: 1.0
  - Feelings of Worthlessness: 2.0
  - Concentration Difficulties: 3.0
  - Suicidal Thoughts: 1.0

Respondent 51:
- Year of birth: 2002.0
- Gender: 1.0
- Socio-economic status: 3.0
- Ethnic identity: 6.0
- Parental Education:
  - Father: 22.0
  - Mother: 16.0
- Life satisfaction: 7.0
- Happiness: 8.0
- Laughter: 9.0
- Learning: 6.0
- Enjoyment: 9.0
- Worry: 0.0
- Depression: 0.0
- Anger: 3.0
- Stress: 2.0
- Loneliness: 1.0
- Emotional Regulation Frequency:
  - Upset by Unexpected Events: 2.0
  - Unable to Control Important Things: 3.0
  - Lacked Confidence Handling Problems: 3.0
  - Unable to Cope: 2.0
  - Irritated by Life: 3.0
  - On Top of Things: 3.0
- Anxiety Symptoms Frequency:
  - Feeling Nervous or On Edge: 1.0
  - Trouble Relaxing: 0.0
  - Restlessness: 0.0
  - Irritability: 0.0
  - Fear Something Awful Might Happen: 0.0
- Depressive Symptoms Frequency:
  - Anhedonia: 0.0
  - Sleep Problems: 1.0
  - Fatigue: 1.0
  - Appetite Changes: 0.0
  - Feelings of Worthlessness: 0.0
  - Concentration Difficulties: 0.0
  - Suicidal Thoughts: 0.0

Respondent 13:
- Year of birth: 2002.0
- Gender: 1.0
- Socio-economic status: 3.0
- Ethnic identity: 6.0
- Life satisfaction: 7.0
- Happiness: 7.0
- Laughter: 9.0
- Learning: 5.0
- Enjoyment: 9.0
- Worry: 1.0
- Depression: 1.0
- Anger: 2.0
- Stress: 3.0
- Loneliness: 0.0
- Emotional Regulation Frequency:
  - Upset by Unexpected Events: 2.0
  - Unable to Control Important Things: 3.0
  - Lacked Confidence Handling Problems: 2.0
  - Unable to Cope: 2.0
  - Irritated by Life: 3.0
  - On Top of Things: 2.0
- Anxiety Symptoms Frequency:
  - Feeling Nervous or On Edge: 1.0
  - Trouble Relaxing: 1.0
  - Restlessness: 1.0
  - Irritability: 1.0
  - Fear Something Awful Might Happen: 0.0
- Depressive Symptoms Frequency:
  - Anhedonia: 1.0
  - Sleep Problems: 1.0
  - Fatigue: 1.0
  - Appetite Changes: 0.0
  - Feelings of Worthlessness: 1.0
  - Concentration Difficulties: 0.0
  - Suicidal Thoughts: 0.0

Respondent 144:
- Year of birth: 2004.0
- Gender: 1.0
- Socio-economic status: 2.0
- Ethnic identity: 6.0
- Parental Education:
  - Father: 11.0
  - Mother: 7.0
- Life satisfaction: 8.0
- Happiness: 6.0
- Laughter: 4.0
- Learning: 5.0
- Enjoyment: 4.0
- Worry: 2.0
- Depression: 1.0
- Anger: 3.0
- Stress: 4.0
- Loneliness: 6.0
- Emotional Regulation Frequency:
  - Upset by Unexpected Events: 2.0
  - Unable to Control Important Things: 3.0
  - Lacked Confidence Handling Problems: 2.0
  - Unable to Cope: 2.0
  - Irritated by Life: 3.0
  - On Top of Things: 2.0
- Anxiety Symptoms Frequency:
  - Feeling Nervous or On Edge: 2.0
  - Trouble Relaxing: 2.0
  - Restlessness: 3.0
  - Irritability: 1.0
  - Fear Something Awful Might Happen: 1.0
- Depressive Symptoms Frequency:
  - Anhedonia: 1.0
  - Sleep Problems: 1.0
  - Fatigue: 3.0
  - Appetite Changes: 3.0
  - Feelings of Worthlessness: 1.0
  - Concentration Difficulties: 2.0
  - Suicidal Thoughts: 1.0

Respondent 71:
- Year of birth: 2001.0
- Gender: 2.0
- Socio-economic status: 4.0
- Ethnic identity: 6.0
- Parental Education:
  - Father: 15.0
  - Mother: 17.0
- Life satisfaction: 8.0
- Happiness: 9.0
- Laughter: 7.0
- Learning: 5.0
- Enjoyment: 8.0
- Worry: 1.0
- Depression: 0.0
- Anger: 2.0
- Stress: 1.0
- Loneliness: 5.0
- Emotional Regulation Frequency:
  - Upset by Unexpected Events: 1.0
  - Unable to Control Important Things: 1.0
  - Lacked Confidence Handling Problems: 3.0
  - Unable to Cope: 1.0
  - Irritated by Life: 3.0
  - On Top of Things: 3.0
- Anxiety Symptoms Frequency:
  - Feeling Nervous or On Edge: 0.0
  - Trouble Relaxing: 0.0
  - Restlessness: 0.0
  - Irritability: 0.0
  - Fear Something Awful Might Happen: 0.0
- Depressive Symptoms Frequency:
  - Anhedonia: 0.0
  - Sleep Problems: 0.0
  - Fatigue: 0.0
  - Appetite Changes: 0.0
  - Feelings of Worthlessness: 0.0
  - Concentration Difficulties: 0.0
  - Suicidal Thoughts: 0.0

Respondent 104:
- Year of birth: 2003.0
- Gender: 1.0
- Socio-economic status: 2.0
- Ethnic identity: 6.0
- Parental Education:
  - Father: 12.0
  - Mother: 17.0
- Life satisfaction: 5.0
- Happiness: 10.0
- Laughter: 3.0
- Learning: 9.0
- Enjoyment: 10.0
- Worry: 1.0
- Depression: 0.0
- Anger: 2.0
- Stress: 3.0
- Loneliness: 0.0
- Emotional Regulation Frequency:
  - Upset by Unexpected Events: 4.0
  - Unable to Control Important Things: 2.0
  - Lacked Confidence Handling Problems: 3.0
  - Unable to Cope: 2.0
  - Irritated by Life: 3.0
  - On Top of Things: 3.0
- Anxiety Symptoms Frequency:
  - Feeling Nervous or On Edge: 2.0
  - Trouble Relaxing: 1.0
  - Restlessness: 0.0
  - Irritability: 1.0
  - Fear Something Awful Might Happen: 3.0
- Depressive Symptoms Frequency:
  - Anhedonia: 1.0
  - Sleep Problems: 0.0
  - Fatigue: 1.0
  - Appetite Changes: 0.0
  - Feelings of Worthlessness: 0.0
  - Concentration Difficulties: 0.0
  - Suicidal Thoughts: 0.0

Respondent 42:
- Year of birth: 2004.0
- Gender: 2.0
- Socio-economic status: 5.0
- Ethnic identity: 5.0
- Parental Education:
  - Father: 19.0
  - Mother: 28.0
- Life satisfaction: 7.0
- Happiness: 4.0
- Laughter: 9.0
- Learning: 7.0
- Enjoyment: 1.0
- Worry: 3.0
- Depression: 1.0
- Anger: 3.0
- Stress: 4.0
- Loneliness: 10.0
- Emotional Regulation Frequency:
  - Upset by Unexpected Events: 3.0
  - Unable to Control Important Things: 4.0
  - Lacked Confidence Handling Problems: 2.0
  - Unable to Cope: 4.0
  - Irritated by Life: 2.0
  - On Top of Things: 2.0
- Anxiety Symptoms Frequency:
  - Feeling Nervous or On Edge: 2.0
  - Trouble Relaxing: 1.0
  - Restlessness: 1.0
  - Irritability: 2.0
  - Fear Something Awful Might Happen: 3.0
- Depressive Symptoms Frequency:
  - Anhedonia: 3.0
  - Sleep Problems: 2.0
  - Fatigue: 3.0
  - Appetite Changes: 2.0
  - Feelings of Worthlessness: 3.0
  - Concentration Difficulties: 3.0
  - Suicidal Thoughts: 1.0

Respondent 29:
- Year of birth: 2002.0
- Gender: 1.0
- Socio-economic status: 5.0
- Ethnic identity: 6.0
- Parental Education:
  - Father: 11.0
  - Mother: 11.0
- Life satisfaction: 8.0
- Happiness: 10.0
- Laughter: 6.0
- Learning: 6.0
- Enjoyment: 10.0
- Worry: 0.0
- Depression: 0.0
- Anger: 1.0
- Stress: 1.0
- Loneliness: 0.0
- Emotional Regulation Frequency:
  - Upset by Unexpected Events: 1.0
  - Unable to Control Important Things: 1.0
  - Lacked Confidence Handling Problems: 4.0
  - Unable to Cope: 1.0
  - Irritated by Life: 4.0
  - On Top of Things: 4.0
- Anxiety Symptoms Frequency:
  - Feeling Nervous or On Edge: 0.0
  - Trouble Relaxing: 0.0
  - Restlessness: 1.0
  - Irritability: 0.0
  - Fear Something Awful Might Happen: 0.0
- Depressive Symptoms Frequency:
  - Anhedonia: 1.0
  - Sleep Problems: 2.0
  - Fatigue: 0.0
  - Appetite Changes: 1.0
  - Feelings of Worthlessness: 0.0
  - Concentration Difficulties: 0.0
  - Suicidal Thoughts: 0.0

Respondent 136:
- Year of birth: 2003.0
- Gender: 2.0
- Socio-economic status: 3.0
- Ethnic identity: 6.0
- Parental Education:
  - Father: 11.0
  - Mother: 16.0
- Life satisfaction: 8.0
- Happiness: 7.0
- Laughter: 7.0
- Learning: 4.0
- Enjoyment: 8.0
- Worry: 1.0
- Depression: 0.0
- Anger: 1.0
- Stress: 3.0
- Loneliness: 1.0
- Emotional Regulation Frequency:
  - Upset by Unexpected Events: 2.0
  - Unable to Control Important Things: 2.0
  - Lacked Confidence Handling Problems: 2.0
  - Unable to Cope: 2.0
  - Irritated by Life: 3.0
  - On Top of Things: 2.0
- Anxiety Symptoms Frequency:
  - Feeling Nervous or On Edge: 1.0
  - Trouble Relaxing: 1.0
  - Restlessness: 0.0
  - Irritability: 2.0
  - Fear Something Awful Might Happen: 2.0
- Depressive Symptoms Frequency:
  - Anhedonia: 0.0
  - Sleep Problems: 2.0
  - Fatigue: 1.0
  - Appetite Changes: 1.0
  - Feelings of Worthlessness: 0.0
  - Concentration Difficulties: 1.0
  - Suicidal Thoughts: 0.0

Respondent 27:
- Year of birth: 2003.0
- Gender: 2.0
- Socio-economic status: 3.0
- Ethnic identity: 6.0
- Parental Education:
  - Father: 12.0
- Life satisfaction: 7.0
- Happiness: 10.0
- Laughter: 6.0
- Learning: 4.0
- Enjoyment: 9.0
- Worry: 1.0
- Depression: 0.0
- Anger: 2.0
- Stress: 3.0
- Loneliness: 0.0
- Emotional Regulation Frequency:
  - Upset by Unexpected Events: 2.0
  - Unable to Control Important Things: 2.0
  - Lacked Confidence Handling Problems: 3.0
  - Unable to Cope: 1.0
  - Irritated by Life: 3.0
  - On Top of Things: 1.0
- Anxiety Symptoms Frequency:
  - Feeling Nervous or On Edge: 0.0
  - Trouble Relaxing: 1.0
  - Restlessness: 1.0
  - Irritability: 1.0
  - Fear Something Awful Might Happen: 1.0
- Depressive Symptoms Frequency:
  - Anhedonia: 0.0
  - Sleep Problems: 0.0
  - Fatigue: 0.0
  - Appetite Changes: 0.0
  - Feelings of Worthlessness: 1.0
  - Concentration Difficulties: 1.0
  - Suicidal Thoughts: 0.0
",10,"How many respondents are there?

DATA:

Survey Data
==================================================

Questions:
1. Year of birth: What is your date of birth? [Open-ended]
2. Gender: What is your gender? [MCQ: 1. Male 2. Female]
3. Socio-economic status: What is the socio-economic status of your home? [Likert 1–6: 1 = Very low, 6 = Very high]
4. Ethnic identity: According to your culture, people, or physical features, you are or are recognized as: [MCQ: 1. Indigenous 2. Gypsy 3. Raizal from San Andres, Providencia and Santa Catalina Archipelago 4. Palenquero from San Basilio 5. Black, mulatto (Afro-descendant), Afro-Colombian 6. None of the above]
5. Parental Education: How many years of education did your parents receive? [Open-ended]
   - Father: Father?
   - Mother: Mother?
6. Life satisfaction: In general, how satisfied are you with all aspects of your life? [Likert 0–10: 0 = Not satisfied, 10 = Totally satisfied]
7. Happiness: How happy did you feel yesterday? [Likert 0–10: 0 = At no time, 10 = All the time]
8. Laughter: How much did you laugh yesterday? [Likert 0–10: 0 = At no time, 10 = All the time]
9. Learning: Did you learn new or exciting things yesterday? [Likert 0–10: 0 = At no time, 10 = All the time]
10. Enjoyment: How much did you enjoy the activities you did yesterday? [Likert 0–10: 0 = At no time, 10 = All the time]
11. Worry: How worried did you feel yesterday? [Likert 0–10: 0 = At no time, 10 = All the time]
12. Depression: How depressed did you feel yesterday? [Likert 0–10: 0 = At no time, 10 = All the time]
13. Anger: How angry did you feel yesterday? [Likert 0–10: 0 = At no time, 10 = All the time]
14. Stress: How much stress did you feel yesterday? [Likert 0–10: 0 = At no time, 10 = All the time]
15. Loneliness: How lonely or unsupported did you feel yesterday? [Likert 0–10: 0 = At no time, 10 = All the time]
16. Emotional Regulation Frequency: Next, you will be asked questions about your emotional state. Please answer on a scale of 0 to 4, where 0 is never, 1 is 'almost never', 2 is 'sometimes', 3 is 'fairly often', and 4 is 'very often', how often you experienced the following feelings during the last month: [Likert 0–4]
    - Upset by Unexpected Events: how often have you been upset because of something that happened unexpectedly?
    - Unable to Control Important Things: how often have you felt that you were unable to control the important things in your life?
    - Nervous and Stressed: how often have you felt nervous and stressed?
    - Lacked Confidence Handling Problems: how often have you felt confident about your ability to handle your personal problems?
    - Things Going Your Way: how often have you felt that things were going your way?
    - Unable to Cope: how often have you found that you could not cope with all the things that you had to do?
    - Irritated by Life: how often have you been able to control irritations in your life?
    - On Top of Things: how often have you felt that you were on top of things?
    - Angered by Uncontrollable Events: how often have you been angered because of things that happened that were outside of your control?
    - Felt Overwhelmed: how often have you felt difficulties were piling up so high that you could not overcome them?
17. Anxiety Symptoms Frequency: Next, you will be asked questions about your emotional state. Please answer on a scale of 0 to 3, where 0 is 'Not at all', 1 is 'several days', 2 is 'more than half of the days', and 3 is 'Nearly every day'. Over the last two weeks, how often have you been bothered by the following problems? [Likert 0–3]
    - Feeling Nervous or On Edge: Feeling nervous, anxious, or on edge
    - Uncontrollable Worrying: Not being able to stop or control worrying
    - Excessive Worry: Worrying too much about different things
    - Trouble Relaxing: Trouble relaxing
    - Restlessness: Being so restless that it is hard to sit still
    - Irritability: Becoming easily annoyed or irritable
    - Fear Something Awful Might Happen: Feeling afraid, as if something awful might happen
18. Depressive Symptoms Frequency: Next, you will be asked questions about your emotional state. Please answer on a scale of 0 to 3, where 0 is 'Not at all', 1 is 'several days', 2 is 'more than half of the days', and 3 is 'Nearly every day'. Over the last two weeks, how often have you been bothered by the following problems?
    - Anhedonia: Little interest or pleasure in doing things
    - Depressed Mood: Feeling down, depressed, or hopeless
    - Sleep Problems: Trouble falling or staying asleep, or sleeping too much
    - Fatigue: Feeling tired or having little energy
    - Appetite Changes: Poor appetite or overeating
    - Feelings of Worthlessness: Feeling bad about yourself or that you are a failure or have let yourself or your family down
    - Concentration Difficulties: Trouble concentrating on things, such as reading the newspaper or watching television
    - Psychomotor Changes: Moving or speaking so slowly that other people could have noticed. Or the opposite — being so fidgety or restless that you have been moving around a lot more than usual
    - Suicidal Thoughts: Thoughts that you would be better off dead, or of hurting yourself

Responses:
==================================================

Respondent 119:
- Year of birth: 2004.0
- Gender: 1.0
- Socio-economic status: 1.0
- Ethnic identity: 6.0
- Life satisfaction: 4.0
- Happiness: 8.0
- Laughter: 8.0
- Learning: 8.0
- Enjoyment: 8.0
- Worry: 1.0
- Depression: 1.0
- Anger: 2.0
- Stress: 2.0
- Loneliness: 2.0
- Emotional Regulation Frequency:
  - Upset by Unexpected Events: 2.0
  - Unable to Control Important Things: 2.0
  - Lacked Confidence Handling Problems: 2.0
  - Unable to Cope: 2.0
  - Irritated by Life: 2.0
  - On Top of Things: 2.0
- Anxiety Symptoms Frequency:
  - Feeling Nervous or On Edge: 1.0
  - Trouble Relaxing: 1.0
  - Restlessness: 1.0
  - Irritability: 1.0
  - Fear Something Awful Might Happen: 1.0
- Depressive Symptoms Frequency:
  - Anhedonia: 1.0
  - Sleep Problems: 1.0
  - Fatigue: 1.0
  - Appetite Changes: 0.0
  - Feelings of Worthlessness: 1.0
  - Concentration Difficulties: 0.0
  - Suicidal Thoughts: 0.0

Respondent 116:
- Year of birth: 2004.0
- Gender: 1.0
- Socio-economic status: 5.0
- Ethnic identity: 6.0
- Parental Education:
  - Father: 17.0
  - Mother: 17.0
- Life satisfaction: 8.0
- Happiness: 8.0
- Laughter: 7.0
- Learning: 7.0
- Enjoyment: 9.0
- Worry: 1.0
- Depression: 1.0
- Anger: 2.0
- Stress: 3.0
- Loneliness: 1.0
- Emotional Regulation Frequency:
  - Upset by Unexpected Events: 2.0
  - Unable to Control Important Things: 2.0
  - Lacked Confidence Handling Problems: 3.0
  - Unable to Cope: 2.0
  - Irritated by Life: 3.0
  - On Top of Things: 2.0
- Anxiety Symptoms Frequency:
  - Feeling Nervous or On Edge: 2.0
  - Trouble Relaxing: 1.0
  - Restlessness: 2.0
  - Irritability: 1.0
  - Fear Something Awful Might Happen: 2.0
- Depressive Symptoms Frequency:
  - Anhedonia: 1.0
  - Sleep Problems: 0.0
  - Fatigue: 2.0
  - Appetite Changes: 2.0
  - Feelings of Worthlessness: 1.0
  - Concentration Difficulties: 2.0
  - Suicidal Thoughts: 0.0

Answer: 2

Survey Data
==================================================

Questions:
1. Year of birth: What is your date of birth? [Open-ended]
2. Gender: What is your gender? [MCQ: 1. Male 2. Female]
3. Socio-economic status: What is the socio-economic status of your home? [Likert 1–6: 1 = Very low, 6 = Very high]
4. Ethnic identity: According to your culture, people, or physical features, you are or are recognized as: [MCQ: 1. Indigenous 2. Gypsy 3. Raizal from San Andres, Providencia and Santa Catalina Archipelago 4. Palenquero from San Basilio 5. Black, mulatto (Afro-descendant), Afro-Colombian 6. None of the above]
5. Parental Education: How many years of education did your parents receive? [Open-ended]
   - Father: Father?
   - Mother: Mother?
6. Life satisfaction: In general, how satisfied are you with all aspects of your life? [Likert 0–10: 0 = Not satisfied, 10 = Totally satisfied]
7. Happiness: How happy did you feel yesterday? [Likert 0–10: 0 = At no time, 10 = All the time]
8. Laughter: How much did you laugh yesterday? [Likert 0–10: 0 = At no time, 10 = All the time]
9. Learning: Did you learn new or exciting things yesterday? [Likert 0–10: 0 = At no time, 10 = All the time]
10. Enjoyment: How much did you enjoy the activities you did yesterday? [Likert 0–10: 0 = At no time, 10 = All the time]
11. Worry: How worried did you feel yesterday? [Likert 0–10: 0 = At no time, 10 = All the time]
12. Depression: How depressed did you feel yesterday? [Likert 0–10: 0 = At no time, 10 = All the time]
13. Anger: How angry did you feel yesterday? [Likert 0–10: 0 = At no time, 10 = All the time]
14. Stress: How much stress did you feel yesterday? [Likert 0–10: 0 = At no time, 10 = All the time]
15. Loneliness: How lonely or unsupported did you feel yesterday? [Likert 0–10: 0 = At no time, 10 = All the time]
16. Emotional Regulation Frequency: Next, you will be asked questions about your emotional state. Please answer on a scale of 0 to 4, where 0 is never, 1 is 'almost never', 2 is 'sometimes', 3 is 'fairly often', and 4 is 'very often', how often you experienced the following feelings during the last month: [Likert 0–4]
    - Upset by Unexpected Events: how often have you been upset because of something that happened unexpectedly?
    - Unable to Control Important Things: how often have you felt that you were unable to control the important things in your life?
    - Nervous and Stressed: how often have you felt nervous and stressed?
    - Lacked Confidence Handling Problems: how often have you felt confident about your ability to handle your personal problems?
    - Things Going Your Way: how often have you felt that things were going your way?
    - Unable to Cope: how often have you found that you could not cope with all the things that you had to do?
    - Irritated by Life: how often have you been able to control irritations in your life?
    - On Top of Things: how often have you felt that you were on top of things?
    - Angered by Uncontrollable Events: how often have you been angered because of things that happened that were outside of your control?
    - Felt Overwhelmed: how often have you felt difficulties were piling up so high that you could not overcome them?
17. Anxiety Symptoms Frequency: Next, you will be asked questions about your emotional state. Please answer on a scale of 0 to 3, where 0 is 'Not at all', 1 is 'several days', 2 is 'more than half of the days', and 3 is 'Nearly every day'. Over the last two weeks, how often have you been bothered by the following problems? [Likert 0–3]
    - Feeling Nervous or On Edge: Feeling nervous, anxious, or on edge
    - Uncontrollable Worrying: Not being able to stop or control worrying
    - Excessive Worry: Worrying too much about different things
    - Trouble Relaxing: Trouble relaxing
    - Restlessness: Being so restless that it is hard to sit still
    - Irritability: Becoming easily annoyed or irritable
    - Fear Something Awful Might Happen: Feeling afraid, as if something awful might happen
18. Depressive Symptoms Frequency: Next, you will be asked questions about your emotional state. Please answer on a scale of 0 to 3, where 0 is 'Not at all', 1 is 'several days', 2 is 'more than half of the days', and 3 is 'Nearly every day'. Over the last two weeks, how often have you been bothered by the following problems?
    - Anhedonia: Little interest or pleasure in doing things
    - Depressed Mood: Feeling down, depressed, or hopeless
    - Sleep Problems: Trouble falling or staying asleep, or sleeping too much
    - Fatigue: Feeling tired or having little energy
    - Appetite Changes: Poor appetite or overeating
    - Feelings of Worthlessness: Feeling bad about yourself or that you are a failure or have let yourself or your family down
    - Concentration Difficulties: Trouble concentrating on things, such as reading the newspaper or watching television
    - Psychomotor Changes: Moving or speaking so slowly that other people could have noticed. Or the opposite — being so fidgety or restless that you have been moving around a lot more than usual
    - Suicidal Thoughts: Thoughts that you would be better off dead, or of hurting yourself

Responses:
==================================================

Respondent 86:
- Year of birth: 2003.0
- Gender: 2.0
- Socio-economic status: 3.0
- Ethnic identity: 6.0
- Parental Education:
  - Father: 14.0
  - Mother: 22.0
- Life satisfaction: 4.0
- Happiness: 1.0
- Laughter: 1.0
- Learning: 3.0
- Enjoyment: 0.0
- Worry: 3.0
- Depression: 2.0
- Anger: 3.0
- Stress: 4.0
- Loneliness: 9.0
- Emotional Regulation Frequency:
  - Upset by Unexpected Events: 4.0
  - Unable to Control Important Things: 4.0
  - Lacked Confidence Handling Problems: 4.0
  - Unable to Cope: 4.0
  - Irritated by Life: 2.0
  - On Top of Things: 2.0
- Anxiety Symptoms Frequency:
  - Feeling Nervous or On Edge: 3.0
  - Trouble Relaxing: 3.0
  - Restlessness: 2.0
  - Irritability: 1.0
  - Fear Something Awful Might Happen: 1.0
- Depressive Symptoms Frequency:
  - Anhedonia: 1.0
  - Sleep Problems: 3.0
  - Fatigue: 3.0
  - Appetite Changes: 1.0
  - Feelings of Worthlessness: 2.0
  - Concentration Difficulties: 3.0
  - Suicidal Thoughts: 1.0

Respondent 51:
- Year of birth: 2002.0
- Gender: 1.0
- Socio-economic status: 3.0
- Ethnic identity: 6.0
- Parental Education:
  - Father: 22.0
  - Mother: 16.0
- Life satisfaction: 7.0
- Happiness: 8.0
- Laughter: 9.0
- Learning: 6.0
- Enjoyment: 9.0
- Worry: 0.0
- Depression: 0.0
- Anger: 3.0
- Stress: 2.0
- Loneliness: 1.0
- Emotional Regulation Frequency:
  - Upset by Unexpected Events: 2.0
  - Unable to Control Important Things: 3.0
  - Lacked Confidence Handling Problems: 3.0
  - Unable to Cope: 2.0
  - Irritated by Life: 3.0
  - On Top of Things: 3.0
- Anxiety Symptoms Frequency:
  - Feeling Nervous or On Edge: 1.0
  - Trouble Relaxing: 0.0
  - Restlessness: 0.0
  - Irritability: 0.0
  - Fear Something Awful Might Happen: 0.0
- Depressive Symptoms Frequency:
  - Anhedonia: 0.0
  - Sleep Problems: 1.0
  - Fatigue: 1.0
  - Appetite Changes: 0.0
  - Feelings of Worthlessness: 0.0
  - Concentration Difficulties: 0.0
  - Suicidal Thoughts: 0.0

Respondent 13:
- Year of birth: 2002.0
- Gender: 1.0
- Socio-economic status: 3.0
- Ethnic identity: 6.0
- Life satisfaction: 7.0
- Happiness: 7.0
- Laughter: 9.0
- Learning: 5.0
- Enjoyment: 9.0
- Worry: 1.0
- Depression: 1.0
- Anger: 2.0
- Stress: 3.0
- Loneliness: 0.0
- Emotional Regulation Frequency:
  - Upset by Unexpected Events: 2.0
  - Unable to Control Important Things: 3.0
  - Lacked Confidence Handling Problems: 2.0
  - Unable to Cope: 2.0
  - Irritated by Life: 3.0
  - On Top of Things: 2.0
- Anxiety Symptoms Frequency:
  - Feeling Nervous or On Edge: 1.0
  - Trouble Relaxing: 1.0
  - Restlessness: 1.0
  - Irritability: 1.0
  - Fear Something Awful Might Happen: 0.0
- Depressive Symptoms Frequency:
  - Anhedonia: 1.0
  - Sleep Problems: 1.0
  - Fatigue: 1.0
  - Appetite Changes: 0.0
  - Feelings of Worthlessness: 1.0
  - Concentration Difficulties: 0.0
  - Suicidal Thoughts: 0.0

Respondent 144:
- Year of birth: 2004.0
- Gender: 1.0
- Socio-economic status: 2.0
- Ethnic identity: 6.0
- Parental Education:
  - Father: 11.0
  - Mother: 7.0
- Life satisfaction: 8.0
- Happiness: 6.0
- Laughter: 4.0
- Learning: 5.0
- Enjoyment: 4.0
- Worry: 2.0
- Depression: 1.0
- Anger: 3.0
- Stress: 4.0
- Loneliness: 6.0
- Emotional Regulation Frequency:
  - Upset by Unexpected Events: 2.0
  - Unable to Control Important Things: 3.0
  - Lacked Confidence Handling Problems: 2.0
  - Unable to Cope: 2.0
  - Irritated by Life: 3.0
  - On Top of Things: 2.0
- Anxiety Symptoms Frequency:
  - Feeling Nervous or On Edge: 2.0
  - Trouble Relaxing: 2.0
  - Restlessness: 3.0
  - Irritability: 1.0
  - Fear Something Awful Might Happen: 1.0
- Depressive Symptoms Frequency:
  - Anhedonia: 1.0
  - Sleep Problems: 1.0
  - Fatigue: 3.0
  - Appetite Changes: 3.0
  - Feelings of Worthlessness: 1.0
  - Concentration Difficulties: 2.0
  - Suicidal Thoughts: 1.0

Respondent 71:
- Year of birth: 2001.0
- Gender: 2.0
- Socio-economic status: 4.0
- Ethnic identity: 6.0
- Parental Education:
  - Father: 15.0
  - Mother: 17.0
- Life satisfaction: 8.0
- Happiness: 9.0
- Laughter: 7.0
- Learning: 5.0
- Enjoyment: 8.0
- Worry: 1.0
- Depression: 0.0
- Anger: 2.0
- Stress: 1.0
- Loneliness: 5.0
- Emotional Regulation Frequency:
  - Upset by Unexpected Events: 1.0
  - Unable to Control Important Things: 1.0
  - Lacked Confidence Handling Problems: 3.0
  - Unable to Cope: 1.0
  - Irritated by Life: 3.0
  - On Top of Things: 3.0
- Anxiety Symptoms Frequency:
  - Feeling Nervous or On Edge: 0.0
  - Trouble Relaxing: 0.0
  - Restlessness: 0.0
  - Irritability: 0.0
  - Fear Something Awful Might Happen: 0.0
- Depressive Symptoms Frequency:
  - Anhedonia: 0.0
  - Sleep Problems: 0.0
  - Fatigue: 0.0
  - Appetite Changes: 0.0
  - Feelings of Worthlessness: 0.0
  - Concentration Difficulties: 0.0
  - Suicidal Thoughts: 0.0

Respondent 104:
- Year of birth: 2003.0
- Gender: 1.0
- Socio-economic status: 2.0
- Ethnic identity: 6.0
- Parental Education:
  - Father: 12.0
  - Mother: 17.0
- Life satisfaction: 5.0
- Happiness: 10.0
- Laughter: 3.0
- Learning: 9.0
- Enjoyment: 10.0
- Worry: 1.0
- Depression: 0.0
- Anger: 2.0
- Stress: 3.0
- Loneliness: 0.0
- Emotional Regulation Frequency:
  - Upset by Unexpected Events: 4.0
  - Unable to Control Important Things: 2.0
  - Lacked Confidence Handling Problems: 3.0
  - Unable to Cope: 2.0
  - Irritated by Life: 3.0
  - On Top of Things: 3.0
- Anxiety Symptoms Frequency:
  - Feeling Nervous or On Edge: 2.0
  - Trouble Relaxing: 1.0
  - Restlessness: 0.0
  - Irritability: 1.0
  - Fear Something Awful Might Happen: 3.0
- Depressive Symptoms Frequency:
  - Anhedonia: 1.0
  - Sleep Problems: 0.0
  - Fatigue: 1.0
  - Appetite Changes: 0.0
  - Feelings of Worthlessness: 0.0
  - Concentration Difficulties: 0.0
  - Suicidal Thoughts: 0.0

Respondent 42:
- Year of birth: 2004.0
- Gender: 2.0
- Socio-economic status: 5.0
- Ethnic identity: 5.0
- Parental Education:
  - Father: 19.0
  - Mother: 28.0
- Life satisfaction: 7.0
- Happiness: 4.0
- Laughter: 9.0
- Learning: 7.0
- Enjoyment: 1.0
- Worry: 3.0
- Depression: 1.0
- Anger: 3.0
- Stress: 4.0
- Loneliness: 10.0
- Emotional Regulation Frequency:
  - Upset by Unexpected Events: 3.0
  - Unable to Control Important Things: 4.0
  - Lacked Confidence Handling Problems: 2.0
  - Unable to Cope: 4.0
  - Irritated by Life: 2.0
  - On Top of Things: 2.0
- Anxiety Symptoms Frequency:
  - Feeling Nervous or On Edge: 2.0
  - Trouble Relaxing: 1.0
  - Restlessness: 1.0
  - Irritability: 2.0
  - Fear Something Awful Might Happen: 3.0
- Depressive Symptoms Frequency:
  - Anhedonia: 3.0
  - Sleep Problems: 2.0
  - Fatigue: 3.0
  - Appetite Changes: 2.0
  - Feelings of Worthlessness: 3.0
  - Concentration Difficulties: 3.0
  - Suicidal Thoughts: 1.0

Respondent 29:
- Year of birth: 2002.0
- Gender: 1.0
- Socio-economic status: 5.0
- Ethnic identity: 6.0
- Parental Education:
  - Father: 11.0
  - Mother: 11.0
- Life satisfaction: 8.0
- Happiness: 10.0
- Laughter: 6.0
- Learning: 6.0
- Enjoyment: 10.0
- Worry: 0.0
- Depression: 0.0
- Anger: 1.0
- Stress: 1.0
- Loneliness: 0.0
- Emotional Regulation Frequency:
  - Upset by Unexpected Events: 1.0
  - Unable to Control Important Things: 1.0
  - Lacked Confidence Handling Problems: 4.0
  - Unable to Cope: 1.0
  - Irritated by Life: 4.0
  - On Top of Things: 4.0
- Anxiety Symptoms Frequency:
  - Feeling Nervous or On Edge: 0.0
  - Trouble Relaxing: 0.0
  - Restlessness: 1.0
  - Irritability: 0.0
  - Fear Something Awful Might Happen: 0.0
- Depressive Symptoms Frequency:
  - Anhedonia: 1.0
  - Sleep Problems: 2.0
  - Fatigue: 0.0
  - Appetite Changes: 1.0
  - Feelings of Worthlessness: 0.0
  - Concentration Difficulties: 0.0
  - Suicidal Thoughts: 0.0

Respondent 136:
- Year of birth: 2003.0
- Gender: 2.0
- Socio-economic status: 3.0
- Ethnic identity: 6.0
- Parental Education:
  - Father: 11.0
  - Mother: 16.0
- Life satisfaction: 8.0
- Happiness: 7.0
- Laughter: 7.0
- Learning: 4.0
- Enjoyment: 8.0
- Worry: 1.0
- Depression: 0.0
- Anger: 1.0
- Stress: 3.0
- Loneliness: 1.0
- Emotional Regulation Frequency:
  - Upset by Unexpected Events: 2.0
  - Unable to Control Important Things: 2.0
  - Lacked Confidence Handling Problems: 2.0
  - Unable to Cope: 2.0
  - Irritated by Life: 3.0
  - On Top of Things: 2.0
- Anxiety Symptoms Frequency:
  - Feeling Nervous or On Edge: 1.0
  - Trouble Relaxing: 1.0
  - Restlessness: 0.0
  - Irritability: 2.0
  - Fear Something Awful Might Happen: 2.0
- Depressive Symptoms Frequency:
  - Anhedonia: 0.0
  - Sleep Problems: 2.0
  - Fatigue: 1.0
  - Appetite Changes: 1.0
  - Feelings of Worthlessness: 0.0
  - Concentration Difficulties: 1.0
  - Suicidal Thoughts: 0.0

Respondent 27:
- Year of birth: 2003.0
- Gender: 2.0
- Socio-economic status: 3.0
- Ethnic identity: 6.0
- Parental Education:
  - Father: 12.0
- Life satisfaction: 7.0
- Happiness: 10.0
- Laughter: 6.0
- Learning: 4.0
- Enjoyment: 9.0
- Worry: 1.0
- Depression: 0.0
- Anger: 2.0
- Stress: 3.0
- Loneliness: 0.0
- Emotional Regulation Frequency:
  - Upset by Unexpected Events: 2.0
  - Unable to Control Important Things: 2.0
  - Lacked Confidence Handling Problems: 3.0
  - Unable to Cope: 1.0
  - Irritated by Life: 3.0
  - On Top of Things: 1.0
- Anxiety Symptoms Frequency:
  - Feeling Nervous or On Edge: 0.0
  - Trouble Relaxing: 1.0
  - Restlessness: 1.0
  - Irritability: 1.0
  - Fear Something Awful Might Happen: 1.0
- Depressive Symptoms Frequency:
  - Anhedonia: 0.0
  - Sleep Problems: 0.0
  - Fatigue: 0.0
  - Appetite Changes: 0.0
  - Feelings of Worthlessness: 1.0
  - Concentration Difficulties: 1.0
  - Suicidal Thoughts: 0.0

You are a meticulous data analyst AI. Your primary function is to accurately analyze structured data and provide precise, verifiable answers.

You will be given a dataset with two key parts:

A 'questions' section: This is your data dictionary or schema. It is the single source of truth for understanding what each field and score means. Refer to it carefully.

A 'responses' section: This contains the raw data from each individual respondent.

To answer the question correctly, you must first use the 'questions' schema to fully understand the context and meaning of the data points within the 'responses'. Do not rely on any prior knowledge outside of this provided data. Base your entire analysis on the information given.

Provide your final answer directly and concisely. Output must be the human-readable value, not an option code.

Rules:
- For MCQ fields, map any letter codes in the Responses (case-insensitive) to the corresponding option text from the Questions schema, and output only that text. Do NOT include the letter or both.
  Example: If the schema is ""[MCQ: A. Abnormal B. Inconclusive C. Normal]"" and the response is ""a"", output ""Abnormal"".
- For open-ended fields, output the exact text value.
- If the question asks for a count, provide only the number (e.g., ""42"").
- If the question asks for a list of names or IDs, provide a simple comma-separated list (e.g., ""17, 21, 23"").
- Preserve capitalization exactly as in the schema (e.g., output ""Abnormal"", not ""abnormal"" or ""A"").

How many respondents are there?",12,False
case_13,respondent_count,How many respondents are there?,"Survey Data
==================================================

Questions:
1. Year of birth: What is your date of birth? [Open-ended]
2. Gender: What is your gender? [MCQ: 1. Male 2. Female]
3. Socio-economic status: What is the socio-economic status of your home? [Likert 1–6: 1 = Very low, 6 = Very high]
4. Ethnic identity: According to your culture, people, or physical features, you are or are recognized as: [MCQ: 1. Indigenous 2. Gypsy 3. Raizal from San Andres, Providencia and Santa Catalina Archipelago 4. Palenquero from San Basilio 5. Black, mulatto (Afro-descendant), Afro-Colombian 6. None of the above]
5. Parental Education: How many years of education did your parents receive? [Open-ended]
   - Father: Father?
   - Mother: Mother?
6. Life satisfaction: In general, how satisfied are you with all aspects of your life? [Likert 0–10: 0 = Not satisfied, 10 = Totally satisfied]
7. Happiness: How happy did you feel yesterday? [Likert 0–10: 0 = At no time, 10 = All the time]
8. Laughter: How much did you laugh yesterday? [Likert 0–10: 0 = At no time, 10 = All the time]
9. Learning: Did you learn new or exciting things yesterday? [Likert 0–10: 0 = At no time, 10 = All the time]
10. Enjoyment: How much did you enjoy the activities you did yesterday? [Likert 0–10: 0 = At no time, 10 = All the time]
11. Worry: How worried did you feel yesterday? [Likert 0–10: 0 = At no time, 10 = All the time]
12. Depression: How depressed did you feel yesterday? [Likert 0–10: 0 = At no time, 10 = All the time]
13. Anger: How angry did you feel yesterday? [Likert 0–10: 0 = At no time, 10 = All the time]
14. Stress: How much stress did you feel yesterday? [Likert 0–10: 0 = At no time, 10 = All the time]
15. Loneliness: How lonely or unsupported did you feel yesterday? [Likert 0–10: 0 = At no time, 10 = All the time]
16. Emotional Regulation Frequency: Next, you will be asked questions about your emotional state. Please answer on a scale of 0 to 4, where 0 is never, 1 is 'almost never', 2 is 'sometimes', 3 is 'fairly often', and 4 is 'very often', how often you experienced the following feelings during the last month: [Likert 0–4]
    - Upset by Unexpected Events: how often have you been upset because of something that happened unexpectedly?
    - Unable to Control Important Things: how often have you felt that you were unable to control the important things in your life?
    - Nervous and Stressed: how often have you felt nervous and stressed?
    - Lacked Confidence Handling Problems: how often have you felt confident about your ability to handle your personal problems?
    - Things Going Your Way: how often have you felt that things were going your way?
    - Unable to Cope: how often have you found that you could not cope with all the things that you had to do?
    - Irritated by Life: how often have you been able to control irritations in your life?
    - On Top of Things: how often have you felt that you were on top of things?
    - Angered by Uncontrollable Events: how often have you been angered because of things that happened that were outside of your control?
    - Felt Overwhelmed: how often have you felt difficulties were piling up so high that you could not overcome them?
17. Anxiety Symptoms Frequency: Next, you will be asked questions about your emotional state. Please answer on a scale of 0 to 3, where 0 is 'Not at all', 1 is 'several days', 2 is 'more than half of the days', and 3 is 'Nearly every day'. Over the last two weeks, how often have you been bothered by the following problems? [Likert 0–3]
    - Feeling Nervous or On Edge: Feeling nervous, anxious, or on edge
    - Uncontrollable Worrying: Not being able to stop or control worrying
    - Excessive Worry: Worrying too much about different things
    - Trouble Relaxing: Trouble relaxing
    - Restlessness: Being so restless that it is hard to sit still
    - Irritability: Becoming easily annoyed or irritable
    - Fear Something Awful Might Happen: Feeling afraid, as if something awful might happen
18. Depressive Symptoms Frequency: Next, you will be asked questions about your emotional state. Please answer on a scale of 0 to 3, where 0 is 'Not at all', 1 is 'several days', 2 is 'more than half of the days', and 3 is 'Nearly every day'. Over the last two weeks, how often have you been bothered by the following problems?
    - Anhedonia: Little interest or pleasure in doing things
    - Depressed Mood: Feeling down, depressed, or hopeless
    - Sleep Problems: Trouble falling or staying asleep, or sleeping too much
    - Fatigue: Feeling tired or having little energy
    - Appetite Changes: Poor appetite or overeating
    - Feelings of Worthlessness: Feeling bad about yourself or that you are a failure or have let yourself or your family down
    - Concentration Difficulties: Trouble concentrating on things, such as reading the newspaper or watching television
    - Psychomotor Changes: Moving or speaking so slowly that other people could have noticed. Or the opposite — being so fidgety or restless that you have been moving around a lot more than usual
    - Suicidal Thoughts: Thoughts that you would be better off dead, or of hurting yourself

Responses:
==================================================

Respondent 45:
- Year of birth: 2002.0
- Gender: 1.0
- Socio-economic status: 2.0
- Ethnic identity: 6.0
- Parental Education:
  - Father: 18.0
  - Mother: 12.0
- Life satisfaction: 8.0
- Happiness: 8.0
- Laughter: 9.0
- Learning: 6.0
- Enjoyment: 7.0
- Worry: 1.0
- Depression: 2.0
- Anger: 4.0
- Stress: 4.0
- Loneliness: 2.0
- Emotional Regulation Frequency:
  - Upset by Unexpected Events: 2.0
  - Unable to Control Important Things: 4.0
  - Lacked Confidence Handling Problems: 3.0
  - Unable to Cope: 4.0
  - Irritated by Life: 4.0
  - On Top of Things: 1.0
- Anxiety Symptoms Frequency:
  - Feeling Nervous or On Edge: 1.0
  - Trouble Relaxing: 1.0
  - Restlessness: 0.0
  - Irritability: 1.0
  - Fear Something Awful Might Happen: 1.0
- Depressive Symptoms Frequency:
  - Anhedonia: 2.0
  - Sleep Problems: 1.0
  - Fatigue: 1.0
  - Appetite Changes: 0.0
  - Feelings of Worthlessness: 0.0
  - Concentration Difficulties: 0.0
  - Suicidal Thoughts: 0.0

Respondent 49:
- Year of birth: 2005.0
- Gender: 1.0
- Socio-economic status: 2.0
- Ethnic identity: 6.0
- Life satisfaction: 8.0
- Happiness: 7.0
- Laughter: 4.0
- Learning: 10.0
- Enjoyment: 10.0
- Worry: 0.0
- Depression: 0.0
- Anger: 2.0
- Stress: 3.0
- Loneliness: 7.0
- Emotional Regulation Frequency:
  - Upset by Unexpected Events: 2.0
  - Unable to Control Important Things: 1.0
  - Lacked Confidence Handling Problems: 3.0
  - Unable to Cope: 2.0
  - Irritated by Life: 3.0
  - On Top of Things: 3.0
- Anxiety Symptoms Frequency:
  - Feeling Nervous or On Edge: 1.0
  - Trouble Relaxing: 1.0
  - Restlessness: 0.0
  - Irritability: 1.0
  - Fear Something Awful Might Happen: 1.0
- Depressive Symptoms Frequency:
  - Anhedonia: 0.0
  - Sleep Problems: 0.0
  - Fatigue: 2.0
  - Appetite Changes: 1.0
  - Feelings of Worthlessness: 0.0
  - Concentration Difficulties: 0.0
  - Suicidal Thoughts: 1.0

Respondent 76:
- Year of birth: 2006.0
- Gender: 2.0
- Socio-economic status: 1.0
- Ethnic identity: 6.0
- Parental Education:
  - Father: 13.0
  - Mother: 5.0
- Life satisfaction: 6.0
- Happiness: 7.0
- Laughter: 3.0
- Learning: 5.0
- Enjoyment: 5.0
- Worry: 1.0
- Depression: 0.0
- Anger: 3.0
- Stress: 3.0
- Loneliness: 6.0
- Emotional Regulation Frequency:
  - Upset by Unexpected Events: 3.0
  - Unable to Control Important Things: 3.0
  - Lacked Confidence Handling Problems: 2.0
  - Unable to Cope: 3.0
  - Irritated by Life: 3.0
  - On Top of Things: 2.0
- Anxiety Symptoms Frequency:
  - Feeling Nervous or On Edge: 2.0
  - Trouble Relaxing: 1.0
  - Restlessness: 1.0
  - Irritability: 2.0
  - Fear Something Awful Might Happen: 1.0
- Depressive Symptoms Frequency:
  - Anhedonia: 1.0
  - Sleep Problems: 0.0
  - Fatigue: 1.0
  - Appetite Changes: 1.0
  - Feelings of Worthlessness: 1.0
  - Concentration Difficulties: 1.0
  - Suicidal Thoughts: 0.0

Respondent 7:
- Year of birth: 2001.0
- Gender: 1.0
- Socio-economic status: 3.0
- Ethnic identity: 6.0
- Parental Education:
  - Mother: 16.0
- Life satisfaction: 5.0
- Happiness: 4.0
- Laughter: 3.0
- Learning: 7.0
- Enjoyment: 2.0
- Worry: 2.0
- Depression: 3.0
- Anger: 3.0
- Stress: 2.0
- Loneliness: 9.0
- Emotional Regulation Frequency:
  - Upset by Unexpected Events: 3.0
  - Unable to Control Important Things: 3.0
  - Lacked Confidence Handling Problems: 1.0
  - Unable to Cope: 2.0
  - Irritated by Life: 2.0
  - On Top of Things: 1.0
- Anxiety Symptoms Frequency:
  - Feeling Nervous or On Edge: 0.0
  - Trouble Relaxing: 2.0
  - Restlessness: 0.0
  - Irritability: 1.0
  - Fear Something Awful Might Happen: 1.0
- Depressive Symptoms Frequency:
  - Anhedonia: 2.0
  - Sleep Problems: 2.0
  - Fatigue: 2.0
  - Appetite Changes: 0.0
  - Feelings of Worthlessness: 3.0
  - Concentration Difficulties: 2.0
  - Suicidal Thoughts: 1.0
",4,"How many respondents are there?

DATA:

Survey Data
==================================================

Questions:
1. Year of birth: What is your date of birth? [Open-ended]
2. Gender: What is your gender? [MCQ: 1. Male 2. Female]
3. Socio-economic status: What is the socio-economic status of your home? [Likert 1–6: 1 = Very low, 6 = Very high]
4. Ethnic identity: According to your culture, people, or physical features, you are or are recognized as: [MCQ: 1. Indigenous 2. Gypsy 3. Raizal from San Andres, Providencia and Santa Catalina Archipelago 4. Palenquero from San Basilio 5. Black, mulatto (Afro-descendant), Afro-Colombian 6. None of the above]
5. Parental Education: How many years of education did your parents receive? [Open-ended]
   - Father: Father?
   - Mother: Mother?
6. Life satisfaction: In general, how satisfied are you with all aspects of your life? [Likert 0–10: 0 = Not satisfied, 10 = Totally satisfied]
7. Happiness: How happy did you feel yesterday? [Likert 0–10: 0 = At no time, 10 = All the time]
8. Laughter: How much did you laugh yesterday? [Likert 0–10: 0 = At no time, 10 = All the time]
9. Learning: Did you learn new or exciting things yesterday? [Likert 0–10: 0 = At no time, 10 = All the time]
10. Enjoyment: How much did you enjoy the activities you did yesterday? [Likert 0–10: 0 = At no time, 10 = All the time]
11. Worry: How worried did you feel yesterday? [Likert 0–10: 0 = At no time, 10 = All the time]
12. Depression: How depressed did you feel yesterday? [Likert 0–10: 0 = At no time, 10 = All the time]
13. Anger: How angry did you feel yesterday? [Likert 0–10: 0 = At no time, 10 = All the time]
14. Stress: How much stress did you feel yesterday? [Likert 0–10: 0 = At no time, 10 = All the time]
15. Loneliness: How lonely or unsupported did you feel yesterday? [Likert 0–10: 0 = At no time, 10 = All the time]
16. Emotional Regulation Frequency: Next, you will be asked questions about your emotional state. Please answer on a scale of 0 to 4, where 0 is never, 1 is 'almost never', 2 is 'sometimes', 3 is 'fairly often', and 4 is 'very often', how often you experienced the following feelings during the last month: [Likert 0–4]
    - Upset by Unexpected Events: how often have you been upset because of something that happened unexpectedly?
    - Unable to Control Important Things: how often have you felt that you were unable to control the important things in your life?
    - Nervous and Stressed: how often have you felt nervous and stressed?
    - Lacked Confidence Handling Problems: how often have you felt confident about your ability to handle your personal problems?
    - Things Going Your Way: how often have you felt that things were going your way?
    - Unable to Cope: how often have you found that you could not cope with all the things that you had to do?
    - Irritated by Life: how often have you been able to control irritations in your life?
    - On Top of Things: how often have you felt that you were on top of things?
    - Angered by Uncontrollable Events: how often have you been angered because of things that happened that were outside of your control?
    - Felt Overwhelmed: how often have you felt difficulties were piling up so high that you could not overcome them?
17. Anxiety Symptoms Frequency: Next, you will be asked questions about your emotional state. Please answer on a scale of 0 to 3, where 0 is 'Not at all', 1 is 'several days', 2 is 'more than half of the days', and 3 is 'Nearly every day'. Over the last two weeks, how often have you been bothered by the following problems? [Likert 0–3]
    - Feeling Nervous or On Edge: Feeling nervous, anxious, or on edge
    - Uncontrollable Worrying: Not being able to stop or control worrying
    - Excessive Worry: Worrying too much about different things
    - Trouble Relaxing: Trouble relaxing
    - Restlessness: Being so restless that it is hard to sit still
    - Irritability: Becoming easily annoyed or irritable
    - Fear Something Awful Might Happen: Feeling afraid, as if something awful might happen
18. Depressive Symptoms Frequency: Next, you will be asked questions about your emotional state. Please answer on a scale of 0 to 3, where 0 is 'Not at all', 1 is 'several days', 2 is 'more than half of the days', and 3 is 'Nearly every day'. Over the last two weeks, how often have you been bothered by the following problems?
    - Anhedonia: Little interest or pleasure in doing things
    - Depressed Mood: Feeling down, depressed, or hopeless
    - Sleep Problems: Trouble falling or staying asleep, or sleeping too much
    - Fatigue: Feeling tired or having little energy
    - Appetite Changes: Poor appetite or overeating
    - Feelings of Worthlessness: Feeling bad about yourself or that you are a failure or have let yourself or your family down
    - Concentration Difficulties: Trouble concentrating on things, such as reading the newspaper or watching television
    - Psychomotor Changes: Moving or speaking so slowly that other people could have noticed. Or the opposite — being so fidgety or restless that you have been moving around a lot more than usual
    - Suicidal Thoughts: Thoughts that you would be better off dead, or of hurting yourself

Responses:
==================================================

Respondent 119:
- Year of birth: 2004.0
- Gender: 1.0
- Socio-economic status: 1.0
- Ethnic identity: 6.0
- Life satisfaction: 4.0
- Happiness: 8.0
- Laughter: 8.0
- Learning: 8.0
- Enjoyment: 8.0
- Worry: 1.0
- Depression: 1.0
- Anger: 2.0
- Stress: 2.0
- Loneliness: 2.0
- Emotional Regulation Frequency:
  - Upset by Unexpected Events: 2.0
  - Unable to Control Important Things: 2.0
  - Lacked Confidence Handling Problems: 2.0
  - Unable to Cope: 2.0
  - Irritated by Life: 2.0
  - On Top of Things: 2.0
- Anxiety Symptoms Frequency:
  - Feeling Nervous or On Edge: 1.0
  - Trouble Relaxing: 1.0
  - Restlessness: 1.0
  - Irritability: 1.0
  - Fear Something Awful Might Happen: 1.0
- Depressive Symptoms Frequency:
  - Anhedonia: 1.0
  - Sleep Problems: 1.0
  - Fatigue: 1.0
  - Appetite Changes: 0.0
  - Feelings of Worthlessness: 1.0
  - Concentration Difficulties: 0.0
  - Suicidal Thoughts: 0.0

Respondent 116:
- Year of birth: 2004.0
- Gender: 1.0
- Socio-economic status: 5.0
- Ethnic identity: 6.0
- Parental Education:
  - Father: 17.0
  - Mother: 17.0
- Life satisfaction: 8.0
- Happiness: 8.0
- Laughter: 7.0
- Learning: 7.0
- Enjoyment: 9.0
- Worry: 1.0
- Depression: 1.0
- Anger: 2.0
- Stress: 3.0
- Loneliness: 1.0
- Emotional Regulation Frequency:
  - Upset by Unexpected Events: 2.0
  - Unable to Control Important Things: 2.0
  - Lacked Confidence Handling Problems: 3.0
  - Unable to Cope: 2.0
  - Irritated by Life: 3.0
  - On Top of Things: 2.0
- Anxiety Symptoms Frequency:
  - Feeling Nervous or On Edge: 2.0
  - Trouble Relaxing: 1.0
  - Restlessness: 2.0
  - Irritability: 1.0
  - Fear Something Awful Might Happen: 2.0
- Depressive Symptoms Frequency:
  - Anhedonia: 1.0
  - Sleep Problems: 0.0
  - Fatigue: 2.0
  - Appetite Changes: 2.0
  - Feelings of Worthlessness: 1.0
  - Concentration Difficulties: 2.0
  - Suicidal Thoughts: 0.0

Answer: 2

Survey Data
==================================================

Questions:
1. Year of birth: What is your date of birth? [Open-ended]
2. Gender: What is your gender? [MCQ: 1. Male 2. Female]
3. Socio-economic status: What is the socio-economic status of your home? [Likert 1–6: 1 = Very low, 6 = Very high]
4. Ethnic identity: According to your culture, people, or physical features, you are or are recognized as: [MCQ: 1. Indigenous 2. Gypsy 3. Raizal from San Andres, Providencia and Santa Catalina Archipelago 4. Palenquero from San Basilio 5. Black, mulatto (Afro-descendant), Afro-Colombian 6. None of the above]
5. Parental Education: How many years of education did your parents receive? [Open-ended]
   - Father: Father?
   - Mother: Mother?
6. Life satisfaction: In general, how satisfied are you with all aspects of your life? [Likert 0–10: 0 = Not satisfied, 10 = Totally satisfied]
7. Happiness: How happy did you feel yesterday? [Likert 0–10: 0 = At no time, 10 = All the time]
8. Laughter: How much did you laugh yesterday? [Likert 0–10: 0 = At no time, 10 = All the time]
9. Learning: Did you learn new or exciting things yesterday? [Likert 0–10: 0 = At no time, 10 = All the time]
10. Enjoyment: How much did you enjoy the activities you did yesterday? [Likert 0–10: 0 = At no time, 10 = All the time]
11. Worry: How worried did you feel yesterday? [Likert 0–10: 0 = At no time, 10 = All the time]
12. Depression: How depressed did you feel yesterday? [Likert 0–10: 0 = At no time, 10 = All the time]
13. Anger: How angry did you feel yesterday? [Likert 0–10: 0 = At no time, 10 = All the time]
14. Stress: How much stress did you feel yesterday? [Likert 0–10: 0 = At no time, 10 = All the time]
15. Loneliness: How lonely or unsupported did you feel yesterday? [Likert 0–10: 0 = At no time, 10 = All the time]
16. Emotional Regulation Frequency: Next, you will be asked questions about your emotional state. Please answer on a scale of 0 to 4, where 0 is never, 1 is 'almost never', 2 is 'sometimes', 3 is 'fairly often', and 4 is 'very often', how often you experienced the following feelings during the last month: [Likert 0–4]
    - Upset by Unexpected Events: how often have you been upset because of something that happened unexpectedly?
    - Unable to Control Important Things: how often have you felt that you were unable to control the important things in your life?
    - Nervous and Stressed: how often have you felt nervous and stressed?
    - Lacked Confidence Handling Problems: how often have you felt confident about your ability to handle your personal problems?
    - Things Going Your Way: how often have you felt that things were going your way?
    - Unable to Cope: how often have you found that you could not cope with all the things that you had to do?
    - Irritated by Life: how often have you been able to control irritations in your life?
    - On Top of Things: how often have you felt that you were on top of things?
    - Angered by Uncontrollable Events: how often have you been angered because of things that happened that were outside of your control?
    - Felt Overwhelmed: how often have you felt difficulties were piling up so high that you could not overcome them?
17. Anxiety Symptoms Frequency: Next, you will be asked questions about your emotional state. Please answer on a scale of 0 to 3, where 0 is 'Not at all', 1 is 'several days', 2 is 'more than half of the days', and 3 is 'Nearly every day'. Over the last two weeks, how often have you been bothered by the following problems? [Likert 0–3]
    - Feeling Nervous or On Edge: Feeling nervous, anxious, or on edge
    - Uncontrollable Worrying: Not being able to stop or control worrying
    - Excessive Worry: Worrying too much about different things
    - Trouble Relaxing: Trouble relaxing
    - Restlessness: Being so restless that it is hard to sit still
    - Irritability: Becoming easily annoyed or irritable
    - Fear Something Awful Might Happen: Feeling afraid, as if something awful might happen
18. Depressive Symptoms Frequency: Next, you will be asked questions about your emotional state. Please answer on a scale of 0 to 3, where 0 is 'Not at all', 1 is 'several days', 2 is 'more than half of the days', and 3 is 'Nearly every day'. Over the last two weeks, how often have you been bothered by the following problems?
    - Anhedonia: Little interest or pleasure in doing things
    - Depressed Mood: Feeling down, depressed, or hopeless
    - Sleep Problems: Trouble falling or staying asleep, or sleeping too much
    - Fatigue: Feeling tired or having little energy
    - Appetite Changes: Poor appetite or overeating
    - Feelings of Worthlessness: Feeling bad about yourself or that you are a failure or have let yourself or your family down
    - Concentration Difficulties: Trouble concentrating on things, such as reading the newspaper or watching television
    - Psychomotor Changes: Moving or speaking so slowly that other people could have noticed. Or the opposite — being so fidgety or restless that you have been moving around a lot more than usual
    - Suicidal Thoughts: Thoughts that you would be better off dead, or of hurting yourself

Responses:
==================================================

Respondent 45:
- Year of birth: 2002.0
- Gender: 1.0
- Socio-economic status: 2.0
- Ethnic identity: 6.0
- Parental Education:
  - Father: 18.0
  - Mother: 12.0
- Life satisfaction: 8.0
- Happiness: 8.0
- Laughter: 9.0
- Learning: 6.0
- Enjoyment: 7.0
- Worry: 1.0
- Depression: 2.0
- Anger: 4.0
- Stress: 4.0
- Loneliness: 2.0
- Emotional Regulation Frequency:
  - Upset by Unexpected Events: 2.0
  - Unable to Control Important Things: 4.0
  - Lacked Confidence Handling Problems: 3.0
  - Unable to Cope: 4.0
  - Irritated by Life: 4.0
  - On Top of Things: 1.0
- Anxiety Symptoms Frequency:
  - Feeling Nervous or On Edge: 1.0
  - Trouble Relaxing: 1.0
  - Restlessness: 0.0
  - Irritability: 1.0
  - Fear Something Awful Might Happen: 1.0
- Depressive Symptoms Frequency:
  - Anhedonia: 2.0
  - Sleep Problems: 1.0
  - Fatigue: 1.0
  - Appetite Changes: 0.0
  - Feelings of Worthlessness: 0.0
  - Concentration Difficulties: 0.0
  - Suicidal Thoughts: 0.0

Respondent 49:
- Year of birth: 2005.0
- Gender: 1.0
- Socio-economic status: 2.0
- Ethnic identity: 6.0
- Life satisfaction: 8.0
- Happiness: 7.0
- Laughter: 4.0
- Learning: 10.0
- Enjoyment: 10.0
- Worry: 0.0
- Depression: 0.0
- Anger: 2.0
- Stress: 3.0
- Loneliness: 7.0
- Emotional Regulation Frequency:
  - Upset by Unexpected Events: 2.0
  - Unable to Control Important Things: 1.0
  - Lacked Confidence Handling Problems: 3.0
  - Unable to Cope: 2.0
  - Irritated by Life: 3.0
  - On Top of Things: 3.0
- Anxiety Symptoms Frequency:
  - Feeling Nervous or On Edge: 1.0
  - Trouble Relaxing: 1.0
  - Restlessness: 0.0
  - Irritability: 1.0
  - Fear Something Awful Might Happen: 1.0
- Depressive Symptoms Frequency:
  - Anhedonia: 0.0
  - Sleep Problems: 0.0
  - Fatigue: 2.0
  - Appetite Changes: 1.0
  - Feelings of Worthlessness: 0.0
  - Concentration Difficulties: 0.0
  - Suicidal Thoughts: 1.0

Respondent 76:
- Year of birth: 2006.0
- Gender: 2.0
- Socio-economic status: 1.0
- Ethnic identity: 6.0
- Parental Education:
  - Father: 13.0
  - Mother: 5.0
- Life satisfaction: 6.0
- Happiness: 7.0
- Laughter: 3.0
- Learning: 5.0
- Enjoyment: 5.0
- Worry: 1.0
- Depression: 0.0
- Anger: 3.0
- Stress: 3.0
- Loneliness: 6.0
- Emotional Regulation Frequency:
  - Upset by Unexpected Events: 3.0
  - Unable to Control Important Things: 3.0
  - Lacked Confidence Handling Problems: 2.0
  - Unable to Cope: 3.0
  - Irritated by Life: 3.0
  - On Top of Things: 2.0
- Anxiety Symptoms Frequency:
  - Feeling Nervous or On Edge: 2.0
  - Trouble Relaxing: 1.0
  - Restlessness: 1.0
  - Irritability: 2.0
  - Fear Something Awful Might Happen: 1.0
- Depressive Symptoms Frequency:
  - Anhedonia: 1.0
  - Sleep Problems: 0.0
  - Fatigue: 1.0
  - Appetite Changes: 1.0
  - Feelings of Worthlessness: 1.0
  - Concentration Difficulties: 1.0
  - Suicidal Thoughts: 0.0

Respondent 7:
- Year of birth: 2001.0
- Gender: 1.0
- Socio-economic status: 3.0
- Ethnic identity: 6.0
- Parental Education:
  - Mother: 16.0
- Life satisfaction: 5.0
- Happiness: 4.0
- Laughter: 3.0
- Learning: 7.0
- Enjoyment: 2.0
- Worry: 2.0
- Depression: 3.0
- Anger: 3.0
- Stress: 2.0
- Loneliness: 9.0
- Emotional Regulation Frequency:
  - Upset by Unexpected Events: 3.0
  - Unable to Control Important Things: 3.0
  - Lacked Confidence Handling Problems: 1.0
  - Unable to Cope: 2.0
  - Irritated by Life: 2.0
  - On Top of Things: 1.0
- Anxiety Symptoms Frequency:
  - Feeling Nervous or On Edge: 0.0
  - Trouble Relaxing: 2.0
  - Restlessness: 0.0
  - Irritability: 1.0
  - Fear Something Awful Might Happen: 1.0
- Depressive Symptoms Frequency:
  - Anhedonia: 2.0
  - Sleep Problems: 2.0
  - Fatigue: 2.0
  - Appetite Changes: 0.0
  - Feelings of Worthlessness: 3.0
  - Concentration Difficulties: 2.0
  - Suicidal Thoughts: 1.0

You are a meticulous data analyst AI. Your primary function is to accurately analyze structured data and provide precise, verifiable answers.

You will be given a dataset with two key parts:

A 'questions' section: This is your data dictionary or schema. It is the single source of truth for understanding what each field and score means. Refer to it carefully.

A 'responses' section: This contains the raw data from each individual respondent.

To answer the question correctly, you must first use the 'questions' schema to fully understand the context and meaning of the data points within the 'responses'. Do not rely on any prior knowledge outside of this provided data. Base your entire analysis on the information given.

Provide your final answer directly and concisely. Output must be the human-readable value, not an option code.

Rules:
- For MCQ fields, map any letter codes in the Responses (case-insensitive) to the corresponding option text from the Questions schema, and output only that text. Do NOT include the letter or both.
  Example: If the schema is ""[MCQ: A. Abnormal B. Inconclusive C. Normal]"" and the response is ""a"", output ""Abnormal"".
- For open-ended fields, output the exact text value.
- If the question asks for a count, provide only the number (e.g., ""42"").
- If the question asks for a list of names or IDs, provide a simple comma-separated list (e.g., ""17, 21, 23"").
- Preserve capitalization exactly as in the schema (e.g., output ""Abnormal"", not ""abnormal"" or ""A"").

How many respondents are there?",6,False
case_14,respondent_count,How many respondents are there?,"Survey Data
==================================================

Questions:
1. Year of birth: What is your date of birth? [Open-ended]
2. Gender: What is your gender? [MCQ: 1. Male 2. Female]
3. Socio-economic status: What is the socio-economic status of your home? [Likert 1–6: 1 = Very low, 6 = Very high]
4. Ethnic identity: According to your culture, people, or physical features, you are or are recognized as: [MCQ: 1. Indigenous 2. Gypsy 3. Raizal from San Andres, Providencia and Santa Catalina Archipelago 4. Palenquero from San Basilio 5. Black, mulatto (Afro-descendant), Afro-Colombian 6. None of the above]
5. Parental Education: How many years of education did your parents receive? [Open-ended]
   - Father: Father?
   - Mother: Mother?
6. Life satisfaction: In general, how satisfied are you with all aspects of your life? [Likert 0–10: 0 = Not satisfied, 10 = Totally satisfied]
7. Happiness: How happy did you feel yesterday? [Likert 0–10: 0 = At no time, 10 = All the time]
8. Laughter: How much did you laugh yesterday? [Likert 0–10: 0 = At no time, 10 = All the time]
9. Learning: Did you learn new or exciting things yesterday? [Likert 0–10: 0 = At no time, 10 = All the time]
10. Enjoyment: How much did you enjoy the activities you did yesterday? [Likert 0–10: 0 = At no time, 10 = All the time]
11. Worry: How worried did you feel yesterday? [Likert 0–10: 0 = At no time, 10 = All the time]
12. Depression: How depressed did you feel yesterday? [Likert 0–10: 0 = At no time, 10 = All the time]
13. Anger: How angry did you feel yesterday? [Likert 0–10: 0 = At no time, 10 = All the time]
14. Stress: How much stress did you feel yesterday? [Likert 0–10: 0 = At no time, 10 = All the time]
15. Loneliness: How lonely or unsupported did you feel yesterday? [Likert 0–10: 0 = At no time, 10 = All the time]
16. Emotional Regulation Frequency: Next, you will be asked questions about your emotional state. Please answer on a scale of 0 to 4, where 0 is never, 1 is 'almost never', 2 is 'sometimes', 3 is 'fairly often', and 4 is 'very often', how often you experienced the following feelings during the last month: [Likert 0–4]
    - Upset by Unexpected Events: how often have you been upset because of something that happened unexpectedly?
    - Unable to Control Important Things: how often have you felt that you were unable to control the important things in your life?
    - Nervous and Stressed: how often have you felt nervous and stressed?
    - Lacked Confidence Handling Problems: how often have you felt confident about your ability to handle your personal problems?
    - Things Going Your Way: how often have you felt that things were going your way?
    - Unable to Cope: how often have you found that you could not cope with all the things that you had to do?
    - Irritated by Life: how often have you been able to control irritations in your life?
    - On Top of Things: how often have you felt that you were on top of things?
    - Angered by Uncontrollable Events: how often have you been angered because of things that happened that were outside of your control?
    - Felt Overwhelmed: how often have you felt difficulties were piling up so high that you could not overcome them?
17. Anxiety Symptoms Frequency: Next, you will be asked questions about your emotional state. Please answer on a scale of 0 to 3, where 0 is 'Not at all', 1 is 'several days', 2 is 'more than half of the days', and 3 is 'Nearly every day'. Over the last two weeks, how often have you been bothered by the following problems? [Likert 0–3]
    - Feeling Nervous or On Edge: Feeling nervous, anxious, or on edge
    - Uncontrollable Worrying: Not being able to stop or control worrying
    - Excessive Worry: Worrying too much about different things
    - Trouble Relaxing: Trouble relaxing
    - Restlessness: Being so restless that it is hard to sit still
    - Irritability: Becoming easily annoyed or irritable
    - Fear Something Awful Might Happen: Feeling afraid, as if something awful might happen
18. Depressive Symptoms Frequency: Next, you will be asked questions about your emotional state. Please answer on a scale of 0 to 3, where 0 is 'Not at all', 1 is 'several days', 2 is 'more than half of the days', and 3 is 'Nearly every day'. Over the last two weeks, how often have you been bothered by the following problems?
    - Anhedonia: Little interest or pleasure in doing things
    - Depressed Mood: Feeling down, depressed, or hopeless
    - Sleep Problems: Trouble falling or staying asleep, or sleeping too much
    - Fatigue: Feeling tired or having little energy
    - Appetite Changes: Poor appetite or overeating
    - Feelings of Worthlessness: Feeling bad about yourself or that you are a failure or have let yourself or your family down
    - Concentration Difficulties: Trouble concentrating on things, such as reading the newspaper or watching television
    - Psychomotor Changes: Moving or speaking so slowly that other people could have noticed. Or the opposite — being so fidgety or restless that you have been moving around a lot more than usual
    - Suicidal Thoughts: Thoughts that you would be better off dead, or of hurting yourself

Responses:
==================================================

Respondent 116:
- Year of birth: 2004.0
- Gender: 1.0
- Socio-economic status: 5.0
- Ethnic identity: 6.0
- Parental Education:
  - Father: 17.0
  - Mother: 17.0
- Life satisfaction: 8.0
- Happiness: 8.0
- Laughter: 7.0
- Learning: 7.0
- Enjoyment: 9.0
- Worry: 1.0
- Depression: 1.0
- Anger: 2.0
- Stress: 3.0
- Loneliness: 1.0
- Emotional Regulation Frequency:
  - Upset by Unexpected Events: 2.0
  - Unable to Control Important Things: 2.0
  - Lacked Confidence Handling Problems: 3.0
  - Unable to Cope: 2.0
  - Irritated by Life: 3.0
  - On Top of Things: 2.0
- Anxiety Symptoms Frequency:
  - Feeling Nervous or On Edge: 2.0
  - Trouble Relaxing: 1.0
  - Restlessness: 2.0
  - Irritability: 1.0
  - Fear Something Awful Might Happen: 2.0
- Depressive Symptoms Frequency:
  - Anhedonia: 1.0
  - Sleep Problems: 0.0
  - Fatigue: 2.0
  - Appetite Changes: 2.0
  - Feelings of Worthlessness: 1.0
  - Concentration Difficulties: 2.0
  - Suicidal Thoughts: 0.0

Respondent 76:
- Year of birth: 2006.0
- Gender: 2.0
- Socio-economic status: 1.0
- Ethnic identity: 6.0
- Parental Education:
  - Father: 13.0
  - Mother: 5.0
- Life satisfaction: 6.0
- Happiness: 7.0
- Laughter: 3.0
- Learning: 5.0
- Enjoyment: 5.0
- Worry: 1.0
- Depression: 0.0
- Anger: 3.0
- Stress: 3.0
- Loneliness: 6.0
- Emotional Regulation Frequency:
  - Upset by Unexpected Events: 3.0
  - Unable to Control Important Things: 3.0
  - Lacked Confidence Handling Problems: 2.0
  - Unable to Cope: 3.0
  - Irritated by Life: 3.0
  - On Top of Things: 2.0
- Anxiety Symptoms Frequency:
  - Feeling Nervous or On Edge: 2.0
  - Trouble Relaxing: 1.0
  - Restlessness: 1.0
  - Irritability: 2.0
  - Fear Something Awful Might Happen: 1.0
- Depressive Symptoms Frequency:
  - Anhedonia: 1.0
  - Sleep Problems: 0.0
  - Fatigue: 1.0
  - Appetite Changes: 1.0
  - Feelings of Worthlessness: 1.0
  - Concentration Difficulties: 1.0
  - Suicidal Thoughts: 0.0

Respondent 74:
- Year of birth: 2005.0
- Gender: 2.0
- Socio-economic status: 2.0
- Ethnic identity: 6.0
- Parental Education:
  - Father: 7.0
  - Mother: 11.0
- Life satisfaction: 5.0
- Happiness: 4.0
- Laughter: 5.0
- Learning: 7.0
- Enjoyment: 4.0
- Worry: 1.0
- Depression: 0.0
- Anger: 3.0
- Stress: 4.0
- Loneliness: 2.0
- Emotional Regulation Frequency:
  - Upset by Unexpected Events: 2.0
  - Unable to Control Important Things: 2.0
  - Lacked Confidence Handling Problems: 2.0
  - Unable to Cope: 3.0
  - Irritated by Life: 2.0
  - On Top of Things: 2.0
- Anxiety Symptoms Frequency:
  - Feeling Nervous or On Edge: 1.0
  - Trouble Relaxing: 1.0
  - Restlessness: 0.0
  - Irritability: 0.0
  - Fear Something Awful Might Happen: 1.0
- Depressive Symptoms Frequency:
  - Anhedonia: 1.0
  - Sleep Problems: 2.0
  - Fatigue: 3.0
  - Appetite Changes: 1.0
  - Feelings of Worthlessness: 0.0
  - Concentration Difficulties: 1.0
  - Suicidal Thoughts: 0.0

Respondent 30:
- Year of birth: 2003.0
- Gender: 1.0
- Socio-economic status: 6.0
- Ethnic identity: 6.0
- Parental Education:
  - Father: 12.0
  - Mother: 8.0
- Life satisfaction: 4.0
- Happiness: 2.0
- Laughter: 3.0
- Learning: 1.0
- Enjoyment: 0.0
- Worry: 1.0
- Depression: 1.0
- Anger: 1.0
- Stress: 2.0
- Loneliness: 10.0
- Emotional Regulation Frequency:
  - Upset by Unexpected Events: 1.0
  - Unable to Control Important Things: 2.0
  - Lacked Confidence Handling Problems: 3.0
  - Unable to Cope: 1.0
  - Irritated by Life: 2.0
  - On Top of Things: 1.0
- Anxiety Symptoms Frequency:
  - Feeling Nervous or On Edge: 0.0
  - Trouble Relaxing: 3.0
  - Restlessness: 0.0
  - Irritability: 0.0
  - Fear Something Awful Might Happen: 0.0
- Depressive Symptoms Frequency:
  - Anhedonia: 1.0
  - Sleep Problems: 1.0
  - Fatigue: 1.0
  - Appetite Changes: 1.0
  - Feelings of Worthlessness: 2.0
  - Concentration Difficulties: 1.0
  - Suicidal Thoughts: 0.0

Respondent 46:
- Year of birth: 2005.0
- Gender: 1.0
- Socio-economic status: 4.0
- Ethnic identity: 6.0
- Life satisfaction: 9.0
- Happiness: 9.0
- Laughter: 10.0
- Learning: 9.0
- Enjoyment: 10.0
- Worry: 1.0
- Depression: 0.0
- Anger: 3.0
- Stress: 3.0
- Loneliness: 0.0
- Emotional Regulation Frequency:
  - Upset by Unexpected Events: 2.0
  - Unable to Control Important Things: 1.0
  - Lacked Confidence Handling Problems: 2.0
  - Unable to Cope: 3.0
  - Irritated by Life: 3.0
  - On Top of Things: 3.0
- Anxiety Symptoms Frequency:
  - Feeling Nervous or On Edge: 1.0
  - Trouble Relaxing: 1.0
  - Restlessness: 1.0
  - Irritability: 1.0
  - Fear Something Awful Might Happen: 2.0
- Depressive Symptoms Frequency:
  - Anhedonia: 0.0
  - Sleep Problems: 0.0
  - Fatigue: 1.0
  - Appetite Changes: 0.0
  - Feelings of Worthlessness: 0.0
  - Concentration Difficulties: 0.0
  - Suicidal Thoughts: 0.0

Respondent 64:
- Year of birth: 2004.0
- Gender: 1.0
- Socio-economic status: 2.0
- Ethnic identity: 5.0
- Life satisfaction: 9.0
- Happiness: 8.0
- Laughter: 8.0
- Learning: 8.0
- Enjoyment: 8.0
- Worry: 1.0
- Depression: 0.0
- Anger: 2.0
- Stress: 1.0
- Loneliness: 4.0
- Emotional Regulation Frequency:
  - Upset by Unexpected Events: 1.0
  - Unable to Control Important Things: 1.0
  - Lacked Confidence Handling Problems: 3.0
  - Unable to Cope: 2.0
  - Irritated by Life: 3.0
  - On Top of Things: 3.0
- Anxiety Symptoms Frequency:
  - Feeling Nervous or On Edge: 1.0
  - Trouble Relaxing: 1.0
  - Restlessness: 0.0
  - Irritability: 1.0
  - Fear Something Awful Might Happen: 1.0
- Depressive Symptoms Frequency:
  - Anhedonia: 1.0
  - Sleep Problems: 2.0
  - Fatigue: 2.0
  - Appetite Changes: 0.0
  - Feelings of Worthlessness: 0.0
  - Concentration Difficulties: 2.0
  - Suicidal Thoughts: 0.0
",6,"How many respondents are there?

DATA:

Survey Data
==================================================

Questions:
1. Year of birth: What is your date of birth? [Open-ended]
2. Gender: What is your gender? [MCQ: 1. Male 2. Female]
3. Socio-economic status: What is the socio-economic status of your home? [Likert 1–6: 1 = Very low, 6 = Very high]
4. Ethnic identity: According to your culture, people, or physical features, you are or are recognized as: [MCQ: 1. Indigenous 2. Gypsy 3. Raizal from San Andres, Providencia and Santa Catalina Archipelago 4. Palenquero from San Basilio 5. Black, mulatto (Afro-descendant), Afro-Colombian 6. None of the above]
5. Parental Education: How many years of education did your parents receive? [Open-ended]
   - Father: Father?
   - Mother: Mother?
6. Life satisfaction: In general, how satisfied are you with all aspects of your life? [Likert 0–10: 0 = Not satisfied, 10 = Totally satisfied]
7. Happiness: How happy did you feel yesterday? [Likert 0–10: 0 = At no time, 10 = All the time]
8. Laughter: How much did you laugh yesterday? [Likert 0–10: 0 = At no time, 10 = All the time]
9. Learning: Did you learn new or exciting things yesterday? [Likert 0–10: 0 = At no time, 10 = All the time]
10. Enjoyment: How much did you enjoy the activities you did yesterday? [Likert 0–10: 0 = At no time, 10 = All the time]
11. Worry: How worried did you feel yesterday? [Likert 0–10: 0 = At no time, 10 = All the time]
12. Depression: How depressed did you feel yesterday? [Likert 0–10: 0 = At no time, 10 = All the time]
13. Anger: How angry did you feel yesterday? [Likert 0–10: 0 = At no time, 10 = All the time]
14. Stress: How much stress did you feel yesterday? [Likert 0–10: 0 = At no time, 10 = All the time]
15. Loneliness: How lonely or unsupported did you feel yesterday? [Likert 0–10: 0 = At no time, 10 = All the time]
16. Emotional Regulation Frequency: Next, you will be asked questions about your emotional state. Please answer on a scale of 0 to 4, where 0 is never, 1 is 'almost never', 2 is 'sometimes', 3 is 'fairly often', and 4 is 'very often', how often you experienced the following feelings during the last month: [Likert 0–4]
    - Upset by Unexpected Events: how often have you been upset because of something that happened unexpectedly?
    - Unable to Control Important Things: how often have you felt that you were unable to control the important things in your life?
    - Nervous and Stressed: how often have you felt nervous and stressed?
    - Lacked Confidence Handling Problems: how often have you felt confident about your ability to handle your personal problems?
    - Things Going Your Way: how often have you felt that things were going your way?
    - Unable to Cope: how often have you found that you could not cope with all the things that you had to do?
    - Irritated by Life: how often have you been able to control irritations in your life?
    - On Top of Things: how often have you felt that you were on top of things?
    - Angered by Uncontrollable Events: how often have you been angered because of things that happened that were outside of your control?
    - Felt Overwhelmed: how often have you felt difficulties were piling up so high that you could not overcome them?
17. Anxiety Symptoms Frequency: Next, you will be asked questions about your emotional state. Please answer on a scale of 0 to 3, where 0 is 'Not at all', 1 is 'several days', 2 is 'more than half of the days', and 3 is 'Nearly every day'. Over the last two weeks, how often have you been bothered by the following problems? [Likert 0–3]
    - Feeling Nervous or On Edge: Feeling nervous, anxious, or on edge
    - Uncontrollable Worrying: Not being able to stop or control worrying
    - Excessive Worry: Worrying too much about different things
    - Trouble Relaxing: Trouble relaxing
    - Restlessness: Being so restless that it is hard to sit still
    - Irritability: Becoming easily annoyed or irritable
    - Fear Something Awful Might Happen: Feeling afraid, as if something awful might happen
18. Depressive Symptoms Frequency: Next, you will be asked questions about your emotional state. Please answer on a scale of 0 to 3, where 0 is 'Not at all', 1 is 'several days', 2 is 'more than half of the days', and 3 is 'Nearly every day'. Over the last two weeks, how often have you been bothered by the following problems?
    - Anhedonia: Little interest or pleasure in doing things
    - Depressed Mood: Feeling down, depressed, or hopeless
    - Sleep Problems: Trouble falling or staying asleep, or sleeping too much
    - Fatigue: Feeling tired or having little energy
    - Appetite Changes: Poor appetite or overeating
    - Feelings of Worthlessness: Feeling bad about yourself or that you are a failure or have let yourself or your family down
    - Concentration Difficulties: Trouble concentrating on things, such as reading the newspaper or watching television
    - Psychomotor Changes: Moving or speaking so slowly that other people could have noticed. Or the opposite — being so fidgety or restless that you have been moving around a lot more than usual
    - Suicidal Thoughts: Thoughts that you would be better off dead, or of hurting yourself

Responses:
==================================================

Respondent 119:
- Year of birth: 2004.0
- Gender: 1.0
- Socio-economic status: 1.0
- Ethnic identity: 6.0
- Life satisfaction: 4.0
- Happiness: 8.0
- Laughter: 8.0
- Learning: 8.0
- Enjoyment: 8.0
- Worry: 1.0
- Depression: 1.0
- Anger: 2.0
- Stress: 2.0
- Loneliness: 2.0
- Emotional Regulation Frequency:
  - Upset by Unexpected Events: 2.0
  - Unable to Control Important Things: 2.0
  - Lacked Confidence Handling Problems: 2.0
  - Unable to Cope: 2.0
  - Irritated by Life: 2.0
  - On Top of Things: 2.0
- Anxiety Symptoms Frequency:
  - Feeling Nervous or On Edge: 1.0
  - Trouble Relaxing: 1.0
  - Restlessness: 1.0
  - Irritability: 1.0
  - Fear Something Awful Might Happen: 1.0
- Depressive Symptoms Frequency:
  - Anhedonia: 1.0
  - Sleep Problems: 1.0
  - Fatigue: 1.0
  - Appetite Changes: 0.0
  - Feelings of Worthlessness: 1.0
  - Concentration Difficulties: 0.0
  - Suicidal Thoughts: 0.0

Respondent 116:
- Year of birth: 2004.0
- Gender: 1.0
- Socio-economic status: 5.0
- Ethnic identity: 6.0
- Parental Education:
  - Father: 17.0
  - Mother: 17.0
- Life satisfaction: 8.0
- Happiness: 8.0
- Laughter: 7.0
- Learning: 7.0
- Enjoyment: 9.0
- Worry: 1.0
- Depression: 1.0
- Anger: 2.0
- Stress: 3.0
- Loneliness: 1.0
- Emotional Regulation Frequency:
  - Upset by Unexpected Events: 2.0
  - Unable to Control Important Things: 2.0
  - Lacked Confidence Handling Problems: 3.0
  - Unable to Cope: 2.0
  - Irritated by Life: 3.0
  - On Top of Things: 2.0
- Anxiety Symptoms Frequency:
  - Feeling Nervous or On Edge: 2.0
  - Trouble Relaxing: 1.0
  - Restlessness: 2.0
  - Irritability: 1.0
  - Fear Something Awful Might Happen: 2.0
- Depressive Symptoms Frequency:
  - Anhedonia: 1.0
  - Sleep Problems: 0.0
  - Fatigue: 2.0
  - Appetite Changes: 2.0
  - Feelings of Worthlessness: 1.0
  - Concentration Difficulties: 2.0
  - Suicidal Thoughts: 0.0

Answer: 2

Survey Data
==================================================

Questions:
1. Year of birth: What is your date of birth? [Open-ended]
2. Gender: What is your gender? [MCQ: 1. Male 2. Female]
3. Socio-economic status: What is the socio-economic status of your home? [Likert 1–6: 1 = Very low, 6 = Very high]
4. Ethnic identity: According to your culture, people, or physical features, you are or are recognized as: [MCQ: 1. Indigenous 2. Gypsy 3. Raizal from San Andres, Providencia and Santa Catalina Archipelago 4. Palenquero from San Basilio 5. Black, mulatto (Afro-descendant), Afro-Colombian 6. None of the above]
5. Parental Education: How many years of education did your parents receive? [Open-ended]
   - Father: Father?
   - Mother: Mother?
6. Life satisfaction: In general, how satisfied are you with all aspects of your life? [Likert 0–10: 0 = Not satisfied, 10 = Totally satisfied]
7. Happiness: How happy did you feel yesterday? [Likert 0–10: 0 = At no time, 10 = All the time]
8. Laughter: How much did you laugh yesterday? [Likert 0–10: 0 = At no time, 10 = All the time]
9. Learning: Did you learn new or exciting things yesterday? [Likert 0–10: 0 = At no time, 10 = All the time]
10. Enjoyment: How much did you enjoy the activities you did yesterday? [Likert 0–10: 0 = At no time, 10 = All the time]
11. Worry: How worried did you feel yesterday? [Likert 0–10: 0 = At no time, 10 = All the time]
12. Depression: How depressed did you feel yesterday? [Likert 0–10: 0 = At no time, 10 = All the time]
13. Anger: How angry did you feel yesterday? [Likert 0–10: 0 = At no time, 10 = All the time]
14. Stress: How much stress did you feel yesterday? [Likert 0–10: 0 = At no time, 10 = All the time]
15. Loneliness: How lonely or unsupported did you feel yesterday? [Likert 0–10: 0 = At no time, 10 = All the time]
16. Emotional Regulation Frequency: Next, you will be asked questions about your emotional state. Please answer on a scale of 0 to 4, where 0 is never, 1 is 'almost never', 2 is 'sometimes', 3 is 'fairly often', and 4 is 'very often', how often you experienced the following feelings during the last month: [Likert 0–4]
    - Upset by Unexpected Events: how often have you been upset because of something that happened unexpectedly?
    - Unable to Control Important Things: how often have you felt that you were unable to control the important things in your life?
    - Nervous and Stressed: how often have you felt nervous and stressed?
    - Lacked Confidence Handling Problems: how often have you felt confident about your ability to handle your personal problems?
    - Things Going Your Way: how often have you felt that things were going your way?
    - Unable to Cope: how often have you found that you could not cope with all the things that you had to do?
    - Irritated by Life: how often have you been able to control irritations in your life?
    - On Top of Things: how often have you felt that you were on top of things?
    - Angered by Uncontrollable Events: how often have you been angered because of things that happened that were outside of your control?
    - Felt Overwhelmed: how often have you felt difficulties were piling up so high that you could not overcome them?
17. Anxiety Symptoms Frequency: Next, you will be asked questions about your emotional state. Please answer on a scale of 0 to 3, where 0 is 'Not at all', 1 is 'several days', 2 is 'more than half of the days', and 3 is 'Nearly every day'. Over the last two weeks, how often have you been bothered by the following problems? [Likert 0–3]
    - Feeling Nervous or On Edge: Feeling nervous, anxious, or on edge
    - Uncontrollable Worrying: Not being able to stop or control worrying
    - Excessive Worry: Worrying too much about different things
    - Trouble Relaxing: Trouble relaxing
    - Restlessness: Being so restless that it is hard to sit still
    - Irritability: Becoming easily annoyed or irritable
    - Fear Something Awful Might Happen: Feeling afraid, as if something awful might happen
18. Depressive Symptoms Frequency: Next, you will be asked questions about your emotional state. Please answer on a scale of 0 to 3, where 0 is 'Not at all', 1 is 'several days', 2 is 'more than half of the days', and 3 is 'Nearly every day'. Over the last two weeks, how often have you been bothered by the following problems?
    - Anhedonia: Little interest or pleasure in doing things
    - Depressed Mood: Feeling down, depressed, or hopeless
    - Sleep Problems: Trouble falling or staying asleep, or sleeping too much
    - Fatigue: Feeling tired or having little energy
    - Appetite Changes: Poor appetite or overeating
    - Feelings of Worthlessness: Feeling bad about yourself or that you are a failure or have let yourself or your family down
    - Concentration Difficulties: Trouble concentrating on things, such as reading the newspaper or watching television
    - Psychomotor Changes: Moving or speaking so slowly that other people could have noticed. Or the opposite — being so fidgety or restless that you have been moving around a lot more than usual
    - Suicidal Thoughts: Thoughts that you would be better off dead, or of hurting yourself

Responses:
==================================================

Respondent 116:
- Year of birth: 2004.0
- Gender: 1.0
- Socio-economic status: 5.0
- Ethnic identity: 6.0
- Parental Education:
  - Father: 17.0
  - Mother: 17.0
- Life satisfaction: 8.0
- Happiness: 8.0
- Laughter: 7.0
- Learning: 7.0
- Enjoyment: 9.0
- Worry: 1.0
- Depression: 1.0
- Anger: 2.0
- Stress: 3.0
- Loneliness: 1.0
- Emotional Regulation Frequency:
  - Upset by Unexpected Events: 2.0
  - Unable to Control Important Things: 2.0
  - Lacked Confidence Handling Problems: 3.0
  - Unable to Cope: 2.0
  - Irritated by Life: 3.0
  - On Top of Things: 2.0
- Anxiety Symptoms Frequency:
  - Feeling Nervous or On Edge: 2.0
  - Trouble Relaxing: 1.0
  - Restlessness: 2.0
  - Irritability: 1.0
  - Fear Something Awful Might Happen: 2.0
- Depressive Symptoms Frequency:
  - Anhedonia: 1.0
  - Sleep Problems: 0.0
  - Fatigue: 2.0
  - Appetite Changes: 2.0
  - Feelings of Worthlessness: 1.0
  - Concentration Difficulties: 2.0
  - Suicidal Thoughts: 0.0

Respondent 76:
- Year of birth: 2006.0
- Gender: 2.0
- Socio-economic status: 1.0
- Ethnic identity: 6.0
- Parental Education:
  - Father: 13.0
  - Mother: 5.0
- Life satisfaction: 6.0
- Happiness: 7.0
- Laughter: 3.0
- Learning: 5.0
- Enjoyment: 5.0
- Worry: 1.0
- Depression: 0.0
- Anger: 3.0
- Stress: 3.0
- Loneliness: 6.0
- Emotional Regulation Frequency:
  - Upset by Unexpected Events: 3.0
  - Unable to Control Important Things: 3.0
  - Lacked Confidence Handling Problems: 2.0
  - Unable to Cope: 3.0
  - Irritated by Life: 3.0
  - On Top of Things: 2.0
- Anxiety Symptoms Frequency:
  - Feeling Nervous or On Edge: 2.0
  - Trouble Relaxing: 1.0
  - Restlessness: 1.0
  - Irritability: 2.0
  - Fear Something Awful Might Happen: 1.0
- Depressive Symptoms Frequency:
  - Anhedonia: 1.0
  - Sleep Problems: 0.0
  - Fatigue: 1.0
  - Appetite Changes: 1.0
  - Feelings of Worthlessness: 1.0
  - Concentration Difficulties: 1.0
  - Suicidal Thoughts: 0.0

Respondent 74:
- Year of birth: 2005.0
- Gender: 2.0
- Socio-economic status: 2.0
- Ethnic identity: 6.0
- Parental Education:
  - Father: 7.0
  - Mother: 11.0
- Life satisfaction: 5.0
- Happiness: 4.0
- Laughter: 5.0
- Learning: 7.0
- Enjoyment: 4.0
- Worry: 1.0
- Depression: 0.0
- Anger: 3.0
- Stress: 4.0
- Loneliness: 2.0
- Emotional Regulation Frequency:
  - Upset by Unexpected Events: 2.0
  - Unable to Control Important Things: 2.0
  - Lacked Confidence Handling Problems: 2.0
  - Unable to Cope: 3.0
  - Irritated by Life: 2.0
  - On Top of Things: 2.0
- Anxiety Symptoms Frequency:
  - Feeling Nervous or On Edge: 1.0
  - Trouble Relaxing: 1.0
  - Restlessness: 0.0
  - Irritability: 0.0
  - Fear Something Awful Might Happen: 1.0
- Depressive Symptoms Frequency:
  - Anhedonia: 1.0
  - Sleep Problems: 2.0
  - Fatigue: 3.0
  - Appetite Changes: 1.0
  - Feelings of Worthlessness: 0.0
  - Concentration Difficulties: 1.0
  - Suicidal Thoughts: 0.0

Respondent 30:
- Year of birth: 2003.0
- Gender: 1.0
- Socio-economic status: 6.0
- Ethnic identity: 6.0
- Parental Education:
  - Father: 12.0
  - Mother: 8.0
- Life satisfaction: 4.0
- Happiness: 2.0
- Laughter: 3.0
- Learning: 1.0
- Enjoyment: 0.0
- Worry: 1.0
- Depression: 1.0
- Anger: 1.0
- Stress: 2.0
- Loneliness: 10.0
- Emotional Regulation Frequency:
  - Upset by Unexpected Events: 1.0
  - Unable to Control Important Things: 2.0
  - Lacked Confidence Handling Problems: 3.0
  - Unable to Cope: 1.0
  - Irritated by Life: 2.0
  - On Top of Things: 1.0
- Anxiety Symptoms Frequency:
  - Feeling Nervous or On Edge: 0.0
  - Trouble Relaxing: 3.0
  - Restlessness: 0.0
  - Irritability: 0.0
  - Fear Something Awful Might Happen: 0.0
- Depressive Symptoms Frequency:
  - Anhedonia: 1.0
  - Sleep Problems: 1.0
  - Fatigue: 1.0
  - Appetite Changes: 1.0
  - Feelings of Worthlessness: 2.0
  - Concentration Difficulties: 1.0
  - Suicidal Thoughts: 0.0

Respondent 46:
- Year of birth: 2005.0
- Gender: 1.0
- Socio-economic status: 4.0
- Ethnic identity: 6.0
- Life satisfaction: 9.0
- Happiness: 9.0
- Laughter: 10.0
- Learning: 9.0
- Enjoyment: 10.0
- Worry: 1.0
- Depression: 0.0
- Anger: 3.0
- Stress: 3.0
- Loneliness: 0.0
- Emotional Regulation Frequency:
  - Upset by Unexpected Events: 2.0
  - Unable to Control Important Things: 1.0
  - Lacked Confidence Handling Problems: 2.0
  - Unable to Cope: 3.0
  - Irritated by Life: 3.0
  - On Top of Things: 3.0
- Anxiety Symptoms Frequency:
  - Feeling Nervous or On Edge: 1.0
  - Trouble Relaxing: 1.0
  - Restlessness: 1.0
  - Irritability: 1.0
  - Fear Something Awful Might Happen: 2.0
- Depressive Symptoms Frequency:
  - Anhedonia: 0.0
  - Sleep Problems: 0.0
  - Fatigue: 1.0
  - Appetite Changes: 0.0
  - Feelings of Worthlessness: 0.0
  - Concentration Difficulties: 0.0
  - Suicidal Thoughts: 0.0

Respondent 64:
- Year of birth: 2004.0
- Gender: 1.0
- Socio-economic status: 2.0
- Ethnic identity: 5.0
- Life satisfaction: 9.0
- Happiness: 8.0
- Laughter: 8.0
- Learning: 8.0
- Enjoyment: 8.0
- Worry: 1.0
- Depression: 0.0
- Anger: 2.0
- Stress: 1.0
- Loneliness: 4.0
- Emotional Regulation Frequency:
  - Upset by Unexpected Events: 1.0
  - Unable to Control Important Things: 1.0
  - Lacked Confidence Handling Problems: 3.0
  - Unable to Cope: 2.0
  - Irritated by Life: 3.0
  - On Top of Things: 3.0
- Anxiety Symptoms Frequency:
  - Feeling Nervous or On Edge: 1.0
  - Trouble Relaxing: 1.0
  - Restlessness: 0.0
  - Irritability: 1.0
  - Fear Something Awful Might Happen: 1.0
- Depressive Symptoms Frequency:
  - Anhedonia: 1.0
  - Sleep Problems: 2.0
  - Fatigue: 2.0
  - Appetite Changes: 0.0
  - Feelings of Worthlessness: 0.0
  - Concentration Difficulties: 2.0
  - Suicidal Thoughts: 0.0

You are a meticulous data analyst AI. Your primary function is to accurately analyze structured data and provide precise, verifiable answers.

You will be given a dataset with two key parts:

A 'questions' section: This is your data dictionary or schema. It is the single source of truth for understanding what each field and score means. Refer to it carefully.

A 'responses' section: This contains the raw data from each individual respondent.

To answer the question correctly, you must first use the 'questions' schema to fully understand the context and meaning of the data points within the 'responses'. Do not rely on any prior knowledge outside of this provided data. Base your entire analysis on the information given.

Provide your final answer directly and concisely. Output must be the human-readable value, not an option code.

Rules:
- For MCQ fields, map any letter codes in the Responses (case-insensitive) to the corresponding option text from the Questions schema, and output only that text. Do NOT include the letter or both.
  Example: If the schema is ""[MCQ: A. Abnormal B. Inconclusive C. Normal]"" and the response is ""a"", output ""Abnormal"".
- For open-ended fields, output the exact text value.
- If the question asks for a count, provide only the number (e.g., ""42"").
- If the question asks for a list of names or IDs, provide a simple comma-separated list (e.g., ""17, 21, 23"").
- Preserve capitalization exactly as in the schema (e.g., output ""Abnormal"", not ""abnormal"" or ""A"").

How many respondents are there?",7,False
case_15,respondent_count,How many respondents are there?,"Survey Data
==================================================

Questions:
1. Year of birth: What is your date of birth? [Open-ended]
2. Gender: What is your gender? [MCQ: 1. Male 2. Female]
3. Socio-economic status: What is the socio-economic status of your home? [Likert 1–6: 1 = Very low, 6 = Very high]
4. Ethnic identity: According to your culture, people, or physical features, you are or are recognized as: [MCQ: 1. Indigenous 2. Gypsy 3. Raizal from San Andres, Providencia and Santa Catalina Archipelago 4. Palenquero from San Basilio 5. Black, mulatto (Afro-descendant), Afro-Colombian 6. None of the above]
5. Parental Education: How many years of education did your parents receive? [Open-ended]
   - Father: Father?
   - Mother: Mother?
6. Life satisfaction: In general, how satisfied are you with all aspects of your life? [Likert 0–10: 0 = Not satisfied, 10 = Totally satisfied]
7. Happiness: How happy did you feel yesterday? [Likert 0–10: 0 = At no time, 10 = All the time]
8. Laughter: How much did you laugh yesterday? [Likert 0–10: 0 = At no time, 10 = All the time]
9. Learning: Did you learn new or exciting things yesterday? [Likert 0–10: 0 = At no time, 10 = All the time]
10. Enjoyment: How much did you enjoy the activities you did yesterday? [Likert 0–10: 0 = At no time, 10 = All the time]
11. Worry: How worried did you feel yesterday? [Likert 0–10: 0 = At no time, 10 = All the time]
12. Depression: How depressed did you feel yesterday? [Likert 0–10: 0 = At no time, 10 = All the time]
13. Anger: How angry did you feel yesterday? [Likert 0–10: 0 = At no time, 10 = All the time]
14. Stress: How much stress did you feel yesterday? [Likert 0–10: 0 = At no time, 10 = All the time]
15. Loneliness: How lonely or unsupported did you feel yesterday? [Likert 0–10: 0 = At no time, 10 = All the time]
16. Emotional Regulation Frequency: Next, you will be asked questions about your emotional state. Please answer on a scale of 0 to 4, where 0 is never, 1 is 'almost never', 2 is 'sometimes', 3 is 'fairly often', and 4 is 'very often', how often you experienced the following feelings during the last month: [Likert 0–4]
    - Upset by Unexpected Events: how often have you been upset because of something that happened unexpectedly?
    - Unable to Control Important Things: how often have you felt that you were unable to control the important things in your life?
    - Nervous and Stressed: how often have you felt nervous and stressed?
    - Lacked Confidence Handling Problems: how often have you felt confident about your ability to handle your personal problems?
    - Things Going Your Way: how often have you felt that things were going your way?
    - Unable to Cope: how often have you found that you could not cope with all the things that you had to do?
    - Irritated by Life: how often have you been able to control irritations in your life?
    - On Top of Things: how often have you felt that you were on top of things?
    - Angered by Uncontrollable Events: how often have you been angered because of things that happened that were outside of your control?
    - Felt Overwhelmed: how often have you felt difficulties were piling up so high that you could not overcome them?
17. Anxiety Symptoms Frequency: Next, you will be asked questions about your emotional state. Please answer on a scale of 0 to 3, where 0 is 'Not at all', 1 is 'several days', 2 is 'more than half of the days', and 3 is 'Nearly every day'. Over the last two weeks, how often have you been bothered by the following problems? [Likert 0–3]
    - Feeling Nervous or On Edge: Feeling nervous, anxious, or on edge
    - Uncontrollable Worrying: Not being able to stop or control worrying
    - Excessive Worry: Worrying too much about different things
    - Trouble Relaxing: Trouble relaxing
    - Restlessness: Being so restless that it is hard to sit still
    - Irritability: Becoming easily annoyed or irritable
    - Fear Something Awful Might Happen: Feeling afraid, as if something awful might happen
18. Depressive Symptoms Frequency: Next, you will be asked questions about your emotional state. Please answer on a scale of 0 to 3, where 0 is 'Not at all', 1 is 'several days', 2 is 'more than half of the days', and 3 is 'Nearly every day'. Over the last two weeks, how often have you been bothered by the following problems?
    - Anhedonia: Little interest or pleasure in doing things
    - Depressed Mood: Feeling down, depressed, or hopeless
    - Sleep Problems: Trouble falling or staying asleep, or sleeping too much
    - Fatigue: Feeling tired or having little energy
    - Appetite Changes: Poor appetite or overeating
    - Feelings of Worthlessness: Feeling bad about yourself or that you are a failure or have let yourself or your family down
    - Concentration Difficulties: Trouble concentrating on things, such as reading the newspaper or watching television
    - Psychomotor Changes: Moving or speaking so slowly that other people could have noticed. Or the opposite — being so fidgety or restless that you have been moving around a lot more than usual
    - Suicidal Thoughts: Thoughts that you would be better off dead, or of hurting yourself

Responses:
==================================================

Respondent 84:
- Year of birth: 2004.0
- Gender: 2.0
- Socio-economic status: 2.0
- Ethnic identity: 5.0
- Parental Education:
  - Father: 3.0
  - Mother: 5.0
- Life satisfaction: 5.0
- Happiness: 5.0
- Laughter: 3.0
- Learning: 1.0
- Enjoyment: 5.0
- Worry: 2.0
- Depression: 2.0
- Anger: 4.0
- Stress: 4.0
- Loneliness: 10.0
- Emotional Regulation Frequency:
  - Upset by Unexpected Events: 3.0
  - Unable to Control Important Things: 4.0
  - Lacked Confidence Handling Problems: 1.0
  - Unable to Cope: 3.0
  - Irritated by Life: 2.0
  - On Top of Things: 1.0
- Anxiety Symptoms Frequency:
  - Feeling Nervous or On Edge: 1.0
  - Trouble Relaxing: 1.0
  - Restlessness: 0.0
  - Irritability: 0.0
  - Fear Something Awful Might Happen: 1.0
- Depressive Symptoms Frequency:
  - Anhedonia: 2.0
  - Sleep Problems: 0.0
  - Fatigue: 2.0
  - Appetite Changes: 0.0
  - Feelings of Worthlessness: 3.0
  - Concentration Difficulties: 1.0
  - Suicidal Thoughts: 0.0

Respondent 85:
- Year of birth: 2004.0
- Gender: 2.0
- Socio-economic status: 3.0
- Ethnic identity: 6.0
- Parental Education:
  - Father: 18.0
- Life satisfaction: 5.0
- Happiness: 6.0
- Laughter: 6.0
- Learning: 8.0
- Enjoyment: 5.0
- Worry: 1.0
- Depression: 1.0
- Anger: 2.0
- Stress: 4.0
- Loneliness: 1.0
- Emotional Regulation Frequency:
  - Upset by Unexpected Events: 2.0
  - Unable to Control Important Things: 3.0
  - Lacked Confidence Handling Problems: 2.0
  - Unable to Cope: 3.0
  - Irritated by Life: 3.0
  - On Top of Things: 2.0
- Anxiety Symptoms Frequency:
  - Feeling Nervous or On Edge: 1.0
  - Trouble Relaxing: 1.0
  - Restlessness: 0.0
  - Irritability: 1.0
  - Fear Something Awful Might Happen: 1.0
- Depressive Symptoms Frequency:
  - Anhedonia: 2.0
  - Sleep Problems: 2.0
  - Fatigue: 3.0
  - Appetite Changes: 3.0
  - Feelings of Worthlessness: 1.0
  - Concentration Difficulties: 1.0
  - Suicidal Thoughts: 0.0

Respondent 21:
- Year of birth: 2005.0
- Gender: 1.0
- Socio-economic status: 2.0
- Ethnic identity: 6.0
- Parental Education:
  - Father: 11.0
- Life satisfaction: 7.0
- Happiness: 7.0
- Laughter: 4.0
- Learning: 9.0
- Enjoyment: 9.0
- Worry: 1.0
- Depression: 0.0
- Anger: 1.0
- Stress: 2.0
- Loneliness: 2.0
- Emotional Regulation Frequency:
  - Upset by Unexpected Events: 1.0
  - Unable to Control Important Things: 2.0
  - Lacked Confidence Handling Problems: 1.0
  - Unable to Cope: 3.0
  - Irritated by Life: 3.0
  - On Top of Things: 2.0
- Anxiety Symptoms Frequency:
  - Feeling Nervous or On Edge: 0.0
  - Trouble Relaxing: 1.0
  - Restlessness: 1.0
  - Irritability: 0.0
  - Fear Something Awful Might Happen: 1.0
- Depressive Symptoms Frequency:
  - Anhedonia: 0.0
  - Sleep Problems: 0.0
  - Fatigue: 1.0
  - Appetite Changes: 0.0
  - Feelings of Worthlessness: 0.0
  - Concentration Difficulties: 0.0
  - Suicidal Thoughts: 0.0

Respondent 8:
- Year of birth: 2002.0
- Gender: 1.0
- Socio-economic status: 5.0
- Ethnic identity: 6.0
- Life satisfaction: 7.0
- Happiness: 8.0
- Laughter: 8.0
- Learning: 7.0
- Enjoyment: 8.0
- Worry: 1.0
- Depression: 0.0
- Anger: 2.0
- Stress: 3.0
- Loneliness: 0.0
- Emotional Regulation Frequency:
  - Upset by Unexpected Events: 1.0
  - Unable to Control Important Things: 1.0
  - Lacked Confidence Handling Problems: 2.0
  - Unable to Cope: 2.0
  - Irritated by Life: 3.0
  - On Top of Things: 2.0
- Anxiety Symptoms Frequency:
  - Feeling Nervous or On Edge: 1.0
  - Trouble Relaxing: 1.0
  - Restlessness: 0.0
  - Irritability: 1.0
  - Fear Something Awful Might Happen: 0.0
- Depressive Symptoms Frequency:
  - Anhedonia: 0.0
  - Sleep Problems: 1.0
  - Fatigue: 0.0
  - Appetite Changes: 1.0
  - Feelings of Worthlessness: 0.0
  - Concentration Difficulties: 0.0
  - Suicidal Thoughts: 0.0

Respondent 80:
- Year of birth: 2003.0
- Gender: 2.0
- Socio-economic status: 2.0
- Ethnic identity: 6.0
- Parental Education:
  - Father: 17.0
  - Mother: 17.0
- Life satisfaction: 6.0
- Happiness: 8.0
- Laughter: 7.0
- Learning: 6.0
- Enjoyment: 8.0
- Worry: 0.0
- Depression: 0.0
- Anger: 1.0
- Stress: 2.0
- Loneliness: 1.0
- Emotional Regulation Frequency:
  - Upset by Unexpected Events: 2.0
  - Unable to Control Important Things: 2.0
  - Lacked Confidence Handling Problems: 4.0
  - Unable to Cope: 1.0
  - Irritated by Life: 3.0
  - On Top of Things: 4.0
- Anxiety Symptoms Frequency:
  - Feeling Nervous or On Edge: 0.0
  - Trouble Relaxing: 0.0
  - Restlessness: 0.0
  - Irritability: 0.0
  - Fear Something Awful Might Happen: 0.0
- Depressive Symptoms Frequency:
  - Anhedonia: 1.0
  - Sleep Problems: 1.0
  - Fatigue: 1.0
  - Appetite Changes: 1.0
  - Feelings of Worthlessness: 0.0
  - Concentration Difficulties: 0.0
  - Suicidal Thoughts: 0.0

Respondent 134:
- Year of birth: 2004.0
- Gender: 2.0
- Socio-economic status: 2.0
- Ethnic identity: 1.0
- Parental Education:
  - Father: 11.0
  - Mother: 16.0
- Life satisfaction: 7.0
- Happiness: 5.0
- Laughter: 9.0
- Learning: 9.0
- Enjoyment: 7.0
- Worry: 3.0
- Depression: 1.0
- Anger: 4.0
- Stress: 4.0
- Loneliness: 0.0
- Emotional Regulation Frequency:
  - Upset by Unexpected Events: 2.0
  - Unable to Control Important Things: 4.0
  - Lacked Confidence Handling Problems: 2.0
  - Unable to Cope: 4.0
  - Irritated by Life: 3.0
  - On Top of Things: 3.0
- Anxiety Symptoms Frequency:
  - Feeling Nervous or On Edge: 2.0
  - Trouble Relaxing: 1.0
  - Restlessness: 1.0
  - Irritability: 2.0
  - Fear Something Awful Might Happen: 1.0
- Depressive Symptoms Frequency:
  - Anhedonia: 2.0
  - Sleep Problems: 2.0
  - Fatigue: 3.0
  - Appetite Changes: 1.0
  - Feelings of Worthlessness: 1.0
  - Concentration Difficulties: 3.0
  - Suicidal Thoughts: 0.0

Respondent 115:
- Year of birth: 2003.0
- Gender: 1.0
- Socio-economic status: 5.0
- Ethnic identity: 6.0
- Parental Education:
  - Father: 19.0
  - Mother: 23.0
- Life satisfaction: 9.0
- Happiness: 0.0
- Laughter: 0.0
- Learning: 10.0
- Enjoyment: 5.0
- Worry: 3.0
- Depression: 1.0
- Anger: 2.0
- Stress: 4.0
- Loneliness: 9.0
- Emotional Regulation Frequency:
  - Upset by Unexpected Events: 2.0
  - Unable to Control Important Things: 1.0
  - Lacked Confidence Handling Problems: 3.0
  - Unable to Cope: 1.0
  - Irritated by Life: 4.0
  - On Top of Things: 4.0
- Anxiety Symptoms Frequency:
  - Feeling Nervous or On Edge: 3.0
  - Trouble Relaxing: 2.0
  - Restlessness: 2.0
  - Irritability: 1.0
  - Fear Something Awful Might Happen: 3.0
- Depressive Symptoms Frequency:
  - Anhedonia: 1.0
  - Sleep Problems: 0.0
  - Fatigue: 1.0
  - Appetite Changes: 0.0
  - Feelings of Worthlessness: 1.0
  - Concentration Difficulties: 2.0
  - Suicidal Thoughts: 0.0

Respondent 144:
- Year of birth: 2004.0
- Gender: 1.0
- Socio-economic status: 2.0
- Ethnic identity: 6.0
- Parental Education:
  - Father: 11.0
  - Mother: 7.0
- Life satisfaction: 8.0
- Happiness: 6.0
- Laughter: 4.0
- Learning: 5.0
- Enjoyment: 4.0
- Worry: 2.0
- Depression: 1.0
- Anger: 3.0
- Stress: 4.0
- Loneliness: 6.0
- Emotional Regulation Frequency:
  - Upset by Unexpected Events: 2.0
  - Unable to Control Important Things: 3.0
  - Lacked Confidence Handling Problems: 2.0
  - Unable to Cope: 2.0
  - Irritated by Life: 3.0
  - On Top of Things: 2.0
- Anxiety Symptoms Frequency:
  - Feeling Nervous or On Edge: 2.0
  - Trouble Relaxing: 2.0
  - Restlessness: 3.0
  - Irritability: 1.0
  - Fear Something Awful Might Happen: 1.0
- Depressive Symptoms Frequency:
  - Anhedonia: 1.0
  - Sleep Problems: 1.0
  - Fatigue: 3.0
  - Appetite Changes: 3.0
  - Feelings of Worthlessness: 1.0
  - Concentration Difficulties: 2.0
  - Suicidal Thoughts: 1.0

Respondent 12:
- Year of birth: 2004.0
- Gender: 2.0
- Socio-economic status: 5.0
- Ethnic identity: 6.0
- Parental Education:
  - Father: 24.0
  - Mother: 26.0
- Life satisfaction: 8.0
- Happiness: 10.0
- Laughter: 9.0
- Learning: 8.0
- Enjoyment: 8.0
- Worry: 1.0
- Depression: 0.0
- Anger: 2.0
- Stress: 2.0
- Loneliness: 0.0
- Emotional Regulation Frequency:
  - Upset by Unexpected Events: 1.0
  - Unable to Control Important Things: 2.0
  - Lacked Confidence Handling Problems: 4.0
  - Unable to Cope: 1.0
  - Irritated by Life: 4.0
  - On Top of Things: 3.0
- Anxiety Symptoms Frequency:
  - Feeling Nervous or On Edge: 0.0
  - Trouble Relaxing: 1.0
  - Restlessness: 1.0
  - Irritability: 1.0
  - Fear Something Awful Might Happen: 0.0
- Depressive Symptoms Frequency:
  - Anhedonia: 0.0
  - Sleep Problems: 2.0
  - Fatigue: 2.0
  - Appetite Changes: 1.0
  - Feelings of Worthlessness: 1.0
  - Concentration Difficulties: 1.0
  - Suicidal Thoughts: 0.0

Respondent 90:
- Year of birth: 2004.0
- Gender: 1.0
- Socio-economic status: 5.0
- Ethnic identity: 6.0
- Life satisfaction: 8.0
- Happiness: 5.0
- Laughter: 5.0
- Learning: 7.0
- Enjoyment: 6.0
- Worry: 1.0
- Depression: 1.0
- Anger: 2.0
- Stress: 2.0
- Loneliness: 8.0
- Emotional Regulation Frequency:
  - Upset by Unexpected Events: 2.0
  - Unable to Control Important Things: 2.0
  - Lacked Confidence Handling Problems: 2.0
  - Unable to Cope: 1.0
  - Irritated by Life: 3.0
  - On Top of Things: 3.0
- Anxiety Symptoms Frequency:
  - Feeling Nervous or On Edge: 1.0
  - Trouble Relaxing: 2.0
  - Restlessness: 2.0
  - Irritability: 1.0
  - Fear Something Awful Might Happen: 2.0
- Depressive Symptoms Frequency:
  - Anhedonia: 2.0
  - Sleep Problems: 3.0
  - Fatigue: 1.0
  - Appetite Changes: 2.0
  - Feelings of Worthlessness: 1.0
  - Concentration Difficulties: 1.0
  - Suicidal Thoughts: 1.0
",10,"How many respondents are there?

DATA:

Survey Data
==================================================

Questions:
1. Year of birth: What is your date of birth? [Open-ended]
2. Gender: What is your gender? [MCQ: 1. Male 2. Female]
3. Socio-economic status: What is the socio-economic status of your home? [Likert 1–6: 1 = Very low, 6 = Very high]
4. Ethnic identity: According to your culture, people, or physical features, you are or are recognized as: [MCQ: 1. Indigenous 2. Gypsy 3. Raizal from San Andres, Providencia and Santa Catalina Archipelago 4. Palenquero from San Basilio 5. Black, mulatto (Afro-descendant), Afro-Colombian 6. None of the above]
5. Parental Education: How many years of education did your parents receive? [Open-ended]
   - Father: Father?
   - Mother: Mother?
6. Life satisfaction: In general, how satisfied are you with all aspects of your life? [Likert 0–10: 0 = Not satisfied, 10 = Totally satisfied]
7. Happiness: How happy did you feel yesterday? [Likert 0–10: 0 = At no time, 10 = All the time]
8. Laughter: How much did you laugh yesterday? [Likert 0–10: 0 = At no time, 10 = All the time]
9. Learning: Did you learn new or exciting things yesterday? [Likert 0–10: 0 = At no time, 10 = All the time]
10. Enjoyment: How much did you enjoy the activities you did yesterday? [Likert 0–10: 0 = At no time, 10 = All the time]
11. Worry: How worried did you feel yesterday? [Likert 0–10: 0 = At no time, 10 = All the time]
12. Depression: How depressed did you feel yesterday? [Likert 0–10: 0 = At no time, 10 = All the time]
13. Anger: How angry did you feel yesterday? [Likert 0–10: 0 = At no time, 10 = All the time]
14. Stress: How much stress did you feel yesterday? [Likert 0–10: 0 = At no time, 10 = All the time]
15. Loneliness: How lonely or unsupported did you feel yesterday? [Likert 0–10: 0 = At no time, 10 = All the time]
16. Emotional Regulation Frequency: Next, you will be asked questions about your emotional state. Please answer on a scale of 0 to 4, where 0 is never, 1 is 'almost never', 2 is 'sometimes', 3 is 'fairly often', and 4 is 'very often', how often you experienced the following feelings during the last month: [Likert 0–4]
    - Upset by Unexpected Events: how often have you been upset because of something that happened unexpectedly?
    - Unable to Control Important Things: how often have you felt that you were unable to control the important things in your life?
    - Nervous and Stressed: how often have you felt nervous and stressed?
    - Lacked Confidence Handling Problems: how often have you felt confident about your ability to handle your personal problems?
    - Things Going Your Way: how often have you felt that things were going your way?
    - Unable to Cope: how often have you found that you could not cope with all the things that you had to do?
    - Irritated by Life: how often have you been able to control irritations in your life?
    - On Top of Things: how often have you felt that you were on top of things?
    - Angered by Uncontrollable Events: how often have you been angered because of things that happened that were outside of your control?
    - Felt Overwhelmed: how often have you felt difficulties were piling up so high that you could not overcome them?
17. Anxiety Symptoms Frequency: Next, you will be asked questions about your emotional state. Please answer on a scale of 0 to 3, where 0 is 'Not at all', 1 is 'several days', 2 is 'more than half of the days', and 3 is 'Nearly every day'. Over the last two weeks, how often have you been bothered by the following problems? [Likert 0–3]
    - Feeling Nervous or On Edge: Feeling nervous, anxious, or on edge
    - Uncontrollable Worrying: Not being able to stop or control worrying
    - Excessive Worry: Worrying too much about different things
    - Trouble Relaxing: Trouble relaxing
    - Restlessness: Being so restless that it is hard to sit still
    - Irritability: Becoming easily annoyed or irritable
    - Fear Something Awful Might Happen: Feeling afraid, as if something awful might happen
18. Depressive Symptoms Frequency: Next, you will be asked questions about your emotional state. Please answer on a scale of 0 to 3, where 0 is 'Not at all', 1 is 'several days', 2 is 'more than half of the days', and 3 is 'Nearly every day'. Over the last two weeks, how often have you been bothered by the following problems?
    - Anhedonia: Little interest or pleasure in doing things
    - Depressed Mood: Feeling down, depressed, or hopeless
    - Sleep Problems: Trouble falling or staying asleep, or sleeping too much
    - Fatigue: Feeling tired or having little energy
    - Appetite Changes: Poor appetite or overeating
    - Feelings of Worthlessness: Feeling bad about yourself or that you are a failure or have let yourself or your family down
    - Concentration Difficulties: Trouble concentrating on things, such as reading the newspaper or watching television
    - Psychomotor Changes: Moving or speaking so slowly that other people could have noticed. Or the opposite — being so fidgety or restless that you have been moving around a lot more than usual
    - Suicidal Thoughts: Thoughts that you would be better off dead, or of hurting yourself

Responses:
==================================================

Respondent 119:
- Year of birth: 2004.0
- Gender: 1.0
- Socio-economic status: 1.0
- Ethnic identity: 6.0
- Life satisfaction: 4.0
- Happiness: 8.0
- Laughter: 8.0
- Learning: 8.0
- Enjoyment: 8.0
- Worry: 1.0
- Depression: 1.0
- Anger: 2.0
- Stress: 2.0
- Loneliness: 2.0
- Emotional Regulation Frequency:
  - Upset by Unexpected Events: 2.0
  - Unable to Control Important Things: 2.0
  - Lacked Confidence Handling Problems: 2.0
  - Unable to Cope: 2.0
  - Irritated by Life: 2.0
  - On Top of Things: 2.0
- Anxiety Symptoms Frequency:
  - Feeling Nervous or On Edge: 1.0
  - Trouble Relaxing: 1.0
  - Restlessness: 1.0
  - Irritability: 1.0
  - Fear Something Awful Might Happen: 1.0
- Depressive Symptoms Frequency:
  - Anhedonia: 1.0
  - Sleep Problems: 1.0
  - Fatigue: 1.0
  - Appetite Changes: 0.0
  - Feelings of Worthlessness: 1.0
  - Concentration Difficulties: 0.0
  - Suicidal Thoughts: 0.0

Respondent 116:
- Year of birth: 2004.0
- Gender: 1.0
- Socio-economic status: 5.0
- Ethnic identity: 6.0
- Parental Education:
  - Father: 17.0
  - Mother: 17.0
- Life satisfaction: 8.0
- Happiness: 8.0
- Laughter: 7.0
- Learning: 7.0
- Enjoyment: 9.0
- Worry: 1.0
- Depression: 1.0
- Anger: 2.0
- Stress: 3.0
- Loneliness: 1.0
- Emotional Regulation Frequency:
  - Upset by Unexpected Events: 2.0
  - Unable to Control Important Things: 2.0
  - Lacked Confidence Handling Problems: 3.0
  - Unable to Cope: 2.0
  - Irritated by Life: 3.0
  - On Top of Things: 2.0
- Anxiety Symptoms Frequency:
  - Feeling Nervous or On Edge: 2.0
  - Trouble Relaxing: 1.0
  - Restlessness: 2.0
  - Irritability: 1.0
  - Fear Something Awful Might Happen: 2.0
- Depressive Symptoms Frequency:
  - Anhedonia: 1.0
  - Sleep Problems: 0.0
  - Fatigue: 2.0
  - Appetite Changes: 2.0
  - Feelings of Worthlessness: 1.0
  - Concentration Difficulties: 2.0
  - Suicidal Thoughts: 0.0

Answer: 2

Survey Data
==================================================

Questions:
1. Year of birth: What is your date of birth? [Open-ended]
2. Gender: What is your gender? [MCQ: 1. Male 2. Female]
3. Socio-economic status: What is the socio-economic status of your home? [Likert 1–6: 1 = Very low, 6 = Very high]
4. Ethnic identity: According to your culture, people, or physical features, you are or are recognized as: [MCQ: 1. Indigenous 2. Gypsy 3. Raizal from San Andres, Providencia and Santa Catalina Archipelago 4. Palenquero from San Basilio 5. Black, mulatto (Afro-descendant), Afro-Colombian 6. None of the above]
5. Parental Education: How many years of education did your parents receive? [Open-ended]
   - Father: Father?
   - Mother: Mother?
6. Life satisfaction: In general, how satisfied are you with all aspects of your life? [Likert 0–10: 0 = Not satisfied, 10 = Totally satisfied]
7. Happiness: How happy did you feel yesterday? [Likert 0–10: 0 = At no time, 10 = All the time]
8. Laughter: How much did you laugh yesterday? [Likert 0–10: 0 = At no time, 10 = All the time]
9. Learning: Did you learn new or exciting things yesterday? [Likert 0–10: 0 = At no time, 10 = All the time]
10. Enjoyment: How much did you enjoy the activities you did yesterday? [Likert 0–10: 0 = At no time, 10 = All the time]
11. Worry: How worried did you feel yesterday? [Likert 0–10: 0 = At no time, 10 = All the time]
12. Depression: How depressed did you feel yesterday? [Likert 0–10: 0 = At no time, 10 = All the time]
13. Anger: How angry did you feel yesterday? [Likert 0–10: 0 = At no time, 10 = All the time]
14. Stress: How much stress did you feel yesterday? [Likert 0–10: 0 = At no time, 10 = All the time]
15. Loneliness: How lonely or unsupported did you feel yesterday? [Likert 0–10: 0 = At no time, 10 = All the time]
16. Emotional Regulation Frequency: Next, you will be asked questions about your emotional state. Please answer on a scale of 0 to 4, where 0 is never, 1 is 'almost never', 2 is 'sometimes', 3 is 'fairly often', and 4 is 'very often', how often you experienced the following feelings during the last month: [Likert 0–4]
    - Upset by Unexpected Events: how often have you been upset because of something that happened unexpectedly?
    - Unable to Control Important Things: how often have you felt that you were unable to control the important things in your life?
    - Nervous and Stressed: how often have you felt nervous and stressed?
    - Lacked Confidence Handling Problems: how often have you felt confident about your ability to handle your personal problems?
    - Things Going Your Way: how often have you felt that things were going your way?
    - Unable to Cope: how often have you found that you could not cope with all the things that you had to do?
    - Irritated by Life: how often have you been able to control irritations in your life?
    - On Top of Things: how often have you felt that you were on top of things?
    - Angered by Uncontrollable Events: how often have you been angered because of things that happened that were outside of your control?
    - Felt Overwhelmed: how often have you felt difficulties were piling up so high that you could not overcome them?
17. Anxiety Symptoms Frequency: Next, you will be asked questions about your emotional state. Please answer on a scale of 0 to 3, where 0 is 'Not at all', 1 is 'several days', 2 is 'more than half of the days', and 3 is 'Nearly every day'. Over the last two weeks, how often have you been bothered by the following problems? [Likert 0–3]
    - Feeling Nervous or On Edge: Feeling nervous, anxious, or on edge
    - Uncontrollable Worrying: Not being able to stop or control worrying
    - Excessive Worry: Worrying too much about different things
    - Trouble Relaxing: Trouble relaxing
    - Restlessness: Being so restless that it is hard to sit still
    - Irritability: Becoming easily annoyed or irritable
    - Fear Something Awful Might Happen: Feeling afraid, as if something awful might happen
18. Depressive Symptoms Frequency: Next, you will be asked questions about your emotional state. Please answer on a scale of 0 to 3, where 0 is 'Not at all', 1 is 'several days', 2 is 'more than half of the days', and 3 is 'Nearly every day'. Over the last two weeks, how often have you been bothered by the following problems?
    - Anhedonia: Little interest or pleasure in doing things
    - Depressed Mood: Feeling down, depressed, or hopeless
    - Sleep Problems: Trouble falling or staying asleep, or sleeping too much
    - Fatigue: Feeling tired or having little energy
    - Appetite Changes: Poor appetite or overeating
    - Feelings of Worthlessness: Feeling bad about yourself or that you are a failure or have let yourself or your family down
    - Concentration Difficulties: Trouble concentrating on things, such as reading the newspaper or watching television
    - Psychomotor Changes: Moving or speaking so slowly that other people could have noticed. Or the opposite — being so fidgety or restless that you have been moving around a lot more than usual
    - Suicidal Thoughts: Thoughts that you would be better off dead, or of hurting yourself

Responses:
==================================================

Respondent 84:
- Year of birth: 2004.0
- Gender: 2.0
- Socio-economic status: 2.0
- Ethnic identity: 5.0
- Parental Education:
  - Father: 3.0
  - Mother: 5.0
- Life satisfaction: 5.0
- Happiness: 5.0
- Laughter: 3.0
- Learning: 1.0
- Enjoyment: 5.0
- Worry: 2.0
- Depression: 2.0
- Anger: 4.0
- Stress: 4.0
- Loneliness: 10.0
- Emotional Regulation Frequency:
  - Upset by Unexpected Events: 3.0
  - Unable to Control Important Things: 4.0
  - Lacked Confidence Handling Problems: 1.0
  - Unable to Cope: 3.0
  - Irritated by Life: 2.0
  - On Top of Things: 1.0
- Anxiety Symptoms Frequency:
  - Feeling Nervous or On Edge: 1.0
  - Trouble Relaxing: 1.0
  - Restlessness: 0.0
  - Irritability: 0.0
  - Fear Something Awful Might Happen: 1.0
- Depressive Symptoms Frequency:
  - Anhedonia: 2.0
  - Sleep Problems: 0.0
  - Fatigue: 2.0
  - Appetite Changes: 0.0
  - Feelings of Worthlessness: 3.0
  - Concentration Difficulties: 1.0
  - Suicidal Thoughts: 0.0

Respondent 85:
- Year of birth: 2004.0
- Gender: 2.0
- Socio-economic status: 3.0
- Ethnic identity: 6.0
- Parental Education:
  - Father: 18.0
- Life satisfaction: 5.0
- Happiness: 6.0
- Laughter: 6.0
- Learning: 8.0
- Enjoyment: 5.0
- Worry: 1.0
- Depression: 1.0
- Anger: 2.0
- Stress: 4.0
- Loneliness: 1.0
- Emotional Regulation Frequency:
  - Upset by Unexpected Events: 2.0
  - Unable to Control Important Things: 3.0
  - Lacked Confidence Handling Problems: 2.0
  - Unable to Cope: 3.0
  - Irritated by Life: 3.0
  - On Top of Things: 2.0
- Anxiety Symptoms Frequency:
  - Feeling Nervous or On Edge: 1.0
  - Trouble Relaxing: 1.0
  - Restlessness: 0.0
  - Irritability: 1.0
  - Fear Something Awful Might Happen: 1.0
- Depressive Symptoms Frequency:
  - Anhedonia: 2.0
  - Sleep Problems: 2.0
  - Fatigue: 3.0
  - Appetite Changes: 3.0
  - Feelings of Worthlessness: 1.0
  - Concentration Difficulties: 1.0
  - Suicidal Thoughts: 0.0

Respondent 21:
- Year of birth: 2005.0
- Gender: 1.0
- Socio-economic status: 2.0
- Ethnic identity: 6.0
- Parental Education:
  - Father: 11.0
- Life satisfaction: 7.0
- Happiness: 7.0
- Laughter: 4.0
- Learning: 9.0
- Enjoyment: 9.0
- Worry: 1.0
- Depression: 0.0
- Anger: 1.0
- Stress: 2.0
- Loneliness: 2.0
- Emotional Regulation Frequency:
  - Upset by Unexpected Events: 1.0
  - Unable to Control Important Things: 2.0
  - Lacked Confidence Handling Problems: 1.0
  - Unable to Cope: 3.0
  - Irritated by Life: 3.0
  - On Top of Things: 2.0
- Anxiety Symptoms Frequency:
  - Feeling Nervous or On Edge: 0.0
  - Trouble Relaxing: 1.0
  - Restlessness: 1.0
  - Irritability: 0.0
  - Fear Something Awful Might Happen: 1.0
- Depressive Symptoms Frequency:
  - Anhedonia: 0.0
  - Sleep Problems: 0.0
  - Fatigue: 1.0
  - Appetite Changes: 0.0
  - Feelings of Worthlessness: 0.0
  - Concentration Difficulties: 0.0
  - Suicidal Thoughts: 0.0

Respondent 8:
- Year of birth: 2002.0
- Gender: 1.0
- Socio-economic status: 5.0
- Ethnic identity: 6.0
- Life satisfaction: 7.0
- Happiness: 8.0
- Laughter: 8.0
- Learning: 7.0
- Enjoyment: 8.0
- Worry: 1.0
- Depression: 0.0
- Anger: 2.0
- Stress: 3.0
- Loneliness: 0.0
- Emotional Regulation Frequency:
  - Upset by Unexpected Events: 1.0
  - Unable to Control Important Things: 1.0
  - Lacked Confidence Handling Problems: 2.0
  - Unable to Cope: 2.0
  - Irritated by Life: 3.0
  - On Top of Things: 2.0
- Anxiety Symptoms Frequency:
  - Feeling Nervous or On Edge: 1.0
  - Trouble Relaxing: 1.0
  - Restlessness: 0.0
  - Irritability: 1.0
  - Fear Something Awful Might Happen: 0.0
- Depressive Symptoms Frequency:
  - Anhedonia: 0.0
  - Sleep Problems: 1.0
  - Fatigue: 0.0
  - Appetite Changes: 1.0
  - Feelings of Worthlessness: 0.0
  - Concentration Difficulties: 0.0
  - Suicidal Thoughts: 0.0

Respondent 80:
- Year of birth: 2003.0
- Gender: 2.0
- Socio-economic status: 2.0
- Ethnic identity: 6.0
- Parental Education:
  - Father: 17.0
  - Mother: 17.0
- Life satisfaction: 6.0
- Happiness: 8.0
- Laughter: 7.0
- Learning: 6.0
- Enjoyment: 8.0
- Worry: 0.0
- Depression: 0.0
- Anger: 1.0
- Stress: 2.0
- Loneliness: 1.0
- Emotional Regulation Frequency:
  - Upset by Unexpected Events: 2.0
  - Unable to Control Important Things: 2.0
  - Lacked Confidence Handling Problems: 4.0
  - Unable to Cope: 1.0
  - Irritated by Life: 3.0
  - On Top of Things: 4.0
- Anxiety Symptoms Frequency:
  - Feeling Nervous or On Edge: 0.0
  - Trouble Relaxing: 0.0
  - Restlessness: 0.0
  - Irritability: 0.0
  - Fear Something Awful Might Happen: 0.0
- Depressive Symptoms Frequency:
  - Anhedonia: 1.0
  - Sleep Problems: 1.0
  - Fatigue: 1.0
  - Appetite Changes: 1.0
  - Feelings of Worthlessness: 0.0
  - Concentration Difficulties: 0.0
  - Suicidal Thoughts: 0.0

Respondent 134:
- Year of birth: 2004.0
- Gender: 2.0
- Socio-economic status: 2.0
- Ethnic identity: 1.0
- Parental Education:
  - Father: 11.0
  - Mother: 16.0
- Life satisfaction: 7.0
- Happiness: 5.0
- Laughter: 9.0
- Learning: 9.0
- Enjoyment: 7.0
- Worry: 3.0
- Depression: 1.0
- Anger: 4.0
- Stress: 4.0
- Loneliness: 0.0
- Emotional Regulation Frequency:
  - Upset by Unexpected Events: 2.0
  - Unable to Control Important Things: 4.0
  - Lacked Confidence Handling Problems: 2.0
  - Unable to Cope: 4.0
  - Irritated by Life: 3.0
  - On Top of Things: 3.0
- Anxiety Symptoms Frequency:
  - Feeling Nervous or On Edge: 2.0
  - Trouble Relaxing: 1.0
  - Restlessness: 1.0
  - Irritability: 2.0
  - Fear Something Awful Might Happen: 1.0
- Depressive Symptoms Frequency:
  - Anhedonia: 2.0
  - Sleep Problems: 2.0
  - Fatigue: 3.0
  - Appetite Changes: 1.0
  - Feelings of Worthlessness: 1.0
  - Concentration Difficulties: 3.0
  - Suicidal Thoughts: 0.0

Respondent 115:
- Year of birth: 2003.0
- Gender: 1.0
- Socio-economic status: 5.0
- Ethnic identity: 6.0
- Parental Education:
  - Father: 19.0
  - Mother: 23.0
- Life satisfaction: 9.0
- Happiness: 0.0
- Laughter: 0.0
- Learning: 10.0
- Enjoyment: 5.0
- Worry: 3.0
- Depression: 1.0
- Anger: 2.0
- Stress: 4.0
- Loneliness: 9.0
- Emotional Regulation Frequency:
  - Upset by Unexpected Events: 2.0
  - Unable to Control Important Things: 1.0
  - Lacked Confidence Handling Problems: 3.0
  - Unable to Cope: 1.0
  - Irritated by Life: 4.0
  - On Top of Things: 4.0
- Anxiety Symptoms Frequency:
  - Feeling Nervous or On Edge: 3.0
  - Trouble Relaxing: 2.0
  - Restlessness: 2.0
  - Irritability: 1.0
  - Fear Something Awful Might Happen: 3.0
- Depressive Symptoms Frequency:
  - Anhedonia: 1.0
  - Sleep Problems: 0.0
  - Fatigue: 1.0
  - Appetite Changes: 0.0
  - Feelings of Worthlessness: 1.0
  - Concentration Difficulties: 2.0
  - Suicidal Thoughts: 0.0

Respondent 144:
- Year of birth: 2004.0
- Gender: 1.0
- Socio-economic status: 2.0
- Ethnic identity: 6.0
- Parental Education:
  - Father: 11.0
  - Mother: 7.0
- Life satisfaction: 8.0
- Happiness: 6.0
- Laughter: 4.0
- Learning: 5.0
- Enjoyment: 4.0
- Worry: 2.0
- Depression: 1.0
- Anger: 3.0
- Stress: 4.0
- Loneliness: 6.0
- Emotional Regulation Frequency:
  - Upset by Unexpected Events: 2.0
  - Unable to Control Important Things: 3.0
  - Lacked Confidence Handling Problems: 2.0
  - Unable to Cope: 2.0
  - Irritated by Life: 3.0
  - On Top of Things: 2.0
- Anxiety Symptoms Frequency:
  - Feeling Nervous or On Edge: 2.0
  - Trouble Relaxing: 2.0
  - Restlessness: 3.0
  - Irritability: 1.0
  - Fear Something Awful Might Happen: 1.0
- Depressive Symptoms Frequency:
  - Anhedonia: 1.0
  - Sleep Problems: 1.0
  - Fatigue: 3.0
  - Appetite Changes: 3.0
  - Feelings of Worthlessness: 1.0
  - Concentration Difficulties: 2.0
  - Suicidal Thoughts: 1.0

Respondent 12:
- Year of birth: 2004.0
- Gender: 2.0
- Socio-economic status: 5.0
- Ethnic identity: 6.0
- Parental Education:
  - Father: 24.0
  - Mother: 26.0
- Life satisfaction: 8.0
- Happiness: 10.0
- Laughter: 9.0
- Learning: 8.0
- Enjoyment: 8.0
- Worry: 1.0
- Depression: 0.0
- Anger: 2.0
- Stress: 2.0
- Loneliness: 0.0
- Emotional Regulation Frequency:
  - Upset by Unexpected Events: 1.0
  - Unable to Control Important Things: 2.0
  - Lacked Confidence Handling Problems: 4.0
  - Unable to Cope: 1.0
  - Irritated by Life: 4.0
  - On Top of Things: 3.0
- Anxiety Symptoms Frequency:
  - Feeling Nervous or On Edge: 0.0
  - Trouble Relaxing: 1.0
  - Restlessness: 1.0
  - Irritability: 1.0
  - Fear Something Awful Might Happen: 0.0
- Depressive Symptoms Frequency:
  - Anhedonia: 0.0
  - Sleep Problems: 2.0
  - Fatigue: 2.0
  - Appetite Changes: 1.0
  - Feelings of Worthlessness: 1.0
  - Concentration Difficulties: 1.0
  - Suicidal Thoughts: 0.0

Respondent 90:
- Year of birth: 2004.0
- Gender: 1.0
- Socio-economic status: 5.0
- Ethnic identity: 6.0
- Life satisfaction: 8.0
- Happiness: 5.0
- Laughter: 5.0
- Learning: 7.0
- Enjoyment: 6.0
- Worry: 1.0
- Depression: 1.0
- Anger: 2.0
- Stress: 2.0
- Loneliness: 8.0
- Emotional Regulation Frequency:
  - Upset by Unexpected Events: 2.0
  - Unable to Control Important Things: 2.0
  - Lacked Confidence Handling Problems: 2.0
  - Unable to Cope: 1.0
  - Irritated by Life: 3.0
  - On Top of Things: 3.0
- Anxiety Symptoms Frequency:
  - Feeling Nervous or On Edge: 1.0
  - Trouble Relaxing: 2.0
  - Restlessness: 2.0
  - Irritability: 1.0
  - Fear Something Awful Might Happen: 2.0
- Depressive Symptoms Frequency:
  - Anhedonia: 2.0
  - Sleep Problems: 3.0
  - Fatigue: 1.0
  - Appetite Changes: 2.0
  - Feelings of Worthlessness: 1.0
  - Concentration Difficulties: 1.0
  - Suicidal Thoughts: 1.0

You are a meticulous data analyst AI. Your primary function is to accurately analyze structured data and provide precise, verifiable answers.

You will be given a dataset with two key parts:

A 'questions' section: This is your data dictionary or schema. It is the single source of truth for understanding what each field and score means. Refer to it carefully.

A 'responses' section: This contains the raw data from each individual respondent.

To answer the question correctly, you must first use the 'questions' schema to fully understand the context and meaning of the data points within the 'responses'. Do not rely on any prior knowledge outside of this provided data. Base your entire analysis on the information given.

Provide your final answer directly and concisely. Output must be the human-readable value, not an option code.

Rules:
- For MCQ fields, map any letter codes in the Responses (case-insensitive) to the corresponding option text from the Questions schema, and output only that text. Do NOT include the letter or both.
  Example: If the schema is ""[MCQ: A. Abnormal B. Inconclusive C. Normal]"" and the response is ""a"", output ""Abnormal"".
- For open-ended fields, output the exact text value.
- If the question asks for a count, provide only the number (e.g., ""42"").
- If the question asks for a list of names or IDs, provide a simple comma-separated list (e.g., ""17, 21, 23"").
- Preserve capitalization exactly as in the schema (e.g., output ""Abnormal"", not ""abnormal"" or ""A"").

How many respondents are there?",12,False
case_16,respondent_count,How many respondents are there?,"Survey Data
==================================================

Questions:
1. Year of birth: What is your date of birth? [Open-ended]
2. Gender: What is your gender? [MCQ: 1. Male 2. Female]
3. Socio-economic status: What is the socio-economic status of your home? [Likert 1–6: 1 = Very low, 6 = Very high]
4. Ethnic identity: According to your culture, people, or physical features, you are or are recognized as: [MCQ: 1. Indigenous 2. Gypsy 3. Raizal from San Andres, Providencia and Santa Catalina Archipelago 4. Palenquero from San Basilio 5. Black, mulatto (Afro-descendant), Afro-Colombian 6. None of the above]
5. Parental Education: How many years of education did your parents receive? [Open-ended]
   - Father: Father?
   - Mother: Mother?
6. Life satisfaction: In general, how satisfied are you with all aspects of your life? [Likert 0–10: 0 = Not satisfied, 10 = Totally satisfied]
7. Happiness: How happy did you feel yesterday? [Likert 0–10: 0 = At no time, 10 = All the time]
8. Laughter: How much did you laugh yesterday? [Likert 0–10: 0 = At no time, 10 = All the time]
9. Learning: Did you learn new or exciting things yesterday? [Likert 0–10: 0 = At no time, 10 = All the time]
10. Enjoyment: How much did you enjoy the activities you did yesterday? [Likert 0–10: 0 = At no time, 10 = All the time]
11. Worry: How worried did you feel yesterday? [Likert 0–10: 0 = At no time, 10 = All the time]
12. Depression: How depressed did you feel yesterday? [Likert 0–10: 0 = At no time, 10 = All the time]
13. Anger: How angry did you feel yesterday? [Likert 0–10: 0 = At no time, 10 = All the time]
14. Stress: How much stress did you feel yesterday? [Likert 0–10: 0 = At no time, 10 = All the time]
15. Loneliness: How lonely or unsupported did you feel yesterday? [Likert 0–10: 0 = At no time, 10 = All the time]
16. Emotional Regulation Frequency: Next, you will be asked questions about your emotional state. Please answer on a scale of 0 to 4, where 0 is never, 1 is 'almost never', 2 is 'sometimes', 3 is 'fairly often', and 4 is 'very often', how often you experienced the following feelings during the last month: [Likert 0–4]
    - Upset by Unexpected Events: how often have you been upset because of something that happened unexpectedly?
    - Unable to Control Important Things: how often have you felt that you were unable to control the important things in your life?
    - Nervous and Stressed: how often have you felt nervous and stressed?
    - Lacked Confidence Handling Problems: how often have you felt confident about your ability to handle your personal problems?
    - Things Going Your Way: how often have you felt that things were going your way?
    - Unable to Cope: how often have you found that you could not cope with all the things that you had to do?
    - Irritated by Life: how often have you been able to control irritations in your life?
    - On Top of Things: how often have you felt that you were on top of things?
    - Angered by Uncontrollable Events: how often have you been angered because of things that happened that were outside of your control?
    - Felt Overwhelmed: how often have you felt difficulties were piling up so high that you could not overcome them?
17. Anxiety Symptoms Frequency: Next, you will be asked questions about your emotional state. Please answer on a scale of 0 to 3, where 0 is 'Not at all', 1 is 'several days', 2 is 'more than half of the days', and 3 is 'Nearly every day'. Over the last two weeks, how often have you been bothered by the following problems? [Likert 0–3]
    - Feeling Nervous or On Edge: Feeling nervous, anxious, or on edge
    - Uncontrollable Worrying: Not being able to stop or control worrying
    - Excessive Worry: Worrying too much about different things
    - Trouble Relaxing: Trouble relaxing
    - Restlessness: Being so restless that it is hard to sit still
    - Irritability: Becoming easily annoyed or irritable
    - Fear Something Awful Might Happen: Feeling afraid, as if something awful might happen
18. Depressive Symptoms Frequency: Next, you will be asked questions about your emotional state. Please answer on a scale of 0 to 3, where 0 is 'Not at all', 1 is 'several days', 2 is 'more than half of the days', and 3 is 'Nearly every day'. Over the last two weeks, how often have you been bothered by the following problems?
    - Anhedonia: Little interest or pleasure in doing things
    - Depressed Mood: Feeling down, depressed, or hopeless
    - Sleep Problems: Trouble falling or staying asleep, or sleeping too much
    - Fatigue: Feeling tired or having little energy
    - Appetite Changes: Poor appetite or overeating
    - Feelings of Worthlessness: Feeling bad about yourself or that you are a failure or have let yourself or your family down
    - Concentration Difficulties: Trouble concentrating on things, such as reading the newspaper or watching television
    - Psychomotor Changes: Moving or speaking so slowly that other people could have noticed. Or the opposite — being so fidgety or restless that you have been moving around a lot more than usual
    - Suicidal Thoughts: Thoughts that you would be better off dead, or of hurting yourself

Responses:
==================================================

Respondent 36:
- Year of birth: 2006.0
- Gender: 1.0
- Socio-economic status: 5.0
- Ethnic identity: 6.0
- Life satisfaction: 8.0
- Happiness: 9.0
- Laughter: 9.0
- Learning: 7.0
- Enjoyment: 9.0
- Worry: 0.0
- Depression: 0.0
- Anger: 1.0
- Stress: 2.0
- Loneliness: 0.0
- Emotional Regulation Frequency:
  - Upset by Unexpected Events: 1.0
  - Unable to Control Important Things: 1.0
  - Lacked Confidence Handling Problems: 2.0
  - Unable to Cope: 2.0
  - Irritated by Life: 3.0
  - On Top of Things: 3.0
- Anxiety Symptoms Frequency:
  - Feeling Nervous or On Edge: 0.0
  - Trouble Relaxing: 2.0
  - Restlessness: 0.0
  - Irritability: 1.0
  - Fear Something Awful Might Happen: 0.0
- Depressive Symptoms Frequency:
  - Anhedonia: 1.0
  - Sleep Problems: 1.0
  - Fatigue: 1.0
  - Appetite Changes: 0.0
  - Feelings of Worthlessness: 0.0
  - Concentration Difficulties: 0.0
  - Suicidal Thoughts: 0.0

Respondent 138:
- Year of birth: 2003.0
- Gender: 1.0
- Socio-economic status: 3.0
- Ethnic identity: 6.0
- Parental Education:
  - Father: 11.0
- Life satisfaction: 6.0
- Happiness: 8.0
- Laughter: 6.0
- Learning: 4.0
- Enjoyment: 5.0
- Worry: 3.0
- Depression: 1.0
- Anger: 3.0
- Stress: 4.0
- Loneliness: 0.0
- Emotional Regulation Frequency:
  - Upset by Unexpected Events: 2.0
  - Unable to Control Important Things: 3.0
  - Lacked Confidence Handling Problems: 2.0
  - Unable to Cope: 4.0
  - Irritated by Life: 2.0
  - On Top of Things: 0.0
- Anxiety Symptoms Frequency:
  - Feeling Nervous or On Edge: 3.0
  - Trouble Relaxing: 2.0
  - Restlessness: 2.0
  - Irritability: 2.0
  - Fear Something Awful Might Happen: 2.0
- Depressive Symptoms Frequency:
  - Anhedonia: 2.0
  - Sleep Problems: 1.0
  - Fatigue: 3.0
  - Appetite Changes: 2.0
  - Feelings of Worthlessness: 1.0
  - Concentration Difficulties: 3.0
  - Suicidal Thoughts: 0.0

Respondent 145:
- Year of birth: 2005.0
- Gender: 2.0
- Socio-economic status: 1.0
- Ethnic identity: 6.0
- Parental Education:
  - Father: 11.0
  - Mother: 11.0
- Life satisfaction: 6.0
- Happiness: 5.0
- Laughter: 5.0
- Learning: 8.0
- Enjoyment: 7.0
- Worry: 1.0
- Depression: 1.0
- Anger: 3.0
- Stress: 3.0
- Loneliness: 3.0
- Emotional Regulation Frequency:
  - Upset by Unexpected Events: 3.0
  - Unable to Control Important Things: 1.0
  - Lacked Confidence Handling Problems: 2.0
  - Unable to Cope: 3.0
  - Irritated by Life: 2.0
  - On Top of Things: 2.0
- Anxiety Symptoms Frequency:
  - Feeling Nervous or On Edge: 2.0
  - Trouble Relaxing: 1.0
  - Restlessness: 2.0
  - Irritability: 3.0
  - Fear Something Awful Might Happen: 2.0
- Depressive Symptoms Frequency:
  - Anhedonia: 1.0
  - Sleep Problems: 1.0
  - Fatigue: 2.0
  - Appetite Changes: 3.0
  - Feelings of Worthlessness: 3.0
  - Concentration Difficulties: 2.0
  - Suicidal Thoughts: 1.0

Respondent 63:
- Year of birth: 2005.0
- Gender: 1.0
- Socio-economic status: 3.0
- Ethnic identity: 6.0
- Parental Education:
  - Father: 18.0
  - Mother: 18.0
- Life satisfaction: 6.0
- Happiness: 7.0
- Laughter: 7.0
- Learning: 3.0
- Enjoyment: 6.0
- Worry: 1.0
- Depression: 1.0
- Anger: 2.0
- Stress: 2.0
- Loneliness: 3.0
- Emotional Regulation Frequency:
  - Upset by Unexpected Events: 3.0
  - Unable to Control Important Things: 3.0
  - Lacked Confidence Handling Problems: 1.0
  - Unable to Cope: 2.0
  - Irritated by Life: 1.0
  - On Top of Things: 1.0
- Anxiety Symptoms Frequency:
  - Feeling Nervous or On Edge: 0.0
  - Trouble Relaxing: 1.0
  - Restlessness: 0.0
  - Irritability: 2.0
  - Fear Something Awful Might Happen: 0.0
- Depressive Symptoms Frequency:
  - Anhedonia: 3.0
  - Sleep Problems: 2.0
  - Fatigue: 1.0
  - Appetite Changes: 2.0
  - Feelings of Worthlessness: 1.0
  - Concentration Difficulties: 0.0
  - Suicidal Thoughts: 1.0

Respondent 87:
- Year of birth: 2005.0
- Gender: 2.0
- Socio-economic status: 4.0
- Ethnic identity: 6.0
- Parental Education:
  - Father: 17.0
- Life satisfaction: 7.0
- Happiness: 5.0
- Laughter: 3.0
- Learning: 5.0
- Enjoyment: 6.0
- Worry: 3.0
- Depression: 3.0
- Anger: 2.0
- Stress: 4.0
- Loneliness: 7.0
- Emotional Regulation Frequency:
  - Upset by Unexpected Events: 2.0
  - Unable to Control Important Things: 3.0
  - Lacked Confidence Handling Problems: 2.0
  - Unable to Cope: 3.0
  - Irritated by Life: 2.0
  - On Top of Things: 1.0
- Anxiety Symptoms Frequency:
  - Feeling Nervous or On Edge: 3.0
  - Trouble Relaxing: 3.0
  - Restlessness: 3.0
  - Irritability: 1.0
  - Fear Something Awful Might Happen: 0.0
- Depressive Symptoms Frequency:
  - Anhedonia: 2.0
  - Sleep Problems: 2.0
  - Fatigue: 2.0
  - Appetite Changes: 0.0
  - Feelings of Worthlessness: 3.0
  - Concentration Difficulties: 3.0
  - Suicidal Thoughts: 2.0

Respondent 96:
- Year of birth: 2003.0
- Gender: 2.0
- Socio-economic status: 3.0
- Ethnic identity: 6.0
- Life satisfaction: 6.0
- Happiness: 8.0
- Laughter: 5.0
- Learning: 8.0
- Enjoyment: 7.0
- Worry: 0.0
- Depression: 0.0
- Anger: 1.0
- Stress: 3.0
- Loneliness: 1.0
- Emotional Regulation Frequency:
  - Upset by Unexpected Events: 1.0
  - Unable to Control Important Things: 2.0
  - Lacked Confidence Handling Problems: 3.0
  - Unable to Cope: 2.0
  - Irritated by Life: 3.0
  - On Top of Things: 3.0
- Anxiety Symptoms Frequency:
  - Feeling Nervous or On Edge: 2.0
  - Trouble Relaxing: 1.0
  - Restlessness: 0.0
  - Irritability: 0.0
  - Fear Something Awful Might Happen: 0.0
- Depressive Symptoms Frequency:
  - Anhedonia: 0.0
  - Sleep Problems: 0.0
  - Fatigue: 1.0
  - Appetite Changes: 0.0
  - Feelings of Worthlessness: 0.0
  - Concentration Difficulties: 0.0
  - Suicidal Thoughts: 0.0

Respondent 51:
- Year of birth: 2002.0
- Gender: 1.0
- Socio-economic status: 3.0
- Ethnic identity: 6.0
- Parental Education:
  - Father: 22.0
  - Mother: 16.0
- Life satisfaction: 7.0
- Happiness: 8.0
- Laughter: 9.0
- Learning: 6.0
- Enjoyment: 9.0
- Worry: 0.0
- Depression: 0.0
- Anger: 3.0
- Stress: 2.0
- Loneliness: 1.0
- Emotional Regulation Frequency:
  - Upset by Unexpected Events: 2.0
  - Unable to Control Important Things: 3.0
  - Lacked Confidence Handling Problems: 3.0
  - Unable to Cope: 2.0
  - Irritated by Life: 3.0
  - On Top of Things: 3.0
- Anxiety Symptoms Frequency:
  - Feeling Nervous or On Edge: 1.0
  - Trouble Relaxing: 0.0
  - Restlessness: 0.0
  - Irritability: 0.0
  - Fear Something Awful Might Happen: 0.0
- Depressive Symptoms Frequency:
  - Anhedonia: 0.0
  - Sleep Problems: 1.0
  - Fatigue: 1.0
  - Appetite Changes: 0.0
  - Feelings of Worthlessness: 0.0
  - Concentration Difficulties: 0.0
  - Suicidal Thoughts: 0.0
",7,"How many respondents are there?

DATA:

Survey Data
==================================================

Questions:
1. Year of birth: What is your date of birth? [Open-ended]
2. Gender: What is your gender? [MCQ: 1. Male 2. Female]
3. Socio-economic status: What is the socio-economic status of your home? [Likert 1–6: 1 = Very low, 6 = Very high]
4. Ethnic identity: According to your culture, people, or physical features, you are or are recognized as: [MCQ: 1. Indigenous 2. Gypsy 3. Raizal from San Andres, Providencia and Santa Catalina Archipelago 4. Palenquero from San Basilio 5. Black, mulatto (Afro-descendant), Afro-Colombian 6. None of the above]
5. Parental Education: How many years of education did your parents receive? [Open-ended]
   - Father: Father?
   - Mother: Mother?
6. Life satisfaction: In general, how satisfied are you with all aspects of your life? [Likert 0–10: 0 = Not satisfied, 10 = Totally satisfied]
7. Happiness: How happy did you feel yesterday? [Likert 0–10: 0 = At no time, 10 = All the time]
8. Laughter: How much did you laugh yesterday? [Likert 0–10: 0 = At no time, 10 = All the time]
9. Learning: Did you learn new or exciting things yesterday? [Likert 0–10: 0 = At no time, 10 = All the time]
10. Enjoyment: How much did you enjoy the activities you did yesterday? [Likert 0–10: 0 = At no time, 10 = All the time]
11. Worry: How worried did you feel yesterday? [Likert 0–10: 0 = At no time, 10 = All the time]
12. Depression: How depressed did you feel yesterday? [Likert 0–10: 0 = At no time, 10 = All the time]
13. Anger: How angry did you feel yesterday? [Likert 0–10: 0 = At no time, 10 = All the time]
14. Stress: How much stress did you feel yesterday? [Likert 0–10: 0 = At no time, 10 = All the time]
15. Loneliness: How lonely or unsupported did you feel yesterday? [Likert 0–10: 0 = At no time, 10 = All the time]
16. Emotional Regulation Frequency: Next, you will be asked questions about your emotional state. Please answer on a scale of 0 to 4, where 0 is never, 1 is 'almost never', 2 is 'sometimes', 3 is 'fairly often', and 4 is 'very often', how often you experienced the following feelings during the last month: [Likert 0–4]
    - Upset by Unexpected Events: how often have you been upset because of something that happened unexpectedly?
    - Unable to Control Important Things: how often have you felt that you were unable to control the important things in your life?
    - Nervous and Stressed: how often have you felt nervous and stressed?
    - Lacked Confidence Handling Problems: how often have you felt confident about your ability to handle your personal problems?
    - Things Going Your Way: how often have you felt that things were going your way?
    - Unable to Cope: how often have you found that you could not cope with all the things that you had to do?
    - Irritated by Life: how often have you been able to control irritations in your life?
    - On Top of Things: how often have you felt that you were on top of things?
    - Angered by Uncontrollable Events: how often have you been angered because of things that happened that were outside of your control?
    - Felt Overwhelmed: how often have you felt difficulties were piling up so high that you could not overcome them?
17. Anxiety Symptoms Frequency: Next, you will be asked questions about your emotional state. Please answer on a scale of 0 to 3, where 0 is 'Not at all', 1 is 'several days', 2 is 'more than half of the days', and 3 is 'Nearly every day'. Over the last two weeks, how often have you been bothered by the following problems? [Likert 0–3]
    - Feeling Nervous or On Edge: Feeling nervous, anxious, or on edge
    - Uncontrollable Worrying: Not being able to stop or control worrying
    - Excessive Worry: Worrying too much about different things
    - Trouble Relaxing: Trouble relaxing
    - Restlessness: Being so restless that it is hard to sit still
    - Irritability: Becoming easily annoyed or irritable
    - Fear Something Awful Might Happen: Feeling afraid, as if something awful might happen
18. Depressive Symptoms Frequency: Next, you will be asked questions about your emotional state. Please answer on a scale of 0 to 3, where 0 is 'Not at all', 1 is 'several days', 2 is 'more than half of the days', and 3 is 'Nearly every day'. Over the last two weeks, how often have you been bothered by the following problems?
    - Anhedonia: Little interest or pleasure in doing things
    - Depressed Mood: Feeling down, depressed, or hopeless
    - Sleep Problems: Trouble falling or staying asleep, or sleeping too much
    - Fatigue: Feeling tired or having little energy
    - Appetite Changes: Poor appetite or overeating
    - Feelings of Worthlessness: Feeling bad about yourself or that you are a failure or have let yourself or your family down
    - Concentration Difficulties: Trouble concentrating on things, such as reading the newspaper or watching television
    - Psychomotor Changes: Moving or speaking so slowly that other people could have noticed. Or the opposite — being so fidgety or restless that you have been moving around a lot more than usual
    - Suicidal Thoughts: Thoughts that you would be better off dead, or of hurting yourself

Responses:
==================================================

Respondent 119:
- Year of birth: 2004.0
- Gender: 1.0
- Socio-economic status: 1.0
- Ethnic identity: 6.0
- Life satisfaction: 4.0
- Happiness: 8.0
- Laughter: 8.0
- Learning: 8.0
- Enjoyment: 8.0
- Worry: 1.0
- Depression: 1.0
- Anger: 2.0
- Stress: 2.0
- Loneliness: 2.0
- Emotional Regulation Frequency:
  - Upset by Unexpected Events: 2.0
  - Unable to Control Important Things: 2.0
  - Lacked Confidence Handling Problems: 2.0
  - Unable to Cope: 2.0
  - Irritated by Life: 2.0
  - On Top of Things: 2.0
- Anxiety Symptoms Frequency:
  - Feeling Nervous or On Edge: 1.0
  - Trouble Relaxing: 1.0
  - Restlessness: 1.0
  - Irritability: 1.0
  - Fear Something Awful Might Happen: 1.0
- Depressive Symptoms Frequency:
  - Anhedonia: 1.0
  - Sleep Problems: 1.0
  - Fatigue: 1.0
  - Appetite Changes: 0.0
  - Feelings of Worthlessness: 1.0
  - Concentration Difficulties: 0.0
  - Suicidal Thoughts: 0.0

Respondent 116:
- Year of birth: 2004.0
- Gender: 1.0
- Socio-economic status: 5.0
- Ethnic identity: 6.0
- Parental Education:
  - Father: 17.0
  - Mother: 17.0
- Life satisfaction: 8.0
- Happiness: 8.0
- Laughter: 7.0
- Learning: 7.0
- Enjoyment: 9.0
- Worry: 1.0
- Depression: 1.0
- Anger: 2.0
- Stress: 3.0
- Loneliness: 1.0
- Emotional Regulation Frequency:
  - Upset by Unexpected Events: 2.0
  - Unable to Control Important Things: 2.0
  - Lacked Confidence Handling Problems: 3.0
  - Unable to Cope: 2.0
  - Irritated by Life: 3.0
  - On Top of Things: 2.0
- Anxiety Symptoms Frequency:
  - Feeling Nervous or On Edge: 2.0
  - Trouble Relaxing: 1.0
  - Restlessness: 2.0
  - Irritability: 1.0
  - Fear Something Awful Might Happen: 2.0
- Depressive Symptoms Frequency:
  - Anhedonia: 1.0
  - Sleep Problems: 0.0
  - Fatigue: 2.0
  - Appetite Changes: 2.0
  - Feelings of Worthlessness: 1.0
  - Concentration Difficulties: 2.0
  - Suicidal Thoughts: 0.0

Answer: 2

Survey Data
==================================================

Questions:
1. Year of birth: What is your date of birth? [Open-ended]
2. Gender: What is your gender? [MCQ: 1. Male 2. Female]
3. Socio-economic status: What is the socio-economic status of your home? [Likert 1–6: 1 = Very low, 6 = Very high]
4. Ethnic identity: According to your culture, people, or physical features, you are or are recognized as: [MCQ: 1. Indigenous 2. Gypsy 3. Raizal from San Andres, Providencia and Santa Catalina Archipelago 4. Palenquero from San Basilio 5. Black, mulatto (Afro-descendant), Afro-Colombian 6. None of the above]
5. Parental Education: How many years of education did your parents receive? [Open-ended]
   - Father: Father?
   - Mother: Mother?
6. Life satisfaction: In general, how satisfied are you with all aspects of your life? [Likert 0–10: 0 = Not satisfied, 10 = Totally satisfied]
7. Happiness: How happy did you feel yesterday? [Likert 0–10: 0 = At no time, 10 = All the time]
8. Laughter: How much did you laugh yesterday? [Likert 0–10: 0 = At no time, 10 = All the time]
9. Learning: Did you learn new or exciting things yesterday? [Likert 0–10: 0 = At no time, 10 = All the time]
10. Enjoyment: How much did you enjoy the activities you did yesterday? [Likert 0–10: 0 = At no time, 10 = All the time]
11. Worry: How worried did you feel yesterday? [Likert 0–10: 0 = At no time, 10 = All the time]
12. Depression: How depressed did you feel yesterday? [Likert 0–10: 0 = At no time, 10 = All the time]
13. Anger: How angry did you feel yesterday? [Likert 0–10: 0 = At no time, 10 = All the time]
14. Stress: How much stress did you feel yesterday? [Likert 0–10: 0 = At no time, 10 = All the time]
15. Loneliness: How lonely or unsupported did you feel yesterday? [Likert 0–10: 0 = At no time, 10 = All the time]
16. Emotional Regulation Frequency: Next, you will be asked questions about your emotional state. Please answer on a scale of 0 to 4, where 0 is never, 1 is 'almost never', 2 is 'sometimes', 3 is 'fairly often', and 4 is 'very often', how often you experienced the following feelings during the last month: [Likert 0–4]
    - Upset by Unexpected Events: how often have you been upset because of something that happened unexpectedly?
    - Unable to Control Important Things: how often have you felt that you were unable to control the important things in your life?
    - Nervous and Stressed: how often have you felt nervous and stressed?
    - Lacked Confidence Handling Problems: how often have you felt confident about your ability to handle your personal problems?
    - Things Going Your Way: how often have you felt that things were going your way?
    - Unable to Cope: how often have you found that you could not cope with all the things that you had to do?
    - Irritated by Life: how often have you been able to control irritations in your life?
    - On Top of Things: how often have you felt that you were on top of things?
    - Angered by Uncontrollable Events: how often have you been angered because of things that happened that were outside of your control?
    - Felt Overwhelmed: how often have you felt difficulties were piling up so high that you could not overcome them?
17. Anxiety Symptoms Frequency: Next, you will be asked questions about your emotional state. Please answer on a scale of 0 to 3, where 0 is 'Not at all', 1 is 'several days', 2 is 'more than half of the days', and 3 is 'Nearly every day'. Over the last two weeks, how often have you been bothered by the following problems? [Likert 0–3]
    - Feeling Nervous or On Edge: Feeling nervous, anxious, or on edge
    - Uncontrollable Worrying: Not being able to stop or control worrying
    - Excessive Worry: Worrying too much about different things
    - Trouble Relaxing: Trouble relaxing
    - Restlessness: Being so restless that it is hard to sit still
    - Irritability: Becoming easily annoyed or irritable
    - Fear Something Awful Might Happen: Feeling afraid, as if something awful might happen
18. Depressive Symptoms Frequency: Next, you will be asked questions about your emotional state. Please answer on a scale of 0 to 3, where 0 is 'Not at all', 1 is 'several days', 2 is 'more than half of the days', and 3 is 'Nearly every day'. Over the last two weeks, how often have you been bothered by the following problems?
    - Anhedonia: Little interest or pleasure in doing things
    - Depressed Mood: Feeling down, depressed, or hopeless
    - Sleep Problems: Trouble falling or staying asleep, or sleeping too much
    - Fatigue: Feeling tired or having little energy
    - Appetite Changes: Poor appetite or overeating
    - Feelings of Worthlessness: Feeling bad about yourself or that you are a failure or have let yourself or your family down
    - Concentration Difficulties: Trouble concentrating on things, such as reading the newspaper or watching television
    - Psychomotor Changes: Moving or speaking so slowly that other people could have noticed. Or the opposite — being so fidgety or restless that you have been moving around a lot more than usual
    - Suicidal Thoughts: Thoughts that you would be better off dead, or of hurting yourself

Responses:
==================================================

Respondent 36:
- Year of birth: 2006.0
- Gender: 1.0
- Socio-economic status: 5.0
- Ethnic identity: 6.0
- Life satisfaction: 8.0
- Happiness: 9.0
- Laughter: 9.0
- Learning: 7.0
- Enjoyment: 9.0
- Worry: 0.0
- Depression: 0.0
- Anger: 1.0
- Stress: 2.0
- Loneliness: 0.0
- Emotional Regulation Frequency:
  - Upset by Unexpected Events: 1.0
  - Unable to Control Important Things: 1.0
  - Lacked Confidence Handling Problems: 2.0
  - Unable to Cope: 2.0
  - Irritated by Life: 3.0
  - On Top of Things: 3.0
- Anxiety Symptoms Frequency:
  - Feeling Nervous or On Edge: 0.0
  - Trouble Relaxing: 2.0
  - Restlessness: 0.0
  - Irritability: 1.0
  - Fear Something Awful Might Happen: 0.0
- Depressive Symptoms Frequency:
  - Anhedonia: 1.0
  - Sleep Problems: 1.0
  - Fatigue: 1.0
  - Appetite Changes: 0.0
  - Feelings of Worthlessness: 0.0
  - Concentration Difficulties: 0.0
  - Suicidal Thoughts: 0.0

Respondent 138:
- Year of birth: 2003.0
- Gender: 1.0
- Socio-economic status: 3.0
- Ethnic identity: 6.0
- Parental Education:
  - Father: 11.0
- Life satisfaction: 6.0
- Happiness: 8.0
- Laughter: 6.0
- Learning: 4.0
- Enjoyment: 5.0
- Worry: 3.0
- Depression: 1.0
- Anger: 3.0
- Stress: 4.0
- Loneliness: 0.0
- Emotional Regulation Frequency:
  - Upset by Unexpected Events: 2.0
  - Unable to Control Important Things: 3.0
  - Lacked Confidence Handling Problems: 2.0
  - Unable to Cope: 4.0
  - Irritated by Life: 2.0
  - On Top of Things: 0.0
- Anxiety Symptoms Frequency:
  - Feeling Nervous or On Edge: 3.0
  - Trouble Relaxing: 2.0
  - Restlessness: 2.0
  - Irritability: 2.0
  - Fear Something Awful Might Happen: 2.0
- Depressive Symptoms Frequency:
  - Anhedonia: 2.0
  - Sleep Problems: 1.0
  - Fatigue: 3.0
  - Appetite Changes: 2.0
  - Feelings of Worthlessness: 1.0
  - Concentration Difficulties: 3.0
  - Suicidal Thoughts: 0.0

Respondent 145:
- Year of birth: 2005.0
- Gender: 2.0
- Socio-economic status: 1.0
- Ethnic identity: 6.0
- Parental Education:
  - Father: 11.0
  - Mother: 11.0
- Life satisfaction: 6.0
- Happiness: 5.0
- Laughter: 5.0
- Learning: 8.0
- Enjoyment: 7.0
- Worry: 1.0
- Depression: 1.0
- Anger: 3.0
- Stress: 3.0
- Loneliness: 3.0
- Emotional Regulation Frequency:
  - Upset by Unexpected Events: 3.0
  - Unable to Control Important Things: 1.0
  - Lacked Confidence Handling Problems: 2.0
  - Unable to Cope: 3.0
  - Irritated by Life: 2.0
  - On Top of Things: 2.0
- Anxiety Symptoms Frequency:
  - Feeling Nervous or On Edge: 2.0
  - Trouble Relaxing: 1.0
  - Restlessness: 2.0
  - Irritability: 3.0
  - Fear Something Awful Might Happen: 2.0
- Depressive Symptoms Frequency:
  - Anhedonia: 1.0
  - Sleep Problems: 1.0
  - Fatigue: 2.0
  - Appetite Changes: 3.0
  - Feelings of Worthlessness: 3.0
  - Concentration Difficulties: 2.0
  - Suicidal Thoughts: 1.0

Respondent 63:
- Year of birth: 2005.0
- Gender: 1.0
- Socio-economic status: 3.0
- Ethnic identity: 6.0
- Parental Education:
  - Father: 18.0
  - Mother: 18.0
- Life satisfaction: 6.0
- Happiness: 7.0
- Laughter: 7.0
- Learning: 3.0
- Enjoyment: 6.0
- Worry: 1.0
- Depression: 1.0
- Anger: 2.0
- Stress: 2.0
- Loneliness: 3.0
- Emotional Regulation Frequency:
  - Upset by Unexpected Events: 3.0
  - Unable to Control Important Things: 3.0
  - Lacked Confidence Handling Problems: 1.0
  - Unable to Cope: 2.0
  - Irritated by Life: 1.0
  - On Top of Things: 1.0
- Anxiety Symptoms Frequency:
  - Feeling Nervous or On Edge: 0.0
  - Trouble Relaxing: 1.0
  - Restlessness: 0.0
  - Irritability: 2.0
  - Fear Something Awful Might Happen: 0.0
- Depressive Symptoms Frequency:
  - Anhedonia: 3.0
  - Sleep Problems: 2.0
  - Fatigue: 1.0
  - Appetite Changes: 2.0
  - Feelings of Worthlessness: 1.0
  - Concentration Difficulties: 0.0
  - Suicidal Thoughts: 1.0

Respondent 87:
- Year of birth: 2005.0
- Gender: 2.0
- Socio-economic status: 4.0
- Ethnic identity: 6.0
- Parental Education:
  - Father: 17.0
- Life satisfaction: 7.0
- Happiness: 5.0
- Laughter: 3.0
- Learning: 5.0
- Enjoyment: 6.0
- Worry: 3.0
- Depression: 3.0
- Anger: 2.0
- Stress: 4.0
- Loneliness: 7.0
- Emotional Regulation Frequency:
  - Upset by Unexpected Events: 2.0
  - Unable to Control Important Things: 3.0
  - Lacked Confidence Handling Problems: 2.0
  - Unable to Cope: 3.0
  - Irritated by Life: 2.0
  - On Top of Things: 1.0
- Anxiety Symptoms Frequency:
  - Feeling Nervous or On Edge: 3.0
  - Trouble Relaxing: 3.0
  - Restlessness: 3.0
  - Irritability: 1.0
  - Fear Something Awful Might Happen: 0.0
- Depressive Symptoms Frequency:
  - Anhedonia: 2.0
  - Sleep Problems: 2.0
  - Fatigue: 2.0
  - Appetite Changes: 0.0
  - Feelings of Worthlessness: 3.0
  - Concentration Difficulties: 3.0
  - Suicidal Thoughts: 2.0

Respondent 96:
- Year of birth: 2003.0
- Gender: 2.0
- Socio-economic status: 3.0
- Ethnic identity: 6.0
- Life satisfaction: 6.0
- Happiness: 8.0
- Laughter: 5.0
- Learning: 8.0
- Enjoyment: 7.0
- Worry: 0.0
- Depression: 0.0
- Anger: 1.0
- Stress: 3.0
- Loneliness: 1.0
- Emotional Regulation Frequency:
  - Upset by Unexpected Events: 1.0
  - Unable to Control Important Things: 2.0
  - Lacked Confidence Handling Problems: 3.0
  - Unable to Cope: 2.0
  - Irritated by Life: 3.0
  - On Top of Things: 3.0
- Anxiety Symptoms Frequency:
  - Feeling Nervous or On Edge: 2.0
  - Trouble Relaxing: 1.0
  - Restlessness: 0.0
  - Irritability: 0.0
  - Fear Something Awful Might Happen: 0.0
- Depressive Symptoms Frequency:
  - Anhedonia: 0.0
  - Sleep Problems: 0.0
  - Fatigue: 1.0
  - Appetite Changes: 0.0
  - Feelings of Worthlessness: 0.0
  - Concentration Difficulties: 0.0
  - Suicidal Thoughts: 0.0

Respondent 51:
- Year of birth: 2002.0
- Gender: 1.0
- Socio-economic status: 3.0
- Ethnic identity: 6.0
- Parental Education:
  - Father: 22.0
  - Mother: 16.0
- Life satisfaction: 7.0
- Happiness: 8.0
- Laughter: 9.0
- Learning: 6.0
- Enjoyment: 9.0
- Worry: 0.0
- Depression: 0.0
- Anger: 3.0
- Stress: 2.0
- Loneliness: 1.0
- Emotional Regulation Frequency:
  - Upset by Unexpected Events: 2.0
  - Unable to Control Important Things: 3.0
  - Lacked Confidence Handling Problems: 3.0
  - Unable to Cope: 2.0
  - Irritated by Life: 3.0
  - On Top of Things: 3.0
- Anxiety Symptoms Frequency:
  - Feeling Nervous or On Edge: 1.0
  - Trouble Relaxing: 0.0
  - Restlessness: 0.0
  - Irritability: 0.0
  - Fear Something Awful Might Happen: 0.0
- Depressive Symptoms Frequency:
  - Anhedonia: 0.0
  - Sleep Problems: 1.0
  - Fatigue: 1.0
  - Appetite Changes: 0.0
  - Feelings of Worthlessness: 0.0
  - Concentration Difficulties: 0.0
  - Suicidal Thoughts: 0.0

You are a meticulous data analyst AI. Your primary function is to accurately analyze structured data and provide precise, verifiable answers.

You will be given a dataset with two key parts:

A 'questions' section: This is your data dictionary or schema. It is the single source of truth for understanding what each field and score means. Refer to it carefully.

A 'responses' section: This contains the raw data from each individual respondent.

To answer the question correctly, you must first use the 'questions' schema to fully understand the context and meaning of the data points within the 'responses'. Do not rely on any prior knowledge outside of this provided data. Base your entire analysis on the information given.

Provide your final answer directly and concisely. Output must be the human-readable value, not an option code.

Rules:
- For MCQ fields, map any letter codes in the Responses (case-insensitive) to the corresponding option text from the Questions schema, and output only that text. Do NOT include the letter or both.
  Example: If the schema is ""[MCQ: A. Abnormal B. Inconclusive C. Normal]"" and the response is ""a"", output ""Abnormal"".
- For open-ended fields, output the exact text value.
- If the question asks for a count, provide only the number (e.g., ""42"").
- If the question asks for a list of names or IDs, provide a simple comma-separated list (e.g., ""17, 21, 23"").
- Preserve capitalization exactly as in the schema (e.g., output ""Abnormal"", not ""abnormal"" or ""A"").

How many respondents are there?",9,False
case_17,respondent_count,How many respondents are there?,"Survey Data
==================================================

Questions:
1. Year of birth: What is your date of birth? [Open-ended]
2. Gender: What is your gender? [MCQ: 1. Male 2. Female]
3. Socio-economic status: What is the socio-economic status of your home? [Likert 1–6: 1 = Very low, 6 = Very high]
4. Ethnic identity: According to your culture, people, or physical features, you are or are recognized as: [MCQ: 1. Indigenous 2. Gypsy 3. Raizal from San Andres, Providencia and Santa Catalina Archipelago 4. Palenquero from San Basilio 5. Black, mulatto (Afro-descendant), Afro-Colombian 6. None of the above]
5. Parental Education: How many years of education did your parents receive? [Open-ended]
   - Father: Father?
   - Mother: Mother?
6. Life satisfaction: In general, how satisfied are you with all aspects of your life? [Likert 0–10: 0 = Not satisfied, 10 = Totally satisfied]
7. Happiness: How happy did you feel yesterday? [Likert 0–10: 0 = At no time, 10 = All the time]
8. Laughter: How much did you laugh yesterday? [Likert 0–10: 0 = At no time, 10 = All the time]
9. Learning: Did you learn new or exciting things yesterday? [Likert 0–10: 0 = At no time, 10 = All the time]
10. Enjoyment: How much did you enjoy the activities you did yesterday? [Likert 0–10: 0 = At no time, 10 = All the time]
11. Worry: How worried did you feel yesterday? [Likert 0–10: 0 = At no time, 10 = All the time]
12. Depression: How depressed did you feel yesterday? [Likert 0–10: 0 = At no time, 10 = All the time]
13. Anger: How angry did you feel yesterday? [Likert 0–10: 0 = At no time, 10 = All the time]
14. Stress: How much stress did you feel yesterday? [Likert 0–10: 0 = At no time, 10 = All the time]
15. Loneliness: How lonely or unsupported did you feel yesterday? [Likert 0–10: 0 = At no time, 10 = All the time]
16. Emotional Regulation Frequency: Next, you will be asked questions about your emotional state. Please answer on a scale of 0 to 4, where 0 is never, 1 is 'almost never', 2 is 'sometimes', 3 is 'fairly often', and 4 is 'very often', how often you experienced the following feelings during the last month: [Likert 0–4]
    - Upset by Unexpected Events: how often have you been upset because of something that happened unexpectedly?
    - Unable to Control Important Things: how often have you felt that you were unable to control the important things in your life?
    - Nervous and Stressed: how often have you felt nervous and stressed?
    - Lacked Confidence Handling Problems: how often have you felt confident about your ability to handle your personal problems?
    - Things Going Your Way: how often have you felt that things were going your way?
    - Unable to Cope: how often have you found that you could not cope with all the things that you had to do?
    - Irritated by Life: how often have you been able to control irritations in your life?
    - On Top of Things: how often have you felt that you were on top of things?
    - Angered by Uncontrollable Events: how often have you been angered because of things that happened that were outside of your control?
    - Felt Overwhelmed: how often have you felt difficulties were piling up so high that you could not overcome them?
17. Anxiety Symptoms Frequency: Next, you will be asked questions about your emotional state. Please answer on a scale of 0 to 3, where 0 is 'Not at all', 1 is 'several days', 2 is 'more than half of the days', and 3 is 'Nearly every day'. Over the last two weeks, how often have you been bothered by the following problems? [Likert 0–3]
    - Feeling Nervous or On Edge: Feeling nervous, anxious, or on edge
    - Uncontrollable Worrying: Not being able to stop or control worrying
    - Excessive Worry: Worrying too much about different things
    - Trouble Relaxing: Trouble relaxing
    - Restlessness: Being so restless that it is hard to sit still
    - Irritability: Becoming easily annoyed or irritable
    - Fear Something Awful Might Happen: Feeling afraid, as if something awful might happen
18. Depressive Symptoms Frequency: Next, you will be asked questions about your emotional state. Please answer on a scale of 0 to 3, where 0 is 'Not at all', 1 is 'several days', 2 is 'more than half of the days', and 3 is 'Nearly every day'. Over the last two weeks, how often have you been bothered by the following problems?
    - Anhedonia: Little interest or pleasure in doing things
    - Depressed Mood: Feeling down, depressed, or hopeless
    - Sleep Problems: Trouble falling or staying asleep, or sleeping too much
    - Fatigue: Feeling tired or having little energy
    - Appetite Changes: Poor appetite or overeating
    - Feelings of Worthlessness: Feeling bad about yourself or that you are a failure or have let yourself or your family down
    - Concentration Difficulties: Trouble concentrating on things, such as reading the newspaper or watching television
    - Psychomotor Changes: Moving or speaking so slowly that other people could have noticed. Or the opposite — being so fidgety or restless that you have been moving around a lot more than usual
    - Suicidal Thoughts: Thoughts that you would be better off dead, or of hurting yourself

Responses:
==================================================

Respondent 2:
- Year of birth: 1999.0
- Gender: 1.0
- Socio-economic status: 2.0
- Ethnic identity: 1.0
- Life satisfaction: 8.0
- Happiness: 4.0
- Laughter: 8.0
- Learning: 3.0
- Enjoyment: 5.0
- Worry: 1.0
- Depression: 2.0
- Anger: 3.0
- Stress: 3.0
- Loneliness: 7.0
- Emotional Regulation Frequency:
  - Upset by Unexpected Events: 1.0
  - Unable to Control Important Things: 2.0
  - Lacked Confidence Handling Problems: 2.0
  - Unable to Cope: 2.0
  - Irritated by Life: 3.0
  - On Top of Things: 2.0
- Anxiety Symptoms Frequency:
  - Feeling Nervous or On Edge: 0.0
  - Trouble Relaxing: 1.0
  - Restlessness: 0.0
  - Irritability: 1.0
  - Fear Something Awful Might Happen: 1.0
- Depressive Symptoms Frequency:
  - Anhedonia: 2.0
  - Sleep Problems: 0.0
  - Fatigue: 3.0
  - Appetite Changes: 2.0
  - Feelings of Worthlessness: 1.0
  - Concentration Difficulties: 1.0
  - Suicidal Thoughts: 0.0
",1,"How many respondents are there?

DATA:

Survey Data
==================================================

Questions:
1. Year of birth: What is your date of birth? [Open-ended]
2. Gender: What is your gender? [MCQ: 1. Male 2. Female]
3. Socio-economic status: What is the socio-economic status of your home? [Likert 1–6: 1 = Very low, 6 = Very high]
4. Ethnic identity: According to your culture, people, or physical features, you are or are recognized as: [MCQ: 1. Indigenous 2. Gypsy 3. Raizal from San Andres, Providencia and Santa Catalina Archipelago 4. Palenquero from San Basilio 5. Black, mulatto (Afro-descendant), Afro-Colombian 6. None of the above]
5. Parental Education: How many years of education did your parents receive? [Open-ended]
   - Father: Father?
   - Mother: Mother?
6. Life satisfaction: In general, how satisfied are you with all aspects of your life? [Likert 0–10: 0 = Not satisfied, 10 = Totally satisfied]
7. Happiness: How happy did you feel yesterday? [Likert 0–10: 0 = At no time, 10 = All the time]
8. Laughter: How much did you laugh yesterday? [Likert 0–10: 0 = At no time, 10 = All the time]
9. Learning: Did you learn new or exciting things yesterday? [Likert 0–10: 0 = At no time, 10 = All the time]
10. Enjoyment: How much did you enjoy the activities you did yesterday? [Likert 0–10: 0 = At no time, 10 = All the time]
11. Worry: How worried did you feel yesterday? [Likert 0–10: 0 = At no time, 10 = All the time]
12. Depression: How depressed did you feel yesterday? [Likert 0–10: 0 = At no time, 10 = All the time]
13. Anger: How angry did you feel yesterday? [Likert 0–10: 0 = At no time, 10 = All the time]
14. Stress: How much stress did you feel yesterday? [Likert 0–10: 0 = At no time, 10 = All the time]
15. Loneliness: How lonely or unsupported did you feel yesterday? [Likert 0–10: 0 = At no time, 10 = All the time]
16. Emotional Regulation Frequency: Next, you will be asked questions about your emotional state. Please answer on a scale of 0 to 4, where 0 is never, 1 is 'almost never', 2 is 'sometimes', 3 is 'fairly often', and 4 is 'very often', how often you experienced the following feelings during the last month: [Likert 0–4]
    - Upset by Unexpected Events: how often have you been upset because of something that happened unexpectedly?
    - Unable to Control Important Things: how often have you felt that you were unable to control the important things in your life?
    - Nervous and Stressed: how often have you felt nervous and stressed?
    - Lacked Confidence Handling Problems: how often have you felt confident about your ability to handle your personal problems?
    - Things Going Your Way: how often have you felt that things were going your way?
    - Unable to Cope: how often have you found that you could not cope with all the things that you had to do?
    - Irritated by Life: how often have you been able to control irritations in your life?
    - On Top of Things: how often have you felt that you were on top of things?
    - Angered by Uncontrollable Events: how often have you been angered because of things that happened that were outside of your control?
    - Felt Overwhelmed: how often have you felt difficulties were piling up so high that you could not overcome them?
17. Anxiety Symptoms Frequency: Next, you will be asked questions about your emotional state. Please answer on a scale of 0 to 3, where 0 is 'Not at all', 1 is 'several days', 2 is 'more than half of the days', and 3 is 'Nearly every day'. Over the last two weeks, how often have you been bothered by the following problems? [Likert 0–3]
    - Feeling Nervous or On Edge: Feeling nervous, anxious, or on edge
    - Uncontrollable Worrying: Not being able to stop or control worrying
    - Excessive Worry: Worrying too much about different things
    - Trouble Relaxing: Trouble relaxing
    - Restlessness: Being so restless that it is hard to sit still
    - Irritability: Becoming easily annoyed or irritable
    - Fear Something Awful Might Happen: Feeling afraid, as if something awful might happen
18. Depressive Symptoms Frequency: Next, you will be asked questions about your emotional state. Please answer on a scale of 0 to 3, where 0 is 'Not at all', 1 is 'several days', 2 is 'more than half of the days', and 3 is 'Nearly every day'. Over the last two weeks, how often have you been bothered by the following problems?
    - Anhedonia: Little interest or pleasure in doing things
    - Depressed Mood: Feeling down, depressed, or hopeless
    - Sleep Problems: Trouble falling or staying asleep, or sleeping too much
    - Fatigue: Feeling tired or having little energy
    - Appetite Changes: Poor appetite or overeating
    - Feelings of Worthlessness: Feeling bad about yourself or that you are a failure or have let yourself or your family down
    - Concentration Difficulties: Trouble concentrating on things, such as reading the newspaper or watching television
    - Psychomotor Changes: Moving or speaking so slowly that other people could have noticed. Or the opposite — being so fidgety or restless that you have been moving around a lot more than usual
    - Suicidal Thoughts: Thoughts that you would be better off dead, or of hurting yourself

Responses:
==================================================

Respondent 119:
- Year of birth: 2004.0
- Gender: 1.0
- Socio-economic status: 1.0
- Ethnic identity: 6.0
- Life satisfaction: 4.0
- Happiness: 8.0
- Laughter: 8.0
- Learning: 8.0
- Enjoyment: 8.0
- Worry: 1.0
- Depression: 1.0
- Anger: 2.0
- Stress: 2.0
- Loneliness: 2.0
- Emotional Regulation Frequency:
  - Upset by Unexpected Events: 2.0
  - Unable to Control Important Things: 2.0
  - Lacked Confidence Handling Problems: 2.0
  - Unable to Cope: 2.0
  - Irritated by Life: 2.0
  - On Top of Things: 2.0
- Anxiety Symptoms Frequency:
  - Feeling Nervous or On Edge: 1.0
  - Trouble Relaxing: 1.0
  - Restlessness: 1.0
  - Irritability: 1.0
  - Fear Something Awful Might Happen: 1.0
- Depressive Symptoms Frequency:
  - Anhedonia: 1.0
  - Sleep Problems: 1.0
  - Fatigue: 1.0
  - Appetite Changes: 0.0
  - Feelings of Worthlessness: 1.0
  - Concentration Difficulties: 0.0
  - Suicidal Thoughts: 0.0

Respondent 116:
- Year of birth: 2004.0
- Gender: 1.0
- Socio-economic status: 5.0
- Ethnic identity: 6.0
- Parental Education:
  - Father: 17.0
  - Mother: 17.0
- Life satisfaction: 8.0
- Happiness: 8.0
- Laughter: 7.0
- Learning: 7.0
- Enjoyment: 9.0
- Worry: 1.0
- Depression: 1.0
- Anger: 2.0
- Stress: 3.0
- Loneliness: 1.0
- Emotional Regulation Frequency:
  - Upset by Unexpected Events: 2.0
  - Unable to Control Important Things: 2.0
  - Lacked Confidence Handling Problems: 3.0
  - Unable to Cope: 2.0
  - Irritated by Life: 3.0
  - On Top of Things: 2.0
- Anxiety Symptoms Frequency:
  - Feeling Nervous or On Edge: 2.0
  - Trouble Relaxing: 1.0
  - Restlessness: 2.0
  - Irritability: 1.0
  - Fear Something Awful Might Happen: 2.0
- Depressive Symptoms Frequency:
  - Anhedonia: 1.0
  - Sleep Problems: 0.0
  - Fatigue: 2.0
  - Appetite Changes: 2.0
  - Feelings of Worthlessness: 1.0
  - Concentration Difficulties: 2.0
  - Suicidal Thoughts: 0.0

Answer: 2

Survey Data
==================================================

Questions:
1. Year of birth: What is your date of birth? [Open-ended]
2. Gender: What is your gender? [MCQ: 1. Male 2. Female]
3. Socio-economic status: What is the socio-economic status of your home? [Likert 1–6: 1 = Very low, 6 = Very high]
4. Ethnic identity: According to your culture, people, or physical features, you are or are recognized as: [MCQ: 1. Indigenous 2. Gypsy 3. Raizal from San Andres, Providencia and Santa Catalina Archipelago 4. Palenquero from San Basilio 5. Black, mulatto (Afro-descendant), Afro-Colombian 6. None of the above]
5. Parental Education: How many years of education did your parents receive? [Open-ended]
   - Father: Father?
   - Mother: Mother?
6. Life satisfaction: In general, how satisfied are you with all aspects of your life? [Likert 0–10: 0 = Not satisfied, 10 = Totally satisfied]
7. Happiness: How happy did you feel yesterday? [Likert 0–10: 0 = At no time, 10 = All the time]
8. Laughter: How much did you laugh yesterday? [Likert 0–10: 0 = At no time, 10 = All the time]
9. Learning: Did you learn new or exciting things yesterday? [Likert 0–10: 0 = At no time, 10 = All the time]
10. Enjoyment: How much did you enjoy the activities you did yesterday? [Likert 0–10: 0 = At no time, 10 = All the time]
11. Worry: How worried did you feel yesterday? [Likert 0–10: 0 = At no time, 10 = All the time]
12. Depression: How depressed did you feel yesterday? [Likert 0–10: 0 = At no time, 10 = All the time]
13. Anger: How angry did you feel yesterday? [Likert 0–10: 0 = At no time, 10 = All the time]
14. Stress: How much stress did you feel yesterday? [Likert 0–10: 0 = At no time, 10 = All the time]
15. Loneliness: How lonely or unsupported did you feel yesterday? [Likert 0–10: 0 = At no time, 10 = All the time]
16. Emotional Regulation Frequency: Next, you will be asked questions about your emotional state. Please answer on a scale of 0 to 4, where 0 is never, 1 is 'almost never', 2 is 'sometimes', 3 is 'fairly often', and 4 is 'very often', how often you experienced the following feelings during the last month: [Likert 0–4]
    - Upset by Unexpected Events: how often have you been upset because of something that happened unexpectedly?
    - Unable to Control Important Things: how often have you felt that you were unable to control the important things in your life?
    - Nervous and Stressed: how often have you felt nervous and stressed?
    - Lacked Confidence Handling Problems: how often have you felt confident about your ability to handle your personal problems?
    - Things Going Your Way: how often have you felt that things were going your way?
    - Unable to Cope: how often have you found that you could not cope with all the things that you had to do?
    - Irritated by Life: how often have you been able to control irritations in your life?
    - On Top of Things: how often have you felt that you were on top of things?
    - Angered by Uncontrollable Events: how often have you been angered because of things that happened that were outside of your control?
    - Felt Overwhelmed: how often have you felt difficulties were piling up so high that you could not overcome them?
17. Anxiety Symptoms Frequency: Next, you will be asked questions about your emotional state. Please answer on a scale of 0 to 3, where 0 is 'Not at all', 1 is 'several days', 2 is 'more than half of the days', and 3 is 'Nearly every day'. Over the last two weeks, how often have you been bothered by the following problems? [Likert 0–3]
    - Feeling Nervous or On Edge: Feeling nervous, anxious, or on edge
    - Uncontrollable Worrying: Not being able to stop or control worrying
    - Excessive Worry: Worrying too much about different things
    - Trouble Relaxing: Trouble relaxing
    - Restlessness: Being so restless that it is hard to sit still
    - Irritability: Becoming easily annoyed or irritable
    - Fear Something Awful Might Happen: Feeling afraid, as if something awful might happen
18. Depressive Symptoms Frequency: Next, you will be asked questions about your emotional state. Please answer on a scale of 0 to 3, where 0 is 'Not at all', 1 is 'several days', 2 is 'more than half of the days', and 3 is 'Nearly every day'. Over the last two weeks, how often have you been bothered by the following problems?
    - Anhedonia: Little interest or pleasure in doing things
    - Depressed Mood: Feeling down, depressed, or hopeless
    - Sleep Problems: Trouble falling or staying asleep, or sleeping too much
    - Fatigue: Feeling tired or having little energy
    - Appetite Changes: Poor appetite or overeating
    - Feelings of Worthlessness: Feeling bad about yourself or that you are a failure or have let yourself or your family down
    - Concentration Difficulties: Trouble concentrating on things, such as reading the newspaper or watching television
    - Psychomotor Changes: Moving or speaking so slowly that other people could have noticed. Or the opposite — being so fidgety or restless that you have been moving around a lot more than usual
    - Suicidal Thoughts: Thoughts that you would be better off dead, or of hurting yourself

Responses:
==================================================

Respondent 2:
- Year of birth: 1999.0
- Gender: 1.0
- Socio-economic status: 2.0
- Ethnic identity: 1.0
- Life satisfaction: 8.0
- Happiness: 4.0
- Laughter: 8.0
- Learning: 3.0
- Enjoyment: 5.0
- Worry: 1.0
- Depression: 2.0
- Anger: 3.0
- Stress: 3.0
- Loneliness: 7.0
- Emotional Regulation Frequency:
  - Upset by Unexpected Events: 1.0
  - Unable to Control Important Things: 2.0
  - Lacked Confidence Handling Problems: 2.0
  - Unable to Cope: 2.0
  - Irritated by Life: 3.0
  - On Top of Things: 2.0
- Anxiety Symptoms Frequency:
  - Feeling Nervous or On Edge: 0.0
  - Trouble Relaxing: 1.0
  - Restlessness: 0.0
  - Irritability: 1.0
  - Fear Something Awful Might Happen: 1.0
- Depressive Symptoms Frequency:
  - Anhedonia: 2.0
  - Sleep Problems: 0.0
  - Fatigue: 3.0
  - Appetite Changes: 2.0
  - Feelings of Worthlessness: 1.0
  - Concentration Difficulties: 1.0
  - Suicidal Thoughts: 0.0

You are a meticulous data analyst AI. Your primary function is to accurately analyze structured data and provide precise, verifiable answers.

You will be given a dataset with two key parts:

A 'questions' section: This is your data dictionary or schema. It is the single source of truth for understanding what each field and score means. Refer to it carefully.

A 'responses' section: This contains the raw data from each individual respondent.

To answer the question correctly, you must first use the 'questions' schema to fully understand the context and meaning of the data points within the 'responses'. Do not rely on any prior knowledge outside of this provided data. Base your entire analysis on the information given.

Provide your final answer directly and concisely. Output must be the human-readable value, not an option code.

Rules:
- For MCQ fields, map any letter codes in the Responses (case-insensitive) to the corresponding option text from the Questions schema, and output only that text. Do NOT include the letter or both.
  Example: If the schema is ""[MCQ: A. Abnormal B. Inconclusive C. Normal]"" and the response is ""a"", output ""Abnormal"".
- For open-ended fields, output the exact text value.
- If the question asks for a count, provide only the number (e.g., ""42"").
- If the question asks for a list of names or IDs, provide a simple comma-separated list (e.g., ""17, 21, 23"").
- Preserve capitalization exactly as in the schema (e.g., output ""Abnormal"", not ""abnormal"" or ""A"").

How many respondents are there?",3,False
case_18,respondent_count,How many respondents are there?,"Survey Data
==================================================

Questions:
1. Year of birth: What is your date of birth? [Open-ended]
2. Gender: What is your gender? [MCQ: 1. Male 2. Female]
3. Socio-economic status: What is the socio-economic status of your home? [Likert 1–6: 1 = Very low, 6 = Very high]
4. Ethnic identity: According to your culture, people, or physical features, you are or are recognized as: [MCQ: 1. Indigenous 2. Gypsy 3. Raizal from San Andres, Providencia and Santa Catalina Archipelago 4. Palenquero from San Basilio 5. Black, mulatto (Afro-descendant), Afro-Colombian 6. None of the above]
5. Parental Education: How many years of education did your parents receive? [Open-ended]
   - Father: Father?
   - Mother: Mother?
6. Life satisfaction: In general, how satisfied are you with all aspects of your life? [Likert 0–10: 0 = Not satisfied, 10 = Totally satisfied]
7. Happiness: How happy did you feel yesterday? [Likert 0–10: 0 = At no time, 10 = All the time]
8. Laughter: How much did you laugh yesterday? [Likert 0–10: 0 = At no time, 10 = All the time]
9. Learning: Did you learn new or exciting things yesterday? [Likert 0–10: 0 = At no time, 10 = All the time]
10. Enjoyment: How much did you enjoy the activities you did yesterday? [Likert 0–10: 0 = At no time, 10 = All the time]
11. Worry: How worried did you feel yesterday? [Likert 0–10: 0 = At no time, 10 = All the time]
12. Depression: How depressed did you feel yesterday? [Likert 0–10: 0 = At no time, 10 = All the time]
13. Anger: How angry did you feel yesterday? [Likert 0–10: 0 = At no time, 10 = All the time]
14. Stress: How much stress did you feel yesterday? [Likert 0–10: 0 = At no time, 10 = All the time]
15. Loneliness: How lonely or unsupported did you feel yesterday? [Likert 0–10: 0 = At no time, 10 = All the time]
16. Emotional Regulation Frequency: Next, you will be asked questions about your emotional state. Please answer on a scale of 0 to 4, where 0 is never, 1 is 'almost never', 2 is 'sometimes', 3 is 'fairly often', and 4 is 'very often', how often you experienced the following feelings during the last month: [Likert 0–4]
    - Upset by Unexpected Events: how often have you been upset because of something that happened unexpectedly?
    - Unable to Control Important Things: how often have you felt that you were unable to control the important things in your life?
    - Nervous and Stressed: how often have you felt nervous and stressed?
    - Lacked Confidence Handling Problems: how often have you felt confident about your ability to handle your personal problems?
    - Things Going Your Way: how often have you felt that things were going your way?
    - Unable to Cope: how often have you found that you could not cope with all the things that you had to do?
    - Irritated by Life: how often have you been able to control irritations in your life?
    - On Top of Things: how often have you felt that you were on top of things?
    - Angered by Uncontrollable Events: how often have you been angered because of things that happened that were outside of your control?
    - Felt Overwhelmed: how often have you felt difficulties were piling up so high that you could not overcome them?
17. Anxiety Symptoms Frequency: Next, you will be asked questions about your emotional state. Please answer on a scale of 0 to 3, where 0 is 'Not at all', 1 is 'several days', 2 is 'more than half of the days', and 3 is 'Nearly every day'. Over the last two weeks, how often have you been bothered by the following problems? [Likert 0–3]
    - Feeling Nervous or On Edge: Feeling nervous, anxious, or on edge
    - Uncontrollable Worrying: Not being able to stop or control worrying
    - Excessive Worry: Worrying too much about different things
    - Trouble Relaxing: Trouble relaxing
    - Restlessness: Being so restless that it is hard to sit still
    - Irritability: Becoming easily annoyed or irritable
    - Fear Something Awful Might Happen: Feeling afraid, as if something awful might happen
18. Depressive Symptoms Frequency: Next, you will be asked questions about your emotional state. Please answer on a scale of 0 to 3, where 0 is 'Not at all', 1 is 'several days', 2 is 'more than half of the days', and 3 is 'Nearly every day'. Over the last two weeks, how often have you been bothered by the following problems?
    - Anhedonia: Little interest or pleasure in doing things
    - Depressed Mood: Feeling down, depressed, or hopeless
    - Sleep Problems: Trouble falling or staying asleep, or sleeping too much
    - Fatigue: Feeling tired or having little energy
    - Appetite Changes: Poor appetite or overeating
    - Feelings of Worthlessness: Feeling bad about yourself or that you are a failure or have let yourself or your family down
    - Concentration Difficulties: Trouble concentrating on things, such as reading the newspaper or watching television
    - Psychomotor Changes: Moving or speaking so slowly that other people could have noticed. Or the opposite — being so fidgety or restless that you have been moving around a lot more than usual
    - Suicidal Thoughts: Thoughts that you would be better off dead, or of hurting yourself

Responses:
==================================================

Respondent 20:
- Year of birth: 2005.0
- Gender: 1.0
- Socio-economic status: 1.0
- Ethnic identity: 6.0
- Parental Education:
  - Mother: 12.0
- Life satisfaction: 6.0
- Happiness: 5.0
- Laughter: 5.0
- Learning: 5.0
- Enjoyment: 6.0
- Worry: 1.0
- Depression: 0.0
- Anger: 2.0
- Stress: 2.0
- Loneliness: 5.0
- Emotional Regulation Frequency:
  - Upset by Unexpected Events: 2.0
  - Unable to Control Important Things: 2.0
  - Lacked Confidence Handling Problems: 2.0
  - Unable to Cope: 2.0
  - Irritated by Life: 2.0
  - On Top of Things: 3.0
- Anxiety Symptoms Frequency:
  - Feeling Nervous or On Edge: 1.0
  - Trouble Relaxing: 1.0
  - Restlessness: 1.0
  - Irritability: 1.0
  - Fear Something Awful Might Happen: 2.0
- Depressive Symptoms Frequency:
  - Anhedonia: 1.0
  - Sleep Problems: 1.0
  - Fatigue: 1.0
  - Appetite Changes: 0.0
  - Feelings of Worthlessness: 0.0
  - Concentration Difficulties: 1.0
  - Suicidal Thoughts: 0.0

Respondent 3:
- Year of birth: 2002.0
- Gender: 1.0
- Socio-economic status: 5.0
- Ethnic identity: 6.0
- Parental Education:
  - Father: 16.0
  - Mother: 16.0
- Life satisfaction: 10.0
- Happiness: 9.0
- Laughter: 10.0
- Learning: 7.0
- Enjoyment: 10.0
- Worry: 1.0
- Depression: 1.0
- Anger: 1.0
- Stress: 2.0
- Loneliness: 0.0
- Emotional Regulation Frequency:
  - Upset by Unexpected Events: 2.0
  - Unable to Control Important Things: 1.0
  - Lacked Confidence Handling Problems: 3.0
  - Unable to Cope: 2.0
  - Irritated by Life: 3.0
  - On Top of Things: 1.0
- Anxiety Symptoms Frequency:
  - Feeling Nervous or On Edge: 1.0
  - Trouble Relaxing: 2.0
  - Restlessness: 1.0
  - Irritability: 0.0
  - Fear Something Awful Might Happen: 1.0
- Depressive Symptoms Frequency:
  - Anhedonia: 0.0
  - Sleep Problems: 0.0
  - Fatigue: 2.0
  - Appetite Changes: 2.0
  - Feelings of Worthlessness: 1.0
  - Concentration Difficulties: 1.0
  - Suicidal Thoughts: 0.0

Respondent 87:
- Year of birth: 2005.0
- Gender: 2.0
- Socio-economic status: 4.0
- Ethnic identity: 6.0
- Parental Education:
  - Father: 17.0
- Life satisfaction: 7.0
- Happiness: 5.0
- Laughter: 3.0
- Learning: 5.0
- Enjoyment: 6.0
- Worry: 3.0
- Depression: 3.0
- Anger: 2.0
- Stress: 4.0
- Loneliness: 7.0
- Emotional Regulation Frequency:
  - Upset by Unexpected Events: 2.0
  - Unable to Control Important Things: 3.0
  - Lacked Confidence Handling Problems: 2.0
  - Unable to Cope: 3.0
  - Irritated by Life: 2.0
  - On Top of Things: 1.0
- Anxiety Symptoms Frequency:
  - Feeling Nervous or On Edge: 3.0
  - Trouble Relaxing: 3.0
  - Restlessness: 3.0
  - Irritability: 1.0
  - Fear Something Awful Might Happen: 0.0
- Depressive Symptoms Frequency:
  - Anhedonia: 2.0
  - Sleep Problems: 2.0
  - Fatigue: 2.0
  - Appetite Changes: 0.0
  - Feelings of Worthlessness: 3.0
  - Concentration Difficulties: 3.0
  - Suicidal Thoughts: 2.0

Respondent 73:
- Year of birth: 2005.0
- Gender: 2.0
- Socio-economic status: 2.0
- Ethnic identity: 6.0
- Parental Education:
  - Father: 25.0
  - Mother: 15.0
- Life satisfaction: 8.0
- Happiness: 5.0
- Laughter: 4.0
- Learning: 5.0
- Enjoyment: 5.0
- Worry: 2.0
- Depression: 1.0
- Anger: 2.0
- Stress: 4.0
- Loneliness: 6.0
- Emotional Regulation Frequency:
  - Upset by Unexpected Events: 2.0
  - Unable to Control Important Things: 2.0
  - Lacked Confidence Handling Problems: 2.0
  - Unable to Cope: 2.0
  - Irritated by Life: 2.0
  - On Top of Things: 2.0
- Anxiety Symptoms Frequency:
  - Feeling Nervous or On Edge: 2.0
  - Trouble Relaxing: 1.0
  - Restlessness: 1.0
  - Irritability: 2.0
  - Fear Something Awful Might Happen: 2.0
- Depressive Symptoms Frequency:
  - Anhedonia: 1.0
  - Sleep Problems: 2.0
  - Fatigue: 1.0
  - Appetite Changes: 1.0
  - Feelings of Worthlessness: 1.0
  - Concentration Difficulties: 1.0
  - Suicidal Thoughts: 0.0

Respondent 11:
- Year of birth: 2002.0
- Gender: 1.0
- Socio-economic status: 2.0
- Ethnic identity: 6.0
- Parental Education:
  - Father: 11.0
- Life satisfaction: 4.0
- Happiness: 4.0
- Laughter: 3.0
- Learning: 3.0
- Enjoyment: 3.0
- Worry: 2.0
- Depression: 2.0
- Anger: 4.0
- Stress: 4.0
- Loneliness: 8.0
- Emotional Regulation Frequency:
  - Upset by Unexpected Events: 4.0
  - Unable to Control Important Things: 4.0
  - Lacked Confidence Handling Problems: 2.0
  - Unable to Cope: 3.0
  - Irritated by Life: 1.0
  - On Top of Things: 1.0
- Anxiety Symptoms Frequency:
  - Feeling Nervous or On Edge: 2.0
  - Trouble Relaxing: 3.0
  - Restlessness: 3.0
  - Irritability: 1.0
  - Fear Something Awful Might Happen: 2.0
- Depressive Symptoms Frequency:
  - Anhedonia: 3.0
  - Sleep Problems: 2.0
  - Fatigue: 2.0
  - Appetite Changes: 3.0
  - Feelings of Worthlessness: 1.0
  - Concentration Difficulties: 2.0
  - Suicidal Thoughts: 1.0

Respondent 122:
- Year of birth: 2002.0
- Gender: 1.0
- Socio-economic status: 3.0
- Ethnic identity: 6.0
- Parental Education:
  - Father: 23.0
  - Mother: 22.0
- Life satisfaction: 8.0
- Happiness: 10.0
- Laughter: 10.0
- Learning: 8.0
- Enjoyment: 9.0
- Worry: 0.0
- Depression: 0.0
- Anger: 2.0
- Stress: 2.0
- Loneliness: 0.0
- Emotional Regulation Frequency:
  - Upset by Unexpected Events: 2.0
  - Unable to Control Important Things: 1.0
  - Lacked Confidence Handling Problems: 4.0
  - Unable to Cope: 2.0
  - Irritated by Life: 4.0
  - On Top of Things: 3.0
- Anxiety Symptoms Frequency:
  - Feeling Nervous or On Edge: 0.0
  - Trouble Relaxing: 0.0
  - Restlessness: 0.0
  - Irritability: 1.0
  - Fear Something Awful Might Happen: 0.0
- Depressive Symptoms Frequency:
  - Anhedonia: 0.0
  - Sleep Problems: 0.0
  - Fatigue: 1.0
  - Appetite Changes: 0.0
  - Feelings of Worthlessness: 0.0
  - Concentration Difficulties: 1.0
  - Suicidal Thoughts: 0.0

Respondent 125:
- Year of birth: 2002.0
- Gender: 1.0
- Socio-economic status: 1.0
- Ethnic identity: 6.0
- Parental Education:
  - Father: 11.0
  - Mother: 11.0
- Life satisfaction: 7.0
- Happiness: 6.0
- Laughter: 5.0
- Learning: 9.0
- Enjoyment: 8.0
- Worry: 1.0
- Depression: 0.0
- Anger: 2.0
- Stress: 3.0
- Loneliness: 10.0
- Emotional Regulation Frequency:
  - Upset by Unexpected Events: 3.0
  - Unable to Control Important Things: 1.0
  - Lacked Confidence Handling Problems: 3.0
  - Unable to Cope: 1.0
  - Irritated by Life: 3.0
  - On Top of Things: 3.0
- Anxiety Symptoms Frequency:
  - Feeling Nervous or On Edge: 0.0
  - Trouble Relaxing: 0.0
  - Restlessness: 1.0
  - Irritability: 1.0
  - Fear Something Awful Might Happen: 0.0
- Depressive Symptoms Frequency:
  - Anhedonia: 0.0
  - Sleep Problems: 1.0
  - Fatigue: 0.0
  - Appetite Changes: 0.0
  - Feelings of Worthlessness: 0.0
  - Concentration Difficulties: 2.0
  - Suicidal Thoughts: 0.0

Respondent 98:
- Year of birth: 2003.0
- Gender: 2.0
- Socio-economic status: 3.0
- Ethnic identity: 6.0
- Life satisfaction: 8.0
- Happiness: 8.0
- Laughter: 8.0
- Learning: 9.0
- Enjoyment: 8.0
- Worry: 1.0
- Depression: 1.0
- Anger: 3.0
- Stress: 4.0
- Loneliness: 4.0
- Emotional Regulation Frequency:
  - Upset by Unexpected Events: 2.0
  - Unable to Control Important Things: 3.0
  - Lacked Confidence Handling Problems: 2.0
  - Unable to Cope: 1.0
  - Irritated by Life: 3.0
  - On Top of Things: 2.0
- Anxiety Symptoms Frequency:
  - Feeling Nervous or On Edge: 1.0
  - Trouble Relaxing: 1.0
  - Restlessness: 0.0
  - Irritability: 1.0
  - Fear Something Awful Might Happen: 1.0
- Depressive Symptoms Frequency:
  - Anhedonia: 1.0
  - Sleep Problems: 1.0
  - Fatigue: 1.0
  - Appetite Changes: 1.0
  - Feelings of Worthlessness: 0.0
  - Concentration Difficulties: 1.0
  - Suicidal Thoughts: 0.0
",8,"How many respondents are there?

DATA:

Survey Data
==================================================

Questions:
1. Year of birth: What is your date of birth? [Open-ended]
2. Gender: What is your gender? [MCQ: 1. Male 2. Female]
3. Socio-economic status: What is the socio-economic status of your home? [Likert 1–6: 1 = Very low, 6 = Very high]
4. Ethnic identity: According to your culture, people, or physical features, you are or are recognized as: [MCQ: 1. Indigenous 2. Gypsy 3. Raizal from San Andres, Providencia and Santa Catalina Archipelago 4. Palenquero from San Basilio 5. Black, mulatto (Afro-descendant), Afro-Colombian 6. None of the above]
5. Parental Education: How many years of education did your parents receive? [Open-ended]
   - Father: Father?
   - Mother: Mother?
6. Life satisfaction: In general, how satisfied are you with all aspects of your life? [Likert 0–10: 0 = Not satisfied, 10 = Totally satisfied]
7. Happiness: How happy did you feel yesterday? [Likert 0–10: 0 = At no time, 10 = All the time]
8. Laughter: How much did you laugh yesterday? [Likert 0–10: 0 = At no time, 10 = All the time]
9. Learning: Did you learn new or exciting things yesterday? [Likert 0–10: 0 = At no time, 10 = All the time]
10. Enjoyment: How much did you enjoy the activities you did yesterday? [Likert 0–10: 0 = At no time, 10 = All the time]
11. Worry: How worried did you feel yesterday? [Likert 0–10: 0 = At no time, 10 = All the time]
12. Depression: How depressed did you feel yesterday? [Likert 0–10: 0 = At no time, 10 = All the time]
13. Anger: How angry did you feel yesterday? [Likert 0–10: 0 = At no time, 10 = All the time]
14. Stress: How much stress did you feel yesterday? [Likert 0–10: 0 = At no time, 10 = All the time]
15. Loneliness: How lonely or unsupported did you feel yesterday? [Likert 0–10: 0 = At no time, 10 = All the time]
16. Emotional Regulation Frequency: Next, you will be asked questions about your emotional state. Please answer on a scale of 0 to 4, where 0 is never, 1 is 'almost never', 2 is 'sometimes', 3 is 'fairly often', and 4 is 'very often', how often you experienced the following feelings during the last month: [Likert 0–4]
    - Upset by Unexpected Events: how often have you been upset because of something that happened unexpectedly?
    - Unable to Control Important Things: how often have you felt that you were unable to control the important things in your life?
    - Nervous and Stressed: how often have you felt nervous and stressed?
    - Lacked Confidence Handling Problems: how often have you felt confident about your ability to handle your personal problems?
    - Things Going Your Way: how often have you felt that things were going your way?
    - Unable to Cope: how often have you found that you could not cope with all the things that you had to do?
    - Irritated by Life: how often have you been able to control irritations in your life?
    - On Top of Things: how often have you felt that you were on top of things?
    - Angered by Uncontrollable Events: how often have you been angered because of things that happened that were outside of your control?
    - Felt Overwhelmed: how often have you felt difficulties were piling up so high that you could not overcome them?
17. Anxiety Symptoms Frequency: Next, you will be asked questions about your emotional state. Please answer on a scale of 0 to 3, where 0 is 'Not at all', 1 is 'several days', 2 is 'more than half of the days', and 3 is 'Nearly every day'. Over the last two weeks, how often have you been bothered by the following problems? [Likert 0–3]
    - Feeling Nervous or On Edge: Feeling nervous, anxious, or on edge
    - Uncontrollable Worrying: Not being able to stop or control worrying
    - Excessive Worry: Worrying too much about different things
    - Trouble Relaxing: Trouble relaxing
    - Restlessness: Being so restless that it is hard to sit still
    - Irritability: Becoming easily annoyed or irritable
    - Fear Something Awful Might Happen: Feeling afraid, as if something awful might happen
18. Depressive Symptoms Frequency: Next, you will be asked questions about your emotional state. Please answer on a scale of 0 to 3, where 0 is 'Not at all', 1 is 'several days', 2 is 'more than half of the days', and 3 is 'Nearly every day'. Over the last two weeks, how often have you been bothered by the following problems?
    - Anhedonia: Little interest or pleasure in doing things
    - Depressed Mood: Feeling down, depressed, or hopeless
    - Sleep Problems: Trouble falling or staying asleep, or sleeping too much
    - Fatigue: Feeling tired or having little energy
    - Appetite Changes: Poor appetite or overeating
    - Feelings of Worthlessness: Feeling bad about yourself or that you are a failure or have let yourself or your family down
    - Concentration Difficulties: Trouble concentrating on things, such as reading the newspaper or watching television
    - Psychomotor Changes: Moving or speaking so slowly that other people could have noticed. Or the opposite — being so fidgety or restless that you have been moving around a lot more than usual
    - Suicidal Thoughts: Thoughts that you would be better off dead, or of hurting yourself

Responses:
==================================================

Respondent 119:
- Year of birth: 2004.0
- Gender: 1.0
- Socio-economic status: 1.0
- Ethnic identity: 6.0
- Life satisfaction: 4.0
- Happiness: 8.0
- Laughter: 8.0
- Learning: 8.0
- Enjoyment: 8.0
- Worry: 1.0
- Depression: 1.0
- Anger: 2.0
- Stress: 2.0
- Loneliness: 2.0
- Emotional Regulation Frequency:
  - Upset by Unexpected Events: 2.0
  - Unable to Control Important Things: 2.0
  - Lacked Confidence Handling Problems: 2.0
  - Unable to Cope: 2.0
  - Irritated by Life: 2.0
  - On Top of Things: 2.0
- Anxiety Symptoms Frequency:
  - Feeling Nervous or On Edge: 1.0
  - Trouble Relaxing: 1.0
  - Restlessness: 1.0
  - Irritability: 1.0
  - Fear Something Awful Might Happen: 1.0
- Depressive Symptoms Frequency:
  - Anhedonia: 1.0
  - Sleep Problems: 1.0
  - Fatigue: 1.0
  - Appetite Changes: 0.0
  - Feelings of Worthlessness: 1.0
  - Concentration Difficulties: 0.0
  - Suicidal Thoughts: 0.0

Respondent 116:
- Year of birth: 2004.0
- Gender: 1.0
- Socio-economic status: 5.0
- Ethnic identity: 6.0
- Parental Education:
  - Father: 17.0
  - Mother: 17.0
- Life satisfaction: 8.0
- Happiness: 8.0
- Laughter: 7.0
- Learning: 7.0
- Enjoyment: 9.0
- Worry: 1.0
- Depression: 1.0
- Anger: 2.0
- Stress: 3.0
- Loneliness: 1.0
- Emotional Regulation Frequency:
  - Upset by Unexpected Events: 2.0
  - Unable to Control Important Things: 2.0
  - Lacked Confidence Handling Problems: 3.0
  - Unable to Cope: 2.0
  - Irritated by Life: 3.0
  - On Top of Things: 2.0
- Anxiety Symptoms Frequency:
  - Feeling Nervous or On Edge: 2.0
  - Trouble Relaxing: 1.0
  - Restlessness: 2.0
  - Irritability: 1.0
  - Fear Something Awful Might Happen: 2.0
- Depressive Symptoms Frequency:
  - Anhedonia: 1.0
  - Sleep Problems: 0.0
  - Fatigue: 2.0
  - Appetite Changes: 2.0
  - Feelings of Worthlessness: 1.0
  - Concentration Difficulties: 2.0
  - Suicidal Thoughts: 0.0

Answer: 2

Survey Data
==================================================

Questions:
1. Year of birth: What is your date of birth? [Open-ended]
2. Gender: What is your gender? [MCQ: 1. Male 2. Female]
3. Socio-economic status: What is the socio-economic status of your home? [Likert 1–6: 1 = Very low, 6 = Very high]
4. Ethnic identity: According to your culture, people, or physical features, you are or are recognized as: [MCQ: 1. Indigenous 2. Gypsy 3. Raizal from San Andres, Providencia and Santa Catalina Archipelago 4. Palenquero from San Basilio 5. Black, mulatto (Afro-descendant), Afro-Colombian 6. None of the above]
5. Parental Education: How many years of education did your parents receive? [Open-ended]
   - Father: Father?
   - Mother: Mother?
6. Life satisfaction: In general, how satisfied are you with all aspects of your life? [Likert 0–10: 0 = Not satisfied, 10 = Totally satisfied]
7. Happiness: How happy did you feel yesterday? [Likert 0–10: 0 = At no time, 10 = All the time]
8. Laughter: How much did you laugh yesterday? [Likert 0–10: 0 = At no time, 10 = All the time]
9. Learning: Did you learn new or exciting things yesterday? [Likert 0–10: 0 = At no time, 10 = All the time]
10. Enjoyment: How much did you enjoy the activities you did yesterday? [Likert 0–10: 0 = At no time, 10 = All the time]
11. Worry: How worried did you feel yesterday? [Likert 0–10: 0 = At no time, 10 = All the time]
12. Depression: How depressed did you feel yesterday? [Likert 0–10: 0 = At no time, 10 = All the time]
13. Anger: How angry did you feel yesterday? [Likert 0–10: 0 = At no time, 10 = All the time]
14. Stress: How much stress did you feel yesterday? [Likert 0–10: 0 = At no time, 10 = All the time]
15. Loneliness: How lonely or unsupported did you feel yesterday? [Likert 0–10: 0 = At no time, 10 = All the time]
16. Emotional Regulation Frequency: Next, you will be asked questions about your emotional state. Please answer on a scale of 0 to 4, where 0 is never, 1 is 'almost never', 2 is 'sometimes', 3 is 'fairly often', and 4 is 'very often', how often you experienced the following feelings during the last month: [Likert 0–4]
    - Upset by Unexpected Events: how often have you been upset because of something that happened unexpectedly?
    - Unable to Control Important Things: how often have you felt that you were unable to control the important things in your life?
    - Nervous and Stressed: how often have you felt nervous and stressed?
    - Lacked Confidence Handling Problems: how often have you felt confident about your ability to handle your personal problems?
    - Things Going Your Way: how often have you felt that things were going your way?
    - Unable to Cope: how often have you found that you could not cope with all the things that you had to do?
    - Irritated by Life: how often have you been able to control irritations in your life?
    - On Top of Things: how often have you felt that you were on top of things?
    - Angered by Uncontrollable Events: how often have you been angered because of things that happened that were outside of your control?
    - Felt Overwhelmed: how often have you felt difficulties were piling up so high that you could not overcome them?
17. Anxiety Symptoms Frequency: Next, you will be asked questions about your emotional state. Please answer on a scale of 0 to 3, where 0 is 'Not at all', 1 is 'several days', 2 is 'more than half of the days', and 3 is 'Nearly every day'. Over the last two weeks, how often have you been bothered by the following problems? [Likert 0–3]
    - Feeling Nervous or On Edge: Feeling nervous, anxious, or on edge
    - Uncontrollable Worrying: Not being able to stop or control worrying
    - Excessive Worry: Worrying too much about different things
    - Trouble Relaxing: Trouble relaxing
    - Restlessness: Being so restless that it is hard to sit still
    - Irritability: Becoming easily annoyed or irritable
    - Fear Something Awful Might Happen: Feeling afraid, as if something awful might happen
18. Depressive Symptoms Frequency: Next, you will be asked questions about your emotional state. Please answer on a scale of 0 to 3, where 0 is 'Not at all', 1 is 'several days', 2 is 'more than half of the days', and 3 is 'Nearly every day'. Over the last two weeks, how often have you been bothered by the following problems?
    - Anhedonia: Little interest or pleasure in doing things
    - Depressed Mood: Feeling down, depressed, or hopeless
    - Sleep Problems: Trouble falling or staying asleep, or sleeping too much
    - Fatigue: Feeling tired or having little energy
    - Appetite Changes: Poor appetite or overeating
    - Feelings of Worthlessness: Feeling bad about yourself or that you are a failure or have let yourself or your family down
    - Concentration Difficulties: Trouble concentrating on things, such as reading the newspaper or watching television
    - Psychomotor Changes: Moving or speaking so slowly that other people could have noticed. Or the opposite — being so fidgety or restless that you have been moving around a lot more than usual
    - Suicidal Thoughts: Thoughts that you would be better off dead, or of hurting yourself

Responses:
==================================================

Respondent 20:
- Year of birth: 2005.0
- Gender: 1.0
- Socio-economic status: 1.0
- Ethnic identity: 6.0
- Parental Education:
  - Mother: 12.0
- Life satisfaction: 6.0
- Happiness: 5.0
- Laughter: 5.0
- Learning: 5.0
- Enjoyment: 6.0
- Worry: 1.0
- Depression: 0.0
- Anger: 2.0
- Stress: 2.0
- Loneliness: 5.0
- Emotional Regulation Frequency:
  - Upset by Unexpected Events: 2.0
  - Unable to Control Important Things: 2.0
  - Lacked Confidence Handling Problems: 2.0
  - Unable to Cope: 2.0
  - Irritated by Life: 2.0
  - On Top of Things: 3.0
- Anxiety Symptoms Frequency:
  - Feeling Nervous or On Edge: 1.0
  - Trouble Relaxing: 1.0
  - Restlessness: 1.0
  - Irritability: 1.0
  - Fear Something Awful Might Happen: 2.0
- Depressive Symptoms Frequency:
  - Anhedonia: 1.0
  - Sleep Problems: 1.0
  - Fatigue: 1.0
  - Appetite Changes: 0.0
  - Feelings of Worthlessness: 0.0
  - Concentration Difficulties: 1.0
  - Suicidal Thoughts: 0.0

Respondent 3:
- Year of birth: 2002.0
- Gender: 1.0
- Socio-economic status: 5.0
- Ethnic identity: 6.0
- Parental Education:
  - Father: 16.0
  - Mother: 16.0
- Life satisfaction: 10.0
- Happiness: 9.0
- Laughter: 10.0
- Learning: 7.0
- Enjoyment: 10.0
- Worry: 1.0
- Depression: 1.0
- Anger: 1.0
- Stress: 2.0
- Loneliness: 0.0
- Emotional Regulation Frequency:
  - Upset by Unexpected Events: 2.0
  - Unable to Control Important Things: 1.0
  - Lacked Confidence Handling Problems: 3.0
  - Unable to Cope: 2.0
  - Irritated by Life: 3.0
  - On Top of Things: 1.0
- Anxiety Symptoms Frequency:
  - Feeling Nervous or On Edge: 1.0
  - Trouble Relaxing: 2.0
  - Restlessness: 1.0
  - Irritability: 0.0
  - Fear Something Awful Might Happen: 1.0
- Depressive Symptoms Frequency:
  - Anhedonia: 0.0
  - Sleep Problems: 0.0
  - Fatigue: 2.0
  - Appetite Changes: 2.0
  - Feelings of Worthlessness: 1.0
  - Concentration Difficulties: 1.0
  - Suicidal Thoughts: 0.0

Respondent 87:
- Year of birth: 2005.0
- Gender: 2.0
- Socio-economic status: 4.0
- Ethnic identity: 6.0
- Parental Education:
  - Father: 17.0
- Life satisfaction: 7.0
- Happiness: 5.0
- Laughter: 3.0
- Learning: 5.0
- Enjoyment: 6.0
- Worry: 3.0
- Depression: 3.0
- Anger: 2.0
- Stress: 4.0
- Loneliness: 7.0
- Emotional Regulation Frequency:
  - Upset by Unexpected Events: 2.0
  - Unable to Control Important Things: 3.0
  - Lacked Confidence Handling Problems: 2.0
  - Unable to Cope: 3.0
  - Irritated by Life: 2.0
  - On Top of Things: 1.0
- Anxiety Symptoms Frequency:
  - Feeling Nervous or On Edge: 3.0
  - Trouble Relaxing: 3.0
  - Restlessness: 3.0
  - Irritability: 1.0
  - Fear Something Awful Might Happen: 0.0
- Depressive Symptoms Frequency:
  - Anhedonia: 2.0
  - Sleep Problems: 2.0
  - Fatigue: 2.0
  - Appetite Changes: 0.0
  - Feelings of Worthlessness: 3.0
  - Concentration Difficulties: 3.0
  - Suicidal Thoughts: 2.0

Respondent 73:
- Year of birth: 2005.0
- Gender: 2.0
- Socio-economic status: 2.0
- Ethnic identity: 6.0
- Parental Education:
  - Father: 25.0
  - Mother: 15.0
- Life satisfaction: 8.0
- Happiness: 5.0
- Laughter: 4.0
- Learning: 5.0
- Enjoyment: 5.0
- Worry: 2.0
- Depression: 1.0
- Anger: 2.0
- Stress: 4.0
- Loneliness: 6.0
- Emotional Regulation Frequency:
  - Upset by Unexpected Events: 2.0
  - Unable to Control Important Things: 2.0
  - Lacked Confidence Handling Problems: 2.0
  - Unable to Cope: 2.0
  - Irritated by Life: 2.0
  - On Top of Things: 2.0
- Anxiety Symptoms Frequency:
  - Feeling Nervous or On Edge: 2.0
  - Trouble Relaxing: 1.0
  - Restlessness: 1.0
  - Irritability: 2.0
  - Fear Something Awful Might Happen: 2.0
- Depressive Symptoms Frequency:
  - Anhedonia: 1.0
  - Sleep Problems: 2.0
  - Fatigue: 1.0
  - Appetite Changes: 1.0
  - Feelings of Worthlessness: 1.0
  - Concentration Difficulties: 1.0
  - Suicidal Thoughts: 0.0

Respondent 11:
- Year of birth: 2002.0
- Gender: 1.0
- Socio-economic status: 2.0
- Ethnic identity: 6.0
- Parental Education:
  - Father: 11.0
- Life satisfaction: 4.0
- Happiness: 4.0
- Laughter: 3.0
- Learning: 3.0
- Enjoyment: 3.0
- Worry: 2.0
- Depression: 2.0
- Anger: 4.0
- Stress: 4.0
- Loneliness: 8.0
- Emotional Regulation Frequency:
  - Upset by Unexpected Events: 4.0
  - Unable to Control Important Things: 4.0
  - Lacked Confidence Handling Problems: 2.0
  - Unable to Cope: 3.0
  - Irritated by Life: 1.0
  - On Top of Things: 1.0
- Anxiety Symptoms Frequency:
  - Feeling Nervous or On Edge: 2.0
  - Trouble Relaxing: 3.0
  - Restlessness: 3.0
  - Irritability: 1.0
  - Fear Something Awful Might Happen: 2.0
- Depressive Symptoms Frequency:
  - Anhedonia: 3.0
  - Sleep Problems: 2.0
  - Fatigue: 2.0
  - Appetite Changes: 3.0
  - Feelings of Worthlessness: 1.0
  - Concentration Difficulties: 2.0
  - Suicidal Thoughts: 1.0

Respondent 122:
- Year of birth: 2002.0
- Gender: 1.0
- Socio-economic status: 3.0
- Ethnic identity: 6.0
- Parental Education:
  - Father: 23.0
  - Mother: 22.0
- Life satisfaction: 8.0
- Happiness: 10.0
- Laughter: 10.0
- Learning: 8.0
- Enjoyment: 9.0
- Worry: 0.0
- Depression: 0.0
- Anger: 2.0
- Stress: 2.0
- Loneliness: 0.0
- Emotional Regulation Frequency:
  - Upset by Unexpected Events: 2.0
  - Unable to Control Important Things: 1.0
  - Lacked Confidence Handling Problems: 4.0
  - Unable to Cope: 2.0
  - Irritated by Life: 4.0
  - On Top of Things: 3.0
- Anxiety Symptoms Frequency:
  - Feeling Nervous or On Edge: 0.0
  - Trouble Relaxing: 0.0
  - Restlessness: 0.0
  - Irritability: 1.0
  - Fear Something Awful Might Happen: 0.0
- Depressive Symptoms Frequency:
  - Anhedonia: 0.0
  - Sleep Problems: 0.0
  - Fatigue: 1.0
  - Appetite Changes: 0.0
  - Feelings of Worthlessness: 0.0
  - Concentration Difficulties: 1.0
  - Suicidal Thoughts: 0.0

Respondent 125:
- Year of birth: 2002.0
- Gender: 1.0
- Socio-economic status: 1.0
- Ethnic identity: 6.0
- Parental Education:
  - Father: 11.0
  - Mother: 11.0
- Life satisfaction: 7.0
- Happiness: 6.0
- Laughter: 5.0
- Learning: 9.0
- Enjoyment: 8.0
- Worry: 1.0
- Depression: 0.0
- Anger: 2.0
- Stress: 3.0
- Loneliness: 10.0
- Emotional Regulation Frequency:
  - Upset by Unexpected Events: 3.0
  - Unable to Control Important Things: 1.0
  - Lacked Confidence Handling Problems: 3.0
  - Unable to Cope: 1.0
  - Irritated by Life: 3.0
  - On Top of Things: 3.0
- Anxiety Symptoms Frequency:
  - Feeling Nervous or On Edge: 0.0
  - Trouble Relaxing: 0.0
  - Restlessness: 1.0
  - Irritability: 1.0
  - Fear Something Awful Might Happen: 0.0
- Depressive Symptoms Frequency:
  - Anhedonia: 0.0
  - Sleep Problems: 1.0
  - Fatigue: 0.0
  - Appetite Changes: 0.0
  - Feelings of Worthlessness: 0.0
  - Concentration Difficulties: 2.0
  - Suicidal Thoughts: 0.0

Respondent 98:
- Year of birth: 2003.0
- Gender: 2.0
- Socio-economic status: 3.0
- Ethnic identity: 6.0
- Life satisfaction: 8.0
- Happiness: 8.0
- Laughter: 8.0
- Learning: 9.0
- Enjoyment: 8.0
- Worry: 1.0
- Depression: 1.0
- Anger: 3.0
- Stress: 4.0
- Loneliness: 4.0
- Emotional Regulation Frequency:
  - Upset by Unexpected Events: 2.0
  - Unable to Control Important Things: 3.0
  - Lacked Confidence Handling Problems: 2.0
  - Unable to Cope: 1.0
  - Irritated by Life: 3.0
  - On Top of Things: 2.0
- Anxiety Symptoms Frequency:
  - Feeling Nervous or On Edge: 1.0
  - Trouble Relaxing: 1.0
  - Restlessness: 0.0
  - Irritability: 1.0
  - Fear Something Awful Might Happen: 1.0
- Depressive Symptoms Frequency:
  - Anhedonia: 1.0
  - Sleep Problems: 1.0
  - Fatigue: 1.0
  - Appetite Changes: 1.0
  - Feelings of Worthlessness: 0.0
  - Concentration Difficulties: 1.0
  - Suicidal Thoughts: 0.0

You are a meticulous data analyst AI. Your primary function is to accurately analyze structured data and provide precise, verifiable answers.

You will be given a dataset with two key parts:

A 'questions' section: This is your data dictionary or schema. It is the single source of truth for understanding what each field and score means. Refer to it carefully.

A 'responses' section: This contains the raw data from each individual respondent.

To answer the question correctly, you must first use the 'questions' schema to fully understand the context and meaning of the data points within the 'responses'. Do not rely on any prior knowledge outside of this provided data. Base your entire analysis on the information given.

Provide your final answer directly and concisely. Output must be the human-readable value, not an option code.

Rules:
- For MCQ fields, map any letter codes in the Responses (case-insensitive) to the corresponding option text from the Questions schema, and output only that text. Do NOT include the letter or both.
  Example: If the schema is ""[MCQ: A. Abnormal B. Inconclusive C. Normal]"" and the response is ""a"", output ""Abnormal"".
- For open-ended fields, output the exact text value.
- If the question asks for a count, provide only the number (e.g., ""42"").
- If the question asks for a list of names or IDs, provide a simple comma-separated list (e.g., ""17, 21, 23"").
- Preserve capitalization exactly as in the schema (e.g., output ""Abnormal"", not ""abnormal"" or ""A"").

How many respondents are there?",10,False
case_19,respondent_count,How many respondents are there?,"Survey Data
==================================================

Questions:
1. Year of birth: What is your date of birth? [Open-ended]
2. Gender: What is your gender? [MCQ: 1. Male 2. Female]
3. Socio-economic status: What is the socio-economic status of your home? [Likert 1–6: 1 = Very low, 6 = Very high]
4. Ethnic identity: According to your culture, people, or physical features, you are or are recognized as: [MCQ: 1. Indigenous 2. Gypsy 3. Raizal from San Andres, Providencia and Santa Catalina Archipelago 4. Palenquero from San Basilio 5. Black, mulatto (Afro-descendant), Afro-Colombian 6. None of the above]
5. Parental Education: How many years of education did your parents receive? [Open-ended]
   - Father: Father?
   - Mother: Mother?
6. Life satisfaction: In general, how satisfied are you with all aspects of your life? [Likert 0–10: 0 = Not satisfied, 10 = Totally satisfied]
7. Happiness: How happy did you feel yesterday? [Likert 0–10: 0 = At no time, 10 = All the time]
8. Laughter: How much did you laugh yesterday? [Likert 0–10: 0 = At no time, 10 = All the time]
9. Learning: Did you learn new or exciting things yesterday? [Likert 0–10: 0 = At no time, 10 = All the time]
10. Enjoyment: How much did you enjoy the activities you did yesterday? [Likert 0–10: 0 = At no time, 10 = All the time]
11. Worry: How worried did you feel yesterday? [Likert 0–10: 0 = At no time, 10 = All the time]
12. Depression: How depressed did you feel yesterday? [Likert 0–10: 0 = At no time, 10 = All the time]
13. Anger: How angry did you feel yesterday? [Likert 0–10: 0 = At no time, 10 = All the time]
14. Stress: How much stress did you feel yesterday? [Likert 0–10: 0 = At no time, 10 = All the time]
15. Loneliness: How lonely or unsupported did you feel yesterday? [Likert 0–10: 0 = At no time, 10 = All the time]
16. Emotional Regulation Frequency: Next, you will be asked questions about your emotional state. Please answer on a scale of 0 to 4, where 0 is never, 1 is 'almost never', 2 is 'sometimes', 3 is 'fairly often', and 4 is 'very often', how often you experienced the following feelings during the last month: [Likert 0–4]
    - Upset by Unexpected Events: how often have you been upset because of something that happened unexpectedly?
    - Unable to Control Important Things: how often have you felt that you were unable to control the important things in your life?
    - Nervous and Stressed: how often have you felt nervous and stressed?
    - Lacked Confidence Handling Problems: how often have you felt confident about your ability to handle your personal problems?
    - Things Going Your Way: how often have you felt that things were going your way?
    - Unable to Cope: how often have you found that you could not cope with all the things that you had to do?
    - Irritated by Life: how often have you been able to control irritations in your life?
    - On Top of Things: how often have you felt that you were on top of things?
    - Angered by Uncontrollable Events: how often have you been angered because of things that happened that were outside of your control?
    - Felt Overwhelmed: how often have you felt difficulties were piling up so high that you could not overcome them?
17. Anxiety Symptoms Frequency: Next, you will be asked questions about your emotional state. Please answer on a scale of 0 to 3, where 0 is 'Not at all', 1 is 'several days', 2 is 'more than half of the days', and 3 is 'Nearly every day'. Over the last two weeks, how often have you been bothered by the following problems? [Likert 0–3]
    - Feeling Nervous or On Edge: Feeling nervous, anxious, or on edge
    - Uncontrollable Worrying: Not being able to stop or control worrying
    - Excessive Worry: Worrying too much about different things
    - Trouble Relaxing: Trouble relaxing
    - Restlessness: Being so restless that it is hard to sit still
    - Irritability: Becoming easily annoyed or irritable
    - Fear Something Awful Might Happen: Feeling afraid, as if something awful might happen
18. Depressive Symptoms Frequency: Next, you will be asked questions about your emotional state. Please answer on a scale of 0 to 3, where 0 is 'Not at all', 1 is 'several days', 2 is 'more than half of the days', and 3 is 'Nearly every day'. Over the last two weeks, how often have you been bothered by the following problems?
    - Anhedonia: Little interest or pleasure in doing things
    - Depressed Mood: Feeling down, depressed, or hopeless
    - Sleep Problems: Trouble falling or staying asleep, or sleeping too much
    - Fatigue: Feeling tired or having little energy
    - Appetite Changes: Poor appetite or overeating
    - Feelings of Worthlessness: Feeling bad about yourself or that you are a failure or have let yourself or your family down
    - Concentration Difficulties: Trouble concentrating on things, such as reading the newspaper or watching television
    - Psychomotor Changes: Moving or speaking so slowly that other people could have noticed. Or the opposite — being so fidgety or restless that you have been moving around a lot more than usual
    - Suicidal Thoughts: Thoughts that you would be better off dead, or of hurting yourself

Responses:
==================================================

Respondent 46:
- Year of birth: 2005.0
- Gender: 1.0
- Socio-economic status: 4.0
- Ethnic identity: 6.0
- Life satisfaction: 9.0
- Happiness: 9.0
- Laughter: 10.0
- Learning: 9.0
- Enjoyment: 10.0
- Worry: 1.0
- Depression: 0.0
- Anger: 3.0
- Stress: 3.0
- Loneliness: 0.0
- Emotional Regulation Frequency:
  - Upset by Unexpected Events: 2.0
  - Unable to Control Important Things: 1.0
  - Lacked Confidence Handling Problems: 2.0
  - Unable to Cope: 3.0
  - Irritated by Life: 3.0
  - On Top of Things: 3.0
- Anxiety Symptoms Frequency:
  - Feeling Nervous or On Edge: 1.0
  - Trouble Relaxing: 1.0
  - Restlessness: 1.0
  - Irritability: 1.0
  - Fear Something Awful Might Happen: 2.0
- Depressive Symptoms Frequency:
  - Anhedonia: 0.0
  - Sleep Problems: 0.0
  - Fatigue: 1.0
  - Appetite Changes: 0.0
  - Feelings of Worthlessness: 0.0
  - Concentration Difficulties: 0.0
  - Suicidal Thoughts: 0.0

Respondent 32:
- Year of birth: 2004.0
- Gender: 1.0
- Socio-economic status: 3.0
- Ethnic identity: 6.0
- Parental Education:
  - Father: 16.0
  - Mother: 10.0
- Life satisfaction: 8.0
- Happiness: 10.0
- Laughter: 10.0
- Learning: 6.0
- Enjoyment: 10.0
- Worry: 1.0
- Depression: 0.0
- Anger: 3.0
- Stress: 3.0
- Loneliness: 0.0
- Emotional Regulation Frequency:
  - Upset by Unexpected Events: 2.0
  - Unable to Control Important Things: 3.0
  - Lacked Confidence Handling Problems: 2.0
  - Unable to Cope: 2.0
  - Irritated by Life: 2.0
  - On Top of Things: 2.0
- Anxiety Symptoms Frequency:
  - Feeling Nervous or On Edge: 1.0
  - Trouble Relaxing: 0.0
  - Restlessness: 0.0
  - Irritability: 2.0
  - Fear Something Awful Might Happen: 1.0
- Depressive Symptoms Frequency:
  - Anhedonia: 0.0
  - Sleep Problems: 2.0
  - Fatigue: 1.0
  - Appetite Changes: 0.0
  - Feelings of Worthlessness: 0.0
  - Concentration Difficulties: 2.0
  - Suicidal Thoughts: 0.0

Respondent 65:
- Year of birth: 2003.0
- Gender: 2.0
- Socio-economic status: 3.0
- Ethnic identity: 5.0
- Parental Education:
  - Father: 11.0
  - Mother: 8.0
- Life satisfaction: 8.0
- Happiness: 7.0
- Laughter: 5.0
- Learning: 5.0
- Enjoyment: 5.0
- Worry: 1.0
- Depression: 0.0
- Anger: 2.0
- Stress: 3.0
- Loneliness: 2.0
- Emotional Regulation Frequency:
  - Upset by Unexpected Events: 2.0
  - Unable to Control Important Things: 2.0
  - Lacked Confidence Handling Problems: 3.0
  - Unable to Cope: 2.0
  - Irritated by Life: 3.0
  - On Top of Things: 3.0
- Anxiety Symptoms Frequency:
  - Feeling Nervous or On Edge: 1.0
  - Trouble Relaxing: 1.0
  - Restlessness: 0.0
  - Irritability: 1.0
  - Fear Something Awful Might Happen: 0.0
- Depressive Symptoms Frequency:
  - Anhedonia: 0.0
  - Sleep Problems: 1.0
  - Fatigue: 0.0
  - Appetite Changes: 1.0
  - Feelings of Worthlessness: 0.0
  - Concentration Difficulties: 0.0
  - Suicidal Thoughts: 0.0

Respondent 114:
- Year of birth: 2004.0
- Gender: 1.0
- Socio-economic status: 1.0
- Ethnic identity: 5.0
- Life satisfaction: 7.0
- Happiness: 9.0
- Laughter: 10.0
- Learning: 7.0
- Enjoyment: 10.0
- Worry: 1.0
- Depression: 0.0
- Anger: 3.0
- Stress: 2.0
- Loneliness: 8.0
- Emotional Regulation Frequency:
  - Upset by Unexpected Events: 2.0
  - Unable to Control Important Things: 1.0
  - Lacked Confidence Handling Problems: 3.0
  - Unable to Cope: 2.0
  - Irritated by Life: 3.0
  - On Top of Things: 3.0
- Anxiety Symptoms Frequency:
  - Feeling Nervous or On Edge: 0.0
  - Trouble Relaxing: 0.0
  - Restlessness: 0.0
  - Irritability: 0.0
  - Fear Something Awful Might Happen: 0.0
- Depressive Symptoms Frequency:
  - Anhedonia: 1.0
  - Sleep Problems: 0.0
  - Fatigue: 1.0
  - Appetite Changes: 2.0
  - Feelings of Worthlessness: 0.0
  - Concentration Difficulties: 0.0
  - Suicidal Thoughts: 0.0
",4,"How many respondents are there?

DATA:

Survey Data
==================================================

Questions:
1. Year of birth: What is your date of birth? [Open-ended]
2. Gender: What is your gender? [MCQ: 1. Male 2. Female]
3. Socio-economic status: What is the socio-economic status of your home? [Likert 1–6: 1 = Very low, 6 = Very high]
4. Ethnic identity: According to your culture, people, or physical features, you are or are recognized as: [MCQ: 1. Indigenous 2. Gypsy 3. Raizal from San Andres, Providencia and Santa Catalina Archipelago 4. Palenquero from San Basilio 5. Black, mulatto (Afro-descendant), Afro-Colombian 6. None of the above]
5. Parental Education: How many years of education did your parents receive? [Open-ended]
   - Father: Father?
   - Mother: Mother?
6. Life satisfaction: In general, how satisfied are you with all aspects of your life? [Likert 0–10: 0 = Not satisfied, 10 = Totally satisfied]
7. Happiness: How happy did you feel yesterday? [Likert 0–10: 0 = At no time, 10 = All the time]
8. Laughter: How much did you laugh yesterday? [Likert 0–10: 0 = At no time, 10 = All the time]
9. Learning: Did you learn new or exciting things yesterday? [Likert 0–10: 0 = At no time, 10 = All the time]
10. Enjoyment: How much did you enjoy the activities you did yesterday? [Likert 0–10: 0 = At no time, 10 = All the time]
11. Worry: How worried did you feel yesterday? [Likert 0–10: 0 = At no time, 10 = All the time]
12. Depression: How depressed did you feel yesterday? [Likert 0–10: 0 = At no time, 10 = All the time]
13. Anger: How angry did you feel yesterday? [Likert 0–10: 0 = At no time, 10 = All the time]
14. Stress: How much stress did you feel yesterday? [Likert 0–10: 0 = At no time, 10 = All the time]
15. Loneliness: How lonely or unsupported did you feel yesterday? [Likert 0–10: 0 = At no time, 10 = All the time]
16. Emotional Regulation Frequency: Next, you will be asked questions about your emotional state. Please answer on a scale of 0 to 4, where 0 is never, 1 is 'almost never', 2 is 'sometimes', 3 is 'fairly often', and 4 is 'very often', how often you experienced the following feelings during the last month: [Likert 0–4]
    - Upset by Unexpected Events: how often have you been upset because of something that happened unexpectedly?
    - Unable to Control Important Things: how often have you felt that you were unable to control the important things in your life?
    - Nervous and Stressed: how often have you felt nervous and stressed?
    - Lacked Confidence Handling Problems: how often have you felt confident about your ability to handle your personal problems?
    - Things Going Your Way: how often have you felt that things were going your way?
    - Unable to Cope: how often have you found that you could not cope with all the things that you had to do?
    - Irritated by Life: how often have you been able to control irritations in your life?
    - On Top of Things: how often have you felt that you were on top of things?
    - Angered by Uncontrollable Events: how often have you been angered because of things that happened that were outside of your control?
    - Felt Overwhelmed: how often have you felt difficulties were piling up so high that you could not overcome them?
17. Anxiety Symptoms Frequency: Next, you will be asked questions about your emotional state. Please answer on a scale of 0 to 3, where 0 is 'Not at all', 1 is 'several days', 2 is 'more than half of the days', and 3 is 'Nearly every day'. Over the last two weeks, how often have you been bothered by the following problems? [Likert 0–3]
    - Feeling Nervous or On Edge: Feeling nervous, anxious, or on edge
    - Uncontrollable Worrying: Not being able to stop or control worrying
    - Excessive Worry: Worrying too much about different things
    - Trouble Relaxing: Trouble relaxing
    - Restlessness: Being so restless that it is hard to sit still
    - Irritability: Becoming easily annoyed or irritable
    - Fear Something Awful Might Happen: Feeling afraid, as if something awful might happen
18. Depressive Symptoms Frequency: Next, you will be asked questions about your emotional state. Please answer on a scale of 0 to 3, where 0 is 'Not at all', 1 is 'several days', 2 is 'more than half of the days', and 3 is 'Nearly every day'. Over the last two weeks, how often have you been bothered by the following problems?
    - Anhedonia: Little interest or pleasure in doing things
    - Depressed Mood: Feeling down, depressed, or hopeless
    - Sleep Problems: Trouble falling or staying asleep, or sleeping too much
    - Fatigue: Feeling tired or having little energy
    - Appetite Changes: Poor appetite or overeating
    - Feelings of Worthlessness: Feeling bad about yourself or that you are a failure or have let yourself or your family down
    - Concentration Difficulties: Trouble concentrating on things, such as reading the newspaper or watching television
    - Psychomotor Changes: Moving or speaking so slowly that other people could have noticed. Or the opposite — being so fidgety or restless that you have been moving around a lot more than usual
    - Suicidal Thoughts: Thoughts that you would be better off dead, or of hurting yourself

Responses:
==================================================

Respondent 119:
- Year of birth: 2004.0
- Gender: 1.0
- Socio-economic status: 1.0
- Ethnic identity: 6.0
- Life satisfaction: 4.0
- Happiness: 8.0
- Laughter: 8.0
- Learning: 8.0
- Enjoyment: 8.0
- Worry: 1.0
- Depression: 1.0
- Anger: 2.0
- Stress: 2.0
- Loneliness: 2.0
- Emotional Regulation Frequency:
  - Upset by Unexpected Events: 2.0
  - Unable to Control Important Things: 2.0
  - Lacked Confidence Handling Problems: 2.0
  - Unable to Cope: 2.0
  - Irritated by Life: 2.0
  - On Top of Things: 2.0
- Anxiety Symptoms Frequency:
  - Feeling Nervous or On Edge: 1.0
  - Trouble Relaxing: 1.0
  - Restlessness: 1.0
  - Irritability: 1.0
  - Fear Something Awful Might Happen: 1.0
- Depressive Symptoms Frequency:
  - Anhedonia: 1.0
  - Sleep Problems: 1.0
  - Fatigue: 1.0
  - Appetite Changes: 0.0
  - Feelings of Worthlessness: 1.0
  - Concentration Difficulties: 0.0
  - Suicidal Thoughts: 0.0

Respondent 116:
- Year of birth: 2004.0
- Gender: 1.0
- Socio-economic status: 5.0
- Ethnic identity: 6.0
- Parental Education:
  - Father: 17.0
  - Mother: 17.0
- Life satisfaction: 8.0
- Happiness: 8.0
- Laughter: 7.0
- Learning: 7.0
- Enjoyment: 9.0
- Worry: 1.0
- Depression: 1.0
- Anger: 2.0
- Stress: 3.0
- Loneliness: 1.0
- Emotional Regulation Frequency:
  - Upset by Unexpected Events: 2.0
  - Unable to Control Important Things: 2.0
  - Lacked Confidence Handling Problems: 3.0
  - Unable to Cope: 2.0
  - Irritated by Life: 3.0
  - On Top of Things: 2.0
- Anxiety Symptoms Frequency:
  - Feeling Nervous or On Edge: 2.0
  - Trouble Relaxing: 1.0
  - Restlessness: 2.0
  - Irritability: 1.0
  - Fear Something Awful Might Happen: 2.0
- Depressive Symptoms Frequency:
  - Anhedonia: 1.0
  - Sleep Problems: 0.0
  - Fatigue: 2.0
  - Appetite Changes: 2.0
  - Feelings of Worthlessness: 1.0
  - Concentration Difficulties: 2.0
  - Suicidal Thoughts: 0.0

Answer: 2

Survey Data
==================================================

Questions:
1. Year of birth: What is your date of birth? [Open-ended]
2. Gender: What is your gender? [MCQ: 1. Male 2. Female]
3. Socio-economic status: What is the socio-economic status of your home? [Likert 1–6: 1 = Very low, 6 = Very high]
4. Ethnic identity: According to your culture, people, or physical features, you are or are recognized as: [MCQ: 1. Indigenous 2. Gypsy 3. Raizal from San Andres, Providencia and Santa Catalina Archipelago 4. Palenquero from San Basilio 5. Black, mulatto (Afro-descendant), Afro-Colombian 6. None of the above]
5. Parental Education: How many years of education did your parents receive? [Open-ended]
   - Father: Father?
   - Mother: Mother?
6. Life satisfaction: In general, how satisfied are you with all aspects of your life? [Likert 0–10: 0 = Not satisfied, 10 = Totally satisfied]
7. Happiness: How happy did you feel yesterday? [Likert 0–10: 0 = At no time, 10 = All the time]
8. Laughter: How much did you laugh yesterday? [Likert 0–10: 0 = At no time, 10 = All the time]
9. Learning: Did you learn new or exciting things yesterday? [Likert 0–10: 0 = At no time, 10 = All the time]
10. Enjoyment: How much did you enjoy the activities you did yesterday? [Likert 0–10: 0 = At no time, 10 = All the time]
11. Worry: How worried did you feel yesterday? [Likert 0–10: 0 = At no time, 10 = All the time]
12. Depression: How depressed did you feel yesterday? [Likert 0–10: 0 = At no time, 10 = All the time]
13. Anger: How angry did you feel yesterday? [Likert 0–10: 0 = At no time, 10 = All the time]
14. Stress: How much stress did you feel yesterday? [Likert 0–10: 0 = At no time, 10 = All the time]
15. Loneliness: How lonely or unsupported did you feel yesterday? [Likert 0–10: 0 = At no time, 10 = All the time]
16. Emotional Regulation Frequency: Next, you will be asked questions about your emotional state. Please answer on a scale of 0 to 4, where 0 is never, 1 is 'almost never', 2 is 'sometimes', 3 is 'fairly often', and 4 is 'very often', how often you experienced the following feelings during the last month: [Likert 0–4]
    - Upset by Unexpected Events: how often have you been upset because of something that happened unexpectedly?
    - Unable to Control Important Things: how often have you felt that you were unable to control the important things in your life?
    - Nervous and Stressed: how often have you felt nervous and stressed?
    - Lacked Confidence Handling Problems: how often have you felt confident about your ability to handle your personal problems?
    - Things Going Your Way: how often have you felt that things were going your way?
    - Unable to Cope: how often have you found that you could not cope with all the things that you had to do?
    - Irritated by Life: how often have you been able to control irritations in your life?
    - On Top of Things: how often have you felt that you were on top of things?
    - Angered by Uncontrollable Events: how often have you been angered because of things that happened that were outside of your control?
    - Felt Overwhelmed: how often have you felt difficulties were piling up so high that you could not overcome them?
17. Anxiety Symptoms Frequency: Next, you will be asked questions about your emotional state. Please answer on a scale of 0 to 3, where 0 is 'Not at all', 1 is 'several days', 2 is 'more than half of the days', and 3 is 'Nearly every day'. Over the last two weeks, how often have you been bothered by the following problems? [Likert 0–3]
    - Feeling Nervous or On Edge: Feeling nervous, anxious, or on edge
    - Uncontrollable Worrying: Not being able to stop or control worrying
    - Excessive Worry: Worrying too much about different things
    - Trouble Relaxing: Trouble relaxing
    - Restlessness: Being so restless that it is hard to sit still
    - Irritability: Becoming easily annoyed or irritable
    - Fear Something Awful Might Happen: Feeling afraid, as if something awful might happen
18. Depressive Symptoms Frequency: Next, you will be asked questions about your emotional state. Please answer on a scale of 0 to 3, where 0 is 'Not at all', 1 is 'several days', 2 is 'more than half of the days', and 3 is 'Nearly every day'. Over the last two weeks, how often have you been bothered by the following problems?
    - Anhedonia: Little interest or pleasure in doing things
    - Depressed Mood: Feeling down, depressed, or hopeless
    - Sleep Problems: Trouble falling or staying asleep, or sleeping too much
    - Fatigue: Feeling tired or having little energy
    - Appetite Changes: Poor appetite or overeating
    - Feelings of Worthlessness: Feeling bad about yourself or that you are a failure or have let yourself or your family down
    - Concentration Difficulties: Trouble concentrating on things, such as reading the newspaper or watching television
    - Psychomotor Changes: Moving or speaking so slowly that other people could have noticed. Or the opposite — being so fidgety or restless that you have been moving around a lot more than usual
    - Suicidal Thoughts: Thoughts that you would be better off dead, or of hurting yourself

Responses:
==================================================

Respondent 46:
- Year of birth: 2005.0
- Gender: 1.0
- Socio-economic status: 4.0
- Ethnic identity: 6.0
- Life satisfaction: 9.0
- Happiness: 9.0
- Laughter: 10.0
- Learning: 9.0
- Enjoyment: 10.0
- Worry: 1.0
- Depression: 0.0
- Anger: 3.0
- Stress: 3.0
- Loneliness: 0.0
- Emotional Regulation Frequency:
  - Upset by Unexpected Events: 2.0
  - Unable to Control Important Things: 1.0
  - Lacked Confidence Handling Problems: 2.0
  - Unable to Cope: 3.0
  - Irritated by Life: 3.0
  - On Top of Things: 3.0
- Anxiety Symptoms Frequency:
  - Feeling Nervous or On Edge: 1.0
  - Trouble Relaxing: 1.0
  - Restlessness: 1.0
  - Irritability: 1.0
  - Fear Something Awful Might Happen: 2.0
- Depressive Symptoms Frequency:
  - Anhedonia: 0.0
  - Sleep Problems: 0.0
  - Fatigue: 1.0
  - Appetite Changes: 0.0
  - Feelings of Worthlessness: 0.0
  - Concentration Difficulties: 0.0
  - Suicidal Thoughts: 0.0

Respondent 32:
- Year of birth: 2004.0
- Gender: 1.0
- Socio-economic status: 3.0
- Ethnic identity: 6.0
- Parental Education:
  - Father: 16.0
  - Mother: 10.0
- Life satisfaction: 8.0
- Happiness: 10.0
- Laughter: 10.0
- Learning: 6.0
- Enjoyment: 10.0
- Worry: 1.0
- Depression: 0.0
- Anger: 3.0
- Stress: 3.0
- Loneliness: 0.0
- Emotional Regulation Frequency:
  - Upset by Unexpected Events: 2.0
  - Unable to Control Important Things: 3.0
  - Lacked Confidence Handling Problems: 2.0
  - Unable to Cope: 2.0
  - Irritated by Life: 2.0
  - On Top of Things: 2.0
- Anxiety Symptoms Frequency:
  - Feeling Nervous or On Edge: 1.0
  - Trouble Relaxing: 0.0
  - Restlessness: 0.0
  - Irritability: 2.0
  - Fear Something Awful Might Happen: 1.0
- Depressive Symptoms Frequency:
  - Anhedonia: 0.0
  - Sleep Problems: 2.0
  - Fatigue: 1.0
  - Appetite Changes: 0.0
  - Feelings of Worthlessness: 0.0
  - Concentration Difficulties: 2.0
  - Suicidal Thoughts: 0.0

Respondent 65:
- Year of birth: 2003.0
- Gender: 2.0
- Socio-economic status: 3.0
- Ethnic identity: 5.0
- Parental Education:
  - Father: 11.0
  - Mother: 8.0
- Life satisfaction: 8.0
- Happiness: 7.0
- Laughter: 5.0
- Learning: 5.0
- Enjoyment: 5.0
- Worry: 1.0
- Depression: 0.0
- Anger: 2.0
- Stress: 3.0
- Loneliness: 2.0
- Emotional Regulation Frequency:
  - Upset by Unexpected Events: 2.0
  - Unable to Control Important Things: 2.0
  - Lacked Confidence Handling Problems: 3.0
  - Unable to Cope: 2.0
  - Irritated by Life: 3.0
  - On Top of Things: 3.0
- Anxiety Symptoms Frequency:
  - Feeling Nervous or On Edge: 1.0
  - Trouble Relaxing: 1.0
  - Restlessness: 0.0
  - Irritability: 1.0
  - Fear Something Awful Might Happen: 0.0
- Depressive Symptoms Frequency:
  - Anhedonia: 0.0
  - Sleep Problems: 1.0
  - Fatigue: 0.0
  - Appetite Changes: 1.0
  - Feelings of Worthlessness: 0.0
  - Concentration Difficulties: 0.0
  - Suicidal Thoughts: 0.0

Respondent 114:
- Year of birth: 2004.0
- Gender: 1.0
- Socio-economic status: 1.0
- Ethnic identity: 5.0
- Life satisfaction: 7.0
- Happiness: 9.0
- Laughter: 10.0
- Learning: 7.0
- Enjoyment: 10.0
- Worry: 1.0
- Depression: 0.0
- Anger: 3.0
- Stress: 2.0
- Loneliness: 8.0
- Emotional Regulation Frequency:
  - Upset by Unexpected Events: 2.0
  - Unable to Control Important Things: 1.0
  - Lacked Confidence Handling Problems: 3.0
  - Unable to Cope: 2.0
  - Irritated by Life: 3.0
  - On Top of Things: 3.0
- Anxiety Symptoms Frequency:
  - Feeling Nervous or On Edge: 0.0
  - Trouble Relaxing: 0.0
  - Restlessness: 0.0
  - Irritability: 0.0
  - Fear Something Awful Might Happen: 0.0
- Depressive Symptoms Frequency:
  - Anhedonia: 1.0
  - Sleep Problems: 0.0
  - Fatigue: 1.0
  - Appetite Changes: 2.0
  - Feelings of Worthlessness: 0.0
  - Concentration Difficulties: 0.0
  - Suicidal Thoughts: 0.0

You are a meticulous data analyst AI. Your primary function is to accurately analyze structured data and provide precise, verifiable answers.

You will be given a dataset with two key parts:

A 'questions' section: This is your data dictionary or schema. It is the single source of truth for understanding what each field and score means. Refer to it carefully.

A 'responses' section: This contains the raw data from each individual respondent.

To answer the question correctly, you must first use the 'questions' schema to fully understand the context and meaning of the data points within the 'responses'. Do not rely on any prior knowledge outside of this provided data. Base your entire analysis on the information given.

Provide your final answer directly and concisely. Output must be the human-readable value, not an option code.

Rules:
- For MCQ fields, map any letter codes in the Responses (case-insensitive) to the corresponding option text from the Questions schema, and output only that text. Do NOT include the letter or both.
  Example: If the schema is ""[MCQ: A. Abnormal B. Inconclusive C. Normal]"" and the response is ""a"", output ""Abnormal"".
- For open-ended fields, output the exact text value.
- If the question asks for a count, provide only the number (e.g., ""42"").
- If the question asks for a list of names or IDs, provide a simple comma-separated list (e.g., ""17, 21, 23"").
- Preserve capitalization exactly as in the schema (e.g., output ""Abnormal"", not ""abnormal"" or ""A"").

How many respondents are there?",6,False
case_20,respondent_count,How many respondents are there?,"Survey Data
==================================================

Questions:
1. Year of birth: What is your date of birth? [Open-ended]
2. Gender: What is your gender? [MCQ: 1. Male 2. Female]
3. Socio-economic status: What is the socio-economic status of your home? [Likert 1–6: 1 = Very low, 6 = Very high]
4. Ethnic identity: According to your culture, people, or physical features, you are or are recognized as: [MCQ: 1. Indigenous 2. Gypsy 3. Raizal from San Andres, Providencia and Santa Catalina Archipelago 4. Palenquero from San Basilio 5. Black, mulatto (Afro-descendant), Afro-Colombian 6. None of the above]
5. Parental Education: How many years of education did your parents receive? [Open-ended]
   - Father: Father?
   - Mother: Mother?
6. Life satisfaction: In general, how satisfied are you with all aspects of your life? [Likert 0–10: 0 = Not satisfied, 10 = Totally satisfied]
7. Happiness: How happy did you feel yesterday? [Likert 0–10: 0 = At no time, 10 = All the time]
8. Laughter: How much did you laugh yesterday? [Likert 0–10: 0 = At no time, 10 = All the time]
9. Learning: Did you learn new or exciting things yesterday? [Likert 0–10: 0 = At no time, 10 = All the time]
10. Enjoyment: How much did you enjoy the activities you did yesterday? [Likert 0–10: 0 = At no time, 10 = All the time]
11. Worry: How worried did you feel yesterday? [Likert 0–10: 0 = At no time, 10 = All the time]
12. Depression: How depressed did you feel yesterday? [Likert 0–10: 0 = At no time, 10 = All the time]
13. Anger: How angry did you feel yesterday? [Likert 0–10: 0 = At no time, 10 = All the time]
14. Stress: How much stress did you feel yesterday? [Likert 0–10: 0 = At no time, 10 = All the time]
15. Loneliness: How lonely or unsupported did you feel yesterday? [Likert 0–10: 0 = At no time, 10 = All the time]
16. Emotional Regulation Frequency: Next, you will be asked questions about your emotional state. Please answer on a scale of 0 to 4, where 0 is never, 1 is 'almost never', 2 is 'sometimes', 3 is 'fairly often', and 4 is 'very often', how often you experienced the following feelings during the last month: [Likert 0–4]
    - Upset by Unexpected Events: how often have you been upset because of something that happened unexpectedly?
    - Unable to Control Important Things: how often have you felt that you were unable to control the important things in your life?
    - Nervous and Stressed: how often have you felt nervous and stressed?
    - Lacked Confidence Handling Problems: how often have you felt confident about your ability to handle your personal problems?
    - Things Going Your Way: how often have you felt that things were going your way?
    - Unable to Cope: how often have you found that you could not cope with all the things that you had to do?
    - Irritated by Life: how often have you been able to control irritations in your life?
    - On Top of Things: how often have you felt that you were on top of things?
    - Angered by Uncontrollable Events: how often have you been angered because of things that happened that were outside of your control?
    - Felt Overwhelmed: how often have you felt difficulties were piling up so high that you could not overcome them?
17. Anxiety Symptoms Frequency: Next, you will be asked questions about your emotional state. Please answer on a scale of 0 to 3, where 0 is 'Not at all', 1 is 'several days', 2 is 'more than half of the days', and 3 is 'Nearly every day'. Over the last two weeks, how often have you been bothered by the following problems? [Likert 0–3]
    - Feeling Nervous or On Edge: Feeling nervous, anxious, or on edge
    - Uncontrollable Worrying: Not being able to stop or control worrying
    - Excessive Worry: Worrying too much about different things
    - Trouble Relaxing: Trouble relaxing
    - Restlessness: Being so restless that it is hard to sit still
    - Irritability: Becoming easily annoyed or irritable
    - Fear Something Awful Might Happen: Feeling afraid, as if something awful might happen
18. Depressive Symptoms Frequency: Next, you will be asked questions about your emotional state. Please answer on a scale of 0 to 3, where 0 is 'Not at all', 1 is 'several days', 2 is 'more than half of the days', and 3 is 'Nearly every day'. Over the last two weeks, how often have you been bothered by the following problems?
    - Anhedonia: Little interest or pleasure in doing things
    - Depressed Mood: Feeling down, depressed, or hopeless
    - Sleep Problems: Trouble falling or staying asleep, or sleeping too much
    - Fatigue: Feeling tired or having little energy
    - Appetite Changes: Poor appetite or overeating
    - Feelings of Worthlessness: Feeling bad about yourself or that you are a failure or have let yourself or your family down
    - Concentration Difficulties: Trouble concentrating on things, such as reading the newspaper or watching television
    - Psychomotor Changes: Moving or speaking so slowly that other people could have noticed. Or the opposite — being so fidgety or restless that you have been moving around a lot more than usual
    - Suicidal Thoughts: Thoughts that you would be better off dead, or of hurting yourself

Responses:
==================================================

Respondent 148:
- Year of birth: 2002.0
- Gender: 2.0
- Socio-economic status: 3.0
- Ethnic identity: 6.0
- Life satisfaction: 2.0
- Happiness: 4.0
- Laughter: 3.0
- Learning: 0.0
- Enjoyment: 5.0
- Worry: 3.0
- Depression: 3.0
- Anger: 2.0
- Stress: 4.0
- Loneliness: 10.0
- Emotional Regulation Frequency:
  - Upset by Unexpected Events: 3.0
  - Unable to Control Important Things: 4.0
  - Lacked Confidence Handling Problems: 1.0
  - Unable to Cope: 4.0
  - Irritated by Life: 2.0
  - On Top of Things: 1.0
- Anxiety Symptoms Frequency:
  - Feeling Nervous or On Edge: 3.0
  - Trouble Relaxing: 3.0
  - Restlessness: 2.0
  - Irritability: 0.0
  - Fear Something Awful Might Happen: 3.0
- Depressive Symptoms Frequency:
  - Anhedonia: 1.0
  - Sleep Problems: 3.0
  - Fatigue: 3.0
  - Appetite Changes: 3.0
  - Feelings of Worthlessness: 3.0
  - Concentration Difficulties: 3.0
  - Suicidal Thoughts: 3.0

Respondent 146:
- Year of birth: 2004.0
- Gender: 1.0
- Socio-economic status: 4.0
- Ethnic identity: 6.0
- Parental Education:
  - Father: 16.0
  - Mother: 21.0
- Life satisfaction: 8.0
- Happiness: 8.0
- Laughter: 8.0
- Learning: 9.0
- Enjoyment: 10.0
- Worry: 0.0
- Depression: 0.0
- Anger: 3.0
- Stress: 3.0
- Loneliness: 0.0
- Emotional Regulation Frequency:
  - Upset by Unexpected Events: 2.0
  - Unable to Control Important Things: 1.0
  - Lacked Confidence Handling Problems: 4.0
  - Unable to Cope: 2.0
  - Irritated by Life: 2.0
  - On Top of Things: 3.0
- Anxiety Symptoms Frequency:
  - Feeling Nervous or On Edge: 1.0
  - Trouble Relaxing: 1.0
  - Restlessness: 0.0
  - Irritability: 1.0
  - Fear Something Awful Might Happen: 1.0
- Depressive Symptoms Frequency:
  - Anhedonia: 1.0
  - Sleep Problems: 0.0
  - Fatigue: 1.0
  - Appetite Changes: 1.0
  - Feelings of Worthlessness: 0.0
  - Concentration Difficulties: 0.0
  - Suicidal Thoughts: 0.0
",2,"How many respondents are there?

DATA:

Survey Data
==================================================

Questions:
1. Year of birth: What is your date of birth? [Open-ended]
2. Gender: What is your gender? [MCQ: 1. Male 2. Female]
3. Socio-economic status: What is the socio-economic status of your home? [Likert 1–6: 1 = Very low, 6 = Very high]
4. Ethnic identity: According to your culture, people, or physical features, you are or are recognized as: [MCQ: 1. Indigenous 2. Gypsy 3. Raizal from San Andres, Providencia and Santa Catalina Archipelago 4. Palenquero from San Basilio 5. Black, mulatto (Afro-descendant), Afro-Colombian 6. None of the above]
5. Parental Education: How many years of education did your parents receive? [Open-ended]
   - Father: Father?
   - Mother: Mother?
6. Life satisfaction: In general, how satisfied are you with all aspects of your life? [Likert 0–10: 0 = Not satisfied, 10 = Totally satisfied]
7. Happiness: How happy did you feel yesterday? [Likert 0–10: 0 = At no time, 10 = All the time]
8. Laughter: How much did you laugh yesterday? [Likert 0–10: 0 = At no time, 10 = All the time]
9. Learning: Did you learn new or exciting things yesterday? [Likert 0–10: 0 = At no time, 10 = All the time]
10. Enjoyment: How much did you enjoy the activities you did yesterday? [Likert 0–10: 0 = At no time, 10 = All the time]
11. Worry: How worried did you feel yesterday? [Likert 0–10: 0 = At no time, 10 = All the time]
12. Depression: How depressed did you feel yesterday? [Likert 0–10: 0 = At no time, 10 = All the time]
13. Anger: How angry did you feel yesterday? [Likert 0–10: 0 = At no time, 10 = All the time]
14. Stress: How much stress did you feel yesterday? [Likert 0–10: 0 = At no time, 10 = All the time]
15. Loneliness: How lonely or unsupported did you feel yesterday? [Likert 0–10: 0 = At no time, 10 = All the time]
16. Emotional Regulation Frequency: Next, you will be asked questions about your emotional state. Please answer on a scale of 0 to 4, where 0 is never, 1 is 'almost never', 2 is 'sometimes', 3 is 'fairly often', and 4 is 'very often', how often you experienced the following feelings during the last month: [Likert 0–4]
    - Upset by Unexpected Events: how often have you been upset because of something that happened unexpectedly?
    - Unable to Control Important Things: how often have you felt that you were unable to control the important things in your life?
    - Nervous and Stressed: how often have you felt nervous and stressed?
    - Lacked Confidence Handling Problems: how often have you felt confident about your ability to handle your personal problems?
    - Things Going Your Way: how often have you felt that things were going your way?
    - Unable to Cope: how often have you found that you could not cope with all the things that you had to do?
    - Irritated by Life: how often have you been able to control irritations in your life?
    - On Top of Things: how often have you felt that you were on top of things?
    - Angered by Uncontrollable Events: how often have you been angered because of things that happened that were outside of your control?
    - Felt Overwhelmed: how often have you felt difficulties were piling up so high that you could not overcome them?
17. Anxiety Symptoms Frequency: Next, you will be asked questions about your emotional state. Please answer on a scale of 0 to 3, where 0 is 'Not at all', 1 is 'several days', 2 is 'more than half of the days', and 3 is 'Nearly every day'. Over the last two weeks, how often have you been bothered by the following problems? [Likert 0–3]
    - Feeling Nervous or On Edge: Feeling nervous, anxious, or on edge
    - Uncontrollable Worrying: Not being able to stop or control worrying
    - Excessive Worry: Worrying too much about different things
    - Trouble Relaxing: Trouble relaxing
    - Restlessness: Being so restless that it is hard to sit still
    - Irritability: Becoming easily annoyed or irritable
    - Fear Something Awful Might Happen: Feeling afraid, as if something awful might happen
18. Depressive Symptoms Frequency: Next, you will be asked questions about your emotional state. Please answer on a scale of 0 to 3, where 0 is 'Not at all', 1 is 'several days', 2 is 'more than half of the days', and 3 is 'Nearly every day'. Over the last two weeks, how often have you been bothered by the following problems?
    - Anhedonia: Little interest or pleasure in doing things
    - Depressed Mood: Feeling down, depressed, or hopeless
    - Sleep Problems: Trouble falling or staying asleep, or sleeping too much
    - Fatigue: Feeling tired or having little energy
    - Appetite Changes: Poor appetite or overeating
    - Feelings of Worthlessness: Feeling bad about yourself or that you are a failure or have let yourself or your family down
    - Concentration Difficulties: Trouble concentrating on things, such as reading the newspaper or watching television
    - Psychomotor Changes: Moving or speaking so slowly that other people could have noticed. Or the opposite — being so fidgety or restless that you have been moving around a lot more than usual
    - Suicidal Thoughts: Thoughts that you would be better off dead, or of hurting yourself

Responses:
==================================================

Respondent 119:
- Year of birth: 2004.0
- Gender: 1.0
- Socio-economic status: 1.0
- Ethnic identity: 6.0
- Life satisfaction: 4.0
- Happiness: 8.0
- Laughter: 8.0
- Learning: 8.0
- Enjoyment: 8.0
- Worry: 1.0
- Depression: 1.0
- Anger: 2.0
- Stress: 2.0
- Loneliness: 2.0
- Emotional Regulation Frequency:
  - Upset by Unexpected Events: 2.0
  - Unable to Control Important Things: 2.0
  - Lacked Confidence Handling Problems: 2.0
  - Unable to Cope: 2.0
  - Irritated by Life: 2.0
  - On Top of Things: 2.0
- Anxiety Symptoms Frequency:
  - Feeling Nervous or On Edge: 1.0
  - Trouble Relaxing: 1.0
  - Restlessness: 1.0
  - Irritability: 1.0
  - Fear Something Awful Might Happen: 1.0
- Depressive Symptoms Frequency:
  - Anhedonia: 1.0
  - Sleep Problems: 1.0
  - Fatigue: 1.0
  - Appetite Changes: 0.0
  - Feelings of Worthlessness: 1.0
  - Concentration Difficulties: 0.0
  - Suicidal Thoughts: 0.0

Respondent 116:
- Year of birth: 2004.0
- Gender: 1.0
- Socio-economic status: 5.0
- Ethnic identity: 6.0
- Parental Education:
  - Father: 17.0
  - Mother: 17.0
- Life satisfaction: 8.0
- Happiness: 8.0
- Laughter: 7.0
- Learning: 7.0
- Enjoyment: 9.0
- Worry: 1.0
- Depression: 1.0
- Anger: 2.0
- Stress: 3.0
- Loneliness: 1.0
- Emotional Regulation Frequency:
  - Upset by Unexpected Events: 2.0
  - Unable to Control Important Things: 2.0
  - Lacked Confidence Handling Problems: 3.0
  - Unable to Cope: 2.0
  - Irritated by Life: 3.0
  - On Top of Things: 2.0
- Anxiety Symptoms Frequency:
  - Feeling Nervous or On Edge: 2.0
  - Trouble Relaxing: 1.0
  - Restlessness: 2.0
  - Irritability: 1.0
  - Fear Something Awful Might Happen: 2.0
- Depressive Symptoms Frequency:
  - Anhedonia: 1.0
  - Sleep Problems: 0.0
  - Fatigue: 2.0
  - Appetite Changes: 2.0
  - Feelings of Worthlessness: 1.0
  - Concentration Difficulties: 2.0
  - Suicidal Thoughts: 0.0

Answer: 2

Survey Data
==================================================

Questions:
1. Year of birth: What is your date of birth? [Open-ended]
2. Gender: What is your gender? [MCQ: 1. Male 2. Female]
3. Socio-economic status: What is the socio-economic status of your home? [Likert 1–6: 1 = Very low, 6 = Very high]
4. Ethnic identity: According to your culture, people, or physical features, you are or are recognized as: [MCQ: 1. Indigenous 2. Gypsy 3. Raizal from San Andres, Providencia and Santa Catalina Archipelago 4. Palenquero from San Basilio 5. Black, mulatto (Afro-descendant), Afro-Colombian 6. None of the above]
5. Parental Education: How many years of education did your parents receive? [Open-ended]
   - Father: Father?
   - Mother: Mother?
6. Life satisfaction: In general, how satisfied are you with all aspects of your life? [Likert 0–10: 0 = Not satisfied, 10 = Totally satisfied]
7. Happiness: How happy did you feel yesterday? [Likert 0–10: 0 = At no time, 10 = All the time]
8. Laughter: How much did you laugh yesterday? [Likert 0–10: 0 = At no time, 10 = All the time]
9. Learning: Did you learn new or exciting things yesterday? [Likert 0–10: 0 = At no time, 10 = All the time]
10. Enjoyment: How much did you enjoy the activities you did yesterday? [Likert 0–10: 0 = At no time, 10 = All the time]
11. Worry: How worried did you feel yesterday? [Likert 0–10: 0 = At no time, 10 = All the time]
12. Depression: How depressed did you feel yesterday? [Likert 0–10: 0 = At no time, 10 = All the time]
13. Anger: How angry did you feel yesterday? [Likert 0–10: 0 = At no time, 10 = All the time]
14. Stress: How much stress did you feel yesterday? [Likert 0–10: 0 = At no time, 10 = All the time]
15. Loneliness: How lonely or unsupported did you feel yesterday? [Likert 0–10: 0 = At no time, 10 = All the time]
16. Emotional Regulation Frequency: Next, you will be asked questions about your emotional state. Please answer on a scale of 0 to 4, where 0 is never, 1 is 'almost never', 2 is 'sometimes', 3 is 'fairly often', and 4 is 'very often', how often you experienced the following feelings during the last month: [Likert 0–4]
    - Upset by Unexpected Events: how often have you been upset because of something that happened unexpectedly?
    - Unable to Control Important Things: how often have you felt that you were unable to control the important things in your life?
    - Nervous and Stressed: how often have you felt nervous and stressed?
    - Lacked Confidence Handling Problems: how often have you felt confident about your ability to handle your personal problems?
    - Things Going Your Way: how often have you felt that things were going your way?
    - Unable to Cope: how often have you found that you could not cope with all the things that you had to do?
    - Irritated by Life: how often have you been able to control irritations in your life?
    - On Top of Things: how often have you felt that you were on top of things?
    - Angered by Uncontrollable Events: how often have you been angered because of things that happened that were outside of your control?
    - Felt Overwhelmed: how often have you felt difficulties were piling up so high that you could not overcome them?
17. Anxiety Symptoms Frequency: Next, you will be asked questions about your emotional state. Please answer on a scale of 0 to 3, where 0 is 'Not at all', 1 is 'several days', 2 is 'more than half of the days', and 3 is 'Nearly every day'. Over the last two weeks, how often have you been bothered by the following problems? [Likert 0–3]
    - Feeling Nervous or On Edge: Feeling nervous, anxious, or on edge
    - Uncontrollable Worrying: Not being able to stop or control worrying
    - Excessive Worry: Worrying too much about different things
    - Trouble Relaxing: Trouble relaxing
    - Restlessness: Being so restless that it is hard to sit still
    - Irritability: Becoming easily annoyed or irritable
    - Fear Something Awful Might Happen: Feeling afraid, as if something awful might happen
18. Depressive Symptoms Frequency: Next, you will be asked questions about your emotional state. Please answer on a scale of 0 to 3, where 0 is 'Not at all', 1 is 'several days', 2 is 'more than half of the days', and 3 is 'Nearly every day'. Over the last two weeks, how often have you been bothered by the following problems?
    - Anhedonia: Little interest or pleasure in doing things
    - Depressed Mood: Feeling down, depressed, or hopeless
    - Sleep Problems: Trouble falling or staying asleep, or sleeping too much
    - Fatigue: Feeling tired or having little energy
    - Appetite Changes: Poor appetite or overeating
    - Feelings of Worthlessness: Feeling bad about yourself or that you are a failure or have let yourself or your family down
    - Concentration Difficulties: Trouble concentrating on things, such as reading the newspaper or watching television
    - Psychomotor Changes: Moving or speaking so slowly that other people could have noticed. Or the opposite — being so fidgety or restless that you have been moving around a lot more than usual
    - Suicidal Thoughts: Thoughts that you would be better off dead, or of hurting yourself

Responses:
==================================================

Respondent 148:
- Year of birth: 2002.0
- Gender: 2.0
- Socio-economic status: 3.0
- Ethnic identity: 6.0
- Life satisfaction: 2.0
- Happiness: 4.0
- Laughter: 3.0
- Learning: 0.0
- Enjoyment: 5.0
- Worry: 3.0
- Depression: 3.0
- Anger: 2.0
- Stress: 4.0
- Loneliness: 10.0
- Emotional Regulation Frequency:
  - Upset by Unexpected Events: 3.0
  - Unable to Control Important Things: 4.0
  - Lacked Confidence Handling Problems: 1.0
  - Unable to Cope: 4.0
  - Irritated by Life: 2.0
  - On Top of Things: 1.0
- Anxiety Symptoms Frequency:
  - Feeling Nervous or On Edge: 3.0
  - Trouble Relaxing: 3.0
  - Restlessness: 2.0
  - Irritability: 0.0
  - Fear Something Awful Might Happen: 3.0
- Depressive Symptoms Frequency:
  - Anhedonia: 1.0
  - Sleep Problems: 3.0
  - Fatigue: 3.0
  - Appetite Changes: 3.0
  - Feelings of Worthlessness: 3.0
  - Concentration Difficulties: 3.0
  - Suicidal Thoughts: 3.0

Respondent 146:
- Year of birth: 2004.0
- Gender: 1.0
- Socio-economic status: 4.0
- Ethnic identity: 6.0
- Parental Education:
  - Father: 16.0
  - Mother: 21.0
- Life satisfaction: 8.0
- Happiness: 8.0
- Laughter: 8.0
- Learning: 9.0
- Enjoyment: 10.0
- Worry: 0.0
- Depression: 0.0
- Anger: 3.0
- Stress: 3.0
- Loneliness: 0.0
- Emotional Regulation Frequency:
  - Upset by Unexpected Events: 2.0
  - Unable to Control Important Things: 1.0
  - Lacked Confidence Handling Problems: 4.0
  - Unable to Cope: 2.0
  - Irritated by Life: 2.0
  - On Top of Things: 3.0
- Anxiety Symptoms Frequency:
  - Feeling Nervous or On Edge: 1.0
  - Trouble Relaxing: 1.0
  - Restlessness: 0.0
  - Irritability: 1.0
  - Fear Something Awful Might Happen: 1.0
- Depressive Symptoms Frequency:
  - Anhedonia: 1.0
  - Sleep Problems: 0.0
  - Fatigue: 1.0
  - Appetite Changes: 1.0
  - Feelings of Worthlessness: 0.0
  - Concentration Difficulties: 0.0
  - Suicidal Thoughts: 0.0

You are a meticulous data analyst AI. Your primary function is to accurately analyze structured data and provide precise, verifiable answers.

You will be given a dataset with two key parts:

A 'questions' section: This is your data dictionary or schema. It is the single source of truth for understanding what each field and score means. Refer to it carefully.

A 'responses' section: This contains the raw data from each individual respondent.

To answer the question correctly, you must first use the 'questions' schema to fully understand the context and meaning of the data points within the 'responses'. Do not rely on any prior knowledge outside of this provided data. Base your entire analysis on the information given.

Provide your final answer directly and concisely. Output must be the human-readable value, not an option code.

Rules:
- For MCQ fields, map any letter codes in the Responses (case-insensitive) to the corresponding option text from the Questions schema, and output only that text. Do NOT include the letter or both.
  Example: If the schema is ""[MCQ: A. Abnormal B. Inconclusive C. Normal]"" and the response is ""a"", output ""Abnormal"".
- For open-ended fields, output the exact text value.
- If the question asks for a count, provide only the number (e.g., ""42"").
- If the question asks for a list of names or IDs, provide a simple comma-separated list (e.g., ""17, 21, 23"").
- Preserve capitalization exactly as in the schema (e.g., output ""Abnormal"", not ""abnormal"" or ""A"").

How many respondents are there?",4,False
case_21,respondent_count,How many respondents are there?,"Survey Data
==================================================

Questions:
1. Year of birth: What is your date of birth? [Open-ended]
2. Gender: What is your gender? [MCQ: 1. Male 2. Female]
3. Socio-economic status: What is the socio-economic status of your home? [Likert 1–6: 1 = Very low, 6 = Very high]
4. Ethnic identity: According to your culture, people, or physical features, you are or are recognized as: [MCQ: 1. Indigenous 2. Gypsy 3. Raizal from San Andres, Providencia and Santa Catalina Archipelago 4. Palenquero from San Basilio 5. Black, mulatto (Afro-descendant), Afro-Colombian 6. None of the above]
5. Parental Education: How many years of education did your parents receive? [Open-ended]
   - Father: Father?
   - Mother: Mother?
6. Life satisfaction: In general, how satisfied are you with all aspects of your life? [Likert 0–10: 0 = Not satisfied, 10 = Totally satisfied]
7. Happiness: How happy did you feel yesterday? [Likert 0–10: 0 = At no time, 10 = All the time]
8. Laughter: How much did you laugh yesterday? [Likert 0–10: 0 = At no time, 10 = All the time]
9. Learning: Did you learn new or exciting things yesterday? [Likert 0–10: 0 = At no time, 10 = All the time]
10. Enjoyment: How much did you enjoy the activities you did yesterday? [Likert 0–10: 0 = At no time, 10 = All the time]
11. Worry: How worried did you feel yesterday? [Likert 0–10: 0 = At no time, 10 = All the time]
12. Depression: How depressed did you feel yesterday? [Likert 0–10: 0 = At no time, 10 = All the time]
13. Anger: How angry did you feel yesterday? [Likert 0–10: 0 = At no time, 10 = All the time]
14. Stress: How much stress did you feel yesterday? [Likert 0–10: 0 = At no time, 10 = All the time]
15. Loneliness: How lonely or unsupported did you feel yesterday? [Likert 0–10: 0 = At no time, 10 = All the time]
16. Emotional Regulation Frequency: Next, you will be asked questions about your emotional state. Please answer on a scale of 0 to 4, where 0 is never, 1 is 'almost never', 2 is 'sometimes', 3 is 'fairly often', and 4 is 'very often', how often you experienced the following feelings during the last month: [Likert 0–4]
    - Upset by Unexpected Events: how often have you been upset because of something that happened unexpectedly?
    - Unable to Control Important Things: how often have you felt that you were unable to control the important things in your life?
    - Nervous and Stressed: how often have you felt nervous and stressed?
    - Lacked Confidence Handling Problems: how often have you felt confident about your ability to handle your personal problems?
    - Things Going Your Way: how often have you felt that things were going your way?
    - Unable to Cope: how often have you found that you could not cope with all the things that you had to do?
    - Irritated by Life: how often have you been able to control irritations in your life?
    - On Top of Things: how often have you felt that you were on top of things?
    - Angered by Uncontrollable Events: how often have you been angered because of things that happened that were outside of your control?
    - Felt Overwhelmed: how often have you felt difficulties were piling up so high that you could not overcome them?
17. Anxiety Symptoms Frequency: Next, you will be asked questions about your emotional state. Please answer on a scale of 0 to 3, where 0 is 'Not at all', 1 is 'several days', 2 is 'more than half of the days', and 3 is 'Nearly every day'. Over the last two weeks, how often have you been bothered by the following problems? [Likert 0–3]
    - Feeling Nervous or On Edge: Feeling nervous, anxious, or on edge
    - Uncontrollable Worrying: Not being able to stop or control worrying
    - Excessive Worry: Worrying too much about different things
    - Trouble Relaxing: Trouble relaxing
    - Restlessness: Being so restless that it is hard to sit still
    - Irritability: Becoming easily annoyed or irritable
    - Fear Something Awful Might Happen: Feeling afraid, as if something awful might happen
18. Depressive Symptoms Frequency: Next, you will be asked questions about your emotional state. Please answer on a scale of 0 to 3, where 0 is 'Not at all', 1 is 'several days', 2 is 'more than half of the days', and 3 is 'Nearly every day'. Over the last two weeks, how often have you been bothered by the following problems?
    - Anhedonia: Little interest or pleasure in doing things
    - Depressed Mood: Feeling down, depressed, or hopeless
    - Sleep Problems: Trouble falling or staying asleep, or sleeping too much
    - Fatigue: Feeling tired or having little energy
    - Appetite Changes: Poor appetite or overeating
    - Feelings of Worthlessness: Feeling bad about yourself or that you are a failure or have let yourself or your family down
    - Concentration Difficulties: Trouble concentrating on things, such as reading the newspaper or watching television
    - Psychomotor Changes: Moving or speaking so slowly that other people could have noticed. Or the opposite — being so fidgety or restless that you have been moving around a lot more than usual
    - Suicidal Thoughts: Thoughts that you would be better off dead, or of hurting yourself

Responses:
==================================================

Respondent 87:
- Year of birth: 2005.0
- Gender: 2.0
- Socio-economic status: 4.0
- Ethnic identity: 6.0
- Parental Education:
  - Father: 17.0
- Life satisfaction: 7.0
- Happiness: 5.0
- Laughter: 3.0
- Learning: 5.0
- Enjoyment: 6.0
- Worry: 3.0
- Depression: 3.0
- Anger: 2.0
- Stress: 4.0
- Loneliness: 7.0
- Emotional Regulation Frequency:
  - Upset by Unexpected Events: 2.0
  - Unable to Control Important Things: 3.0
  - Lacked Confidence Handling Problems: 2.0
  - Unable to Cope: 3.0
  - Irritated by Life: 2.0
  - On Top of Things: 1.0
- Anxiety Symptoms Frequency:
  - Feeling Nervous or On Edge: 3.0
  - Trouble Relaxing: 3.0
  - Restlessness: 3.0
  - Irritability: 1.0
  - Fear Something Awful Might Happen: 0.0
- Depressive Symptoms Frequency:
  - Anhedonia: 2.0
  - Sleep Problems: 2.0
  - Fatigue: 2.0
  - Appetite Changes: 0.0
  - Feelings of Worthlessness: 3.0
  - Concentration Difficulties: 3.0
  - Suicidal Thoughts: 2.0

Respondent 103:
- Year of birth: 2004.0
- Gender: 2.0
- Socio-economic status: 5.0
- Ethnic identity: 6.0
- Parental Education:
  - Father: 16.0
  - Mother: 16.0
- Life satisfaction: 8.0
- Happiness: 6.0
- Laughter: 7.0
- Learning: 7.0
- Enjoyment: 8.0
- Worry: 1.0
- Depression: 1.0
- Anger: 3.0
- Stress: 3.0
- Loneliness: 3.0
- Emotional Regulation Frequency:
  - Upset by Unexpected Events: 3.0
  - Unable to Control Important Things: 1.0
  - Lacked Confidence Handling Problems: 3.0
  - Unable to Cope: 2.0
  - Irritated by Life: 3.0
  - On Top of Things: 2.0
- Anxiety Symptoms Frequency:
  - Feeling Nervous or On Edge: 3.0
  - Trouble Relaxing: 1.0
  - Restlessness: 2.0
  - Irritability: 2.0
  - Fear Something Awful Might Happen: 3.0
- Depressive Symptoms Frequency:
  - Anhedonia: 1.0
  - Sleep Problems: 0.0
  - Fatigue: 1.0
  - Appetite Changes: 1.0
  - Feelings of Worthlessness: 0.0
  - Concentration Difficulties: 1.0
  - Suicidal Thoughts: 0.0

Respondent 97:
- Year of birth: 2003.0
- Gender: 2.0
- Socio-economic status: 3.0
- Ethnic identity: 6.0
- Parental Education:
  - Father: 17.0
  - Mother: 17.0
- Life satisfaction: 7.0
- Happiness: 5.0
- Laughter: 4.0
- Learning: 7.0
- Enjoyment: 5.0
- Worry: 1.0
- Depression: 1.0
- Anger: 2.0
- Stress: 4.0
- Loneliness: 7.0
- Emotional Regulation Frequency:
  - Upset by Unexpected Events: 3.0
  - Unable to Control Important Things: 1.0
  - Lacked Confidence Handling Problems: 3.0
  - Unable to Cope: 2.0
  - Irritated by Life: 3.0
  - On Top of Things: 3.0
- Anxiety Symptoms Frequency:
  - Feeling Nervous or On Edge: 1.0
  - Trouble Relaxing: 1.0
  - Restlessness: 0.0
  - Irritability: 3.0
  - Fear Something Awful Might Happen: 0.0
- Depressive Symptoms Frequency:
  - Anhedonia: 0.0
  - Sleep Problems: 1.0
  - Fatigue: 1.0
  - Appetite Changes: 1.0
  - Feelings of Worthlessness: 0.0
  - Concentration Difficulties: 0.0
  - Suicidal Thoughts: 0.0

Respondent 110:
- Year of birth: 2004.0
- Gender: 2.0
- Socio-economic status: 1.0
- Ethnic identity: 6.0
- Parental Education:
  - Father: 9.0
  - Mother: 9.0
- Life satisfaction: 6.0
- Happiness: 8.0
- Laughter: 8.0
- Learning: 8.0
- Enjoyment: 6.0
- Worry: 2.0
- Depression: 2.0
- Anger: 3.0
- Stress: 4.0
- Loneliness: 10.0
- Emotional Regulation Frequency:
  - Upset by Unexpected Events: 4.0
  - Unable to Control Important Things: 4.0
  - Lacked Confidence Handling Problems: 2.0
  - Unable to Cope: 4.0
  - Irritated by Life: 2.0
  - On Top of Things: 2.0
- Anxiety Symptoms Frequency:
  - Feeling Nervous or On Edge: 2.0
  - Trouble Relaxing: 2.0
  - Restlessness: 2.0
  - Irritability: 3.0
  - Fear Something Awful Might Happen: 1.0
- Depressive Symptoms Frequency:
  - Anhedonia: 1.0
  - Sleep Problems: 2.0
  - Fatigue: 2.0
  - Appetite Changes: 2.0
  - Feelings of Worthlessness: 2.0
  - Concentration Difficulties: 2.0
  - Suicidal Thoughts: 0.0

Respondent 68:
- Year of birth: 2002.0
- Gender: 2.0
- Socio-economic status: 2.0
- Ethnic identity: 6.0
- Parental Education:
  - Father: 22.0
  - Mother: 22.0
- Life satisfaction: 8.0
- Happiness: 7.0
- Laughter: 7.0
- Learning: 8.0
- Enjoyment: 9.0
- Worry: 2.0
- Depression: 1.0
- Anger: 3.0
- Stress: 3.0
- Loneliness: 6.0
- Emotional Regulation Frequency:
  - Upset by Unexpected Events: 3.0
  - Unable to Control Important Things: 2.0
  - Lacked Confidence Handling Problems: 3.0
  - Unable to Cope: 2.0
  - Irritated by Life: 3.0
  - On Top of Things: 2.0
- Anxiety Symptoms Frequency:
  - Feeling Nervous or On Edge: 2.0
  - Trouble Relaxing: 1.0
  - Restlessness: 1.0
  - Irritability: 2.0
  - Fear Something Awful Might Happen: 1.0
- Depressive Symptoms Frequency:
  - Anhedonia: 2.0
  - Sleep Problems: 1.0
  - Fatigue: 2.0
  - Appetite Changes: 1.0
  - Feelings of Worthlessness: 2.0
  - Concentration Difficulties: 1.0
  - Suicidal Thoughts: 0.0
",5,"How many respondents are there?

DATA:

Survey Data
==================================================

Questions:
1. Year of birth: What is your date of birth? [Open-ended]
2. Gender: What is your gender? [MCQ: 1. Male 2. Female]
3. Socio-economic status: What is the socio-economic status of your home? [Likert 1–6: 1 = Very low, 6 = Very high]
4. Ethnic identity: According to your culture, people, or physical features, you are or are recognized as: [MCQ: 1. Indigenous 2. Gypsy 3. Raizal from San Andres, Providencia and Santa Catalina Archipelago 4. Palenquero from San Basilio 5. Black, mulatto (Afro-descendant), Afro-Colombian 6. None of the above]
5. Parental Education: How many years of education did your parents receive? [Open-ended]
   - Father: Father?
   - Mother: Mother?
6. Life satisfaction: In general, how satisfied are you with all aspects of your life? [Likert 0–10: 0 = Not satisfied, 10 = Totally satisfied]
7. Happiness: How happy did you feel yesterday? [Likert 0–10: 0 = At no time, 10 = All the time]
8. Laughter: How much did you laugh yesterday? [Likert 0–10: 0 = At no time, 10 = All the time]
9. Learning: Did you learn new or exciting things yesterday? [Likert 0–10: 0 = At no time, 10 = All the time]
10. Enjoyment: How much did you enjoy the activities you did yesterday? [Likert 0–10: 0 = At no time, 10 = All the time]
11. Worry: How worried did you feel yesterday? [Likert 0–10: 0 = At no time, 10 = All the time]
12. Depression: How depressed did you feel yesterday? [Likert 0–10: 0 = At no time, 10 = All the time]
13. Anger: How angry did you feel yesterday? [Likert 0–10: 0 = At no time, 10 = All the time]
14. Stress: How much stress did you feel yesterday? [Likert 0–10: 0 = At no time, 10 = All the time]
15. Loneliness: How lonely or unsupported did you feel yesterday? [Likert 0–10: 0 = At no time, 10 = All the time]
16. Emotional Regulation Frequency: Next, you will be asked questions about your emotional state. Please answer on a scale of 0 to 4, where 0 is never, 1 is 'almost never', 2 is 'sometimes', 3 is 'fairly often', and 4 is 'very often', how often you experienced the following feelings during the last month: [Likert 0–4]
    - Upset by Unexpected Events: how often have you been upset because of something that happened unexpectedly?
    - Unable to Control Important Things: how often have you felt that you were unable to control the important things in your life?
    - Nervous and Stressed: how often have you felt nervous and stressed?
    - Lacked Confidence Handling Problems: how often have you felt confident about your ability to handle your personal problems?
    - Things Going Your Way: how often have you felt that things were going your way?
    - Unable to Cope: how often have you found that you could not cope with all the things that you had to do?
    - Irritated by Life: how often have you been able to control irritations in your life?
    - On Top of Things: how often have you felt that you were on top of things?
    - Angered by Uncontrollable Events: how often have you been angered because of things that happened that were outside of your control?
    - Felt Overwhelmed: how often have you felt difficulties were piling up so high that you could not overcome them?
17. Anxiety Symptoms Frequency: Next, you will be asked questions about your emotional state. Please answer on a scale of 0 to 3, where 0 is 'Not at all', 1 is 'several days', 2 is 'more than half of the days', and 3 is 'Nearly every day'. Over the last two weeks, how often have you been bothered by the following problems? [Likert 0–3]
    - Feeling Nervous or On Edge: Feeling nervous, anxious, or on edge
    - Uncontrollable Worrying: Not being able to stop or control worrying
    - Excessive Worry: Worrying too much about different things
    - Trouble Relaxing: Trouble relaxing
    - Restlessness: Being so restless that it is hard to sit still
    - Irritability: Becoming easily annoyed or irritable
    - Fear Something Awful Might Happen: Feeling afraid, as if something awful might happen
18. Depressive Symptoms Frequency: Next, you will be asked questions about your emotional state. Please answer on a scale of 0 to 3, where 0 is 'Not at all', 1 is 'several days', 2 is 'more than half of the days', and 3 is 'Nearly every day'. Over the last two weeks, how often have you been bothered by the following problems?
    - Anhedonia: Little interest or pleasure in doing things
    - Depressed Mood: Feeling down, depressed, or hopeless
    - Sleep Problems: Trouble falling or staying asleep, or sleeping too much
    - Fatigue: Feeling tired or having little energy
    - Appetite Changes: Poor appetite or overeating
    - Feelings of Worthlessness: Feeling bad about yourself or that you are a failure or have let yourself or your family down
    - Concentration Difficulties: Trouble concentrating on things, such as reading the newspaper or watching television
    - Psychomotor Changes: Moving or speaking so slowly that other people could have noticed. Or the opposite — being so fidgety or restless that you have been moving around a lot more than usual
    - Suicidal Thoughts: Thoughts that you would be better off dead, or of hurting yourself

Responses:
==================================================

Respondent 119:
- Year of birth: 2004.0
- Gender: 1.0
- Socio-economic status: 1.0
- Ethnic identity: 6.0
- Life satisfaction: 4.0
- Happiness: 8.0
- Laughter: 8.0
- Learning: 8.0
- Enjoyment: 8.0
- Worry: 1.0
- Depression: 1.0
- Anger: 2.0
- Stress: 2.0
- Loneliness: 2.0
- Emotional Regulation Frequency:
  - Upset by Unexpected Events: 2.0
  - Unable to Control Important Things: 2.0
  - Lacked Confidence Handling Problems: 2.0
  - Unable to Cope: 2.0
  - Irritated by Life: 2.0
  - On Top of Things: 2.0
- Anxiety Symptoms Frequency:
  - Feeling Nervous or On Edge: 1.0
  - Trouble Relaxing: 1.0
  - Restlessness: 1.0
  - Irritability: 1.0
  - Fear Something Awful Might Happen: 1.0
- Depressive Symptoms Frequency:
  - Anhedonia: 1.0
  - Sleep Problems: 1.0
  - Fatigue: 1.0
  - Appetite Changes: 0.0
  - Feelings of Worthlessness: 1.0
  - Concentration Difficulties: 0.0
  - Suicidal Thoughts: 0.0

Respondent 116:
- Year of birth: 2004.0
- Gender: 1.0
- Socio-economic status: 5.0
- Ethnic identity: 6.0
- Parental Education:
  - Father: 17.0
  - Mother: 17.0
- Life satisfaction: 8.0
- Happiness: 8.0
- Laughter: 7.0
- Learning: 7.0
- Enjoyment: 9.0
- Worry: 1.0
- Depression: 1.0
- Anger: 2.0
- Stress: 3.0
- Loneliness: 1.0
- Emotional Regulation Frequency:
  - Upset by Unexpected Events: 2.0
  - Unable to Control Important Things: 2.0
  - Lacked Confidence Handling Problems: 3.0
  - Unable to Cope: 2.0
  - Irritated by Life: 3.0
  - On Top of Things: 2.0
- Anxiety Symptoms Frequency:
  - Feeling Nervous or On Edge: 2.0
  - Trouble Relaxing: 1.0
  - Restlessness: 2.0
  - Irritability: 1.0
  - Fear Something Awful Might Happen: 2.0
- Depressive Symptoms Frequency:
  - Anhedonia: 1.0
  - Sleep Problems: 0.0
  - Fatigue: 2.0
  - Appetite Changes: 2.0
  - Feelings of Worthlessness: 1.0
  - Concentration Difficulties: 2.0
  - Suicidal Thoughts: 0.0

Answer: 2

Survey Data
==================================================

Questions:
1. Year of birth: What is your date of birth? [Open-ended]
2. Gender: What is your gender? [MCQ: 1. Male 2. Female]
3. Socio-economic status: What is the socio-economic status of your home? [Likert 1–6: 1 = Very low, 6 = Very high]
4. Ethnic identity: According to your culture, people, or physical features, you are or are recognized as: [MCQ: 1. Indigenous 2. Gypsy 3. Raizal from San Andres, Providencia and Santa Catalina Archipelago 4. Palenquero from San Basilio 5. Black, mulatto (Afro-descendant), Afro-Colombian 6. None of the above]
5. Parental Education: How many years of education did your parents receive? [Open-ended]
   - Father: Father?
   - Mother: Mother?
6. Life satisfaction: In general, how satisfied are you with all aspects of your life? [Likert 0–10: 0 = Not satisfied, 10 = Totally satisfied]
7. Happiness: How happy did you feel yesterday? [Likert 0–10: 0 = At no time, 10 = All the time]
8. Laughter: How much did you laugh yesterday? [Likert 0–10: 0 = At no time, 10 = All the time]
9. Learning: Did you learn new or exciting things yesterday? [Likert 0–10: 0 = At no time, 10 = All the time]
10. Enjoyment: How much did you enjoy the activities you did yesterday? [Likert 0–10: 0 = At no time, 10 = All the time]
11. Worry: How worried did you feel yesterday? [Likert 0–10: 0 = At no time, 10 = All the time]
12. Depression: How depressed did you feel yesterday? [Likert 0–10: 0 = At no time, 10 = All the time]
13. Anger: How angry did you feel yesterday? [Likert 0–10: 0 = At no time, 10 = All the time]
14. Stress: How much stress did you feel yesterday? [Likert 0–10: 0 = At no time, 10 = All the time]
15. Loneliness: How lonely or unsupported did you feel yesterday? [Likert 0–10: 0 = At no time, 10 = All the time]
16. Emotional Regulation Frequency: Next, you will be asked questions about your emotional state. Please answer on a scale of 0 to 4, where 0 is never, 1 is 'almost never', 2 is 'sometimes', 3 is 'fairly often', and 4 is 'very often', how often you experienced the following feelings during the last month: [Likert 0–4]
    - Upset by Unexpected Events: how often have you been upset because of something that happened unexpectedly?
    - Unable to Control Important Things: how often have you felt that you were unable to control the important things in your life?
    - Nervous and Stressed: how often have you felt nervous and stressed?
    - Lacked Confidence Handling Problems: how often have you felt confident about your ability to handle your personal problems?
    - Things Going Your Way: how often have you felt that things were going your way?
    - Unable to Cope: how often have you found that you could not cope with all the things that you had to do?
    - Irritated by Life: how often have you been able to control irritations in your life?
    - On Top of Things: how often have you felt that you were on top of things?
    - Angered by Uncontrollable Events: how often have you been angered because of things that happened that were outside of your control?
    - Felt Overwhelmed: how often have you felt difficulties were piling up so high that you could not overcome them?
17. Anxiety Symptoms Frequency: Next, you will be asked questions about your emotional state. Please answer on a scale of 0 to 3, where 0 is 'Not at all', 1 is 'several days', 2 is 'more than half of the days', and 3 is 'Nearly every day'. Over the last two weeks, how often have you been bothered by the following problems? [Likert 0–3]
    - Feeling Nervous or On Edge: Feeling nervous, anxious, or on edge
    - Uncontrollable Worrying: Not being able to stop or control worrying
    - Excessive Worry: Worrying too much about different things
    - Trouble Relaxing: Trouble relaxing
    - Restlessness: Being so restless that it is hard to sit still
    - Irritability: Becoming easily annoyed or irritable
    - Fear Something Awful Might Happen: Feeling afraid, as if something awful might happen
18. Depressive Symptoms Frequency: Next, you will be asked questions about your emotional state. Please answer on a scale of 0 to 3, where 0 is 'Not at all', 1 is 'several days', 2 is 'more than half of the days', and 3 is 'Nearly every day'. Over the last two weeks, how often have you been bothered by the following problems?
    - Anhedonia: Little interest or pleasure in doing things
    - Depressed Mood: Feeling down, depressed, or hopeless
    - Sleep Problems: Trouble falling or staying asleep, or sleeping too much
    - Fatigue: Feeling tired or having little energy
    - Appetite Changes: Poor appetite or overeating
    - Feelings of Worthlessness: Feeling bad about yourself or that you are a failure or have let yourself or your family down
    - Concentration Difficulties: Trouble concentrating on things, such as reading the newspaper or watching television
    - Psychomotor Changes: Moving or speaking so slowly that other people could have noticed. Or the opposite — being so fidgety or restless that you have been moving around a lot more than usual
    - Suicidal Thoughts: Thoughts that you would be better off dead, or of hurting yourself

Responses:
==================================================

Respondent 87:
- Year of birth: 2005.0
- Gender: 2.0
- Socio-economic status: 4.0
- Ethnic identity: 6.0
- Parental Education:
  - Father: 17.0
- Life satisfaction: 7.0
- Happiness: 5.0
- Laughter: 3.0
- Learning: 5.0
- Enjoyment: 6.0
- Worry: 3.0
- Depression: 3.0
- Anger: 2.0
- Stress: 4.0
- Loneliness: 7.0
- Emotional Regulation Frequency:
  - Upset by Unexpected Events: 2.0
  - Unable to Control Important Things: 3.0
  - Lacked Confidence Handling Problems: 2.0
  - Unable to Cope: 3.0
  - Irritated by Life: 2.0
  - On Top of Things: 1.0
- Anxiety Symptoms Frequency:
  - Feeling Nervous or On Edge: 3.0
  - Trouble Relaxing: 3.0
  - Restlessness: 3.0
  - Irritability: 1.0
  - Fear Something Awful Might Happen: 0.0
- Depressive Symptoms Frequency:
  - Anhedonia: 2.0
  - Sleep Problems: 2.0
  - Fatigue: 2.0
  - Appetite Changes: 0.0
  - Feelings of Worthlessness: 3.0
  - Concentration Difficulties: 3.0
  - Suicidal Thoughts: 2.0

Respondent 103:
- Year of birth: 2004.0
- Gender: 2.0
- Socio-economic status: 5.0
- Ethnic identity: 6.0
- Parental Education:
  - Father: 16.0
  - Mother: 16.0
- Life satisfaction: 8.0
- Happiness: 6.0
- Laughter: 7.0
- Learning: 7.0
- Enjoyment: 8.0
- Worry: 1.0
- Depression: 1.0
- Anger: 3.0
- Stress: 3.0
- Loneliness: 3.0
- Emotional Regulation Frequency:
  - Upset by Unexpected Events: 3.0
  - Unable to Control Important Things: 1.0
  - Lacked Confidence Handling Problems: 3.0
  - Unable to Cope: 2.0
  - Irritated by Life: 3.0
  - On Top of Things: 2.0
- Anxiety Symptoms Frequency:
  - Feeling Nervous or On Edge: 3.0
  - Trouble Relaxing: 1.0
  - Restlessness: 2.0
  - Irritability: 2.0
  - Fear Something Awful Might Happen: 3.0
- Depressive Symptoms Frequency:
  - Anhedonia: 1.0
  - Sleep Problems: 0.0
  - Fatigue: 1.0
  - Appetite Changes: 1.0
  - Feelings of Worthlessness: 0.0
  - Concentration Difficulties: 1.0
  - Suicidal Thoughts: 0.0

Respondent 97:
- Year of birth: 2003.0
- Gender: 2.0
- Socio-economic status: 3.0
- Ethnic identity: 6.0
- Parental Education:
  - Father: 17.0
  - Mother: 17.0
- Life satisfaction: 7.0
- Happiness: 5.0
- Laughter: 4.0
- Learning: 7.0
- Enjoyment: 5.0
- Worry: 1.0
- Depression: 1.0
- Anger: 2.0
- Stress: 4.0
- Loneliness: 7.0
- Emotional Regulation Frequency:
  - Upset by Unexpected Events: 3.0
  - Unable to Control Important Things: 1.0
  - Lacked Confidence Handling Problems: 3.0
  - Unable to Cope: 2.0
  - Irritated by Life: 3.0
  - On Top of Things: 3.0
- Anxiety Symptoms Frequency:
  - Feeling Nervous or On Edge: 1.0
  - Trouble Relaxing: 1.0
  - Restlessness: 0.0
  - Irritability: 3.0
  - Fear Something Awful Might Happen: 0.0
- Depressive Symptoms Frequency:
  - Anhedonia: 0.0
  - Sleep Problems: 1.0
  - Fatigue: 1.0
  - Appetite Changes: 1.0
  - Feelings of Worthlessness: 0.0
  - Concentration Difficulties: 0.0
  - Suicidal Thoughts: 0.0

Respondent 110:
- Year of birth: 2004.0
- Gender: 2.0
- Socio-economic status: 1.0
- Ethnic identity: 6.0
- Parental Education:
  - Father: 9.0
  - Mother: 9.0
- Life satisfaction: 6.0
- Happiness: 8.0
- Laughter: 8.0
- Learning: 8.0
- Enjoyment: 6.0
- Worry: 2.0
- Depression: 2.0
- Anger: 3.0
- Stress: 4.0
- Loneliness: 10.0
- Emotional Regulation Frequency:
  - Upset by Unexpected Events: 4.0
  - Unable to Control Important Things: 4.0
  - Lacked Confidence Handling Problems: 2.0
  - Unable to Cope: 4.0
  - Irritated by Life: 2.0
  - On Top of Things: 2.0
- Anxiety Symptoms Frequency:
  - Feeling Nervous or On Edge: 2.0
  - Trouble Relaxing: 2.0
  - Restlessness: 2.0
  - Irritability: 3.0
  - Fear Something Awful Might Happen: 1.0
- Depressive Symptoms Frequency:
  - Anhedonia: 1.0
  - Sleep Problems: 2.0
  - Fatigue: 2.0
  - Appetite Changes: 2.0
  - Feelings of Worthlessness: 2.0
  - Concentration Difficulties: 2.0
  - Suicidal Thoughts: 0.0

Respondent 68:
- Year of birth: 2002.0
- Gender: 2.0
- Socio-economic status: 2.0
- Ethnic identity: 6.0
- Parental Education:
  - Father: 22.0
  - Mother: 22.0
- Life satisfaction: 8.0
- Happiness: 7.0
- Laughter: 7.0
- Learning: 8.0
- Enjoyment: 9.0
- Worry: 2.0
- Depression: 1.0
- Anger: 3.0
- Stress: 3.0
- Loneliness: 6.0
- Emotional Regulation Frequency:
  - Upset by Unexpected Events: 3.0
  - Unable to Control Important Things: 2.0
  - Lacked Confidence Handling Problems: 3.0
  - Unable to Cope: 2.0
  - Irritated by Life: 3.0
  - On Top of Things: 2.0
- Anxiety Symptoms Frequency:
  - Feeling Nervous or On Edge: 2.0
  - Trouble Relaxing: 1.0
  - Restlessness: 1.0
  - Irritability: 2.0
  - Fear Something Awful Might Happen: 1.0
- Depressive Symptoms Frequency:
  - Anhedonia: 2.0
  - Sleep Problems: 1.0
  - Fatigue: 2.0
  - Appetite Changes: 1.0
  - Feelings of Worthlessness: 2.0
  - Concentration Difficulties: 1.0
  - Suicidal Thoughts: 0.0

You are a meticulous data analyst AI. Your primary function is to accurately analyze structured data and provide precise, verifiable answers.

You will be given a dataset with two key parts:

A 'questions' section: This is your data dictionary or schema. It is the single source of truth for understanding what each field and score means. Refer to it carefully.

A 'responses' section: This contains the raw data from each individual respondent.

To answer the question correctly, you must first use the 'questions' schema to fully understand the context and meaning of the data points within the 'responses'. Do not rely on any prior knowledge outside of this provided data. Base your entire analysis on the information given.

Provide your final answer directly and concisely. Output must be the human-readable value, not an option code.

Rules:
- For MCQ fields, map any letter codes in the Responses (case-insensitive) to the corresponding option text from the Questions schema, and output only that text. Do NOT include the letter or both.
  Example: If the schema is ""[MCQ: A. Abnormal B. Inconclusive C. Normal]"" and the response is ""a"", output ""Abnormal"".
- For open-ended fields, output the exact text value.
- If the question asks for a count, provide only the number (e.g., ""42"").
- If the question asks for a list of names or IDs, provide a simple comma-separated list (e.g., ""17, 21, 23"").
- Preserve capitalization exactly as in the schema (e.g., output ""Abnormal"", not ""abnormal"" or ""A"").

How many respondents are there?",7,False
case_22,respondent_count,How many respondents are there?,"Survey Data
==================================================

Questions:
1. Year of birth: What is your date of birth? [Open-ended]
2. Gender: What is your gender? [MCQ: 1. Male 2. Female]
3. Socio-economic status: What is the socio-economic status of your home? [Likert 1–6: 1 = Very low, 6 = Very high]
4. Ethnic identity: According to your culture, people, or physical features, you are or are recognized as: [MCQ: 1. Indigenous 2. Gypsy 3. Raizal from San Andres, Providencia and Santa Catalina Archipelago 4. Palenquero from San Basilio 5. Black, mulatto (Afro-descendant), Afro-Colombian 6. None of the above]
5. Parental Education: How many years of education did your parents receive? [Open-ended]
   - Father: Father?
   - Mother: Mother?
6. Life satisfaction: In general, how satisfied are you with all aspects of your life? [Likert 0–10: 0 = Not satisfied, 10 = Totally satisfied]
7. Happiness: How happy did you feel yesterday? [Likert 0–10: 0 = At no time, 10 = All the time]
8. Laughter: How much did you laugh yesterday? [Likert 0–10: 0 = At no time, 10 = All the time]
9. Learning: Did you learn new or exciting things yesterday? [Likert 0–10: 0 = At no time, 10 = All the time]
10. Enjoyment: How much did you enjoy the activities you did yesterday? [Likert 0–10: 0 = At no time, 10 = All the time]
11. Worry: How worried did you feel yesterday? [Likert 0–10: 0 = At no time, 10 = All the time]
12. Depression: How depressed did you feel yesterday? [Likert 0–10: 0 = At no time, 10 = All the time]
13. Anger: How angry did you feel yesterday? [Likert 0–10: 0 = At no time, 10 = All the time]
14. Stress: How much stress did you feel yesterday? [Likert 0–10: 0 = At no time, 10 = All the time]
15. Loneliness: How lonely or unsupported did you feel yesterday? [Likert 0–10: 0 = At no time, 10 = All the time]
16. Emotional Regulation Frequency: Next, you will be asked questions about your emotional state. Please answer on a scale of 0 to 4, where 0 is never, 1 is 'almost never', 2 is 'sometimes', 3 is 'fairly often', and 4 is 'very often', how often you experienced the following feelings during the last month: [Likert 0–4]
    - Upset by Unexpected Events: how often have you been upset because of something that happened unexpectedly?
    - Unable to Control Important Things: how often have you felt that you were unable to control the important things in your life?
    - Nervous and Stressed: how often have you felt nervous and stressed?
    - Lacked Confidence Handling Problems: how often have you felt confident about your ability to handle your personal problems?
    - Things Going Your Way: how often have you felt that things were going your way?
    - Unable to Cope: how often have you found that you could not cope with all the things that you had to do?
    - Irritated by Life: how often have you been able to control irritations in your life?
    - On Top of Things: how often have you felt that you were on top of things?
    - Angered by Uncontrollable Events: how often have you been angered because of things that happened that were outside of your control?
    - Felt Overwhelmed: how often have you felt difficulties were piling up so high that you could not overcome them?
17. Anxiety Symptoms Frequency: Next, you will be asked questions about your emotional state. Please answer on a scale of 0 to 3, where 0 is 'Not at all', 1 is 'several days', 2 is 'more than half of the days', and 3 is 'Nearly every day'. Over the last two weeks, how often have you been bothered by the following problems? [Likert 0–3]
    - Feeling Nervous or On Edge: Feeling nervous, anxious, or on edge
    - Uncontrollable Worrying: Not being able to stop or control worrying
    - Excessive Worry: Worrying too much about different things
    - Trouble Relaxing: Trouble relaxing
    - Restlessness: Being so restless that it is hard to sit still
    - Irritability: Becoming easily annoyed or irritable
    - Fear Something Awful Might Happen: Feeling afraid, as if something awful might happen
18. Depressive Symptoms Frequency: Next, you will be asked questions about your emotional state. Please answer on a scale of 0 to 3, where 0 is 'Not at all', 1 is 'several days', 2 is 'more than half of the days', and 3 is 'Nearly every day'. Over the last two weeks, how often have you been bothered by the following problems?
    - Anhedonia: Little interest or pleasure in doing things
    - Depressed Mood: Feeling down, depressed, or hopeless
    - Sleep Problems: Trouble falling or staying asleep, or sleeping too much
    - Fatigue: Feeling tired or having little energy
    - Appetite Changes: Poor appetite or overeating
    - Feelings of Worthlessness: Feeling bad about yourself or that you are a failure or have let yourself or your family down
    - Concentration Difficulties: Trouble concentrating on things, such as reading the newspaper or watching television
    - Psychomotor Changes: Moving or speaking so slowly that other people could have noticed. Or the opposite — being so fidgety or restless that you have been moving around a lot more than usual
    - Suicidal Thoughts: Thoughts that you would be better off dead, or of hurting yourself

Responses:
==================================================

Respondent 146:
- Year of birth: 2004.0
- Gender: 1.0
- Socio-economic status: 4.0
- Ethnic identity: 6.0
- Parental Education:
  - Father: 16.0
  - Mother: 21.0
- Life satisfaction: 8.0
- Happiness: 8.0
- Laughter: 8.0
- Learning: 9.0
- Enjoyment: 10.0
- Worry: 0.0
- Depression: 0.0
- Anger: 3.0
- Stress: 3.0
- Loneliness: 0.0
- Emotional Regulation Frequency:
  - Upset by Unexpected Events: 2.0
  - Unable to Control Important Things: 1.0
  - Lacked Confidence Handling Problems: 4.0
  - Unable to Cope: 2.0
  - Irritated by Life: 2.0
  - On Top of Things: 3.0
- Anxiety Symptoms Frequency:
  - Feeling Nervous or On Edge: 1.0
  - Trouble Relaxing: 1.0
  - Restlessness: 0.0
  - Irritability: 1.0
  - Fear Something Awful Might Happen: 1.0
- Depressive Symptoms Frequency:
  - Anhedonia: 1.0
  - Sleep Problems: 0.0
  - Fatigue: 1.0
  - Appetite Changes: 1.0
  - Feelings of Worthlessness: 0.0
  - Concentration Difficulties: 0.0
  - Suicidal Thoughts: 0.0

Respondent 53:
- Year of birth: 2002.0
- Gender: 2.0
- Socio-economic status: 3.0
- Ethnic identity: 5.0
- Parental Education:
  - Father: 11.0
  - Mother: 20.0
- Life satisfaction: 4.0
- Happiness: 6.0
- Laughter: 9.0
- Learning: 8.0
- Enjoyment: 5.0
- Worry: 2.0
- Depression: 2.0
- Anger: 3.0
- Stress: 4.0
- Loneliness: 10.0
- Emotional Regulation Frequency:
  - Upset by Unexpected Events: 3.0
  - Unable to Control Important Things: 2.0
  - Lacked Confidence Handling Problems: 3.0
  - Unable to Cope: 2.0
  - Irritated by Life: 2.0
  - On Top of Things: 1.0
- Anxiety Symptoms Frequency:
  - Feeling Nervous or On Edge: 1.0
  - Trouble Relaxing: 2.0
  - Restlessness: 2.0
  - Irritability: 2.0
  - Fear Something Awful Might Happen: 1.0
- Depressive Symptoms Frequency:
  - Anhedonia: 3.0
  - Sleep Problems: 3.0
  - Fatigue: 3.0
  - Appetite Changes: 1.0
  - Feelings of Worthlessness: 1.0
  - Concentration Difficulties: 0.0
  - Suicidal Thoughts: 1.0

Respondent 99:
- Year of birth: 2003.0
- Gender: 1.0
- Socio-economic status: 6.0
- Ethnic identity: 6.0
- Life satisfaction: 8.0
- Happiness: 9.0
- Laughter: 7.0
- Learning: 9.0
- Enjoyment: 7.0
- Worry: 1.0
- Depression: 0.0
- Anger: 2.0
- Stress: 2.0
- Loneliness: 1.0
- Emotional Regulation Frequency:
  - Upset by Unexpected Events: 2.0
  - Unable to Control Important Things: 1.0
  - Lacked Confidence Handling Problems: 2.0
  - Unable to Cope: 1.0
  - Irritated by Life: 3.0
  - On Top of Things: 3.0
- Anxiety Symptoms Frequency:
  - Feeling Nervous or On Edge: 1.0
  - Trouble Relaxing: 1.0
  - Restlessness: 0.0
  - Irritability: 1.0
  - Fear Something Awful Might Happen: 0.0
- Depressive Symptoms Frequency:
  - Anhedonia: 0.0
  - Sleep Problems: 0.0
  - Fatigue: 1.0
  - Appetite Changes: 0.0
  - Feelings of Worthlessness: 0.0
  - Concentration Difficulties: 1.0
  - Suicidal Thoughts: 0.0

Respondent 126:
- Year of birth: 2004.0
- Gender: 1.0
- Socio-economic status: 4.0
- Ethnic identity: 6.0
- Parental Education:
  - Father: 22.0
  - Mother: 24.0
- Life satisfaction: 10.0
- Happiness: 10.0
- Laughter: 6.0
- Learning: 3.0
- Enjoyment: 5.0
- Worry: 0.0
- Depression: 0.0
- Anger: 2.0
- Stress: 3.0
- Loneliness: 0.0
- Emotional Regulation Frequency:
  - Upset by Unexpected Events: 2.0
  - Unable to Control Important Things: 4.0
  - Lacked Confidence Handling Problems: 3.0
  - Unable to Cope: 3.0
  - Irritated by Life: 2.0
  - On Top of Things: 0.0
- Anxiety Symptoms Frequency:
  - Feeling Nervous or On Edge: 1.0
  - Trouble Relaxing: 0.0
  - Restlessness: 0.0
  - Irritability: 1.0
  - Fear Something Awful Might Happen: 1.0
- Depressive Symptoms Frequency:
  - Anhedonia: 1.0
  - Sleep Problems: 1.0
  - Fatigue: 1.0
  - Appetite Changes: 1.0
  - Feelings of Worthlessness: 1.0
  - Concentration Difficulties: 1.0
  - Suicidal Thoughts: 0.0

Respondent 71:
- Year of birth: 2001.0
- Gender: 2.0
- Socio-economic status: 4.0
- Ethnic identity: 6.0
- Parental Education:
  - Father: 15.0
  - Mother: 17.0
- Life satisfaction: 8.0
- Happiness: 9.0
- Laughter: 7.0
- Learning: 5.0
- Enjoyment: 8.0
- Worry: 1.0
- Depression: 0.0
- Anger: 2.0
- Stress: 1.0
- Loneliness: 5.0
- Emotional Regulation Frequency:
  - Upset by Unexpected Events: 1.0
  - Unable to Control Important Things: 1.0
  - Lacked Confidence Handling Problems: 3.0
  - Unable to Cope: 1.0
  - Irritated by Life: 3.0
  - On Top of Things: 3.0
- Anxiety Symptoms Frequency:
  - Feeling Nervous or On Edge: 0.0
  - Trouble Relaxing: 0.0
  - Restlessness: 0.0
  - Irritability: 0.0
  - Fear Something Awful Might Happen: 0.0
- Depressive Symptoms Frequency:
  - Anhedonia: 0.0
  - Sleep Problems: 0.0
  - Fatigue: 0.0
  - Appetite Changes: 0.0
  - Feelings of Worthlessness: 0.0
  - Concentration Difficulties: 0.0
  - Suicidal Thoughts: 0.0

Respondent 60:
- Year of birth: 2003.0
- Gender: 1.0
- Socio-economic status: 6.0
- Ethnic identity: 6.0
- Life satisfaction: 10.0
- Happiness: 10.0
- Laughter: 9.0
- Learning: 8.0
- Enjoyment: 9.0
- Worry: 0.0
- Depression: 0.0
- Anger: 2.0
- Stress: 1.0
- Loneliness: 0.0
- Emotional Regulation Frequency:
  - Upset by Unexpected Events: 1.0
  - Unable to Control Important Things: 2.0
  - Lacked Confidence Handling Problems: 4.0
  - Unable to Cope: 1.0
  - Irritated by Life: 4.0
  - On Top of Things: 3.0
- Anxiety Symptoms Frequency:
  - Feeling Nervous or On Edge: 0.0
  - Trouble Relaxing: 0.0
  - Restlessness: 0.0
  - Irritability: 0.0
  - Fear Something Awful Might Happen: 0.0
- Depressive Symptoms Frequency:
  - Anhedonia: 0.0
  - Sleep Problems: 0.0
  - Fatigue: 1.0
  - Appetite Changes: 0.0
  - Feelings of Worthlessness: 0.0
  - Concentration Difficulties: 0.0
  - Suicidal Thoughts: 0.0

Respondent 106:
- Year of birth: 2003.0
- Gender: 2.0
- Socio-economic status: 2.0
- Ethnic identity: 6.0
- Parental Education:
  - Father: 17.0
  - Mother: 19.0
- Life satisfaction: 7.0
- Happiness: 7.0
- Laughter: 2.0
- Learning: 4.0
- Enjoyment: 5.0
- Worry: 1.0
- Depression: 0.0
- Anger: 2.0
- Stress: 2.0
- Loneliness: 3.0
- Emotional Regulation Frequency:
  - Upset by Unexpected Events: 0.0
  - Unable to Control Important Things: 3.0
  - Lacked Confidence Handling Problems: 1.0
  - Unable to Cope: 3.0
  - Irritated by Life: 2.0
  - On Top of Things: 1.0
- Anxiety Symptoms Frequency:
  - Feeling Nervous or On Edge: 1.0
  - Trouble Relaxing: 2.0
  - Restlessness: 0.0
  - Irritability: 1.0
  - Fear Something Awful Might Happen: 0.0
- Depressive Symptoms Frequency:
  - Anhedonia: 0.0
  - Sleep Problems: 1.0
  - Fatigue: 1.0
  - Appetite Changes: 0.0
  - Feelings of Worthlessness: 0.0
  - Concentration Difficulties: 0.0
  - Suicidal Thoughts: 0.0

Respondent 142:
- Year of birth: 2003.0
- Gender: 2.0
- Socio-economic status: 2.0
- Ethnic identity: 6.0
- Parental Education:
  - Father: 12.0
  - Mother: 9.0
- Life satisfaction: 4.0
- Happiness: 2.0
- Laughter: 0.0
- Learning: 6.0
- Enjoyment: 6.0
- Worry: 1.0
- Depression: 2.0
- Anger: 4.0
- Stress: 4.0
- Loneliness: 7.0
- Emotional Regulation Frequency:
  - Upset by Unexpected Events: 3.0
  - Unable to Control Important Things: 4.0
  - Lacked Confidence Handling Problems: 2.0
  - Unable to Cope: 4.0
  - Irritated by Life: 3.0
  - On Top of Things: 1.0
- Anxiety Symptoms Frequency:
  - Feeling Nervous or On Edge: 2.0
  - Trouble Relaxing: 1.0
  - Restlessness: 1.0
  - Irritability: 1.0
  - Fear Something Awful Might Happen: 1.0
- Depressive Symptoms Frequency:
  - Anhedonia: 1.0
  - Sleep Problems: 3.0
  - Fatigue: 3.0
  - Appetite Changes: 2.0
  - Feelings of Worthlessness: 3.0
  - Concentration Difficulties: 3.0
  - Suicidal Thoughts: 1.0

Respondent 97:
- Year of birth: 2003.0
- Gender: 2.0
- Socio-economic status: 3.0
- Ethnic identity: 6.0
- Parental Education:
  - Father: 17.0
  - Mother: 17.0
- Life satisfaction: 7.0
- Happiness: 5.0
- Laughter: 4.0
- Learning: 7.0
- Enjoyment: 5.0
- Worry: 1.0
- Depression: 1.0
- Anger: 2.0
- Stress: 4.0
- Loneliness: 7.0
- Emotional Regulation Frequency:
  - Upset by Unexpected Events: 3.0
  - Unable to Control Important Things: 1.0
  - Lacked Confidence Handling Problems: 3.0
  - Unable to Cope: 2.0
  - Irritated by Life: 3.0
  - On Top of Things: 3.0
- Anxiety Symptoms Frequency:
  - Feeling Nervous or On Edge: 1.0
  - Trouble Relaxing: 1.0
  - Restlessness: 0.0
  - Irritability: 3.0
  - Fear Something Awful Might Happen: 0.0
- Depressive Symptoms Frequency:
  - Anhedonia: 0.0
  - Sleep Problems: 1.0
  - Fatigue: 1.0
  - Appetite Changes: 1.0
  - Feelings of Worthlessness: 0.0
  - Concentration Difficulties: 0.0
  - Suicidal Thoughts: 0.0
",9,"How many respondents are there?

DATA:

Survey Data
==================================================

Questions:
1. Year of birth: What is your date of birth? [Open-ended]
2. Gender: What is your gender? [MCQ: 1. Male 2. Female]
3. Socio-economic status: What is the socio-economic status of your home? [Likert 1–6: 1 = Very low, 6 = Very high]
4. Ethnic identity: According to your culture, people, or physical features, you are or are recognized as: [MCQ: 1. Indigenous 2. Gypsy 3. Raizal from San Andres, Providencia and Santa Catalina Archipelago 4. Palenquero from San Basilio 5. Black, mulatto (Afro-descendant), Afro-Colombian 6. None of the above]
5. Parental Education: How many years of education did your parents receive? [Open-ended]
   - Father: Father?
   - Mother: Mother?
6. Life satisfaction: In general, how satisfied are you with all aspects of your life? [Likert 0–10: 0 = Not satisfied, 10 = Totally satisfied]
7. Happiness: How happy did you feel yesterday? [Likert 0–10: 0 = At no time, 10 = All the time]
8. Laughter: How much did you laugh yesterday? [Likert 0–10: 0 = At no time, 10 = All the time]
9. Learning: Did you learn new or exciting things yesterday? [Likert 0–10: 0 = At no time, 10 = All the time]
10. Enjoyment: How much did you enjoy the activities you did yesterday? [Likert 0–10: 0 = At no time, 10 = All the time]
11. Worry: How worried did you feel yesterday? [Likert 0–10: 0 = At no time, 10 = All the time]
12. Depression: How depressed did you feel yesterday? [Likert 0–10: 0 = At no time, 10 = All the time]
13. Anger: How angry did you feel yesterday? [Likert 0–10: 0 = At no time, 10 = All the time]
14. Stress: How much stress did you feel yesterday? [Likert 0–10: 0 = At no time, 10 = All the time]
15. Loneliness: How lonely or unsupported did you feel yesterday? [Likert 0–10: 0 = At no time, 10 = All the time]
16. Emotional Regulation Frequency: Next, you will be asked questions about your emotional state. Please answer on a scale of 0 to 4, where 0 is never, 1 is 'almost never', 2 is 'sometimes', 3 is 'fairly often', and 4 is 'very often', how often you experienced the following feelings during the last month: [Likert 0–4]
    - Upset by Unexpected Events: how often have you been upset because of something that happened unexpectedly?
    - Unable to Control Important Things: how often have you felt that you were unable to control the important things in your life?
    - Nervous and Stressed: how often have you felt nervous and stressed?
    - Lacked Confidence Handling Problems: how often have you felt confident about your ability to handle your personal problems?
    - Things Going Your Way: how often have you felt that things were going your way?
    - Unable to Cope: how often have you found that you could not cope with all the things that you had to do?
    - Irritated by Life: how often have you been able to control irritations in your life?
    - On Top of Things: how often have you felt that you were on top of things?
    - Angered by Uncontrollable Events: how often have you been angered because of things that happened that were outside of your control?
    - Felt Overwhelmed: how often have you felt difficulties were piling up so high that you could not overcome them?
17. Anxiety Symptoms Frequency: Next, you will be asked questions about your emotional state. Please answer on a scale of 0 to 3, where 0 is 'Not at all', 1 is 'several days', 2 is 'more than half of the days', and 3 is 'Nearly every day'. Over the last two weeks, how often have you been bothered by the following problems? [Likert 0–3]
    - Feeling Nervous or On Edge: Feeling nervous, anxious, or on edge
    - Uncontrollable Worrying: Not being able to stop or control worrying
    - Excessive Worry: Worrying too much about different things
    - Trouble Relaxing: Trouble relaxing
    - Restlessness: Being so restless that it is hard to sit still
    - Irritability: Becoming easily annoyed or irritable
    - Fear Something Awful Might Happen: Feeling afraid, as if something awful might happen
18. Depressive Symptoms Frequency: Next, you will be asked questions about your emotional state. Please answer on a scale of 0 to 3, where 0 is 'Not at all', 1 is 'several days', 2 is 'more than half of the days', and 3 is 'Nearly every day'. Over the last two weeks, how often have you been bothered by the following problems?
    - Anhedonia: Little interest or pleasure in doing things
    - Depressed Mood: Feeling down, depressed, or hopeless
    - Sleep Problems: Trouble falling or staying asleep, or sleeping too much
    - Fatigue: Feeling tired or having little energy
    - Appetite Changes: Poor appetite or overeating
    - Feelings of Worthlessness: Feeling bad about yourself or that you are a failure or have let yourself or your family down
    - Concentration Difficulties: Trouble concentrating on things, such as reading the newspaper or watching television
    - Psychomotor Changes: Moving or speaking so slowly that other people could have noticed. Or the opposite — being so fidgety or restless that you have been moving around a lot more than usual
    - Suicidal Thoughts: Thoughts that you would be better off dead, or of hurting yourself

Responses:
==================================================

Respondent 119:
- Year of birth: 2004.0
- Gender: 1.0
- Socio-economic status: 1.0
- Ethnic identity: 6.0
- Life satisfaction: 4.0
- Happiness: 8.0
- Laughter: 8.0
- Learning: 8.0
- Enjoyment: 8.0
- Worry: 1.0
- Depression: 1.0
- Anger: 2.0
- Stress: 2.0
- Loneliness: 2.0
- Emotional Regulation Frequency:
  - Upset by Unexpected Events: 2.0
  - Unable to Control Important Things: 2.0
  - Lacked Confidence Handling Problems: 2.0
  - Unable to Cope: 2.0
  - Irritated by Life: 2.0
  - On Top of Things: 2.0
- Anxiety Symptoms Frequency:
  - Feeling Nervous or On Edge: 1.0
  - Trouble Relaxing: 1.0
  - Restlessness: 1.0
  - Irritability: 1.0
  - Fear Something Awful Might Happen: 1.0
- Depressive Symptoms Frequency:
  - Anhedonia: 1.0
  - Sleep Problems: 1.0
  - Fatigue: 1.0
  - Appetite Changes: 0.0
  - Feelings of Worthlessness: 1.0
  - Concentration Difficulties: 0.0
  - Suicidal Thoughts: 0.0

Respondent 116:
- Year of birth: 2004.0
- Gender: 1.0
- Socio-economic status: 5.0
- Ethnic identity: 6.0
- Parental Education:
  - Father: 17.0
  - Mother: 17.0
- Life satisfaction: 8.0
- Happiness: 8.0
- Laughter: 7.0
- Learning: 7.0
- Enjoyment: 9.0
- Worry: 1.0
- Depression: 1.0
- Anger: 2.0
- Stress: 3.0
- Loneliness: 1.0
- Emotional Regulation Frequency:
  - Upset by Unexpected Events: 2.0
  - Unable to Control Important Things: 2.0
  - Lacked Confidence Handling Problems: 3.0
  - Unable to Cope: 2.0
  - Irritated by Life: 3.0
  - On Top of Things: 2.0
- Anxiety Symptoms Frequency:
  - Feeling Nervous or On Edge: 2.0
  - Trouble Relaxing: 1.0
  - Restlessness: 2.0
  - Irritability: 1.0
  - Fear Something Awful Might Happen: 2.0
- Depressive Symptoms Frequency:
  - Anhedonia: 1.0
  - Sleep Problems: 0.0
  - Fatigue: 2.0
  - Appetite Changes: 2.0
  - Feelings of Worthlessness: 1.0
  - Concentration Difficulties: 2.0
  - Suicidal Thoughts: 0.0

Answer: 2

Survey Data
==================================================

Questions:
1. Year of birth: What is your date of birth? [Open-ended]
2. Gender: What is your gender? [MCQ: 1. Male 2. Female]
3. Socio-economic status: What is the socio-economic status of your home? [Likert 1–6: 1 = Very low, 6 = Very high]
4. Ethnic identity: According to your culture, people, or physical features, you are or are recognized as: [MCQ: 1. Indigenous 2. Gypsy 3. Raizal from San Andres, Providencia and Santa Catalina Archipelago 4. Palenquero from San Basilio 5. Black, mulatto (Afro-descendant), Afro-Colombian 6. None of the above]
5. Parental Education: How many years of education did your parents receive? [Open-ended]
   - Father: Father?
   - Mother: Mother?
6. Life satisfaction: In general, how satisfied are you with all aspects of your life? [Likert 0–10: 0 = Not satisfied, 10 = Totally satisfied]
7. Happiness: How happy did you feel yesterday? [Likert 0–10: 0 = At no time, 10 = All the time]
8. Laughter: How much did you laugh yesterday? [Likert 0–10: 0 = At no time, 10 = All the time]
9. Learning: Did you learn new or exciting things yesterday? [Likert 0–10: 0 = At no time, 10 = All the time]
10. Enjoyment: How much did you enjoy the activities you did yesterday? [Likert 0–10: 0 = At no time, 10 = All the time]
11. Worry: How worried did you feel yesterday? [Likert 0–10: 0 = At no time, 10 = All the time]
12. Depression: How depressed did you feel yesterday? [Likert 0–10: 0 = At no time, 10 = All the time]
13. Anger: How angry did you feel yesterday? [Likert 0–10: 0 = At no time, 10 = All the time]
14. Stress: How much stress did you feel yesterday? [Likert 0–10: 0 = At no time, 10 = All the time]
15. Loneliness: How lonely or unsupported did you feel yesterday? [Likert 0–10: 0 = At no time, 10 = All the time]
16. Emotional Regulation Frequency: Next, you will be asked questions about your emotional state. Please answer on a scale of 0 to 4, where 0 is never, 1 is 'almost never', 2 is 'sometimes', 3 is 'fairly often', and 4 is 'very often', how often you experienced the following feelings during the last month: [Likert 0–4]
    - Upset by Unexpected Events: how often have you been upset because of something that happened unexpectedly?
    - Unable to Control Important Things: how often have you felt that you were unable to control the important things in your life?
    - Nervous and Stressed: how often have you felt nervous and stressed?
    - Lacked Confidence Handling Problems: how often have you felt confident about your ability to handle your personal problems?
    - Things Going Your Way: how often have you felt that things were going your way?
    - Unable to Cope: how often have you found that you could not cope with all the things that you had to do?
    - Irritated by Life: how often have you been able to control irritations in your life?
    - On Top of Things: how often have you felt that you were on top of things?
    - Angered by Uncontrollable Events: how often have you been angered because of things that happened that were outside of your control?
    - Felt Overwhelmed: how often have you felt difficulties were piling up so high that you could not overcome them?
17. Anxiety Symptoms Frequency: Next, you will be asked questions about your emotional state. Please answer on a scale of 0 to 3, where 0 is 'Not at all', 1 is 'several days', 2 is 'more than half of the days', and 3 is 'Nearly every day'. Over the last two weeks, how often have you been bothered by the following problems? [Likert 0–3]
    - Feeling Nervous or On Edge: Feeling nervous, anxious, or on edge
    - Uncontrollable Worrying: Not being able to stop or control worrying
    - Excessive Worry: Worrying too much about different things
    - Trouble Relaxing: Trouble relaxing
    - Restlessness: Being so restless that it is hard to sit still
    - Irritability: Becoming easily annoyed or irritable
    - Fear Something Awful Might Happen: Feeling afraid, as if something awful might happen
18. Depressive Symptoms Frequency: Next, you will be asked questions about your emotional state. Please answer on a scale of 0 to 3, where 0 is 'Not at all', 1 is 'several days', 2 is 'more than half of the days', and 3 is 'Nearly every day'. Over the last two weeks, how often have you been bothered by the following problems?
    - Anhedonia: Little interest or pleasure in doing things
    - Depressed Mood: Feeling down, depressed, or hopeless
    - Sleep Problems: Trouble falling or staying asleep, or sleeping too much
    - Fatigue: Feeling tired or having little energy
    - Appetite Changes: Poor appetite or overeating
    - Feelings of Worthlessness: Feeling bad about yourself or that you are a failure or have let yourself or your family down
    - Concentration Difficulties: Trouble concentrating on things, such as reading the newspaper or watching television
    - Psychomotor Changes: Moving or speaking so slowly that other people could have noticed. Or the opposite — being so fidgety or restless that you have been moving around a lot more than usual
    - Suicidal Thoughts: Thoughts that you would be better off dead, or of hurting yourself

Responses:
==================================================

Respondent 146:
- Year of birth: 2004.0
- Gender: 1.0
- Socio-economic status: 4.0
- Ethnic identity: 6.0
- Parental Education:
  - Father: 16.0
  - Mother: 21.0
- Life satisfaction: 8.0
- Happiness: 8.0
- Laughter: 8.0
- Learning: 9.0
- Enjoyment: 10.0
- Worry: 0.0
- Depression: 0.0
- Anger: 3.0
- Stress: 3.0
- Loneliness: 0.0
- Emotional Regulation Frequency:
  - Upset by Unexpected Events: 2.0
  - Unable to Control Important Things: 1.0
  - Lacked Confidence Handling Problems: 4.0
  - Unable to Cope: 2.0
  - Irritated by Life: 2.0
  - On Top of Things: 3.0
- Anxiety Symptoms Frequency:
  - Feeling Nervous or On Edge: 1.0
  - Trouble Relaxing: 1.0
  - Restlessness: 0.0
  - Irritability: 1.0
  - Fear Something Awful Might Happen: 1.0
- Depressive Symptoms Frequency:
  - Anhedonia: 1.0
  - Sleep Problems: 0.0
  - Fatigue: 1.0
  - Appetite Changes: 1.0
  - Feelings of Worthlessness: 0.0
  - Concentration Difficulties: 0.0
  - Suicidal Thoughts: 0.0

Respondent 53:
- Year of birth: 2002.0
- Gender: 2.0
- Socio-economic status: 3.0
- Ethnic identity: 5.0
- Parental Education:
  - Father: 11.0
  - Mother: 20.0
- Life satisfaction: 4.0
- Happiness: 6.0
- Laughter: 9.0
- Learning: 8.0
- Enjoyment: 5.0
- Worry: 2.0
- Depression: 2.0
- Anger: 3.0
- Stress: 4.0
- Loneliness: 10.0
- Emotional Regulation Frequency:
  - Upset by Unexpected Events: 3.0
  - Unable to Control Important Things: 2.0
  - Lacked Confidence Handling Problems: 3.0
  - Unable to Cope: 2.0
  - Irritated by Life: 2.0
  - On Top of Things: 1.0
- Anxiety Symptoms Frequency:
  - Feeling Nervous or On Edge: 1.0
  - Trouble Relaxing: 2.0
  - Restlessness: 2.0
  - Irritability: 2.0
  - Fear Something Awful Might Happen: 1.0
- Depressive Symptoms Frequency:
  - Anhedonia: 3.0
  - Sleep Problems: 3.0
  - Fatigue: 3.0
  - Appetite Changes: 1.0
  - Feelings of Worthlessness: 1.0
  - Concentration Difficulties: 0.0
  - Suicidal Thoughts: 1.0

Respondent 99:
- Year of birth: 2003.0
- Gender: 1.0
- Socio-economic status: 6.0
- Ethnic identity: 6.0
- Life satisfaction: 8.0
- Happiness: 9.0
- Laughter: 7.0
- Learning: 9.0
- Enjoyment: 7.0
- Worry: 1.0
- Depression: 0.0
- Anger: 2.0
- Stress: 2.0
- Loneliness: 1.0
- Emotional Regulation Frequency:
  - Upset by Unexpected Events: 2.0
  - Unable to Control Important Things: 1.0
  - Lacked Confidence Handling Problems: 2.0
  - Unable to Cope: 1.0
  - Irritated by Life: 3.0
  - On Top of Things: 3.0
- Anxiety Symptoms Frequency:
  - Feeling Nervous or On Edge: 1.0
  - Trouble Relaxing: 1.0
  - Restlessness: 0.0
  - Irritability: 1.0
  - Fear Something Awful Might Happen: 0.0
- Depressive Symptoms Frequency:
  - Anhedonia: 0.0
  - Sleep Problems: 0.0
  - Fatigue: 1.0
  - Appetite Changes: 0.0
  - Feelings of Worthlessness: 0.0
  - Concentration Difficulties: 1.0
  - Suicidal Thoughts: 0.0

Respondent 126:
- Year of birth: 2004.0
- Gender: 1.0
- Socio-economic status: 4.0
- Ethnic identity: 6.0
- Parental Education:
  - Father: 22.0
  - Mother: 24.0
- Life satisfaction: 10.0
- Happiness: 10.0
- Laughter: 6.0
- Learning: 3.0
- Enjoyment: 5.0
- Worry: 0.0
- Depression: 0.0
- Anger: 2.0
- Stress: 3.0
- Loneliness: 0.0
- Emotional Regulation Frequency:
  - Upset by Unexpected Events: 2.0
  - Unable to Control Important Things: 4.0
  - Lacked Confidence Handling Problems: 3.0
  - Unable to Cope: 3.0
  - Irritated by Life: 2.0
  - On Top of Things: 0.0
- Anxiety Symptoms Frequency:
  - Feeling Nervous or On Edge: 1.0
  - Trouble Relaxing: 0.0
  - Restlessness: 0.0
  - Irritability: 1.0
  - Fear Something Awful Might Happen: 1.0
- Depressive Symptoms Frequency:
  - Anhedonia: 1.0
  - Sleep Problems: 1.0
  - Fatigue: 1.0
  - Appetite Changes: 1.0
  - Feelings of Worthlessness: 1.0
  - Concentration Difficulties: 1.0
  - Suicidal Thoughts: 0.0

Respondent 71:
- Year of birth: 2001.0
- Gender: 2.0
- Socio-economic status: 4.0
- Ethnic identity: 6.0
- Parental Education:
  - Father: 15.0
  - Mother: 17.0
- Life satisfaction: 8.0
- Happiness: 9.0
- Laughter: 7.0
- Learning: 5.0
- Enjoyment: 8.0
- Worry: 1.0
- Depression: 0.0
- Anger: 2.0
- Stress: 1.0
- Loneliness: 5.0
- Emotional Regulation Frequency:
  - Upset by Unexpected Events: 1.0
  - Unable to Control Important Things: 1.0
  - Lacked Confidence Handling Problems: 3.0
  - Unable to Cope: 1.0
  - Irritated by Life: 3.0
  - On Top of Things: 3.0
- Anxiety Symptoms Frequency:
  - Feeling Nervous or On Edge: 0.0
  - Trouble Relaxing: 0.0
  - Restlessness: 0.0
  - Irritability: 0.0
  - Fear Something Awful Might Happen: 0.0
- Depressive Symptoms Frequency:
  - Anhedonia: 0.0
  - Sleep Problems: 0.0
  - Fatigue: 0.0
  - Appetite Changes: 0.0
  - Feelings of Worthlessness: 0.0
  - Concentration Difficulties: 0.0
  - Suicidal Thoughts: 0.0

Respondent 60:
- Year of birth: 2003.0
- Gender: 1.0
- Socio-economic status: 6.0
- Ethnic identity: 6.0
- Life satisfaction: 10.0
- Happiness: 10.0
- Laughter: 9.0
- Learning: 8.0
- Enjoyment: 9.0
- Worry: 0.0
- Depression: 0.0
- Anger: 2.0
- Stress: 1.0
- Loneliness: 0.0
- Emotional Regulation Frequency:
  - Upset by Unexpected Events: 1.0
  - Unable to Control Important Things: 2.0
  - Lacked Confidence Handling Problems: 4.0
  - Unable to Cope: 1.0
  - Irritated by Life: 4.0
  - On Top of Things: 3.0
- Anxiety Symptoms Frequency:
  - Feeling Nervous or On Edge: 0.0
  - Trouble Relaxing: 0.0
  - Restlessness: 0.0
  - Irritability: 0.0
  - Fear Something Awful Might Happen: 0.0
- Depressive Symptoms Frequency:
  - Anhedonia: 0.0
  - Sleep Problems: 0.0
  - Fatigue: 1.0
  - Appetite Changes: 0.0
  - Feelings of Worthlessness: 0.0
  - Concentration Difficulties: 0.0
  - Suicidal Thoughts: 0.0

Respondent 106:
- Year of birth: 2003.0
- Gender: 2.0
- Socio-economic status: 2.0
- Ethnic identity: 6.0
- Parental Education:
  - Father: 17.0
  - Mother: 19.0
- Life satisfaction: 7.0
- Happiness: 7.0
- Laughter: 2.0
- Learning: 4.0
- Enjoyment: 5.0
- Worry: 1.0
- Depression: 0.0
- Anger: 2.0
- Stress: 2.0
- Loneliness: 3.0
- Emotional Regulation Frequency:
  - Upset by Unexpected Events: 0.0
  - Unable to Control Important Things: 3.0
  - Lacked Confidence Handling Problems: 1.0
  - Unable to Cope: 3.0
  - Irritated by Life: 2.0
  - On Top of Things: 1.0
- Anxiety Symptoms Frequency:
  - Feeling Nervous or On Edge: 1.0
  - Trouble Relaxing: 2.0
  - Restlessness: 0.0
  - Irritability: 1.0
  - Fear Something Awful Might Happen: 0.0
- Depressive Symptoms Frequency:
  - Anhedonia: 0.0
  - Sleep Problems: 1.0
  - Fatigue: 1.0
  - Appetite Changes: 0.0
  - Feelings of Worthlessness: 0.0
  - Concentration Difficulties: 0.0
  - Suicidal Thoughts: 0.0

Respondent 142:
- Year of birth: 2003.0
- Gender: 2.0
- Socio-economic status: 2.0
- Ethnic identity: 6.0
- Parental Education:
  - Father: 12.0
  - Mother: 9.0
- Life satisfaction: 4.0
- Happiness: 2.0
- Laughter: 0.0
- Learning: 6.0
- Enjoyment: 6.0
- Worry: 1.0
- Depression: 2.0
- Anger: 4.0
- Stress: 4.0
- Loneliness: 7.0
- Emotional Regulation Frequency:
  - Upset by Unexpected Events: 3.0
  - Unable to Control Important Things: 4.0
  - Lacked Confidence Handling Problems: 2.0
  - Unable to Cope: 4.0
  - Irritated by Life: 3.0
  - On Top of Things: 1.0
- Anxiety Symptoms Frequency:
  - Feeling Nervous or On Edge: 2.0
  - Trouble Relaxing: 1.0
  - Restlessness: 1.0
  - Irritability: 1.0
  - Fear Something Awful Might Happen: 1.0
- Depressive Symptoms Frequency:
  - Anhedonia: 1.0
  - Sleep Problems: 3.0
  - Fatigue: 3.0
  - Appetite Changes: 2.0
  - Feelings of Worthlessness: 3.0
  - Concentration Difficulties: 3.0
  - Suicidal Thoughts: 1.0

Respondent 97:
- Year of birth: 2003.0
- Gender: 2.0
- Socio-economic status: 3.0
- Ethnic identity: 6.0
- Parental Education:
  - Father: 17.0
  - Mother: 17.0
- Life satisfaction: 7.0
- Happiness: 5.0
- Laughter: 4.0
- Learning: 7.0
- Enjoyment: 5.0
- Worry: 1.0
- Depression: 1.0
- Anger: 2.0
- Stress: 4.0
- Loneliness: 7.0
- Emotional Regulation Frequency:
  - Upset by Unexpected Events: 3.0
  - Unable to Control Important Things: 1.0
  - Lacked Confidence Handling Problems: 3.0
  - Unable to Cope: 2.0
  - Irritated by Life: 3.0
  - On Top of Things: 3.0
- Anxiety Symptoms Frequency:
  - Feeling Nervous or On Edge: 1.0
  - Trouble Relaxing: 1.0
  - Restlessness: 0.0
  - Irritability: 3.0
  - Fear Something Awful Might Happen: 0.0
- Depressive Symptoms Frequency:
  - Anhedonia: 0.0
  - Sleep Problems: 1.0
  - Fatigue: 1.0
  - Appetite Changes: 1.0
  - Feelings of Worthlessness: 0.0
  - Concentration Difficulties: 0.0
  - Suicidal Thoughts: 0.0

You are a meticulous data analyst AI. Your primary function is to accurately analyze structured data and provide precise, verifiable answers.

You will be given a dataset with two key parts:

A 'questions' section: This is your data dictionary or schema. It is the single source of truth for understanding what each field and score means. Refer to it carefully.

A 'responses' section: This contains the raw data from each individual respondent.

To answer the question correctly, you must first use the 'questions' schema to fully understand the context and meaning of the data points within the 'responses'. Do not rely on any prior knowledge outside of this provided data. Base your entire analysis on the information given.

Provide your final answer directly and concisely. Output must be the human-readable value, not an option code.

Rules:
- For MCQ fields, map any letter codes in the Responses (case-insensitive) to the corresponding option text from the Questions schema, and output only that text. Do NOT include the letter or both.
  Example: If the schema is ""[MCQ: A. Abnormal B. Inconclusive C. Normal]"" and the response is ""a"", output ""Abnormal"".
- For open-ended fields, output the exact text value.
- If the question asks for a count, provide only the number (e.g., ""42"").
- If the question asks for a list of names or IDs, provide a simple comma-separated list (e.g., ""17, 21, 23"").
- Preserve capitalization exactly as in the schema (e.g., output ""Abnormal"", not ""abnormal"" or ""A"").

How many respondents are there?",11,False
case_23,respondent_count,How many respondents are there?,"Survey Data
==================================================

Questions:
1. Year of birth: What is your date of birth? [Open-ended]
2. Gender: What is your gender? [MCQ: 1. Male 2. Female]
3. Socio-economic status: What is the socio-economic status of your home? [Likert 1–6: 1 = Very low, 6 = Very high]
4. Ethnic identity: According to your culture, people, or physical features, you are or are recognized as: [MCQ: 1. Indigenous 2. Gypsy 3. Raizal from San Andres, Providencia and Santa Catalina Archipelago 4. Palenquero from San Basilio 5. Black, mulatto (Afro-descendant), Afro-Colombian 6. None of the above]
5. Parental Education: How many years of education did your parents receive? [Open-ended]
   - Father: Father?
   - Mother: Mother?
6. Life satisfaction: In general, how satisfied are you with all aspects of your life? [Likert 0–10: 0 = Not satisfied, 10 = Totally satisfied]
7. Happiness: How happy did you feel yesterday? [Likert 0–10: 0 = At no time, 10 = All the time]
8. Laughter: How much did you laugh yesterday? [Likert 0–10: 0 = At no time, 10 = All the time]
9. Learning: Did you learn new or exciting things yesterday? [Likert 0–10: 0 = At no time, 10 = All the time]
10. Enjoyment: How much did you enjoy the activities you did yesterday? [Likert 0–10: 0 = At no time, 10 = All the time]
11. Worry: How worried did you feel yesterday? [Likert 0–10: 0 = At no time, 10 = All the time]
12. Depression: How depressed did you feel yesterday? [Likert 0–10: 0 = At no time, 10 = All the time]
13. Anger: How angry did you feel yesterday? [Likert 0–10: 0 = At no time, 10 = All the time]
14. Stress: How much stress did you feel yesterday? [Likert 0–10: 0 = At no time, 10 = All the time]
15. Loneliness: How lonely or unsupported did you feel yesterday? [Likert 0–10: 0 = At no time, 10 = All the time]
16. Emotional Regulation Frequency: Next, you will be asked questions about your emotional state. Please answer on a scale of 0 to 4, where 0 is never, 1 is 'almost never', 2 is 'sometimes', 3 is 'fairly often', and 4 is 'very often', how often you experienced the following feelings during the last month: [Likert 0–4]
    - Upset by Unexpected Events: how often have you been upset because of something that happened unexpectedly?
    - Unable to Control Important Things: how often have you felt that you were unable to control the important things in your life?
    - Nervous and Stressed: how often have you felt nervous and stressed?
    - Lacked Confidence Handling Problems: how often have you felt confident about your ability to handle your personal problems?
    - Things Going Your Way: how often have you felt that things were going your way?
    - Unable to Cope: how often have you found that you could not cope with all the things that you had to do?
    - Irritated by Life: how often have you been able to control irritations in your life?
    - On Top of Things: how often have you felt that you were on top of things?
    - Angered by Uncontrollable Events: how often have you been angered because of things that happened that were outside of your control?
    - Felt Overwhelmed: how often have you felt difficulties were piling up so high that you could not overcome them?
17. Anxiety Symptoms Frequency: Next, you will be asked questions about your emotional state. Please answer on a scale of 0 to 3, where 0 is 'Not at all', 1 is 'several days', 2 is 'more than half of the days', and 3 is 'Nearly every day'. Over the last two weeks, how often have you been bothered by the following problems? [Likert 0–3]
    - Feeling Nervous or On Edge: Feeling nervous, anxious, or on edge
    - Uncontrollable Worrying: Not being able to stop or control worrying
    - Excessive Worry: Worrying too much about different things
    - Trouble Relaxing: Trouble relaxing
    - Restlessness: Being so restless that it is hard to sit still
    - Irritability: Becoming easily annoyed or irritable
    - Fear Something Awful Might Happen: Feeling afraid, as if something awful might happen
18. Depressive Symptoms Frequency: Next, you will be asked questions about your emotional state. Please answer on a scale of 0 to 3, where 0 is 'Not at all', 1 is 'several days', 2 is 'more than half of the days', and 3 is 'Nearly every day'. Over the last two weeks, how often have you been bothered by the following problems?
    - Anhedonia: Little interest or pleasure in doing things
    - Depressed Mood: Feeling down, depressed, or hopeless
    - Sleep Problems: Trouble falling or staying asleep, or sleeping too much
    - Fatigue: Feeling tired or having little energy
    - Appetite Changes: Poor appetite or overeating
    - Feelings of Worthlessness: Feeling bad about yourself or that you are a failure or have let yourself or your family down
    - Concentration Difficulties: Trouble concentrating on things, such as reading the newspaper or watching television
    - Psychomotor Changes: Moving or speaking so slowly that other people could have noticed. Or the opposite — being so fidgety or restless that you have been moving around a lot more than usual
    - Suicidal Thoughts: Thoughts that you would be better off dead, or of hurting yourself

Responses:
==================================================

Respondent 46:
- Year of birth: 2005.0
- Gender: 1.0
- Socio-economic status: 4.0
- Ethnic identity: 6.0
- Life satisfaction: 9.0
- Happiness: 9.0
- Laughter: 10.0
- Learning: 9.0
- Enjoyment: 10.0
- Worry: 1.0
- Depression: 0.0
- Anger: 3.0
- Stress: 3.0
- Loneliness: 0.0
- Emotional Regulation Frequency:
  - Upset by Unexpected Events: 2.0
  - Unable to Control Important Things: 1.0
  - Lacked Confidence Handling Problems: 2.0
  - Unable to Cope: 3.0
  - Irritated by Life: 3.0
  - On Top of Things: 3.0
- Anxiety Symptoms Frequency:
  - Feeling Nervous or On Edge: 1.0
  - Trouble Relaxing: 1.0
  - Restlessness: 1.0
  - Irritability: 1.0
  - Fear Something Awful Might Happen: 2.0
- Depressive Symptoms Frequency:
  - Anhedonia: 0.0
  - Sleep Problems: 0.0
  - Fatigue: 1.0
  - Appetite Changes: 0.0
  - Feelings of Worthlessness: 0.0
  - Concentration Difficulties: 0.0
  - Suicidal Thoughts: 0.0

Respondent 126:
- Year of birth: 2004.0
- Gender: 1.0
- Socio-economic status: 4.0
- Ethnic identity: 6.0
- Parental Education:
  - Father: 22.0
  - Mother: 24.0
- Life satisfaction: 10.0
- Happiness: 10.0
- Laughter: 6.0
- Learning: 3.0
- Enjoyment: 5.0
- Worry: 0.0
- Depression: 0.0
- Anger: 2.0
- Stress: 3.0
- Loneliness: 0.0
- Emotional Regulation Frequency:
  - Upset by Unexpected Events: 2.0
  - Unable to Control Important Things: 4.0
  - Lacked Confidence Handling Problems: 3.0
  - Unable to Cope: 3.0
  - Irritated by Life: 2.0
  - On Top of Things: 0.0
- Anxiety Symptoms Frequency:
  - Feeling Nervous or On Edge: 1.0
  - Trouble Relaxing: 0.0
  - Restlessness: 0.0
  - Irritability: 1.0
  - Fear Something Awful Might Happen: 1.0
- Depressive Symptoms Frequency:
  - Anhedonia: 1.0
  - Sleep Problems: 1.0
  - Fatigue: 1.0
  - Appetite Changes: 1.0
  - Feelings of Worthlessness: 1.0
  - Concentration Difficulties: 1.0
  - Suicidal Thoughts: 0.0

Respondent 8:
- Year of birth: 2002.0
- Gender: 1.0
- Socio-economic status: 5.0
- Ethnic identity: 6.0
- Life satisfaction: 7.0
- Happiness: 8.0
- Laughter: 8.0
- Learning: 7.0
- Enjoyment: 8.0
- Worry: 1.0
- Depression: 0.0
- Anger: 2.0
- Stress: 3.0
- Loneliness: 0.0
- Emotional Regulation Frequency:
  - Upset by Unexpected Events: 1.0
  - Unable to Control Important Things: 1.0
  - Lacked Confidence Handling Problems: 2.0
  - Unable to Cope: 2.0
  - Irritated by Life: 3.0
  - On Top of Things: 2.0
- Anxiety Symptoms Frequency:
  - Feeling Nervous or On Edge: 1.0
  - Trouble Relaxing: 1.0
  - Restlessness: 0.0
  - Irritability: 1.0
  - Fear Something Awful Might Happen: 0.0
- Depressive Symptoms Frequency:
  - Anhedonia: 0.0
  - Sleep Problems: 1.0
  - Fatigue: 0.0
  - Appetite Changes: 1.0
  - Feelings of Worthlessness: 0.0
  - Concentration Difficulties: 0.0
  - Suicidal Thoughts: 0.0

Respondent 18:
- Year of birth: 2005.0
- Gender: 1.0
- Socio-economic status: 4.0
- Ethnic identity: 5.0
- Life satisfaction: 9.0
- Happiness: 8.0
- Laughter: 3.0
- Learning: 10.0
- Enjoyment: 7.0
- Worry: 1.0
- Depression: 1.0
- Anger: 2.0
- Stress: 1.0
- Loneliness: 10.0
- Emotional Regulation Frequency:
  - Upset by Unexpected Events: 3.0
  - Unable to Control Important Things: 1.0
  - Lacked Confidence Handling Problems: 3.0
  - Unable to Cope: 2.0
  - Irritated by Life: 4.0
  - On Top of Things: 4.0
- Anxiety Symptoms Frequency:
  - Feeling Nervous or On Edge: 0.0
  - Trouble Relaxing: 1.0
  - Restlessness: 0.0
  - Irritability: 1.0
  - Fear Something Awful Might Happen: 1.0
- Depressive Symptoms Frequency:
  - Anhedonia: 1.0
  - Sleep Problems: 0.0
  - Fatigue: 0.0
  - Appetite Changes: 2.0
  - Feelings of Worthlessness: 0.0
  - Concentration Difficulties: 2.0
  - Suicidal Thoughts: 0.0

Respondent 33:
- Year of birth: 2006.0
- Gender: 1.0
- Socio-economic status: 2.0
- Ethnic identity: 6.0
- Life satisfaction: 6.0
- Happiness: 5.0
- Laughter: 5.0
- Learning: 5.0
- Enjoyment: 7.0
- Worry: 2.0
- Depression: 0.0
- Anger: 2.0
- Stress: 3.0
- Loneliness: 0.0
- Emotional Regulation Frequency:
  - Upset by Unexpected Events: 2.0
  - Unable to Control Important Things: 3.0
  - Lacked Confidence Handling Problems: 2.0
  - Unable to Cope: 3.0
  - Irritated by Life: 2.0
  - On Top of Things: 2.0
- Anxiety Symptoms Frequency:
  - Feeling Nervous or On Edge: 1.0
  - Trouble Relaxing: 2.0
  - Restlessness: 0.0
  - Irritability: 2.0
  - Fear Something Awful Might Happen: 2.0
- Depressive Symptoms Frequency:
  - Anhedonia: 1.0
  - Sleep Problems: 0.0
  - Fatigue: 2.0
  - Appetite Changes: 0.0
  - Feelings of Worthlessness: 1.0
  - Concentration Difficulties: 3.0
  - Suicidal Thoughts: 0.0

Respondent 125:
- Year of birth: 2002.0
- Gender: 1.0
- Socio-economic status: 1.0
- Ethnic identity: 6.0
- Parental Education:
  - Father: 11.0
  - Mother: 11.0
- Life satisfaction: 7.0
- Happiness: 6.0
- Laughter: 5.0
- Learning: 9.0
- Enjoyment: 8.0
- Worry: 1.0
- Depression: 0.0
- Anger: 2.0
- Stress: 3.0
- Loneliness: 10.0
- Emotional Regulation Frequency:
  - Upset by Unexpected Events: 3.0
  - Unable to Control Important Things: 1.0
  - Lacked Confidence Handling Problems: 3.0
  - Unable to Cope: 1.0
  - Irritated by Life: 3.0
  - On Top of Things: 3.0
- Anxiety Symptoms Frequency:
  - Feeling Nervous or On Edge: 0.0
  - Trouble Relaxing: 0.0
  - Restlessness: 1.0
  - Irritability: 1.0
  - Fear Something Awful Might Happen: 0.0
- Depressive Symptoms Frequency:
  - Anhedonia: 0.0
  - Sleep Problems: 1.0
  - Fatigue: 0.0
  - Appetite Changes: 0.0
  - Feelings of Worthlessness: 0.0
  - Concentration Difficulties: 2.0
  - Suicidal Thoughts: 0.0

Respondent 88:
- Year of birth: 2002.0
- Gender: 1.0
- Socio-economic status: 6.0
- Ethnic identity: 6.0
- Parental Education:
  - Father: 12.0
  - Mother: 12.0
- Life satisfaction: 8.0
- Happiness: 8.0
- Laughter: 7.0
- Learning: 4.0
- Enjoyment: 8.0
- Worry: 0.0
- Depression: 0.0
- Anger: 1.0
- Stress: 1.0
- Loneliness: 0.0
- Emotional Regulation Frequency:
  - Upset by Unexpected Events: 1.0
  - Unable to Control Important Things: 1.0
  - Lacked Confidence Handling Problems: 4.0
  - Unable to Cope: 0.0
  - Irritated by Life: 4.0
  - On Top of Things: 4.0
- Anxiety Symptoms Frequency:
  - Feeling Nervous or On Edge: 0.0
  - Trouble Relaxing: 0.0
  - Restlessness: 0.0
  - Irritability: 0.0
  - Fear Something Awful Might Happen: 0.0
- Depressive Symptoms Frequency:
  - Anhedonia: 0.0
  - Sleep Problems: 0.0
  - Fatigue: 0.0
  - Appetite Changes: 0.0
  - Feelings of Worthlessness: 0.0
  - Concentration Difficulties: 0.0
  - Suicidal Thoughts: 0.0

Respondent 127:
- Year of birth: 2002.0
- Gender: 1.0
- Socio-economic status: 2.0
- Ethnic identity: 6.0
- Parental Education:
  - Father: 16.0
  - Mother: 11.0
- Life satisfaction: 6.0
- Happiness: 3.0
- Laughter: 6.0
- Learning: 3.0
- Enjoyment: 5.0
- Worry: 3.0
- Depression: 3.0
- Anger: 3.0
- Stress: 3.0
- Loneliness: 8.0
- Emotional Regulation Frequency:
  - Upset by Unexpected Events: 2.0
  - Unable to Control Important Things: 3.0
  - Lacked Confidence Handling Problems: 1.0
  - Unable to Cope: 3.0
  - Irritated by Life: 1.0
  - On Top of Things: 1.0
- Anxiety Symptoms Frequency:
  - Feeling Nervous or On Edge: 3.0
  - Trouble Relaxing: 3.0
  - Restlessness: 3.0
  - Irritability: 3.0
  - Fear Something Awful Might Happen: 3.0
- Depressive Symptoms Frequency:
  - Anhedonia: 3.0
  - Sleep Problems: 3.0
  - Fatigue: 3.0
  - Appetite Changes: 3.0
  - Feelings of Worthlessness: 3.0
  - Concentration Difficulties: 3.0
  - Suicidal Thoughts: 2.0

Respondent 50:
- Year of birth: 2004.0
- Gender: 2.0
- Socio-economic status: 1.0
- Ethnic identity: 6.0
- Parental Education:
  - Father: 16.0
  - Mother: 11.0
- Life satisfaction: 8.0
- Happiness: 8.0
- Laughter: 6.0
- Learning: 8.0
- Enjoyment: 8.0
- Worry: 1.0
- Depression: 2.0
- Anger: 4.0
- Stress: 3.0
- Loneliness: 0.0
- Emotional Regulation Frequency:
  - Upset by Unexpected Events: 2.0
  - Unable to Control Important Things: 3.0
  - Lacked Confidence Handling Problems: 3.0
  - Unable to Cope: 2.0
  - Irritated by Life: 3.0
  - On Top of Things: 2.0
- Anxiety Symptoms Frequency:
  - Feeling Nervous or On Edge: 2.0
  - Trouble Relaxing: 1.0
  - Restlessness: 0.0
  - Irritability: 2.0
  - Fear Something Awful Might Happen: 2.0
- Depressive Symptoms Frequency:
  - Anhedonia: 1.0
  - Sleep Problems: 2.0
  - Fatigue: 3.0
  - Appetite Changes: 0.0
  - Feelings of Worthlessness: 1.0
  - Concentration Difficulties: 0.0
  - Suicidal Thoughts: 0.0

Respondent 25:
- Year of birth: 2003.0
- Gender: 2.0
- Socio-economic status: 3.0
- Ethnic identity: 1.0
- Life satisfaction: 3.0
- Happiness: 2.0
- Laughter: 1.0
- Learning: 1.0
- Enjoyment: 2.0
- Worry: 0.0
- Depression: 3.0
- Anger: 3.0
- Stress: 3.0
- Loneliness: 8.0
- Emotional Regulation Frequency:
  - Upset by Unexpected Events: 2.0
  - Unable to Control Important Things: 2.0
  - Lacked Confidence Handling Problems: 4.0
  - Unable to Cope: 3.0
  - Irritated by Life: 2.0
  - On Top of Things: 1.0
- Anxiety Symptoms Frequency:
  - Feeling Nervous or On Edge: 3.0
  - Trouble Relaxing: 3.0
  - Restlessness: 3.0
  - Irritability: 3.0
  - Fear Something Awful Might Happen: 2.0
- Depressive Symptoms Frequency:
  - Anhedonia: 3.0
  - Sleep Problems: 0.0
  - Fatigue: 3.0
  - Appetite Changes: 3.0
  - Feelings of Worthlessness: 1.0
  - Concentration Difficulties: 3.0
  - Suicidal Thoughts: 0.0
",10,"How many respondents are there?

DATA:

Survey Data
==================================================

Questions:
1. Year of birth: What is your date of birth? [Open-ended]
2. Gender: What is your gender? [MCQ: 1. Male 2. Female]
3. Socio-economic status: What is the socio-economic status of your home? [Likert 1–6: 1 = Very low, 6 = Very high]
4. Ethnic identity: According to your culture, people, or physical features, you are or are recognized as: [MCQ: 1. Indigenous 2. Gypsy 3. Raizal from San Andres, Providencia and Santa Catalina Archipelago 4. Palenquero from San Basilio 5. Black, mulatto (Afro-descendant), Afro-Colombian 6. None of the above]
5. Parental Education: How many years of education did your parents receive? [Open-ended]
   - Father: Father?
   - Mother: Mother?
6. Life satisfaction: In general, how satisfied are you with all aspects of your life? [Likert 0–10: 0 = Not satisfied, 10 = Totally satisfied]
7. Happiness: How happy did you feel yesterday? [Likert 0–10: 0 = At no time, 10 = All the time]
8. Laughter: How much did you laugh yesterday? [Likert 0–10: 0 = At no time, 10 = All the time]
9. Learning: Did you learn new or exciting things yesterday? [Likert 0–10: 0 = At no time, 10 = All the time]
10. Enjoyment: How much did you enjoy the activities you did yesterday? [Likert 0–10: 0 = At no time, 10 = All the time]
11. Worry: How worried did you feel yesterday? [Likert 0–10: 0 = At no time, 10 = All the time]
12. Depression: How depressed did you feel yesterday? [Likert 0–10: 0 = At no time, 10 = All the time]
13. Anger: How angry did you feel yesterday? [Likert 0–10: 0 = At no time, 10 = All the time]
14. Stress: How much stress did you feel yesterday? [Likert 0–10: 0 = At no time, 10 = All the time]
15. Loneliness: How lonely or unsupported did you feel yesterday? [Likert 0–10: 0 = At no time, 10 = All the time]
16. Emotional Regulation Frequency: Next, you will be asked questions about your emotional state. Please answer on a scale of 0 to 4, where 0 is never, 1 is 'almost never', 2 is 'sometimes', 3 is 'fairly often', and 4 is 'very often', how often you experienced the following feelings during the last month: [Likert 0–4]
    - Upset by Unexpected Events: how often have you been upset because of something that happened unexpectedly?
    - Unable to Control Important Things: how often have you felt that you were unable to control the important things in your life?
    - Nervous and Stressed: how often have you felt nervous and stressed?
    - Lacked Confidence Handling Problems: how often have you felt confident about your ability to handle your personal problems?
    - Things Going Your Way: how often have you felt that things were going your way?
    - Unable to Cope: how often have you found that you could not cope with all the things that you had to do?
    - Irritated by Life: how often have you been able to control irritations in your life?
    - On Top of Things: how often have you felt that you were on top of things?
    - Angered by Uncontrollable Events: how often have you been angered because of things that happened that were outside of your control?
    - Felt Overwhelmed: how often have you felt difficulties were piling up so high that you could not overcome them?
17. Anxiety Symptoms Frequency: Next, you will be asked questions about your emotional state. Please answer on a scale of 0 to 3, where 0 is 'Not at all', 1 is 'several days', 2 is 'more than half of the days', and 3 is 'Nearly every day'. Over the last two weeks, how often have you been bothered by the following problems? [Likert 0–3]
    - Feeling Nervous or On Edge: Feeling nervous, anxious, or on edge
    - Uncontrollable Worrying: Not being able to stop or control worrying
    - Excessive Worry: Worrying too much about different things
    - Trouble Relaxing: Trouble relaxing
    - Restlessness: Being so restless that it is hard to sit still
    - Irritability: Becoming easily annoyed or irritable
    - Fear Something Awful Might Happen: Feeling afraid, as if something awful might happen
18. Depressive Symptoms Frequency: Next, you will be asked questions about your emotional state. Please answer on a scale of 0 to 3, where 0 is 'Not at all', 1 is 'several days', 2 is 'more than half of the days', and 3 is 'Nearly every day'. Over the last two weeks, how often have you been bothered by the following problems?
    - Anhedonia: Little interest or pleasure in doing things
    - Depressed Mood: Feeling down, depressed, or hopeless
    - Sleep Problems: Trouble falling or staying asleep, or sleeping too much
    - Fatigue: Feeling tired or having little energy
    - Appetite Changes: Poor appetite or overeating
    - Feelings of Worthlessness: Feeling bad about yourself or that you are a failure or have let yourself or your family down
    - Concentration Difficulties: Trouble concentrating on things, such as reading the newspaper or watching television
    - Psychomotor Changes: Moving or speaking so slowly that other people could have noticed. Or the opposite — being so fidgety or restless that you have been moving around a lot more than usual
    - Suicidal Thoughts: Thoughts that you would be better off dead, or of hurting yourself

Responses:
==================================================

Respondent 119:
- Year of birth: 2004.0
- Gender: 1.0
- Socio-economic status: 1.0
- Ethnic identity: 6.0
- Life satisfaction: 4.0
- Happiness: 8.0
- Laughter: 8.0
- Learning: 8.0
- Enjoyment: 8.0
- Worry: 1.0
- Depression: 1.0
- Anger: 2.0
- Stress: 2.0
- Loneliness: 2.0
- Emotional Regulation Frequency:
  - Upset by Unexpected Events: 2.0
  - Unable to Control Important Things: 2.0
  - Lacked Confidence Handling Problems: 2.0
  - Unable to Cope: 2.0
  - Irritated by Life: 2.0
  - On Top of Things: 2.0
- Anxiety Symptoms Frequency:
  - Feeling Nervous or On Edge: 1.0
  - Trouble Relaxing: 1.0
  - Restlessness: 1.0
  - Irritability: 1.0
  - Fear Something Awful Might Happen: 1.0
- Depressive Symptoms Frequency:
  - Anhedonia: 1.0
  - Sleep Problems: 1.0
  - Fatigue: 1.0
  - Appetite Changes: 0.0
  - Feelings of Worthlessness: 1.0
  - Concentration Difficulties: 0.0
  - Suicidal Thoughts: 0.0

Respondent 116:
- Year of birth: 2004.0
- Gender: 1.0
- Socio-economic status: 5.0
- Ethnic identity: 6.0
- Parental Education:
  - Father: 17.0
  - Mother: 17.0
- Life satisfaction: 8.0
- Happiness: 8.0
- Laughter: 7.0
- Learning: 7.0
- Enjoyment: 9.0
- Worry: 1.0
- Depression: 1.0
- Anger: 2.0
- Stress: 3.0
- Loneliness: 1.0
- Emotional Regulation Frequency:
  - Upset by Unexpected Events: 2.0
  - Unable to Control Important Things: 2.0
  - Lacked Confidence Handling Problems: 3.0
  - Unable to Cope: 2.0
  - Irritated by Life: 3.0
  - On Top of Things: 2.0
- Anxiety Symptoms Frequency:
  - Feeling Nervous or On Edge: 2.0
  - Trouble Relaxing: 1.0
  - Restlessness: 2.0
  - Irritability: 1.0
  - Fear Something Awful Might Happen: 2.0
- Depressive Symptoms Frequency:
  - Anhedonia: 1.0
  - Sleep Problems: 0.0
  - Fatigue: 2.0
  - Appetite Changes: 2.0
  - Feelings of Worthlessness: 1.0
  - Concentration Difficulties: 2.0
  - Suicidal Thoughts: 0.0

Answer: 2

Survey Data
==================================================

Questions:
1. Year of birth: What is your date of birth? [Open-ended]
2. Gender: What is your gender? [MCQ: 1. Male 2. Female]
3. Socio-economic status: What is the socio-economic status of your home? [Likert 1–6: 1 = Very low, 6 = Very high]
4. Ethnic identity: According to your culture, people, or physical features, you are or are recognized as: [MCQ: 1. Indigenous 2. Gypsy 3. Raizal from San Andres, Providencia and Santa Catalina Archipelago 4. Palenquero from San Basilio 5. Black, mulatto (Afro-descendant), Afro-Colombian 6. None of the above]
5. Parental Education: How many years of education did your parents receive? [Open-ended]
   - Father: Father?
   - Mother: Mother?
6. Life satisfaction: In general, how satisfied are you with all aspects of your life? [Likert 0–10: 0 = Not satisfied, 10 = Totally satisfied]
7. Happiness: How happy did you feel yesterday? [Likert 0–10: 0 = At no time, 10 = All the time]
8. Laughter: How much did you laugh yesterday? [Likert 0–10: 0 = At no time, 10 = All the time]
9. Learning: Did you learn new or exciting things yesterday? [Likert 0–10: 0 = At no time, 10 = All the time]
10. Enjoyment: How much did you enjoy the activities you did yesterday? [Likert 0–10: 0 = At no time, 10 = All the time]
11. Worry: How worried did you feel yesterday? [Likert 0–10: 0 = At no time, 10 = All the time]
12. Depression: How depressed did you feel yesterday? [Likert 0–10: 0 = At no time, 10 = All the time]
13. Anger: How angry did you feel yesterday? [Likert 0–10: 0 = At no time, 10 = All the time]
14. Stress: How much stress did you feel yesterday? [Likert 0–10: 0 = At no time, 10 = All the time]
15. Loneliness: How lonely or unsupported did you feel yesterday? [Likert 0–10: 0 = At no time, 10 = All the time]
16. Emotional Regulation Frequency: Next, you will be asked questions about your emotional state. Please answer on a scale of 0 to 4, where 0 is never, 1 is 'almost never', 2 is 'sometimes', 3 is 'fairly often', and 4 is 'very often', how often you experienced the following feelings during the last month: [Likert 0–4]
    - Upset by Unexpected Events: how often have you been upset because of something that happened unexpectedly?
    - Unable to Control Important Things: how often have you felt that you were unable to control the important things in your life?
    - Nervous and Stressed: how often have you felt nervous and stressed?
    - Lacked Confidence Handling Problems: how often have you felt confident about your ability to handle your personal problems?
    - Things Going Your Way: how often have you felt that things were going your way?
    - Unable to Cope: how often have you found that you could not cope with all the things that you had to do?
    - Irritated by Life: how often have you been able to control irritations in your life?
    - On Top of Things: how often have you felt that you were on top of things?
    - Angered by Uncontrollable Events: how often have you been angered because of things that happened that were outside of your control?
    - Felt Overwhelmed: how often have you felt difficulties were piling up so high that you could not overcome them?
17. Anxiety Symptoms Frequency: Next, you will be asked questions about your emotional state. Please answer on a scale of 0 to 3, where 0 is 'Not at all', 1 is 'several days', 2 is 'more than half of the days', and 3 is 'Nearly every day'. Over the last two weeks, how often have you been bothered by the following problems? [Likert 0–3]
    - Feeling Nervous or On Edge: Feeling nervous, anxious, or on edge
    - Uncontrollable Worrying: Not being able to stop or control worrying
    - Excessive Worry: Worrying too much about different things
    - Trouble Relaxing: Trouble relaxing
    - Restlessness: Being so restless that it is hard to sit still
    - Irritability: Becoming easily annoyed or irritable
    - Fear Something Awful Might Happen: Feeling afraid, as if something awful might happen
18. Depressive Symptoms Frequency: Next, you will be asked questions about your emotional state. Please answer on a scale of 0 to 3, where 0 is 'Not at all', 1 is 'several days', 2 is 'more than half of the days', and 3 is 'Nearly every day'. Over the last two weeks, how often have you been bothered by the following problems?
    - Anhedonia: Little interest or pleasure in doing things
    - Depressed Mood: Feeling down, depressed, or hopeless
    - Sleep Problems: Trouble falling or staying asleep, or sleeping too much
    - Fatigue: Feeling tired or having little energy
    - Appetite Changes: Poor appetite or overeating
    - Feelings of Worthlessness: Feeling bad about yourself or that you are a failure or have let yourself or your family down
    - Concentration Difficulties: Trouble concentrating on things, such as reading the newspaper or watching television
    - Psychomotor Changes: Moving or speaking so slowly that other people could have noticed. Or the opposite — being so fidgety or restless that you have been moving around a lot more than usual
    - Suicidal Thoughts: Thoughts that you would be better off dead, or of hurting yourself

Responses:
==================================================

Respondent 46:
- Year of birth: 2005.0
- Gender: 1.0
- Socio-economic status: 4.0
- Ethnic identity: 6.0
- Life satisfaction: 9.0
- Happiness: 9.0
- Laughter: 10.0
- Learning: 9.0
- Enjoyment: 10.0
- Worry: 1.0
- Depression: 0.0
- Anger: 3.0
- Stress: 3.0
- Loneliness: 0.0
- Emotional Regulation Frequency:
  - Upset by Unexpected Events: 2.0
  - Unable to Control Important Things: 1.0
  - Lacked Confidence Handling Problems: 2.0
  - Unable to Cope: 3.0
  - Irritated by Life: 3.0
  - On Top of Things: 3.0
- Anxiety Symptoms Frequency:
  - Feeling Nervous or On Edge: 1.0
  - Trouble Relaxing: 1.0
  - Restlessness: 1.0
  - Irritability: 1.0
  - Fear Something Awful Might Happen: 2.0
- Depressive Symptoms Frequency:
  - Anhedonia: 0.0
  - Sleep Problems: 0.0
  - Fatigue: 1.0
  - Appetite Changes: 0.0
  - Feelings of Worthlessness: 0.0
  - Concentration Difficulties: 0.0
  - Suicidal Thoughts: 0.0

Respondent 126:
- Year of birth: 2004.0
- Gender: 1.0
- Socio-economic status: 4.0
- Ethnic identity: 6.0
- Parental Education:
  - Father: 22.0
  - Mother: 24.0
- Life satisfaction: 10.0
- Happiness: 10.0
- Laughter: 6.0
- Learning: 3.0
- Enjoyment: 5.0
- Worry: 0.0
- Depression: 0.0
- Anger: 2.0
- Stress: 3.0
- Loneliness: 0.0
- Emotional Regulation Frequency:
  - Upset by Unexpected Events: 2.0
  - Unable to Control Important Things: 4.0
  - Lacked Confidence Handling Problems: 3.0
  - Unable to Cope: 3.0
  - Irritated by Life: 2.0
  - On Top of Things: 0.0
- Anxiety Symptoms Frequency:
  - Feeling Nervous or On Edge: 1.0
  - Trouble Relaxing: 0.0
  - Restlessness: 0.0
  - Irritability: 1.0
  - Fear Something Awful Might Happen: 1.0
- Depressive Symptoms Frequency:
  - Anhedonia: 1.0
  - Sleep Problems: 1.0
  - Fatigue: 1.0
  - Appetite Changes: 1.0
  - Feelings of Worthlessness: 1.0
  - Concentration Difficulties: 1.0
  - Suicidal Thoughts: 0.0

Respondent 8:
- Year of birth: 2002.0
- Gender: 1.0
- Socio-economic status: 5.0
- Ethnic identity: 6.0
- Life satisfaction: 7.0
- Happiness: 8.0
- Laughter: 8.0
- Learning: 7.0
- Enjoyment: 8.0
- Worry: 1.0
- Depression: 0.0
- Anger: 2.0
- Stress: 3.0
- Loneliness: 0.0
- Emotional Regulation Frequency:
  - Upset by Unexpected Events: 1.0
  - Unable to Control Important Things: 1.0
  - Lacked Confidence Handling Problems: 2.0
  - Unable to Cope: 2.0
  - Irritated by Life: 3.0
  - On Top of Things: 2.0
- Anxiety Symptoms Frequency:
  - Feeling Nervous or On Edge: 1.0
  - Trouble Relaxing: 1.0
  - Restlessness: 0.0
  - Irritability: 1.0
  - Fear Something Awful Might Happen: 0.0
- Depressive Symptoms Frequency:
  - Anhedonia: 0.0
  - Sleep Problems: 1.0
  - Fatigue: 0.0
  - Appetite Changes: 1.0
  - Feelings of Worthlessness: 0.0
  - Concentration Difficulties: 0.0
  - Suicidal Thoughts: 0.0

Respondent 18:
- Year of birth: 2005.0
- Gender: 1.0
- Socio-economic status: 4.0
- Ethnic identity: 5.0
- Life satisfaction: 9.0
- Happiness: 8.0
- Laughter: 3.0
- Learning: 10.0
- Enjoyment: 7.0
- Worry: 1.0
- Depression: 1.0
- Anger: 2.0
- Stress: 1.0
- Loneliness: 10.0
- Emotional Regulation Frequency:
  - Upset by Unexpected Events: 3.0
  - Unable to Control Important Things: 1.0
  - Lacked Confidence Handling Problems: 3.0
  - Unable to Cope: 2.0
  - Irritated by Life: 4.0
  - On Top of Things: 4.0
- Anxiety Symptoms Frequency:
  - Feeling Nervous or On Edge: 0.0
  - Trouble Relaxing: 1.0
  - Restlessness: 0.0
  - Irritability: 1.0
  - Fear Something Awful Might Happen: 1.0
- Depressive Symptoms Frequency:
  - Anhedonia: 1.0
  - Sleep Problems: 0.0
  - Fatigue: 0.0
  - Appetite Changes: 2.0
  - Feelings of Worthlessness: 0.0
  - Concentration Difficulties: 2.0
  - Suicidal Thoughts: 0.0

Respondent 33:
- Year of birth: 2006.0
- Gender: 1.0
- Socio-economic status: 2.0
- Ethnic identity: 6.0
- Life satisfaction: 6.0
- Happiness: 5.0
- Laughter: 5.0
- Learning: 5.0
- Enjoyment: 7.0
- Worry: 2.0
- Depression: 0.0
- Anger: 2.0
- Stress: 3.0
- Loneliness: 0.0
- Emotional Regulation Frequency:
  - Upset by Unexpected Events: 2.0
  - Unable to Control Important Things: 3.0
  - Lacked Confidence Handling Problems: 2.0
  - Unable to Cope: 3.0
  - Irritated by Life: 2.0
  - On Top of Things: 2.0
- Anxiety Symptoms Frequency:
  - Feeling Nervous or On Edge: 1.0
  - Trouble Relaxing: 2.0
  - Restlessness: 0.0
  - Irritability: 2.0
  - Fear Something Awful Might Happen: 2.0
- Depressive Symptoms Frequency:
  - Anhedonia: 1.0
  - Sleep Problems: 0.0
  - Fatigue: 2.0
  - Appetite Changes: 0.0
  - Feelings of Worthlessness: 1.0
  - Concentration Difficulties: 3.0
  - Suicidal Thoughts: 0.0

Respondent 125:
- Year of birth: 2002.0
- Gender: 1.0
- Socio-economic status: 1.0
- Ethnic identity: 6.0
- Parental Education:
  - Father: 11.0
  - Mother: 11.0
- Life satisfaction: 7.0
- Happiness: 6.0
- Laughter: 5.0
- Learning: 9.0
- Enjoyment: 8.0
- Worry: 1.0
- Depression: 0.0
- Anger: 2.0
- Stress: 3.0
- Loneliness: 10.0
- Emotional Regulation Frequency:
  - Upset by Unexpected Events: 3.0
  - Unable to Control Important Things: 1.0
  - Lacked Confidence Handling Problems: 3.0
  - Unable to Cope: 1.0
  - Irritated by Life: 3.0
  - On Top of Things: 3.0
- Anxiety Symptoms Frequency:
  - Feeling Nervous or On Edge: 0.0
  - Trouble Relaxing: 0.0
  - Restlessness: 1.0
  - Irritability: 1.0
  - Fear Something Awful Might Happen: 0.0
- Depressive Symptoms Frequency:
  - Anhedonia: 0.0
  - Sleep Problems: 1.0
  - Fatigue: 0.0
  - Appetite Changes: 0.0
  - Feelings of Worthlessness: 0.0
  - Concentration Difficulties: 2.0
  - Suicidal Thoughts: 0.0

Respondent 88:
- Year of birth: 2002.0
- Gender: 1.0
- Socio-economic status: 6.0
- Ethnic identity: 6.0
- Parental Education:
  - Father: 12.0
  - Mother: 12.0
- Life satisfaction: 8.0
- Happiness: 8.0
- Laughter: 7.0
- Learning: 4.0
- Enjoyment: 8.0
- Worry: 0.0
- Depression: 0.0
- Anger: 1.0
- Stress: 1.0
- Loneliness: 0.0
- Emotional Regulation Frequency:
  - Upset by Unexpected Events: 1.0
  - Unable to Control Important Things: 1.0
  - Lacked Confidence Handling Problems: 4.0
  - Unable to Cope: 0.0
  - Irritated by Life: 4.0
  - On Top of Things: 4.0
- Anxiety Symptoms Frequency:
  - Feeling Nervous or On Edge: 0.0
  - Trouble Relaxing: 0.0
  - Restlessness: 0.0
  - Irritability: 0.0
  - Fear Something Awful Might Happen: 0.0
- Depressive Symptoms Frequency:
  - Anhedonia: 0.0
  - Sleep Problems: 0.0
  - Fatigue: 0.0
  - Appetite Changes: 0.0
  - Feelings of Worthlessness: 0.0
  - Concentration Difficulties: 0.0
  - Suicidal Thoughts: 0.0

Respondent 127:
- Year of birth: 2002.0
- Gender: 1.0
- Socio-economic status: 2.0
- Ethnic identity: 6.0
- Parental Education:
  - Father: 16.0
  - Mother: 11.0
- Life satisfaction: 6.0
- Happiness: 3.0
- Laughter: 6.0
- Learning: 3.0
- Enjoyment: 5.0
- Worry: 3.0
- Depression: 3.0
- Anger: 3.0
- Stress: 3.0
- Loneliness: 8.0
- Emotional Regulation Frequency:
  - Upset by Unexpected Events: 2.0
  - Unable to Control Important Things: 3.0
  - Lacked Confidence Handling Problems: 1.0
  - Unable to Cope: 3.0
  - Irritated by Life: 1.0
  - On Top of Things: 1.0
- Anxiety Symptoms Frequency:
  - Feeling Nervous or On Edge: 3.0
  - Trouble Relaxing: 3.0
  - Restlessness: 3.0
  - Irritability: 3.0
  - Fear Something Awful Might Happen: 3.0
- Depressive Symptoms Frequency:
  - Anhedonia: 3.0
  - Sleep Problems: 3.0
  - Fatigue: 3.0
  - Appetite Changes: 3.0
  - Feelings of Worthlessness: 3.0
  - Concentration Difficulties: 3.0
  - Suicidal Thoughts: 2.0

Respondent 50:
- Year of birth: 2004.0
- Gender: 2.0
- Socio-economic status: 1.0
- Ethnic identity: 6.0
- Parental Education:
  - Father: 16.0
  - Mother: 11.0
- Life satisfaction: 8.0
- Happiness: 8.0
- Laughter: 6.0
- Learning: 8.0
- Enjoyment: 8.0
- Worry: 1.0
- Depression: 2.0
- Anger: 4.0
- Stress: 3.0
- Loneliness: 0.0
- Emotional Regulation Frequency:
  - Upset by Unexpected Events: 2.0
  - Unable to Control Important Things: 3.0
  - Lacked Confidence Handling Problems: 3.0
  - Unable to Cope: 2.0
  - Irritated by Life: 3.0
  - On Top of Things: 2.0
- Anxiety Symptoms Frequency:
  - Feeling Nervous or On Edge: 2.0
  - Trouble Relaxing: 1.0
  - Restlessness: 0.0
  - Irritability: 2.0
  - Fear Something Awful Might Happen: 2.0
- Depressive Symptoms Frequency:
  - Anhedonia: 1.0
  - Sleep Problems: 2.0
  - Fatigue: 3.0
  - Appetite Changes: 0.0
  - Feelings of Worthlessness: 1.0
  - Concentration Difficulties: 0.0
  - Suicidal Thoughts: 0.0

Respondent 25:
- Year of birth: 2003.0
- Gender: 2.0
- Socio-economic status: 3.0
- Ethnic identity: 1.0
- Life satisfaction: 3.0
- Happiness: 2.0
- Laughter: 1.0
- Learning: 1.0
- Enjoyment: 2.0
- Worry: 0.0
- Depression: 3.0
- Anger: 3.0
- Stress: 3.0
- Loneliness: 8.0
- Emotional Regulation Frequency:
  - Upset by Unexpected Events: 2.0
  - Unable to Control Important Things: 2.0
  - Lacked Confidence Handling Problems: 4.0
  - Unable to Cope: 3.0
  - Irritated by Life: 2.0
  - On Top of Things: 1.0
- Anxiety Symptoms Frequency:
  - Feeling Nervous or On Edge: 3.0
  - Trouble Relaxing: 3.0
  - Restlessness: 3.0
  - Irritability: 3.0
  - Fear Something Awful Might Happen: 2.0
- Depressive Symptoms Frequency:
  - Anhedonia: 3.0
  - Sleep Problems: 0.0
  - Fatigue: 3.0
  - Appetite Changes: 3.0
  - Feelings of Worthlessness: 1.0
  - Concentration Difficulties: 3.0
  - Suicidal Thoughts: 0.0

You are a meticulous data analyst AI. Your primary function is to accurately analyze structured data and provide precise, verifiable answers.

You will be given a dataset with two key parts:

A 'questions' section: This is your data dictionary or schema. It is the single source of truth for understanding what each field and score means. Refer to it carefully.

A 'responses' section: This contains the raw data from each individual respondent.

To answer the question correctly, you must first use the 'questions' schema to fully understand the context and meaning of the data points within the 'responses'. Do not rely on any prior knowledge outside of this provided data. Base your entire analysis on the information given.

Provide your final answer directly and concisely. Output must be the human-readable value, not an option code.

Rules:
- For MCQ fields, map any letter codes in the Responses (case-insensitive) to the corresponding option text from the Questions schema, and output only that text. Do NOT include the letter or both.
  Example: If the schema is ""[MCQ: A. Abnormal B. Inconclusive C. Normal]"" and the response is ""a"", output ""Abnormal"".
- For open-ended fields, output the exact text value.
- If the question asks for a count, provide only the number (e.g., ""42"").
- If the question asks for a list of names or IDs, provide a simple comma-separated list (e.g., ""17, 21, 23"").
- Preserve capitalization exactly as in the schema (e.g., output ""Abnormal"", not ""abnormal"" or ""A"").

How many respondents are there?",10,True
case_24,respondent_count,How many respondents are there?,"Survey Data
==================================================

Questions:
1. Year of birth: What is your date of birth? [Open-ended]
2. Gender: What is your gender? [MCQ: 1. Male 2. Female]
3. Socio-economic status: What is the socio-economic status of your home? [Likert 1–6: 1 = Very low, 6 = Very high]
4. Ethnic identity: According to your culture, people, or physical features, you are or are recognized as: [MCQ: 1. Indigenous 2. Gypsy 3. Raizal from San Andres, Providencia and Santa Catalina Archipelago 4. Palenquero from San Basilio 5. Black, mulatto (Afro-descendant), Afro-Colombian 6. None of the above]
5. Parental Education: How many years of education did your parents receive? [Open-ended]
   - Father: Father?
   - Mother: Mother?
6. Life satisfaction: In general, how satisfied are you with all aspects of your life? [Likert 0–10: 0 = Not satisfied, 10 = Totally satisfied]
7. Happiness: How happy did you feel yesterday? [Likert 0–10: 0 = At no time, 10 = All the time]
8. Laughter: How much did you laugh yesterday? [Likert 0–10: 0 = At no time, 10 = All the time]
9. Learning: Did you learn new or exciting things yesterday? [Likert 0–10: 0 = At no time, 10 = All the time]
10. Enjoyment: How much did you enjoy the activities you did yesterday? [Likert 0–10: 0 = At no time, 10 = All the time]
11. Worry: How worried did you feel yesterday? [Likert 0–10: 0 = At no time, 10 = All the time]
12. Depression: How depressed did you feel yesterday? [Likert 0–10: 0 = At no time, 10 = All the time]
13. Anger: How angry did you feel yesterday? [Likert 0–10: 0 = At no time, 10 = All the time]
14. Stress: How much stress did you feel yesterday? [Likert 0–10: 0 = At no time, 10 = All the time]
15. Loneliness: How lonely or unsupported did you feel yesterday? [Likert 0–10: 0 = At no time, 10 = All the time]
16. Emotional Regulation Frequency: Next, you will be asked questions about your emotional state. Please answer on a scale of 0 to 4, where 0 is never, 1 is 'almost never', 2 is 'sometimes', 3 is 'fairly often', and 4 is 'very often', how often you experienced the following feelings during the last month: [Likert 0–4]
    - Upset by Unexpected Events: how often have you been upset because of something that happened unexpectedly?
    - Unable to Control Important Things: how often have you felt that you were unable to control the important things in your life?
    - Nervous and Stressed: how often have you felt nervous and stressed?
    - Lacked Confidence Handling Problems: how often have you felt confident about your ability to handle your personal problems?
    - Things Going Your Way: how often have you felt that things were going your way?
    - Unable to Cope: how often have you found that you could not cope with all the things that you had to do?
    - Irritated by Life: how often have you been able to control irritations in your life?
    - On Top of Things: how often have you felt that you were on top of things?
    - Angered by Uncontrollable Events: how often have you been angered because of things that happened that were outside of your control?
    - Felt Overwhelmed: how often have you felt difficulties were piling up so high that you could not overcome them?
17. Anxiety Symptoms Frequency: Next, you will be asked questions about your emotional state. Please answer on a scale of 0 to 3, where 0 is 'Not at all', 1 is 'several days', 2 is 'more than half of the days', and 3 is 'Nearly every day'. Over the last two weeks, how often have you been bothered by the following problems? [Likert 0–3]
    - Feeling Nervous or On Edge: Feeling nervous, anxious, or on edge
    - Uncontrollable Worrying: Not being able to stop or control worrying
    - Excessive Worry: Worrying too much about different things
    - Trouble Relaxing: Trouble relaxing
    - Restlessness: Being so restless that it is hard to sit still
    - Irritability: Becoming easily annoyed or irritable
    - Fear Something Awful Might Happen: Feeling afraid, as if something awful might happen
18. Depressive Symptoms Frequency: Next, you will be asked questions about your emotional state. Please answer on a scale of 0 to 3, where 0 is 'Not at all', 1 is 'several days', 2 is 'more than half of the days', and 3 is 'Nearly every day'. Over the last two weeks, how often have you been bothered by the following problems?
    - Anhedonia: Little interest or pleasure in doing things
    - Depressed Mood: Feeling down, depressed, or hopeless
    - Sleep Problems: Trouble falling or staying asleep, or sleeping too much
    - Fatigue: Feeling tired or having little energy
    - Appetite Changes: Poor appetite or overeating
    - Feelings of Worthlessness: Feeling bad about yourself or that you are a failure or have let yourself or your family down
    - Concentration Difficulties: Trouble concentrating on things, such as reading the newspaper or watching television
    - Psychomotor Changes: Moving or speaking so slowly that other people could have noticed. Or the opposite — being so fidgety or restless that you have been moving around a lot more than usual
    - Suicidal Thoughts: Thoughts that you would be better off dead, or of hurting yourself

Responses:
==================================================

Respondent 55:
- Year of birth: 2002.0
- Gender: 2.0
- Socio-economic status: 2.0
- Ethnic identity: 6.0
- Parental Education:
  - Father: 4.0
  - Mother: 15.0
- Life satisfaction: 6.0
- Happiness: 6.0
- Laughter: 7.0
- Learning: 9.0
- Enjoyment: 5.0
- Worry: 3.0
- Depression: 3.0
- Anger: 2.0
- Stress: 4.0
- Loneliness: 6.0
- Emotional Regulation Frequency:
  - Upset by Unexpected Events: 2.0
  - Unable to Control Important Things: 4.0
  - Lacked Confidence Handling Problems: 2.0
  - Unable to Cope: 3.0
  - Irritated by Life: 2.0
  - On Top of Things: 1.0
- Anxiety Symptoms Frequency:
  - Feeling Nervous or On Edge: 3.0
  - Trouble Relaxing: 3.0
  - Restlessness: 0.0
  - Irritability: 3.0
  - Fear Something Awful Might Happen: 3.0
- Depressive Symptoms Frequency:
  - Anhedonia: 2.0
  - Sleep Problems: 0.0
  - Fatigue: 3.0
  - Appetite Changes: 3.0
  - Feelings of Worthlessness: 3.0
  - Concentration Difficulties: 1.0
  - Suicidal Thoughts: 3.0

Respondent 16:
- Year of birth: 2001.0
- Gender: 1.0
- Socio-economic status: 5.0
- Ethnic identity: 6.0
- Parental Education:
  - Father: 30.0
  - Mother: 20.0
- Life satisfaction: 6.0
- Happiness: 9.0
- Laughter: 10.0
- Learning: 5.0
- Enjoyment: 10.0
- Worry: 2.0
- Depression: 1.0
- Anger: 4.0
- Stress: 2.0
- Loneliness: 1.0
- Emotional Regulation Frequency:
  - Upset by Unexpected Events: 3.0
  - Unable to Control Important Things: 2.0
  - Lacked Confidence Handling Problems: 2.0
  - Unable to Cope: 1.0
  - Irritated by Life: 3.0
  - On Top of Things: 1.0
- Anxiety Symptoms Frequency:
  - Feeling Nervous or On Edge: 1.0
  - Trouble Relaxing: 1.0
  - Restlessness: 0.0
  - Irritability: 1.0
  - Fear Something Awful Might Happen: 1.0
- Depressive Symptoms Frequency:
  - Anhedonia: 1.0
  - Sleep Problems: 2.0
  - Fatigue: 2.0
  - Appetite Changes: 0.0
  - Feelings of Worthlessness: 0.0
  - Concentration Difficulties: 0.0
  - Suicidal Thoughts: 0.0

Respondent 5:
- Year of birth: 1999.0
- Gender: 1.0
- Socio-economic status: 4.0
- Ethnic identity: 5.0
- Life satisfaction: 8.0
- Happiness: 6.0
- Laughter: 7.0
- Learning: 3.0
- Enjoyment: 9.0
- Worry: 0.0
- Depression: 1.0
- Anger: 2.0
- Stress: 2.0
- Loneliness: 10.0
- Emotional Regulation Frequency:
  - Upset by Unexpected Events: 3.0
  - Unable to Control Important Things: 1.0
  - Lacked Confidence Handling Problems: 3.0
  - Unable to Cope: 3.0
  - Irritated by Life: 3.0
  - On Top of Things: 2.0
- Anxiety Symptoms Frequency:
  - Feeling Nervous or On Edge: 1.0
  - Trouble Relaxing: 0.0
  - Restlessness: 0.0
  - Irritability: 0.0
  - Fear Something Awful Might Happen: 1.0
- Depressive Symptoms Frequency:
  - Anhedonia: 2.0
  - Sleep Problems: 3.0
  - Fatigue: 1.0
  - Appetite Changes: 1.0
  - Feelings of Worthlessness: 0.0
  - Concentration Difficulties: 1.0
  - Suicidal Thoughts: 3.0

Respondent 105:
- Year of birth: 2002.0
- Gender: 1.0
- Socio-economic status: 3.0
- Ethnic identity: 6.0
- Life satisfaction: 6.0
- Happiness: 7.0
- Laughter: 6.0
- Learning: 7.0
- Enjoyment: 6.0
- Worry: 0.0
- Depression: 0.0
- Anger: 1.0
- Stress: 3.0
- Loneliness: 2.0
- Emotional Regulation Frequency:
  - Upset by Unexpected Events: 2.0
  - Unable to Control Important Things: 2.0
  - Lacked Confidence Handling Problems: 2.0
  - Unable to Cope: 2.0
  - Irritated by Life: 3.0
  - On Top of Things: 3.0
- Anxiety Symptoms Frequency:
  - Feeling Nervous or On Edge: 1.0
  - Trouble Relaxing: 1.0
  - Restlessness: 1.0
  - Irritability: 0.0
  - Fear Something Awful Might Happen: 1.0
- Depressive Symptoms Frequency:
  - Anhedonia: 0.0
  - Sleep Problems: 2.0
  - Fatigue: 1.0
  - Appetite Changes: 0.0
  - Feelings of Worthlessness: 0.0
  - Concentration Difficulties: 1.0
  - Suicidal Thoughts: 0.0

Respondent 102:
- Year of birth: 2004.0
- Gender: 2.0
- Socio-economic status: 4.0
- Ethnic identity: 6.0
- Life satisfaction: 8.0
- Happiness: 6.0
- Laughter: 2.0
- Learning: 9.0
- Enjoyment: 2.0
- Worry: 2.0
- Depression: 1.0
- Anger: 4.0
- Stress: 4.0
- Loneliness: 9.0
- Emotional Regulation Frequency:
  - Upset by Unexpected Events: 3.0
  - Unable to Control Important Things: 3.0
  - Lacked Confidence Handling Problems: 2.0
  - Unable to Cope: 3.0
  - Irritated by Life: 3.0
  - On Top of Things: 2.0
- Anxiety Symptoms Frequency:
  - Feeling Nervous or On Edge: 3.0
  - Trouble Relaxing: 2.0
  - Restlessness: 0.0
  - Irritability: 1.0
  - Fear Something Awful Might Happen: 2.0
- Depressive Symptoms Frequency:
  - Anhedonia: 0.0
  - Sleep Problems: 1.0
  - Fatigue: 0.0
  - Appetite Changes: 1.0
  - Feelings of Worthlessness: 2.0
  - Concentration Difficulties: 1.0
  - Suicidal Thoughts: 1.0

Respondent 94:
- Year of birth: 2003.0
- Gender: 1.0
- Socio-economic status: 4.0
- Ethnic identity: 6.0
- Parental Education:
  - Father: 30.0
  - Mother: 37.0
- Life satisfaction: 8.0
- Happiness: 8.0
- Laughter: 9.0
- Learning: 10.0
- Enjoyment: 7.0
- Worry: 1.0
- Depression: 0.0
- Anger: 1.0
- Stress: 4.0
- Loneliness: 0.0
- Emotional Regulation Frequency:
  - Upset by Unexpected Events: 1.0
  - Unable to Control Important Things: 3.0
  - Lacked Confidence Handling Problems: 3.0
  - Unable to Cope: 2.0
  - Irritated by Life: 3.0
  - On Top of Things: 3.0
- Anxiety Symptoms Frequency:
  - Feeling Nervous or On Edge: 3.0
  - Trouble Relaxing: 0.0
  - Restlessness: 0.0
  - Irritability: 1.0
  - Fear Something Awful Might Happen: 0.0
- Depressive Symptoms Frequency:
  - Anhedonia: 0.0
  - Sleep Problems: 0.0
  - Fatigue: 2.0
  - Appetite Changes: 3.0
  - Feelings of Worthlessness: 1.0
  - Concentration Difficulties: 1.0
  - Suicidal Thoughts: 0.0

Respondent 17:
- Year of birth: 2004.0
- Gender: 1.0
- Socio-economic status: 3.0
- Ethnic identity: 6.0
- Parental Education:
  - Mother: 21.0
- Life satisfaction: 6.0
- Happiness: 4.0
- Laughter: 2.0
- Learning: 7.0
- Enjoyment: 5.0
- Worry: 1.0
- Depression: 1.0
- Anger: 1.0
- Stress: 3.0
- Loneliness: 10.0
- Emotional Regulation Frequency:
  - Upset by Unexpected Events: 2.0
  - Unable to Control Important Things: 2.0
  - Lacked Confidence Handling Problems: 1.0
  - Unable to Cope: 3.0
  - Irritated by Life: 2.0
  - On Top of Things: 1.0
- Anxiety Symptoms Frequency:
  - Feeling Nervous or On Edge: 1.0
  - Trouble Relaxing: 1.0
  - Restlessness: 1.0
  - Irritability: 1.0
  - Fear Something Awful Might Happen: 1.0
- Depressive Symptoms Frequency:
  - Anhedonia: 1.0
  - Sleep Problems: 0.0
  - Fatigue: 2.0
  - Appetite Changes: 2.0
  - Feelings of Worthlessness: 2.0
  - Concentration Difficulties: 1.0
  - Suicidal Thoughts: 0.0

Respondent 98:
- Year of birth: 2003.0
- Gender: 2.0
- Socio-economic status: 3.0
- Ethnic identity: 6.0
- Life satisfaction: 8.0
- Happiness: 8.0
- Laughter: 8.0
- Learning: 9.0
- Enjoyment: 8.0
- Worry: 1.0
- Depression: 1.0
- Anger: 3.0
- Stress: 4.0
- Loneliness: 4.0
- Emotional Regulation Frequency:
  - Upset by Unexpected Events: 2.0
  - Unable to Control Important Things: 3.0
  - Lacked Confidence Handling Problems: 2.0
  - Unable to Cope: 1.0
  - Irritated by Life: 3.0
  - On Top of Things: 2.0
- Anxiety Symptoms Frequency:
  - Feeling Nervous or On Edge: 1.0
  - Trouble Relaxing: 1.0
  - Restlessness: 0.0
  - Irritability: 1.0
  - Fear Something Awful Might Happen: 1.0
- Depressive Symptoms Frequency:
  - Anhedonia: 1.0
  - Sleep Problems: 1.0
  - Fatigue: 1.0
  - Appetite Changes: 1.0
  - Feelings of Worthlessness: 0.0
  - Concentration Difficulties: 1.0
  - Suicidal Thoughts: 0.0
",8,"How many respondents are there?

DATA:

Survey Data
==================================================

Questions:
1. Year of birth: What is your date of birth? [Open-ended]
2. Gender: What is your gender? [MCQ: 1. Male 2. Female]
3. Socio-economic status: What is the socio-economic status of your home? [Likert 1–6: 1 = Very low, 6 = Very high]
4. Ethnic identity: According to your culture, people, or physical features, you are or are recognized as: [MCQ: 1. Indigenous 2. Gypsy 3. Raizal from San Andres, Providencia and Santa Catalina Archipelago 4. Palenquero from San Basilio 5. Black, mulatto (Afro-descendant), Afro-Colombian 6. None of the above]
5. Parental Education: How many years of education did your parents receive? [Open-ended]
   - Father: Father?
   - Mother: Mother?
6. Life satisfaction: In general, how satisfied are you with all aspects of your life? [Likert 0–10: 0 = Not satisfied, 10 = Totally satisfied]
7. Happiness: How happy did you feel yesterday? [Likert 0–10: 0 = At no time, 10 = All the time]
8. Laughter: How much did you laugh yesterday? [Likert 0–10: 0 = At no time, 10 = All the time]
9. Learning: Did you learn new or exciting things yesterday? [Likert 0–10: 0 = At no time, 10 = All the time]
10. Enjoyment: How much did you enjoy the activities you did yesterday? [Likert 0–10: 0 = At no time, 10 = All the time]
11. Worry: How worried did you feel yesterday? [Likert 0–10: 0 = At no time, 10 = All the time]
12. Depression: How depressed did you feel yesterday? [Likert 0–10: 0 = At no time, 10 = All the time]
13. Anger: How angry did you feel yesterday? [Likert 0–10: 0 = At no time, 10 = All the time]
14. Stress: How much stress did you feel yesterday? [Likert 0–10: 0 = At no time, 10 = All the time]
15. Loneliness: How lonely or unsupported did you feel yesterday? [Likert 0–10: 0 = At no time, 10 = All the time]
16. Emotional Regulation Frequency: Next, you will be asked questions about your emotional state. Please answer on a scale of 0 to 4, where 0 is never, 1 is 'almost never', 2 is 'sometimes', 3 is 'fairly often', and 4 is 'very often', how often you experienced the following feelings during the last month: [Likert 0–4]
    - Upset by Unexpected Events: how often have you been upset because of something that happened unexpectedly?
    - Unable to Control Important Things: how often have you felt that you were unable to control the important things in your life?
    - Nervous and Stressed: how often have you felt nervous and stressed?
    - Lacked Confidence Handling Problems: how often have you felt confident about your ability to handle your personal problems?
    - Things Going Your Way: how often have you felt that things were going your way?
    - Unable to Cope: how often have you found that you could not cope with all the things that you had to do?
    - Irritated by Life: how often have you been able to control irritations in your life?
    - On Top of Things: how often have you felt that you were on top of things?
    - Angered by Uncontrollable Events: how often have you been angered because of things that happened that were outside of your control?
    - Felt Overwhelmed: how often have you felt difficulties were piling up so high that you could not overcome them?
17. Anxiety Symptoms Frequency: Next, you will be asked questions about your emotional state. Please answer on a scale of 0 to 3, where 0 is 'Not at all', 1 is 'several days', 2 is 'more than half of the days', and 3 is 'Nearly every day'. Over the last two weeks, how often have you been bothered by the following problems? [Likert 0–3]
    - Feeling Nervous or On Edge: Feeling nervous, anxious, or on edge
    - Uncontrollable Worrying: Not being able to stop or control worrying
    - Excessive Worry: Worrying too much about different things
    - Trouble Relaxing: Trouble relaxing
    - Restlessness: Being so restless that it is hard to sit still
    - Irritability: Becoming easily annoyed or irritable
    - Fear Something Awful Might Happen: Feeling afraid, as if something awful might happen
18. Depressive Symptoms Frequency: Next, you will be asked questions about your emotional state. Please answer on a scale of 0 to 3, where 0 is 'Not at all', 1 is 'several days', 2 is 'more than half of the days', and 3 is 'Nearly every day'. Over the last two weeks, how often have you been bothered by the following problems?
    - Anhedonia: Little interest or pleasure in doing things
    - Depressed Mood: Feeling down, depressed, or hopeless
    - Sleep Problems: Trouble falling or staying asleep, or sleeping too much
    - Fatigue: Feeling tired or having little energy
    - Appetite Changes: Poor appetite or overeating
    - Feelings of Worthlessness: Feeling bad about yourself or that you are a failure or have let yourself or your family down
    - Concentration Difficulties: Trouble concentrating on things, such as reading the newspaper or watching television
    - Psychomotor Changes: Moving or speaking so slowly that other people could have noticed. Or the opposite — being so fidgety or restless that you have been moving around a lot more than usual
    - Suicidal Thoughts: Thoughts that you would be better off dead, or of hurting yourself

Responses:
==================================================

Respondent 119:
- Year of birth: 2004.0
- Gender: 1.0
- Socio-economic status: 1.0
- Ethnic identity: 6.0
- Life satisfaction: 4.0
- Happiness: 8.0
- Laughter: 8.0
- Learning: 8.0
- Enjoyment: 8.0
- Worry: 1.0
- Depression: 1.0
- Anger: 2.0
- Stress: 2.0
- Loneliness: 2.0
- Emotional Regulation Frequency:
  - Upset by Unexpected Events: 2.0
  - Unable to Control Important Things: 2.0
  - Lacked Confidence Handling Problems: 2.0
  - Unable to Cope: 2.0
  - Irritated by Life: 2.0
  - On Top of Things: 2.0
- Anxiety Symptoms Frequency:
  - Feeling Nervous or On Edge: 1.0
  - Trouble Relaxing: 1.0
  - Restlessness: 1.0
  - Irritability: 1.0
  - Fear Something Awful Might Happen: 1.0
- Depressive Symptoms Frequency:
  - Anhedonia: 1.0
  - Sleep Problems: 1.0
  - Fatigue: 1.0
  - Appetite Changes: 0.0
  - Feelings of Worthlessness: 1.0
  - Concentration Difficulties: 0.0
  - Suicidal Thoughts: 0.0

Respondent 116:
- Year of birth: 2004.0
- Gender: 1.0
- Socio-economic status: 5.0
- Ethnic identity: 6.0
- Parental Education:
  - Father: 17.0
  - Mother: 17.0
- Life satisfaction: 8.0
- Happiness: 8.0
- Laughter: 7.0
- Learning: 7.0
- Enjoyment: 9.0
- Worry: 1.0
- Depression: 1.0
- Anger: 2.0
- Stress: 3.0
- Loneliness: 1.0
- Emotional Regulation Frequency:
  - Upset by Unexpected Events: 2.0
  - Unable to Control Important Things: 2.0
  - Lacked Confidence Handling Problems: 3.0
  - Unable to Cope: 2.0
  - Irritated by Life: 3.0
  - On Top of Things: 2.0
- Anxiety Symptoms Frequency:
  - Feeling Nervous or On Edge: 2.0
  - Trouble Relaxing: 1.0
  - Restlessness: 2.0
  - Irritability: 1.0
  - Fear Something Awful Might Happen: 2.0
- Depressive Symptoms Frequency:
  - Anhedonia: 1.0
  - Sleep Problems: 0.0
  - Fatigue: 2.0
  - Appetite Changes: 2.0
  - Feelings of Worthlessness: 1.0
  - Concentration Difficulties: 2.0
  - Suicidal Thoughts: 0.0

Answer: 2

Survey Data
==================================================

Questions:
1. Year of birth: What is your date of birth? [Open-ended]
2. Gender: What is your gender? [MCQ: 1. Male 2. Female]
3. Socio-economic status: What is the socio-economic status of your home? [Likert 1–6: 1 = Very low, 6 = Very high]
4. Ethnic identity: According to your culture, people, or physical features, you are or are recognized as: [MCQ: 1. Indigenous 2. Gypsy 3. Raizal from San Andres, Providencia and Santa Catalina Archipelago 4. Palenquero from San Basilio 5. Black, mulatto (Afro-descendant), Afro-Colombian 6. None of the above]
5. Parental Education: How many years of education did your parents receive? [Open-ended]
   - Father: Father?
   - Mother: Mother?
6. Life satisfaction: In general, how satisfied are you with all aspects of your life? [Likert 0–10: 0 = Not satisfied, 10 = Totally satisfied]
7. Happiness: How happy did you feel yesterday? [Likert 0–10: 0 = At no time, 10 = All the time]
8. Laughter: How much did you laugh yesterday? [Likert 0–10: 0 = At no time, 10 = All the time]
9. Learning: Did you learn new or exciting things yesterday? [Likert 0–10: 0 = At no time, 10 = All the time]
10. Enjoyment: How much did you enjoy the activities you did yesterday? [Likert 0–10: 0 = At no time, 10 = All the time]
11. Worry: How worried did you feel yesterday? [Likert 0–10: 0 = At no time, 10 = All the time]
12. Depression: How depressed did you feel yesterday? [Likert 0–10: 0 = At no time, 10 = All the time]
13. Anger: How angry did you feel yesterday? [Likert 0–10: 0 = At no time, 10 = All the time]
14. Stress: How much stress did you feel yesterday? [Likert 0–10: 0 = At no time, 10 = All the time]
15. Loneliness: How lonely or unsupported did you feel yesterday? [Likert 0–10: 0 = At no time, 10 = All the time]
16. Emotional Regulation Frequency: Next, you will be asked questions about your emotional state. Please answer on a scale of 0 to 4, where 0 is never, 1 is 'almost never', 2 is 'sometimes', 3 is 'fairly often', and 4 is 'very often', how often you experienced the following feelings during the last month: [Likert 0–4]
    - Upset by Unexpected Events: how often have you been upset because of something that happened unexpectedly?
    - Unable to Control Important Things: how often have you felt that you were unable to control the important things in your life?
    - Nervous and Stressed: how often have you felt nervous and stressed?
    - Lacked Confidence Handling Problems: how often have you felt confident about your ability to handle your personal problems?
    - Things Going Your Way: how often have you felt that things were going your way?
    - Unable to Cope: how often have you found that you could not cope with all the things that you had to do?
    - Irritated by Life: how often have you been able to control irritations in your life?
    - On Top of Things: how often have you felt that you were on top of things?
    - Angered by Uncontrollable Events: how often have you been angered because of things that happened that were outside of your control?
    - Felt Overwhelmed: how often have you felt difficulties were piling up so high that you could not overcome them?
17. Anxiety Symptoms Frequency: Next, you will be asked questions about your emotional state. Please answer on a scale of 0 to 3, where 0 is 'Not at all', 1 is 'several days', 2 is 'more than half of the days', and 3 is 'Nearly every day'. Over the last two weeks, how often have you been bothered by the following problems? [Likert 0–3]
    - Feeling Nervous or On Edge: Feeling nervous, anxious, or on edge
    - Uncontrollable Worrying: Not being able to stop or control worrying
    - Excessive Worry: Worrying too much about different things
    - Trouble Relaxing: Trouble relaxing
    - Restlessness: Being so restless that it is hard to sit still
    - Irritability: Becoming easily annoyed or irritable
    - Fear Something Awful Might Happen: Feeling afraid, as if something awful might happen
18. Depressive Symptoms Frequency: Next, you will be asked questions about your emotional state. Please answer on a scale of 0 to 3, where 0 is 'Not at all', 1 is 'several days', 2 is 'more than half of the days', and 3 is 'Nearly every day'. Over the last two weeks, how often have you been bothered by the following problems?
    - Anhedonia: Little interest or pleasure in doing things
    - Depressed Mood: Feeling down, depressed, or hopeless
    - Sleep Problems: Trouble falling or staying asleep, or sleeping too much
    - Fatigue: Feeling tired or having little energy
    - Appetite Changes: Poor appetite or overeating
    - Feelings of Worthlessness: Feeling bad about yourself or that you are a failure or have let yourself or your family down
    - Concentration Difficulties: Trouble concentrating on things, such as reading the newspaper or watching television
    - Psychomotor Changes: Moving or speaking so slowly that other people could have noticed. Or the opposite — being so fidgety or restless that you have been moving around a lot more than usual
    - Suicidal Thoughts: Thoughts that you would be better off dead, or of hurting yourself

Responses:
==================================================

Respondent 55:
- Year of birth: 2002.0
- Gender: 2.0
- Socio-economic status: 2.0
- Ethnic identity: 6.0
- Parental Education:
  - Father: 4.0
  - Mother: 15.0
- Life satisfaction: 6.0
- Happiness: 6.0
- Laughter: 7.0
- Learning: 9.0
- Enjoyment: 5.0
- Worry: 3.0
- Depression: 3.0
- Anger: 2.0
- Stress: 4.0
- Loneliness: 6.0
- Emotional Regulation Frequency:
  - Upset by Unexpected Events: 2.0
  - Unable to Control Important Things: 4.0
  - Lacked Confidence Handling Problems: 2.0
  - Unable to Cope: 3.0
  - Irritated by Life: 2.0
  - On Top of Things: 1.0
- Anxiety Symptoms Frequency:
  - Feeling Nervous or On Edge: 3.0
  - Trouble Relaxing: 3.0
  - Restlessness: 0.0
  - Irritability: 3.0
  - Fear Something Awful Might Happen: 3.0
- Depressive Symptoms Frequency:
  - Anhedonia: 2.0
  - Sleep Problems: 0.0
  - Fatigue: 3.0
  - Appetite Changes: 3.0
  - Feelings of Worthlessness: 3.0
  - Concentration Difficulties: 1.0
  - Suicidal Thoughts: 3.0

Respondent 16:
- Year of birth: 2001.0
- Gender: 1.0
- Socio-economic status: 5.0
- Ethnic identity: 6.0
- Parental Education:
  - Father: 30.0
  - Mother: 20.0
- Life satisfaction: 6.0
- Happiness: 9.0
- Laughter: 10.0
- Learning: 5.0
- Enjoyment: 10.0
- Worry: 2.0
- Depression: 1.0
- Anger: 4.0
- Stress: 2.0
- Loneliness: 1.0
- Emotional Regulation Frequency:
  - Upset by Unexpected Events: 3.0
  - Unable to Control Important Things: 2.0
  - Lacked Confidence Handling Problems: 2.0
  - Unable to Cope: 1.0
  - Irritated by Life: 3.0
  - On Top of Things: 1.0
- Anxiety Symptoms Frequency:
  - Feeling Nervous or On Edge: 1.0
  - Trouble Relaxing: 1.0
  - Restlessness: 0.0
  - Irritability: 1.0
  - Fear Something Awful Might Happen: 1.0
- Depressive Symptoms Frequency:
  - Anhedonia: 1.0
  - Sleep Problems: 2.0
  - Fatigue: 2.0
  - Appetite Changes: 0.0
  - Feelings of Worthlessness: 0.0
  - Concentration Difficulties: 0.0
  - Suicidal Thoughts: 0.0

Respondent 5:
- Year of birth: 1999.0
- Gender: 1.0
- Socio-economic status: 4.0
- Ethnic identity: 5.0
- Life satisfaction: 8.0
- Happiness: 6.0
- Laughter: 7.0
- Learning: 3.0
- Enjoyment: 9.0
- Worry: 0.0
- Depression: 1.0
- Anger: 2.0
- Stress: 2.0
- Loneliness: 10.0
- Emotional Regulation Frequency:
  - Upset by Unexpected Events: 3.0
  - Unable to Control Important Things: 1.0
  - Lacked Confidence Handling Problems: 3.0
  - Unable to Cope: 3.0
  - Irritated by Life: 3.0
  - On Top of Things: 2.0
- Anxiety Symptoms Frequency:
  - Feeling Nervous or On Edge: 1.0
  - Trouble Relaxing: 0.0
  - Restlessness: 0.0
  - Irritability: 0.0
  - Fear Something Awful Might Happen: 1.0
- Depressive Symptoms Frequency:
  - Anhedonia: 2.0
  - Sleep Problems: 3.0
  - Fatigue: 1.0
  - Appetite Changes: 1.0
  - Feelings of Worthlessness: 0.0
  - Concentration Difficulties: 1.0
  - Suicidal Thoughts: 3.0

Respondent 105:
- Year of birth: 2002.0
- Gender: 1.0
- Socio-economic status: 3.0
- Ethnic identity: 6.0
- Life satisfaction: 6.0
- Happiness: 7.0
- Laughter: 6.0
- Learning: 7.0
- Enjoyment: 6.0
- Worry: 0.0
- Depression: 0.0
- Anger: 1.0
- Stress: 3.0
- Loneliness: 2.0
- Emotional Regulation Frequency:
  - Upset by Unexpected Events: 2.0
  - Unable to Control Important Things: 2.0
  - Lacked Confidence Handling Problems: 2.0
  - Unable to Cope: 2.0
  - Irritated by Life: 3.0
  - On Top of Things: 3.0
- Anxiety Symptoms Frequency:
  - Feeling Nervous or On Edge: 1.0
  - Trouble Relaxing: 1.0
  - Restlessness: 1.0
  - Irritability: 0.0
  - Fear Something Awful Might Happen: 1.0
- Depressive Symptoms Frequency:
  - Anhedonia: 0.0
  - Sleep Problems: 2.0
  - Fatigue: 1.0
  - Appetite Changes: 0.0
  - Feelings of Worthlessness: 0.0
  - Concentration Difficulties: 1.0
  - Suicidal Thoughts: 0.0

Respondent 102:
- Year of birth: 2004.0
- Gender: 2.0
- Socio-economic status: 4.0
- Ethnic identity: 6.0
- Life satisfaction: 8.0
- Happiness: 6.0
- Laughter: 2.0
- Learning: 9.0
- Enjoyment: 2.0
- Worry: 2.0
- Depression: 1.0
- Anger: 4.0
- Stress: 4.0
- Loneliness: 9.0
- Emotional Regulation Frequency:
  - Upset by Unexpected Events: 3.0
  - Unable to Control Important Things: 3.0
  - Lacked Confidence Handling Problems: 2.0
  - Unable to Cope: 3.0
  - Irritated by Life: 3.0
  - On Top of Things: 2.0
- Anxiety Symptoms Frequency:
  - Feeling Nervous or On Edge: 3.0
  - Trouble Relaxing: 2.0
  - Restlessness: 0.0
  - Irritability: 1.0
  - Fear Something Awful Might Happen: 2.0
- Depressive Symptoms Frequency:
  - Anhedonia: 0.0
  - Sleep Problems: 1.0
  - Fatigue: 0.0
  - Appetite Changes: 1.0
  - Feelings of Worthlessness: 2.0
  - Concentration Difficulties: 1.0
  - Suicidal Thoughts: 1.0

Respondent 94:
- Year of birth: 2003.0
- Gender: 1.0
- Socio-economic status: 4.0
- Ethnic identity: 6.0
- Parental Education:
  - Father: 30.0
  - Mother: 37.0
- Life satisfaction: 8.0
- Happiness: 8.0
- Laughter: 9.0
- Learning: 10.0
- Enjoyment: 7.0
- Worry: 1.0
- Depression: 0.0
- Anger: 1.0
- Stress: 4.0
- Loneliness: 0.0
- Emotional Regulation Frequency:
  - Upset by Unexpected Events: 1.0
  - Unable to Control Important Things: 3.0
  - Lacked Confidence Handling Problems: 3.0
  - Unable to Cope: 2.0
  - Irritated by Life: 3.0
  - On Top of Things: 3.0
- Anxiety Symptoms Frequency:
  - Feeling Nervous or On Edge: 3.0
  - Trouble Relaxing: 0.0
  - Restlessness: 0.0
  - Irritability: 1.0
  - Fear Something Awful Might Happen: 0.0
- Depressive Symptoms Frequency:
  - Anhedonia: 0.0
  - Sleep Problems: 0.0
  - Fatigue: 2.0
  - Appetite Changes: 3.0
  - Feelings of Worthlessness: 1.0
  - Concentration Difficulties: 1.0
  - Suicidal Thoughts: 0.0

Respondent 17:
- Year of birth: 2004.0
- Gender: 1.0
- Socio-economic status: 3.0
- Ethnic identity: 6.0
- Parental Education:
  - Mother: 21.0
- Life satisfaction: 6.0
- Happiness: 4.0
- Laughter: 2.0
- Learning: 7.0
- Enjoyment: 5.0
- Worry: 1.0
- Depression: 1.0
- Anger: 1.0
- Stress: 3.0
- Loneliness: 10.0
- Emotional Regulation Frequency:
  - Upset by Unexpected Events: 2.0
  - Unable to Control Important Things: 2.0
  - Lacked Confidence Handling Problems: 1.0
  - Unable to Cope: 3.0
  - Irritated by Life: 2.0
  - On Top of Things: 1.0
- Anxiety Symptoms Frequency:
  - Feeling Nervous or On Edge: 1.0
  - Trouble Relaxing: 1.0
  - Restlessness: 1.0
  - Irritability: 1.0
  - Fear Something Awful Might Happen: 1.0
- Depressive Symptoms Frequency:
  - Anhedonia: 1.0
  - Sleep Problems: 0.0
  - Fatigue: 2.0
  - Appetite Changes: 2.0
  - Feelings of Worthlessness: 2.0
  - Concentration Difficulties: 1.0
  - Suicidal Thoughts: 0.0

Respondent 98:
- Year of birth: 2003.0
- Gender: 2.0
- Socio-economic status: 3.0
- Ethnic identity: 6.0
- Life satisfaction: 8.0
- Happiness: 8.0
- Laughter: 8.0
- Learning: 9.0
- Enjoyment: 8.0
- Worry: 1.0
- Depression: 1.0
- Anger: 3.0
- Stress: 4.0
- Loneliness: 4.0
- Emotional Regulation Frequency:
  - Upset by Unexpected Events: 2.0
  - Unable to Control Important Things: 3.0
  - Lacked Confidence Handling Problems: 2.0
  - Unable to Cope: 1.0
  - Irritated by Life: 3.0
  - On Top of Things: 2.0
- Anxiety Symptoms Frequency:
  - Feeling Nervous or On Edge: 1.0
  - Trouble Relaxing: 1.0
  - Restlessness: 0.0
  - Irritability: 1.0
  - Fear Something Awful Might Happen: 1.0
- Depressive Symptoms Frequency:
  - Anhedonia: 1.0
  - Sleep Problems: 1.0
  - Fatigue: 1.0
  - Appetite Changes: 1.0
  - Feelings of Worthlessness: 0.0
  - Concentration Difficulties: 1.0
  - Suicidal Thoughts: 0.0

You are a meticulous data analyst AI. Your primary function is to accurately analyze structured data and provide precise, verifiable answers.

You will be given a dataset with two key parts:

A 'questions' section: This is your data dictionary or schema. It is the single source of truth for understanding what each field and score means. Refer to it carefully.

A 'responses' section: This contains the raw data from each individual respondent.

To answer the question correctly, you must first use the 'questions' schema to fully understand the context and meaning of the data points within the 'responses'. Do not rely on any prior knowledge outside of this provided data. Base your entire analysis on the information given.

Provide your final answer directly and concisely. Output must be the human-readable value, not an option code.

Rules:
- For MCQ fields, map any letter codes in the Responses (case-insensitive) to the corresponding option text from the Questions schema, and output only that text. Do NOT include the letter or both.
  Example: If the schema is ""[MCQ: A. Abnormal B. Inconclusive C. Normal]"" and the response is ""a"", output ""Abnormal"".
- For open-ended fields, output the exact text value.
- If the question asks for a count, provide only the number (e.g., ""42"").
- If the question asks for a list of names or IDs, provide a simple comma-separated list (e.g., ""17, 21, 23"").
- Preserve capitalization exactly as in the schema (e.g., output ""Abnormal"", not ""abnormal"" or ""A"").

How many respondents are there?",10,False
case_25,respondent_count,How many respondents are there?,"Survey Data
==================================================

Questions:
1. Year of birth: What is your date of birth? [Open-ended]
2. Gender: What is your gender? [MCQ: 1. Male 2. Female]
3. Socio-economic status: What is the socio-economic status of your home? [Likert 1–6: 1 = Very low, 6 = Very high]
4. Ethnic identity: According to your culture, people, or physical features, you are or are recognized as: [MCQ: 1. Indigenous 2. Gypsy 3. Raizal from San Andres, Providencia and Santa Catalina Archipelago 4. Palenquero from San Basilio 5. Black, mulatto (Afro-descendant), Afro-Colombian 6. None of the above]
5. Parental Education: How many years of education did your parents receive? [Open-ended]
   - Father: Father?
   - Mother: Mother?
6. Life satisfaction: In general, how satisfied are you with all aspects of your life? [Likert 0–10: 0 = Not satisfied, 10 = Totally satisfied]
7. Happiness: How happy did you feel yesterday? [Likert 0–10: 0 = At no time, 10 = All the time]
8. Laughter: How much did you laugh yesterday? [Likert 0–10: 0 = At no time, 10 = All the time]
9. Learning: Did you learn new or exciting things yesterday? [Likert 0–10: 0 = At no time, 10 = All the time]
10. Enjoyment: How much did you enjoy the activities you did yesterday? [Likert 0–10: 0 = At no time, 10 = All the time]
11. Worry: How worried did you feel yesterday? [Likert 0–10: 0 = At no time, 10 = All the time]
12. Depression: How depressed did you feel yesterday? [Likert 0–10: 0 = At no time, 10 = All the time]
13. Anger: How angry did you feel yesterday? [Likert 0–10: 0 = At no time, 10 = All the time]
14. Stress: How much stress did you feel yesterday? [Likert 0–10: 0 = At no time, 10 = All the time]
15. Loneliness: How lonely or unsupported did you feel yesterday? [Likert 0–10: 0 = At no time, 10 = All the time]
16. Emotional Regulation Frequency: Next, you will be asked questions about your emotional state. Please answer on a scale of 0 to 4, where 0 is never, 1 is 'almost never', 2 is 'sometimes', 3 is 'fairly often', and 4 is 'very often', how often you experienced the following feelings during the last month: [Likert 0–4]
    - Upset by Unexpected Events: how often have you been upset because of something that happened unexpectedly?
    - Unable to Control Important Things: how often have you felt that you were unable to control the important things in your life?
    - Nervous and Stressed: how often have you felt nervous and stressed?
    - Lacked Confidence Handling Problems: how often have you felt confident about your ability to handle your personal problems?
    - Things Going Your Way: how often have you felt that things were going your way?
    - Unable to Cope: how often have you found that you could not cope with all the things that you had to do?
    - Irritated by Life: how often have you been able to control irritations in your life?
    - On Top of Things: how often have you felt that you were on top of things?
    - Angered by Uncontrollable Events: how often have you been angered because of things that happened that were outside of your control?
    - Felt Overwhelmed: how often have you felt difficulties were piling up so high that you could not overcome them?
17. Anxiety Symptoms Frequency: Next, you will be asked questions about your emotional state. Please answer on a scale of 0 to 3, where 0 is 'Not at all', 1 is 'several days', 2 is 'more than half of the days', and 3 is 'Nearly every day'. Over the last two weeks, how often have you been bothered by the following problems? [Likert 0–3]
    - Feeling Nervous or On Edge: Feeling nervous, anxious, or on edge
    - Uncontrollable Worrying: Not being able to stop or control worrying
    - Excessive Worry: Worrying too much about different things
    - Trouble Relaxing: Trouble relaxing
    - Restlessness: Being so restless that it is hard to sit still
    - Irritability: Becoming easily annoyed or irritable
    - Fear Something Awful Might Happen: Feeling afraid, as if something awful might happen
18. Depressive Symptoms Frequency: Next, you will be asked questions about your emotional state. Please answer on a scale of 0 to 3, where 0 is 'Not at all', 1 is 'several days', 2 is 'more than half of the days', and 3 is 'Nearly every day'. Over the last two weeks, how often have you been bothered by the following problems?
    - Anhedonia: Little interest or pleasure in doing things
    - Depressed Mood: Feeling down, depressed, or hopeless
    - Sleep Problems: Trouble falling or staying asleep, or sleeping too much
    - Fatigue: Feeling tired or having little energy
    - Appetite Changes: Poor appetite or overeating
    - Feelings of Worthlessness: Feeling bad about yourself or that you are a failure or have let yourself or your family down
    - Concentration Difficulties: Trouble concentrating on things, such as reading the newspaper or watching television
    - Psychomotor Changes: Moving or speaking so slowly that other people could have noticed. Or the opposite — being so fidgety or restless that you have been moving around a lot more than usual
    - Suicidal Thoughts: Thoughts that you would be better off dead, or of hurting yourself

Responses:
==================================================

Respondent 2:
- Year of birth: 1999.0
- Gender: 1.0
- Socio-economic status: 2.0
- Ethnic identity: 1.0
- Life satisfaction: 8.0
- Happiness: 4.0
- Laughter: 8.0
- Learning: 3.0
- Enjoyment: 5.0
- Worry: 1.0
- Depression: 2.0
- Anger: 3.0
- Stress: 3.0
- Loneliness: 7.0
- Emotional Regulation Frequency:
  - Upset by Unexpected Events: 1.0
  - Unable to Control Important Things: 2.0
  - Lacked Confidence Handling Problems: 2.0
  - Unable to Cope: 2.0
  - Irritated by Life: 3.0
  - On Top of Things: 2.0
- Anxiety Symptoms Frequency:
  - Feeling Nervous or On Edge: 0.0
  - Trouble Relaxing: 1.0
  - Restlessness: 0.0
  - Irritability: 1.0
  - Fear Something Awful Might Happen: 1.0
- Depressive Symptoms Frequency:
  - Anhedonia: 2.0
  - Sleep Problems: 0.0
  - Fatigue: 3.0
  - Appetite Changes: 2.0
  - Feelings of Worthlessness: 1.0
  - Concentration Difficulties: 1.0
  - Suicidal Thoughts: 0.0

Respondent 46:
- Year of birth: 2005.0
- Gender: 1.0
- Socio-economic status: 4.0
- Ethnic identity: 6.0
- Life satisfaction: 9.0
- Happiness: 9.0
- Laughter: 10.0
- Learning: 9.0
- Enjoyment: 10.0
- Worry: 1.0
- Depression: 0.0
- Anger: 3.0
- Stress: 3.0
- Loneliness: 0.0
- Emotional Regulation Frequency:
  - Upset by Unexpected Events: 2.0
  - Unable to Control Important Things: 1.0
  - Lacked Confidence Handling Problems: 2.0
  - Unable to Cope: 3.0
  - Irritated by Life: 3.0
  - On Top of Things: 3.0
- Anxiety Symptoms Frequency:
  - Feeling Nervous or On Edge: 1.0
  - Trouble Relaxing: 1.0
  - Restlessness: 1.0
  - Irritability: 1.0
  - Fear Something Awful Might Happen: 2.0
- Depressive Symptoms Frequency:
  - Anhedonia: 0.0
  - Sleep Problems: 0.0
  - Fatigue: 1.0
  - Appetite Changes: 0.0
  - Feelings of Worthlessness: 0.0
  - Concentration Difficulties: 0.0
  - Suicidal Thoughts: 0.0

Respondent 146:
- Year of birth: 2004.0
- Gender: 1.0
- Socio-economic status: 4.0
- Ethnic identity: 6.0
- Parental Education:
  - Father: 16.0
  - Mother: 21.0
- Life satisfaction: 8.0
- Happiness: 8.0
- Laughter: 8.0
- Learning: 9.0
- Enjoyment: 10.0
- Worry: 0.0
- Depression: 0.0
- Anger: 3.0
- Stress: 3.0
- Loneliness: 0.0
- Emotional Regulation Frequency:
  - Upset by Unexpected Events: 2.0
  - Unable to Control Important Things: 1.0
  - Lacked Confidence Handling Problems: 4.0
  - Unable to Cope: 2.0
  - Irritated by Life: 2.0
  - On Top of Things: 3.0
- Anxiety Symptoms Frequency:
  - Feeling Nervous or On Edge: 1.0
  - Trouble Relaxing: 1.0
  - Restlessness: 0.0
  - Irritability: 1.0
  - Fear Something Awful Might Happen: 1.0
- Depressive Symptoms Frequency:
  - Anhedonia: 1.0
  - Sleep Problems: 0.0
  - Fatigue: 1.0
  - Appetite Changes: 1.0
  - Feelings of Worthlessness: 0.0
  - Concentration Difficulties: 0.0
  - Suicidal Thoughts: 0.0
",3,"How many respondents are there?

DATA:

Survey Data
==================================================

Questions:
1. Year of birth: What is your date of birth? [Open-ended]
2. Gender: What is your gender? [MCQ: 1. Male 2. Female]
3. Socio-economic status: What is the socio-economic status of your home? [Likert 1–6: 1 = Very low, 6 = Very high]
4. Ethnic identity: According to your culture, people, or physical features, you are or are recognized as: [MCQ: 1. Indigenous 2. Gypsy 3. Raizal from San Andres, Providencia and Santa Catalina Archipelago 4. Palenquero from San Basilio 5. Black, mulatto (Afro-descendant), Afro-Colombian 6. None of the above]
5. Parental Education: How many years of education did your parents receive? [Open-ended]
   - Father: Father?
   - Mother: Mother?
6. Life satisfaction: In general, how satisfied are you with all aspects of your life? [Likert 0–10: 0 = Not satisfied, 10 = Totally satisfied]
7. Happiness: How happy did you feel yesterday? [Likert 0–10: 0 = At no time, 10 = All the time]
8. Laughter: How much did you laugh yesterday? [Likert 0–10: 0 = At no time, 10 = All the time]
9. Learning: Did you learn new or exciting things yesterday? [Likert 0–10: 0 = At no time, 10 = All the time]
10. Enjoyment: How much did you enjoy the activities you did yesterday? [Likert 0–10: 0 = At no time, 10 = All the time]
11. Worry: How worried did you feel yesterday? [Likert 0–10: 0 = At no time, 10 = All the time]
12. Depression: How depressed did you feel yesterday? [Likert 0–10: 0 = At no time, 10 = All the time]
13. Anger: How angry did you feel yesterday? [Likert 0–10: 0 = At no time, 10 = All the time]
14. Stress: How much stress did you feel yesterday? [Likert 0–10: 0 = At no time, 10 = All the time]
15. Loneliness: How lonely or unsupported did you feel yesterday? [Likert 0–10: 0 = At no time, 10 = All the time]
16. Emotional Regulation Frequency: Next, you will be asked questions about your emotional state. Please answer on a scale of 0 to 4, where 0 is never, 1 is 'almost never', 2 is 'sometimes', 3 is 'fairly often', and 4 is 'very often', how often you experienced the following feelings during the last month: [Likert 0–4]
    - Upset by Unexpected Events: how often have you been upset because of something that happened unexpectedly?
    - Unable to Control Important Things: how often have you felt that you were unable to control the important things in your life?
    - Nervous and Stressed: how often have you felt nervous and stressed?
    - Lacked Confidence Handling Problems: how often have you felt confident about your ability to handle your personal problems?
    - Things Going Your Way: how often have you felt that things were going your way?
    - Unable to Cope: how often have you found that you could not cope with all the things that you had to do?
    - Irritated by Life: how often have you been able to control irritations in your life?
    - On Top of Things: how often have you felt that you were on top of things?
    - Angered by Uncontrollable Events: how often have you been angered because of things that happened that were outside of your control?
    - Felt Overwhelmed: how often have you felt difficulties were piling up so high that you could not overcome them?
17. Anxiety Symptoms Frequency: Next, you will be asked questions about your emotional state. Please answer on a scale of 0 to 3, where 0 is 'Not at all', 1 is 'several days', 2 is 'more than half of the days', and 3 is 'Nearly every day'. Over the last two weeks, how often have you been bothered by the following problems? [Likert 0–3]
    - Feeling Nervous or On Edge: Feeling nervous, anxious, or on edge
    - Uncontrollable Worrying: Not being able to stop or control worrying
    - Excessive Worry: Worrying too much about different things
    - Trouble Relaxing: Trouble relaxing
    - Restlessness: Being so restless that it is hard to sit still
    - Irritability: Becoming easily annoyed or irritable
    - Fear Something Awful Might Happen: Feeling afraid, as if something awful might happen
18. Depressive Symptoms Frequency: Next, you will be asked questions about your emotional state. Please answer on a scale of 0 to 3, where 0 is 'Not at all', 1 is 'several days', 2 is 'more than half of the days', and 3 is 'Nearly every day'. Over the last two weeks, how often have you been bothered by the following problems?
    - Anhedonia: Little interest or pleasure in doing things
    - Depressed Mood: Feeling down, depressed, or hopeless
    - Sleep Problems: Trouble falling or staying asleep, or sleeping too much
    - Fatigue: Feeling tired or having little energy
    - Appetite Changes: Poor appetite or overeating
    - Feelings of Worthlessness: Feeling bad about yourself or that you are a failure or have let yourself or your family down
    - Concentration Difficulties: Trouble concentrating on things, such as reading the newspaper or watching television
    - Psychomotor Changes: Moving or speaking so slowly that other people could have noticed. Or the opposite — being so fidgety or restless that you have been moving around a lot more than usual
    - Suicidal Thoughts: Thoughts that you would be better off dead, or of hurting yourself

Responses:
==================================================

Respondent 119:
- Year of birth: 2004.0
- Gender: 1.0
- Socio-economic status: 1.0
- Ethnic identity: 6.0
- Life satisfaction: 4.0
- Happiness: 8.0
- Laughter: 8.0
- Learning: 8.0
- Enjoyment: 8.0
- Worry: 1.0
- Depression: 1.0
- Anger: 2.0
- Stress: 2.0
- Loneliness: 2.0
- Emotional Regulation Frequency:
  - Upset by Unexpected Events: 2.0
  - Unable to Control Important Things: 2.0
  - Lacked Confidence Handling Problems: 2.0
  - Unable to Cope: 2.0
  - Irritated by Life: 2.0
  - On Top of Things: 2.0
- Anxiety Symptoms Frequency:
  - Feeling Nervous or On Edge: 1.0
  - Trouble Relaxing: 1.0
  - Restlessness: 1.0
  - Irritability: 1.0
  - Fear Something Awful Might Happen: 1.0
- Depressive Symptoms Frequency:
  - Anhedonia: 1.0
  - Sleep Problems: 1.0
  - Fatigue: 1.0
  - Appetite Changes: 0.0
  - Feelings of Worthlessness: 1.0
  - Concentration Difficulties: 0.0
  - Suicidal Thoughts: 0.0

Respondent 116:
- Year of birth: 2004.0
- Gender: 1.0
- Socio-economic status: 5.0
- Ethnic identity: 6.0
- Parental Education:
  - Father: 17.0
  - Mother: 17.0
- Life satisfaction: 8.0
- Happiness: 8.0
- Laughter: 7.0
- Learning: 7.0
- Enjoyment: 9.0
- Worry: 1.0
- Depression: 1.0
- Anger: 2.0
- Stress: 3.0
- Loneliness: 1.0
- Emotional Regulation Frequency:
  - Upset by Unexpected Events: 2.0
  - Unable to Control Important Things: 2.0
  - Lacked Confidence Handling Problems: 3.0
  - Unable to Cope: 2.0
  - Irritated by Life: 3.0
  - On Top of Things: 2.0
- Anxiety Symptoms Frequency:
  - Feeling Nervous or On Edge: 2.0
  - Trouble Relaxing: 1.0
  - Restlessness: 2.0
  - Irritability: 1.0
  - Fear Something Awful Might Happen: 2.0
- Depressive Symptoms Frequency:
  - Anhedonia: 1.0
  - Sleep Problems: 0.0
  - Fatigue: 2.0
  - Appetite Changes: 2.0
  - Feelings of Worthlessness: 1.0
  - Concentration Difficulties: 2.0
  - Suicidal Thoughts: 0.0

Answer: 2

Survey Data
==================================================

Questions:
1. Year of birth: What is your date of birth? [Open-ended]
2. Gender: What is your gender? [MCQ: 1. Male 2. Female]
3. Socio-economic status: What is the socio-economic status of your home? [Likert 1–6: 1 = Very low, 6 = Very high]
4. Ethnic identity: According to your culture, people, or physical features, you are or are recognized as: [MCQ: 1. Indigenous 2. Gypsy 3. Raizal from San Andres, Providencia and Santa Catalina Archipelago 4. Palenquero from San Basilio 5. Black, mulatto (Afro-descendant), Afro-Colombian 6. None of the above]
5. Parental Education: How many years of education did your parents receive? [Open-ended]
   - Father: Father?
   - Mother: Mother?
6. Life satisfaction: In general, how satisfied are you with all aspects of your life? [Likert 0–10: 0 = Not satisfied, 10 = Totally satisfied]
7. Happiness: How happy did you feel yesterday? [Likert 0–10: 0 = At no time, 10 = All the time]
8. Laughter: How much did you laugh yesterday? [Likert 0–10: 0 = At no time, 10 = All the time]
9. Learning: Did you learn new or exciting things yesterday? [Likert 0–10: 0 = At no time, 10 = All the time]
10. Enjoyment: How much did you enjoy the activities you did yesterday? [Likert 0–10: 0 = At no time, 10 = All the time]
11. Worry: How worried did you feel yesterday? [Likert 0–10: 0 = At no time, 10 = All the time]
12. Depression: How depressed did you feel yesterday? [Likert 0–10: 0 = At no time, 10 = All the time]
13. Anger: How angry did you feel yesterday? [Likert 0–10: 0 = At no time, 10 = All the time]
14. Stress: How much stress did you feel yesterday? [Likert 0–10: 0 = At no time, 10 = All the time]
15. Loneliness: How lonely or unsupported did you feel yesterday? [Likert 0–10: 0 = At no time, 10 = All the time]
16. Emotional Regulation Frequency: Next, you will be asked questions about your emotional state. Please answer on a scale of 0 to 4, where 0 is never, 1 is 'almost never', 2 is 'sometimes', 3 is 'fairly often', and 4 is 'very often', how often you experienced the following feelings during the last month: [Likert 0–4]
    - Upset by Unexpected Events: how often have you been upset because of something that happened unexpectedly?
    - Unable to Control Important Things: how often have you felt that you were unable to control the important things in your life?
    - Nervous and Stressed: how often have you felt nervous and stressed?
    - Lacked Confidence Handling Problems: how often have you felt confident about your ability to handle your personal problems?
    - Things Going Your Way: how often have you felt that things were going your way?
    - Unable to Cope: how often have you found that you could not cope with all the things that you had to do?
    - Irritated by Life: how often have you been able to control irritations in your life?
    - On Top of Things: how often have you felt that you were on top of things?
    - Angered by Uncontrollable Events: how often have you been angered because of things that happened that were outside of your control?
    - Felt Overwhelmed: how often have you felt difficulties were piling up so high that you could not overcome them?
17. Anxiety Symptoms Frequency: Next, you will be asked questions about your emotional state. Please answer on a scale of 0 to 3, where 0 is 'Not at all', 1 is 'several days', 2 is 'more than half of the days', and 3 is 'Nearly every day'. Over the last two weeks, how often have you been bothered by the following problems? [Likert 0–3]
    - Feeling Nervous or On Edge: Feeling nervous, anxious, or on edge
    - Uncontrollable Worrying: Not being able to stop or control worrying
    - Excessive Worry: Worrying too much about different things
    - Trouble Relaxing: Trouble relaxing
    - Restlessness: Being so restless that it is hard to sit still
    - Irritability: Becoming easily annoyed or irritable
    - Fear Something Awful Might Happen: Feeling afraid, as if something awful might happen
18. Depressive Symptoms Frequency: Next, you will be asked questions about your emotional state. Please answer on a scale of 0 to 3, where 0 is 'Not at all', 1 is 'several days', 2 is 'more than half of the days', and 3 is 'Nearly every day'. Over the last two weeks, how often have you been bothered by the following problems?
    - Anhedonia: Little interest or pleasure in doing things
    - Depressed Mood: Feeling down, depressed, or hopeless
    - Sleep Problems: Trouble falling or staying asleep, or sleeping too much
    - Fatigue: Feeling tired or having little energy
    - Appetite Changes: Poor appetite or overeating
    - Feelings of Worthlessness: Feeling bad about yourself or that you are a failure or have let yourself or your family down
    - Concentration Difficulties: Trouble concentrating on things, such as reading the newspaper or watching television
    - Psychomotor Changes: Moving or speaking so slowly that other people could have noticed. Or the opposite — being so fidgety or restless that you have been moving around a lot more than usual
    - Suicidal Thoughts: Thoughts that you would be better off dead, or of hurting yourself

Responses:
==================================================

Respondent 2:
- Year of birth: 1999.0
- Gender: 1.0
- Socio-economic status: 2.0
- Ethnic identity: 1.0
- Life satisfaction: 8.0
- Happiness: 4.0
- Laughter: 8.0
- Learning: 3.0
- Enjoyment: 5.0
- Worry: 1.0
- Depression: 2.0
- Anger: 3.0
- Stress: 3.0
- Loneliness: 7.0
- Emotional Regulation Frequency:
  - Upset by Unexpected Events: 1.0
  - Unable to Control Important Things: 2.0
  - Lacked Confidence Handling Problems: 2.0
  - Unable to Cope: 2.0
  - Irritated by Life: 3.0
  - On Top of Things: 2.0
- Anxiety Symptoms Frequency:
  - Feeling Nervous or On Edge: 0.0
  - Trouble Relaxing: 1.0
  - Restlessness: 0.0
  - Irritability: 1.0
  - Fear Something Awful Might Happen: 1.0
- Depressive Symptoms Frequency:
  - Anhedonia: 2.0
  - Sleep Problems: 0.0
  - Fatigue: 3.0
  - Appetite Changes: 2.0
  - Feelings of Worthlessness: 1.0
  - Concentration Difficulties: 1.0
  - Suicidal Thoughts: 0.0

Respondent 46:
- Year of birth: 2005.0
- Gender: 1.0
- Socio-economic status: 4.0
- Ethnic identity: 6.0
- Life satisfaction: 9.0
- Happiness: 9.0
- Laughter: 10.0
- Learning: 9.0
- Enjoyment: 10.0
- Worry: 1.0
- Depression: 0.0
- Anger: 3.0
- Stress: 3.0
- Loneliness: 0.0
- Emotional Regulation Frequency:
  - Upset by Unexpected Events: 2.0
  - Unable to Control Important Things: 1.0
  - Lacked Confidence Handling Problems: 2.0
  - Unable to Cope: 3.0
  - Irritated by Life: 3.0
  - On Top of Things: 3.0
- Anxiety Symptoms Frequency:
  - Feeling Nervous or On Edge: 1.0
  - Trouble Relaxing: 1.0
  - Restlessness: 1.0
  - Irritability: 1.0
  - Fear Something Awful Might Happen: 2.0
- Depressive Symptoms Frequency:
  - Anhedonia: 0.0
  - Sleep Problems: 0.0
  - Fatigue: 1.0
  - Appetite Changes: 0.0
  - Feelings of Worthlessness: 0.0
  - Concentration Difficulties: 0.0
  - Suicidal Thoughts: 0.0

Respondent 146:
- Year of birth: 2004.0
- Gender: 1.0
- Socio-economic status: 4.0
- Ethnic identity: 6.0
- Parental Education:
  - Father: 16.0
  - Mother: 21.0
- Life satisfaction: 8.0
- Happiness: 8.0
- Laughter: 8.0
- Learning: 9.0
- Enjoyment: 10.0
- Worry: 0.0
- Depression: 0.0
- Anger: 3.0
- Stress: 3.0
- Loneliness: 0.0
- Emotional Regulation Frequency:
  - Upset by Unexpected Events: 2.0
  - Unable to Control Important Things: 1.0
  - Lacked Confidence Handling Problems: 4.0
  - Unable to Cope: 2.0
  - Irritated by Life: 2.0
  - On Top of Things: 3.0
- Anxiety Symptoms Frequency:
  - Feeling Nervous or On Edge: 1.0
  - Trouble Relaxing: 1.0
  - Restlessness: 0.0
  - Irritability: 1.0
  - Fear Something Awful Might Happen: 1.0
- Depressive Symptoms Frequency:
  - Anhedonia: 1.0
  - Sleep Problems: 0.0
  - Fatigue: 1.0
  - Appetite Changes: 1.0
  - Feelings of Worthlessness: 0.0
  - Concentration Difficulties: 0.0
  - Suicidal Thoughts: 0.0

You are a meticulous data analyst AI. Your primary function is to accurately analyze structured data and provide precise, verifiable answers.

You will be given a dataset with two key parts:

A 'questions' section: This is your data dictionary or schema. It is the single source of truth for understanding what each field and score means. Refer to it carefully.

A 'responses' section: This contains the raw data from each individual respondent.

To answer the question correctly, you must first use the 'questions' schema to fully understand the context and meaning of the data points within the 'responses'. Do not rely on any prior knowledge outside of this provided data. Base your entire analysis on the information given.

Provide your final answer directly and concisely. Output must be the human-readable value, not an option code.

Rules:
- For MCQ fields, map any letter codes in the Responses (case-insensitive) to the corresponding option text from the Questions schema, and output only that text. Do NOT include the letter or both.
  Example: If the schema is ""[MCQ: A. Abnormal B. Inconclusive C. Normal]"" and the response is ""a"", output ""Abnormal"".
- For open-ended fields, output the exact text value.
- If the question asks for a count, provide only the number (e.g., ""42"").
- If the question asks for a list of names or IDs, provide a simple comma-separated list (e.g., ""17, 21, 23"").
- Preserve capitalization exactly as in the schema (e.g., output ""Abnormal"", not ""abnormal"" or ""A"").

How many respondents are there?",5,False
case_26,respondent_count,How many respondents are there?,"Survey Data
==================================================

Questions:
1. Year of birth: What is your date of birth? [Open-ended]
2. Gender: What is your gender? [MCQ: 1. Male 2. Female]
3. Socio-economic status: What is the socio-economic status of your home? [Likert 1–6: 1 = Very low, 6 = Very high]
4. Ethnic identity: According to your culture, people, or physical features, you are or are recognized as: [MCQ: 1. Indigenous 2. Gypsy 3. Raizal from San Andres, Providencia and Santa Catalina Archipelago 4. Palenquero from San Basilio 5. Black, mulatto (Afro-descendant), Afro-Colombian 6. None of the above]
5. Parental Education: How many years of education did your parents receive? [Open-ended]
   - Father: Father?
   - Mother: Mother?
6. Life satisfaction: In general, how satisfied are you with all aspects of your life? [Likert 0–10: 0 = Not satisfied, 10 = Totally satisfied]
7. Happiness: How happy did you feel yesterday? [Likert 0–10: 0 = At no time, 10 = All the time]
8. Laughter: How much did you laugh yesterday? [Likert 0–10: 0 = At no time, 10 = All the time]
9. Learning: Did you learn new or exciting things yesterday? [Likert 0–10: 0 = At no time, 10 = All the time]
10. Enjoyment: How much did you enjoy the activities you did yesterday? [Likert 0–10: 0 = At no time, 10 = All the time]
11. Worry: How worried did you feel yesterday? [Likert 0–10: 0 = At no time, 10 = All the time]
12. Depression: How depressed did you feel yesterday? [Likert 0–10: 0 = At no time, 10 = All the time]
13. Anger: How angry did you feel yesterday? [Likert 0–10: 0 = At no time, 10 = All the time]
14. Stress: How much stress did you feel yesterday? [Likert 0–10: 0 = At no time, 10 = All the time]
15. Loneliness: How lonely or unsupported did you feel yesterday? [Likert 0–10: 0 = At no time, 10 = All the time]
16. Emotional Regulation Frequency: Next, you will be asked questions about your emotional state. Please answer on a scale of 0 to 4, where 0 is never, 1 is 'almost never', 2 is 'sometimes', 3 is 'fairly often', and 4 is 'very often', how often you experienced the following feelings during the last month: [Likert 0–4]
    - Upset by Unexpected Events: how often have you been upset because of something that happened unexpectedly?
    - Unable to Control Important Things: how often have you felt that you were unable to control the important things in your life?
    - Nervous and Stressed: how often have you felt nervous and stressed?
    - Lacked Confidence Handling Problems: how often have you felt confident about your ability to handle your personal problems?
    - Things Going Your Way: how often have you felt that things were going your way?
    - Unable to Cope: how often have you found that you could not cope with all the things that you had to do?
    - Irritated by Life: how often have you been able to control irritations in your life?
    - On Top of Things: how often have you felt that you were on top of things?
    - Angered by Uncontrollable Events: how often have you been angered because of things that happened that were outside of your control?
    - Felt Overwhelmed: how often have you felt difficulties were piling up so high that you could not overcome them?
17. Anxiety Symptoms Frequency: Next, you will be asked questions about your emotional state. Please answer on a scale of 0 to 3, where 0 is 'Not at all', 1 is 'several days', 2 is 'more than half of the days', and 3 is 'Nearly every day'. Over the last two weeks, how often have you been bothered by the following problems? [Likert 0–3]
    - Feeling Nervous or On Edge: Feeling nervous, anxious, or on edge
    - Uncontrollable Worrying: Not being able to stop or control worrying
    - Excessive Worry: Worrying too much about different things
    - Trouble Relaxing: Trouble relaxing
    - Restlessness: Being so restless that it is hard to sit still
    - Irritability: Becoming easily annoyed or irritable
    - Fear Something Awful Might Happen: Feeling afraid, as if something awful might happen
18. Depressive Symptoms Frequency: Next, you will be asked questions about your emotional state. Please answer on a scale of 0 to 3, where 0 is 'Not at all', 1 is 'several days', 2 is 'more than half of the days', and 3 is 'Nearly every day'. Over the last two weeks, how often have you been bothered by the following problems?
    - Anhedonia: Little interest or pleasure in doing things
    - Depressed Mood: Feeling down, depressed, or hopeless
    - Sleep Problems: Trouble falling or staying asleep, or sleeping too much
    - Fatigue: Feeling tired or having little energy
    - Appetite Changes: Poor appetite or overeating
    - Feelings of Worthlessness: Feeling bad about yourself or that you are a failure or have let yourself or your family down
    - Concentration Difficulties: Trouble concentrating on things, such as reading the newspaper or watching television
    - Psychomotor Changes: Moving or speaking so slowly that other people could have noticed. Or the opposite — being so fidgety or restless that you have been moving around a lot more than usual
    - Suicidal Thoughts: Thoughts that you would be better off dead, or of hurting yourself

Responses:
==================================================

Respondent 6:
- Year of birth: 2001.0
- Gender: 1.0
- Socio-economic status: 5.0
- Ethnic identity: 6.0
- Parental Education:
  - Father: 22.0
  - Mother: 25.0
- Life satisfaction: 6.0
- Happiness: 8.0
- Laughter: 6.0
- Learning: 5.0
- Enjoyment: 9.0
- Worry: 2.0
- Depression: 0.0
- Anger: 1.0
- Stress: 1.0
- Loneliness: 1.0
- Emotional Regulation Frequency:
  - Upset by Unexpected Events: 2.0
  - Unable to Control Important Things: 2.0
  - Lacked Confidence Handling Problems: 3.0
  - Unable to Cope: 2.0
  - Irritated by Life: 3.0
  - On Top of Things: 3.0
- Anxiety Symptoms Frequency:
  - Feeling Nervous or On Edge: 1.0
  - Trouble Relaxing: 1.0
  - Restlessness: 1.0
  - Irritability: 1.0
  - Fear Something Awful Might Happen: 0.0
- Depressive Symptoms Frequency:
  - Anhedonia: 0.0
  - Sleep Problems: 1.0
  - Fatigue: 0.0
  - Appetite Changes: 0.0
  - Feelings of Worthlessness: 0.0
  - Concentration Difficulties: 1.0
  - Suicidal Thoughts: 0.0

Respondent 92:
- Year of birth: 2003.0
- Gender: 1.0
- Socio-economic status: 1.0
- Ethnic identity: 6.0
- Parental Education:
  - Father: 12.0
  - Mother: 12.0
- Life satisfaction: 8.0
- Happiness: 8.0
- Laughter: 6.0
- Learning: 9.0
- Enjoyment: 8.0
- Worry: 0.0
- Depression: 0.0
- Anger: 2.0
- Stress: 2.0
- Loneliness: 1.0
- Emotional Regulation Frequency:
  - Upset by Unexpected Events: 2.0
  - Unable to Control Important Things: 1.0
  - Lacked Confidence Handling Problems: 3.0
  - Unable to Cope: 2.0
  - Irritated by Life: 4.0
  - On Top of Things: 4.0
- Anxiety Symptoms Frequency:
  - Feeling Nervous or On Edge: 1.0
  - Trouble Relaxing: 0.0
  - Restlessness: 0.0
  - Irritability: 1.0
  - Fear Something Awful Might Happen: 0.0
- Depressive Symptoms Frequency:
  - Anhedonia: 0.0
  - Sleep Problems: 1.0
  - Fatigue: 1.0
  - Appetite Changes: 1.0
  - Feelings of Worthlessness: 0.0
  - Concentration Difficulties: 0.0
  - Suicidal Thoughts: 0.0

Respondent 142:
- Year of birth: 2003.0
- Gender: 2.0
- Socio-economic status: 2.0
- Ethnic identity: 6.0
- Parental Education:
  - Father: 12.0
  - Mother: 9.0
- Life satisfaction: 4.0
- Happiness: 2.0
- Laughter: 0.0
- Learning: 6.0
- Enjoyment: 6.0
- Worry: 1.0
- Depression: 2.0
- Anger: 4.0
- Stress: 4.0
- Loneliness: 7.0
- Emotional Regulation Frequency:
  - Upset by Unexpected Events: 3.0
  - Unable to Control Important Things: 4.0
  - Lacked Confidence Handling Problems: 2.0
  - Unable to Cope: 4.0
  - Irritated by Life: 3.0
  - On Top of Things: 1.0
- Anxiety Symptoms Frequency:
  - Feeling Nervous or On Edge: 2.0
  - Trouble Relaxing: 1.0
  - Restlessness: 1.0
  - Irritability: 1.0
  - Fear Something Awful Might Happen: 1.0
- Depressive Symptoms Frequency:
  - Anhedonia: 1.0
  - Sleep Problems: 3.0
  - Fatigue: 3.0
  - Appetite Changes: 2.0
  - Feelings of Worthlessness: 3.0
  - Concentration Difficulties: 3.0
  - Suicidal Thoughts: 1.0

Respondent 67:
- Year of birth: 2003.0
- Gender: 1.0
- Socio-economic status: 1.0
- Ethnic identity: 6.0
- Parental Education:
  - Father: 11.0
  - Mother: 11.0
- Life satisfaction: 7.0
- Happiness: 5.0
- Laughter: 2.0
- Learning: 7.0
- Enjoyment: 7.0
- Worry: 0.0
- Depression: 1.0
- Anger: 1.0
- Stress: 2.0
- Loneliness: 2.0
- Emotional Regulation Frequency:
  - Upset by Unexpected Events: 1.0
  - Unable to Control Important Things: 2.0
  - Lacked Confidence Handling Problems: 2.0
  - Unable to Cope: 2.0
  - Irritated by Life: 3.0
  - On Top of Things: 2.0
- Anxiety Symptoms Frequency:
  - Feeling Nervous or On Edge: 0.0
  - Trouble Relaxing: 0.0
  - Restlessness: 0.0
  - Irritability: 0.0
  - Fear Something Awful Might Happen: 1.0
- Depressive Symptoms Frequency:
  - Anhedonia: 0.0
  - Sleep Problems: 0.0
  - Fatigue: 1.0
  - Appetite Changes: 1.0
  - Feelings of Worthlessness: 0.0
  - Concentration Difficulties: 0.0
  - Suicidal Thoughts: 0.0

Respondent 16:
- Year of birth: 2001.0
- Gender: 1.0
- Socio-economic status: 5.0
- Ethnic identity: 6.0
- Parental Education:
  - Father: 30.0
  - Mother: 20.0
- Life satisfaction: 6.0
- Happiness: 9.0
- Laughter: 10.0
- Learning: 5.0
- Enjoyment: 10.0
- Worry: 2.0
- Depression: 1.0
- Anger: 4.0
- Stress: 2.0
- Loneliness: 1.0
- Emotional Regulation Frequency:
  - Upset by Unexpected Events: 3.0
  - Unable to Control Important Things: 2.0
  - Lacked Confidence Handling Problems: 2.0
  - Unable to Cope: 1.0
  - Irritated by Life: 3.0
  - On Top of Things: 1.0
- Anxiety Symptoms Frequency:
  - Feeling Nervous or On Edge: 1.0
  - Trouble Relaxing: 1.0
  - Restlessness: 0.0
  - Irritability: 1.0
  - Fear Something Awful Might Happen: 1.0
- Depressive Symptoms Frequency:
  - Anhedonia: 1.0
  - Sleep Problems: 2.0
  - Fatigue: 2.0
  - Appetite Changes: 0.0
  - Feelings of Worthlessness: 0.0
  - Concentration Difficulties: 0.0
  - Suicidal Thoughts: 0.0

Respondent 130:
- Year of birth: 2002.0
- Gender: 1.0
- Socio-economic status: 4.0
- Ethnic identity: 6.0
- Parental Education:
  - Father: 11.0
  - Mother: 16.0
- Life satisfaction: 10.0
- Happiness: 8.0
- Laughter: 6.0
- Learning: 9.0
- Enjoyment: 4.0
- Worry: 1.0
- Depression: 0.0
- Anger: 2.0
- Stress: 3.0
- Loneliness: 0.0
- Emotional Regulation Frequency:
  - Upset by Unexpected Events: 2.0
  - Unable to Control Important Things: 1.0
  - Lacked Confidence Handling Problems: 4.0
  - Unable to Cope: 2.0
  - Irritated by Life: 3.0
  - On Top of Things: 2.0
- Anxiety Symptoms Frequency:
  - Feeling Nervous or On Edge: 1.0
  - Trouble Relaxing: 0.0
  - Restlessness: 1.0
  - Irritability: 0.0
  - Fear Something Awful Might Happen: 2.0
- Depressive Symptoms Frequency:
  - Anhedonia: 1.0
  - Sleep Problems: 0.0
  - Fatigue: 2.0
  - Appetite Changes: 0.0
  - Feelings of Worthlessness: 0.0
  - Concentration Difficulties: 0.0
  - Suicidal Thoughts: 0.0

Respondent 21:
- Year of birth: 2005.0
- Gender: 1.0
- Socio-economic status: 2.0
- Ethnic identity: 6.0
- Parental Education:
  - Father: 11.0
- Life satisfaction: 7.0
- Happiness: 7.0
- Laughter: 4.0
- Learning: 9.0
- Enjoyment: 9.0
- Worry: 1.0
- Depression: 0.0
- Anger: 1.0
- Stress: 2.0
- Loneliness: 2.0
- Emotional Regulation Frequency:
  - Upset by Unexpected Events: 1.0
  - Unable to Control Important Things: 2.0
  - Lacked Confidence Handling Problems: 1.0
  - Unable to Cope: 3.0
  - Irritated by Life: 3.0
  - On Top of Things: 2.0
- Anxiety Symptoms Frequency:
  - Feeling Nervous or On Edge: 0.0
  - Trouble Relaxing: 1.0
  - Restlessness: 1.0
  - Irritability: 0.0
  - Fear Something Awful Might Happen: 1.0
- Depressive Symptoms Frequency:
  - Anhedonia: 0.0
  - Sleep Problems: 0.0
  - Fatigue: 1.0
  - Appetite Changes: 0.0
  - Feelings of Worthlessness: 0.0
  - Concentration Difficulties: 0.0
  - Suicidal Thoughts: 0.0

Respondent 99:
- Year of birth: 2003.0
- Gender: 1.0
- Socio-economic status: 6.0
- Ethnic identity: 6.0
- Life satisfaction: 8.0
- Happiness: 9.0
- Laughter: 7.0
- Learning: 9.0
- Enjoyment: 7.0
- Worry: 1.0
- Depression: 0.0
- Anger: 2.0
- Stress: 2.0
- Loneliness: 1.0
- Emotional Regulation Frequency:
  - Upset by Unexpected Events: 2.0
  - Unable to Control Important Things: 1.0
  - Lacked Confidence Handling Problems: 2.0
  - Unable to Cope: 1.0
  - Irritated by Life: 3.0
  - On Top of Things: 3.0
- Anxiety Symptoms Frequency:
  - Feeling Nervous or On Edge: 1.0
  - Trouble Relaxing: 1.0
  - Restlessness: 0.0
  - Irritability: 1.0
  - Fear Something Awful Might Happen: 0.0
- Depressive Symptoms Frequency:
  - Anhedonia: 0.0
  - Sleep Problems: 0.0
  - Fatigue: 1.0
  - Appetite Changes: 0.0
  - Feelings of Worthlessness: 0.0
  - Concentration Difficulties: 1.0
  - Suicidal Thoughts: 0.0

Respondent 96:
- Year of birth: 2003.0
- Gender: 2.0
- Socio-economic status: 3.0
- Ethnic identity: 6.0
- Life satisfaction: 6.0
- Happiness: 8.0
- Laughter: 5.0
- Learning: 8.0
- Enjoyment: 7.0
- Worry: 0.0
- Depression: 0.0
- Anger: 1.0
- Stress: 3.0
- Loneliness: 1.0
- Emotional Regulation Frequency:
  - Upset by Unexpected Events: 1.0
  - Unable to Control Important Things: 2.0
  - Lacked Confidence Handling Problems: 3.0
  - Unable to Cope: 2.0
  - Irritated by Life: 3.0
  - On Top of Things: 3.0
- Anxiety Symptoms Frequency:
  - Feeling Nervous or On Edge: 2.0
  - Trouble Relaxing: 1.0
  - Restlessness: 0.0
  - Irritability: 0.0
  - Fear Something Awful Might Happen: 0.0
- Depressive Symptoms Frequency:
  - Anhedonia: 0.0
  - Sleep Problems: 0.0
  - Fatigue: 1.0
  - Appetite Changes: 0.0
  - Feelings of Worthlessness: 0.0
  - Concentration Difficulties: 0.0
  - Suicidal Thoughts: 0.0

Respondent 114:
- Year of birth: 2004.0
- Gender: 1.0
- Socio-economic status: 1.0
- Ethnic identity: 5.0
- Life satisfaction: 7.0
- Happiness: 9.0
- Laughter: 10.0
- Learning: 7.0
- Enjoyment: 10.0
- Worry: 1.0
- Depression: 0.0
- Anger: 3.0
- Stress: 2.0
- Loneliness: 8.0
- Emotional Regulation Frequency:
  - Upset by Unexpected Events: 2.0
  - Unable to Control Important Things: 1.0
  - Lacked Confidence Handling Problems: 3.0
  - Unable to Cope: 2.0
  - Irritated by Life: 3.0
  - On Top of Things: 3.0
- Anxiety Symptoms Frequency:
  - Feeling Nervous or On Edge: 0.0
  - Trouble Relaxing: 0.0
  - Restlessness: 0.0
  - Irritability: 0.0
  - Fear Something Awful Might Happen: 0.0
- Depressive Symptoms Frequency:
  - Anhedonia: 1.0
  - Sleep Problems: 0.0
  - Fatigue: 1.0
  - Appetite Changes: 2.0
  - Feelings of Worthlessness: 0.0
  - Concentration Difficulties: 0.0
  - Suicidal Thoughts: 0.0
",10,"How many respondents are there?

DATA:

Survey Data
==================================================

Questions:
1. Year of birth: What is your date of birth? [Open-ended]
2. Gender: What is your gender? [MCQ: 1. Male 2. Female]
3. Socio-economic status: What is the socio-economic status of your home? [Likert 1–6: 1 = Very low, 6 = Very high]
4. Ethnic identity: According to your culture, people, or physical features, you are or are recognized as: [MCQ: 1. Indigenous 2. Gypsy 3. Raizal from San Andres, Providencia and Santa Catalina Archipelago 4. Palenquero from San Basilio 5. Black, mulatto (Afro-descendant), Afro-Colombian 6. None of the above]
5. Parental Education: How many years of education did your parents receive? [Open-ended]
   - Father: Father?
   - Mother: Mother?
6. Life satisfaction: In general, how satisfied are you with all aspects of your life? [Likert 0–10: 0 = Not satisfied, 10 = Totally satisfied]
7. Happiness: How happy did you feel yesterday? [Likert 0–10: 0 = At no time, 10 = All the time]
8. Laughter: How much did you laugh yesterday? [Likert 0–10: 0 = At no time, 10 = All the time]
9. Learning: Did you learn new or exciting things yesterday? [Likert 0–10: 0 = At no time, 10 = All the time]
10. Enjoyment: How much did you enjoy the activities you did yesterday? [Likert 0–10: 0 = At no time, 10 = All the time]
11. Worry: How worried did you feel yesterday? [Likert 0–10: 0 = At no time, 10 = All the time]
12. Depression: How depressed did you feel yesterday? [Likert 0–10: 0 = At no time, 10 = All the time]
13. Anger: How angry did you feel yesterday? [Likert 0–10: 0 = At no time, 10 = All the time]
14. Stress: How much stress did you feel yesterday? [Likert 0–10: 0 = At no time, 10 = All the time]
15. Loneliness: How lonely or unsupported did you feel yesterday? [Likert 0–10: 0 = At no time, 10 = All the time]
16. Emotional Regulation Frequency: Next, you will be asked questions about your emotional state. Please answer on a scale of 0 to 4, where 0 is never, 1 is 'almost never', 2 is 'sometimes', 3 is 'fairly often', and 4 is 'very often', how often you experienced the following feelings during the last month: [Likert 0–4]
    - Upset by Unexpected Events: how often have you been upset because of something that happened unexpectedly?
    - Unable to Control Important Things: how often have you felt that you were unable to control the important things in your life?
    - Nervous and Stressed: how often have you felt nervous and stressed?
    - Lacked Confidence Handling Problems: how often have you felt confident about your ability to handle your personal problems?
    - Things Going Your Way: how often have you felt that things were going your way?
    - Unable to Cope: how often have you found that you could not cope with all the things that you had to do?
    - Irritated by Life: how often have you been able to control irritations in your life?
    - On Top of Things: how often have you felt that you were on top of things?
    - Angered by Uncontrollable Events: how often have you been angered because of things that happened that were outside of your control?
    - Felt Overwhelmed: how often have you felt difficulties were piling up so high that you could not overcome them?
17. Anxiety Symptoms Frequency: Next, you will be asked questions about your emotional state. Please answer on a scale of 0 to 3, where 0 is 'Not at all', 1 is 'several days', 2 is 'more than half of the days', and 3 is 'Nearly every day'. Over the last two weeks, how often have you been bothered by the following problems? [Likert 0–3]
    - Feeling Nervous or On Edge: Feeling nervous, anxious, or on edge
    - Uncontrollable Worrying: Not being able to stop or control worrying
    - Excessive Worry: Worrying too much about different things
    - Trouble Relaxing: Trouble relaxing
    - Restlessness: Being so restless that it is hard to sit still
    - Irritability: Becoming easily annoyed or irritable
    - Fear Something Awful Might Happen: Feeling afraid, as if something awful might happen
18. Depressive Symptoms Frequency: Next, you will be asked questions about your emotional state. Please answer on a scale of 0 to 3, where 0 is 'Not at all', 1 is 'several days', 2 is 'more than half of the days', and 3 is 'Nearly every day'. Over the last two weeks, how often have you been bothered by the following problems?
    - Anhedonia: Little interest or pleasure in doing things
    - Depressed Mood: Feeling down, depressed, or hopeless
    - Sleep Problems: Trouble falling or staying asleep, or sleeping too much
    - Fatigue: Feeling tired or having little energy
    - Appetite Changes: Poor appetite or overeating
    - Feelings of Worthlessness: Feeling bad about yourself or that you are a failure or have let yourself or your family down
    - Concentration Difficulties: Trouble concentrating on things, such as reading the newspaper or watching television
    - Psychomotor Changes: Moving or speaking so slowly that other people could have noticed. Or the opposite — being so fidgety or restless that you have been moving around a lot more than usual
    - Suicidal Thoughts: Thoughts that you would be better off dead, or of hurting yourself

Responses:
==================================================

Respondent 119:
- Year of birth: 2004.0
- Gender: 1.0
- Socio-economic status: 1.0
- Ethnic identity: 6.0
- Life satisfaction: 4.0
- Happiness: 8.0
- Laughter: 8.0
- Learning: 8.0
- Enjoyment: 8.0
- Worry: 1.0
- Depression: 1.0
- Anger: 2.0
- Stress: 2.0
- Loneliness: 2.0
- Emotional Regulation Frequency:
  - Upset by Unexpected Events: 2.0
  - Unable to Control Important Things: 2.0
  - Lacked Confidence Handling Problems: 2.0
  - Unable to Cope: 2.0
  - Irritated by Life: 2.0
  - On Top of Things: 2.0
- Anxiety Symptoms Frequency:
  - Feeling Nervous or On Edge: 1.0
  - Trouble Relaxing: 1.0
  - Restlessness: 1.0
  - Irritability: 1.0
  - Fear Something Awful Might Happen: 1.0
- Depressive Symptoms Frequency:
  - Anhedonia: 1.0
  - Sleep Problems: 1.0
  - Fatigue: 1.0
  - Appetite Changes: 0.0
  - Feelings of Worthlessness: 1.0
  - Concentration Difficulties: 0.0
  - Suicidal Thoughts: 0.0

Respondent 116:
- Year of birth: 2004.0
- Gender: 1.0
- Socio-economic status: 5.0
- Ethnic identity: 6.0
- Parental Education:
  - Father: 17.0
  - Mother: 17.0
- Life satisfaction: 8.0
- Happiness: 8.0
- Laughter: 7.0
- Learning: 7.0
- Enjoyment: 9.0
- Worry: 1.0
- Depression: 1.0
- Anger: 2.0
- Stress: 3.0
- Loneliness: 1.0
- Emotional Regulation Frequency:
  - Upset by Unexpected Events: 2.0
  - Unable to Control Important Things: 2.0
  - Lacked Confidence Handling Problems: 3.0
  - Unable to Cope: 2.0
  - Irritated by Life: 3.0
  - On Top of Things: 2.0
- Anxiety Symptoms Frequency:
  - Feeling Nervous or On Edge: 2.0
  - Trouble Relaxing: 1.0
  - Restlessness: 2.0
  - Irritability: 1.0
  - Fear Something Awful Might Happen: 2.0
- Depressive Symptoms Frequency:
  - Anhedonia: 1.0
  - Sleep Problems: 0.0
  - Fatigue: 2.0
  - Appetite Changes: 2.0
  - Feelings of Worthlessness: 1.0
  - Concentration Difficulties: 2.0
  - Suicidal Thoughts: 0.0

Answer: 2

Survey Data
==================================================

Questions:
1. Year of birth: What is your date of birth? [Open-ended]
2. Gender: What is your gender? [MCQ: 1. Male 2. Female]
3. Socio-economic status: What is the socio-economic status of your home? [Likert 1–6: 1 = Very low, 6 = Very high]
4. Ethnic identity: According to your culture, people, or physical features, you are or are recognized as: [MCQ: 1. Indigenous 2. Gypsy 3. Raizal from San Andres, Providencia and Santa Catalina Archipelago 4. Palenquero from San Basilio 5. Black, mulatto (Afro-descendant), Afro-Colombian 6. None of the above]
5. Parental Education: How many years of education did your parents receive? [Open-ended]
   - Father: Father?
   - Mother: Mother?
6. Life satisfaction: In general, how satisfied are you with all aspects of your life? [Likert 0–10: 0 = Not satisfied, 10 = Totally satisfied]
7. Happiness: How happy did you feel yesterday? [Likert 0–10: 0 = At no time, 10 = All the time]
8. Laughter: How much did you laugh yesterday? [Likert 0–10: 0 = At no time, 10 = All the time]
9. Learning: Did you learn new or exciting things yesterday? [Likert 0–10: 0 = At no time, 10 = All the time]
10. Enjoyment: How much did you enjoy the activities you did yesterday? [Likert 0–10: 0 = At no time, 10 = All the time]
11. Worry: How worried did you feel yesterday? [Likert 0–10: 0 = At no time, 10 = All the time]
12. Depression: How depressed did you feel yesterday? [Likert 0–10: 0 = At no time, 10 = All the time]
13. Anger: How angry did you feel yesterday? [Likert 0–10: 0 = At no time, 10 = All the time]
14. Stress: How much stress did you feel yesterday? [Likert 0–10: 0 = At no time, 10 = All the time]
15. Loneliness: How lonely or unsupported did you feel yesterday? [Likert 0–10: 0 = At no time, 10 = All the time]
16. Emotional Regulation Frequency: Next, you will be asked questions about your emotional state. Please answer on a scale of 0 to 4, where 0 is never, 1 is 'almost never', 2 is 'sometimes', 3 is 'fairly often', and 4 is 'very often', how often you experienced the following feelings during the last month: [Likert 0–4]
    - Upset by Unexpected Events: how often have you been upset because of something that happened unexpectedly?
    - Unable to Control Important Things: how often have you felt that you were unable to control the important things in your life?
    - Nervous and Stressed: how often have you felt nervous and stressed?
    - Lacked Confidence Handling Problems: how often have you felt confident about your ability to handle your personal problems?
    - Things Going Your Way: how often have you felt that things were going your way?
    - Unable to Cope: how often have you found that you could not cope with all the things that you had to do?
    - Irritated by Life: how often have you been able to control irritations in your life?
    - On Top of Things: how often have you felt that you were on top of things?
    - Angered by Uncontrollable Events: how often have you been angered because of things that happened that were outside of your control?
    - Felt Overwhelmed: how often have you felt difficulties were piling up so high that you could not overcome them?
17. Anxiety Symptoms Frequency: Next, you will be asked questions about your emotional state. Please answer on a scale of 0 to 3, where 0 is 'Not at all', 1 is 'several days', 2 is 'more than half of the days', and 3 is 'Nearly every day'. Over the last two weeks, how often have you been bothered by the following problems? [Likert 0–3]
    - Feeling Nervous or On Edge: Feeling nervous, anxious, or on edge
    - Uncontrollable Worrying: Not being able to stop or control worrying
    - Excessive Worry: Worrying too much about different things
    - Trouble Relaxing: Trouble relaxing
    - Restlessness: Being so restless that it is hard to sit still
    - Irritability: Becoming easily annoyed or irritable
    - Fear Something Awful Might Happen: Feeling afraid, as if something awful might happen
18. Depressive Symptoms Frequency: Next, you will be asked questions about your emotional state. Please answer on a scale of 0 to 3, where 0 is 'Not at all', 1 is 'several days', 2 is 'more than half of the days', and 3 is 'Nearly every day'. Over the last two weeks, how often have you been bothered by the following problems?
    - Anhedonia: Little interest or pleasure in doing things
    - Depressed Mood: Feeling down, depressed, or hopeless
    - Sleep Problems: Trouble falling or staying asleep, or sleeping too much
    - Fatigue: Feeling tired or having little energy
    - Appetite Changes: Poor appetite or overeating
    - Feelings of Worthlessness: Feeling bad about yourself or that you are a failure or have let yourself or your family down
    - Concentration Difficulties: Trouble concentrating on things, such as reading the newspaper or watching television
    - Psychomotor Changes: Moving or speaking so slowly that other people could have noticed. Or the opposite — being so fidgety or restless that you have been moving around a lot more than usual
    - Suicidal Thoughts: Thoughts that you would be better off dead, or of hurting yourself

Responses:
==================================================

Respondent 6:
- Year of birth: 2001.0
- Gender: 1.0
- Socio-economic status: 5.0
- Ethnic identity: 6.0
- Parental Education:
  - Father: 22.0
  - Mother: 25.0
- Life satisfaction: 6.0
- Happiness: 8.0
- Laughter: 6.0
- Learning: 5.0
- Enjoyment: 9.0
- Worry: 2.0
- Depression: 0.0
- Anger: 1.0
- Stress: 1.0
- Loneliness: 1.0
- Emotional Regulation Frequency:
  - Upset by Unexpected Events: 2.0
  - Unable to Control Important Things: 2.0
  - Lacked Confidence Handling Problems: 3.0
  - Unable to Cope: 2.0
  - Irritated by Life: 3.0
  - On Top of Things: 3.0
- Anxiety Symptoms Frequency:
  - Feeling Nervous or On Edge: 1.0
  - Trouble Relaxing: 1.0
  - Restlessness: 1.0
  - Irritability: 1.0
  - Fear Something Awful Might Happen: 0.0
- Depressive Symptoms Frequency:
  - Anhedonia: 0.0
  - Sleep Problems: 1.0
  - Fatigue: 0.0
  - Appetite Changes: 0.0
  - Feelings of Worthlessness: 0.0
  - Concentration Difficulties: 1.0
  - Suicidal Thoughts: 0.0

Respondent 92:
- Year of birth: 2003.0
- Gender: 1.0
- Socio-economic status: 1.0
- Ethnic identity: 6.0
- Parental Education:
  - Father: 12.0
  - Mother: 12.0
- Life satisfaction: 8.0
- Happiness: 8.0
- Laughter: 6.0
- Learning: 9.0
- Enjoyment: 8.0
- Worry: 0.0
- Depression: 0.0
- Anger: 2.0
- Stress: 2.0
- Loneliness: 1.0
- Emotional Regulation Frequency:
  - Upset by Unexpected Events: 2.0
  - Unable to Control Important Things: 1.0
  - Lacked Confidence Handling Problems: 3.0
  - Unable to Cope: 2.0
  - Irritated by Life: 4.0
  - On Top of Things: 4.0
- Anxiety Symptoms Frequency:
  - Feeling Nervous or On Edge: 1.0
  - Trouble Relaxing: 0.0
  - Restlessness: 0.0
  - Irritability: 1.0
  - Fear Something Awful Might Happen: 0.0
- Depressive Symptoms Frequency:
  - Anhedonia: 0.0
  - Sleep Problems: 1.0
  - Fatigue: 1.0
  - Appetite Changes: 1.0
  - Feelings of Worthlessness: 0.0
  - Concentration Difficulties: 0.0
  - Suicidal Thoughts: 0.0

Respondent 142:
- Year of birth: 2003.0
- Gender: 2.0
- Socio-economic status: 2.0
- Ethnic identity: 6.0
- Parental Education:
  - Father: 12.0
  - Mother: 9.0
- Life satisfaction: 4.0
- Happiness: 2.0
- Laughter: 0.0
- Learning: 6.0
- Enjoyment: 6.0
- Worry: 1.0
- Depression: 2.0
- Anger: 4.0
- Stress: 4.0
- Loneliness: 7.0
- Emotional Regulation Frequency:
  - Upset by Unexpected Events: 3.0
  - Unable to Control Important Things: 4.0
  - Lacked Confidence Handling Problems: 2.0
  - Unable to Cope: 4.0
  - Irritated by Life: 3.0
  - On Top of Things: 1.0
- Anxiety Symptoms Frequency:
  - Feeling Nervous or On Edge: 2.0
  - Trouble Relaxing: 1.0
  - Restlessness: 1.0
  - Irritability: 1.0
  - Fear Something Awful Might Happen: 1.0
- Depressive Symptoms Frequency:
  - Anhedonia: 1.0
  - Sleep Problems: 3.0
  - Fatigue: 3.0
  - Appetite Changes: 2.0
  - Feelings of Worthlessness: 3.0
  - Concentration Difficulties: 3.0
  - Suicidal Thoughts: 1.0

Respondent 67:
- Year of birth: 2003.0
- Gender: 1.0
- Socio-economic status: 1.0
- Ethnic identity: 6.0
- Parental Education:
  - Father: 11.0
  - Mother: 11.0
- Life satisfaction: 7.0
- Happiness: 5.0
- Laughter: 2.0
- Learning: 7.0
- Enjoyment: 7.0
- Worry: 0.0
- Depression: 1.0
- Anger: 1.0
- Stress: 2.0
- Loneliness: 2.0
- Emotional Regulation Frequency:
  - Upset by Unexpected Events: 1.0
  - Unable to Control Important Things: 2.0
  - Lacked Confidence Handling Problems: 2.0
  - Unable to Cope: 2.0
  - Irritated by Life: 3.0
  - On Top of Things: 2.0
- Anxiety Symptoms Frequency:
  - Feeling Nervous or On Edge: 0.0
  - Trouble Relaxing: 0.0
  - Restlessness: 0.0
  - Irritability: 0.0
  - Fear Something Awful Might Happen: 1.0
- Depressive Symptoms Frequency:
  - Anhedonia: 0.0
  - Sleep Problems: 0.0
  - Fatigue: 1.0
  - Appetite Changes: 1.0
  - Feelings of Worthlessness: 0.0
  - Concentration Difficulties: 0.0
  - Suicidal Thoughts: 0.0

Respondent 16:
- Year of birth: 2001.0
- Gender: 1.0
- Socio-economic status: 5.0
- Ethnic identity: 6.0
- Parental Education:
  - Father: 30.0
  - Mother: 20.0
- Life satisfaction: 6.0
- Happiness: 9.0
- Laughter: 10.0
- Learning: 5.0
- Enjoyment: 10.0
- Worry: 2.0
- Depression: 1.0
- Anger: 4.0
- Stress: 2.0
- Loneliness: 1.0
- Emotional Regulation Frequency:
  - Upset by Unexpected Events: 3.0
  - Unable to Control Important Things: 2.0
  - Lacked Confidence Handling Problems: 2.0
  - Unable to Cope: 1.0
  - Irritated by Life: 3.0
  - On Top of Things: 1.0
- Anxiety Symptoms Frequency:
  - Feeling Nervous or On Edge: 1.0
  - Trouble Relaxing: 1.0
  - Restlessness: 0.0
  - Irritability: 1.0
  - Fear Something Awful Might Happen: 1.0
- Depressive Symptoms Frequency:
  - Anhedonia: 1.0
  - Sleep Problems: 2.0
  - Fatigue: 2.0
  - Appetite Changes: 0.0
  - Feelings of Worthlessness: 0.0
  - Concentration Difficulties: 0.0
  - Suicidal Thoughts: 0.0

Respondent 130:
- Year of birth: 2002.0
- Gender: 1.0
- Socio-economic status: 4.0
- Ethnic identity: 6.0
- Parental Education:
  - Father: 11.0
  - Mother: 16.0
- Life satisfaction: 10.0
- Happiness: 8.0
- Laughter: 6.0
- Learning: 9.0
- Enjoyment: 4.0
- Worry: 1.0
- Depression: 0.0
- Anger: 2.0
- Stress: 3.0
- Loneliness: 0.0
- Emotional Regulation Frequency:
  - Upset by Unexpected Events: 2.0
  - Unable to Control Important Things: 1.0
  - Lacked Confidence Handling Problems: 4.0
  - Unable to Cope: 2.0
  - Irritated by Life: 3.0
  - On Top of Things: 2.0
- Anxiety Symptoms Frequency:
  - Feeling Nervous or On Edge: 1.0
  - Trouble Relaxing: 0.0
  - Restlessness: 1.0
  - Irritability: 0.0
  - Fear Something Awful Might Happen: 2.0
- Depressive Symptoms Frequency:
  - Anhedonia: 1.0
  - Sleep Problems: 0.0
  - Fatigue: 2.0
  - Appetite Changes: 0.0
  - Feelings of Worthlessness: 0.0
  - Concentration Difficulties: 0.0
  - Suicidal Thoughts: 0.0

Respondent 21:
- Year of birth: 2005.0
- Gender: 1.0
- Socio-economic status: 2.0
- Ethnic identity: 6.0
- Parental Education:
  - Father: 11.0
- Life satisfaction: 7.0
- Happiness: 7.0
- Laughter: 4.0
- Learning: 9.0
- Enjoyment: 9.0
- Worry: 1.0
- Depression: 0.0
- Anger: 1.0
- Stress: 2.0
- Loneliness: 2.0
- Emotional Regulation Frequency:
  - Upset by Unexpected Events: 1.0
  - Unable to Control Important Things: 2.0
  - Lacked Confidence Handling Problems: 1.0
  - Unable to Cope: 3.0
  - Irritated by Life: 3.0
  - On Top of Things: 2.0
- Anxiety Symptoms Frequency:
  - Feeling Nervous or On Edge: 0.0
  - Trouble Relaxing: 1.0
  - Restlessness: 1.0
  - Irritability: 0.0
  - Fear Something Awful Might Happen: 1.0
- Depressive Symptoms Frequency:
  - Anhedonia: 0.0
  - Sleep Problems: 0.0
  - Fatigue: 1.0
  - Appetite Changes: 0.0
  - Feelings of Worthlessness: 0.0
  - Concentration Difficulties: 0.0
  - Suicidal Thoughts: 0.0

Respondent 99:
- Year of birth: 2003.0
- Gender: 1.0
- Socio-economic status: 6.0
- Ethnic identity: 6.0
- Life satisfaction: 8.0
- Happiness: 9.0
- Laughter: 7.0
- Learning: 9.0
- Enjoyment: 7.0
- Worry: 1.0
- Depression: 0.0
- Anger: 2.0
- Stress: 2.0
- Loneliness: 1.0
- Emotional Regulation Frequency:
  - Upset by Unexpected Events: 2.0
  - Unable to Control Important Things: 1.0
  - Lacked Confidence Handling Problems: 2.0
  - Unable to Cope: 1.0
  - Irritated by Life: 3.0
  - On Top of Things: 3.0
- Anxiety Symptoms Frequency:
  - Feeling Nervous or On Edge: 1.0
  - Trouble Relaxing: 1.0
  - Restlessness: 0.0
  - Irritability: 1.0
  - Fear Something Awful Might Happen: 0.0
- Depressive Symptoms Frequency:
  - Anhedonia: 0.0
  - Sleep Problems: 0.0
  - Fatigue: 1.0
  - Appetite Changes: 0.0
  - Feelings of Worthlessness: 0.0
  - Concentration Difficulties: 1.0
  - Suicidal Thoughts: 0.0

Respondent 96:
- Year of birth: 2003.0
- Gender: 2.0
- Socio-economic status: 3.0
- Ethnic identity: 6.0
- Life satisfaction: 6.0
- Happiness: 8.0
- Laughter: 5.0
- Learning: 8.0
- Enjoyment: 7.0
- Worry: 0.0
- Depression: 0.0
- Anger: 1.0
- Stress: 3.0
- Loneliness: 1.0
- Emotional Regulation Frequency:
  - Upset by Unexpected Events: 1.0
  - Unable to Control Important Things: 2.0
  - Lacked Confidence Handling Problems: 3.0
  - Unable to Cope: 2.0
  - Irritated by Life: 3.0
  - On Top of Things: 3.0
- Anxiety Symptoms Frequency:
  - Feeling Nervous or On Edge: 2.0
  - Trouble Relaxing: 1.0
  - Restlessness: 0.0
  - Irritability: 0.0
  - Fear Something Awful Might Happen: 0.0
- Depressive Symptoms Frequency:
  - Anhedonia: 0.0
  - Sleep Problems: 0.0
  - Fatigue: 1.0
  - Appetite Changes: 0.0
  - Feelings of Worthlessness: 0.0
  - Concentration Difficulties: 0.0
  - Suicidal Thoughts: 0.0

Respondent 114:
- Year of birth: 2004.0
- Gender: 1.0
- Socio-economic status: 1.0
- Ethnic identity: 5.0
- Life satisfaction: 7.0
- Happiness: 9.0
- Laughter: 10.0
- Learning: 7.0
- Enjoyment: 10.0
- Worry: 1.0
- Depression: 0.0
- Anger: 3.0
- Stress: 2.0
- Loneliness: 8.0
- Emotional Regulation Frequency:
  - Upset by Unexpected Events: 2.0
  - Unable to Control Important Things: 1.0
  - Lacked Confidence Handling Problems: 3.0
  - Unable to Cope: 2.0
  - Irritated by Life: 3.0
  - On Top of Things: 3.0
- Anxiety Symptoms Frequency:
  - Feeling Nervous or On Edge: 0.0
  - Trouble Relaxing: 0.0
  - Restlessness: 0.0
  - Irritability: 0.0
  - Fear Something Awful Might Happen: 0.0
- Depressive Symptoms Frequency:
  - Anhedonia: 1.0
  - Sleep Problems: 0.0
  - Fatigue: 1.0
  - Appetite Changes: 2.0
  - Feelings of Worthlessness: 0.0
  - Concentration Difficulties: 0.0
  - Suicidal Thoughts: 0.0

You are a meticulous data analyst AI. Your primary function is to accurately analyze structured data and provide precise, verifiable answers.

You will be given a dataset with two key parts:

A 'questions' section: This is your data dictionary or schema. It is the single source of truth for understanding what each field and score means. Refer to it carefully.

A 'responses' section: This contains the raw data from each individual respondent.

To answer the question correctly, you must first use the 'questions' schema to fully understand the context and meaning of the data points within the 'responses'. Do not rely on any prior knowledge outside of this provided data. Base your entire analysis on the information given.

Provide your final answer directly and concisely. Output must be the human-readable value, not an option code.

Rules:
- For MCQ fields, map any letter codes in the Responses (case-insensitive) to the corresponding option text from the Questions schema, and output only that text. Do NOT include the letter or both.
  Example: If the schema is ""[MCQ: A. Abnormal B. Inconclusive C. Normal]"" and the response is ""a"", output ""Abnormal"".
- For open-ended fields, output the exact text value.
- If the question asks for a count, provide only the number (e.g., ""42"").
- If the question asks for a list of names or IDs, provide a simple comma-separated list (e.g., ""17, 21, 23"").
- Preserve capitalization exactly as in the schema (e.g., output ""Abnormal"", not ""abnormal"" or ""A"").

How many respondents are there?",12,False
case_27,respondent_count,How many respondents are there?,"Survey Data
==================================================

Questions:
1. Year of birth: What is your date of birth? [Open-ended]
2. Gender: What is your gender? [MCQ: 1. Male 2. Female]
3. Socio-economic status: What is the socio-economic status of your home? [Likert 1–6: 1 = Very low, 6 = Very high]
4. Ethnic identity: According to your culture, people, or physical features, you are or are recognized as: [MCQ: 1. Indigenous 2. Gypsy 3. Raizal from San Andres, Providencia and Santa Catalina Archipelago 4. Palenquero from San Basilio 5. Black, mulatto (Afro-descendant), Afro-Colombian 6. None of the above]
5. Parental Education: How many years of education did your parents receive? [Open-ended]
   - Father: Father?
   - Mother: Mother?
6. Life satisfaction: In general, how satisfied are you with all aspects of your life? [Likert 0–10: 0 = Not satisfied, 10 = Totally satisfied]
7. Happiness: How happy did you feel yesterday? [Likert 0–10: 0 = At no time, 10 = All the time]
8. Laughter: How much did you laugh yesterday? [Likert 0–10: 0 = At no time, 10 = All the time]
9. Learning: Did you learn new or exciting things yesterday? [Likert 0–10: 0 = At no time, 10 = All the time]
10. Enjoyment: How much did you enjoy the activities you did yesterday? [Likert 0–10: 0 = At no time, 10 = All the time]
11. Worry: How worried did you feel yesterday? [Likert 0–10: 0 = At no time, 10 = All the time]
12. Depression: How depressed did you feel yesterday? [Likert 0–10: 0 = At no time, 10 = All the time]
13. Anger: How angry did you feel yesterday? [Likert 0–10: 0 = At no time, 10 = All the time]
14. Stress: How much stress did you feel yesterday? [Likert 0–10: 0 = At no time, 10 = All the time]
15. Loneliness: How lonely or unsupported did you feel yesterday? [Likert 0–10: 0 = At no time, 10 = All the time]
16. Emotional Regulation Frequency: Next, you will be asked questions about your emotional state. Please answer on a scale of 0 to 4, where 0 is never, 1 is 'almost never', 2 is 'sometimes', 3 is 'fairly often', and 4 is 'very often', how often you experienced the following feelings during the last month: [Likert 0–4]
    - Upset by Unexpected Events: how often have you been upset because of something that happened unexpectedly?
    - Unable to Control Important Things: how often have you felt that you were unable to control the important things in your life?
    - Nervous and Stressed: how often have you felt nervous and stressed?
    - Lacked Confidence Handling Problems: how often have you felt confident about your ability to handle your personal problems?
    - Things Going Your Way: how often have you felt that things were going your way?
    - Unable to Cope: how often have you found that you could not cope with all the things that you had to do?
    - Irritated by Life: how often have you been able to control irritations in your life?
    - On Top of Things: how often have you felt that you were on top of things?
    - Angered by Uncontrollable Events: how often have you been angered because of things that happened that were outside of your control?
    - Felt Overwhelmed: how often have you felt difficulties were piling up so high that you could not overcome them?
17. Anxiety Symptoms Frequency: Next, you will be asked questions about your emotional state. Please answer on a scale of 0 to 3, where 0 is 'Not at all', 1 is 'several days', 2 is 'more than half of the days', and 3 is 'Nearly every day'. Over the last two weeks, how often have you been bothered by the following problems? [Likert 0–3]
    - Feeling Nervous or On Edge: Feeling nervous, anxious, or on edge
    - Uncontrollable Worrying: Not being able to stop or control worrying
    - Excessive Worry: Worrying too much about different things
    - Trouble Relaxing: Trouble relaxing
    - Restlessness: Being so restless that it is hard to sit still
    - Irritability: Becoming easily annoyed or irritable
    - Fear Something Awful Might Happen: Feeling afraid, as if something awful might happen
18. Depressive Symptoms Frequency: Next, you will be asked questions about your emotional state. Please answer on a scale of 0 to 3, where 0 is 'Not at all', 1 is 'several days', 2 is 'more than half of the days', and 3 is 'Nearly every day'. Over the last two weeks, how often have you been bothered by the following problems?
    - Anhedonia: Little interest or pleasure in doing things
    - Depressed Mood: Feeling down, depressed, or hopeless
    - Sleep Problems: Trouble falling or staying asleep, or sleeping too much
    - Fatigue: Feeling tired or having little energy
    - Appetite Changes: Poor appetite or overeating
    - Feelings of Worthlessness: Feeling bad about yourself or that you are a failure or have let yourself or your family down
    - Concentration Difficulties: Trouble concentrating on things, such as reading the newspaper or watching television
    - Psychomotor Changes: Moving or speaking so slowly that other people could have noticed. Or the opposite — being so fidgety or restless that you have been moving around a lot more than usual
    - Suicidal Thoughts: Thoughts that you would be better off dead, or of hurting yourself

Responses:
==================================================

Respondent 21:
- Year of birth: 2005.0
- Gender: 1.0
- Socio-economic status: 2.0
- Ethnic identity: 6.0
- Parental Education:
  - Father: 11.0
- Life satisfaction: 7.0
- Happiness: 7.0
- Laughter: 4.0
- Learning: 9.0
- Enjoyment: 9.0
- Worry: 1.0
- Depression: 0.0
- Anger: 1.0
- Stress: 2.0
- Loneliness: 2.0
- Emotional Regulation Frequency:
  - Upset by Unexpected Events: 1.0
  - Unable to Control Important Things: 2.0
  - Lacked Confidence Handling Problems: 1.0
  - Unable to Cope: 3.0
  - Irritated by Life: 3.0
  - On Top of Things: 2.0
- Anxiety Symptoms Frequency:
  - Feeling Nervous or On Edge: 0.0
  - Trouble Relaxing: 1.0
  - Restlessness: 1.0
  - Irritability: 0.0
  - Fear Something Awful Might Happen: 1.0
- Depressive Symptoms Frequency:
  - Anhedonia: 0.0
  - Sleep Problems: 0.0
  - Fatigue: 1.0
  - Appetite Changes: 0.0
  - Feelings of Worthlessness: 0.0
  - Concentration Difficulties: 0.0
  - Suicidal Thoughts: 0.0

Respondent 116:
- Year of birth: 2004.0
- Gender: 1.0
- Socio-economic status: 5.0
- Ethnic identity: 6.0
- Parental Education:
  - Father: 17.0
  - Mother: 17.0
- Life satisfaction: 8.0
- Happiness: 8.0
- Laughter: 7.0
- Learning: 7.0
- Enjoyment: 9.0
- Worry: 1.0
- Depression: 1.0
- Anger: 2.0
- Stress: 3.0
- Loneliness: 1.0
- Emotional Regulation Frequency:
  - Upset by Unexpected Events: 2.0
  - Unable to Control Important Things: 2.0
  - Lacked Confidence Handling Problems: 3.0
  - Unable to Cope: 2.0
  - Irritated by Life: 3.0
  - On Top of Things: 2.0
- Anxiety Symptoms Frequency:
  - Feeling Nervous or On Edge: 2.0
  - Trouble Relaxing: 1.0
  - Restlessness: 2.0
  - Irritability: 1.0
  - Fear Something Awful Might Happen: 2.0
- Depressive Symptoms Frequency:
  - Anhedonia: 1.0
  - Sleep Problems: 0.0
  - Fatigue: 2.0
  - Appetite Changes: 2.0
  - Feelings of Worthlessness: 1.0
  - Concentration Difficulties: 2.0
  - Suicidal Thoughts: 0.0

Respondent 115:
- Year of birth: 2003.0
- Gender: 1.0
- Socio-economic status: 5.0
- Ethnic identity: 6.0
- Parental Education:
  - Father: 19.0
  - Mother: 23.0
- Life satisfaction: 9.0
- Happiness: 0.0
- Laughter: 0.0
- Learning: 10.0
- Enjoyment: 5.0
- Worry: 3.0
- Depression: 1.0
- Anger: 2.0
- Stress: 4.0
- Loneliness: 9.0
- Emotional Regulation Frequency:
  - Upset by Unexpected Events: 2.0
  - Unable to Control Important Things: 1.0
  - Lacked Confidence Handling Problems: 3.0
  - Unable to Cope: 1.0
  - Irritated by Life: 4.0
  - On Top of Things: 4.0
- Anxiety Symptoms Frequency:
  - Feeling Nervous or On Edge: 3.0
  - Trouble Relaxing: 2.0
  - Restlessness: 2.0
  - Irritability: 1.0
  - Fear Something Awful Might Happen: 3.0
- Depressive Symptoms Frequency:
  - Anhedonia: 1.0
  - Sleep Problems: 0.0
  - Fatigue: 1.0
  - Appetite Changes: 0.0
  - Feelings of Worthlessness: 1.0
  - Concentration Difficulties: 2.0
  - Suicidal Thoughts: 0.0

Respondent 24:
- Year of birth: 2002.0
- Gender: 1.0
- Socio-economic status: 3.0
- Ethnic identity: 6.0
- Life satisfaction: 6.0
- Happiness: 5.0
- Laughter: 4.0
- Learning: 9.0
- Enjoyment: 4.0
- Worry: 0.0
- Depression: 0.0
- Anger: 3.0
- Stress: 2.0
- Loneliness: 10.0
- Emotional Regulation Frequency:
  - Upset by Unexpected Events: 3.0
  - Unable to Control Important Things: 4.0
  - Lacked Confidence Handling Problems: 3.0
  - Unable to Cope: 2.0
  - Irritated by Life: 3.0
  - On Top of Things: 3.0
- Anxiety Symptoms Frequency:
  - Feeling Nervous or On Edge: 1.0
  - Trouble Relaxing: 2.0
  - Restlessness: 2.0
  - Irritability: 0.0
  - Fear Something Awful Might Happen: 1.0
- Depressive Symptoms Frequency:
  - Anhedonia: 1.0
  - Sleep Problems: 2.0
  - Fatigue: 1.0
  - Appetite Changes: 3.0
  - Feelings of Worthlessness: 1.0
  - Concentration Difficulties: 2.0
  - Suicidal Thoughts: 0.0

Respondent 25:
- Year of birth: 2003.0
- Gender: 2.0
- Socio-economic status: 3.0
- Ethnic identity: 1.0
- Life satisfaction: 3.0
- Happiness: 2.0
- Laughter: 1.0
- Learning: 1.0
- Enjoyment: 2.0
- Worry: 0.0
- Depression: 3.0
- Anger: 3.0
- Stress: 3.0
- Loneliness: 8.0
- Emotional Regulation Frequency:
  - Upset by Unexpected Events: 2.0
  - Unable to Control Important Things: 2.0
  - Lacked Confidence Handling Problems: 4.0
  - Unable to Cope: 3.0
  - Irritated by Life: 2.0
  - On Top of Things: 1.0
- Anxiety Symptoms Frequency:
  - Feeling Nervous or On Edge: 3.0
  - Trouble Relaxing: 3.0
  - Restlessness: 3.0
  - Irritability: 3.0
  - Fear Something Awful Might Happen: 2.0
- Depressive Symptoms Frequency:
  - Anhedonia: 3.0
  - Sleep Problems: 0.0
  - Fatigue: 3.0
  - Appetite Changes: 3.0
  - Feelings of Worthlessness: 1.0
  - Concentration Difficulties: 3.0
  - Suicidal Thoughts: 0.0

Respondent 131:
- Year of birth: 2003.0
- Gender: 1.0
- Socio-economic status: 2.0
- Ethnic identity: 6.0
- Parental Education:
  - Father: 11.0
  - Mother: 14.0
- Life satisfaction: 8.0
- Happiness: 6.0
- Laughter: 7.0
- Learning: 8.0
- Enjoyment: 8.0
- Worry: 2.0
- Depression: 2.0
- Anger: 4.0
- Stress: 3.0
- Loneliness: 7.0
- Emotional Regulation Frequency:
  - Upset by Unexpected Events: 3.0
  - Unable to Control Important Things: 4.0
  - Lacked Confidence Handling Problems: 2.0
  - Unable to Cope: 4.0
  - Irritated by Life: 1.0
  - On Top of Things: 2.0
- Anxiety Symptoms Frequency:
  - Feeling Nervous or On Edge: 2.0
  - Trouble Relaxing: 2.0
  - Restlessness: 0.0
  - Irritability: 0.0
  - Fear Something Awful Might Happen: 2.0
- Depressive Symptoms Frequency:
  - Anhedonia: 1.0
  - Sleep Problems: 1.0
  - Fatigue: 2.0
  - Appetite Changes: 2.0
  - Feelings of Worthlessness: 1.0
  - Concentration Difficulties: 0.0
  - Suicidal Thoughts: 0.0
",6,"How many respondents are there?

DATA:

Survey Data
==================================================

Questions:
1. Year of birth: What is your date of birth? [Open-ended]
2. Gender: What is your gender? [MCQ: 1. Male 2. Female]
3. Socio-economic status: What is the socio-economic status of your home? [Likert 1–6: 1 = Very low, 6 = Very high]
4. Ethnic identity: According to your culture, people, or physical features, you are or are recognized as: [MCQ: 1. Indigenous 2. Gypsy 3. Raizal from San Andres, Providencia and Santa Catalina Archipelago 4. Palenquero from San Basilio 5. Black, mulatto (Afro-descendant), Afro-Colombian 6. None of the above]
5. Parental Education: How many years of education did your parents receive? [Open-ended]
   - Father: Father?
   - Mother: Mother?
6. Life satisfaction: In general, how satisfied are you with all aspects of your life? [Likert 0–10: 0 = Not satisfied, 10 = Totally satisfied]
7. Happiness: How happy did you feel yesterday? [Likert 0–10: 0 = At no time, 10 = All the time]
8. Laughter: How much did you laugh yesterday? [Likert 0–10: 0 = At no time, 10 = All the time]
9. Learning: Did you learn new or exciting things yesterday? [Likert 0–10: 0 = At no time, 10 = All the time]
10. Enjoyment: How much did you enjoy the activities you did yesterday? [Likert 0–10: 0 = At no time, 10 = All the time]
11. Worry: How worried did you feel yesterday? [Likert 0–10: 0 = At no time, 10 = All the time]
12. Depression: How depressed did you feel yesterday? [Likert 0–10: 0 = At no time, 10 = All the time]
13. Anger: How angry did you feel yesterday? [Likert 0–10: 0 = At no time, 10 = All the time]
14. Stress: How much stress did you feel yesterday? [Likert 0–10: 0 = At no time, 10 = All the time]
15. Loneliness: How lonely or unsupported did you feel yesterday? [Likert 0–10: 0 = At no time, 10 = All the time]
16. Emotional Regulation Frequency: Next, you will be asked questions about your emotional state. Please answer on a scale of 0 to 4, where 0 is never, 1 is 'almost never', 2 is 'sometimes', 3 is 'fairly often', and 4 is 'very often', how often you experienced the following feelings during the last month: [Likert 0–4]
    - Upset by Unexpected Events: how often have you been upset because of something that happened unexpectedly?
    - Unable to Control Important Things: how often have you felt that you were unable to control the important things in your life?
    - Nervous and Stressed: how often have you felt nervous and stressed?
    - Lacked Confidence Handling Problems: how often have you felt confident about your ability to handle your personal problems?
    - Things Going Your Way: how often have you felt that things were going your way?
    - Unable to Cope: how often have you found that you could not cope with all the things that you had to do?
    - Irritated by Life: how often have you been able to control irritations in your life?
    - On Top of Things: how often have you felt that you were on top of things?
    - Angered by Uncontrollable Events: how often have you been angered because of things that happened that were outside of your control?
    - Felt Overwhelmed: how often have you felt difficulties were piling up so high that you could not overcome them?
17. Anxiety Symptoms Frequency: Next, you will be asked questions about your emotional state. Please answer on a scale of 0 to 3, where 0 is 'Not at all', 1 is 'several days', 2 is 'more than half of the days', and 3 is 'Nearly every day'. Over the last two weeks, how often have you been bothered by the following problems? [Likert 0–3]
    - Feeling Nervous or On Edge: Feeling nervous, anxious, or on edge
    - Uncontrollable Worrying: Not being able to stop or control worrying
    - Excessive Worry: Worrying too much about different things
    - Trouble Relaxing: Trouble relaxing
    - Restlessness: Being so restless that it is hard to sit still
    - Irritability: Becoming easily annoyed or irritable
    - Fear Something Awful Might Happen: Feeling afraid, as if something awful might happen
18. Depressive Symptoms Frequency: Next, you will be asked questions about your emotional state. Please answer on a scale of 0 to 3, where 0 is 'Not at all', 1 is 'several days', 2 is 'more than half of the days', and 3 is 'Nearly every day'. Over the last two weeks, how often have you been bothered by the following problems?
    - Anhedonia: Little interest or pleasure in doing things
    - Depressed Mood: Feeling down, depressed, or hopeless
    - Sleep Problems: Trouble falling or staying asleep, or sleeping too much
    - Fatigue: Feeling tired or having little energy
    - Appetite Changes: Poor appetite or overeating
    - Feelings of Worthlessness: Feeling bad about yourself or that you are a failure or have let yourself or your family down
    - Concentration Difficulties: Trouble concentrating on things, such as reading the newspaper or watching television
    - Psychomotor Changes: Moving or speaking so slowly that other people could have noticed. Or the opposite — being so fidgety or restless that you have been moving around a lot more than usual
    - Suicidal Thoughts: Thoughts that you would be better off dead, or of hurting yourself

Responses:
==================================================

Respondent 119:
- Year of birth: 2004.0
- Gender: 1.0
- Socio-economic status: 1.0
- Ethnic identity: 6.0
- Life satisfaction: 4.0
- Happiness: 8.0
- Laughter: 8.0
- Learning: 8.0
- Enjoyment: 8.0
- Worry: 1.0
- Depression: 1.0
- Anger: 2.0
- Stress: 2.0
- Loneliness: 2.0
- Emotional Regulation Frequency:
  - Upset by Unexpected Events: 2.0
  - Unable to Control Important Things: 2.0
  - Lacked Confidence Handling Problems: 2.0
  - Unable to Cope: 2.0
  - Irritated by Life: 2.0
  - On Top of Things: 2.0
- Anxiety Symptoms Frequency:
  - Feeling Nervous or On Edge: 1.0
  - Trouble Relaxing: 1.0
  - Restlessness: 1.0
  - Irritability: 1.0
  - Fear Something Awful Might Happen: 1.0
- Depressive Symptoms Frequency:
  - Anhedonia: 1.0
  - Sleep Problems: 1.0
  - Fatigue: 1.0
  - Appetite Changes: 0.0
  - Feelings of Worthlessness: 1.0
  - Concentration Difficulties: 0.0
  - Suicidal Thoughts: 0.0

Respondent 116:
- Year of birth: 2004.0
- Gender: 1.0
- Socio-economic status: 5.0
- Ethnic identity: 6.0
- Parental Education:
  - Father: 17.0
  - Mother: 17.0
- Life satisfaction: 8.0
- Happiness: 8.0
- Laughter: 7.0
- Learning: 7.0
- Enjoyment: 9.0
- Worry: 1.0
- Depression: 1.0
- Anger: 2.0
- Stress: 3.0
- Loneliness: 1.0
- Emotional Regulation Frequency:
  - Upset by Unexpected Events: 2.0
  - Unable to Control Important Things: 2.0
  - Lacked Confidence Handling Problems: 3.0
  - Unable to Cope: 2.0
  - Irritated by Life: 3.0
  - On Top of Things: 2.0
- Anxiety Symptoms Frequency:
  - Feeling Nervous or On Edge: 2.0
  - Trouble Relaxing: 1.0
  - Restlessness: 2.0
  - Irritability: 1.0
  - Fear Something Awful Might Happen: 2.0
- Depressive Symptoms Frequency:
  - Anhedonia: 1.0
  - Sleep Problems: 0.0
  - Fatigue: 2.0
  - Appetite Changes: 2.0
  - Feelings of Worthlessness: 1.0
  - Concentration Difficulties: 2.0
  - Suicidal Thoughts: 0.0

Answer: 2

Survey Data
==================================================

Questions:
1. Year of birth: What is your date of birth? [Open-ended]
2. Gender: What is your gender? [MCQ: 1. Male 2. Female]
3. Socio-economic status: What is the socio-economic status of your home? [Likert 1–6: 1 = Very low, 6 = Very high]
4. Ethnic identity: According to your culture, people, or physical features, you are or are recognized as: [MCQ: 1. Indigenous 2. Gypsy 3. Raizal from San Andres, Providencia and Santa Catalina Archipelago 4. Palenquero from San Basilio 5. Black, mulatto (Afro-descendant), Afro-Colombian 6. None of the above]
5. Parental Education: How many years of education did your parents receive? [Open-ended]
   - Father: Father?
   - Mother: Mother?
6. Life satisfaction: In general, how satisfied are you with all aspects of your life? [Likert 0–10: 0 = Not satisfied, 10 = Totally satisfied]
7. Happiness: How happy did you feel yesterday? [Likert 0–10: 0 = At no time, 10 = All the time]
8. Laughter: How much did you laugh yesterday? [Likert 0–10: 0 = At no time, 10 = All the time]
9. Learning: Did you learn new or exciting things yesterday? [Likert 0–10: 0 = At no time, 10 = All the time]
10. Enjoyment: How much did you enjoy the activities you did yesterday? [Likert 0–10: 0 = At no time, 10 = All the time]
11. Worry: How worried did you feel yesterday? [Likert 0–10: 0 = At no time, 10 = All the time]
12. Depression: How depressed did you feel yesterday? [Likert 0–10: 0 = At no time, 10 = All the time]
13. Anger: How angry did you feel yesterday? [Likert 0–10: 0 = At no time, 10 = All the time]
14. Stress: How much stress did you feel yesterday? [Likert 0–10: 0 = At no time, 10 = All the time]
15. Loneliness: How lonely or unsupported did you feel yesterday? [Likert 0–10: 0 = At no time, 10 = All the time]
16. Emotional Regulation Frequency: Next, you will be asked questions about your emotional state. Please answer on a scale of 0 to 4, where 0 is never, 1 is 'almost never', 2 is 'sometimes', 3 is 'fairly often', and 4 is 'very often', how often you experienced the following feelings during the last month: [Likert 0–4]
    - Upset by Unexpected Events: how often have you been upset because of something that happened unexpectedly?
    - Unable to Control Important Things: how often have you felt that you were unable to control the important things in your life?
    - Nervous and Stressed: how often have you felt nervous and stressed?
    - Lacked Confidence Handling Problems: how often have you felt confident about your ability to handle your personal problems?
    - Things Going Your Way: how often have you felt that things were going your way?
    - Unable to Cope: how often have you found that you could not cope with all the things that you had to do?
    - Irritated by Life: how often have you been able to control irritations in your life?
    - On Top of Things: how often have you felt that you were on top of things?
    - Angered by Uncontrollable Events: how often have you been angered because of things that happened that were outside of your control?
    - Felt Overwhelmed: how often have you felt difficulties were piling up so high that you could not overcome them?
17. Anxiety Symptoms Frequency: Next, you will be asked questions about your emotional state. Please answer on a scale of 0 to 3, where 0 is 'Not at all', 1 is 'several days', 2 is 'more than half of the days', and 3 is 'Nearly every day'. Over the last two weeks, how often have you been bothered by the following problems? [Likert 0–3]
    - Feeling Nervous or On Edge: Feeling nervous, anxious, or on edge
    - Uncontrollable Worrying: Not being able to stop or control worrying
    - Excessive Worry: Worrying too much about different things
    - Trouble Relaxing: Trouble relaxing
    - Restlessness: Being so restless that it is hard to sit still
    - Irritability: Becoming easily annoyed or irritable
    - Fear Something Awful Might Happen: Feeling afraid, as if something awful might happen
18. Depressive Symptoms Frequency: Next, you will be asked questions about your emotional state. Please answer on a scale of 0 to 3, where 0 is 'Not at all', 1 is 'several days', 2 is 'more than half of the days', and 3 is 'Nearly every day'. Over the last two weeks, how often have you been bothered by the following problems?
    - Anhedonia: Little interest or pleasure in doing things
    - Depressed Mood: Feeling down, depressed, or hopeless
    - Sleep Problems: Trouble falling or staying asleep, or sleeping too much
    - Fatigue: Feeling tired or having little energy
    - Appetite Changes: Poor appetite or overeating
    - Feelings of Worthlessness: Feeling bad about yourself or that you are a failure or have let yourself or your family down
    - Concentration Difficulties: Trouble concentrating on things, such as reading the newspaper or watching television
    - Psychomotor Changes: Moving or speaking so slowly that other people could have noticed. Or the opposite — being so fidgety or restless that you have been moving around a lot more than usual
    - Suicidal Thoughts: Thoughts that you would be better off dead, or of hurting yourself

Responses:
==================================================

Respondent 21:
- Year of birth: 2005.0
- Gender: 1.0
- Socio-economic status: 2.0
- Ethnic identity: 6.0
- Parental Education:
  - Father: 11.0
- Life satisfaction: 7.0
- Happiness: 7.0
- Laughter: 4.0
- Learning: 9.0
- Enjoyment: 9.0
- Worry: 1.0
- Depression: 0.0
- Anger: 1.0
- Stress: 2.0
- Loneliness: 2.0
- Emotional Regulation Frequency:
  - Upset by Unexpected Events: 1.0
  - Unable to Control Important Things: 2.0
  - Lacked Confidence Handling Problems: 1.0
  - Unable to Cope: 3.0
  - Irritated by Life: 3.0
  - On Top of Things: 2.0
- Anxiety Symptoms Frequency:
  - Feeling Nervous or On Edge: 0.0
  - Trouble Relaxing: 1.0
  - Restlessness: 1.0
  - Irritability: 0.0
  - Fear Something Awful Might Happen: 1.0
- Depressive Symptoms Frequency:
  - Anhedonia: 0.0
  - Sleep Problems: 0.0
  - Fatigue: 1.0
  - Appetite Changes: 0.0
  - Feelings of Worthlessness: 0.0
  - Concentration Difficulties: 0.0
  - Suicidal Thoughts: 0.0

Respondent 116:
- Year of birth: 2004.0
- Gender: 1.0
- Socio-economic status: 5.0
- Ethnic identity: 6.0
- Parental Education:
  - Father: 17.0
  - Mother: 17.0
- Life satisfaction: 8.0
- Happiness: 8.0
- Laughter: 7.0
- Learning: 7.0
- Enjoyment: 9.0
- Worry: 1.0
- Depression: 1.0
- Anger: 2.0
- Stress: 3.0
- Loneliness: 1.0
- Emotional Regulation Frequency:
  - Upset by Unexpected Events: 2.0
  - Unable to Control Important Things: 2.0
  - Lacked Confidence Handling Problems: 3.0
  - Unable to Cope: 2.0
  - Irritated by Life: 3.0
  - On Top of Things: 2.0
- Anxiety Symptoms Frequency:
  - Feeling Nervous or On Edge: 2.0
  - Trouble Relaxing: 1.0
  - Restlessness: 2.0
  - Irritability: 1.0
  - Fear Something Awful Might Happen: 2.0
- Depressive Symptoms Frequency:
  - Anhedonia: 1.0
  - Sleep Problems: 0.0
  - Fatigue: 2.0
  - Appetite Changes: 2.0
  - Feelings of Worthlessness: 1.0
  - Concentration Difficulties: 2.0
  - Suicidal Thoughts: 0.0

Respondent 115:
- Year of birth: 2003.0
- Gender: 1.0
- Socio-economic status: 5.0
- Ethnic identity: 6.0
- Parental Education:
  - Father: 19.0
  - Mother: 23.0
- Life satisfaction: 9.0
- Happiness: 0.0
- Laughter: 0.0
- Learning: 10.0
- Enjoyment: 5.0
- Worry: 3.0
- Depression: 1.0
- Anger: 2.0
- Stress: 4.0
- Loneliness: 9.0
- Emotional Regulation Frequency:
  - Upset by Unexpected Events: 2.0
  - Unable to Control Important Things: 1.0
  - Lacked Confidence Handling Problems: 3.0
  - Unable to Cope: 1.0
  - Irritated by Life: 4.0
  - On Top of Things: 4.0
- Anxiety Symptoms Frequency:
  - Feeling Nervous or On Edge: 3.0
  - Trouble Relaxing: 2.0
  - Restlessness: 2.0
  - Irritability: 1.0
  - Fear Something Awful Might Happen: 3.0
- Depressive Symptoms Frequency:
  - Anhedonia: 1.0
  - Sleep Problems: 0.0
  - Fatigue: 1.0
  - Appetite Changes: 0.0
  - Feelings of Worthlessness: 1.0
  - Concentration Difficulties: 2.0
  - Suicidal Thoughts: 0.0

Respondent 24:
- Year of birth: 2002.0
- Gender: 1.0
- Socio-economic status: 3.0
- Ethnic identity: 6.0
- Life satisfaction: 6.0
- Happiness: 5.0
- Laughter: 4.0
- Learning: 9.0
- Enjoyment: 4.0
- Worry: 0.0
- Depression: 0.0
- Anger: 3.0
- Stress: 2.0
- Loneliness: 10.0
- Emotional Regulation Frequency:
  - Upset by Unexpected Events: 3.0
  - Unable to Control Important Things: 4.0
  - Lacked Confidence Handling Problems: 3.0
  - Unable to Cope: 2.0
  - Irritated by Life: 3.0
  - On Top of Things: 3.0
- Anxiety Symptoms Frequency:
  - Feeling Nervous or On Edge: 1.0
  - Trouble Relaxing: 2.0
  - Restlessness: 2.0
  - Irritability: 0.0
  - Fear Something Awful Might Happen: 1.0
- Depressive Symptoms Frequency:
  - Anhedonia: 1.0
  - Sleep Problems: 2.0
  - Fatigue: 1.0
  - Appetite Changes: 3.0
  - Feelings of Worthlessness: 1.0
  - Concentration Difficulties: 2.0
  - Suicidal Thoughts: 0.0

Respondent 25:
- Year of birth: 2003.0
- Gender: 2.0
- Socio-economic status: 3.0
- Ethnic identity: 1.0
- Life satisfaction: 3.0
- Happiness: 2.0
- Laughter: 1.0
- Learning: 1.0
- Enjoyment: 2.0
- Worry: 0.0
- Depression: 3.0
- Anger: 3.0
- Stress: 3.0
- Loneliness: 8.0
- Emotional Regulation Frequency:
  - Upset by Unexpected Events: 2.0
  - Unable to Control Important Things: 2.0
  - Lacked Confidence Handling Problems: 4.0
  - Unable to Cope: 3.0
  - Irritated by Life: 2.0
  - On Top of Things: 1.0
- Anxiety Symptoms Frequency:
  - Feeling Nervous or On Edge: 3.0
  - Trouble Relaxing: 3.0
  - Restlessness: 3.0
  - Irritability: 3.0
  - Fear Something Awful Might Happen: 2.0
- Depressive Symptoms Frequency:
  - Anhedonia: 3.0
  - Sleep Problems: 0.0
  - Fatigue: 3.0
  - Appetite Changes: 3.0
  - Feelings of Worthlessness: 1.0
  - Concentration Difficulties: 3.0
  - Suicidal Thoughts: 0.0

Respondent 131:
- Year of birth: 2003.0
- Gender: 1.0
- Socio-economic status: 2.0
- Ethnic identity: 6.0
- Parental Education:
  - Father: 11.0
  - Mother: 14.0
- Life satisfaction: 8.0
- Happiness: 6.0
- Laughter: 7.0
- Learning: 8.0
- Enjoyment: 8.0
- Worry: 2.0
- Depression: 2.0
- Anger: 4.0
- Stress: 3.0
- Loneliness: 7.0
- Emotional Regulation Frequency:
  - Upset by Unexpected Events: 3.0
  - Unable to Control Important Things: 4.0
  - Lacked Confidence Handling Problems: 2.0
  - Unable to Cope: 4.0
  - Irritated by Life: 1.0
  - On Top of Things: 2.0
- Anxiety Symptoms Frequency:
  - Feeling Nervous or On Edge: 2.0
  - Trouble Relaxing: 2.0
  - Restlessness: 0.0
  - Irritability: 0.0
  - Fear Something Awful Might Happen: 2.0
- Depressive Symptoms Frequency:
  - Anhedonia: 1.0
  - Sleep Problems: 1.0
  - Fatigue: 2.0
  - Appetite Changes: 2.0
  - Feelings of Worthlessness: 1.0
  - Concentration Difficulties: 0.0
  - Suicidal Thoughts: 0.0

You are a meticulous data analyst AI. Your primary function is to accurately analyze structured data and provide precise, verifiable answers.

You will be given a dataset with two key parts:

A 'questions' section: This is your data dictionary or schema. It is the single source of truth for understanding what each field and score means. Refer to it carefully.

A 'responses' section: This contains the raw data from each individual respondent.

To answer the question correctly, you must first use the 'questions' schema to fully understand the context and meaning of the data points within the 'responses'. Do not rely on any prior knowledge outside of this provided data. Base your entire analysis on the information given.

Provide your final answer directly and concisely. Output must be the human-readable value, not an option code.

Rules:
- For MCQ fields, map any letter codes in the Responses (case-insensitive) to the corresponding option text from the Questions schema, and output only that text. Do NOT include the letter or both.
  Example: If the schema is ""[MCQ: A. Abnormal B. Inconclusive C. Normal]"" and the response is ""a"", output ""Abnormal"".
- For open-ended fields, output the exact text value.
- If the question asks for a count, provide only the number (e.g., ""42"").
- If the question asks for a list of names or IDs, provide a simple comma-separated list (e.g., ""17, 21, 23"").
- Preserve capitalization exactly as in the schema (e.g., output ""Abnormal"", not ""abnormal"" or ""A"").

How many respondents are there?",7,False
case_28,respondent_count,How many respondents are there?,"Survey Data
==================================================

Questions:
1. Year of birth: What is your date of birth? [Open-ended]
2. Gender: What is your gender? [MCQ: 1. Male 2. Female]
3. Socio-economic status: What is the socio-economic status of your home? [Likert 1–6: 1 = Very low, 6 = Very high]
4. Ethnic identity: According to your culture, people, or physical features, you are or are recognized as: [MCQ: 1. Indigenous 2. Gypsy 3. Raizal from San Andres, Providencia and Santa Catalina Archipelago 4. Palenquero from San Basilio 5. Black, mulatto (Afro-descendant), Afro-Colombian 6. None of the above]
5. Parental Education: How many years of education did your parents receive? [Open-ended]
   - Father: Father?
   - Mother: Mother?
6. Life satisfaction: In general, how satisfied are you with all aspects of your life? [Likert 0–10: 0 = Not satisfied, 10 = Totally satisfied]
7. Happiness: How happy did you feel yesterday? [Likert 0–10: 0 = At no time, 10 = All the time]
8. Laughter: How much did you laugh yesterday? [Likert 0–10: 0 = At no time, 10 = All the time]
9. Learning: Did you learn new or exciting things yesterday? [Likert 0–10: 0 = At no time, 10 = All the time]
10. Enjoyment: How much did you enjoy the activities you did yesterday? [Likert 0–10: 0 = At no time, 10 = All the time]
11. Worry: How worried did you feel yesterday? [Likert 0–10: 0 = At no time, 10 = All the time]
12. Depression: How depressed did you feel yesterday? [Likert 0–10: 0 = At no time, 10 = All the time]
13. Anger: How angry did you feel yesterday? [Likert 0–10: 0 = At no time, 10 = All the time]
14. Stress: How much stress did you feel yesterday? [Likert 0–10: 0 = At no time, 10 = All the time]
15. Loneliness: How lonely or unsupported did you feel yesterday? [Likert 0–10: 0 = At no time, 10 = All the time]
16. Emotional Regulation Frequency: Next, you will be asked questions about your emotional state. Please answer on a scale of 0 to 4, where 0 is never, 1 is 'almost never', 2 is 'sometimes', 3 is 'fairly often', and 4 is 'very often', how often you experienced the following feelings during the last month: [Likert 0–4]
    - Upset by Unexpected Events: how often have you been upset because of something that happened unexpectedly?
    - Unable to Control Important Things: how often have you felt that you were unable to control the important things in your life?
    - Nervous and Stressed: how often have you felt nervous and stressed?
    - Lacked Confidence Handling Problems: how often have you felt confident about your ability to handle your personal problems?
    - Things Going Your Way: how often have you felt that things were going your way?
    - Unable to Cope: how often have you found that you could not cope with all the things that you had to do?
    - Irritated by Life: how often have you been able to control irritations in your life?
    - On Top of Things: how often have you felt that you were on top of things?
    - Angered by Uncontrollable Events: how often have you been angered because of things that happened that were outside of your control?
    - Felt Overwhelmed: how often have you felt difficulties were piling up so high that you could not overcome them?
17. Anxiety Symptoms Frequency: Next, you will be asked questions about your emotional state. Please answer on a scale of 0 to 3, where 0 is 'Not at all', 1 is 'several days', 2 is 'more than half of the days', and 3 is 'Nearly every day'. Over the last two weeks, how often have you been bothered by the following problems? [Likert 0–3]
    - Feeling Nervous or On Edge: Feeling nervous, anxious, or on edge
    - Uncontrollable Worrying: Not being able to stop or control worrying
    - Excessive Worry: Worrying too much about different things
    - Trouble Relaxing: Trouble relaxing
    - Restlessness: Being so restless that it is hard to sit still
    - Irritability: Becoming easily annoyed or irritable
    - Fear Something Awful Might Happen: Feeling afraid, as if something awful might happen
18. Depressive Symptoms Frequency: Next, you will be asked questions about your emotional state. Please answer on a scale of 0 to 3, where 0 is 'Not at all', 1 is 'several days', 2 is 'more than half of the days', and 3 is 'Nearly every day'. Over the last two weeks, how often have you been bothered by the following problems?
    - Anhedonia: Little interest or pleasure in doing things
    - Depressed Mood: Feeling down, depressed, or hopeless
    - Sleep Problems: Trouble falling or staying asleep, or sleeping too much
    - Fatigue: Feeling tired or having little energy
    - Appetite Changes: Poor appetite or overeating
    - Feelings of Worthlessness: Feeling bad about yourself or that you are a failure or have let yourself or your family down
    - Concentration Difficulties: Trouble concentrating on things, such as reading the newspaper or watching television
    - Psychomotor Changes: Moving or speaking so slowly that other people could have noticed. Or the opposite — being so fidgety or restless that you have been moving around a lot more than usual
    - Suicidal Thoughts: Thoughts that you would be better off dead, or of hurting yourself

Responses:
==================================================

Respondent 34:
- Year of birth: 1999.0
- Gender: 2.0
- Socio-economic status: 4.0
- Ethnic identity: 6.0
- Parental Education:
  - Father: 18.0
  - Mother: 18.0
- Life satisfaction: 8.0
- Happiness: 6.0
- Laughter: 7.0
- Learning: 5.0
- Enjoyment: 9.0
- Worry: 1.0
- Depression: 1.0
- Anger: 1.0
- Stress: 4.0
- Loneliness: 0.0
- Emotional Regulation Frequency:
  - Upset by Unexpected Events: 3.0
  - Unable to Control Important Things: 3.0
  - Lacked Confidence Handling Problems: 2.0
  - Unable to Cope: 2.0
  - Irritated by Life: 3.0
  - On Top of Things: 2.0
- Anxiety Symptoms Frequency:
  - Feeling Nervous or On Edge: 2.0
  - Trouble Relaxing: 1.0
  - Restlessness: 0.0
  - Irritability: 0.0
  - Fear Something Awful Might Happen: 0.0
- Depressive Symptoms Frequency:
  - Anhedonia: 0.0
  - Sleep Problems: 0.0
  - Fatigue: 1.0
  - Appetite Changes: 0.0
  - Feelings of Worthlessness: 1.0
  - Concentration Difficulties: 0.0
  - Suicidal Thoughts: 0.0

Respondent 53:
- Year of birth: 2002.0
- Gender: 2.0
- Socio-economic status: 3.0
- Ethnic identity: 5.0
- Parental Education:
  - Father: 11.0
  - Mother: 20.0
- Life satisfaction: 4.0
- Happiness: 6.0
- Laughter: 9.0
- Learning: 8.0
- Enjoyment: 5.0
- Worry: 2.0
- Depression: 2.0
- Anger: 3.0
- Stress: 4.0
- Loneliness: 10.0
- Emotional Regulation Frequency:
  - Upset by Unexpected Events: 3.0
  - Unable to Control Important Things: 2.0
  - Lacked Confidence Handling Problems: 3.0
  - Unable to Cope: 2.0
  - Irritated by Life: 2.0
  - On Top of Things: 1.0
- Anxiety Symptoms Frequency:
  - Feeling Nervous or On Edge: 1.0
  - Trouble Relaxing: 2.0
  - Restlessness: 2.0
  - Irritability: 2.0
  - Fear Something Awful Might Happen: 1.0
- Depressive Symptoms Frequency:
  - Anhedonia: 3.0
  - Sleep Problems: 3.0
  - Fatigue: 3.0
  - Appetite Changes: 1.0
  - Feelings of Worthlessness: 1.0
  - Concentration Difficulties: 0.0
  - Suicidal Thoughts: 1.0

Respondent 24:
- Year of birth: 2002.0
- Gender: 1.0
- Socio-economic status: 3.0
- Ethnic identity: 6.0
- Life satisfaction: 6.0
- Happiness: 5.0
- Laughter: 4.0
- Learning: 9.0
- Enjoyment: 4.0
- Worry: 0.0
- Depression: 0.0
- Anger: 3.0
- Stress: 2.0
- Loneliness: 10.0
- Emotional Regulation Frequency:
  - Upset by Unexpected Events: 3.0
  - Unable to Control Important Things: 4.0
  - Lacked Confidence Handling Problems: 3.0
  - Unable to Cope: 2.0
  - Irritated by Life: 3.0
  - On Top of Things: 3.0
- Anxiety Symptoms Frequency:
  - Feeling Nervous or On Edge: 1.0
  - Trouble Relaxing: 2.0
  - Restlessness: 2.0
  - Irritability: 0.0
  - Fear Something Awful Might Happen: 1.0
- Depressive Symptoms Frequency:
  - Anhedonia: 1.0
  - Sleep Problems: 2.0
  - Fatigue: 1.0
  - Appetite Changes: 3.0
  - Feelings of Worthlessness: 1.0
  - Concentration Difficulties: 2.0
  - Suicidal Thoughts: 0.0

Respondent 61:
- Year of birth: 2003.0
- Gender: 1.0
- Socio-economic status: 6.0
- Ethnic identity: 6.0
- Life satisfaction: 10.0
- Happiness: 8.0
- Laughter: 8.0
- Learning: 3.0
- Enjoyment: 9.0
- Worry: 1.0
- Depression: 0.0
- Anger: 3.0
- Stress: 2.0
- Loneliness: 0.0
- Emotional Regulation Frequency:
  - Upset by Unexpected Events: 2.0
  - Unable to Control Important Things: 1.0
  - Lacked Confidence Handling Problems: 3.0
  - Unable to Cope: 1.0
  - Irritated by Life: 3.0
  - On Top of Things: 3.0
- Anxiety Symptoms Frequency:
  - Feeling Nervous or On Edge: 1.0
  - Trouble Relaxing: 0.0
  - Restlessness: 0.0
  - Irritability: 0.0
  - Fear Something Awful Might Happen: 1.0
- Depressive Symptoms Frequency:
  - Anhedonia: 1.0
  - Sleep Problems: 2.0
  - Fatigue: 0.0
  - Appetite Changes: 0.0
  - Feelings of Worthlessness: 0.0
  - Concentration Difficulties: 1.0
  - Suicidal Thoughts: 0.0

Respondent 21:
- Year of birth: 2005.0
- Gender: 1.0
- Socio-economic status: 2.0
- Ethnic identity: 6.0
- Parental Education:
  - Father: 11.0
- Life satisfaction: 7.0
- Happiness: 7.0
- Laughter: 4.0
- Learning: 9.0
- Enjoyment: 9.0
- Worry: 1.0
- Depression: 0.0
- Anger: 1.0
- Stress: 2.0
- Loneliness: 2.0
- Emotional Regulation Frequency:
  - Upset by Unexpected Events: 1.0
  - Unable to Control Important Things: 2.0
  - Lacked Confidence Handling Problems: 1.0
  - Unable to Cope: 3.0
  - Irritated by Life: 3.0
  - On Top of Things: 2.0
- Anxiety Symptoms Frequency:
  - Feeling Nervous or On Edge: 0.0
  - Trouble Relaxing: 1.0
  - Restlessness: 1.0
  - Irritability: 0.0
  - Fear Something Awful Might Happen: 1.0
- Depressive Symptoms Frequency:
  - Anhedonia: 0.0
  - Sleep Problems: 0.0
  - Fatigue: 1.0
  - Appetite Changes: 0.0
  - Feelings of Worthlessness: 0.0
  - Concentration Difficulties: 0.0
  - Suicidal Thoughts: 0.0

Respondent 123:
- Year of birth: 2001.0
- Gender: 2.0
- Socio-economic status: 3.0
- Ethnic identity: 6.0
- Parental Education:
  - Father: 11.0
- Life satisfaction: 7.0
- Happiness: 8.0
- Laughter: 10.0
- Learning: 10.0
- Enjoyment: 10.0
- Worry: 3.0
- Depression: 1.0
- Anger: 4.0
- Stress: 4.0
- Loneliness: 1.0
- Emotional Regulation Frequency:
  - Upset by Unexpected Events: 4.0
  - Unable to Control Important Things: 3.0
  - Lacked Confidence Handling Problems: 2.0
  - Unable to Cope: 3.0
  - Irritated by Life: 2.0
  - On Top of Things: 2.0
- Anxiety Symptoms Frequency:
  - Feeling Nervous or On Edge: 2.0
  - Trouble Relaxing: 2.0
  - Restlessness: 0.0
  - Irritability: 3.0
  - Fear Something Awful Might Happen: 3.0
- Depressive Symptoms Frequency:
  - Anhedonia: 0.0
  - Sleep Problems: 1.0
  - Fatigue: 2.0
  - Appetite Changes: 0.0
  - Feelings of Worthlessness: 2.0
  - Concentration Difficulties: 1.0
  - Suicidal Thoughts: 1.0

Respondent 150:
- Year of birth: 2005.0
- Gender: 2.0
- Socio-economic status: 3.0
- Ethnic identity: 6.0
- Life satisfaction: 7.0
- Happiness: 9.0
- Laughter: 8.0
- Learning: 8.0
- Enjoyment: 9.0
- Worry: 1.0
- Depression: 1.0
- Anger: 3.0
- Stress: 3.0
- Loneliness: 3.0
- Emotional Regulation Frequency:
  - Upset by Unexpected Events: 3.0
  - Unable to Control Important Things: 2.0
  - Lacked Confidence Handling Problems: 2.0
  - Unable to Cope: 2.0
  - Irritated by Life: 3.0
  - On Top of Things: 2.0
- Anxiety Symptoms Frequency:
  - Feeling Nervous or On Edge: 1.0
  - Trouble Relaxing: 1.0
  - Restlessness: 0.0
  - Irritability: 1.0
  - Fear Something Awful Might Happen: 1.0
- Depressive Symptoms Frequency:
  - Anhedonia: 1.0
  - Sleep Problems: 3.0
  - Fatigue: 2.0
  - Appetite Changes: 1.0
  - Feelings of Worthlessness: 1.0
  - Concentration Difficulties: 0.0
  - Suicidal Thoughts: 0.0

Respondent 52:
- Year of birth: 2005.0
- Gender: 1.0
- Socio-economic status: 1.0
- Ethnic identity: 6.0
- Parental Education:
  - Father: 12.0
  - Mother: 12.0
- Life satisfaction: 8.0
- Happiness: 8.0
- Laughter: 8.0
- Learning: 5.0
- Enjoyment: 5.0
- Worry: 1.0
- Depression: 0.0
- Anger: 2.0
- Stress: 2.0
- Loneliness: 1.0
- Emotional Regulation Frequency:
  - Upset by Unexpected Events: 2.0
  - Unable to Control Important Things: 1.0
  - Lacked Confidence Handling Problems: 3.0
  - Unable to Cope: 2.0
  - Irritated by Life: 3.0
  - On Top of Things: 2.0
- Anxiety Symptoms Frequency:
  - Feeling Nervous or On Edge: 0.0
  - Trouble Relaxing: 0.0
  - Restlessness: 0.0
  - Irritability: 0.0
  - Fear Something Awful Might Happen: 0.0
- Depressive Symptoms Frequency:
  - Anhedonia: 1.0
  - Sleep Problems: 0.0
  - Fatigue: 1.0
  - Appetite Changes: 0.0
  - Feelings of Worthlessness: 1.0
  - Concentration Difficulties: 1.0
  - Suicidal Thoughts: 0.0

Respondent 6:
- Year of birth: 2001.0
- Gender: 1.0
- Socio-economic status: 5.0
- Ethnic identity: 6.0
- Parental Education:
  - Father: 22.0
  - Mother: 25.0
- Life satisfaction: 6.0
- Happiness: 8.0
- Laughter: 6.0
- Learning: 5.0
- Enjoyment: 9.0
- Worry: 2.0
- Depression: 0.0
- Anger: 1.0
- Stress: 1.0
- Loneliness: 1.0
- Emotional Regulation Frequency:
  - Upset by Unexpected Events: 2.0
  - Unable to Control Important Things: 2.0
  - Lacked Confidence Handling Problems: 3.0
  - Unable to Cope: 2.0
  - Irritated by Life: 3.0
  - On Top of Things: 3.0
- Anxiety Symptoms Frequency:
  - Feeling Nervous or On Edge: 1.0
  - Trouble Relaxing: 1.0
  - Restlessness: 1.0
  - Irritability: 1.0
  - Fear Something Awful Might Happen: 0.0
- Depressive Symptoms Frequency:
  - Anhedonia: 0.0
  - Sleep Problems: 1.0
  - Fatigue: 0.0
  - Appetite Changes: 0.0
  - Feelings of Worthlessness: 0.0
  - Concentration Difficulties: 1.0
  - Suicidal Thoughts: 0.0
",9,"How many respondents are there?

DATA:

Survey Data
==================================================

Questions:
1. Year of birth: What is your date of birth? [Open-ended]
2. Gender: What is your gender? [MCQ: 1. Male 2. Female]
3. Socio-economic status: What is the socio-economic status of your home? [Likert 1–6: 1 = Very low, 6 = Very high]
4. Ethnic identity: According to your culture, people, or physical features, you are or are recognized as: [MCQ: 1. Indigenous 2. Gypsy 3. Raizal from San Andres, Providencia and Santa Catalina Archipelago 4. Palenquero from San Basilio 5. Black, mulatto (Afro-descendant), Afro-Colombian 6. None of the above]
5. Parental Education: How many years of education did your parents receive? [Open-ended]
   - Father: Father?
   - Mother: Mother?
6. Life satisfaction: In general, how satisfied are you with all aspects of your life? [Likert 0–10: 0 = Not satisfied, 10 = Totally satisfied]
7. Happiness: How happy did you feel yesterday? [Likert 0–10: 0 = At no time, 10 = All the time]
8. Laughter: How much did you laugh yesterday? [Likert 0–10: 0 = At no time, 10 = All the time]
9. Learning: Did you learn new or exciting things yesterday? [Likert 0–10: 0 = At no time, 10 = All the time]
10. Enjoyment: How much did you enjoy the activities you did yesterday? [Likert 0–10: 0 = At no time, 10 = All the time]
11. Worry: How worried did you feel yesterday? [Likert 0–10: 0 = At no time, 10 = All the time]
12. Depression: How depressed did you feel yesterday? [Likert 0–10: 0 = At no time, 10 = All the time]
13. Anger: How angry did you feel yesterday? [Likert 0–10: 0 = At no time, 10 = All the time]
14. Stress: How much stress did you feel yesterday? [Likert 0–10: 0 = At no time, 10 = All the time]
15. Loneliness: How lonely or unsupported did you feel yesterday? [Likert 0–10: 0 = At no time, 10 = All the time]
16. Emotional Regulation Frequency: Next, you will be asked questions about your emotional state. Please answer on a scale of 0 to 4, where 0 is never, 1 is 'almost never', 2 is 'sometimes', 3 is 'fairly often', and 4 is 'very often', how often you experienced the following feelings during the last month: [Likert 0–4]
    - Upset by Unexpected Events: how often have you been upset because of something that happened unexpectedly?
    - Unable to Control Important Things: how often have you felt that you were unable to control the important things in your life?
    - Nervous and Stressed: how often have you felt nervous and stressed?
    - Lacked Confidence Handling Problems: how often have you felt confident about your ability to handle your personal problems?
    - Things Going Your Way: how often have you felt that things were going your way?
    - Unable to Cope: how often have you found that you could not cope with all the things that you had to do?
    - Irritated by Life: how often have you been able to control irritations in your life?
    - On Top of Things: how often have you felt that you were on top of things?
    - Angered by Uncontrollable Events: how often have you been angered because of things that happened that were outside of your control?
    - Felt Overwhelmed: how often have you felt difficulties were piling up so high that you could not overcome them?
17. Anxiety Symptoms Frequency: Next, you will be asked questions about your emotional state. Please answer on a scale of 0 to 3, where 0 is 'Not at all', 1 is 'several days', 2 is 'more than half of the days', and 3 is 'Nearly every day'. Over the last two weeks, how often have you been bothered by the following problems? [Likert 0–3]
    - Feeling Nervous or On Edge: Feeling nervous, anxious, or on edge
    - Uncontrollable Worrying: Not being able to stop or control worrying
    - Excessive Worry: Worrying too much about different things
    - Trouble Relaxing: Trouble relaxing
    - Restlessness: Being so restless that it is hard to sit still
    - Irritability: Becoming easily annoyed or irritable
    - Fear Something Awful Might Happen: Feeling afraid, as if something awful might happen
18. Depressive Symptoms Frequency: Next, you will be asked questions about your emotional state. Please answer on a scale of 0 to 3, where 0 is 'Not at all', 1 is 'several days', 2 is 'more than half of the days', and 3 is 'Nearly every day'. Over the last two weeks, how often have you been bothered by the following problems?
    - Anhedonia: Little interest or pleasure in doing things
    - Depressed Mood: Feeling down, depressed, or hopeless
    - Sleep Problems: Trouble falling or staying asleep, or sleeping too much
    - Fatigue: Feeling tired or having little energy
    - Appetite Changes: Poor appetite or overeating
    - Feelings of Worthlessness: Feeling bad about yourself or that you are a failure or have let yourself or your family down
    - Concentration Difficulties: Trouble concentrating on things, such as reading the newspaper or watching television
    - Psychomotor Changes: Moving or speaking so slowly that other people could have noticed. Or the opposite — being so fidgety or restless that you have been moving around a lot more than usual
    - Suicidal Thoughts: Thoughts that you would be better off dead, or of hurting yourself

Responses:
==================================================

Respondent 119:
- Year of birth: 2004.0
- Gender: 1.0
- Socio-economic status: 1.0
- Ethnic identity: 6.0
- Life satisfaction: 4.0
- Happiness: 8.0
- Laughter: 8.0
- Learning: 8.0
- Enjoyment: 8.0
- Worry: 1.0
- Depression: 1.0
- Anger: 2.0
- Stress: 2.0
- Loneliness: 2.0
- Emotional Regulation Frequency:
  - Upset by Unexpected Events: 2.0
  - Unable to Control Important Things: 2.0
  - Lacked Confidence Handling Problems: 2.0
  - Unable to Cope: 2.0
  - Irritated by Life: 2.0
  - On Top of Things: 2.0
- Anxiety Symptoms Frequency:
  - Feeling Nervous or On Edge: 1.0
  - Trouble Relaxing: 1.0
  - Restlessness: 1.0
  - Irritability: 1.0
  - Fear Something Awful Might Happen: 1.0
- Depressive Symptoms Frequency:
  - Anhedonia: 1.0
  - Sleep Problems: 1.0
  - Fatigue: 1.0
  - Appetite Changes: 0.0
  - Feelings of Worthlessness: 1.0
  - Concentration Difficulties: 0.0
  - Suicidal Thoughts: 0.0

Respondent 116:
- Year of birth: 2004.0
- Gender: 1.0
- Socio-economic status: 5.0
- Ethnic identity: 6.0
- Parental Education:
  - Father: 17.0
  - Mother: 17.0
- Life satisfaction: 8.0
- Happiness: 8.0
- Laughter: 7.0
- Learning: 7.0
- Enjoyment: 9.0
- Worry: 1.0
- Depression: 1.0
- Anger: 2.0
- Stress: 3.0
- Loneliness: 1.0
- Emotional Regulation Frequency:
  - Upset by Unexpected Events: 2.0
  - Unable to Control Important Things: 2.0
  - Lacked Confidence Handling Problems: 3.0
  - Unable to Cope: 2.0
  - Irritated by Life: 3.0
  - On Top of Things: 2.0
- Anxiety Symptoms Frequency:
  - Feeling Nervous or On Edge: 2.0
  - Trouble Relaxing: 1.0
  - Restlessness: 2.0
  - Irritability: 1.0
  - Fear Something Awful Might Happen: 2.0
- Depressive Symptoms Frequency:
  - Anhedonia: 1.0
  - Sleep Problems: 0.0
  - Fatigue: 2.0
  - Appetite Changes: 2.0
  - Feelings of Worthlessness: 1.0
  - Concentration Difficulties: 2.0
  - Suicidal Thoughts: 0.0

Answer: 2

Survey Data
==================================================

Questions:
1. Year of birth: What is your date of birth? [Open-ended]
2. Gender: What is your gender? [MCQ: 1. Male 2. Female]
3. Socio-economic status: What is the socio-economic status of your home? [Likert 1–6: 1 = Very low, 6 = Very high]
4. Ethnic identity: According to your culture, people, or physical features, you are or are recognized as: [MCQ: 1. Indigenous 2. Gypsy 3. Raizal from San Andres, Providencia and Santa Catalina Archipelago 4. Palenquero from San Basilio 5. Black, mulatto (Afro-descendant), Afro-Colombian 6. None of the above]
5. Parental Education: How many years of education did your parents receive? [Open-ended]
   - Father: Father?
   - Mother: Mother?
6. Life satisfaction: In general, how satisfied are you with all aspects of your life? [Likert 0–10: 0 = Not satisfied, 10 = Totally satisfied]
7. Happiness: How happy did you feel yesterday? [Likert 0–10: 0 = At no time, 10 = All the time]
8. Laughter: How much did you laugh yesterday? [Likert 0–10: 0 = At no time, 10 = All the time]
9. Learning: Did you learn new or exciting things yesterday? [Likert 0–10: 0 = At no time, 10 = All the time]
10. Enjoyment: How much did you enjoy the activities you did yesterday? [Likert 0–10: 0 = At no time, 10 = All the time]
11. Worry: How worried did you feel yesterday? [Likert 0–10: 0 = At no time, 10 = All the time]
12. Depression: How depressed did you feel yesterday? [Likert 0–10: 0 = At no time, 10 = All the time]
13. Anger: How angry did you feel yesterday? [Likert 0–10: 0 = At no time, 10 = All the time]
14. Stress: How much stress did you feel yesterday? [Likert 0–10: 0 = At no time, 10 = All the time]
15. Loneliness: How lonely or unsupported did you feel yesterday? [Likert 0–10: 0 = At no time, 10 = All the time]
16. Emotional Regulation Frequency: Next, you will be asked questions about your emotional state. Please answer on a scale of 0 to 4, where 0 is never, 1 is 'almost never', 2 is 'sometimes', 3 is 'fairly often', and 4 is 'very often', how often you experienced the following feelings during the last month: [Likert 0–4]
    - Upset by Unexpected Events: how often have you been upset because of something that happened unexpectedly?
    - Unable to Control Important Things: how often have you felt that you were unable to control the important things in your life?
    - Nervous and Stressed: how often have you felt nervous and stressed?
    - Lacked Confidence Handling Problems: how often have you felt confident about your ability to handle your personal problems?
    - Things Going Your Way: how often have you felt that things were going your way?
    - Unable to Cope: how often have you found that you could not cope with all the things that you had to do?
    - Irritated by Life: how often have you been able to control irritations in your life?
    - On Top of Things: how often have you felt that you were on top of things?
    - Angered by Uncontrollable Events: how often have you been angered because of things that happened that were outside of your control?
    - Felt Overwhelmed: how often have you felt difficulties were piling up so high that you could not overcome them?
17. Anxiety Symptoms Frequency: Next, you will be asked questions about your emotional state. Please answer on a scale of 0 to 3, where 0 is 'Not at all', 1 is 'several days', 2 is 'more than half of the days', and 3 is 'Nearly every day'. Over the last two weeks, how often have you been bothered by the following problems? [Likert 0–3]
    - Feeling Nervous or On Edge: Feeling nervous, anxious, or on edge
    - Uncontrollable Worrying: Not being able to stop or control worrying
    - Excessive Worry: Worrying too much about different things
    - Trouble Relaxing: Trouble relaxing
    - Restlessness: Being so restless that it is hard to sit still
    - Irritability: Becoming easily annoyed or irritable
    - Fear Something Awful Might Happen: Feeling afraid, as if something awful might happen
18. Depressive Symptoms Frequency: Next, you will be asked questions about your emotional state. Please answer on a scale of 0 to 3, where 0 is 'Not at all', 1 is 'several days', 2 is 'more than half of the days', and 3 is 'Nearly every day'. Over the last two weeks, how often have you been bothered by the following problems?
    - Anhedonia: Little interest or pleasure in doing things
    - Depressed Mood: Feeling down, depressed, or hopeless
    - Sleep Problems: Trouble falling or staying asleep, or sleeping too much
    - Fatigue: Feeling tired or having little energy
    - Appetite Changes: Poor appetite or overeating
    - Feelings of Worthlessness: Feeling bad about yourself or that you are a failure or have let yourself or your family down
    - Concentration Difficulties: Trouble concentrating on things, such as reading the newspaper or watching television
    - Psychomotor Changes: Moving or speaking so slowly that other people could have noticed. Or the opposite — being so fidgety or restless that you have been moving around a lot more than usual
    - Suicidal Thoughts: Thoughts that you would be better off dead, or of hurting yourself

Responses:
==================================================

Respondent 34:
- Year of birth: 1999.0
- Gender: 2.0
- Socio-economic status: 4.0
- Ethnic identity: 6.0
- Parental Education:
  - Father: 18.0
  - Mother: 18.0
- Life satisfaction: 8.0
- Happiness: 6.0
- Laughter: 7.0
- Learning: 5.0
- Enjoyment: 9.0
- Worry: 1.0
- Depression: 1.0
- Anger: 1.0
- Stress: 4.0
- Loneliness: 0.0
- Emotional Regulation Frequency:
  - Upset by Unexpected Events: 3.0
  - Unable to Control Important Things: 3.0
  - Lacked Confidence Handling Problems: 2.0
  - Unable to Cope: 2.0
  - Irritated by Life: 3.0
  - On Top of Things: 2.0
- Anxiety Symptoms Frequency:
  - Feeling Nervous or On Edge: 2.0
  - Trouble Relaxing: 1.0
  - Restlessness: 0.0
  - Irritability: 0.0
  - Fear Something Awful Might Happen: 0.0
- Depressive Symptoms Frequency:
  - Anhedonia: 0.0
  - Sleep Problems: 0.0
  - Fatigue: 1.0
  - Appetite Changes: 0.0
  - Feelings of Worthlessness: 1.0
  - Concentration Difficulties: 0.0
  - Suicidal Thoughts: 0.0

Respondent 53:
- Year of birth: 2002.0
- Gender: 2.0
- Socio-economic status: 3.0
- Ethnic identity: 5.0
- Parental Education:
  - Father: 11.0
  - Mother: 20.0
- Life satisfaction: 4.0
- Happiness: 6.0
- Laughter: 9.0
- Learning: 8.0
- Enjoyment: 5.0
- Worry: 2.0
- Depression: 2.0
- Anger: 3.0
- Stress: 4.0
- Loneliness: 10.0
- Emotional Regulation Frequency:
  - Upset by Unexpected Events: 3.0
  - Unable to Control Important Things: 2.0
  - Lacked Confidence Handling Problems: 3.0
  - Unable to Cope: 2.0
  - Irritated by Life: 2.0
  - On Top of Things: 1.0
- Anxiety Symptoms Frequency:
  - Feeling Nervous or On Edge: 1.0
  - Trouble Relaxing: 2.0
  - Restlessness: 2.0
  - Irritability: 2.0
  - Fear Something Awful Might Happen: 1.0
- Depressive Symptoms Frequency:
  - Anhedonia: 3.0
  - Sleep Problems: 3.0
  - Fatigue: 3.0
  - Appetite Changes: 1.0
  - Feelings of Worthlessness: 1.0
  - Concentration Difficulties: 0.0
  - Suicidal Thoughts: 1.0

Respondent 24:
- Year of birth: 2002.0
- Gender: 1.0
- Socio-economic status: 3.0
- Ethnic identity: 6.0
- Life satisfaction: 6.0
- Happiness: 5.0
- Laughter: 4.0
- Learning: 9.0
- Enjoyment: 4.0
- Worry: 0.0
- Depression: 0.0
- Anger: 3.0
- Stress: 2.0
- Loneliness: 10.0
- Emotional Regulation Frequency:
  - Upset by Unexpected Events: 3.0
  - Unable to Control Important Things: 4.0
  - Lacked Confidence Handling Problems: 3.0
  - Unable to Cope: 2.0
  - Irritated by Life: 3.0
  - On Top of Things: 3.0
- Anxiety Symptoms Frequency:
  - Feeling Nervous or On Edge: 1.0
  - Trouble Relaxing: 2.0
  - Restlessness: 2.0
  - Irritability: 0.0
  - Fear Something Awful Might Happen: 1.0
- Depressive Symptoms Frequency:
  - Anhedonia: 1.0
  - Sleep Problems: 2.0
  - Fatigue: 1.0
  - Appetite Changes: 3.0
  - Feelings of Worthlessness: 1.0
  - Concentration Difficulties: 2.0
  - Suicidal Thoughts: 0.0

Respondent 61:
- Year of birth: 2003.0
- Gender: 1.0
- Socio-economic status: 6.0
- Ethnic identity: 6.0
- Life satisfaction: 10.0
- Happiness: 8.0
- Laughter: 8.0
- Learning: 3.0
- Enjoyment: 9.0
- Worry: 1.0
- Depression: 0.0
- Anger: 3.0
- Stress: 2.0
- Loneliness: 0.0
- Emotional Regulation Frequency:
  - Upset by Unexpected Events: 2.0
  - Unable to Control Important Things: 1.0
  - Lacked Confidence Handling Problems: 3.0
  - Unable to Cope: 1.0
  - Irritated by Life: 3.0
  - On Top of Things: 3.0
- Anxiety Symptoms Frequency:
  - Feeling Nervous or On Edge: 1.0
  - Trouble Relaxing: 0.0
  - Restlessness: 0.0
  - Irritability: 0.0
  - Fear Something Awful Might Happen: 1.0
- Depressive Symptoms Frequency:
  - Anhedonia: 1.0
  - Sleep Problems: 2.0
  - Fatigue: 0.0
  - Appetite Changes: 0.0
  - Feelings of Worthlessness: 0.0
  - Concentration Difficulties: 1.0
  - Suicidal Thoughts: 0.0

Respondent 21:
- Year of birth: 2005.0
- Gender: 1.0
- Socio-economic status: 2.0
- Ethnic identity: 6.0
- Parental Education:
  - Father: 11.0
- Life satisfaction: 7.0
- Happiness: 7.0
- Laughter: 4.0
- Learning: 9.0
- Enjoyment: 9.0
- Worry: 1.0
- Depression: 0.0
- Anger: 1.0
- Stress: 2.0
- Loneliness: 2.0
- Emotional Regulation Frequency:
  - Upset by Unexpected Events: 1.0
  - Unable to Control Important Things: 2.0
  - Lacked Confidence Handling Problems: 1.0
  - Unable to Cope: 3.0
  - Irritated by Life: 3.0
  - On Top of Things: 2.0
- Anxiety Symptoms Frequency:
  - Feeling Nervous or On Edge: 0.0
  - Trouble Relaxing: 1.0
  - Restlessness: 1.0
  - Irritability: 0.0
  - Fear Something Awful Might Happen: 1.0
- Depressive Symptoms Frequency:
  - Anhedonia: 0.0
  - Sleep Problems: 0.0
  - Fatigue: 1.0
  - Appetite Changes: 0.0
  - Feelings of Worthlessness: 0.0
  - Concentration Difficulties: 0.0
  - Suicidal Thoughts: 0.0

Respondent 123:
- Year of birth: 2001.0
- Gender: 2.0
- Socio-economic status: 3.0
- Ethnic identity: 6.0
- Parental Education:
  - Father: 11.0
- Life satisfaction: 7.0
- Happiness: 8.0
- Laughter: 10.0
- Learning: 10.0
- Enjoyment: 10.0
- Worry: 3.0
- Depression: 1.0
- Anger: 4.0
- Stress: 4.0
- Loneliness: 1.0
- Emotional Regulation Frequency:
  - Upset by Unexpected Events: 4.0
  - Unable to Control Important Things: 3.0
  - Lacked Confidence Handling Problems: 2.0
  - Unable to Cope: 3.0
  - Irritated by Life: 2.0
  - On Top of Things: 2.0
- Anxiety Symptoms Frequency:
  - Feeling Nervous or On Edge: 2.0
  - Trouble Relaxing: 2.0
  - Restlessness: 0.0
  - Irritability: 3.0
  - Fear Something Awful Might Happen: 3.0
- Depressive Symptoms Frequency:
  - Anhedonia: 0.0
  - Sleep Problems: 1.0
  - Fatigue: 2.0
  - Appetite Changes: 0.0
  - Feelings of Worthlessness: 2.0
  - Concentration Difficulties: 1.0
  - Suicidal Thoughts: 1.0

Respondent 150:
- Year of birth: 2005.0
- Gender: 2.0
- Socio-economic status: 3.0
- Ethnic identity: 6.0
- Life satisfaction: 7.0
- Happiness: 9.0
- Laughter: 8.0
- Learning: 8.0
- Enjoyment: 9.0
- Worry: 1.0
- Depression: 1.0
- Anger: 3.0
- Stress: 3.0
- Loneliness: 3.0
- Emotional Regulation Frequency:
  - Upset by Unexpected Events: 3.0
  - Unable to Control Important Things: 2.0
  - Lacked Confidence Handling Problems: 2.0
  - Unable to Cope: 2.0
  - Irritated by Life: 3.0
  - On Top of Things: 2.0
- Anxiety Symptoms Frequency:
  - Feeling Nervous or On Edge: 1.0
  - Trouble Relaxing: 1.0
  - Restlessness: 0.0
  - Irritability: 1.0
  - Fear Something Awful Might Happen: 1.0
- Depressive Symptoms Frequency:
  - Anhedonia: 1.0
  - Sleep Problems: 3.0
  - Fatigue: 2.0
  - Appetite Changes: 1.0
  - Feelings of Worthlessness: 1.0
  - Concentration Difficulties: 0.0
  - Suicidal Thoughts: 0.0

Respondent 52:
- Year of birth: 2005.0
- Gender: 1.0
- Socio-economic status: 1.0
- Ethnic identity: 6.0
- Parental Education:
  - Father: 12.0
  - Mother: 12.0
- Life satisfaction: 8.0
- Happiness: 8.0
- Laughter: 8.0
- Learning: 5.0
- Enjoyment: 5.0
- Worry: 1.0
- Depression: 0.0
- Anger: 2.0
- Stress: 2.0
- Loneliness: 1.0
- Emotional Regulation Frequency:
  - Upset by Unexpected Events: 2.0
  - Unable to Control Important Things: 1.0
  - Lacked Confidence Handling Problems: 3.0
  - Unable to Cope: 2.0
  - Irritated by Life: 3.0
  - On Top of Things: 2.0
- Anxiety Symptoms Frequency:
  - Feeling Nervous or On Edge: 0.0
  - Trouble Relaxing: 0.0
  - Restlessness: 0.0
  - Irritability: 0.0
  - Fear Something Awful Might Happen: 0.0
- Depressive Symptoms Frequency:
  - Anhedonia: 1.0
  - Sleep Problems: 0.0
  - Fatigue: 1.0
  - Appetite Changes: 0.0
  - Feelings of Worthlessness: 1.0
  - Concentration Difficulties: 1.0
  - Suicidal Thoughts: 0.0

Respondent 6:
- Year of birth: 2001.0
- Gender: 1.0
- Socio-economic status: 5.0
- Ethnic identity: 6.0
- Parental Education:
  - Father: 22.0
  - Mother: 25.0
- Life satisfaction: 6.0
- Happiness: 8.0
- Laughter: 6.0
- Learning: 5.0
- Enjoyment: 9.0
- Worry: 2.0
- Depression: 0.0
- Anger: 1.0
- Stress: 1.0
- Loneliness: 1.0
- Emotional Regulation Frequency:
  - Upset by Unexpected Events: 2.0
  - Unable to Control Important Things: 2.0
  - Lacked Confidence Handling Problems: 3.0
  - Unable to Cope: 2.0
  - Irritated by Life: 3.0
  - On Top of Things: 3.0
- Anxiety Symptoms Frequency:
  - Feeling Nervous or On Edge: 1.0
  - Trouble Relaxing: 1.0
  - Restlessness: 1.0
  - Irritability: 1.0
  - Fear Something Awful Might Happen: 0.0
- Depressive Symptoms Frequency:
  - Anhedonia: 0.0
  - Sleep Problems: 1.0
  - Fatigue: 0.0
  - Appetite Changes: 0.0
  - Feelings of Worthlessness: 0.0
  - Concentration Difficulties: 1.0
  - Suicidal Thoughts: 0.0

You are a meticulous data analyst AI. Your primary function is to accurately analyze structured data and provide precise, verifiable answers.

You will be given a dataset with two key parts:

A 'questions' section: This is your data dictionary or schema. It is the single source of truth for understanding what each field and score means. Refer to it carefully.

A 'responses' section: This contains the raw data from each individual respondent.

To answer the question correctly, you must first use the 'questions' schema to fully understand the context and meaning of the data points within the 'responses'. Do not rely on any prior knowledge outside of this provided data. Base your entire analysis on the information given.

Provide your final answer directly and concisely. Output must be the human-readable value, not an option code.

Rules:
- For MCQ fields, map any letter codes in the Responses (case-insensitive) to the corresponding option text from the Questions schema, and output only that text. Do NOT include the letter or both.
  Example: If the schema is ""[MCQ: A. Abnormal B. Inconclusive C. Normal]"" and the response is ""a"", output ""Abnormal"".
- For open-ended fields, output the exact text value.
- If the question asks for a count, provide only the number (e.g., ""42"").
- If the question asks for a list of names or IDs, provide a simple comma-separated list (e.g., ""17, 21, 23"").
- Preserve capitalization exactly as in the schema (e.g., output ""Abnormal"", not ""abnormal"" or ""A"").

How many respondents are there?",11,False
case_29,respondent_count,How many respondents are there?,"Survey Data
==================================================

Questions:
1. Year of birth: What is your date of birth? [Open-ended]
2. Gender: What is your gender? [MCQ: 1. Male 2. Female]
3. Socio-economic status: What is the socio-economic status of your home? [Likert 1–6: 1 = Very low, 6 = Very high]
4. Ethnic identity: According to your culture, people, or physical features, you are or are recognized as: [MCQ: 1. Indigenous 2. Gypsy 3. Raizal from San Andres, Providencia and Santa Catalina Archipelago 4. Palenquero from San Basilio 5. Black, mulatto (Afro-descendant), Afro-Colombian 6. None of the above]
5. Parental Education: How many years of education did your parents receive? [Open-ended]
   - Father: Father?
   - Mother: Mother?
6. Life satisfaction: In general, how satisfied are you with all aspects of your life? [Likert 0–10: 0 = Not satisfied, 10 = Totally satisfied]
7. Happiness: How happy did you feel yesterday? [Likert 0–10: 0 = At no time, 10 = All the time]
8. Laughter: How much did you laugh yesterday? [Likert 0–10: 0 = At no time, 10 = All the time]
9. Learning: Did you learn new or exciting things yesterday? [Likert 0–10: 0 = At no time, 10 = All the time]
10. Enjoyment: How much did you enjoy the activities you did yesterday? [Likert 0–10: 0 = At no time, 10 = All the time]
11. Worry: How worried did you feel yesterday? [Likert 0–10: 0 = At no time, 10 = All the time]
12. Depression: How depressed did you feel yesterday? [Likert 0–10: 0 = At no time, 10 = All the time]
13. Anger: How angry did you feel yesterday? [Likert 0–10: 0 = At no time, 10 = All the time]
14. Stress: How much stress did you feel yesterday? [Likert 0–10: 0 = At no time, 10 = All the time]
15. Loneliness: How lonely or unsupported did you feel yesterday? [Likert 0–10: 0 = At no time, 10 = All the time]
16. Emotional Regulation Frequency: Next, you will be asked questions about your emotional state. Please answer on a scale of 0 to 4, where 0 is never, 1 is 'almost never', 2 is 'sometimes', 3 is 'fairly often', and 4 is 'very often', how often you experienced the following feelings during the last month: [Likert 0–4]
    - Upset by Unexpected Events: how often have you been upset because of something that happened unexpectedly?
    - Unable to Control Important Things: how often have you felt that you were unable to control the important things in your life?
    - Nervous and Stressed: how often have you felt nervous and stressed?
    - Lacked Confidence Handling Problems: how often have you felt confident about your ability to handle your personal problems?
    - Things Going Your Way: how often have you felt that things were going your way?
    - Unable to Cope: how often have you found that you could not cope with all the things that you had to do?
    - Irritated by Life: how often have you been able to control irritations in your life?
    - On Top of Things: how often have you felt that you were on top of things?
    - Angered by Uncontrollable Events: how often have you been angered because of things that happened that were outside of your control?
    - Felt Overwhelmed: how often have you felt difficulties were piling up so high that you could not overcome them?
17. Anxiety Symptoms Frequency: Next, you will be asked questions about your emotional state. Please answer on a scale of 0 to 3, where 0 is 'Not at all', 1 is 'several days', 2 is 'more than half of the days', and 3 is 'Nearly every day'. Over the last two weeks, how often have you been bothered by the following problems? [Likert 0–3]
    - Feeling Nervous or On Edge: Feeling nervous, anxious, or on edge
    - Uncontrollable Worrying: Not being able to stop or control worrying
    - Excessive Worry: Worrying too much about different things
    - Trouble Relaxing: Trouble relaxing
    - Restlessness: Being so restless that it is hard to sit still
    - Irritability: Becoming easily annoyed or irritable
    - Fear Something Awful Might Happen: Feeling afraid, as if something awful might happen
18. Depressive Symptoms Frequency: Next, you will be asked questions about your emotional state. Please answer on a scale of 0 to 3, where 0 is 'Not at all', 1 is 'several days', 2 is 'more than half of the days', and 3 is 'Nearly every day'. Over the last two weeks, how often have you been bothered by the following problems?
    - Anhedonia: Little interest or pleasure in doing things
    - Depressed Mood: Feeling down, depressed, or hopeless
    - Sleep Problems: Trouble falling or staying asleep, or sleeping too much
    - Fatigue: Feeling tired or having little energy
    - Appetite Changes: Poor appetite or overeating
    - Feelings of Worthlessness: Feeling bad about yourself or that you are a failure or have let yourself or your family down
    - Concentration Difficulties: Trouble concentrating on things, such as reading the newspaper or watching television
    - Psychomotor Changes: Moving or speaking so slowly that other people could have noticed. Or the opposite — being so fidgety or restless that you have been moving around a lot more than usual
    - Suicidal Thoughts: Thoughts that you would be better off dead, or of hurting yourself

Responses:
==================================================

Respondent 57:
- Year of birth: 2001.0
- Gender: 2.0
- Socio-economic status: 4.0
- Ethnic identity: 6.0
- Parental Education:
  - Father: 14.0
  - Mother: 19.0
- Life satisfaction: 7.0
- Happiness: 8.0
- Laughter: 8.0
- Learning: 4.0
- Enjoyment: 10.0
- Worry: 1.0
- Depression: 1.0
- Anger: 4.0
- Stress: 3.0
- Loneliness: 3.0
- Emotional Regulation Frequency:
  - Upset by Unexpected Events: 3.0
  - Unable to Control Important Things: 3.0
  - Lacked Confidence Handling Problems: 3.0
  - Unable to Cope: 2.0
  - Irritated by Life: 4.0
  - On Top of Things: 2.0
- Anxiety Symptoms Frequency:
  - Feeling Nervous or On Edge: 1.0
  - Trouble Relaxing: 1.0
  - Restlessness: 0.0
  - Irritability: 2.0
  - Fear Something Awful Might Happen: 2.0
- Depressive Symptoms Frequency:
  - Anhedonia: 0.0
  - Sleep Problems: 0.0
  - Fatigue: 1.0
  - Appetite Changes: 1.0
  - Feelings of Worthlessness: 3.0
  - Concentration Difficulties: 3.0
  - Suicidal Thoughts: 2.0

Respondent 27:
- Year of birth: 2003.0
- Gender: 2.0
- Socio-economic status: 3.0
- Ethnic identity: 6.0
- Parental Education:
  - Father: 12.0
- Life satisfaction: 7.0
- Happiness: 10.0
- Laughter: 6.0
- Learning: 4.0
- Enjoyment: 9.0
- Worry: 1.0
- Depression: 0.0
- Anger: 2.0
- Stress: 3.0
- Loneliness: 0.0
- Emotional Regulation Frequency:
  - Upset by Unexpected Events: 2.0
  - Unable to Control Important Things: 2.0
  - Lacked Confidence Handling Problems: 3.0
  - Unable to Cope: 1.0
  - Irritated by Life: 3.0
  - On Top of Things: 1.0
- Anxiety Symptoms Frequency:
  - Feeling Nervous or On Edge: 0.0
  - Trouble Relaxing: 1.0
  - Restlessness: 1.0
  - Irritability: 1.0
  - Fear Something Awful Might Happen: 1.0
- Depressive Symptoms Frequency:
  - Anhedonia: 0.0
  - Sleep Problems: 0.0
  - Fatigue: 0.0
  - Appetite Changes: 0.0
  - Feelings of Worthlessness: 1.0
  - Concentration Difficulties: 1.0
  - Suicidal Thoughts: 0.0
",2,"How many respondents are there?

DATA:

Survey Data
==================================================

Questions:
1. Year of birth: What is your date of birth? [Open-ended]
2. Gender: What is your gender? [MCQ: 1. Male 2. Female]
3. Socio-economic status: What is the socio-economic status of your home? [Likert 1–6: 1 = Very low, 6 = Very high]
4. Ethnic identity: According to your culture, people, or physical features, you are or are recognized as: [MCQ: 1. Indigenous 2. Gypsy 3. Raizal from San Andres, Providencia and Santa Catalina Archipelago 4. Palenquero from San Basilio 5. Black, mulatto (Afro-descendant), Afro-Colombian 6. None of the above]
5. Parental Education: How many years of education did your parents receive? [Open-ended]
   - Father: Father?
   - Mother: Mother?
6. Life satisfaction: In general, how satisfied are you with all aspects of your life? [Likert 0–10: 0 = Not satisfied, 10 = Totally satisfied]
7. Happiness: How happy did you feel yesterday? [Likert 0–10: 0 = At no time, 10 = All the time]
8. Laughter: How much did you laugh yesterday? [Likert 0–10: 0 = At no time, 10 = All the time]
9. Learning: Did you learn new or exciting things yesterday? [Likert 0–10: 0 = At no time, 10 = All the time]
10. Enjoyment: How much did you enjoy the activities you did yesterday? [Likert 0–10: 0 = At no time, 10 = All the time]
11. Worry: How worried did you feel yesterday? [Likert 0–10: 0 = At no time, 10 = All the time]
12. Depression: How depressed did you feel yesterday? [Likert 0–10: 0 = At no time, 10 = All the time]
13. Anger: How angry did you feel yesterday? [Likert 0–10: 0 = At no time, 10 = All the time]
14. Stress: How much stress did you feel yesterday? [Likert 0–10: 0 = At no time, 10 = All the time]
15. Loneliness: How lonely or unsupported did you feel yesterday? [Likert 0–10: 0 = At no time, 10 = All the time]
16. Emotional Regulation Frequency: Next, you will be asked questions about your emotional state. Please answer on a scale of 0 to 4, where 0 is never, 1 is 'almost never', 2 is 'sometimes', 3 is 'fairly often', and 4 is 'very often', how often you experienced the following feelings during the last month: [Likert 0–4]
    - Upset by Unexpected Events: how often have you been upset because of something that happened unexpectedly?
    - Unable to Control Important Things: how often have you felt that you were unable to control the important things in your life?
    - Nervous and Stressed: how often have you felt nervous and stressed?
    - Lacked Confidence Handling Problems: how often have you felt confident about your ability to handle your personal problems?
    - Things Going Your Way: how often have you felt that things were going your way?
    - Unable to Cope: how often have you found that you could not cope with all the things that you had to do?
    - Irritated by Life: how often have you been able to control irritations in your life?
    - On Top of Things: how often have you felt that you were on top of things?
    - Angered by Uncontrollable Events: how often have you been angered because of things that happened that were outside of your control?
    - Felt Overwhelmed: how often have you felt difficulties were piling up so high that you could not overcome them?
17. Anxiety Symptoms Frequency: Next, you will be asked questions about your emotional state. Please answer on a scale of 0 to 3, where 0 is 'Not at all', 1 is 'several days', 2 is 'more than half of the days', and 3 is 'Nearly every day'. Over the last two weeks, how often have you been bothered by the following problems? [Likert 0–3]
    - Feeling Nervous or On Edge: Feeling nervous, anxious, or on edge
    - Uncontrollable Worrying: Not being able to stop or control worrying
    - Excessive Worry: Worrying too much about different things
    - Trouble Relaxing: Trouble relaxing
    - Restlessness: Being so restless that it is hard to sit still
    - Irritability: Becoming easily annoyed or irritable
    - Fear Something Awful Might Happen: Feeling afraid, as if something awful might happen
18. Depressive Symptoms Frequency: Next, you will be asked questions about your emotional state. Please answer on a scale of 0 to 3, where 0 is 'Not at all', 1 is 'several days', 2 is 'more than half of the days', and 3 is 'Nearly every day'. Over the last two weeks, how often have you been bothered by the following problems?
    - Anhedonia: Little interest or pleasure in doing things
    - Depressed Mood: Feeling down, depressed, or hopeless
    - Sleep Problems: Trouble falling or staying asleep, or sleeping too much
    - Fatigue: Feeling tired or having little energy
    - Appetite Changes: Poor appetite or overeating
    - Feelings of Worthlessness: Feeling bad about yourself or that you are a failure or have let yourself or your family down
    - Concentration Difficulties: Trouble concentrating on things, such as reading the newspaper or watching television
    - Psychomotor Changes: Moving or speaking so slowly that other people could have noticed. Or the opposite — being so fidgety or restless that you have been moving around a lot more than usual
    - Suicidal Thoughts: Thoughts that you would be better off dead, or of hurting yourself

Responses:
==================================================

Respondent 119:
- Year of birth: 2004.0
- Gender: 1.0
- Socio-economic status: 1.0
- Ethnic identity: 6.0
- Life satisfaction: 4.0
- Happiness: 8.0
- Laughter: 8.0
- Learning: 8.0
- Enjoyment: 8.0
- Worry: 1.0
- Depression: 1.0
- Anger: 2.0
- Stress: 2.0
- Loneliness: 2.0
- Emotional Regulation Frequency:
  - Upset by Unexpected Events: 2.0
  - Unable to Control Important Things: 2.0
  - Lacked Confidence Handling Problems: 2.0
  - Unable to Cope: 2.0
  - Irritated by Life: 2.0
  - On Top of Things: 2.0
- Anxiety Symptoms Frequency:
  - Feeling Nervous or On Edge: 1.0
  - Trouble Relaxing: 1.0
  - Restlessness: 1.0
  - Irritability: 1.0
  - Fear Something Awful Might Happen: 1.0
- Depressive Symptoms Frequency:
  - Anhedonia: 1.0
  - Sleep Problems: 1.0
  - Fatigue: 1.0
  - Appetite Changes: 0.0
  - Feelings of Worthlessness: 1.0
  - Concentration Difficulties: 0.0
  - Suicidal Thoughts: 0.0

Respondent 116:
- Year of birth: 2004.0
- Gender: 1.0
- Socio-economic status: 5.0
- Ethnic identity: 6.0
- Parental Education:
  - Father: 17.0
  - Mother: 17.0
- Life satisfaction: 8.0
- Happiness: 8.0
- Laughter: 7.0
- Learning: 7.0
- Enjoyment: 9.0
- Worry: 1.0
- Depression: 1.0
- Anger: 2.0
- Stress: 3.0
- Loneliness: 1.0
- Emotional Regulation Frequency:
  - Upset by Unexpected Events: 2.0
  - Unable to Control Important Things: 2.0
  - Lacked Confidence Handling Problems: 3.0
  - Unable to Cope: 2.0
  - Irritated by Life: 3.0
  - On Top of Things: 2.0
- Anxiety Symptoms Frequency:
  - Feeling Nervous or On Edge: 2.0
  - Trouble Relaxing: 1.0
  - Restlessness: 2.0
  - Irritability: 1.0
  - Fear Something Awful Might Happen: 2.0
- Depressive Symptoms Frequency:
  - Anhedonia: 1.0
  - Sleep Problems: 0.0
  - Fatigue: 2.0
  - Appetite Changes: 2.0
  - Feelings of Worthlessness: 1.0
  - Concentration Difficulties: 2.0
  - Suicidal Thoughts: 0.0

Answer: 2

Survey Data
==================================================

Questions:
1. Year of birth: What is your date of birth? [Open-ended]
2. Gender: What is your gender? [MCQ: 1. Male 2. Female]
3. Socio-economic status: What is the socio-economic status of your home? [Likert 1–6: 1 = Very low, 6 = Very high]
4. Ethnic identity: According to your culture, people, or physical features, you are or are recognized as: [MCQ: 1. Indigenous 2. Gypsy 3. Raizal from San Andres, Providencia and Santa Catalina Archipelago 4. Palenquero from San Basilio 5. Black, mulatto (Afro-descendant), Afro-Colombian 6. None of the above]
5. Parental Education: How many years of education did your parents receive? [Open-ended]
   - Father: Father?
   - Mother: Mother?
6. Life satisfaction: In general, how satisfied are you with all aspects of your life? [Likert 0–10: 0 = Not satisfied, 10 = Totally satisfied]
7. Happiness: How happy did you feel yesterday? [Likert 0–10: 0 = At no time, 10 = All the time]
8. Laughter: How much did you laugh yesterday? [Likert 0–10: 0 = At no time, 10 = All the time]
9. Learning: Did you learn new or exciting things yesterday? [Likert 0–10: 0 = At no time, 10 = All the time]
10. Enjoyment: How much did you enjoy the activities you did yesterday? [Likert 0–10: 0 = At no time, 10 = All the time]
11. Worry: How worried did you feel yesterday? [Likert 0–10: 0 = At no time, 10 = All the time]
12. Depression: How depressed did you feel yesterday? [Likert 0–10: 0 = At no time, 10 = All the time]
13. Anger: How angry did you feel yesterday? [Likert 0–10: 0 = At no time, 10 = All the time]
14. Stress: How much stress did you feel yesterday? [Likert 0–10: 0 = At no time, 10 = All the time]
15. Loneliness: How lonely or unsupported did you feel yesterday? [Likert 0–10: 0 = At no time, 10 = All the time]
16. Emotional Regulation Frequency: Next, you will be asked questions about your emotional state. Please answer on a scale of 0 to 4, where 0 is never, 1 is 'almost never', 2 is 'sometimes', 3 is 'fairly often', and 4 is 'very often', how often you experienced the following feelings during the last month: [Likert 0–4]
    - Upset by Unexpected Events: how often have you been upset because of something that happened unexpectedly?
    - Unable to Control Important Things: how often have you felt that you were unable to control the important things in your life?
    - Nervous and Stressed: how often have you felt nervous and stressed?
    - Lacked Confidence Handling Problems: how often have you felt confident about your ability to handle your personal problems?
    - Things Going Your Way: how often have you felt that things were going your way?
    - Unable to Cope: how often have you found that you could not cope with all the things that you had to do?
    - Irritated by Life: how often have you been able to control irritations in your life?
    - On Top of Things: how often have you felt that you were on top of things?
    - Angered by Uncontrollable Events: how often have you been angered because of things that happened that were outside of your control?
    - Felt Overwhelmed: how often have you felt difficulties were piling up so high that you could not overcome them?
17. Anxiety Symptoms Frequency: Next, you will be asked questions about your emotional state. Please answer on a scale of 0 to 3, where 0 is 'Not at all', 1 is 'several days', 2 is 'more than half of the days', and 3 is 'Nearly every day'. Over the last two weeks, how often have you been bothered by the following problems? [Likert 0–3]
    - Feeling Nervous or On Edge: Feeling nervous, anxious, or on edge
    - Uncontrollable Worrying: Not being able to stop or control worrying
    - Excessive Worry: Worrying too much about different things
    - Trouble Relaxing: Trouble relaxing
    - Restlessness: Being so restless that it is hard to sit still
    - Irritability: Becoming easily annoyed or irritable
    - Fear Something Awful Might Happen: Feeling afraid, as if something awful might happen
18. Depressive Symptoms Frequency: Next, you will be asked questions about your emotional state. Please answer on a scale of 0 to 3, where 0 is 'Not at all', 1 is 'several days', 2 is 'more than half of the days', and 3 is 'Nearly every day'. Over the last two weeks, how often have you been bothered by the following problems?
    - Anhedonia: Little interest or pleasure in doing things
    - Depressed Mood: Feeling down, depressed, or hopeless
    - Sleep Problems: Trouble falling or staying asleep, or sleeping too much
    - Fatigue: Feeling tired or having little energy
    - Appetite Changes: Poor appetite or overeating
    - Feelings of Worthlessness: Feeling bad about yourself or that you are a failure or have let yourself or your family down
    - Concentration Difficulties: Trouble concentrating on things, such as reading the newspaper or watching television
    - Psychomotor Changes: Moving or speaking so slowly that other people could have noticed. Or the opposite — being so fidgety or restless that you have been moving around a lot more than usual
    - Suicidal Thoughts: Thoughts that you would be better off dead, or of hurting yourself

Responses:
==================================================

Respondent 57:
- Year of birth: 2001.0
- Gender: 2.0
- Socio-economic status: 4.0
- Ethnic identity: 6.0
- Parental Education:
  - Father: 14.0
  - Mother: 19.0
- Life satisfaction: 7.0
- Happiness: 8.0
- Laughter: 8.0
- Learning: 4.0
- Enjoyment: 10.0
- Worry: 1.0
- Depression: 1.0
- Anger: 4.0
- Stress: 3.0
- Loneliness: 3.0
- Emotional Regulation Frequency:
  - Upset by Unexpected Events: 3.0
  - Unable to Control Important Things: 3.0
  - Lacked Confidence Handling Problems: 3.0
  - Unable to Cope: 2.0
  - Irritated by Life: 4.0
  - On Top of Things: 2.0
- Anxiety Symptoms Frequency:
  - Feeling Nervous or On Edge: 1.0
  - Trouble Relaxing: 1.0
  - Restlessness: 0.0
  - Irritability: 2.0
  - Fear Something Awful Might Happen: 2.0
- Depressive Symptoms Frequency:
  - Anhedonia: 0.0
  - Sleep Problems: 0.0
  - Fatigue: 1.0
  - Appetite Changes: 1.0
  - Feelings of Worthlessness: 3.0
  - Concentration Difficulties: 3.0
  - Suicidal Thoughts: 2.0

Respondent 27:
- Year of birth: 2003.0
- Gender: 2.0
- Socio-economic status: 3.0
- Ethnic identity: 6.0
- Parental Education:
  - Father: 12.0
- Life satisfaction: 7.0
- Happiness: 10.0
- Laughter: 6.0
- Learning: 4.0
- Enjoyment: 9.0
- Worry: 1.0
- Depression: 0.0
- Anger: 2.0
- Stress: 3.0
- Loneliness: 0.0
- Emotional Regulation Frequency:
  - Upset by Unexpected Events: 2.0
  - Unable to Control Important Things: 2.0
  - Lacked Confidence Handling Problems: 3.0
  - Unable to Cope: 1.0
  - Irritated by Life: 3.0
  - On Top of Things: 1.0
- Anxiety Symptoms Frequency:
  - Feeling Nervous or On Edge: 0.0
  - Trouble Relaxing: 1.0
  - Restlessness: 1.0
  - Irritability: 1.0
  - Fear Something Awful Might Happen: 1.0
- Depressive Symptoms Frequency:
  - Anhedonia: 0.0
  - Sleep Problems: 0.0
  - Fatigue: 0.0
  - Appetite Changes: 0.0
  - Feelings of Worthlessness: 1.0
  - Concentration Difficulties: 1.0
  - Suicidal Thoughts: 0.0

You are a meticulous data analyst AI. Your primary function is to accurately analyze structured data and provide precise, verifiable answers.

You will be given a dataset with two key parts:

A 'questions' section: This is your data dictionary or schema. It is the single source of truth for understanding what each field and score means. Refer to it carefully.

A 'responses' section: This contains the raw data from each individual respondent.

To answer the question correctly, you must first use the 'questions' schema to fully understand the context and meaning of the data points within the 'responses'. Do not rely on any prior knowledge outside of this provided data. Base your entire analysis on the information given.

Provide your final answer directly and concisely. Output must be the human-readable value, not an option code.

Rules:
- For MCQ fields, map any letter codes in the Responses (case-insensitive) to the corresponding option text from the Questions schema, and output only that text. Do NOT include the letter or both.
  Example: If the schema is ""[MCQ: A. Abnormal B. Inconclusive C. Normal]"" and the response is ""a"", output ""Abnormal"".
- For open-ended fields, output the exact text value.
- If the question asks for a count, provide only the number (e.g., ""42"").
- If the question asks for a list of names or IDs, provide a simple comma-separated list (e.g., ""17, 21, 23"").
- Preserve capitalization exactly as in the schema (e.g., output ""Abnormal"", not ""abnormal"" or ""A"").

How many respondents are there?",4,False
case_30,respondent_count,How many respondents are there?,"Survey Data
==================================================

Questions:
1. Year of birth: What is your date of birth? [Open-ended]
2. Gender: What is your gender? [MCQ: 1. Male 2. Female]
3. Socio-economic status: What is the socio-economic status of your home? [Likert 1–6: 1 = Very low, 6 = Very high]
4. Ethnic identity: According to your culture, people, or physical features, you are or are recognized as: [MCQ: 1. Indigenous 2. Gypsy 3. Raizal from San Andres, Providencia and Santa Catalina Archipelago 4. Palenquero from San Basilio 5. Black, mulatto (Afro-descendant), Afro-Colombian 6. None of the above]
5. Parental Education: How many years of education did your parents receive? [Open-ended]
   - Father: Father?
   - Mother: Mother?
6. Life satisfaction: In general, how satisfied are you with all aspects of your life? [Likert 0–10: 0 = Not satisfied, 10 = Totally satisfied]
7. Happiness: How happy did you feel yesterday? [Likert 0–10: 0 = At no time, 10 = All the time]
8. Laughter: How much did you laugh yesterday? [Likert 0–10: 0 = At no time, 10 = All the time]
9. Learning: Did you learn new or exciting things yesterday? [Likert 0–10: 0 = At no time, 10 = All the time]
10. Enjoyment: How much did you enjoy the activities you did yesterday? [Likert 0–10: 0 = At no time, 10 = All the time]
11. Worry: How worried did you feel yesterday? [Likert 0–10: 0 = At no time, 10 = All the time]
12. Depression: How depressed did you feel yesterday? [Likert 0–10: 0 = At no time, 10 = All the time]
13. Anger: How angry did you feel yesterday? [Likert 0–10: 0 = At no time, 10 = All the time]
14. Stress: How much stress did you feel yesterday? [Likert 0–10: 0 = At no time, 10 = All the time]
15. Loneliness: How lonely or unsupported did you feel yesterday? [Likert 0–10: 0 = At no time, 10 = All the time]
16. Emotional Regulation Frequency: Next, you will be asked questions about your emotional state. Please answer on a scale of 0 to 4, where 0 is never, 1 is 'almost never', 2 is 'sometimes', 3 is 'fairly often', and 4 is 'very often', how often you experienced the following feelings during the last month: [Likert 0–4]
    - Upset by Unexpected Events: how often have you been upset because of something that happened unexpectedly?
    - Unable to Control Important Things: how often have you felt that you were unable to control the important things in your life?
    - Nervous and Stressed: how often have you felt nervous and stressed?
    - Lacked Confidence Handling Problems: how often have you felt confident about your ability to handle your personal problems?
    - Things Going Your Way: how often have you felt that things were going your way?
    - Unable to Cope: how often have you found that you could not cope with all the things that you had to do?
    - Irritated by Life: how often have you been able to control irritations in your life?
    - On Top of Things: how often have you felt that you were on top of things?
    - Angered by Uncontrollable Events: how often have you been angered because of things that happened that were outside of your control?
    - Felt Overwhelmed: how often have you felt difficulties were piling up so high that you could not overcome them?
17. Anxiety Symptoms Frequency: Next, you will be asked questions about your emotional state. Please answer on a scale of 0 to 3, where 0 is 'Not at all', 1 is 'several days', 2 is 'more than half of the days', and 3 is 'Nearly every day'. Over the last two weeks, how often have you been bothered by the following problems? [Likert 0–3]
    - Feeling Nervous or On Edge: Feeling nervous, anxious, or on edge
    - Uncontrollable Worrying: Not being able to stop or control worrying
    - Excessive Worry: Worrying too much about different things
    - Trouble Relaxing: Trouble relaxing
    - Restlessness: Being so restless that it is hard to sit still
    - Irritability: Becoming easily annoyed or irritable
    - Fear Something Awful Might Happen: Feeling afraid, as if something awful might happen
18. Depressive Symptoms Frequency: Next, you will be asked questions about your emotional state. Please answer on a scale of 0 to 3, where 0 is 'Not at all', 1 is 'several days', 2 is 'more than half of the days', and 3 is 'Nearly every day'. Over the last two weeks, how often have you been bothered by the following problems?
    - Anhedonia: Little interest or pleasure in doing things
    - Depressed Mood: Feeling down, depressed, or hopeless
    - Sleep Problems: Trouble falling or staying asleep, or sleeping too much
    - Fatigue: Feeling tired or having little energy
    - Appetite Changes: Poor appetite or overeating
    - Feelings of Worthlessness: Feeling bad about yourself or that you are a failure or have let yourself or your family down
    - Concentration Difficulties: Trouble concentrating on things, such as reading the newspaper or watching television
    - Psychomotor Changes: Moving or speaking so slowly that other people could have noticed. Or the opposite — being so fidgety or restless that you have been moving around a lot more than usual
    - Suicidal Thoughts: Thoughts that you would be better off dead, or of hurting yourself

Responses:
==================================================

Respondent 54:
- Year of birth: 2005.0
- Gender: 1.0
- Socio-economic status: 5.0
- Ethnic identity: 6.0
- Life satisfaction: 7.0
- Happiness: 9.0
- Laughter: 9.0
- Learning: 9.0
- Enjoyment: 10.0
- Worry: 0.0
- Depression: 0.0
- Anger: 3.0
- Stress: 2.0
- Loneliness: 1.0
- Emotional Regulation Frequency:
  - Upset by Unexpected Events: 1.0
  - Unable to Control Important Things: 0.0
  - Lacked Confidence Handling Problems: 4.0
  - Unable to Cope: 1.0
  - Irritated by Life: 4.0
  - On Top of Things: 4.0
- Anxiety Symptoms Frequency:
  - Feeling Nervous or On Edge: 0.0
  - Trouble Relaxing: 0.0
  - Restlessness: 0.0
  - Irritability: 0.0
  - Fear Something Awful Might Happen: 0.0
- Depressive Symptoms Frequency:
  - Anhedonia: 1.0
  - Sleep Problems: 1.0
  - Fatigue: 1.0
  - Appetite Changes: 0.0
  - Feelings of Worthlessness: 0.0
  - Concentration Difficulties: 1.0
  - Suicidal Thoughts: 0.0

Respondent 79:
- Year of birth: 2004.0
- Gender: 1.0
- Socio-economic status: 6.0
- Ethnic identity: 6.0
- Parental Education:
  - Father: 20.0
  - Mother: 20.0
- Life satisfaction: 5.0
- Happiness: 5.0
- Laughter: 10.0
- Learning: 5.0
- Enjoyment: 3.0
- Worry: 0.0
- Depression: 1.0
- Anger: 1.0
- Stress: 1.0
- Loneliness: 10.0
- Emotional Regulation Frequency:
  - Upset by Unexpected Events: 0.0
  - Unable to Control Important Things: 0.0
  - Lacked Confidence Handling Problems: 0.0
  - Unable to Cope: 2.0
  - Irritated by Life: 3.0
  - On Top of Things: 3.0
- Anxiety Symptoms Frequency:
  - Feeling Nervous or On Edge: 0.0
  - Trouble Relaxing: 0.0
  - Restlessness: 0.0
  - Irritability: 1.0
  - Fear Something Awful Might Happen: 0.0
- Depressive Symptoms Frequency:
  - Anhedonia: 3.0
  - Sleep Problems: 3.0
  - Fatigue: 3.0
  - Appetite Changes: 3.0
  - Feelings of Worthlessness: 3.0
  - Concentration Difficulties: 0.0
  - Suicidal Thoughts: 0.0

Respondent 42:
- Year of birth: 2004.0
- Gender: 2.0
- Socio-economic status: 5.0
- Ethnic identity: 5.0
- Parental Education:
  - Father: 19.0
  - Mother: 28.0
- Life satisfaction: 7.0
- Happiness: 4.0
- Laughter: 9.0
- Learning: 7.0
- Enjoyment: 1.0
- Worry: 3.0
- Depression: 1.0
- Anger: 3.0
- Stress: 4.0
- Loneliness: 10.0
- Emotional Regulation Frequency:
  - Upset by Unexpected Events: 3.0
  - Unable to Control Important Things: 4.0
  - Lacked Confidence Handling Problems: 2.0
  - Unable to Cope: 4.0
  - Irritated by Life: 2.0
  - On Top of Things: 2.0
- Anxiety Symptoms Frequency:
  - Feeling Nervous or On Edge: 2.0
  - Trouble Relaxing: 1.0
  - Restlessness: 1.0
  - Irritability: 2.0
  - Fear Something Awful Might Happen: 3.0
- Depressive Symptoms Frequency:
  - Anhedonia: 3.0
  - Sleep Problems: 2.0
  - Fatigue: 3.0
  - Appetite Changes: 2.0
  - Feelings of Worthlessness: 3.0
  - Concentration Difficulties: 3.0
  - Suicidal Thoughts: 1.0

Respondent 29:
- Year of birth: 2002.0
- Gender: 1.0
- Socio-economic status: 5.0
- Ethnic identity: 6.0
- Parental Education:
  - Father: 11.0
  - Mother: 11.0
- Life satisfaction: 8.0
- Happiness: 10.0
- Laughter: 6.0
- Learning: 6.0
- Enjoyment: 10.0
- Worry: 0.0
- Depression: 0.0
- Anger: 1.0
- Stress: 1.0
- Loneliness: 0.0
- Emotional Regulation Frequency:
  - Upset by Unexpected Events: 1.0
  - Unable to Control Important Things: 1.0
  - Lacked Confidence Handling Problems: 4.0
  - Unable to Cope: 1.0
  - Irritated by Life: 4.0
  - On Top of Things: 4.0
- Anxiety Symptoms Frequency:
  - Feeling Nervous or On Edge: 0.0
  - Trouble Relaxing: 0.0
  - Restlessness: 1.0
  - Irritability: 0.0
  - Fear Something Awful Might Happen: 0.0
- Depressive Symptoms Frequency:
  - Anhedonia: 1.0
  - Sleep Problems: 2.0
  - Fatigue: 0.0
  - Appetite Changes: 1.0
  - Feelings of Worthlessness: 0.0
  - Concentration Difficulties: 0.0
  - Suicidal Thoughts: 0.0
",4,"How many respondents are there?

DATA:

Survey Data
==================================================

Questions:
1. Year of birth: What is your date of birth? [Open-ended]
2. Gender: What is your gender? [MCQ: 1. Male 2. Female]
3. Socio-economic status: What is the socio-economic status of your home? [Likert 1–6: 1 = Very low, 6 = Very high]
4. Ethnic identity: According to your culture, people, or physical features, you are or are recognized as: [MCQ: 1. Indigenous 2. Gypsy 3. Raizal from San Andres, Providencia and Santa Catalina Archipelago 4. Palenquero from San Basilio 5. Black, mulatto (Afro-descendant), Afro-Colombian 6. None of the above]
5. Parental Education: How many years of education did your parents receive? [Open-ended]
   - Father: Father?
   - Mother: Mother?
6. Life satisfaction: In general, how satisfied are you with all aspects of your life? [Likert 0–10: 0 = Not satisfied, 10 = Totally satisfied]
7. Happiness: How happy did you feel yesterday? [Likert 0–10: 0 = At no time, 10 = All the time]
8. Laughter: How much did you laugh yesterday? [Likert 0–10: 0 = At no time, 10 = All the time]
9. Learning: Did you learn new or exciting things yesterday? [Likert 0–10: 0 = At no time, 10 = All the time]
10. Enjoyment: How much did you enjoy the activities you did yesterday? [Likert 0–10: 0 = At no time, 10 = All the time]
11. Worry: How worried did you feel yesterday? [Likert 0–10: 0 = At no time, 10 = All the time]
12. Depression: How depressed did you feel yesterday? [Likert 0–10: 0 = At no time, 10 = All the time]
13. Anger: How angry did you feel yesterday? [Likert 0–10: 0 = At no time, 10 = All the time]
14. Stress: How much stress did you feel yesterday? [Likert 0–10: 0 = At no time, 10 = All the time]
15. Loneliness: How lonely or unsupported did you feel yesterday? [Likert 0–10: 0 = At no time, 10 = All the time]
16. Emotional Regulation Frequency: Next, you will be asked questions about your emotional state. Please answer on a scale of 0 to 4, where 0 is never, 1 is 'almost never', 2 is 'sometimes', 3 is 'fairly often', and 4 is 'very often', how often you experienced the following feelings during the last month: [Likert 0–4]
    - Upset by Unexpected Events: how often have you been upset because of something that happened unexpectedly?
    - Unable to Control Important Things: how often have you felt that you were unable to control the important things in your life?
    - Nervous and Stressed: how often have you felt nervous and stressed?
    - Lacked Confidence Handling Problems: how often have you felt confident about your ability to handle your personal problems?
    - Things Going Your Way: how often have you felt that things were going your way?
    - Unable to Cope: how often have you found that you could not cope with all the things that you had to do?
    - Irritated by Life: how often have you been able to control irritations in your life?
    - On Top of Things: how often have you felt that you were on top of things?
    - Angered by Uncontrollable Events: how often have you been angered because of things that happened that were outside of your control?
    - Felt Overwhelmed: how often have you felt difficulties were piling up so high that you could not overcome them?
17. Anxiety Symptoms Frequency: Next, you will be asked questions about your emotional state. Please answer on a scale of 0 to 3, where 0 is 'Not at all', 1 is 'several days', 2 is 'more than half of the days', and 3 is 'Nearly every day'. Over the last two weeks, how often have you been bothered by the following problems? [Likert 0–3]
    - Feeling Nervous or On Edge: Feeling nervous, anxious, or on edge
    - Uncontrollable Worrying: Not being able to stop or control worrying
    - Excessive Worry: Worrying too much about different things
    - Trouble Relaxing: Trouble relaxing
    - Restlessness: Being so restless that it is hard to sit still
    - Irritability: Becoming easily annoyed or irritable
    - Fear Something Awful Might Happen: Feeling afraid, as if something awful might happen
18. Depressive Symptoms Frequency: Next, you will be asked questions about your emotional state. Please answer on a scale of 0 to 3, where 0 is 'Not at all', 1 is 'several days', 2 is 'more than half of the days', and 3 is 'Nearly every day'. Over the last two weeks, how often have you been bothered by the following problems?
    - Anhedonia: Little interest or pleasure in doing things
    - Depressed Mood: Feeling down, depressed, or hopeless
    - Sleep Problems: Trouble falling or staying asleep, or sleeping too much
    - Fatigue: Feeling tired or having little energy
    - Appetite Changes: Poor appetite or overeating
    - Feelings of Worthlessness: Feeling bad about yourself or that you are a failure or have let yourself or your family down
    - Concentration Difficulties: Trouble concentrating on things, such as reading the newspaper or watching television
    - Psychomotor Changes: Moving or speaking so slowly that other people could have noticed. Or the opposite — being so fidgety or restless that you have been moving around a lot more than usual
    - Suicidal Thoughts: Thoughts that you would be better off dead, or of hurting yourself

Responses:
==================================================

Respondent 119:
- Year of birth: 2004.0
- Gender: 1.0
- Socio-economic status: 1.0
- Ethnic identity: 6.0
- Life satisfaction: 4.0
- Happiness: 8.0
- Laughter: 8.0
- Learning: 8.0
- Enjoyment: 8.0
- Worry: 1.0
- Depression: 1.0
- Anger: 2.0
- Stress: 2.0
- Loneliness: 2.0
- Emotional Regulation Frequency:
  - Upset by Unexpected Events: 2.0
  - Unable to Control Important Things: 2.0
  - Lacked Confidence Handling Problems: 2.0
  - Unable to Cope: 2.0
  - Irritated by Life: 2.0
  - On Top of Things: 2.0
- Anxiety Symptoms Frequency:
  - Feeling Nervous or On Edge: 1.0
  - Trouble Relaxing: 1.0
  - Restlessness: 1.0
  - Irritability: 1.0
  - Fear Something Awful Might Happen: 1.0
- Depressive Symptoms Frequency:
  - Anhedonia: 1.0
  - Sleep Problems: 1.0
  - Fatigue: 1.0
  - Appetite Changes: 0.0
  - Feelings of Worthlessness: 1.0
  - Concentration Difficulties: 0.0
  - Suicidal Thoughts: 0.0

Respondent 116:
- Year of birth: 2004.0
- Gender: 1.0
- Socio-economic status: 5.0
- Ethnic identity: 6.0
- Parental Education:
  - Father: 17.0
  - Mother: 17.0
- Life satisfaction: 8.0
- Happiness: 8.0
- Laughter: 7.0
- Learning: 7.0
- Enjoyment: 9.0
- Worry: 1.0
- Depression: 1.0
- Anger: 2.0
- Stress: 3.0
- Loneliness: 1.0
- Emotional Regulation Frequency:
  - Upset by Unexpected Events: 2.0
  - Unable to Control Important Things: 2.0
  - Lacked Confidence Handling Problems: 3.0
  - Unable to Cope: 2.0
  - Irritated by Life: 3.0
  - On Top of Things: 2.0
- Anxiety Symptoms Frequency:
  - Feeling Nervous or On Edge: 2.0
  - Trouble Relaxing: 1.0
  - Restlessness: 2.0
  - Irritability: 1.0
  - Fear Something Awful Might Happen: 2.0
- Depressive Symptoms Frequency:
  - Anhedonia: 1.0
  - Sleep Problems: 0.0
  - Fatigue: 2.0
  - Appetite Changes: 2.0
  - Feelings of Worthlessness: 1.0
  - Concentration Difficulties: 2.0
  - Suicidal Thoughts: 0.0

Answer: 2

Survey Data
==================================================

Questions:
1. Year of birth: What is your date of birth? [Open-ended]
2. Gender: What is your gender? [MCQ: 1. Male 2. Female]
3. Socio-economic status: What is the socio-economic status of your home? [Likert 1–6: 1 = Very low, 6 = Very high]
4. Ethnic identity: According to your culture, people, or physical features, you are or are recognized as: [MCQ: 1. Indigenous 2. Gypsy 3. Raizal from San Andres, Providencia and Santa Catalina Archipelago 4. Palenquero from San Basilio 5. Black, mulatto (Afro-descendant), Afro-Colombian 6. None of the above]
5. Parental Education: How many years of education did your parents receive? [Open-ended]
   - Father: Father?
   - Mother: Mother?
6. Life satisfaction: In general, how satisfied are you with all aspects of your life? [Likert 0–10: 0 = Not satisfied, 10 = Totally satisfied]
7. Happiness: How happy did you feel yesterday? [Likert 0–10: 0 = At no time, 10 = All the time]
8. Laughter: How much did you laugh yesterday? [Likert 0–10: 0 = At no time, 10 = All the time]
9. Learning: Did you learn new or exciting things yesterday? [Likert 0–10: 0 = At no time, 10 = All the time]
10. Enjoyment: How much did you enjoy the activities you did yesterday? [Likert 0–10: 0 = At no time, 10 = All the time]
11. Worry: How worried did you feel yesterday? [Likert 0–10: 0 = At no time, 10 = All the time]
12. Depression: How depressed did you feel yesterday? [Likert 0–10: 0 = At no time, 10 = All the time]
13. Anger: How angry did you feel yesterday? [Likert 0–10: 0 = At no time, 10 = All the time]
14. Stress: How much stress did you feel yesterday? [Likert 0–10: 0 = At no time, 10 = All the time]
15. Loneliness: How lonely or unsupported did you feel yesterday? [Likert 0–10: 0 = At no time, 10 = All the time]
16. Emotional Regulation Frequency: Next, you will be asked questions about your emotional state. Please answer on a scale of 0 to 4, where 0 is never, 1 is 'almost never', 2 is 'sometimes', 3 is 'fairly often', and 4 is 'very often', how often you experienced the following feelings during the last month: [Likert 0–4]
    - Upset by Unexpected Events: how often have you been upset because of something that happened unexpectedly?
    - Unable to Control Important Things: how often have you felt that you were unable to control the important things in your life?
    - Nervous and Stressed: how often have you felt nervous and stressed?
    - Lacked Confidence Handling Problems: how often have you felt confident about your ability to handle your personal problems?
    - Things Going Your Way: how often have you felt that things were going your way?
    - Unable to Cope: how often have you found that you could not cope with all the things that you had to do?
    - Irritated by Life: how often have you been able to control irritations in your life?
    - On Top of Things: how often have you felt that you were on top of things?
    - Angered by Uncontrollable Events: how often have you been angered because of things that happened that were outside of your control?
    - Felt Overwhelmed: how often have you felt difficulties were piling up so high that you could not overcome them?
17. Anxiety Symptoms Frequency: Next, you will be asked questions about your emotional state. Please answer on a scale of 0 to 3, where 0 is 'Not at all', 1 is 'several days', 2 is 'more than half of the days', and 3 is 'Nearly every day'. Over the last two weeks, how often have you been bothered by the following problems? [Likert 0–3]
    - Feeling Nervous or On Edge: Feeling nervous, anxious, or on edge
    - Uncontrollable Worrying: Not being able to stop or control worrying
    - Excessive Worry: Worrying too much about different things
    - Trouble Relaxing: Trouble relaxing
    - Restlessness: Being so restless that it is hard to sit still
    - Irritability: Becoming easily annoyed or irritable
    - Fear Something Awful Might Happen: Feeling afraid, as if something awful might happen
18. Depressive Symptoms Frequency: Next, you will be asked questions about your emotional state. Please answer on a scale of 0 to 3, where 0 is 'Not at all', 1 is 'several days', 2 is 'more than half of the days', and 3 is 'Nearly every day'. Over the last two weeks, how often have you been bothered by the following problems?
    - Anhedonia: Little interest or pleasure in doing things
    - Depressed Mood: Feeling down, depressed, or hopeless
    - Sleep Problems: Trouble falling or staying asleep, or sleeping too much
    - Fatigue: Feeling tired or having little energy
    - Appetite Changes: Poor appetite or overeating
    - Feelings of Worthlessness: Feeling bad about yourself or that you are a failure or have let yourself or your family down
    - Concentration Difficulties: Trouble concentrating on things, such as reading the newspaper or watching television
    - Psychomotor Changes: Moving or speaking so slowly that other people could have noticed. Or the opposite — being so fidgety or restless that you have been moving around a lot more than usual
    - Suicidal Thoughts: Thoughts that you would be better off dead, or of hurting yourself

Responses:
==================================================

Respondent 54:
- Year of birth: 2005.0
- Gender: 1.0
- Socio-economic status: 5.0
- Ethnic identity: 6.0
- Life satisfaction: 7.0
- Happiness: 9.0
- Laughter: 9.0
- Learning: 9.0
- Enjoyment: 10.0
- Worry: 0.0
- Depression: 0.0
- Anger: 3.0
- Stress: 2.0
- Loneliness: 1.0
- Emotional Regulation Frequency:
  - Upset by Unexpected Events: 1.0
  - Unable to Control Important Things: 0.0
  - Lacked Confidence Handling Problems: 4.0
  - Unable to Cope: 1.0
  - Irritated by Life: 4.0
  - On Top of Things: 4.0
- Anxiety Symptoms Frequency:
  - Feeling Nervous or On Edge: 0.0
  - Trouble Relaxing: 0.0
  - Restlessness: 0.0
  - Irritability: 0.0
  - Fear Something Awful Might Happen: 0.0
- Depressive Symptoms Frequency:
  - Anhedonia: 1.0
  - Sleep Problems: 1.0
  - Fatigue: 1.0
  - Appetite Changes: 0.0
  - Feelings of Worthlessness: 0.0
  - Concentration Difficulties: 1.0
  - Suicidal Thoughts: 0.0

Respondent 79:
- Year of birth: 2004.0
- Gender: 1.0
- Socio-economic status: 6.0
- Ethnic identity: 6.0
- Parental Education:
  - Father: 20.0
  - Mother: 20.0
- Life satisfaction: 5.0
- Happiness: 5.0
- Laughter: 10.0
- Learning: 5.0
- Enjoyment: 3.0
- Worry: 0.0
- Depression: 1.0
- Anger: 1.0
- Stress: 1.0
- Loneliness: 10.0
- Emotional Regulation Frequency:
  - Upset by Unexpected Events: 0.0
  - Unable to Control Important Things: 0.0
  - Lacked Confidence Handling Problems: 0.0
  - Unable to Cope: 2.0
  - Irritated by Life: 3.0
  - On Top of Things: 3.0
- Anxiety Symptoms Frequency:
  - Feeling Nervous or On Edge: 0.0
  - Trouble Relaxing: 0.0
  - Restlessness: 0.0
  - Irritability: 1.0
  - Fear Something Awful Might Happen: 0.0
- Depressive Symptoms Frequency:
  - Anhedonia: 3.0
  - Sleep Problems: 3.0
  - Fatigue: 3.0
  - Appetite Changes: 3.0
  - Feelings of Worthlessness: 3.0
  - Concentration Difficulties: 0.0
  - Suicidal Thoughts: 0.0

Respondent 42:
- Year of birth: 2004.0
- Gender: 2.0
- Socio-economic status: 5.0
- Ethnic identity: 5.0
- Parental Education:
  - Father: 19.0
  - Mother: 28.0
- Life satisfaction: 7.0
- Happiness: 4.0
- Laughter: 9.0
- Learning: 7.0
- Enjoyment: 1.0
- Worry: 3.0
- Depression: 1.0
- Anger: 3.0
- Stress: 4.0
- Loneliness: 10.0
- Emotional Regulation Frequency:
  - Upset by Unexpected Events: 3.0
  - Unable to Control Important Things: 4.0
  - Lacked Confidence Handling Problems: 2.0
  - Unable to Cope: 4.0
  - Irritated by Life: 2.0
  - On Top of Things: 2.0
- Anxiety Symptoms Frequency:
  - Feeling Nervous or On Edge: 2.0
  - Trouble Relaxing: 1.0
  - Restlessness: 1.0
  - Irritability: 2.0
  - Fear Something Awful Might Happen: 3.0
- Depressive Symptoms Frequency:
  - Anhedonia: 3.0
  - Sleep Problems: 2.0
  - Fatigue: 3.0
  - Appetite Changes: 2.0
  - Feelings of Worthlessness: 3.0
  - Concentration Difficulties: 3.0
  - Suicidal Thoughts: 1.0

Respondent 29:
- Year of birth: 2002.0
- Gender: 1.0
- Socio-economic status: 5.0
- Ethnic identity: 6.0
- Parental Education:
  - Father: 11.0
  - Mother: 11.0
- Life satisfaction: 8.0
- Happiness: 10.0
- Laughter: 6.0
- Learning: 6.0
- Enjoyment: 10.0
- Worry: 0.0
- Depression: 0.0
- Anger: 1.0
- Stress: 1.0
- Loneliness: 0.0
- Emotional Regulation Frequency:
  - Upset by Unexpected Events: 1.0
  - Unable to Control Important Things: 1.0
  - Lacked Confidence Handling Problems: 4.0
  - Unable to Cope: 1.0
  - Irritated by Life: 4.0
  - On Top of Things: 4.0
- Anxiety Symptoms Frequency:
  - Feeling Nervous or On Edge: 0.0
  - Trouble Relaxing: 0.0
  - Restlessness: 1.0
  - Irritability: 0.0
  - Fear Something Awful Might Happen: 0.0
- Depressive Symptoms Frequency:
  - Anhedonia: 1.0
  - Sleep Problems: 2.0
  - Fatigue: 0.0
  - Appetite Changes: 1.0
  - Feelings of Worthlessness: 0.0
  - Concentration Difficulties: 0.0
  - Suicidal Thoughts: 0.0

You are a meticulous data analyst AI. Your primary function is to accurately analyze structured data and provide precise, verifiable answers.

You will be given a dataset with two key parts:

A 'questions' section: This is your data dictionary or schema. It is the single source of truth for understanding what each field and score means. Refer to it carefully.

A 'responses' section: This contains the raw data from each individual respondent.

To answer the question correctly, you must first use the 'questions' schema to fully understand the context and meaning of the data points within the 'responses'. Do not rely on any prior knowledge outside of this provided data. Base your entire analysis on the information given.

Provide your final answer directly and concisely. Output must be the human-readable value, not an option code.

Rules:
- For MCQ fields, map any letter codes in the Responses (case-insensitive) to the corresponding option text from the Questions schema, and output only that text. Do NOT include the letter or both.
  Example: If the schema is ""[MCQ: A. Abnormal B. Inconclusive C. Normal]"" and the response is ""a"", output ""Abnormal"".
- For open-ended fields, output the exact text value.
- If the question asks for a count, provide only the number (e.g., ""42"").
- If the question asks for a list of names or IDs, provide a simple comma-separated list (e.g., ""17, 21, 23"").
- Preserve capitalization exactly as in the schema (e.g., output ""Abnormal"", not ""abnormal"" or ""A"").

How many respondents are there?",6,False
case_31,respondent_count,How many respondents are there?,"Survey Data
==================================================

Questions:
1. Year of birth: What is your date of birth? [Open-ended]
2. Gender: What is your gender? [MCQ: 1. Male 2. Female]
3. Socio-economic status: What is the socio-economic status of your home? [Likert 1–6: 1 = Very low, 6 = Very high]
4. Ethnic identity: According to your culture, people, or physical features, you are or are recognized as: [MCQ: 1. Indigenous 2. Gypsy 3. Raizal from San Andres, Providencia and Santa Catalina Archipelago 4. Palenquero from San Basilio 5. Black, mulatto (Afro-descendant), Afro-Colombian 6. None of the above]
5. Parental Education: How many years of education did your parents receive? [Open-ended]
   - Father: Father?
   - Mother: Mother?
6. Life satisfaction: In general, how satisfied are you with all aspects of your life? [Likert 0–10: 0 = Not satisfied, 10 = Totally satisfied]
7. Happiness: How happy did you feel yesterday? [Likert 0–10: 0 = At no time, 10 = All the time]
8. Laughter: How much did you laugh yesterday? [Likert 0–10: 0 = At no time, 10 = All the time]
9. Learning: Did you learn new or exciting things yesterday? [Likert 0–10: 0 = At no time, 10 = All the time]
10. Enjoyment: How much did you enjoy the activities you did yesterday? [Likert 0–10: 0 = At no time, 10 = All the time]
11. Worry: How worried did you feel yesterday? [Likert 0–10: 0 = At no time, 10 = All the time]
12. Depression: How depressed did you feel yesterday? [Likert 0–10: 0 = At no time, 10 = All the time]
13. Anger: How angry did you feel yesterday? [Likert 0–10: 0 = At no time, 10 = All the time]
14. Stress: How much stress did you feel yesterday? [Likert 0–10: 0 = At no time, 10 = All the time]
15. Loneliness: How lonely or unsupported did you feel yesterday? [Likert 0–10: 0 = At no time, 10 = All the time]
16. Emotional Regulation Frequency: Next, you will be asked questions about your emotional state. Please answer on a scale of 0 to 4, where 0 is never, 1 is 'almost never', 2 is 'sometimes', 3 is 'fairly often', and 4 is 'very often', how often you experienced the following feelings during the last month: [Likert 0–4]
    - Upset by Unexpected Events: how often have you been upset because of something that happened unexpectedly?
    - Unable to Control Important Things: how often have you felt that you were unable to control the important things in your life?
    - Nervous and Stressed: how often have you felt nervous and stressed?
    - Lacked Confidence Handling Problems: how often have you felt confident about your ability to handle your personal problems?
    - Things Going Your Way: how often have you felt that things were going your way?
    - Unable to Cope: how often have you found that you could not cope with all the things that you had to do?
    - Irritated by Life: how often have you been able to control irritations in your life?
    - On Top of Things: how often have you felt that you were on top of things?
    - Angered by Uncontrollable Events: how often have you been angered because of things that happened that were outside of your control?
    - Felt Overwhelmed: how often have you felt difficulties were piling up so high that you could not overcome them?
17. Anxiety Symptoms Frequency: Next, you will be asked questions about your emotional state. Please answer on a scale of 0 to 3, where 0 is 'Not at all', 1 is 'several days', 2 is 'more than half of the days', and 3 is 'Nearly every day'. Over the last two weeks, how often have you been bothered by the following problems? [Likert 0–3]
    - Feeling Nervous or On Edge: Feeling nervous, anxious, or on edge
    - Uncontrollable Worrying: Not being able to stop or control worrying
    - Excessive Worry: Worrying too much about different things
    - Trouble Relaxing: Trouble relaxing
    - Restlessness: Being so restless that it is hard to sit still
    - Irritability: Becoming easily annoyed or irritable
    - Fear Something Awful Might Happen: Feeling afraid, as if something awful might happen
18. Depressive Symptoms Frequency: Next, you will be asked questions about your emotional state. Please answer on a scale of 0 to 3, where 0 is 'Not at all', 1 is 'several days', 2 is 'more than half of the days', and 3 is 'Nearly every day'. Over the last two weeks, how often have you been bothered by the following problems?
    - Anhedonia: Little interest or pleasure in doing things
    - Depressed Mood: Feeling down, depressed, or hopeless
    - Sleep Problems: Trouble falling or staying asleep, or sleeping too much
    - Fatigue: Feeling tired or having little energy
    - Appetite Changes: Poor appetite or overeating
    - Feelings of Worthlessness: Feeling bad about yourself or that you are a failure or have let yourself or your family down
    - Concentration Difficulties: Trouble concentrating on things, such as reading the newspaper or watching television
    - Psychomotor Changes: Moving or speaking so slowly that other people could have noticed. Or the opposite — being so fidgety or restless that you have been moving around a lot more than usual
    - Suicidal Thoughts: Thoughts that you would be better off dead, or of hurting yourself

Responses:
==================================================

Respondent 46:
- Year of birth: 2005.0
- Gender: 1.0
- Socio-economic status: 4.0
- Ethnic identity: 6.0
- Life satisfaction: 9.0
- Happiness: 9.0
- Laughter: 10.0
- Learning: 9.0
- Enjoyment: 10.0
- Worry: 1.0
- Depression: 0.0
- Anger: 3.0
- Stress: 3.0
- Loneliness: 0.0
- Emotional Regulation Frequency:
  - Upset by Unexpected Events: 2.0
  - Unable to Control Important Things: 1.0
  - Lacked Confidence Handling Problems: 2.0
  - Unable to Cope: 3.0
  - Irritated by Life: 3.0
  - On Top of Things: 3.0
- Anxiety Symptoms Frequency:
  - Feeling Nervous or On Edge: 1.0
  - Trouble Relaxing: 1.0
  - Restlessness: 1.0
  - Irritability: 1.0
  - Fear Something Awful Might Happen: 2.0
- Depressive Symptoms Frequency:
  - Anhedonia: 0.0
  - Sleep Problems: 0.0
  - Fatigue: 1.0
  - Appetite Changes: 0.0
  - Feelings of Worthlessness: 0.0
  - Concentration Difficulties: 0.0
  - Suicidal Thoughts: 0.0

Respondent 137:
- Year of birth: 2003.0
- Gender: 2.0
- Socio-economic status: 4.0
- Ethnic identity: 6.0
- Parental Education:
  - Father: 11.0
  - Mother: 11.0
- Life satisfaction: 3.0
- Happiness: 6.0
- Laughter: 8.0
- Learning: 6.0
- Enjoyment: 6.0
- Worry: 3.0
- Depression: 3.0
- Anger: 4.0
- Stress: 4.0
- Loneliness: 5.0
- Emotional Regulation Frequency:
  - Upset by Unexpected Events: 3.0
  - Unable to Control Important Things: 4.0
  - Lacked Confidence Handling Problems: 2.0
  - Unable to Cope: 4.0
  - Irritated by Life: 2.0
  - On Top of Things: 2.0
- Anxiety Symptoms Frequency:
  - Feeling Nervous or On Edge: 3.0
  - Trouble Relaxing: 3.0
  - Restlessness: 2.0
  - Irritability: 3.0
  - Fear Something Awful Might Happen: 3.0
- Depressive Symptoms Frequency:
  - Anhedonia: 3.0
  - Sleep Problems: 0.0
  - Fatigue: 2.0
  - Appetite Changes: 3.0
  - Feelings of Worthlessness: 3.0
  - Concentration Difficulties: 3.0
  - Suicidal Thoughts: 3.0

Respondent 67:
- Year of birth: 2003.0
- Gender: 1.0
- Socio-economic status: 1.0
- Ethnic identity: 6.0
- Parental Education:
  - Father: 11.0
  - Mother: 11.0
- Life satisfaction: 7.0
- Happiness: 5.0
- Laughter: 2.0
- Learning: 7.0
- Enjoyment: 7.0
- Worry: 0.0
- Depression: 1.0
- Anger: 1.0
- Stress: 2.0
- Loneliness: 2.0
- Emotional Regulation Frequency:
  - Upset by Unexpected Events: 1.0
  - Unable to Control Important Things: 2.0
  - Lacked Confidence Handling Problems: 2.0
  - Unable to Cope: 2.0
  - Irritated by Life: 3.0
  - On Top of Things: 2.0
- Anxiety Symptoms Frequency:
  - Feeling Nervous or On Edge: 0.0
  - Trouble Relaxing: 0.0
  - Restlessness: 0.0
  - Irritability: 0.0
  - Fear Something Awful Might Happen: 1.0
- Depressive Symptoms Frequency:
  - Anhedonia: 0.0
  - Sleep Problems: 0.0
  - Fatigue: 1.0
  - Appetite Changes: 1.0
  - Feelings of Worthlessness: 0.0
  - Concentration Difficulties: 0.0
  - Suicidal Thoughts: 0.0

Respondent 133:
- Year of birth: 2002.0
- Gender: 2.0
- Socio-economic status: 5.0
- Ethnic identity: 6.0
- Parental Education:
  - Father: 15.0
  - Mother: 15.0
- Life satisfaction: 6.0
- Happiness: 9.0
- Laughter: 3.0
- Learning: 7.0
- Enjoyment: 4.0
- Worry: 1.0
- Depression: 3.0
- Anger: 1.0
- Stress: 3.0
- Loneliness: 5.0
- Emotional Regulation Frequency:
  - Upset by Unexpected Events: 2.0
  - Unable to Control Important Things: 3.0
  - Lacked Confidence Handling Problems: 3.0
  - Unable to Cope: 3.0
  - Irritated by Life: 3.0
  - On Top of Things: 2.0
- Anxiety Symptoms Frequency:
  - Feeling Nervous or On Edge: 2.0
  - Trouble Relaxing: 0.0
  - Restlessness: 0.0
  - Irritability: 0.0
  - Fear Something Awful Might Happen: 0.0
- Depressive Symptoms Frequency:
  - Anhedonia: 3.0
  - Sleep Problems: 3.0
  - Fatigue: 2.0
  - Appetite Changes: 0.0
  - Feelings of Worthlessness: 0.0
  - Concentration Difficulties: 0.0
  - Suicidal Thoughts: 0.0
",4,"How many respondents are there?

DATA:

Survey Data
==================================================

Questions:
1. Year of birth: What is your date of birth? [Open-ended]
2. Gender: What is your gender? [MCQ: 1. Male 2. Female]
3. Socio-economic status: What is the socio-economic status of your home? [Likert 1–6: 1 = Very low, 6 = Very high]
4. Ethnic identity: According to your culture, people, or physical features, you are or are recognized as: [MCQ: 1. Indigenous 2. Gypsy 3. Raizal from San Andres, Providencia and Santa Catalina Archipelago 4. Palenquero from San Basilio 5. Black, mulatto (Afro-descendant), Afro-Colombian 6. None of the above]
5. Parental Education: How many years of education did your parents receive? [Open-ended]
   - Father: Father?
   - Mother: Mother?
6. Life satisfaction: In general, how satisfied are you with all aspects of your life? [Likert 0–10: 0 = Not satisfied, 10 = Totally satisfied]
7. Happiness: How happy did you feel yesterday? [Likert 0–10: 0 = At no time, 10 = All the time]
8. Laughter: How much did you laugh yesterday? [Likert 0–10: 0 = At no time, 10 = All the time]
9. Learning: Did you learn new or exciting things yesterday? [Likert 0–10: 0 = At no time, 10 = All the time]
10. Enjoyment: How much did you enjoy the activities you did yesterday? [Likert 0–10: 0 = At no time, 10 = All the time]
11. Worry: How worried did you feel yesterday? [Likert 0–10: 0 = At no time, 10 = All the time]
12. Depression: How depressed did you feel yesterday? [Likert 0–10: 0 = At no time, 10 = All the time]
13. Anger: How angry did you feel yesterday? [Likert 0–10: 0 = At no time, 10 = All the time]
14. Stress: How much stress did you feel yesterday? [Likert 0–10: 0 = At no time, 10 = All the time]
15. Loneliness: How lonely or unsupported did you feel yesterday? [Likert 0–10: 0 = At no time, 10 = All the time]
16. Emotional Regulation Frequency: Next, you will be asked questions about your emotional state. Please answer on a scale of 0 to 4, where 0 is never, 1 is 'almost never', 2 is 'sometimes', 3 is 'fairly often', and 4 is 'very often', how often you experienced the following feelings during the last month: [Likert 0–4]
    - Upset by Unexpected Events: how often have you been upset because of something that happened unexpectedly?
    - Unable to Control Important Things: how often have you felt that you were unable to control the important things in your life?
    - Nervous and Stressed: how often have you felt nervous and stressed?
    - Lacked Confidence Handling Problems: how often have you felt confident about your ability to handle your personal problems?
    - Things Going Your Way: how often have you felt that things were going your way?
    - Unable to Cope: how often have you found that you could not cope with all the things that you had to do?
    - Irritated by Life: how often have you been able to control irritations in your life?
    - On Top of Things: how often have you felt that you were on top of things?
    - Angered by Uncontrollable Events: how often have you been angered because of things that happened that were outside of your control?
    - Felt Overwhelmed: how often have you felt difficulties were piling up so high that you could not overcome them?
17. Anxiety Symptoms Frequency: Next, you will be asked questions about your emotional state. Please answer on a scale of 0 to 3, where 0 is 'Not at all', 1 is 'several days', 2 is 'more than half of the days', and 3 is 'Nearly every day'. Over the last two weeks, how often have you been bothered by the following problems? [Likert 0–3]
    - Feeling Nervous or On Edge: Feeling nervous, anxious, or on edge
    - Uncontrollable Worrying: Not being able to stop or control worrying
    - Excessive Worry: Worrying too much about different things
    - Trouble Relaxing: Trouble relaxing
    - Restlessness: Being so restless that it is hard to sit still
    - Irritability: Becoming easily annoyed or irritable
    - Fear Something Awful Might Happen: Feeling afraid, as if something awful might happen
18. Depressive Symptoms Frequency: Next, you will be asked questions about your emotional state. Please answer on a scale of 0 to 3, where 0 is 'Not at all', 1 is 'several days', 2 is 'more than half of the days', and 3 is 'Nearly every day'. Over the last two weeks, how often have you been bothered by the following problems?
    - Anhedonia: Little interest or pleasure in doing things
    - Depressed Mood: Feeling down, depressed, or hopeless
    - Sleep Problems: Trouble falling or staying asleep, or sleeping too much
    - Fatigue: Feeling tired or having little energy
    - Appetite Changes: Poor appetite or overeating
    - Feelings of Worthlessness: Feeling bad about yourself or that you are a failure or have let yourself or your family down
    - Concentration Difficulties: Trouble concentrating on things, such as reading the newspaper or watching television
    - Psychomotor Changes: Moving or speaking so slowly that other people could have noticed. Or the opposite — being so fidgety or restless that you have been moving around a lot more than usual
    - Suicidal Thoughts: Thoughts that you would be better off dead, or of hurting yourself

Responses:
==================================================

Respondent 119:
- Year of birth: 2004.0
- Gender: 1.0
- Socio-economic status: 1.0
- Ethnic identity: 6.0
- Life satisfaction: 4.0
- Happiness: 8.0
- Laughter: 8.0
- Learning: 8.0
- Enjoyment: 8.0
- Worry: 1.0
- Depression: 1.0
- Anger: 2.0
- Stress: 2.0
- Loneliness: 2.0
- Emotional Regulation Frequency:
  - Upset by Unexpected Events: 2.0
  - Unable to Control Important Things: 2.0
  - Lacked Confidence Handling Problems: 2.0
  - Unable to Cope: 2.0
  - Irritated by Life: 2.0
  - On Top of Things: 2.0
- Anxiety Symptoms Frequency:
  - Feeling Nervous or On Edge: 1.0
  - Trouble Relaxing: 1.0
  - Restlessness: 1.0
  - Irritability: 1.0
  - Fear Something Awful Might Happen: 1.0
- Depressive Symptoms Frequency:
  - Anhedonia: 1.0
  - Sleep Problems: 1.0
  - Fatigue: 1.0
  - Appetite Changes: 0.0
  - Feelings of Worthlessness: 1.0
  - Concentration Difficulties: 0.0
  - Suicidal Thoughts: 0.0

Respondent 116:
- Year of birth: 2004.0
- Gender: 1.0
- Socio-economic status: 5.0
- Ethnic identity: 6.0
- Parental Education:
  - Father: 17.0
  - Mother: 17.0
- Life satisfaction: 8.0
- Happiness: 8.0
- Laughter: 7.0
- Learning: 7.0
- Enjoyment: 9.0
- Worry: 1.0
- Depression: 1.0
- Anger: 2.0
- Stress: 3.0
- Loneliness: 1.0
- Emotional Regulation Frequency:
  - Upset by Unexpected Events: 2.0
  - Unable to Control Important Things: 2.0
  - Lacked Confidence Handling Problems: 3.0
  - Unable to Cope: 2.0
  - Irritated by Life: 3.0
  - On Top of Things: 2.0
- Anxiety Symptoms Frequency:
  - Feeling Nervous or On Edge: 2.0
  - Trouble Relaxing: 1.0
  - Restlessness: 2.0
  - Irritability: 1.0
  - Fear Something Awful Might Happen: 2.0
- Depressive Symptoms Frequency:
  - Anhedonia: 1.0
  - Sleep Problems: 0.0
  - Fatigue: 2.0
  - Appetite Changes: 2.0
  - Feelings of Worthlessness: 1.0
  - Concentration Difficulties: 2.0
  - Suicidal Thoughts: 0.0

Answer: 2

Survey Data
==================================================

Questions:
1. Year of birth: What is your date of birth? [Open-ended]
2. Gender: What is your gender? [MCQ: 1. Male 2. Female]
3. Socio-economic status: What is the socio-economic status of your home? [Likert 1–6: 1 = Very low, 6 = Very high]
4. Ethnic identity: According to your culture, people, or physical features, you are or are recognized as: [MCQ: 1. Indigenous 2. Gypsy 3. Raizal from San Andres, Providencia and Santa Catalina Archipelago 4. Palenquero from San Basilio 5. Black, mulatto (Afro-descendant), Afro-Colombian 6. None of the above]
5. Parental Education: How many years of education did your parents receive? [Open-ended]
   - Father: Father?
   - Mother: Mother?
6. Life satisfaction: In general, how satisfied are you with all aspects of your life? [Likert 0–10: 0 = Not satisfied, 10 = Totally satisfied]
7. Happiness: How happy did you feel yesterday? [Likert 0–10: 0 = At no time, 10 = All the time]
8. Laughter: How much did you laugh yesterday? [Likert 0–10: 0 = At no time, 10 = All the time]
9. Learning: Did you learn new or exciting things yesterday? [Likert 0–10: 0 = At no time, 10 = All the time]
10. Enjoyment: How much did you enjoy the activities you did yesterday? [Likert 0–10: 0 = At no time, 10 = All the time]
11. Worry: How worried did you feel yesterday? [Likert 0–10: 0 = At no time, 10 = All the time]
12. Depression: How depressed did you feel yesterday? [Likert 0–10: 0 = At no time, 10 = All the time]
13. Anger: How angry did you feel yesterday? [Likert 0–10: 0 = At no time, 10 = All the time]
14. Stress: How much stress did you feel yesterday? [Likert 0–10: 0 = At no time, 10 = All the time]
15. Loneliness: How lonely or unsupported did you feel yesterday? [Likert 0–10: 0 = At no time, 10 = All the time]
16. Emotional Regulation Frequency: Next, you will be asked questions about your emotional state. Please answer on a scale of 0 to 4, where 0 is never, 1 is 'almost never', 2 is 'sometimes', 3 is 'fairly often', and 4 is 'very often', how often you experienced the following feelings during the last month: [Likert 0–4]
    - Upset by Unexpected Events: how often have you been upset because of something that happened unexpectedly?
    - Unable to Control Important Things: how often have you felt that you were unable to control the important things in your life?
    - Nervous and Stressed: how often have you felt nervous and stressed?
    - Lacked Confidence Handling Problems: how often have you felt confident about your ability to handle your personal problems?
    - Things Going Your Way: how often have you felt that things were going your way?
    - Unable to Cope: how often have you found that you could not cope with all the things that you had to do?
    - Irritated by Life: how often have you been able to control irritations in your life?
    - On Top of Things: how often have you felt that you were on top of things?
    - Angered by Uncontrollable Events: how often have you been angered because of things that happened that were outside of your control?
    - Felt Overwhelmed: how often have you felt difficulties were piling up so high that you could not overcome them?
17. Anxiety Symptoms Frequency: Next, you will be asked questions about your emotional state. Please answer on a scale of 0 to 3, where 0 is 'Not at all', 1 is 'several days', 2 is 'more than half of the days', and 3 is 'Nearly every day'. Over the last two weeks, how often have you been bothered by the following problems? [Likert 0–3]
    - Feeling Nervous or On Edge: Feeling nervous, anxious, or on edge
    - Uncontrollable Worrying: Not being able to stop or control worrying
    - Excessive Worry: Worrying too much about different things
    - Trouble Relaxing: Trouble relaxing
    - Restlessness: Being so restless that it is hard to sit still
    - Irritability: Becoming easily annoyed or irritable
    - Fear Something Awful Might Happen: Feeling afraid, as if something awful might happen
18. Depressive Symptoms Frequency: Next, you will be asked questions about your emotional state. Please answer on a scale of 0 to 3, where 0 is 'Not at all', 1 is 'several days', 2 is 'more than half of the days', and 3 is 'Nearly every day'. Over the last two weeks, how often have you been bothered by the following problems?
    - Anhedonia: Little interest or pleasure in doing things
    - Depressed Mood: Feeling down, depressed, or hopeless
    - Sleep Problems: Trouble falling or staying asleep, or sleeping too much
    - Fatigue: Feeling tired or having little energy
    - Appetite Changes: Poor appetite or overeating
    - Feelings of Worthlessness: Feeling bad about yourself or that you are a failure or have let yourself or your family down
    - Concentration Difficulties: Trouble concentrating on things, such as reading the newspaper or watching television
    - Psychomotor Changes: Moving or speaking so slowly that other people could have noticed. Or the opposite — being so fidgety or restless that you have been moving around a lot more than usual
    - Suicidal Thoughts: Thoughts that you would be better off dead, or of hurting yourself

Responses:
==================================================

Respondent 46:
- Year of birth: 2005.0
- Gender: 1.0
- Socio-economic status: 4.0
- Ethnic identity: 6.0
- Life satisfaction: 9.0
- Happiness: 9.0
- Laughter: 10.0
- Learning: 9.0
- Enjoyment: 10.0
- Worry: 1.0
- Depression: 0.0
- Anger: 3.0
- Stress: 3.0
- Loneliness: 0.0
- Emotional Regulation Frequency:
  - Upset by Unexpected Events: 2.0
  - Unable to Control Important Things: 1.0
  - Lacked Confidence Handling Problems: 2.0
  - Unable to Cope: 3.0
  - Irritated by Life: 3.0
  - On Top of Things: 3.0
- Anxiety Symptoms Frequency:
  - Feeling Nervous or On Edge: 1.0
  - Trouble Relaxing: 1.0
  - Restlessness: 1.0
  - Irritability: 1.0
  - Fear Something Awful Might Happen: 2.0
- Depressive Symptoms Frequency:
  - Anhedonia: 0.0
  - Sleep Problems: 0.0
  - Fatigue: 1.0
  - Appetite Changes: 0.0
  - Feelings of Worthlessness: 0.0
  - Concentration Difficulties: 0.0
  - Suicidal Thoughts: 0.0

Respondent 137:
- Year of birth: 2003.0
- Gender: 2.0
- Socio-economic status: 4.0
- Ethnic identity: 6.0
- Parental Education:
  - Father: 11.0
  - Mother: 11.0
- Life satisfaction: 3.0
- Happiness: 6.0
- Laughter: 8.0
- Learning: 6.0
- Enjoyment: 6.0
- Worry: 3.0
- Depression: 3.0
- Anger: 4.0
- Stress: 4.0
- Loneliness: 5.0
- Emotional Regulation Frequency:
  - Upset by Unexpected Events: 3.0
  - Unable to Control Important Things: 4.0
  - Lacked Confidence Handling Problems: 2.0
  - Unable to Cope: 4.0
  - Irritated by Life: 2.0
  - On Top of Things: 2.0
- Anxiety Symptoms Frequency:
  - Feeling Nervous or On Edge: 3.0
  - Trouble Relaxing: 3.0
  - Restlessness: 2.0
  - Irritability: 3.0
  - Fear Something Awful Might Happen: 3.0
- Depressive Symptoms Frequency:
  - Anhedonia: 3.0
  - Sleep Problems: 0.0
  - Fatigue: 2.0
  - Appetite Changes: 3.0
  - Feelings of Worthlessness: 3.0
  - Concentration Difficulties: 3.0
  - Suicidal Thoughts: 3.0

Respondent 67:
- Year of birth: 2003.0
- Gender: 1.0
- Socio-economic status: 1.0
- Ethnic identity: 6.0
- Parental Education:
  - Father: 11.0
  - Mother: 11.0
- Life satisfaction: 7.0
- Happiness: 5.0
- Laughter: 2.0
- Learning: 7.0
- Enjoyment: 7.0
- Worry: 0.0
- Depression: 1.0
- Anger: 1.0
- Stress: 2.0
- Loneliness: 2.0
- Emotional Regulation Frequency:
  - Upset by Unexpected Events: 1.0
  - Unable to Control Important Things: 2.0
  - Lacked Confidence Handling Problems: 2.0
  - Unable to Cope: 2.0
  - Irritated by Life: 3.0
  - On Top of Things: 2.0
- Anxiety Symptoms Frequency:
  - Feeling Nervous or On Edge: 0.0
  - Trouble Relaxing: 0.0
  - Restlessness: 0.0
  - Irritability: 0.0
  - Fear Something Awful Might Happen: 1.0
- Depressive Symptoms Frequency:
  - Anhedonia: 0.0
  - Sleep Problems: 0.0
  - Fatigue: 1.0
  - Appetite Changes: 1.0
  - Feelings of Worthlessness: 0.0
  - Concentration Difficulties: 0.0
  - Suicidal Thoughts: 0.0

Respondent 133:
- Year of birth: 2002.0
- Gender: 2.0
- Socio-economic status: 5.0
- Ethnic identity: 6.0
- Parental Education:
  - Father: 15.0
  - Mother: 15.0
- Life satisfaction: 6.0
- Happiness: 9.0
- Laughter: 3.0
- Learning: 7.0
- Enjoyment: 4.0
- Worry: 1.0
- Depression: 3.0
- Anger: 1.0
- Stress: 3.0
- Loneliness: 5.0
- Emotional Regulation Frequency:
  - Upset by Unexpected Events: 2.0
  - Unable to Control Important Things: 3.0
  - Lacked Confidence Handling Problems: 3.0
  - Unable to Cope: 3.0
  - Irritated by Life: 3.0
  - On Top of Things: 2.0
- Anxiety Symptoms Frequency:
  - Feeling Nervous or On Edge: 2.0
  - Trouble Relaxing: 0.0
  - Restlessness: 0.0
  - Irritability: 0.0
  - Fear Something Awful Might Happen: 0.0
- Depressive Symptoms Frequency:
  - Anhedonia: 3.0
  - Sleep Problems: 3.0
  - Fatigue: 2.0
  - Appetite Changes: 0.0
  - Feelings of Worthlessness: 0.0
  - Concentration Difficulties: 0.0
  - Suicidal Thoughts: 0.0

You are a meticulous data analyst AI. Your primary function is to accurately analyze structured data and provide precise, verifiable answers.

You will be given a dataset with two key parts:

A 'questions' section: This is your data dictionary or schema. It is the single source of truth for understanding what each field and score means. Refer to it carefully.

A 'responses' section: This contains the raw data from each individual respondent.

To answer the question correctly, you must first use the 'questions' schema to fully understand the context and meaning of the data points within the 'responses'. Do not rely on any prior knowledge outside of this provided data. Base your entire analysis on the information given.

Provide your final answer directly and concisely. Output must be the human-readable value, not an option code.

Rules:
- For MCQ fields, map any letter codes in the Responses (case-insensitive) to the corresponding option text from the Questions schema, and output only that text. Do NOT include the letter or both.
  Example: If the schema is ""[MCQ: A. Abnormal B. Inconclusive C. Normal]"" and the response is ""a"", output ""Abnormal"".
- For open-ended fields, output the exact text value.
- If the question asks for a count, provide only the number (e.g., ""42"").
- If the question asks for a list of names or IDs, provide a simple comma-separated list (e.g., ""17, 21, 23"").
- Preserve capitalization exactly as in the schema (e.g., output ""Abnormal"", not ""abnormal"" or ""A"").

How many respondents are there?",6,False
case_32,respondent_count,How many respondents are there?,"Survey Data
==================================================

Questions:
1. Year of birth: What is your date of birth? [Open-ended]
2. Gender: What is your gender? [MCQ: 1. Male 2. Female]
3. Socio-economic status: What is the socio-economic status of your home? [Likert 1–6: 1 = Very low, 6 = Very high]
4. Ethnic identity: According to your culture, people, or physical features, you are or are recognized as: [MCQ: 1. Indigenous 2. Gypsy 3. Raizal from San Andres, Providencia and Santa Catalina Archipelago 4. Palenquero from San Basilio 5. Black, mulatto (Afro-descendant), Afro-Colombian 6. None of the above]
5. Parental Education: How many years of education did your parents receive? [Open-ended]
   - Father: Father?
   - Mother: Mother?
6. Life satisfaction: In general, how satisfied are you with all aspects of your life? [Likert 0–10: 0 = Not satisfied, 10 = Totally satisfied]
7. Happiness: How happy did you feel yesterday? [Likert 0–10: 0 = At no time, 10 = All the time]
8. Laughter: How much did you laugh yesterday? [Likert 0–10: 0 = At no time, 10 = All the time]
9. Learning: Did you learn new or exciting things yesterday? [Likert 0–10: 0 = At no time, 10 = All the time]
10. Enjoyment: How much did you enjoy the activities you did yesterday? [Likert 0–10: 0 = At no time, 10 = All the time]
11. Worry: How worried did you feel yesterday? [Likert 0–10: 0 = At no time, 10 = All the time]
12. Depression: How depressed did you feel yesterday? [Likert 0–10: 0 = At no time, 10 = All the time]
13. Anger: How angry did you feel yesterday? [Likert 0–10: 0 = At no time, 10 = All the time]
14. Stress: How much stress did you feel yesterday? [Likert 0–10: 0 = At no time, 10 = All the time]
15. Loneliness: How lonely or unsupported did you feel yesterday? [Likert 0–10: 0 = At no time, 10 = All the time]
16. Emotional Regulation Frequency: Next, you will be asked questions about your emotional state. Please answer on a scale of 0 to 4, where 0 is never, 1 is 'almost never', 2 is 'sometimes', 3 is 'fairly often', and 4 is 'very often', how often you experienced the following feelings during the last month: [Likert 0–4]
    - Upset by Unexpected Events: how often have you been upset because of something that happened unexpectedly?
    - Unable to Control Important Things: how often have you felt that you were unable to control the important things in your life?
    - Nervous and Stressed: how often have you felt nervous and stressed?
    - Lacked Confidence Handling Problems: how often have you felt confident about your ability to handle your personal problems?
    - Things Going Your Way: how often have you felt that things were going your way?
    - Unable to Cope: how often have you found that you could not cope with all the things that you had to do?
    - Irritated by Life: how often have you been able to control irritations in your life?
    - On Top of Things: how often have you felt that you were on top of things?
    - Angered by Uncontrollable Events: how often have you been angered because of things that happened that were outside of your control?
    - Felt Overwhelmed: how often have you felt difficulties were piling up so high that you could not overcome them?
17. Anxiety Symptoms Frequency: Next, you will be asked questions about your emotional state. Please answer on a scale of 0 to 3, where 0 is 'Not at all', 1 is 'several days', 2 is 'more than half of the days', and 3 is 'Nearly every day'. Over the last two weeks, how often have you been bothered by the following problems? [Likert 0–3]
    - Feeling Nervous or On Edge: Feeling nervous, anxious, or on edge
    - Uncontrollable Worrying: Not being able to stop or control worrying
    - Excessive Worry: Worrying too much about different things
    - Trouble Relaxing: Trouble relaxing
    - Restlessness: Being so restless that it is hard to sit still
    - Irritability: Becoming easily annoyed or irritable
    - Fear Something Awful Might Happen: Feeling afraid, as if something awful might happen
18. Depressive Symptoms Frequency: Next, you will be asked questions about your emotional state. Please answer on a scale of 0 to 3, where 0 is 'Not at all', 1 is 'several days', 2 is 'more than half of the days', and 3 is 'Nearly every day'. Over the last two weeks, how often have you been bothered by the following problems?
    - Anhedonia: Little interest or pleasure in doing things
    - Depressed Mood: Feeling down, depressed, or hopeless
    - Sleep Problems: Trouble falling or staying asleep, or sleeping too much
    - Fatigue: Feeling tired or having little energy
    - Appetite Changes: Poor appetite or overeating
    - Feelings of Worthlessness: Feeling bad about yourself or that you are a failure or have let yourself or your family down
    - Concentration Difficulties: Trouble concentrating on things, such as reading the newspaper or watching television
    - Psychomotor Changes: Moving or speaking so slowly that other people could have noticed. Or the opposite — being so fidgety or restless that you have been moving around a lot more than usual
    - Suicidal Thoughts: Thoughts that you would be better off dead, or of hurting yourself

Responses:
==================================================

Respondent 27:
- Year of birth: 2003.0
- Gender: 2.0
- Socio-economic status: 3.0
- Ethnic identity: 6.0
- Parental Education:
  - Father: 12.0
- Life satisfaction: 7.0
- Happiness: 10.0
- Laughter: 6.0
- Learning: 4.0
- Enjoyment: 9.0
- Worry: 1.0
- Depression: 0.0
- Anger: 2.0
- Stress: 3.0
- Loneliness: 0.0
- Emotional Regulation Frequency:
  - Upset by Unexpected Events: 2.0
  - Unable to Control Important Things: 2.0
  - Lacked Confidence Handling Problems: 3.0
  - Unable to Cope: 1.0
  - Irritated by Life: 3.0
  - On Top of Things: 1.0
- Anxiety Symptoms Frequency:
  - Feeling Nervous or On Edge: 0.0
  - Trouble Relaxing: 1.0
  - Restlessness: 1.0
  - Irritability: 1.0
  - Fear Something Awful Might Happen: 1.0
- Depressive Symptoms Frequency:
  - Anhedonia: 0.0
  - Sleep Problems: 0.0
  - Fatigue: 0.0
  - Appetite Changes: 0.0
  - Feelings of Worthlessness: 1.0
  - Concentration Difficulties: 1.0
  - Suicidal Thoughts: 0.0

Respondent 138:
- Year of birth: 2003.0
- Gender: 1.0
- Socio-economic status: 3.0
- Ethnic identity: 6.0
- Parental Education:
  - Father: 11.0
- Life satisfaction: 6.0
- Happiness: 8.0
- Laughter: 6.0
- Learning: 4.0
- Enjoyment: 5.0
- Worry: 3.0
- Depression: 1.0
- Anger: 3.0
- Stress: 4.0
- Loneliness: 0.0
- Emotional Regulation Frequency:
  - Upset by Unexpected Events: 2.0
  - Unable to Control Important Things: 3.0
  - Lacked Confidence Handling Problems: 2.0
  - Unable to Cope: 4.0
  - Irritated by Life: 2.0
  - On Top of Things: 0.0
- Anxiety Symptoms Frequency:
  - Feeling Nervous or On Edge: 3.0
  - Trouble Relaxing: 2.0
  - Restlessness: 2.0
  - Irritability: 2.0
  - Fear Something Awful Might Happen: 2.0
- Depressive Symptoms Frequency:
  - Anhedonia: 2.0
  - Sleep Problems: 1.0
  - Fatigue: 3.0
  - Appetite Changes: 2.0
  - Feelings of Worthlessness: 1.0
  - Concentration Difficulties: 3.0
  - Suicidal Thoughts: 0.0

Respondent 81:
- Year of birth: 2003.0
- Gender: 2.0
- Socio-economic status: 3.0
- Ethnic identity: 6.0
- Life satisfaction: 6.0
- Happiness: 5.0
- Laughter: 3.0
- Learning: 8.0
- Enjoyment: 6.0
- Worry: 1.0
- Depression: 0.0
- Anger: 2.0
- Stress: 2.0
- Loneliness: 6.0
- Emotional Regulation Frequency:
  - Upset by Unexpected Events: 2.0
  - Unable to Control Important Things: 1.0
  - Lacked Confidence Handling Problems: 3.0
  - Unable to Cope: 1.0
  - Irritated by Life: 3.0
  - On Top of Things: 2.0
- Anxiety Symptoms Frequency:
  - Feeling Nervous or On Edge: 1.0
  - Trouble Relaxing: 1.0
  - Restlessness: 0.0
  - Irritability: 1.0
  - Fear Something Awful Might Happen: 1.0
- Depressive Symptoms Frequency:
  - Anhedonia: 1.0
  - Sleep Problems: 1.0
  - Fatigue: 1.0
  - Appetite Changes: 1.0
  - Feelings of Worthlessness: 1.0
  - Concentration Difficulties: 1.0
  - Suicidal Thoughts: 0.0

Respondent 32:
- Year of birth: 2004.0
- Gender: 1.0
- Socio-economic status: 3.0
- Ethnic identity: 6.0
- Parental Education:
  - Father: 16.0
  - Mother: 10.0
- Life satisfaction: 8.0
- Happiness: 10.0
- Laughter: 10.0
- Learning: 6.0
- Enjoyment: 10.0
- Worry: 1.0
- Depression: 0.0
- Anger: 3.0
- Stress: 3.0
- Loneliness: 0.0
- Emotional Regulation Frequency:
  - Upset by Unexpected Events: 2.0
  - Unable to Control Important Things: 3.0
  - Lacked Confidence Handling Problems: 2.0
  - Unable to Cope: 2.0
  - Irritated by Life: 2.0
  - On Top of Things: 2.0
- Anxiety Symptoms Frequency:
  - Feeling Nervous or On Edge: 1.0
  - Trouble Relaxing: 0.0
  - Restlessness: 0.0
  - Irritability: 2.0
  - Fear Something Awful Might Happen: 1.0
- Depressive Symptoms Frequency:
  - Anhedonia: 0.0
  - Sleep Problems: 2.0
  - Fatigue: 1.0
  - Appetite Changes: 0.0
  - Feelings of Worthlessness: 0.0
  - Concentration Difficulties: 2.0
  - Suicidal Thoughts: 0.0
",4,"How many respondents are there?

DATA:

Survey Data
==================================================

Questions:
1. Year of birth: What is your date of birth? [Open-ended]
2. Gender: What is your gender? [MCQ: 1. Male 2. Female]
3. Socio-economic status: What is the socio-economic status of your home? [Likert 1–6: 1 = Very low, 6 = Very high]
4. Ethnic identity: According to your culture, people, or physical features, you are or are recognized as: [MCQ: 1. Indigenous 2. Gypsy 3. Raizal from San Andres, Providencia and Santa Catalina Archipelago 4. Palenquero from San Basilio 5. Black, mulatto (Afro-descendant), Afro-Colombian 6. None of the above]
5. Parental Education: How many years of education did your parents receive? [Open-ended]
   - Father: Father?
   - Mother: Mother?
6. Life satisfaction: In general, how satisfied are you with all aspects of your life? [Likert 0–10: 0 = Not satisfied, 10 = Totally satisfied]
7. Happiness: How happy did you feel yesterday? [Likert 0–10: 0 = At no time, 10 = All the time]
8. Laughter: How much did you laugh yesterday? [Likert 0–10: 0 = At no time, 10 = All the time]
9. Learning: Did you learn new or exciting things yesterday? [Likert 0–10: 0 = At no time, 10 = All the time]
10. Enjoyment: How much did you enjoy the activities you did yesterday? [Likert 0–10: 0 = At no time, 10 = All the time]
11. Worry: How worried did you feel yesterday? [Likert 0–10: 0 = At no time, 10 = All the time]
12. Depression: How depressed did you feel yesterday? [Likert 0–10: 0 = At no time, 10 = All the time]
13. Anger: How angry did you feel yesterday? [Likert 0–10: 0 = At no time, 10 = All the time]
14. Stress: How much stress did you feel yesterday? [Likert 0–10: 0 = At no time, 10 = All the time]
15. Loneliness: How lonely or unsupported did you feel yesterday? [Likert 0–10: 0 = At no time, 10 = All the time]
16. Emotional Regulation Frequency: Next, you will be asked questions about your emotional state. Please answer on a scale of 0 to 4, where 0 is never, 1 is 'almost never', 2 is 'sometimes', 3 is 'fairly often', and 4 is 'very often', how often you experienced the following feelings during the last month: [Likert 0–4]
    - Upset by Unexpected Events: how often have you been upset because of something that happened unexpectedly?
    - Unable to Control Important Things: how often have you felt that you were unable to control the important things in your life?
    - Nervous and Stressed: how often have you felt nervous and stressed?
    - Lacked Confidence Handling Problems: how often have you felt confident about your ability to handle your personal problems?
    - Things Going Your Way: how often have you felt that things were going your way?
    - Unable to Cope: how often have you found that you could not cope with all the things that you had to do?
    - Irritated by Life: how often have you been able to control irritations in your life?
    - On Top of Things: how often have you felt that you were on top of things?
    - Angered by Uncontrollable Events: how often have you been angered because of things that happened that were outside of your control?
    - Felt Overwhelmed: how often have you felt difficulties were piling up so high that you could not overcome them?
17. Anxiety Symptoms Frequency: Next, you will be asked questions about your emotional state. Please answer on a scale of 0 to 3, where 0 is 'Not at all', 1 is 'several days', 2 is 'more than half of the days', and 3 is 'Nearly every day'. Over the last two weeks, how often have you been bothered by the following problems? [Likert 0–3]
    - Feeling Nervous or On Edge: Feeling nervous, anxious, or on edge
    - Uncontrollable Worrying: Not being able to stop or control worrying
    - Excessive Worry: Worrying too much about different things
    - Trouble Relaxing: Trouble relaxing
    - Restlessness: Being so restless that it is hard to sit still
    - Irritability: Becoming easily annoyed or irritable
    - Fear Something Awful Might Happen: Feeling afraid, as if something awful might happen
18. Depressive Symptoms Frequency: Next, you will be asked questions about your emotional state. Please answer on a scale of 0 to 3, where 0 is 'Not at all', 1 is 'several days', 2 is 'more than half of the days', and 3 is 'Nearly every day'. Over the last two weeks, how often have you been bothered by the following problems?
    - Anhedonia: Little interest or pleasure in doing things
    - Depressed Mood: Feeling down, depressed, or hopeless
    - Sleep Problems: Trouble falling or staying asleep, or sleeping too much
    - Fatigue: Feeling tired or having little energy
    - Appetite Changes: Poor appetite or overeating
    - Feelings of Worthlessness: Feeling bad about yourself or that you are a failure or have let yourself or your family down
    - Concentration Difficulties: Trouble concentrating on things, such as reading the newspaper or watching television
    - Psychomotor Changes: Moving or speaking so slowly that other people could have noticed. Or the opposite — being so fidgety or restless that you have been moving around a lot more than usual
    - Suicidal Thoughts: Thoughts that you would be better off dead, or of hurting yourself

Responses:
==================================================

Respondent 119:
- Year of birth: 2004.0
- Gender: 1.0
- Socio-economic status: 1.0
- Ethnic identity: 6.0
- Life satisfaction: 4.0
- Happiness: 8.0
- Laughter: 8.0
- Learning: 8.0
- Enjoyment: 8.0
- Worry: 1.0
- Depression: 1.0
- Anger: 2.0
- Stress: 2.0
- Loneliness: 2.0
- Emotional Regulation Frequency:
  - Upset by Unexpected Events: 2.0
  - Unable to Control Important Things: 2.0
  - Lacked Confidence Handling Problems: 2.0
  - Unable to Cope: 2.0
  - Irritated by Life: 2.0
  - On Top of Things: 2.0
- Anxiety Symptoms Frequency:
  - Feeling Nervous or On Edge: 1.0
  - Trouble Relaxing: 1.0
  - Restlessness: 1.0
  - Irritability: 1.0
  - Fear Something Awful Might Happen: 1.0
- Depressive Symptoms Frequency:
  - Anhedonia: 1.0
  - Sleep Problems: 1.0
  - Fatigue: 1.0
  - Appetite Changes: 0.0
  - Feelings of Worthlessness: 1.0
  - Concentration Difficulties: 0.0
  - Suicidal Thoughts: 0.0

Respondent 116:
- Year of birth: 2004.0
- Gender: 1.0
- Socio-economic status: 5.0
- Ethnic identity: 6.0
- Parental Education:
  - Father: 17.0
  - Mother: 17.0
- Life satisfaction: 8.0
- Happiness: 8.0
- Laughter: 7.0
- Learning: 7.0
- Enjoyment: 9.0
- Worry: 1.0
- Depression: 1.0
- Anger: 2.0
- Stress: 3.0
- Loneliness: 1.0
- Emotional Regulation Frequency:
  - Upset by Unexpected Events: 2.0
  - Unable to Control Important Things: 2.0
  - Lacked Confidence Handling Problems: 3.0
  - Unable to Cope: 2.0
  - Irritated by Life: 3.0
  - On Top of Things: 2.0
- Anxiety Symptoms Frequency:
  - Feeling Nervous or On Edge: 2.0
  - Trouble Relaxing: 1.0
  - Restlessness: 2.0
  - Irritability: 1.0
  - Fear Something Awful Might Happen: 2.0
- Depressive Symptoms Frequency:
  - Anhedonia: 1.0
  - Sleep Problems: 0.0
  - Fatigue: 2.0
  - Appetite Changes: 2.0
  - Feelings of Worthlessness: 1.0
  - Concentration Difficulties: 2.0
  - Suicidal Thoughts: 0.0

Answer: 2

Survey Data
==================================================

Questions:
1. Year of birth: What is your date of birth? [Open-ended]
2. Gender: What is your gender? [MCQ: 1. Male 2. Female]
3. Socio-economic status: What is the socio-economic status of your home? [Likert 1–6: 1 = Very low, 6 = Very high]
4. Ethnic identity: According to your culture, people, or physical features, you are or are recognized as: [MCQ: 1. Indigenous 2. Gypsy 3. Raizal from San Andres, Providencia and Santa Catalina Archipelago 4. Palenquero from San Basilio 5. Black, mulatto (Afro-descendant), Afro-Colombian 6. None of the above]
5. Parental Education: How many years of education did your parents receive? [Open-ended]
   - Father: Father?
   - Mother: Mother?
6. Life satisfaction: In general, how satisfied are you with all aspects of your life? [Likert 0–10: 0 = Not satisfied, 10 = Totally satisfied]
7. Happiness: How happy did you feel yesterday? [Likert 0–10: 0 = At no time, 10 = All the time]
8. Laughter: How much did you laugh yesterday? [Likert 0–10: 0 = At no time, 10 = All the time]
9. Learning: Did you learn new or exciting things yesterday? [Likert 0–10: 0 = At no time, 10 = All the time]
10. Enjoyment: How much did you enjoy the activities you did yesterday? [Likert 0–10: 0 = At no time, 10 = All the time]
11. Worry: How worried did you feel yesterday? [Likert 0–10: 0 = At no time, 10 = All the time]
12. Depression: How depressed did you feel yesterday? [Likert 0–10: 0 = At no time, 10 = All the time]
13. Anger: How angry did you feel yesterday? [Likert 0–10: 0 = At no time, 10 = All the time]
14. Stress: How much stress did you feel yesterday? [Likert 0–10: 0 = At no time, 10 = All the time]
15. Loneliness: How lonely or unsupported did you feel yesterday? [Likert 0–10: 0 = At no time, 10 = All the time]
16. Emotional Regulation Frequency: Next, you will be asked questions about your emotional state. Please answer on a scale of 0 to 4, where 0 is never, 1 is 'almost never', 2 is 'sometimes', 3 is 'fairly often', and 4 is 'very often', how often you experienced the following feelings during the last month: [Likert 0–4]
    - Upset by Unexpected Events: how often have you been upset because of something that happened unexpectedly?
    - Unable to Control Important Things: how often have you felt that you were unable to control the important things in your life?
    - Nervous and Stressed: how often have you felt nervous and stressed?
    - Lacked Confidence Handling Problems: how often have you felt confident about your ability to handle your personal problems?
    - Things Going Your Way: how often have you felt that things were going your way?
    - Unable to Cope: how often have you found that you could not cope with all the things that you had to do?
    - Irritated by Life: how often have you been able to control irritations in your life?
    - On Top of Things: how often have you felt that you were on top of things?
    - Angered by Uncontrollable Events: how often have you been angered because of things that happened that were outside of your control?
    - Felt Overwhelmed: how often have you felt difficulties were piling up so high that you could not overcome them?
17. Anxiety Symptoms Frequency: Next, you will be asked questions about your emotional state. Please answer on a scale of 0 to 3, where 0 is 'Not at all', 1 is 'several days', 2 is 'more than half of the days', and 3 is 'Nearly every day'. Over the last two weeks, how often have you been bothered by the following problems? [Likert 0–3]
    - Feeling Nervous or On Edge: Feeling nervous, anxious, or on edge
    - Uncontrollable Worrying: Not being able to stop or control worrying
    - Excessive Worry: Worrying too much about different things
    - Trouble Relaxing: Trouble relaxing
    - Restlessness: Being so restless that it is hard to sit still
    - Irritability: Becoming easily annoyed or irritable
    - Fear Something Awful Might Happen: Feeling afraid, as if something awful might happen
18. Depressive Symptoms Frequency: Next, you will be asked questions about your emotional state. Please answer on a scale of 0 to 3, where 0 is 'Not at all', 1 is 'several days', 2 is 'more than half of the days', and 3 is 'Nearly every day'. Over the last two weeks, how often have you been bothered by the following problems?
    - Anhedonia: Little interest or pleasure in doing things
    - Depressed Mood: Feeling down, depressed, or hopeless
    - Sleep Problems: Trouble falling or staying asleep, or sleeping too much
    - Fatigue: Feeling tired or having little energy
    - Appetite Changes: Poor appetite or overeating
    - Feelings of Worthlessness: Feeling bad about yourself or that you are a failure or have let yourself or your family down
    - Concentration Difficulties: Trouble concentrating on things, such as reading the newspaper or watching television
    - Psychomotor Changes: Moving or speaking so slowly that other people could have noticed. Or the opposite — being so fidgety or restless that you have been moving around a lot more than usual
    - Suicidal Thoughts: Thoughts that you would be better off dead, or of hurting yourself

Responses:
==================================================

Respondent 27:
- Year of birth: 2003.0
- Gender: 2.0
- Socio-economic status: 3.0
- Ethnic identity: 6.0
- Parental Education:
  - Father: 12.0
- Life satisfaction: 7.0
- Happiness: 10.0
- Laughter: 6.0
- Learning: 4.0
- Enjoyment: 9.0
- Worry: 1.0
- Depression: 0.0
- Anger: 2.0
- Stress: 3.0
- Loneliness: 0.0
- Emotional Regulation Frequency:
  - Upset by Unexpected Events: 2.0
  - Unable to Control Important Things: 2.0
  - Lacked Confidence Handling Problems: 3.0
  - Unable to Cope: 1.0
  - Irritated by Life: 3.0
  - On Top of Things: 1.0
- Anxiety Symptoms Frequency:
  - Feeling Nervous or On Edge: 0.0
  - Trouble Relaxing: 1.0
  - Restlessness: 1.0
  - Irritability: 1.0
  - Fear Something Awful Might Happen: 1.0
- Depressive Symptoms Frequency:
  - Anhedonia: 0.0
  - Sleep Problems: 0.0
  - Fatigue: 0.0
  - Appetite Changes: 0.0
  - Feelings of Worthlessness: 1.0
  - Concentration Difficulties: 1.0
  - Suicidal Thoughts: 0.0

Respondent 138:
- Year of birth: 2003.0
- Gender: 1.0
- Socio-economic status: 3.0
- Ethnic identity: 6.0
- Parental Education:
  - Father: 11.0
- Life satisfaction: 6.0
- Happiness: 8.0
- Laughter: 6.0
- Learning: 4.0
- Enjoyment: 5.0
- Worry: 3.0
- Depression: 1.0
- Anger: 3.0
- Stress: 4.0
- Loneliness: 0.0
- Emotional Regulation Frequency:
  - Upset by Unexpected Events: 2.0
  - Unable to Control Important Things: 3.0
  - Lacked Confidence Handling Problems: 2.0
  - Unable to Cope: 4.0
  - Irritated by Life: 2.0
  - On Top of Things: 0.0
- Anxiety Symptoms Frequency:
  - Feeling Nervous or On Edge: 3.0
  - Trouble Relaxing: 2.0
  - Restlessness: 2.0
  - Irritability: 2.0
  - Fear Something Awful Might Happen: 2.0
- Depressive Symptoms Frequency:
  - Anhedonia: 2.0
  - Sleep Problems: 1.0
  - Fatigue: 3.0
  - Appetite Changes: 2.0
  - Feelings of Worthlessness: 1.0
  - Concentration Difficulties: 3.0
  - Suicidal Thoughts: 0.0

Respondent 81:
- Year of birth: 2003.0
- Gender: 2.0
- Socio-economic status: 3.0
- Ethnic identity: 6.0
- Life satisfaction: 6.0
- Happiness: 5.0
- Laughter: 3.0
- Learning: 8.0
- Enjoyment: 6.0
- Worry: 1.0
- Depression: 0.0
- Anger: 2.0
- Stress: 2.0
- Loneliness: 6.0
- Emotional Regulation Frequency:
  - Upset by Unexpected Events: 2.0
  - Unable to Control Important Things: 1.0
  - Lacked Confidence Handling Problems: 3.0
  - Unable to Cope: 1.0
  - Irritated by Life: 3.0
  - On Top of Things: 2.0
- Anxiety Symptoms Frequency:
  - Feeling Nervous or On Edge: 1.0
  - Trouble Relaxing: 1.0
  - Restlessness: 0.0
  - Irritability: 1.0
  - Fear Something Awful Might Happen: 1.0
- Depressive Symptoms Frequency:
  - Anhedonia: 1.0
  - Sleep Problems: 1.0
  - Fatigue: 1.0
  - Appetite Changes: 1.0
  - Feelings of Worthlessness: 1.0
  - Concentration Difficulties: 1.0
  - Suicidal Thoughts: 0.0

Respondent 32:
- Year of birth: 2004.0
- Gender: 1.0
- Socio-economic status: 3.0
- Ethnic identity: 6.0
- Parental Education:
  - Father: 16.0
  - Mother: 10.0
- Life satisfaction: 8.0
- Happiness: 10.0
- Laughter: 10.0
- Learning: 6.0
- Enjoyment: 10.0
- Worry: 1.0
- Depression: 0.0
- Anger: 3.0
- Stress: 3.0
- Loneliness: 0.0
- Emotional Regulation Frequency:
  - Upset by Unexpected Events: 2.0
  - Unable to Control Important Things: 3.0
  - Lacked Confidence Handling Problems: 2.0
  - Unable to Cope: 2.0
  - Irritated by Life: 2.0
  - On Top of Things: 2.0
- Anxiety Symptoms Frequency:
  - Feeling Nervous or On Edge: 1.0
  - Trouble Relaxing: 0.0
  - Restlessness: 0.0
  - Irritability: 2.0
  - Fear Something Awful Might Happen: 1.0
- Depressive Symptoms Frequency:
  - Anhedonia: 0.0
  - Sleep Problems: 2.0
  - Fatigue: 1.0
  - Appetite Changes: 0.0
  - Feelings of Worthlessness: 0.0
  - Concentration Difficulties: 2.0
  - Suicidal Thoughts: 0.0

You are a meticulous data analyst AI. Your primary function is to accurately analyze structured data and provide precise, verifiable answers.

You will be given a dataset with two key parts:

A 'questions' section: This is your data dictionary or schema. It is the single source of truth for understanding what each field and score means. Refer to it carefully.

A 'responses' section: This contains the raw data from each individual respondent.

To answer the question correctly, you must first use the 'questions' schema to fully understand the context and meaning of the data points within the 'responses'. Do not rely on any prior knowledge outside of this provided data. Base your entire analysis on the information given.

Provide your final answer directly and concisely. Output must be the human-readable value, not an option code.

Rules:
- For MCQ fields, map any letter codes in the Responses (case-insensitive) to the corresponding option text from the Questions schema, and output only that text. Do NOT include the letter or both.
  Example: If the schema is ""[MCQ: A. Abnormal B. Inconclusive C. Normal]"" and the response is ""a"", output ""Abnormal"".
- For open-ended fields, output the exact text value.
- If the question asks for a count, provide only the number (e.g., ""42"").
- If the question asks for a list of names or IDs, provide a simple comma-separated list (e.g., ""17, 21, 23"").
- Preserve capitalization exactly as in the schema (e.g., output ""Abnormal"", not ""abnormal"" or ""A"").

How many respondents are there?",4,True
case_33,respondent_count,How many respondents are there?,"Survey Data
==================================================

Questions:
1. Year of birth: What is your date of birth? [Open-ended]
2. Gender: What is your gender? [MCQ: 1. Male 2. Female]
3. Socio-economic status: What is the socio-economic status of your home? [Likert 1–6: 1 = Very low, 6 = Very high]
4. Ethnic identity: According to your culture, people, or physical features, you are or are recognized as: [MCQ: 1. Indigenous 2. Gypsy 3. Raizal from San Andres, Providencia and Santa Catalina Archipelago 4. Palenquero from San Basilio 5. Black, mulatto (Afro-descendant), Afro-Colombian 6. None of the above]
5. Parental Education: How many years of education did your parents receive? [Open-ended]
   - Father: Father?
   - Mother: Mother?
6. Life satisfaction: In general, how satisfied are you with all aspects of your life? [Likert 0–10: 0 = Not satisfied, 10 = Totally satisfied]
7. Happiness: How happy did you feel yesterday? [Likert 0–10: 0 = At no time, 10 = All the time]
8. Laughter: How much did you laugh yesterday? [Likert 0–10: 0 = At no time, 10 = All the time]
9. Learning: Did you learn new or exciting things yesterday? [Likert 0–10: 0 = At no time, 10 = All the time]
10. Enjoyment: How much did you enjoy the activities you did yesterday? [Likert 0–10: 0 = At no time, 10 = All the time]
11. Worry: How worried did you feel yesterday? [Likert 0–10: 0 = At no time, 10 = All the time]
12. Depression: How depressed did you feel yesterday? [Likert 0–10: 0 = At no time, 10 = All the time]
13. Anger: How angry did you feel yesterday? [Likert 0–10: 0 = At no time, 10 = All the time]
14. Stress: How much stress did you feel yesterday? [Likert 0–10: 0 = At no time, 10 = All the time]
15. Loneliness: How lonely or unsupported did you feel yesterday? [Likert 0–10: 0 = At no time, 10 = All the time]
16. Emotional Regulation Frequency: Next, you will be asked questions about your emotional state. Please answer on a scale of 0 to 4, where 0 is never, 1 is 'almost never', 2 is 'sometimes', 3 is 'fairly often', and 4 is 'very often', how often you experienced the following feelings during the last month: [Likert 0–4]
    - Upset by Unexpected Events: how often have you been upset because of something that happened unexpectedly?
    - Unable to Control Important Things: how often have you felt that you were unable to control the important things in your life?
    - Nervous and Stressed: how often have you felt nervous and stressed?
    - Lacked Confidence Handling Problems: how often have you felt confident about your ability to handle your personal problems?
    - Things Going Your Way: how often have you felt that things were going your way?
    - Unable to Cope: how often have you found that you could not cope with all the things that you had to do?
    - Irritated by Life: how often have you been able to control irritations in your life?
    - On Top of Things: how often have you felt that you were on top of things?
    - Angered by Uncontrollable Events: how often have you been angered because of things that happened that were outside of your control?
    - Felt Overwhelmed: how often have you felt difficulties were piling up so high that you could not overcome them?
17. Anxiety Symptoms Frequency: Next, you will be asked questions about your emotional state. Please answer on a scale of 0 to 3, where 0 is 'Not at all', 1 is 'several days', 2 is 'more than half of the days', and 3 is 'Nearly every day'. Over the last two weeks, how often have you been bothered by the following problems? [Likert 0–3]
    - Feeling Nervous or On Edge: Feeling nervous, anxious, or on edge
    - Uncontrollable Worrying: Not being able to stop or control worrying
    - Excessive Worry: Worrying too much about different things
    - Trouble Relaxing: Trouble relaxing
    - Restlessness: Being so restless that it is hard to sit still
    - Irritability: Becoming easily annoyed or irritable
    - Fear Something Awful Might Happen: Feeling afraid, as if something awful might happen
18. Depressive Symptoms Frequency: Next, you will be asked questions about your emotional state. Please answer on a scale of 0 to 3, where 0 is 'Not at all', 1 is 'several days', 2 is 'more than half of the days', and 3 is 'Nearly every day'. Over the last two weeks, how often have you been bothered by the following problems?
    - Anhedonia: Little interest or pleasure in doing things
    - Depressed Mood: Feeling down, depressed, or hopeless
    - Sleep Problems: Trouble falling or staying asleep, or sleeping too much
    - Fatigue: Feeling tired or having little energy
    - Appetite Changes: Poor appetite or overeating
    - Feelings of Worthlessness: Feeling bad about yourself or that you are a failure or have let yourself or your family down
    - Concentration Difficulties: Trouble concentrating on things, such as reading the newspaper or watching television
    - Psychomotor Changes: Moving or speaking so slowly that other people could have noticed. Or the opposite — being so fidgety or restless that you have been moving around a lot more than usual
    - Suicidal Thoughts: Thoughts that you would be better off dead, or of hurting yourself

Responses:
==================================================

Respondent 145:
- Year of birth: 2005.0
- Gender: 2.0
- Socio-economic status: 1.0
- Ethnic identity: 6.0
- Parental Education:
  - Father: 11.0
  - Mother: 11.0
- Life satisfaction: 6.0
- Happiness: 5.0
- Laughter: 5.0
- Learning: 8.0
- Enjoyment: 7.0
- Worry: 1.0
- Depression: 1.0
- Anger: 3.0
- Stress: 3.0
- Loneliness: 3.0
- Emotional Regulation Frequency:
  - Upset by Unexpected Events: 3.0
  - Unable to Control Important Things: 1.0
  - Lacked Confidence Handling Problems: 2.0
  - Unable to Cope: 3.0
  - Irritated by Life: 2.0
  - On Top of Things: 2.0
- Anxiety Symptoms Frequency:
  - Feeling Nervous or On Edge: 2.0
  - Trouble Relaxing: 1.0
  - Restlessness: 2.0
  - Irritability: 3.0
  - Fear Something Awful Might Happen: 2.0
- Depressive Symptoms Frequency:
  - Anhedonia: 1.0
  - Sleep Problems: 1.0
  - Fatigue: 2.0
  - Appetite Changes: 3.0
  - Feelings of Worthlessness: 3.0
  - Concentration Difficulties: 2.0
  - Suicidal Thoughts: 1.0

Respondent 90:
- Year of birth: 2004.0
- Gender: 1.0
- Socio-economic status: 5.0
- Ethnic identity: 6.0
- Life satisfaction: 8.0
- Happiness: 5.0
- Laughter: 5.0
- Learning: 7.0
- Enjoyment: 6.0
- Worry: 1.0
- Depression: 1.0
- Anger: 2.0
- Stress: 2.0
- Loneliness: 8.0
- Emotional Regulation Frequency:
  - Upset by Unexpected Events: 2.0
  - Unable to Control Important Things: 2.0
  - Lacked Confidence Handling Problems: 2.0
  - Unable to Cope: 1.0
  - Irritated by Life: 3.0
  - On Top of Things: 3.0
- Anxiety Symptoms Frequency:
  - Feeling Nervous or On Edge: 1.0
  - Trouble Relaxing: 2.0
  - Restlessness: 2.0
  - Irritability: 1.0
  - Fear Something Awful Might Happen: 2.0
- Depressive Symptoms Frequency:
  - Anhedonia: 2.0
  - Sleep Problems: 3.0
  - Fatigue: 1.0
  - Appetite Changes: 2.0
  - Feelings of Worthlessness: 1.0
  - Concentration Difficulties: 1.0
  - Suicidal Thoughts: 1.0

Respondent 26:
- Year of birth: 2005.0
- Gender: 2.0
- Socio-economic status: 3.0
- Ethnic identity: 5.0
- Parental Education:
  - Father: 16.0
  - Mother: 16.0
- Life satisfaction: 7.0
- Happiness: 8.0
- Laughter: 9.0
- Learning: 9.0
- Enjoyment: 6.0
- Worry: 2.0
- Depression: 0.0
- Anger: 1.0
- Stress: 3.0
- Loneliness: 4.0
- Emotional Regulation Frequency:
  - Upset by Unexpected Events: 1.0
  - Unable to Control Important Things: 2.0
  - Lacked Confidence Handling Problems: 3.0
  - Unable to Cope: 2.0
  - Irritated by Life: 3.0
  - On Top of Things: 2.0
- Anxiety Symptoms Frequency:
  - Feeling Nervous or On Edge: 1.0
  - Trouble Relaxing: 2.0
  - Restlessness: 0.0
  - Irritability: 0.0
  - Fear Something Awful Might Happen: 0.0
- Depressive Symptoms Frequency:
  - Anhedonia: 1.0
  - Sleep Problems: 0.0
  - Fatigue: 2.0
  - Appetite Changes: 1.0
  - Feelings of Worthlessness: 0.0
  - Concentration Difficulties: 1.0
  - Suicidal Thoughts: 0.0

Respondent 121:
- Year of birth: 2002.0
- Gender: 1.0
- Socio-economic status: 6.0
- Ethnic identity: 6.0
- Parental Education:
  - Father: 17.0
  - Mother: 15.0
- Life satisfaction: 9.0
- Happiness: 7.0
- Laughter: 7.0
- Learning: 10.0
- Enjoyment: 9.0
- Worry: 2.0
- Depression: 0.0
- Anger: 2.0
- Stress: 1.0
- Loneliness: 0.0
- Emotional Regulation Frequency:
  - Upset by Unexpected Events: 1.0
  - Unable to Control Important Things: 1.0
  - Lacked Confidence Handling Problems: 3.0
  - Unable to Cope: 2.0
  - Irritated by Life: 2.0
  - On Top of Things: 2.0
- Anxiety Symptoms Frequency:
  - Feeling Nervous or On Edge: 1.0
  - Trouble Relaxing: 0.0
  - Restlessness: 0.0
  - Irritability: 0.0
  - Fear Something Awful Might Happen: 0.0
- Depressive Symptoms Frequency:
  - Anhedonia: 1.0
  - Sleep Problems: 0.0
  - Fatigue: 1.0
  - Appetite Changes: 0.0
  - Feelings of Worthlessness: 0.0
  - Concentration Difficulties: 0.0
  - Suicidal Thoughts: 0.0

Respondent 52:
- Year of birth: 2005.0
- Gender: 1.0
- Socio-economic status: 1.0
- Ethnic identity: 6.0
- Parental Education:
  - Father: 12.0
  - Mother: 12.0
- Life satisfaction: 8.0
- Happiness: 8.0
- Laughter: 8.0
- Learning: 5.0
- Enjoyment: 5.0
- Worry: 1.0
- Depression: 0.0
- Anger: 2.0
- Stress: 2.0
- Loneliness: 1.0
- Emotional Regulation Frequency:
  - Upset by Unexpected Events: 2.0
  - Unable to Control Important Things: 1.0
  - Lacked Confidence Handling Problems: 3.0
  - Unable to Cope: 2.0
  - Irritated by Life: 3.0
  - On Top of Things: 2.0
- Anxiety Symptoms Frequency:
  - Feeling Nervous or On Edge: 0.0
  - Trouble Relaxing: 0.0
  - Restlessness: 0.0
  - Irritability: 0.0
  - Fear Something Awful Might Happen: 0.0
- Depressive Symptoms Frequency:
  - Anhedonia: 1.0
  - Sleep Problems: 0.0
  - Fatigue: 1.0
  - Appetite Changes: 0.0
  - Feelings of Worthlessness: 1.0
  - Concentration Difficulties: 1.0
  - Suicidal Thoughts: 0.0
",5,"How many respondents are there?

DATA:

Survey Data
==================================================

Questions:
1. Year of birth: What is your date of birth? [Open-ended]
2. Gender: What is your gender? [MCQ: 1. Male 2. Female]
3. Socio-economic status: What is the socio-economic status of your home? [Likert 1–6: 1 = Very low, 6 = Very high]
4. Ethnic identity: According to your culture, people, or physical features, you are or are recognized as: [MCQ: 1. Indigenous 2. Gypsy 3. Raizal from San Andres, Providencia and Santa Catalina Archipelago 4. Palenquero from San Basilio 5. Black, mulatto (Afro-descendant), Afro-Colombian 6. None of the above]
5. Parental Education: How many years of education did your parents receive? [Open-ended]
   - Father: Father?
   - Mother: Mother?
6. Life satisfaction: In general, how satisfied are you with all aspects of your life? [Likert 0–10: 0 = Not satisfied, 10 = Totally satisfied]
7. Happiness: How happy did you feel yesterday? [Likert 0–10: 0 = At no time, 10 = All the time]
8. Laughter: How much did you laugh yesterday? [Likert 0–10: 0 = At no time, 10 = All the time]
9. Learning: Did you learn new or exciting things yesterday? [Likert 0–10: 0 = At no time, 10 = All the time]
10. Enjoyment: How much did you enjoy the activities you did yesterday? [Likert 0–10: 0 = At no time, 10 = All the time]
11. Worry: How worried did you feel yesterday? [Likert 0–10: 0 = At no time, 10 = All the time]
12. Depression: How depressed did you feel yesterday? [Likert 0–10: 0 = At no time, 10 = All the time]
13. Anger: How angry did you feel yesterday? [Likert 0–10: 0 = At no time, 10 = All the time]
14. Stress: How much stress did you feel yesterday? [Likert 0–10: 0 = At no time, 10 = All the time]
15. Loneliness: How lonely or unsupported did you feel yesterday? [Likert 0–10: 0 = At no time, 10 = All the time]
16. Emotional Regulation Frequency: Next, you will be asked questions about your emotional state. Please answer on a scale of 0 to 4, where 0 is never, 1 is 'almost never', 2 is 'sometimes', 3 is 'fairly often', and 4 is 'very often', how often you experienced the following feelings during the last month: [Likert 0–4]
    - Upset by Unexpected Events: how often have you been upset because of something that happened unexpectedly?
    - Unable to Control Important Things: how often have you felt that you were unable to control the important things in your life?
    - Nervous and Stressed: how often have you felt nervous and stressed?
    - Lacked Confidence Handling Problems: how often have you felt confident about your ability to handle your personal problems?
    - Things Going Your Way: how often have you felt that things were going your way?
    - Unable to Cope: how often have you found that you could not cope with all the things that you had to do?
    - Irritated by Life: how often have you been able to control irritations in your life?
    - On Top of Things: how often have you felt that you were on top of things?
    - Angered by Uncontrollable Events: how often have you been angered because of things that happened that were outside of your control?
    - Felt Overwhelmed: how often have you felt difficulties were piling up so high that you could not overcome them?
17. Anxiety Symptoms Frequency: Next, you will be asked questions about your emotional state. Please answer on a scale of 0 to 3, where 0 is 'Not at all', 1 is 'several days', 2 is 'more than half of the days', and 3 is 'Nearly every day'. Over the last two weeks, how often have you been bothered by the following problems? [Likert 0–3]
    - Feeling Nervous or On Edge: Feeling nervous, anxious, or on edge
    - Uncontrollable Worrying: Not being able to stop or control worrying
    - Excessive Worry: Worrying too much about different things
    - Trouble Relaxing: Trouble relaxing
    - Restlessness: Being so restless that it is hard to sit still
    - Irritability: Becoming easily annoyed or irritable
    - Fear Something Awful Might Happen: Feeling afraid, as if something awful might happen
18. Depressive Symptoms Frequency: Next, you will be asked questions about your emotional state. Please answer on a scale of 0 to 3, where 0 is 'Not at all', 1 is 'several days', 2 is 'more than half of the days', and 3 is 'Nearly every day'. Over the last two weeks, how often have you been bothered by the following problems?
    - Anhedonia: Little interest or pleasure in doing things
    - Depressed Mood: Feeling down, depressed, or hopeless
    - Sleep Problems: Trouble falling or staying asleep, or sleeping too much
    - Fatigue: Feeling tired or having little energy
    - Appetite Changes: Poor appetite or overeating
    - Feelings of Worthlessness: Feeling bad about yourself or that you are a failure or have let yourself or your family down
    - Concentration Difficulties: Trouble concentrating on things, such as reading the newspaper or watching television
    - Psychomotor Changes: Moving or speaking so slowly that other people could have noticed. Or the opposite — being so fidgety or restless that you have been moving around a lot more than usual
    - Suicidal Thoughts: Thoughts that you would be better off dead, or of hurting yourself

Responses:
==================================================

Respondent 119:
- Year of birth: 2004.0
- Gender: 1.0
- Socio-economic status: 1.0
- Ethnic identity: 6.0
- Life satisfaction: 4.0
- Happiness: 8.0
- Laughter: 8.0
- Learning: 8.0
- Enjoyment: 8.0
- Worry: 1.0
- Depression: 1.0
- Anger: 2.0
- Stress: 2.0
- Loneliness: 2.0
- Emotional Regulation Frequency:
  - Upset by Unexpected Events: 2.0
  - Unable to Control Important Things: 2.0
  - Lacked Confidence Handling Problems: 2.0
  - Unable to Cope: 2.0
  - Irritated by Life: 2.0
  - On Top of Things: 2.0
- Anxiety Symptoms Frequency:
  - Feeling Nervous or On Edge: 1.0
  - Trouble Relaxing: 1.0
  - Restlessness: 1.0
  - Irritability: 1.0
  - Fear Something Awful Might Happen: 1.0
- Depressive Symptoms Frequency:
  - Anhedonia: 1.0
  - Sleep Problems: 1.0
  - Fatigue: 1.0
  - Appetite Changes: 0.0
  - Feelings of Worthlessness: 1.0
  - Concentration Difficulties: 0.0
  - Suicidal Thoughts: 0.0

Respondent 116:
- Year of birth: 2004.0
- Gender: 1.0
- Socio-economic status: 5.0
- Ethnic identity: 6.0
- Parental Education:
  - Father: 17.0
  - Mother: 17.0
- Life satisfaction: 8.0
- Happiness: 8.0
- Laughter: 7.0
- Learning: 7.0
- Enjoyment: 9.0
- Worry: 1.0
- Depression: 1.0
- Anger: 2.0
- Stress: 3.0
- Loneliness: 1.0
- Emotional Regulation Frequency:
  - Upset by Unexpected Events: 2.0
  - Unable to Control Important Things: 2.0
  - Lacked Confidence Handling Problems: 3.0
  - Unable to Cope: 2.0
  - Irritated by Life: 3.0
  - On Top of Things: 2.0
- Anxiety Symptoms Frequency:
  - Feeling Nervous or On Edge: 2.0
  - Trouble Relaxing: 1.0
  - Restlessness: 2.0
  - Irritability: 1.0
  - Fear Something Awful Might Happen: 2.0
- Depressive Symptoms Frequency:
  - Anhedonia: 1.0
  - Sleep Problems: 0.0
  - Fatigue: 2.0
  - Appetite Changes: 2.0
  - Feelings of Worthlessness: 1.0
  - Concentration Difficulties: 2.0
  - Suicidal Thoughts: 0.0

Answer: 2

Survey Data
==================================================

Questions:
1. Year of birth: What is your date of birth? [Open-ended]
2. Gender: What is your gender? [MCQ: 1. Male 2. Female]
3. Socio-economic status: What is the socio-economic status of your home? [Likert 1–6: 1 = Very low, 6 = Very high]
4. Ethnic identity: According to your culture, people, or physical features, you are or are recognized as: [MCQ: 1. Indigenous 2. Gypsy 3. Raizal from San Andres, Providencia and Santa Catalina Archipelago 4. Palenquero from San Basilio 5. Black, mulatto (Afro-descendant), Afro-Colombian 6. None of the above]
5. Parental Education: How many years of education did your parents receive? [Open-ended]
   - Father: Father?
   - Mother: Mother?
6. Life satisfaction: In general, how satisfied are you with all aspects of your life? [Likert 0–10: 0 = Not satisfied, 10 = Totally satisfied]
7. Happiness: How happy did you feel yesterday? [Likert 0–10: 0 = At no time, 10 = All the time]
8. Laughter: How much did you laugh yesterday? [Likert 0–10: 0 = At no time, 10 = All the time]
9. Learning: Did you learn new or exciting things yesterday? [Likert 0–10: 0 = At no time, 10 = All the time]
10. Enjoyment: How much did you enjoy the activities you did yesterday? [Likert 0–10: 0 = At no time, 10 = All the time]
11. Worry: How worried did you feel yesterday? [Likert 0–10: 0 = At no time, 10 = All the time]
12. Depression: How depressed did you feel yesterday? [Likert 0–10: 0 = At no time, 10 = All the time]
13. Anger: How angry did you feel yesterday? [Likert 0–10: 0 = At no time, 10 = All the time]
14. Stress: How much stress did you feel yesterday? [Likert 0–10: 0 = At no time, 10 = All the time]
15. Loneliness: How lonely or unsupported did you feel yesterday? [Likert 0–10: 0 = At no time, 10 = All the time]
16. Emotional Regulation Frequency: Next, you will be asked questions about your emotional state. Please answer on a scale of 0 to 4, where 0 is never, 1 is 'almost never', 2 is 'sometimes', 3 is 'fairly often', and 4 is 'very often', how often you experienced the following feelings during the last month: [Likert 0–4]
    - Upset by Unexpected Events: how often have you been upset because of something that happened unexpectedly?
    - Unable to Control Important Things: how often have you felt that you were unable to control the important things in your life?
    - Nervous and Stressed: how often have you felt nervous and stressed?
    - Lacked Confidence Handling Problems: how often have you felt confident about your ability to handle your personal problems?
    - Things Going Your Way: how often have you felt that things were going your way?
    - Unable to Cope: how often have you found that you could not cope with all the things that you had to do?
    - Irritated by Life: how often have you been able to control irritations in your life?
    - On Top of Things: how often have you felt that you were on top of things?
    - Angered by Uncontrollable Events: how often have you been angered because of things that happened that were outside of your control?
    - Felt Overwhelmed: how often have you felt difficulties were piling up so high that you could not overcome them?
17. Anxiety Symptoms Frequency: Next, you will be asked questions about your emotional state. Please answer on a scale of 0 to 3, where 0 is 'Not at all', 1 is 'several days', 2 is 'more than half of the days', and 3 is 'Nearly every day'. Over the last two weeks, how often have you been bothered by the following problems? [Likert 0–3]
    - Feeling Nervous or On Edge: Feeling nervous, anxious, or on edge
    - Uncontrollable Worrying: Not being able to stop or control worrying
    - Excessive Worry: Worrying too much about different things
    - Trouble Relaxing: Trouble relaxing
    - Restlessness: Being so restless that it is hard to sit still
    - Irritability: Becoming easily annoyed or irritable
    - Fear Something Awful Might Happen: Feeling afraid, as if something awful might happen
18. Depressive Symptoms Frequency: Next, you will be asked questions about your emotional state. Please answer on a scale of 0 to 3, where 0 is 'Not at all', 1 is 'several days', 2 is 'more than half of the days', and 3 is 'Nearly every day'. Over the last two weeks, how often have you been bothered by the following problems?
    - Anhedonia: Little interest or pleasure in doing things
    - Depressed Mood: Feeling down, depressed, or hopeless
    - Sleep Problems: Trouble falling or staying asleep, or sleeping too much
    - Fatigue: Feeling tired or having little energy
    - Appetite Changes: Poor appetite or overeating
    - Feelings of Worthlessness: Feeling bad about yourself or that you are a failure or have let yourself or your family down
    - Concentration Difficulties: Trouble concentrating on things, such as reading the newspaper or watching television
    - Psychomotor Changes: Moving or speaking so slowly that other people could have noticed. Or the opposite — being so fidgety or restless that you have been moving around a lot more than usual
    - Suicidal Thoughts: Thoughts that you would be better off dead, or of hurting yourself

Responses:
==================================================

Respondent 145:
- Year of birth: 2005.0
- Gender: 2.0
- Socio-economic status: 1.0
- Ethnic identity: 6.0
- Parental Education:
  - Father: 11.0
  - Mother: 11.0
- Life satisfaction: 6.0
- Happiness: 5.0
- Laughter: 5.0
- Learning: 8.0
- Enjoyment: 7.0
- Worry: 1.0
- Depression: 1.0
- Anger: 3.0
- Stress: 3.0
- Loneliness: 3.0
- Emotional Regulation Frequency:
  - Upset by Unexpected Events: 3.0
  - Unable to Control Important Things: 1.0
  - Lacked Confidence Handling Problems: 2.0
  - Unable to Cope: 3.0
  - Irritated by Life: 2.0
  - On Top of Things: 2.0
- Anxiety Symptoms Frequency:
  - Feeling Nervous or On Edge: 2.0
  - Trouble Relaxing: 1.0
  - Restlessness: 2.0
  - Irritability: 3.0
  - Fear Something Awful Might Happen: 2.0
- Depressive Symptoms Frequency:
  - Anhedonia: 1.0
  - Sleep Problems: 1.0
  - Fatigue: 2.0
  - Appetite Changes: 3.0
  - Feelings of Worthlessness: 3.0
  - Concentration Difficulties: 2.0
  - Suicidal Thoughts: 1.0

Respondent 90:
- Year of birth: 2004.0
- Gender: 1.0
- Socio-economic status: 5.0
- Ethnic identity: 6.0
- Life satisfaction: 8.0
- Happiness: 5.0
- Laughter: 5.0
- Learning: 7.0
- Enjoyment: 6.0
- Worry: 1.0
- Depression: 1.0
- Anger: 2.0
- Stress: 2.0
- Loneliness: 8.0
- Emotional Regulation Frequency:
  - Upset by Unexpected Events: 2.0
  - Unable to Control Important Things: 2.0
  - Lacked Confidence Handling Problems: 2.0
  - Unable to Cope: 1.0
  - Irritated by Life: 3.0
  - On Top of Things: 3.0
- Anxiety Symptoms Frequency:
  - Feeling Nervous or On Edge: 1.0
  - Trouble Relaxing: 2.0
  - Restlessness: 2.0
  - Irritability: 1.0
  - Fear Something Awful Might Happen: 2.0
- Depressive Symptoms Frequency:
  - Anhedonia: 2.0
  - Sleep Problems: 3.0
  - Fatigue: 1.0
  - Appetite Changes: 2.0
  - Feelings of Worthlessness: 1.0
  - Concentration Difficulties: 1.0
  - Suicidal Thoughts: 1.0

Respondent 26:
- Year of birth: 2005.0
- Gender: 2.0
- Socio-economic status: 3.0
- Ethnic identity: 5.0
- Parental Education:
  - Father: 16.0
  - Mother: 16.0
- Life satisfaction: 7.0
- Happiness: 8.0
- Laughter: 9.0
- Learning: 9.0
- Enjoyment: 6.0
- Worry: 2.0
- Depression: 0.0
- Anger: 1.0
- Stress: 3.0
- Loneliness: 4.0
- Emotional Regulation Frequency:
  - Upset by Unexpected Events: 1.0
  - Unable to Control Important Things: 2.0
  - Lacked Confidence Handling Problems: 3.0
  - Unable to Cope: 2.0
  - Irritated by Life: 3.0
  - On Top of Things: 2.0
- Anxiety Symptoms Frequency:
  - Feeling Nervous or On Edge: 1.0
  - Trouble Relaxing: 2.0
  - Restlessness: 0.0
  - Irritability: 0.0
  - Fear Something Awful Might Happen: 0.0
- Depressive Symptoms Frequency:
  - Anhedonia: 1.0
  - Sleep Problems: 0.0
  - Fatigue: 2.0
  - Appetite Changes: 1.0
  - Feelings of Worthlessness: 0.0
  - Concentration Difficulties: 1.0
  - Suicidal Thoughts: 0.0

Respondent 121:
- Year of birth: 2002.0
- Gender: 1.0
- Socio-economic status: 6.0
- Ethnic identity: 6.0
- Parental Education:
  - Father: 17.0
  - Mother: 15.0
- Life satisfaction: 9.0
- Happiness: 7.0
- Laughter: 7.0
- Learning: 10.0
- Enjoyment: 9.0
- Worry: 2.0
- Depression: 0.0
- Anger: 2.0
- Stress: 1.0
- Loneliness: 0.0
- Emotional Regulation Frequency:
  - Upset by Unexpected Events: 1.0
  - Unable to Control Important Things: 1.0
  - Lacked Confidence Handling Problems: 3.0
  - Unable to Cope: 2.0
  - Irritated by Life: 2.0
  - On Top of Things: 2.0
- Anxiety Symptoms Frequency:
  - Feeling Nervous or On Edge: 1.0
  - Trouble Relaxing: 0.0
  - Restlessness: 0.0
  - Irritability: 0.0
  - Fear Something Awful Might Happen: 0.0
- Depressive Symptoms Frequency:
  - Anhedonia: 1.0
  - Sleep Problems: 0.0
  - Fatigue: 1.0
  - Appetite Changes: 0.0
  - Feelings of Worthlessness: 0.0
  - Concentration Difficulties: 0.0
  - Suicidal Thoughts: 0.0

Respondent 52:
- Year of birth: 2005.0
- Gender: 1.0
- Socio-economic status: 1.0
- Ethnic identity: 6.0
- Parental Education:
  - Father: 12.0
  - Mother: 12.0
- Life satisfaction: 8.0
- Happiness: 8.0
- Laughter: 8.0
- Learning: 5.0
- Enjoyment: 5.0
- Worry: 1.0
- Depression: 0.0
- Anger: 2.0
- Stress: 2.0
- Loneliness: 1.0
- Emotional Regulation Frequency:
  - Upset by Unexpected Events: 2.0
  - Unable to Control Important Things: 1.0
  - Lacked Confidence Handling Problems: 3.0
  - Unable to Cope: 2.0
  - Irritated by Life: 3.0
  - On Top of Things: 2.0
- Anxiety Symptoms Frequency:
  - Feeling Nervous or On Edge: 0.0
  - Trouble Relaxing: 0.0
  - Restlessness: 0.0
  - Irritability: 0.0
  - Fear Something Awful Might Happen: 0.0
- Depressive Symptoms Frequency:
  - Anhedonia: 1.0
  - Sleep Problems: 0.0
  - Fatigue: 1.0
  - Appetite Changes: 0.0
  - Feelings of Worthlessness: 1.0
  - Concentration Difficulties: 1.0
  - Suicidal Thoughts: 0.0

You are a meticulous data analyst AI. Your primary function is to accurately analyze structured data and provide precise, verifiable answers.

You will be given a dataset with two key parts:

A 'questions' section: This is your data dictionary or schema. It is the single source of truth for understanding what each field and score means. Refer to it carefully.

A 'responses' section: This contains the raw data from each individual respondent.

To answer the question correctly, you must first use the 'questions' schema to fully understand the context and meaning of the data points within the 'responses'. Do not rely on any prior knowledge outside of this provided data. Base your entire analysis on the information given.

Provide your final answer directly and concisely. Output must be the human-readable value, not an option code.

Rules:
- For MCQ fields, map any letter codes in the Responses (case-insensitive) to the corresponding option text from the Questions schema, and output only that text. Do NOT include the letter or both.
  Example: If the schema is ""[MCQ: A. Abnormal B. Inconclusive C. Normal]"" and the response is ""a"", output ""Abnormal"".
- For open-ended fields, output the exact text value.
- If the question asks for a count, provide only the number (e.g., ""42"").
- If the question asks for a list of names or IDs, provide a simple comma-separated list (e.g., ""17, 21, 23"").
- Preserve capitalization exactly as in the schema (e.g., output ""Abnormal"", not ""abnormal"" or ""A"").

How many respondents are there?",7,False
case_34,respondent_count,How many respondents are there?,"Survey Data
==================================================

Questions:
1. Year of birth: What is your date of birth? [Open-ended]
2. Gender: What is your gender? [MCQ: 1. Male 2. Female]
3. Socio-economic status: What is the socio-economic status of your home? [Likert 1–6: 1 = Very low, 6 = Very high]
4. Ethnic identity: According to your culture, people, or physical features, you are or are recognized as: [MCQ: 1. Indigenous 2. Gypsy 3. Raizal from San Andres, Providencia and Santa Catalina Archipelago 4. Palenquero from San Basilio 5. Black, mulatto (Afro-descendant), Afro-Colombian 6. None of the above]
5. Parental Education: How many years of education did your parents receive? [Open-ended]
   - Father: Father?
   - Mother: Mother?
6. Life satisfaction: In general, how satisfied are you with all aspects of your life? [Likert 0–10: 0 = Not satisfied, 10 = Totally satisfied]
7. Happiness: How happy did you feel yesterday? [Likert 0–10: 0 = At no time, 10 = All the time]
8. Laughter: How much did you laugh yesterday? [Likert 0–10: 0 = At no time, 10 = All the time]
9. Learning: Did you learn new or exciting things yesterday? [Likert 0–10: 0 = At no time, 10 = All the time]
10. Enjoyment: How much did you enjoy the activities you did yesterday? [Likert 0–10: 0 = At no time, 10 = All the time]
11. Worry: How worried did you feel yesterday? [Likert 0–10: 0 = At no time, 10 = All the time]
12. Depression: How depressed did you feel yesterday? [Likert 0–10: 0 = At no time, 10 = All the time]
13. Anger: How angry did you feel yesterday? [Likert 0–10: 0 = At no time, 10 = All the time]
14. Stress: How much stress did you feel yesterday? [Likert 0–10: 0 = At no time, 10 = All the time]
15. Loneliness: How lonely or unsupported did you feel yesterday? [Likert 0–10: 0 = At no time, 10 = All the time]
16. Emotional Regulation Frequency: Next, you will be asked questions about your emotional state. Please answer on a scale of 0 to 4, where 0 is never, 1 is 'almost never', 2 is 'sometimes', 3 is 'fairly often', and 4 is 'very often', how often you experienced the following feelings during the last month: [Likert 0–4]
    - Upset by Unexpected Events: how often have you been upset because of something that happened unexpectedly?
    - Unable to Control Important Things: how often have you felt that you were unable to control the important things in your life?
    - Nervous and Stressed: how often have you felt nervous and stressed?
    - Lacked Confidence Handling Problems: how often have you felt confident about your ability to handle your personal problems?
    - Things Going Your Way: how often have you felt that things were going your way?
    - Unable to Cope: how often have you found that you could not cope with all the things that you had to do?
    - Irritated by Life: how often have you been able to control irritations in your life?
    - On Top of Things: how often have you felt that you were on top of things?
    - Angered by Uncontrollable Events: how often have you been angered because of things that happened that were outside of your control?
    - Felt Overwhelmed: how often have you felt difficulties were piling up so high that you could not overcome them?
17. Anxiety Symptoms Frequency: Next, you will be asked questions about your emotional state. Please answer on a scale of 0 to 3, where 0 is 'Not at all', 1 is 'several days', 2 is 'more than half of the days', and 3 is 'Nearly every day'. Over the last two weeks, how often have you been bothered by the following problems? [Likert 0–3]
    - Feeling Nervous or On Edge: Feeling nervous, anxious, or on edge
    - Uncontrollable Worrying: Not being able to stop or control worrying
    - Excessive Worry: Worrying too much about different things
    - Trouble Relaxing: Trouble relaxing
    - Restlessness: Being so restless that it is hard to sit still
    - Irritability: Becoming easily annoyed or irritable
    - Fear Something Awful Might Happen: Feeling afraid, as if something awful might happen
18. Depressive Symptoms Frequency: Next, you will be asked questions about your emotional state. Please answer on a scale of 0 to 3, where 0 is 'Not at all', 1 is 'several days', 2 is 'more than half of the days', and 3 is 'Nearly every day'. Over the last two weeks, how often have you been bothered by the following problems?
    - Anhedonia: Little interest or pleasure in doing things
    - Depressed Mood: Feeling down, depressed, or hopeless
    - Sleep Problems: Trouble falling or staying asleep, or sleeping too much
    - Fatigue: Feeling tired or having little energy
    - Appetite Changes: Poor appetite or overeating
    - Feelings of Worthlessness: Feeling bad about yourself or that you are a failure or have let yourself or your family down
    - Concentration Difficulties: Trouble concentrating on things, such as reading the newspaper or watching television
    - Psychomotor Changes: Moving or speaking so slowly that other people could have noticed. Or the opposite — being so fidgety or restless that you have been moving around a lot more than usual
    - Suicidal Thoughts: Thoughts that you would be better off dead, or of hurting yourself

Responses:
==================================================

Respondent 43:
- Year of birth: 2003.0
- Gender: 1.0
- Socio-economic status: 4.0
- Ethnic identity: 6.0
- Parental Education:
  - Father: 13.0
  - Mother: 14.0
- Life satisfaction: 7.0
- Happiness: 3.0
- Laughter: 6.0
- Learning: 2.0
- Enjoyment: 7.0
- Worry: 1.0
- Depression: 1.0
- Anger: 3.0
- Stress: 3.0
- Loneliness: 6.0
- Emotional Regulation Frequency:
  - Upset by Unexpected Events: 1.0
  - Unable to Control Important Things: 2.0
  - Lacked Confidence Handling Problems: 3.0
  - Unable to Cope: 4.0
  - Irritated by Life: 3.0
  - On Top of Things: 3.0
- Anxiety Symptoms Frequency:
  - Feeling Nervous or On Edge: 0.0
  - Trouble Relaxing: 1.0
  - Restlessness: 0.0
  - Irritability: 3.0
  - Fear Something Awful Might Happen: 0.0
- Depressive Symptoms Frequency:
  - Anhedonia: 2.0
  - Sleep Problems: 2.0
  - Fatigue: 2.0
  - Appetite Changes: 2.0
  - Feelings of Worthlessness: 2.0
  - Concentration Difficulties: 1.0
  - Suicidal Thoughts: 1.0

Respondent 1:
- Year of birth: 2001.0
- Gender: 1.0
- Socio-economic status: 4.0
- Ethnic identity: 6.0
- Parental Education:
  - Father: 25.0
  - Mother: 25.0
- Life satisfaction: 7.0
- Happiness: 5.0
- Laughter: 5.0
- Learning: 5.0
- Enjoyment: 7.0
- Worry: 0.0
- Depression: 0.0
- Anger: 3.0
- Stress: 2.0
- Loneliness: 0.0
- Emotional Regulation Frequency:
  - Upset by Unexpected Events: 1.0
  - Unable to Control Important Things: 2.0
  - Lacked Confidence Handling Problems: 3.0
  - Unable to Cope: 0.0
  - Irritated by Life: 3.0
  - On Top of Things: 3.0
- Anxiety Symptoms Frequency:
  - Feeling Nervous or On Edge: 1.0
  - Trouble Relaxing: 0.0
  - Restlessness: 0.0
  - Irritability: 0.0
  - Fear Something Awful Might Happen: 3.0
- Depressive Symptoms Frequency:
  - Anhedonia: 0.0
  - Sleep Problems: 0.0
  - Fatigue: 1.0
  - Appetite Changes: 3.0
  - Feelings of Worthlessness: 0.0
  - Concentration Difficulties: 0.0
  - Suicidal Thoughts: 0.0

Respondent 23:
- Year of birth: 2002.0
- Gender: 1.0
- Socio-economic status: 4.0
- Ethnic identity: 6.0
- Parental Education:
  - Father: 17.0
  - Mother: 17.0
- Life satisfaction: 5.0
- Happiness: 4.0
- Laughter: 4.0
- Learning: 2.0
- Enjoyment: 6.0
- Worry: 3.0
- Depression: 1.0
- Anger: 3.0
- Stress: 4.0
- Loneliness: 6.0
- Emotional Regulation Frequency:
  - Upset by Unexpected Events: 3.0
  - Unable to Control Important Things: 3.0
  - Lacked Confidence Handling Problems: 1.0
  - Unable to Cope: 4.0
  - Irritated by Life: 3.0
  - On Top of Things: 2.0
- Anxiety Symptoms Frequency:
  - Feeling Nervous or On Edge: 2.0
  - Trouble Relaxing: 2.0
  - Restlessness: 1.0
  - Irritability: 1.0
  - Fear Something Awful Might Happen: 3.0
- Depressive Symptoms Frequency:
  - Anhedonia: 1.0
  - Sleep Problems: 1.0
  - Fatigue: 1.0
  - Appetite Changes: 1.0
  - Feelings of Worthlessness: 2.0
  - Concentration Difficulties: 2.0
  - Suicidal Thoughts: 0.0

Respondent 36:
- Year of birth: 2006.0
- Gender: 1.0
- Socio-economic status: 5.0
- Ethnic identity: 6.0
- Life satisfaction: 8.0
- Happiness: 9.0
- Laughter: 9.0
- Learning: 7.0
- Enjoyment: 9.0
- Worry: 0.0
- Depression: 0.0
- Anger: 1.0
- Stress: 2.0
- Loneliness: 0.0
- Emotional Regulation Frequency:
  - Upset by Unexpected Events: 1.0
  - Unable to Control Important Things: 1.0
  - Lacked Confidence Handling Problems: 2.0
  - Unable to Cope: 2.0
  - Irritated by Life: 3.0
  - On Top of Things: 3.0
- Anxiety Symptoms Frequency:
  - Feeling Nervous or On Edge: 0.0
  - Trouble Relaxing: 2.0
  - Restlessness: 0.0
  - Irritability: 1.0
  - Fear Something Awful Might Happen: 0.0
- Depressive Symptoms Frequency:
  - Anhedonia: 1.0
  - Sleep Problems: 1.0
  - Fatigue: 1.0
  - Appetite Changes: 0.0
  - Feelings of Worthlessness: 0.0
  - Concentration Difficulties: 0.0
  - Suicidal Thoughts: 0.0

Respondent 49:
- Year of birth: 2005.0
- Gender: 1.0
- Socio-economic status: 2.0
- Ethnic identity: 6.0
- Life satisfaction: 8.0
- Happiness: 7.0
- Laughter: 4.0
- Learning: 10.0
- Enjoyment: 10.0
- Worry: 0.0
- Depression: 0.0
- Anger: 2.0
- Stress: 3.0
- Loneliness: 7.0
- Emotional Regulation Frequency:
  - Upset by Unexpected Events: 2.0
  - Unable to Control Important Things: 1.0
  - Lacked Confidence Handling Problems: 3.0
  - Unable to Cope: 2.0
  - Irritated by Life: 3.0
  - On Top of Things: 3.0
- Anxiety Symptoms Frequency:
  - Feeling Nervous or On Edge: 1.0
  - Trouble Relaxing: 1.0
  - Restlessness: 0.0
  - Irritability: 1.0
  - Fear Something Awful Might Happen: 1.0
- Depressive Symptoms Frequency:
  - Anhedonia: 0.0
  - Sleep Problems: 0.0
  - Fatigue: 2.0
  - Appetite Changes: 1.0
  - Feelings of Worthlessness: 0.0
  - Concentration Difficulties: 0.0
  - Suicidal Thoughts: 1.0

Respondent 63:
- Year of birth: 2005.0
- Gender: 1.0
- Socio-economic status: 3.0
- Ethnic identity: 6.0
- Parental Education:
  - Father: 18.0
  - Mother: 18.0
- Life satisfaction: 6.0
- Happiness: 7.0
- Laughter: 7.0
- Learning: 3.0
- Enjoyment: 6.0
- Worry: 1.0
- Depression: 1.0
- Anger: 2.0
- Stress: 2.0
- Loneliness: 3.0
- Emotional Regulation Frequency:
  - Upset by Unexpected Events: 3.0
  - Unable to Control Important Things: 3.0
  - Lacked Confidence Handling Problems: 1.0
  - Unable to Cope: 2.0
  - Irritated by Life: 1.0
  - On Top of Things: 1.0
- Anxiety Symptoms Frequency:
  - Feeling Nervous or On Edge: 0.0
  - Trouble Relaxing: 1.0
  - Restlessness: 0.0
  - Irritability: 2.0
  - Fear Something Awful Might Happen: 0.0
- Depressive Symptoms Frequency:
  - Anhedonia: 3.0
  - Sleep Problems: 2.0
  - Fatigue: 1.0
  - Appetite Changes: 2.0
  - Feelings of Worthlessness: 1.0
  - Concentration Difficulties: 0.0
  - Suicidal Thoughts: 1.0

Respondent 75:
- Year of birth: 1993.0
- Gender: 1.0
- Socio-economic status: 4.0
- Ethnic identity: 6.0
- Parental Education:
  - Father: 10.0
  - Mother: 11.0
- Life satisfaction: 10.0
- Happiness: 10.0
- Laughter: 8.0
- Learning: 10.0
- Enjoyment: 10.0
- Worry: 1.0
- Depression: 0.0
- Anger: 2.0
- Stress: 3.0
- Loneliness: 0.0
- Emotional Regulation Frequency:
  - Upset by Unexpected Events: 2.0
  - Unable to Control Important Things: 1.0
  - Lacked Confidence Handling Problems: 2.0
  - Unable to Cope: 2.0
  - Irritated by Life: 3.0
  - On Top of Things: 2.0
- Anxiety Symptoms Frequency:
  - Feeling Nervous or On Edge: 1.0
  - Trouble Relaxing: 1.0
  - Restlessness: 0.0
  - Irritability: 0.0
  - Fear Something Awful Might Happen: 1.0
- Depressive Symptoms Frequency:
  - Anhedonia: 0.0
  - Sleep Problems: 0.0
  - Fatigue: 1.0
  - Appetite Changes: 0.0
  - Feelings of Worthlessness: 0.0
  - Concentration Difficulties: 0.0
  - Suicidal Thoughts: 0.0

Respondent 69:
- Year of birth: 2000.0
- Gender: 2.0
- Socio-economic status: 6.0
- Ethnic identity: 6.0
- Parental Education:
  - Father: 25.0
  - Mother: 30.0
- Life satisfaction: 7.0
- Happiness: 5.0
- Laughter: 6.0
- Learning: 4.0
- Enjoyment: 6.0
- Worry: 1.0
- Depression: 0.0
- Anger: 3.0
- Stress: 3.0
- Loneliness: 4.0
- Emotional Regulation Frequency:
  - Upset by Unexpected Events: 3.0
  - Unable to Control Important Things: 3.0
  - Lacked Confidence Handling Problems: 2.0
  - Unable to Cope: 1.0
  - Irritated by Life: 4.0
  - On Top of Things: 3.0
- Anxiety Symptoms Frequency:
  - Feeling Nervous or On Edge: 1.0
  - Trouble Relaxing: 0.0
  - Restlessness: 0.0
  - Irritability: 1.0
  - Fear Something Awful Might Happen: 0.0
- Depressive Symptoms Frequency:
  - Anhedonia: 1.0
  - Sleep Problems: 1.0
  - Fatigue: 1.0
  - Appetite Changes: 0.0
  - Feelings of Worthlessness: 1.0
  - Concentration Difficulties: 3.0
  - Suicidal Thoughts: 0.0
",8,"How many respondents are there?

DATA:

Survey Data
==================================================

Questions:
1. Year of birth: What is your date of birth? [Open-ended]
2. Gender: What is your gender? [MCQ: 1. Male 2. Female]
3. Socio-economic status: What is the socio-economic status of your home? [Likert 1–6: 1 = Very low, 6 = Very high]
4. Ethnic identity: According to your culture, people, or physical features, you are or are recognized as: [MCQ: 1. Indigenous 2. Gypsy 3. Raizal from San Andres, Providencia and Santa Catalina Archipelago 4. Palenquero from San Basilio 5. Black, mulatto (Afro-descendant), Afro-Colombian 6. None of the above]
5. Parental Education: How many years of education did your parents receive? [Open-ended]
   - Father: Father?
   - Mother: Mother?
6. Life satisfaction: In general, how satisfied are you with all aspects of your life? [Likert 0–10: 0 = Not satisfied, 10 = Totally satisfied]
7. Happiness: How happy did you feel yesterday? [Likert 0–10: 0 = At no time, 10 = All the time]
8. Laughter: How much did you laugh yesterday? [Likert 0–10: 0 = At no time, 10 = All the time]
9. Learning: Did you learn new or exciting things yesterday? [Likert 0–10: 0 = At no time, 10 = All the time]
10. Enjoyment: How much did you enjoy the activities you did yesterday? [Likert 0–10: 0 = At no time, 10 = All the time]
11. Worry: How worried did you feel yesterday? [Likert 0–10: 0 = At no time, 10 = All the time]
12. Depression: How depressed did you feel yesterday? [Likert 0–10: 0 = At no time, 10 = All the time]
13. Anger: How angry did you feel yesterday? [Likert 0–10: 0 = At no time, 10 = All the time]
14. Stress: How much stress did you feel yesterday? [Likert 0–10: 0 = At no time, 10 = All the time]
15. Loneliness: How lonely or unsupported did you feel yesterday? [Likert 0–10: 0 = At no time, 10 = All the time]
16. Emotional Regulation Frequency: Next, you will be asked questions about your emotional state. Please answer on a scale of 0 to 4, where 0 is never, 1 is 'almost never', 2 is 'sometimes', 3 is 'fairly often', and 4 is 'very often', how often you experienced the following feelings during the last month: [Likert 0–4]
    - Upset by Unexpected Events: how often have you been upset because of something that happened unexpectedly?
    - Unable to Control Important Things: how often have you felt that you were unable to control the important things in your life?
    - Nervous and Stressed: how often have you felt nervous and stressed?
    - Lacked Confidence Handling Problems: how often have you felt confident about your ability to handle your personal problems?
    - Things Going Your Way: how often have you felt that things were going your way?
    - Unable to Cope: how often have you found that you could not cope with all the things that you had to do?
    - Irritated by Life: how often have you been able to control irritations in your life?
    - On Top of Things: how often have you felt that you were on top of things?
    - Angered by Uncontrollable Events: how often have you been angered because of things that happened that were outside of your control?
    - Felt Overwhelmed: how often have you felt difficulties were piling up so high that you could not overcome them?
17. Anxiety Symptoms Frequency: Next, you will be asked questions about your emotional state. Please answer on a scale of 0 to 3, where 0 is 'Not at all', 1 is 'several days', 2 is 'more than half of the days', and 3 is 'Nearly every day'. Over the last two weeks, how often have you been bothered by the following problems? [Likert 0–3]
    - Feeling Nervous or On Edge: Feeling nervous, anxious, or on edge
    - Uncontrollable Worrying: Not being able to stop or control worrying
    - Excessive Worry: Worrying too much about different things
    - Trouble Relaxing: Trouble relaxing
    - Restlessness: Being so restless that it is hard to sit still
    - Irritability: Becoming easily annoyed or irritable
    - Fear Something Awful Might Happen: Feeling afraid, as if something awful might happen
18. Depressive Symptoms Frequency: Next, you will be asked questions about your emotional state. Please answer on a scale of 0 to 3, where 0 is 'Not at all', 1 is 'several days', 2 is 'more than half of the days', and 3 is 'Nearly every day'. Over the last two weeks, how often have you been bothered by the following problems?
    - Anhedonia: Little interest or pleasure in doing things
    - Depressed Mood: Feeling down, depressed, or hopeless
    - Sleep Problems: Trouble falling or staying asleep, or sleeping too much
    - Fatigue: Feeling tired or having little energy
    - Appetite Changes: Poor appetite or overeating
    - Feelings of Worthlessness: Feeling bad about yourself or that you are a failure or have let yourself or your family down
    - Concentration Difficulties: Trouble concentrating on things, such as reading the newspaper or watching television
    - Psychomotor Changes: Moving or speaking so slowly that other people could have noticed. Or the opposite — being so fidgety or restless that you have been moving around a lot more than usual
    - Suicidal Thoughts: Thoughts that you would be better off dead, or of hurting yourself

Responses:
==================================================

Respondent 119:
- Year of birth: 2004.0
- Gender: 1.0
- Socio-economic status: 1.0
- Ethnic identity: 6.0
- Life satisfaction: 4.0
- Happiness: 8.0
- Laughter: 8.0
- Learning: 8.0
- Enjoyment: 8.0
- Worry: 1.0
- Depression: 1.0
- Anger: 2.0
- Stress: 2.0
- Loneliness: 2.0
- Emotional Regulation Frequency:
  - Upset by Unexpected Events: 2.0
  - Unable to Control Important Things: 2.0
  - Lacked Confidence Handling Problems: 2.0
  - Unable to Cope: 2.0
  - Irritated by Life: 2.0
  - On Top of Things: 2.0
- Anxiety Symptoms Frequency:
  - Feeling Nervous or On Edge: 1.0
  - Trouble Relaxing: 1.0
  - Restlessness: 1.0
  - Irritability: 1.0
  - Fear Something Awful Might Happen: 1.0
- Depressive Symptoms Frequency:
  - Anhedonia: 1.0
  - Sleep Problems: 1.0
  - Fatigue: 1.0
  - Appetite Changes: 0.0
  - Feelings of Worthlessness: 1.0
  - Concentration Difficulties: 0.0
  - Suicidal Thoughts: 0.0

Respondent 116:
- Year of birth: 2004.0
- Gender: 1.0
- Socio-economic status: 5.0
- Ethnic identity: 6.0
- Parental Education:
  - Father: 17.0
  - Mother: 17.0
- Life satisfaction: 8.0
- Happiness: 8.0
- Laughter: 7.0
- Learning: 7.0
- Enjoyment: 9.0
- Worry: 1.0
- Depression: 1.0
- Anger: 2.0
- Stress: 3.0
- Loneliness: 1.0
- Emotional Regulation Frequency:
  - Upset by Unexpected Events: 2.0
  - Unable to Control Important Things: 2.0
  - Lacked Confidence Handling Problems: 3.0
  - Unable to Cope: 2.0
  - Irritated by Life: 3.0
  - On Top of Things: 2.0
- Anxiety Symptoms Frequency:
  - Feeling Nervous or On Edge: 2.0
  - Trouble Relaxing: 1.0
  - Restlessness: 2.0
  - Irritability: 1.0
  - Fear Something Awful Might Happen: 2.0
- Depressive Symptoms Frequency:
  - Anhedonia: 1.0
  - Sleep Problems: 0.0
  - Fatigue: 2.0
  - Appetite Changes: 2.0
  - Feelings of Worthlessness: 1.0
  - Concentration Difficulties: 2.0
  - Suicidal Thoughts: 0.0

Answer: 2

Survey Data
==================================================

Questions:
1. Year of birth: What is your date of birth? [Open-ended]
2. Gender: What is your gender? [MCQ: 1. Male 2. Female]
3. Socio-economic status: What is the socio-economic status of your home? [Likert 1–6: 1 = Very low, 6 = Very high]
4. Ethnic identity: According to your culture, people, or physical features, you are or are recognized as: [MCQ: 1. Indigenous 2. Gypsy 3. Raizal from San Andres, Providencia and Santa Catalina Archipelago 4. Palenquero from San Basilio 5. Black, mulatto (Afro-descendant), Afro-Colombian 6. None of the above]
5. Parental Education: How many years of education did your parents receive? [Open-ended]
   - Father: Father?
   - Mother: Mother?
6. Life satisfaction: In general, how satisfied are you with all aspects of your life? [Likert 0–10: 0 = Not satisfied, 10 = Totally satisfied]
7. Happiness: How happy did you feel yesterday? [Likert 0–10: 0 = At no time, 10 = All the time]
8. Laughter: How much did you laugh yesterday? [Likert 0–10: 0 = At no time, 10 = All the time]
9. Learning: Did you learn new or exciting things yesterday? [Likert 0–10: 0 = At no time, 10 = All the time]
10. Enjoyment: How much did you enjoy the activities you did yesterday? [Likert 0–10: 0 = At no time, 10 = All the time]
11. Worry: How worried did you feel yesterday? [Likert 0–10: 0 = At no time, 10 = All the time]
12. Depression: How depressed did you feel yesterday? [Likert 0–10: 0 = At no time, 10 = All the time]
13. Anger: How angry did you feel yesterday? [Likert 0–10: 0 = At no time, 10 = All the time]
14. Stress: How much stress did you feel yesterday? [Likert 0–10: 0 = At no time, 10 = All the time]
15. Loneliness: How lonely or unsupported did you feel yesterday? [Likert 0–10: 0 = At no time, 10 = All the time]
16. Emotional Regulation Frequency: Next, you will be asked questions about your emotional state. Please answer on a scale of 0 to 4, where 0 is never, 1 is 'almost never', 2 is 'sometimes', 3 is 'fairly often', and 4 is 'very often', how often you experienced the following feelings during the last month: [Likert 0–4]
    - Upset by Unexpected Events: how often have you been upset because of something that happened unexpectedly?
    - Unable to Control Important Things: how often have you felt that you were unable to control the important things in your life?
    - Nervous and Stressed: how often have you felt nervous and stressed?
    - Lacked Confidence Handling Problems: how often have you felt confident about your ability to handle your personal problems?
    - Things Going Your Way: how often have you felt that things were going your way?
    - Unable to Cope: how often have you found that you could not cope with all the things that you had to do?
    - Irritated by Life: how often have you been able to control irritations in your life?
    - On Top of Things: how often have you felt that you were on top of things?
    - Angered by Uncontrollable Events: how often have you been angered because of things that happened that were outside of your control?
    - Felt Overwhelmed: how often have you felt difficulties were piling up so high that you could not overcome them?
17. Anxiety Symptoms Frequency: Next, you will be asked questions about your emotional state. Please answer on a scale of 0 to 3, where 0 is 'Not at all', 1 is 'several days', 2 is 'more than half of the days', and 3 is 'Nearly every day'. Over the last two weeks, how often have you been bothered by the following problems? [Likert 0–3]
    - Feeling Nervous or On Edge: Feeling nervous, anxious, or on edge
    - Uncontrollable Worrying: Not being able to stop or control worrying
    - Excessive Worry: Worrying too much about different things
    - Trouble Relaxing: Trouble relaxing
    - Restlessness: Being so restless that it is hard to sit still
    - Irritability: Becoming easily annoyed or irritable
    - Fear Something Awful Might Happen: Feeling afraid, as if something awful might happen
18. Depressive Symptoms Frequency: Next, you will be asked questions about your emotional state. Please answer on a scale of 0 to 3, where 0 is 'Not at all', 1 is 'several days', 2 is 'more than half of the days', and 3 is 'Nearly every day'. Over the last two weeks, how often have you been bothered by the following problems?
    - Anhedonia: Little interest or pleasure in doing things
    - Depressed Mood: Feeling down, depressed, or hopeless
    - Sleep Problems: Trouble falling or staying asleep, or sleeping too much
    - Fatigue: Feeling tired or having little energy
    - Appetite Changes: Poor appetite or overeating
    - Feelings of Worthlessness: Feeling bad about yourself or that you are a failure or have let yourself or your family down
    - Concentration Difficulties: Trouble concentrating on things, such as reading the newspaper or watching television
    - Psychomotor Changes: Moving or speaking so slowly that other people could have noticed. Or the opposite — being so fidgety or restless that you have been moving around a lot more than usual
    - Suicidal Thoughts: Thoughts that you would be better off dead, or of hurting yourself

Responses:
==================================================

Respondent 43:
- Year of birth: 2003.0
- Gender: 1.0
- Socio-economic status: 4.0
- Ethnic identity: 6.0
- Parental Education:
  - Father: 13.0
  - Mother: 14.0
- Life satisfaction: 7.0
- Happiness: 3.0
- Laughter: 6.0
- Learning: 2.0
- Enjoyment: 7.0
- Worry: 1.0
- Depression: 1.0
- Anger: 3.0
- Stress: 3.0
- Loneliness: 6.0
- Emotional Regulation Frequency:
  - Upset by Unexpected Events: 1.0
  - Unable to Control Important Things: 2.0
  - Lacked Confidence Handling Problems: 3.0
  - Unable to Cope: 4.0
  - Irritated by Life: 3.0
  - On Top of Things: 3.0
- Anxiety Symptoms Frequency:
  - Feeling Nervous or On Edge: 0.0
  - Trouble Relaxing: 1.0
  - Restlessness: 0.0
  - Irritability: 3.0
  - Fear Something Awful Might Happen: 0.0
- Depressive Symptoms Frequency:
  - Anhedonia: 2.0
  - Sleep Problems: 2.0
  - Fatigue: 2.0
  - Appetite Changes: 2.0
  - Feelings of Worthlessness: 2.0
  - Concentration Difficulties: 1.0
  - Suicidal Thoughts: 1.0

Respondent 1:
- Year of birth: 2001.0
- Gender: 1.0
- Socio-economic status: 4.0
- Ethnic identity: 6.0
- Parental Education:
  - Father: 25.0
  - Mother: 25.0
- Life satisfaction: 7.0
- Happiness: 5.0
- Laughter: 5.0
- Learning: 5.0
- Enjoyment: 7.0
- Worry: 0.0
- Depression: 0.0
- Anger: 3.0
- Stress: 2.0
- Loneliness: 0.0
- Emotional Regulation Frequency:
  - Upset by Unexpected Events: 1.0
  - Unable to Control Important Things: 2.0
  - Lacked Confidence Handling Problems: 3.0
  - Unable to Cope: 0.0
  - Irritated by Life: 3.0
  - On Top of Things: 3.0
- Anxiety Symptoms Frequency:
  - Feeling Nervous or On Edge: 1.0
  - Trouble Relaxing: 0.0
  - Restlessness: 0.0
  - Irritability: 0.0
  - Fear Something Awful Might Happen: 3.0
- Depressive Symptoms Frequency:
  - Anhedonia: 0.0
  - Sleep Problems: 0.0
  - Fatigue: 1.0
  - Appetite Changes: 3.0
  - Feelings of Worthlessness: 0.0
  - Concentration Difficulties: 0.0
  - Suicidal Thoughts: 0.0

Respondent 23:
- Year of birth: 2002.0
- Gender: 1.0
- Socio-economic status: 4.0
- Ethnic identity: 6.0
- Parental Education:
  - Father: 17.0
  - Mother: 17.0
- Life satisfaction: 5.0
- Happiness: 4.0
- Laughter: 4.0
- Learning: 2.0
- Enjoyment: 6.0
- Worry: 3.0
- Depression: 1.0
- Anger: 3.0
- Stress: 4.0
- Loneliness: 6.0
- Emotional Regulation Frequency:
  - Upset by Unexpected Events: 3.0
  - Unable to Control Important Things: 3.0
  - Lacked Confidence Handling Problems: 1.0
  - Unable to Cope: 4.0
  - Irritated by Life: 3.0
  - On Top of Things: 2.0
- Anxiety Symptoms Frequency:
  - Feeling Nervous or On Edge: 2.0
  - Trouble Relaxing: 2.0
  - Restlessness: 1.0
  - Irritability: 1.0
  - Fear Something Awful Might Happen: 3.0
- Depressive Symptoms Frequency:
  - Anhedonia: 1.0
  - Sleep Problems: 1.0
  - Fatigue: 1.0
  - Appetite Changes: 1.0
  - Feelings of Worthlessness: 2.0
  - Concentration Difficulties: 2.0
  - Suicidal Thoughts: 0.0

Respondent 36:
- Year of birth: 2006.0
- Gender: 1.0
- Socio-economic status: 5.0
- Ethnic identity: 6.0
- Life satisfaction: 8.0
- Happiness: 9.0
- Laughter: 9.0
- Learning: 7.0
- Enjoyment: 9.0
- Worry: 0.0
- Depression: 0.0
- Anger: 1.0
- Stress: 2.0
- Loneliness: 0.0
- Emotional Regulation Frequency:
  - Upset by Unexpected Events: 1.0
  - Unable to Control Important Things: 1.0
  - Lacked Confidence Handling Problems: 2.0
  - Unable to Cope: 2.0
  - Irritated by Life: 3.0
  - On Top of Things: 3.0
- Anxiety Symptoms Frequency:
  - Feeling Nervous or On Edge: 0.0
  - Trouble Relaxing: 2.0
  - Restlessness: 0.0
  - Irritability: 1.0
  - Fear Something Awful Might Happen: 0.0
- Depressive Symptoms Frequency:
  - Anhedonia: 1.0
  - Sleep Problems: 1.0
  - Fatigue: 1.0
  - Appetite Changes: 0.0
  - Feelings of Worthlessness: 0.0
  - Concentration Difficulties: 0.0
  - Suicidal Thoughts: 0.0

Respondent 49:
- Year of birth: 2005.0
- Gender: 1.0
- Socio-economic status: 2.0
- Ethnic identity: 6.0
- Life satisfaction: 8.0
- Happiness: 7.0
- Laughter: 4.0
- Learning: 10.0
- Enjoyment: 10.0
- Worry: 0.0
- Depression: 0.0
- Anger: 2.0
- Stress: 3.0
- Loneliness: 7.0
- Emotional Regulation Frequency:
  - Upset by Unexpected Events: 2.0
  - Unable to Control Important Things: 1.0
  - Lacked Confidence Handling Problems: 3.0
  - Unable to Cope: 2.0
  - Irritated by Life: 3.0
  - On Top of Things: 3.0
- Anxiety Symptoms Frequency:
  - Feeling Nervous or On Edge: 1.0
  - Trouble Relaxing: 1.0
  - Restlessness: 0.0
  - Irritability: 1.0
  - Fear Something Awful Might Happen: 1.0
- Depressive Symptoms Frequency:
  - Anhedonia: 0.0
  - Sleep Problems: 0.0
  - Fatigue: 2.0
  - Appetite Changes: 1.0
  - Feelings of Worthlessness: 0.0
  - Concentration Difficulties: 0.0
  - Suicidal Thoughts: 1.0

Respondent 63:
- Year of birth: 2005.0
- Gender: 1.0
- Socio-economic status: 3.0
- Ethnic identity: 6.0
- Parental Education:
  - Father: 18.0
  - Mother: 18.0
- Life satisfaction: 6.0
- Happiness: 7.0
- Laughter: 7.0
- Learning: 3.0
- Enjoyment: 6.0
- Worry: 1.0
- Depression: 1.0
- Anger: 2.0
- Stress: 2.0
- Loneliness: 3.0
- Emotional Regulation Frequency:
  - Upset by Unexpected Events: 3.0
  - Unable to Control Important Things: 3.0
  - Lacked Confidence Handling Problems: 1.0
  - Unable to Cope: 2.0
  - Irritated by Life: 1.0
  - On Top of Things: 1.0
- Anxiety Symptoms Frequency:
  - Feeling Nervous or On Edge: 0.0
  - Trouble Relaxing: 1.0
  - Restlessness: 0.0
  - Irritability: 2.0
  - Fear Something Awful Might Happen: 0.0
- Depressive Symptoms Frequency:
  - Anhedonia: 3.0
  - Sleep Problems: 2.0
  - Fatigue: 1.0
  - Appetite Changes: 2.0
  - Feelings of Worthlessness: 1.0
  - Concentration Difficulties: 0.0
  - Suicidal Thoughts: 1.0

Respondent 75:
- Year of birth: 1993.0
- Gender: 1.0
- Socio-economic status: 4.0
- Ethnic identity: 6.0
- Parental Education:
  - Father: 10.0
  - Mother: 11.0
- Life satisfaction: 10.0
- Happiness: 10.0
- Laughter: 8.0
- Learning: 10.0
- Enjoyment: 10.0
- Worry: 1.0
- Depression: 0.0
- Anger: 2.0
- Stress: 3.0
- Loneliness: 0.0
- Emotional Regulation Frequency:
  - Upset by Unexpected Events: 2.0
  - Unable to Control Important Things: 1.0
  - Lacked Confidence Handling Problems: 2.0
  - Unable to Cope: 2.0
  - Irritated by Life: 3.0
  - On Top of Things: 2.0
- Anxiety Symptoms Frequency:
  - Feeling Nervous or On Edge: 1.0
  - Trouble Relaxing: 1.0
  - Restlessness: 0.0
  - Irritability: 0.0
  - Fear Something Awful Might Happen: 1.0
- Depressive Symptoms Frequency:
  - Anhedonia: 0.0
  - Sleep Problems: 0.0
  - Fatigue: 1.0
  - Appetite Changes: 0.0
  - Feelings of Worthlessness: 0.0
  - Concentration Difficulties: 0.0
  - Suicidal Thoughts: 0.0

Respondent 69:
- Year of birth: 2000.0
- Gender: 2.0
- Socio-economic status: 6.0
- Ethnic identity: 6.0
- Parental Education:
  - Father: 25.0
  - Mother: 30.0
- Life satisfaction: 7.0
- Happiness: 5.0
- Laughter: 6.0
- Learning: 4.0
- Enjoyment: 6.0
- Worry: 1.0
- Depression: 0.0
- Anger: 3.0
- Stress: 3.0
- Loneliness: 4.0
- Emotional Regulation Frequency:
  - Upset by Unexpected Events: 3.0
  - Unable to Control Important Things: 3.0
  - Lacked Confidence Handling Problems: 2.0
  - Unable to Cope: 1.0
  - Irritated by Life: 4.0
  - On Top of Things: 3.0
- Anxiety Symptoms Frequency:
  - Feeling Nervous or On Edge: 1.0
  - Trouble Relaxing: 0.0
  - Restlessness: 0.0
  - Irritability: 1.0
  - Fear Something Awful Might Happen: 0.0
- Depressive Symptoms Frequency:
  - Anhedonia: 1.0
  - Sleep Problems: 1.0
  - Fatigue: 1.0
  - Appetite Changes: 0.0
  - Feelings of Worthlessness: 1.0
  - Concentration Difficulties: 3.0
  - Suicidal Thoughts: 0.0

You are a meticulous data analyst AI. Your primary function is to accurately analyze structured data and provide precise, verifiable answers.

You will be given a dataset with two key parts:

A 'questions' section: This is your data dictionary or schema. It is the single source of truth for understanding what each field and score means. Refer to it carefully.

A 'responses' section: This contains the raw data from each individual respondent.

To answer the question correctly, you must first use the 'questions' schema to fully understand the context and meaning of the data points within the 'responses'. Do not rely on any prior knowledge outside of this provided data. Base your entire analysis on the information given.

Provide your final answer directly and concisely. Output must be the human-readable value, not an option code.

Rules:
- For MCQ fields, map any letter codes in the Responses (case-insensitive) to the corresponding option text from the Questions schema, and output only that text. Do NOT include the letter or both.
  Example: If the schema is ""[MCQ: A. Abnormal B. Inconclusive C. Normal]"" and the response is ""a"", output ""Abnormal"".
- For open-ended fields, output the exact text value.
- If the question asks for a count, provide only the number (e.g., ""42"").
- If the question asks for a list of names or IDs, provide a simple comma-separated list (e.g., ""17, 21, 23"").
- Preserve capitalization exactly as in the schema (e.g., output ""Abnormal"", not ""abnormal"" or ""A"").

How many respondents are there?",10,False
case_35,respondent_count,How many respondents are there?,"Survey Data
==================================================

Questions:
1. Year of birth: What is your date of birth? [Open-ended]
2. Gender: What is your gender? [MCQ: 1. Male 2. Female]
3. Socio-economic status: What is the socio-economic status of your home? [Likert 1–6: 1 = Very low, 6 = Very high]
4. Ethnic identity: According to your culture, people, or physical features, you are or are recognized as: [MCQ: 1. Indigenous 2. Gypsy 3. Raizal from San Andres, Providencia and Santa Catalina Archipelago 4. Palenquero from San Basilio 5. Black, mulatto (Afro-descendant), Afro-Colombian 6. None of the above]
5. Parental Education: How many years of education did your parents receive? [Open-ended]
   - Father: Father?
   - Mother: Mother?
6. Life satisfaction: In general, how satisfied are you with all aspects of your life? [Likert 0–10: 0 = Not satisfied, 10 = Totally satisfied]
7. Happiness: How happy did you feel yesterday? [Likert 0–10: 0 = At no time, 10 = All the time]
8. Laughter: How much did you laugh yesterday? [Likert 0–10: 0 = At no time, 10 = All the time]
9. Learning: Did you learn new or exciting things yesterday? [Likert 0–10: 0 = At no time, 10 = All the time]
10. Enjoyment: How much did you enjoy the activities you did yesterday? [Likert 0–10: 0 = At no time, 10 = All the time]
11. Worry: How worried did you feel yesterday? [Likert 0–10: 0 = At no time, 10 = All the time]
12. Depression: How depressed did you feel yesterday? [Likert 0–10: 0 = At no time, 10 = All the time]
13. Anger: How angry did you feel yesterday? [Likert 0–10: 0 = At no time, 10 = All the time]
14. Stress: How much stress did you feel yesterday? [Likert 0–10: 0 = At no time, 10 = All the time]
15. Loneliness: How lonely or unsupported did you feel yesterday? [Likert 0–10: 0 = At no time, 10 = All the time]
16. Emotional Regulation Frequency: Next, you will be asked questions about your emotional state. Please answer on a scale of 0 to 4, where 0 is never, 1 is 'almost never', 2 is 'sometimes', 3 is 'fairly often', and 4 is 'very often', how often you experienced the following feelings during the last month: [Likert 0–4]
    - Upset by Unexpected Events: how often have you been upset because of something that happened unexpectedly?
    - Unable to Control Important Things: how often have you felt that you were unable to control the important things in your life?
    - Nervous and Stressed: how often have you felt nervous and stressed?
    - Lacked Confidence Handling Problems: how often have you felt confident about your ability to handle your personal problems?
    - Things Going Your Way: how often have you felt that things were going your way?
    - Unable to Cope: how often have you found that you could not cope with all the things that you had to do?
    - Irritated by Life: how often have you been able to control irritations in your life?
    - On Top of Things: how often have you felt that you were on top of things?
    - Angered by Uncontrollable Events: how often have you been angered because of things that happened that were outside of your control?
    - Felt Overwhelmed: how often have you felt difficulties were piling up so high that you could not overcome them?
17. Anxiety Symptoms Frequency: Next, you will be asked questions about your emotional state. Please answer on a scale of 0 to 3, where 0 is 'Not at all', 1 is 'several days', 2 is 'more than half of the days', and 3 is 'Nearly every day'. Over the last two weeks, how often have you been bothered by the following problems? [Likert 0–3]
    - Feeling Nervous or On Edge: Feeling nervous, anxious, or on edge
    - Uncontrollable Worrying: Not being able to stop or control worrying
    - Excessive Worry: Worrying too much about different things
    - Trouble Relaxing: Trouble relaxing
    - Restlessness: Being so restless that it is hard to sit still
    - Irritability: Becoming easily annoyed or irritable
    - Fear Something Awful Might Happen: Feeling afraid, as if something awful might happen
18. Depressive Symptoms Frequency: Next, you will be asked questions about your emotional state. Please answer on a scale of 0 to 3, where 0 is 'Not at all', 1 is 'several days', 2 is 'more than half of the days', and 3 is 'Nearly every day'. Over the last two weeks, how often have you been bothered by the following problems?
    - Anhedonia: Little interest or pleasure in doing things
    - Depressed Mood: Feeling down, depressed, or hopeless
    - Sleep Problems: Trouble falling or staying asleep, or sleeping too much
    - Fatigue: Feeling tired or having little energy
    - Appetite Changes: Poor appetite or overeating
    - Feelings of Worthlessness: Feeling bad about yourself or that you are a failure or have let yourself or your family down
    - Concentration Difficulties: Trouble concentrating on things, such as reading the newspaper or watching television
    - Psychomotor Changes: Moving or speaking so slowly that other people could have noticed. Or the opposite — being so fidgety or restless that you have been moving around a lot more than usual
    - Suicidal Thoughts: Thoughts that you would be better off dead, or of hurting yourself

Responses:
==================================================

Respondent 11:
- Year of birth: 2002.0
- Gender: 1.0
- Socio-economic status: 2.0
- Ethnic identity: 6.0
- Parental Education:
  - Father: 11.0
- Life satisfaction: 4.0
- Happiness: 4.0
- Laughter: 3.0
- Learning: 3.0
- Enjoyment: 3.0
- Worry: 2.0
- Depression: 2.0
- Anger: 4.0
- Stress: 4.0
- Loneliness: 8.0
- Emotional Regulation Frequency:
  - Upset by Unexpected Events: 4.0
  - Unable to Control Important Things: 4.0
  - Lacked Confidence Handling Problems: 2.0
  - Unable to Cope: 3.0
  - Irritated by Life: 1.0
  - On Top of Things: 1.0
- Anxiety Symptoms Frequency:
  - Feeling Nervous or On Edge: 2.0
  - Trouble Relaxing: 3.0
  - Restlessness: 3.0
  - Irritability: 1.0
  - Fear Something Awful Might Happen: 2.0
- Depressive Symptoms Frequency:
  - Anhedonia: 3.0
  - Sleep Problems: 2.0
  - Fatigue: 2.0
  - Appetite Changes: 3.0
  - Feelings of Worthlessness: 1.0
  - Concentration Difficulties: 2.0
  - Suicidal Thoughts: 1.0

Respondent 26:
- Year of birth: 2005.0
- Gender: 2.0
- Socio-economic status: 3.0
- Ethnic identity: 5.0
- Parental Education:
  - Father: 16.0
  - Mother: 16.0
- Life satisfaction: 7.0
- Happiness: 8.0
- Laughter: 9.0
- Learning: 9.0
- Enjoyment: 6.0
- Worry: 2.0
- Depression: 0.0
- Anger: 1.0
- Stress: 3.0
- Loneliness: 4.0
- Emotional Regulation Frequency:
  - Upset by Unexpected Events: 1.0
  - Unable to Control Important Things: 2.0
  - Lacked Confidence Handling Problems: 3.0
  - Unable to Cope: 2.0
  - Irritated by Life: 3.0
  - On Top of Things: 2.0
- Anxiety Symptoms Frequency:
  - Feeling Nervous or On Edge: 1.0
  - Trouble Relaxing: 2.0
  - Restlessness: 0.0
  - Irritability: 0.0
  - Fear Something Awful Might Happen: 0.0
- Depressive Symptoms Frequency:
  - Anhedonia: 1.0
  - Sleep Problems: 0.0
  - Fatigue: 2.0
  - Appetite Changes: 1.0
  - Feelings of Worthlessness: 0.0
  - Concentration Difficulties: 1.0
  - Suicidal Thoughts: 0.0

Respondent 53:
- Year of birth: 2002.0
- Gender: 2.0
- Socio-economic status: 3.0
- Ethnic identity: 5.0
- Parental Education:
  - Father: 11.0
  - Mother: 20.0
- Life satisfaction: 4.0
- Happiness: 6.0
- Laughter: 9.0
- Learning: 8.0
- Enjoyment: 5.0
- Worry: 2.0
- Depression: 2.0
- Anger: 3.0
- Stress: 4.0
- Loneliness: 10.0
- Emotional Regulation Frequency:
  - Upset by Unexpected Events: 3.0
  - Unable to Control Important Things: 2.0
  - Lacked Confidence Handling Problems: 3.0
  - Unable to Cope: 2.0
  - Irritated by Life: 2.0
  - On Top of Things: 1.0
- Anxiety Symptoms Frequency:
  - Feeling Nervous or On Edge: 1.0
  - Trouble Relaxing: 2.0
  - Restlessness: 2.0
  - Irritability: 2.0
  - Fear Something Awful Might Happen: 1.0
- Depressive Symptoms Frequency:
  - Anhedonia: 3.0
  - Sleep Problems: 3.0
  - Fatigue: 3.0
  - Appetite Changes: 1.0
  - Feelings of Worthlessness: 1.0
  - Concentration Difficulties: 0.0
  - Suicidal Thoughts: 1.0

Respondent 129:
- Year of birth: 2001.0
- Gender: 2.0
- Socio-economic status: 3.0
- Ethnic identity: 6.0
- Parental Education:
  - Father: 13.0
  - Mother: 13.0
- Life satisfaction: 8.0
- Happiness: 9.0
- Laughter: 6.0
- Learning: 5.0
- Enjoyment: 6.0
- Worry: 1.0
- Depression: 1.0
- Anger: 1.0
- Stress: 3.0
- Loneliness: 0.0
- Emotional Regulation Frequency:
  - Upset by Unexpected Events: 1.0
  - Unable to Control Important Things: 1.0
  - Lacked Confidence Handling Problems: 3.0
  - Unable to Cope: 2.0
  - Irritated by Life: 3.0
  - On Top of Things: 2.0
- Anxiety Symptoms Frequency:
  - Feeling Nervous or On Edge: 1.0
  - Trouble Relaxing: 1.0
  - Restlessness: 0.0
  - Irritability: 0.0
  - Fear Something Awful Might Happen: 0.0
- Depressive Symptoms Frequency:
  - Anhedonia: 1.0
  - Sleep Problems: 1.0
  - Fatigue: 2.0
  - Appetite Changes: 2.0
  - Feelings of Worthlessness: 0.0
  - Concentration Difficulties: 2.0
  - Suicidal Thoughts: 0.0

Respondent 101:
- Year of birth: 2003.0
- Gender: 1.0
- Socio-economic status: 6.0
- Ethnic identity: 6.0
- Parental Education:
  - Father: 22.0
  - Mother: 28.0
- Life satisfaction: 9.0
- Happiness: 10.0
- Laughter: 8.0
- Learning: 10.0
- Enjoyment: 8.0
- Worry: 1.0
- Depression: 0.0
- Anger: 2.0
- Stress: 2.0
- Loneliness: 3.0
- Emotional Regulation Frequency:
  - Upset by Unexpected Events: 2.0
  - Unable to Control Important Things: 1.0
  - Lacked Confidence Handling Problems: 4.0
  - Unable to Cope: 1.0
  - Irritated by Life: 3.0
  - On Top of Things: 3.0
- Anxiety Symptoms Frequency:
  - Feeling Nervous or On Edge: 1.0
  - Trouble Relaxing: 1.0
  - Restlessness: 1.0
  - Irritability: 0.0
  - Fear Something Awful Might Happen: 0.0
- Depressive Symptoms Frequency:
  - Anhedonia: 0.0
  - Sleep Problems: 1.0
  - Fatigue: 0.0
  - Appetite Changes: 0.0
  - Feelings of Worthlessness: 0.0
  - Concentration Difficulties: 0.0
  - Suicidal Thoughts: 0.0

Respondent 112:
- Year of birth: 2002.0
- Gender: 1.0
- Socio-economic status: 4.0
- Ethnic identity: 6.0
- Parental Education:
  - Father: 13.0
  - Mother: 11.0
- Life satisfaction: 6.0
- Happiness: 8.0
- Laughter: 6.0
- Learning: 8.0
- Enjoyment: 9.0
- Worry: 0.0
- Depression: 1.0
- Anger: 1.0
- Stress: 3.0
- Loneliness: 5.0
- Emotional Regulation Frequency:
  - Upset by Unexpected Events: 2.0
  - Unable to Control Important Things: 4.0
  - Lacked Confidence Handling Problems: 2.0
  - Unable to Cope: 3.0
  - Irritated by Life: 3.0
  - On Top of Things: 1.0
- Anxiety Symptoms Frequency:
  - Feeling Nervous or On Edge: 1.0
  - Trouble Relaxing: 1.0
  - Restlessness: 2.0
  - Irritability: 0.0
  - Fear Something Awful Might Happen: 0.0
- Depressive Symptoms Frequency:
  - Anhedonia: 2.0
  - Sleep Problems: 1.0
  - Fatigue: 2.0
  - Appetite Changes: 0.0
  - Feelings of Worthlessness: 3.0
  - Concentration Difficulties: 2.0
  - Suicidal Thoughts: 0.0

Respondent 139:
- Year of birth: 2002.0
- Gender: 2.0
- Socio-economic status: 4.0
- Ethnic identity: 6.0
- Parental Education:
  - Father: 21.0
  - Mother: 11.0
- Life satisfaction: 8.0
- Happiness: 7.0
- Laughter: 7.0
- Learning: 4.0
- Enjoyment: 5.0
- Worry: 1.0
- Depression: 0.0
- Anger: 2.0
- Stress: 1.0
- Loneliness: 5.0
- Emotional Regulation Frequency:
  - Upset by Unexpected Events: 4.0
  - Unable to Control Important Things: 2.0
  - Lacked Confidence Handling Problems: 2.0
  - Unable to Cope: 1.0
  - Irritated by Life: 3.0
  - On Top of Things: 3.0
- Anxiety Symptoms Frequency:
  - Feeling Nervous or On Edge: 1.0
  - Trouble Relaxing: 1.0
  - Restlessness: 1.0
  - Irritability: 1.0
  - Fear Something Awful Might Happen: 1.0
- Depressive Symptoms Frequency:
  - Anhedonia: 1.0
  - Sleep Problems: 1.0
  - Fatigue: 1.0
  - Appetite Changes: 1.0
  - Feelings of Worthlessness: 0.0
  - Concentration Difficulties: 0.0
  - Suicidal Thoughts: 0.0

Respondent 120:
- Year of birth: 2002.0
- Gender: 2.0
- Socio-economic status: 1.0
- Ethnic identity: 6.0
- Life satisfaction: 6.0
- Happiness: 6.0
- Laughter: 6.0
- Learning: 7.0
- Enjoyment: 6.0
- Worry: 2.0
- Depression: 2.0
- Anger: 4.0
- Stress: 4.0
- Loneliness: 10.0
- Emotional Regulation Frequency:
  - Upset by Unexpected Events: 4.0
  - Unable to Control Important Things: 4.0
  - Lacked Confidence Handling Problems: 1.0
  - Unable to Cope: 4.0
  - Irritated by Life: 1.0
  - On Top of Things: 1.0
- Anxiety Symptoms Frequency:
  - Feeling Nervous or On Edge: 1.0
  - Trouble Relaxing: 3.0
  - Restlessness: 3.0
  - Irritability: 3.0
  - Fear Something Awful Might Happen: 3.0
- Depressive Symptoms Frequency:
  - Anhedonia: 3.0
  - Sleep Problems: 3.0
  - Fatigue: 2.0
  - Appetite Changes: 2.0
  - Feelings of Worthlessness: 2.0
  - Concentration Difficulties: 2.0
  - Suicidal Thoughts: 1.0
",8,"How many respondents are there?

DATA:

Survey Data
==================================================

Questions:
1. Year of birth: What is your date of birth? [Open-ended]
2. Gender: What is your gender? [MCQ: 1. Male 2. Female]
3. Socio-economic status: What is the socio-economic status of your home? [Likert 1–6: 1 = Very low, 6 = Very high]
4. Ethnic identity: According to your culture, people, or physical features, you are or are recognized as: [MCQ: 1. Indigenous 2. Gypsy 3. Raizal from San Andres, Providencia and Santa Catalina Archipelago 4. Palenquero from San Basilio 5. Black, mulatto (Afro-descendant), Afro-Colombian 6. None of the above]
5. Parental Education: How many years of education did your parents receive? [Open-ended]
   - Father: Father?
   - Mother: Mother?
6. Life satisfaction: In general, how satisfied are you with all aspects of your life? [Likert 0–10: 0 = Not satisfied, 10 = Totally satisfied]
7. Happiness: How happy did you feel yesterday? [Likert 0–10: 0 = At no time, 10 = All the time]
8. Laughter: How much did you laugh yesterday? [Likert 0–10: 0 = At no time, 10 = All the time]
9. Learning: Did you learn new or exciting things yesterday? [Likert 0–10: 0 = At no time, 10 = All the time]
10. Enjoyment: How much did you enjoy the activities you did yesterday? [Likert 0–10: 0 = At no time, 10 = All the time]
11. Worry: How worried did you feel yesterday? [Likert 0–10: 0 = At no time, 10 = All the time]
12. Depression: How depressed did you feel yesterday? [Likert 0–10: 0 = At no time, 10 = All the time]
13. Anger: How angry did you feel yesterday? [Likert 0–10: 0 = At no time, 10 = All the time]
14. Stress: How much stress did you feel yesterday? [Likert 0–10: 0 = At no time, 10 = All the time]
15. Loneliness: How lonely or unsupported did you feel yesterday? [Likert 0–10: 0 = At no time, 10 = All the time]
16. Emotional Regulation Frequency: Next, you will be asked questions about your emotional state. Please answer on a scale of 0 to 4, where 0 is never, 1 is 'almost never', 2 is 'sometimes', 3 is 'fairly often', and 4 is 'very often', how often you experienced the following feelings during the last month: [Likert 0–4]
    - Upset by Unexpected Events: how often have you been upset because of something that happened unexpectedly?
    - Unable to Control Important Things: how often have you felt that you were unable to control the important things in your life?
    - Nervous and Stressed: how often have you felt nervous and stressed?
    - Lacked Confidence Handling Problems: how often have you felt confident about your ability to handle your personal problems?
    - Things Going Your Way: how often have you felt that things were going your way?
    - Unable to Cope: how often have you found that you could not cope with all the things that you had to do?
    - Irritated by Life: how often have you been able to control irritations in your life?
    - On Top of Things: how often have you felt that you were on top of things?
    - Angered by Uncontrollable Events: how often have you been angered because of things that happened that were outside of your control?
    - Felt Overwhelmed: how often have you felt difficulties were piling up so high that you could not overcome them?
17. Anxiety Symptoms Frequency: Next, you will be asked questions about your emotional state. Please answer on a scale of 0 to 3, where 0 is 'Not at all', 1 is 'several days', 2 is 'more than half of the days', and 3 is 'Nearly every day'. Over the last two weeks, how often have you been bothered by the following problems? [Likert 0–3]
    - Feeling Nervous or On Edge: Feeling nervous, anxious, or on edge
    - Uncontrollable Worrying: Not being able to stop or control worrying
    - Excessive Worry: Worrying too much about different things
    - Trouble Relaxing: Trouble relaxing
    - Restlessness: Being so restless that it is hard to sit still
    - Irritability: Becoming easily annoyed or irritable
    - Fear Something Awful Might Happen: Feeling afraid, as if something awful might happen
18. Depressive Symptoms Frequency: Next, you will be asked questions about your emotional state. Please answer on a scale of 0 to 3, where 0 is 'Not at all', 1 is 'several days', 2 is 'more than half of the days', and 3 is 'Nearly every day'. Over the last two weeks, how often have you been bothered by the following problems?
    - Anhedonia: Little interest or pleasure in doing things
    - Depressed Mood: Feeling down, depressed, or hopeless
    - Sleep Problems: Trouble falling or staying asleep, or sleeping too much
    - Fatigue: Feeling tired or having little energy
    - Appetite Changes: Poor appetite or overeating
    - Feelings of Worthlessness: Feeling bad about yourself or that you are a failure or have let yourself or your family down
    - Concentration Difficulties: Trouble concentrating on things, such as reading the newspaper or watching television
    - Psychomotor Changes: Moving or speaking so slowly that other people could have noticed. Or the opposite — being so fidgety or restless that you have been moving around a lot more than usual
    - Suicidal Thoughts: Thoughts that you would be better off dead, or of hurting yourself

Responses:
==================================================

Respondent 119:
- Year of birth: 2004.0
- Gender: 1.0
- Socio-economic status: 1.0
- Ethnic identity: 6.0
- Life satisfaction: 4.0
- Happiness: 8.0
- Laughter: 8.0
- Learning: 8.0
- Enjoyment: 8.0
- Worry: 1.0
- Depression: 1.0
- Anger: 2.0
- Stress: 2.0
- Loneliness: 2.0
- Emotional Regulation Frequency:
  - Upset by Unexpected Events: 2.0
  - Unable to Control Important Things: 2.0
  - Lacked Confidence Handling Problems: 2.0
  - Unable to Cope: 2.0
  - Irritated by Life: 2.0
  - On Top of Things: 2.0
- Anxiety Symptoms Frequency:
  - Feeling Nervous or On Edge: 1.0
  - Trouble Relaxing: 1.0
  - Restlessness: 1.0
  - Irritability: 1.0
  - Fear Something Awful Might Happen: 1.0
- Depressive Symptoms Frequency:
  - Anhedonia: 1.0
  - Sleep Problems: 1.0
  - Fatigue: 1.0
  - Appetite Changes: 0.0
  - Feelings of Worthlessness: 1.0
  - Concentration Difficulties: 0.0
  - Suicidal Thoughts: 0.0

Respondent 116:
- Year of birth: 2004.0
- Gender: 1.0
- Socio-economic status: 5.0
- Ethnic identity: 6.0
- Parental Education:
  - Father: 17.0
  - Mother: 17.0
- Life satisfaction: 8.0
- Happiness: 8.0
- Laughter: 7.0
- Learning: 7.0
- Enjoyment: 9.0
- Worry: 1.0
- Depression: 1.0
- Anger: 2.0
- Stress: 3.0
- Loneliness: 1.0
- Emotional Regulation Frequency:
  - Upset by Unexpected Events: 2.0
  - Unable to Control Important Things: 2.0
  - Lacked Confidence Handling Problems: 3.0
  - Unable to Cope: 2.0
  - Irritated by Life: 3.0
  - On Top of Things: 2.0
- Anxiety Symptoms Frequency:
  - Feeling Nervous or On Edge: 2.0
  - Trouble Relaxing: 1.0
  - Restlessness: 2.0
  - Irritability: 1.0
  - Fear Something Awful Might Happen: 2.0
- Depressive Symptoms Frequency:
  - Anhedonia: 1.0
  - Sleep Problems: 0.0
  - Fatigue: 2.0
  - Appetite Changes: 2.0
  - Feelings of Worthlessness: 1.0
  - Concentration Difficulties: 2.0
  - Suicidal Thoughts: 0.0

Answer: 2

Survey Data
==================================================

Questions:
1. Year of birth: What is your date of birth? [Open-ended]
2. Gender: What is your gender? [MCQ: 1. Male 2. Female]
3. Socio-economic status: What is the socio-economic status of your home? [Likert 1–6: 1 = Very low, 6 = Very high]
4. Ethnic identity: According to your culture, people, or physical features, you are or are recognized as: [MCQ: 1. Indigenous 2. Gypsy 3. Raizal from San Andres, Providencia and Santa Catalina Archipelago 4. Palenquero from San Basilio 5. Black, mulatto (Afro-descendant), Afro-Colombian 6. None of the above]
5. Parental Education: How many years of education did your parents receive? [Open-ended]
   - Father: Father?
   - Mother: Mother?
6. Life satisfaction: In general, how satisfied are you with all aspects of your life? [Likert 0–10: 0 = Not satisfied, 10 = Totally satisfied]
7. Happiness: How happy did you feel yesterday? [Likert 0–10: 0 = At no time, 10 = All the time]
8. Laughter: How much did you laugh yesterday? [Likert 0–10: 0 = At no time, 10 = All the time]
9. Learning: Did you learn new or exciting things yesterday? [Likert 0–10: 0 = At no time, 10 = All the time]
10. Enjoyment: How much did you enjoy the activities you did yesterday? [Likert 0–10: 0 = At no time, 10 = All the time]
11. Worry: How worried did you feel yesterday? [Likert 0–10: 0 = At no time, 10 = All the time]
12. Depression: How depressed did you feel yesterday? [Likert 0–10: 0 = At no time, 10 = All the time]
13. Anger: How angry did you feel yesterday? [Likert 0–10: 0 = At no time, 10 = All the time]
14. Stress: How much stress did you feel yesterday? [Likert 0–10: 0 = At no time, 10 = All the time]
15. Loneliness: How lonely or unsupported did you feel yesterday? [Likert 0–10: 0 = At no time, 10 = All the time]
16. Emotional Regulation Frequency: Next, you will be asked questions about your emotional state. Please answer on a scale of 0 to 4, where 0 is never, 1 is 'almost never', 2 is 'sometimes', 3 is 'fairly often', and 4 is 'very often', how often you experienced the following feelings during the last month: [Likert 0–4]
    - Upset by Unexpected Events: how often have you been upset because of something that happened unexpectedly?
    - Unable to Control Important Things: how often have you felt that you were unable to control the important things in your life?
    - Nervous and Stressed: how often have you felt nervous and stressed?
    - Lacked Confidence Handling Problems: how often have you felt confident about your ability to handle your personal problems?
    - Things Going Your Way: how often have you felt that things were going your way?
    - Unable to Cope: how often have you found that you could not cope with all the things that you had to do?
    - Irritated by Life: how often have you been able to control irritations in your life?
    - On Top of Things: how often have you felt that you were on top of things?
    - Angered by Uncontrollable Events: how often have you been angered because of things that happened that were outside of your control?
    - Felt Overwhelmed: how often have you felt difficulties were piling up so high that you could not overcome them?
17. Anxiety Symptoms Frequency: Next, you will be asked questions about your emotional state. Please answer on a scale of 0 to 3, where 0 is 'Not at all', 1 is 'several days', 2 is 'more than half of the days', and 3 is 'Nearly every day'. Over the last two weeks, how often have you been bothered by the following problems? [Likert 0–3]
    - Feeling Nervous or On Edge: Feeling nervous, anxious, or on edge
    - Uncontrollable Worrying: Not being able to stop or control worrying
    - Excessive Worry: Worrying too much about different things
    - Trouble Relaxing: Trouble relaxing
    - Restlessness: Being so restless that it is hard to sit still
    - Irritability: Becoming easily annoyed or irritable
    - Fear Something Awful Might Happen: Feeling afraid, as if something awful might happen
18. Depressive Symptoms Frequency: Next, you will be asked questions about your emotional state. Please answer on a scale of 0 to 3, where 0 is 'Not at all', 1 is 'several days', 2 is 'more than half of the days', and 3 is 'Nearly every day'. Over the last two weeks, how often have you been bothered by the following problems?
    - Anhedonia: Little interest or pleasure in doing things
    - Depressed Mood: Feeling down, depressed, or hopeless
    - Sleep Problems: Trouble falling or staying asleep, or sleeping too much
    - Fatigue: Feeling tired or having little energy
    - Appetite Changes: Poor appetite or overeating
    - Feelings of Worthlessness: Feeling bad about yourself or that you are a failure or have let yourself or your family down
    - Concentration Difficulties: Trouble concentrating on things, such as reading the newspaper or watching television
    - Psychomotor Changes: Moving or speaking so slowly that other people could have noticed. Or the opposite — being so fidgety or restless that you have been moving around a lot more than usual
    - Suicidal Thoughts: Thoughts that you would be better off dead, or of hurting yourself

Responses:
==================================================

Respondent 11:
- Year of birth: 2002.0
- Gender: 1.0
- Socio-economic status: 2.0
- Ethnic identity: 6.0
- Parental Education:
  - Father: 11.0
- Life satisfaction: 4.0
- Happiness: 4.0
- Laughter: 3.0
- Learning: 3.0
- Enjoyment: 3.0
- Worry: 2.0
- Depression: 2.0
- Anger: 4.0
- Stress: 4.0
- Loneliness: 8.0
- Emotional Regulation Frequency:
  - Upset by Unexpected Events: 4.0
  - Unable to Control Important Things: 4.0
  - Lacked Confidence Handling Problems: 2.0
  - Unable to Cope: 3.0
  - Irritated by Life: 1.0
  - On Top of Things: 1.0
- Anxiety Symptoms Frequency:
  - Feeling Nervous or On Edge: 2.0
  - Trouble Relaxing: 3.0
  - Restlessness: 3.0
  - Irritability: 1.0
  - Fear Something Awful Might Happen: 2.0
- Depressive Symptoms Frequency:
  - Anhedonia: 3.0
  - Sleep Problems: 2.0
  - Fatigue: 2.0
  - Appetite Changes: 3.0
  - Feelings of Worthlessness: 1.0
  - Concentration Difficulties: 2.0
  - Suicidal Thoughts: 1.0

Respondent 26:
- Year of birth: 2005.0
- Gender: 2.0
- Socio-economic status: 3.0
- Ethnic identity: 5.0
- Parental Education:
  - Father: 16.0
  - Mother: 16.0
- Life satisfaction: 7.0
- Happiness: 8.0
- Laughter: 9.0
- Learning: 9.0
- Enjoyment: 6.0
- Worry: 2.0
- Depression: 0.0
- Anger: 1.0
- Stress: 3.0
- Loneliness: 4.0
- Emotional Regulation Frequency:
  - Upset by Unexpected Events: 1.0
  - Unable to Control Important Things: 2.0
  - Lacked Confidence Handling Problems: 3.0
  - Unable to Cope: 2.0
  - Irritated by Life: 3.0
  - On Top of Things: 2.0
- Anxiety Symptoms Frequency:
  - Feeling Nervous or On Edge: 1.0
  - Trouble Relaxing: 2.0
  - Restlessness: 0.0
  - Irritability: 0.0
  - Fear Something Awful Might Happen: 0.0
- Depressive Symptoms Frequency:
  - Anhedonia: 1.0
  - Sleep Problems: 0.0
  - Fatigue: 2.0
  - Appetite Changes: 1.0
  - Feelings of Worthlessness: 0.0
  - Concentration Difficulties: 1.0
  - Suicidal Thoughts: 0.0

Respondent 53:
- Year of birth: 2002.0
- Gender: 2.0
- Socio-economic status: 3.0
- Ethnic identity: 5.0
- Parental Education:
  - Father: 11.0
  - Mother: 20.0
- Life satisfaction: 4.0
- Happiness: 6.0
- Laughter: 9.0
- Learning: 8.0
- Enjoyment: 5.0
- Worry: 2.0
- Depression: 2.0
- Anger: 3.0
- Stress: 4.0
- Loneliness: 10.0
- Emotional Regulation Frequency:
  - Upset by Unexpected Events: 3.0
  - Unable to Control Important Things: 2.0
  - Lacked Confidence Handling Problems: 3.0
  - Unable to Cope: 2.0
  - Irritated by Life: 2.0
  - On Top of Things: 1.0
- Anxiety Symptoms Frequency:
  - Feeling Nervous or On Edge: 1.0
  - Trouble Relaxing: 2.0
  - Restlessness: 2.0
  - Irritability: 2.0
  - Fear Something Awful Might Happen: 1.0
- Depressive Symptoms Frequency:
  - Anhedonia: 3.0
  - Sleep Problems: 3.0
  - Fatigue: 3.0
  - Appetite Changes: 1.0
  - Feelings of Worthlessness: 1.0
  - Concentration Difficulties: 0.0
  - Suicidal Thoughts: 1.0

Respondent 129:
- Year of birth: 2001.0
- Gender: 2.0
- Socio-economic status: 3.0
- Ethnic identity: 6.0
- Parental Education:
  - Father: 13.0
  - Mother: 13.0
- Life satisfaction: 8.0
- Happiness: 9.0
- Laughter: 6.0
- Learning: 5.0
- Enjoyment: 6.0
- Worry: 1.0
- Depression: 1.0
- Anger: 1.0
- Stress: 3.0
- Loneliness: 0.0
- Emotional Regulation Frequency:
  - Upset by Unexpected Events: 1.0
  - Unable to Control Important Things: 1.0
  - Lacked Confidence Handling Problems: 3.0
  - Unable to Cope: 2.0
  - Irritated by Life: 3.0
  - On Top of Things: 2.0
- Anxiety Symptoms Frequency:
  - Feeling Nervous or On Edge: 1.0
  - Trouble Relaxing: 1.0
  - Restlessness: 0.0
  - Irritability: 0.0
  - Fear Something Awful Might Happen: 0.0
- Depressive Symptoms Frequency:
  - Anhedonia: 1.0
  - Sleep Problems: 1.0
  - Fatigue: 2.0
  - Appetite Changes: 2.0
  - Feelings of Worthlessness: 0.0
  - Concentration Difficulties: 2.0
  - Suicidal Thoughts: 0.0

Respondent 101:
- Year of birth: 2003.0
- Gender: 1.0
- Socio-economic status: 6.0
- Ethnic identity: 6.0
- Parental Education:
  - Father: 22.0
  - Mother: 28.0
- Life satisfaction: 9.0
- Happiness: 10.0
- Laughter: 8.0
- Learning: 10.0
- Enjoyment: 8.0
- Worry: 1.0
- Depression: 0.0
- Anger: 2.0
- Stress: 2.0
- Loneliness: 3.0
- Emotional Regulation Frequency:
  - Upset by Unexpected Events: 2.0
  - Unable to Control Important Things: 1.0
  - Lacked Confidence Handling Problems: 4.0
  - Unable to Cope: 1.0
  - Irritated by Life: 3.0
  - On Top of Things: 3.0
- Anxiety Symptoms Frequency:
  - Feeling Nervous or On Edge: 1.0
  - Trouble Relaxing: 1.0
  - Restlessness: 1.0
  - Irritability: 0.0
  - Fear Something Awful Might Happen: 0.0
- Depressive Symptoms Frequency:
  - Anhedonia: 0.0
  - Sleep Problems: 1.0
  - Fatigue: 0.0
  - Appetite Changes: 0.0
  - Feelings of Worthlessness: 0.0
  - Concentration Difficulties: 0.0
  - Suicidal Thoughts: 0.0

Respondent 112:
- Year of birth: 2002.0
- Gender: 1.0
- Socio-economic status: 4.0
- Ethnic identity: 6.0
- Parental Education:
  - Father: 13.0
  - Mother: 11.0
- Life satisfaction: 6.0
- Happiness: 8.0
- Laughter: 6.0
- Learning: 8.0
- Enjoyment: 9.0
- Worry: 0.0
- Depression: 1.0
- Anger: 1.0
- Stress: 3.0
- Loneliness: 5.0
- Emotional Regulation Frequency:
  - Upset by Unexpected Events: 2.0
  - Unable to Control Important Things: 4.0
  - Lacked Confidence Handling Problems: 2.0
  - Unable to Cope: 3.0
  - Irritated by Life: 3.0
  - On Top of Things: 1.0
- Anxiety Symptoms Frequency:
  - Feeling Nervous or On Edge: 1.0
  - Trouble Relaxing: 1.0
  - Restlessness: 2.0
  - Irritability: 0.0
  - Fear Something Awful Might Happen: 0.0
- Depressive Symptoms Frequency:
  - Anhedonia: 2.0
  - Sleep Problems: 1.0
  - Fatigue: 2.0
  - Appetite Changes: 0.0
  - Feelings of Worthlessness: 3.0
  - Concentration Difficulties: 2.0
  - Suicidal Thoughts: 0.0

Respondent 139:
- Year of birth: 2002.0
- Gender: 2.0
- Socio-economic status: 4.0
- Ethnic identity: 6.0
- Parental Education:
  - Father: 21.0
  - Mother: 11.0
- Life satisfaction: 8.0
- Happiness: 7.0
- Laughter: 7.0
- Learning: 4.0
- Enjoyment: 5.0
- Worry: 1.0
- Depression: 0.0
- Anger: 2.0
- Stress: 1.0
- Loneliness: 5.0
- Emotional Regulation Frequency:
  - Upset by Unexpected Events: 4.0
  - Unable to Control Important Things: 2.0
  - Lacked Confidence Handling Problems: 2.0
  - Unable to Cope: 1.0
  - Irritated by Life: 3.0
  - On Top of Things: 3.0
- Anxiety Symptoms Frequency:
  - Feeling Nervous or On Edge: 1.0
  - Trouble Relaxing: 1.0
  - Restlessness: 1.0
  - Irritability: 1.0
  - Fear Something Awful Might Happen: 1.0
- Depressive Symptoms Frequency:
  - Anhedonia: 1.0
  - Sleep Problems: 1.0
  - Fatigue: 1.0
  - Appetite Changes: 1.0
  - Feelings of Worthlessness: 0.0
  - Concentration Difficulties: 0.0
  - Suicidal Thoughts: 0.0

Respondent 120:
- Year of birth: 2002.0
- Gender: 2.0
- Socio-economic status: 1.0
- Ethnic identity: 6.0
- Life satisfaction: 6.0
- Happiness: 6.0
- Laughter: 6.0
- Learning: 7.0
- Enjoyment: 6.0
- Worry: 2.0
- Depression: 2.0
- Anger: 4.0
- Stress: 4.0
- Loneliness: 10.0
- Emotional Regulation Frequency:
  - Upset by Unexpected Events: 4.0
  - Unable to Control Important Things: 4.0
  - Lacked Confidence Handling Problems: 1.0
  - Unable to Cope: 4.0
  - Irritated by Life: 1.0
  - On Top of Things: 1.0
- Anxiety Symptoms Frequency:
  - Feeling Nervous or On Edge: 1.0
  - Trouble Relaxing: 3.0
  - Restlessness: 3.0
  - Irritability: 3.0
  - Fear Something Awful Might Happen: 3.0
- Depressive Symptoms Frequency:
  - Anhedonia: 3.0
  - Sleep Problems: 3.0
  - Fatigue: 2.0
  - Appetite Changes: 2.0
  - Feelings of Worthlessness: 2.0
  - Concentration Difficulties: 2.0
  - Suicidal Thoughts: 1.0

You are a meticulous data analyst AI. Your primary function is to accurately analyze structured data and provide precise, verifiable answers.

You will be given a dataset with two key parts:

A 'questions' section: This is your data dictionary or schema. It is the single source of truth for understanding what each field and score means. Refer to it carefully.

A 'responses' section: This contains the raw data from each individual respondent.

To answer the question correctly, you must first use the 'questions' schema to fully understand the context and meaning of the data points within the 'responses'. Do not rely on any prior knowledge outside of this provided data. Base your entire analysis on the information given.

Provide your final answer directly and concisely. Output must be the human-readable value, not an option code.

Rules:
- For MCQ fields, map any letter codes in the Responses (case-insensitive) to the corresponding option text from the Questions schema, and output only that text. Do NOT include the letter or both.
  Example: If the schema is ""[MCQ: A. Abnormal B. Inconclusive C. Normal]"" and the response is ""a"", output ""Abnormal"".
- For open-ended fields, output the exact text value.
- If the question asks for a count, provide only the number (e.g., ""42"").
- If the question asks for a list of names or IDs, provide a simple comma-separated list (e.g., ""17, 21, 23"").
- Preserve capitalization exactly as in the schema (e.g., output ""Abnormal"", not ""abnormal"" or ""A"").

How many respondents are there?",10,False
case_36,respondent_count,How many respondents are there?,"Survey Data
==================================================

Questions:
1. Year of birth: What is your date of birth? [Open-ended]
2. Gender: What is your gender? [MCQ: 1. Male 2. Female]
3. Socio-economic status: What is the socio-economic status of your home? [Likert 1–6: 1 = Very low, 6 = Very high]
4. Ethnic identity: According to your culture, people, or physical features, you are or are recognized as: [MCQ: 1. Indigenous 2. Gypsy 3. Raizal from San Andres, Providencia and Santa Catalina Archipelago 4. Palenquero from San Basilio 5. Black, mulatto (Afro-descendant), Afro-Colombian 6. None of the above]
5. Parental Education: How many years of education did your parents receive? [Open-ended]
   - Father: Father?
   - Mother: Mother?
6. Life satisfaction: In general, how satisfied are you with all aspects of your life? [Likert 0–10: 0 = Not satisfied, 10 = Totally satisfied]
7. Happiness: How happy did you feel yesterday? [Likert 0–10: 0 = At no time, 10 = All the time]
8. Laughter: How much did you laugh yesterday? [Likert 0–10: 0 = At no time, 10 = All the time]
9. Learning: Did you learn new or exciting things yesterday? [Likert 0–10: 0 = At no time, 10 = All the time]
10. Enjoyment: How much did you enjoy the activities you did yesterday? [Likert 0–10: 0 = At no time, 10 = All the time]
11. Worry: How worried did you feel yesterday? [Likert 0–10: 0 = At no time, 10 = All the time]
12. Depression: How depressed did you feel yesterday? [Likert 0–10: 0 = At no time, 10 = All the time]
13. Anger: How angry did you feel yesterday? [Likert 0–10: 0 = At no time, 10 = All the time]
14. Stress: How much stress did you feel yesterday? [Likert 0–10: 0 = At no time, 10 = All the time]
15. Loneliness: How lonely or unsupported did you feel yesterday? [Likert 0–10: 0 = At no time, 10 = All the time]
16. Emotional Regulation Frequency: Next, you will be asked questions about your emotional state. Please answer on a scale of 0 to 4, where 0 is never, 1 is 'almost never', 2 is 'sometimes', 3 is 'fairly often', and 4 is 'very often', how often you experienced the following feelings during the last month: [Likert 0–4]
    - Upset by Unexpected Events: how often have you been upset because of something that happened unexpectedly?
    - Unable to Control Important Things: how often have you felt that you were unable to control the important things in your life?
    - Nervous and Stressed: how often have you felt nervous and stressed?
    - Lacked Confidence Handling Problems: how often have you felt confident about your ability to handle your personal problems?
    - Things Going Your Way: how often have you felt that things were going your way?
    - Unable to Cope: how often have you found that you could not cope with all the things that you had to do?
    - Irritated by Life: how often have you been able to control irritations in your life?
    - On Top of Things: how often have you felt that you were on top of things?
    - Angered by Uncontrollable Events: how often have you been angered because of things that happened that were outside of your control?
    - Felt Overwhelmed: how often have you felt difficulties were piling up so high that you could not overcome them?
17. Anxiety Symptoms Frequency: Next, you will be asked questions about your emotional state. Please answer on a scale of 0 to 3, where 0 is 'Not at all', 1 is 'several days', 2 is 'more than half of the days', and 3 is 'Nearly every day'. Over the last two weeks, how often have you been bothered by the following problems? [Likert 0–3]
    - Feeling Nervous or On Edge: Feeling nervous, anxious, or on edge
    - Uncontrollable Worrying: Not being able to stop or control worrying
    - Excessive Worry: Worrying too much about different things
    - Trouble Relaxing: Trouble relaxing
    - Restlessness: Being so restless that it is hard to sit still
    - Irritability: Becoming easily annoyed or irritable
    - Fear Something Awful Might Happen: Feeling afraid, as if something awful might happen
18. Depressive Symptoms Frequency: Next, you will be asked questions about your emotional state. Please answer on a scale of 0 to 3, where 0 is 'Not at all', 1 is 'several days', 2 is 'more than half of the days', and 3 is 'Nearly every day'. Over the last two weeks, how often have you been bothered by the following problems?
    - Anhedonia: Little interest or pleasure in doing things
    - Depressed Mood: Feeling down, depressed, or hopeless
    - Sleep Problems: Trouble falling or staying asleep, or sleeping too much
    - Fatigue: Feeling tired or having little energy
    - Appetite Changes: Poor appetite or overeating
    - Feelings of Worthlessness: Feeling bad about yourself or that you are a failure or have let yourself or your family down
    - Concentration Difficulties: Trouble concentrating on things, such as reading the newspaper or watching television
    - Psychomotor Changes: Moving or speaking so slowly that other people could have noticed. Or the opposite — being so fidgety or restless that you have been moving around a lot more than usual
    - Suicidal Thoughts: Thoughts that you would be better off dead, or of hurting yourself

Responses:
==================================================

Respondent 4:
- Year of birth: 2001.0
- Gender: 2.0
- Socio-economic status: 5.0
- Ethnic identity: 6.0
- Parental Education:
  - Father: 20.0
  - Mother: 16.0
- Life satisfaction: 10.0
- Happiness: 8.0
- Laughter: 10.0
- Learning: 10.0
- Enjoyment: 10.0
- Worry: 1.0
- Depression: 1.0
- Anger: 2.0
- Stress: 2.0
- Loneliness: 0.0
- Emotional Regulation Frequency:
  - Upset by Unexpected Events: 3.0
  - Unable to Control Important Things: 3.0
  - Lacked Confidence Handling Problems: 4.0
  - Unable to Cope: 2.0
  - Irritated by Life: 3.0
  - On Top of Things: 3.0
- Anxiety Symptoms Frequency:
  - Feeling Nervous or On Edge: 0.0
  - Trouble Relaxing: 0.0
  - Restlessness: 0.0
  - Irritability: 1.0
  - Fear Something Awful Might Happen: 0.0
- Depressive Symptoms Frequency:
  - Anhedonia: 3.0
  - Sleep Problems: 0.0
  - Fatigue: 3.0
  - Appetite Changes: 1.0
  - Feelings of Worthlessness: 0.0
  - Concentration Difficulties: 0.0
  - Suicidal Thoughts: 0.0
",1,"How many respondents are there?

DATA:

Survey Data
==================================================

Questions:
1. Year of birth: What is your date of birth? [Open-ended]
2. Gender: What is your gender? [MCQ: 1. Male 2. Female]
3. Socio-economic status: What is the socio-economic status of your home? [Likert 1–6: 1 = Very low, 6 = Very high]
4. Ethnic identity: According to your culture, people, or physical features, you are or are recognized as: [MCQ: 1. Indigenous 2. Gypsy 3. Raizal from San Andres, Providencia and Santa Catalina Archipelago 4. Palenquero from San Basilio 5. Black, mulatto (Afro-descendant), Afro-Colombian 6. None of the above]
5. Parental Education: How many years of education did your parents receive? [Open-ended]
   - Father: Father?
   - Mother: Mother?
6. Life satisfaction: In general, how satisfied are you with all aspects of your life? [Likert 0–10: 0 = Not satisfied, 10 = Totally satisfied]
7. Happiness: How happy did you feel yesterday? [Likert 0–10: 0 = At no time, 10 = All the time]
8. Laughter: How much did you laugh yesterday? [Likert 0–10: 0 = At no time, 10 = All the time]
9. Learning: Did you learn new or exciting things yesterday? [Likert 0–10: 0 = At no time, 10 = All the time]
10. Enjoyment: How much did you enjoy the activities you did yesterday? [Likert 0–10: 0 = At no time, 10 = All the time]
11. Worry: How worried did you feel yesterday? [Likert 0–10: 0 = At no time, 10 = All the time]
12. Depression: How depressed did you feel yesterday? [Likert 0–10: 0 = At no time, 10 = All the time]
13. Anger: How angry did you feel yesterday? [Likert 0–10: 0 = At no time, 10 = All the time]
14. Stress: How much stress did you feel yesterday? [Likert 0–10: 0 = At no time, 10 = All the time]
15. Loneliness: How lonely or unsupported did you feel yesterday? [Likert 0–10: 0 = At no time, 10 = All the time]
16. Emotional Regulation Frequency: Next, you will be asked questions about your emotional state. Please answer on a scale of 0 to 4, where 0 is never, 1 is 'almost never', 2 is 'sometimes', 3 is 'fairly often', and 4 is 'very often', how often you experienced the following feelings during the last month: [Likert 0–4]
    - Upset by Unexpected Events: how often have you been upset because of something that happened unexpectedly?
    - Unable to Control Important Things: how often have you felt that you were unable to control the important things in your life?
    - Nervous and Stressed: how often have you felt nervous and stressed?
    - Lacked Confidence Handling Problems: how often have you felt confident about your ability to handle your personal problems?
    - Things Going Your Way: how often have you felt that things were going your way?
    - Unable to Cope: how often have you found that you could not cope with all the things that you had to do?
    - Irritated by Life: how often have you been able to control irritations in your life?
    - On Top of Things: how often have you felt that you were on top of things?
    - Angered by Uncontrollable Events: how often have you been angered because of things that happened that were outside of your control?
    - Felt Overwhelmed: how often have you felt difficulties were piling up so high that you could not overcome them?
17. Anxiety Symptoms Frequency: Next, you will be asked questions about your emotional state. Please answer on a scale of 0 to 3, where 0 is 'Not at all', 1 is 'several days', 2 is 'more than half of the days', and 3 is 'Nearly every day'. Over the last two weeks, how often have you been bothered by the following problems? [Likert 0–3]
    - Feeling Nervous or On Edge: Feeling nervous, anxious, or on edge
    - Uncontrollable Worrying: Not being able to stop or control worrying
    - Excessive Worry: Worrying too much about different things
    - Trouble Relaxing: Trouble relaxing
    - Restlessness: Being so restless that it is hard to sit still
    - Irritability: Becoming easily annoyed or irritable
    - Fear Something Awful Might Happen: Feeling afraid, as if something awful might happen
18. Depressive Symptoms Frequency: Next, you will be asked questions about your emotional state. Please answer on a scale of 0 to 3, where 0 is 'Not at all', 1 is 'several days', 2 is 'more than half of the days', and 3 is 'Nearly every day'. Over the last two weeks, how often have you been bothered by the following problems?
    - Anhedonia: Little interest or pleasure in doing things
    - Depressed Mood: Feeling down, depressed, or hopeless
    - Sleep Problems: Trouble falling or staying asleep, or sleeping too much
    - Fatigue: Feeling tired or having little energy
    - Appetite Changes: Poor appetite or overeating
    - Feelings of Worthlessness: Feeling bad about yourself or that you are a failure or have let yourself or your family down
    - Concentration Difficulties: Trouble concentrating on things, such as reading the newspaper or watching television
    - Psychomotor Changes: Moving or speaking so slowly that other people could have noticed. Or the opposite — being so fidgety or restless that you have been moving around a lot more than usual
    - Suicidal Thoughts: Thoughts that you would be better off dead, or of hurting yourself

Responses:
==================================================

Respondent 119:
- Year of birth: 2004.0
- Gender: 1.0
- Socio-economic status: 1.0
- Ethnic identity: 6.0
- Life satisfaction: 4.0
- Happiness: 8.0
- Laughter: 8.0
- Learning: 8.0
- Enjoyment: 8.0
- Worry: 1.0
- Depression: 1.0
- Anger: 2.0
- Stress: 2.0
- Loneliness: 2.0
- Emotional Regulation Frequency:
  - Upset by Unexpected Events: 2.0
  - Unable to Control Important Things: 2.0
  - Lacked Confidence Handling Problems: 2.0
  - Unable to Cope: 2.0
  - Irritated by Life: 2.0
  - On Top of Things: 2.0
- Anxiety Symptoms Frequency:
  - Feeling Nervous or On Edge: 1.0
  - Trouble Relaxing: 1.0
  - Restlessness: 1.0
  - Irritability: 1.0
  - Fear Something Awful Might Happen: 1.0
- Depressive Symptoms Frequency:
  - Anhedonia: 1.0
  - Sleep Problems: 1.0
  - Fatigue: 1.0
  - Appetite Changes: 0.0
  - Feelings of Worthlessness: 1.0
  - Concentration Difficulties: 0.0
  - Suicidal Thoughts: 0.0

Respondent 116:
- Year of birth: 2004.0
- Gender: 1.0
- Socio-economic status: 5.0
- Ethnic identity: 6.0
- Parental Education:
  - Father: 17.0
  - Mother: 17.0
- Life satisfaction: 8.0
- Happiness: 8.0
- Laughter: 7.0
- Learning: 7.0
- Enjoyment: 9.0
- Worry: 1.0
- Depression: 1.0
- Anger: 2.0
- Stress: 3.0
- Loneliness: 1.0
- Emotional Regulation Frequency:
  - Upset by Unexpected Events: 2.0
  - Unable to Control Important Things: 2.0
  - Lacked Confidence Handling Problems: 3.0
  - Unable to Cope: 2.0
  - Irritated by Life: 3.0
  - On Top of Things: 2.0
- Anxiety Symptoms Frequency:
  - Feeling Nervous or On Edge: 2.0
  - Trouble Relaxing: 1.0
  - Restlessness: 2.0
  - Irritability: 1.0
  - Fear Something Awful Might Happen: 2.0
- Depressive Symptoms Frequency:
  - Anhedonia: 1.0
  - Sleep Problems: 0.0
  - Fatigue: 2.0
  - Appetite Changes: 2.0
  - Feelings of Worthlessness: 1.0
  - Concentration Difficulties: 2.0
  - Suicidal Thoughts: 0.0

Answer: 2

Survey Data
==================================================

Questions:
1. Year of birth: What is your date of birth? [Open-ended]
2. Gender: What is your gender? [MCQ: 1. Male 2. Female]
3. Socio-economic status: What is the socio-economic status of your home? [Likert 1–6: 1 = Very low, 6 = Very high]
4. Ethnic identity: According to your culture, people, or physical features, you are or are recognized as: [MCQ: 1. Indigenous 2. Gypsy 3. Raizal from San Andres, Providencia and Santa Catalina Archipelago 4. Palenquero from San Basilio 5. Black, mulatto (Afro-descendant), Afro-Colombian 6. None of the above]
5. Parental Education: How many years of education did your parents receive? [Open-ended]
   - Father: Father?
   - Mother: Mother?
6. Life satisfaction: In general, how satisfied are you with all aspects of your life? [Likert 0–10: 0 = Not satisfied, 10 = Totally satisfied]
7. Happiness: How happy did you feel yesterday? [Likert 0–10: 0 = At no time, 10 = All the time]
8. Laughter: How much did you laugh yesterday? [Likert 0–10: 0 = At no time, 10 = All the time]
9. Learning: Did you learn new or exciting things yesterday? [Likert 0–10: 0 = At no time, 10 = All the time]
10. Enjoyment: How much did you enjoy the activities you did yesterday? [Likert 0–10: 0 = At no time, 10 = All the time]
11. Worry: How worried did you feel yesterday? [Likert 0–10: 0 = At no time, 10 = All the time]
12. Depression: How depressed did you feel yesterday? [Likert 0–10: 0 = At no time, 10 = All the time]
13. Anger: How angry did you feel yesterday? [Likert 0–10: 0 = At no time, 10 = All the time]
14. Stress: How much stress did you feel yesterday? [Likert 0–10: 0 = At no time, 10 = All the time]
15. Loneliness: How lonely or unsupported did you feel yesterday? [Likert 0–10: 0 = At no time, 10 = All the time]
16. Emotional Regulation Frequency: Next, you will be asked questions about your emotional state. Please answer on a scale of 0 to 4, where 0 is never, 1 is 'almost never', 2 is 'sometimes', 3 is 'fairly often', and 4 is 'very often', how often you experienced the following feelings during the last month: [Likert 0–4]
    - Upset by Unexpected Events: how often have you been upset because of something that happened unexpectedly?
    - Unable to Control Important Things: how often have you felt that you were unable to control the important things in your life?
    - Nervous and Stressed: how often have you felt nervous and stressed?
    - Lacked Confidence Handling Problems: how often have you felt confident about your ability to handle your personal problems?
    - Things Going Your Way: how often have you felt that things were going your way?
    - Unable to Cope: how often have you found that you could not cope with all the things that you had to do?
    - Irritated by Life: how often have you been able to control irritations in your life?
    - On Top of Things: how often have you felt that you were on top of things?
    - Angered by Uncontrollable Events: how often have you been angered because of things that happened that were outside of your control?
    - Felt Overwhelmed: how often have you felt difficulties were piling up so high that you could not overcome them?
17. Anxiety Symptoms Frequency: Next, you will be asked questions about your emotional state. Please answer on a scale of 0 to 3, where 0 is 'Not at all', 1 is 'several days', 2 is 'more than half of the days', and 3 is 'Nearly every day'. Over the last two weeks, how often have you been bothered by the following problems? [Likert 0–3]
    - Feeling Nervous or On Edge: Feeling nervous, anxious, or on edge
    - Uncontrollable Worrying: Not being able to stop or control worrying
    - Excessive Worry: Worrying too much about different things
    - Trouble Relaxing: Trouble relaxing
    - Restlessness: Being so restless that it is hard to sit still
    - Irritability: Becoming easily annoyed or irritable
    - Fear Something Awful Might Happen: Feeling afraid, as if something awful might happen
18. Depressive Symptoms Frequency: Next, you will be asked questions about your emotional state. Please answer on a scale of 0 to 3, where 0 is 'Not at all', 1 is 'several days', 2 is 'more than half of the days', and 3 is 'Nearly every day'. Over the last two weeks, how often have you been bothered by the following problems?
    - Anhedonia: Little interest or pleasure in doing things
    - Depressed Mood: Feeling down, depressed, or hopeless
    - Sleep Problems: Trouble falling or staying asleep, or sleeping too much
    - Fatigue: Feeling tired or having little energy
    - Appetite Changes: Poor appetite or overeating
    - Feelings of Worthlessness: Feeling bad about yourself or that you are a failure or have let yourself or your family down
    - Concentration Difficulties: Trouble concentrating on things, such as reading the newspaper or watching television
    - Psychomotor Changes: Moving or speaking so slowly that other people could have noticed. Or the opposite — being so fidgety or restless that you have been moving around a lot more than usual
    - Suicidal Thoughts: Thoughts that you would be better off dead, or of hurting yourself

Responses:
==================================================

Respondent 4:
- Year of birth: 2001.0
- Gender: 2.0
- Socio-economic status: 5.0
- Ethnic identity: 6.0
- Parental Education:
  - Father: 20.0
  - Mother: 16.0
- Life satisfaction: 10.0
- Happiness: 8.0
- Laughter: 10.0
- Learning: 10.0
- Enjoyment: 10.0
- Worry: 1.0
- Depression: 1.0
- Anger: 2.0
- Stress: 2.0
- Loneliness: 0.0
- Emotional Regulation Frequency:
  - Upset by Unexpected Events: 3.0
  - Unable to Control Important Things: 3.0
  - Lacked Confidence Handling Problems: 4.0
  - Unable to Cope: 2.0
  - Irritated by Life: 3.0
  - On Top of Things: 3.0
- Anxiety Symptoms Frequency:
  - Feeling Nervous or On Edge: 0.0
  - Trouble Relaxing: 0.0
  - Restlessness: 0.0
  - Irritability: 1.0
  - Fear Something Awful Might Happen: 0.0
- Depressive Symptoms Frequency:
  - Anhedonia: 3.0
  - Sleep Problems: 0.0
  - Fatigue: 3.0
  - Appetite Changes: 1.0
  - Feelings of Worthlessness: 0.0
  - Concentration Difficulties: 0.0
  - Suicidal Thoughts: 0.0

You are a meticulous data analyst AI. Your primary function is to accurately analyze structured data and provide precise, verifiable answers.

You will be given a dataset with two key parts:

A 'questions' section: This is your data dictionary or schema. It is the single source of truth for understanding what each field and score means. Refer to it carefully.

A 'responses' section: This contains the raw data from each individual respondent.

To answer the question correctly, you must first use the 'questions' schema to fully understand the context and meaning of the data points within the 'responses'. Do not rely on any prior knowledge outside of this provided data. Base your entire analysis on the information given.

Provide your final answer directly and concisely. Output must be the human-readable value, not an option code.

Rules:
- For MCQ fields, map any letter codes in the Responses (case-insensitive) to the corresponding option text from the Questions schema, and output only that text. Do NOT include the letter or both.
  Example: If the schema is ""[MCQ: A. Abnormal B. Inconclusive C. Normal]"" and the response is ""a"", output ""Abnormal"".
- For open-ended fields, output the exact text value.
- If the question asks for a count, provide only the number (e.g., ""42"").
- If the question asks for a list of names or IDs, provide a simple comma-separated list (e.g., ""17, 21, 23"").
- Preserve capitalization exactly as in the schema (e.g., output ""Abnormal"", not ""abnormal"" or ""A"").

How many respondents are there?",3,False
case_37,respondent_count,How many respondents are there?,"Survey Data
==================================================

Questions:
1. Year of birth: What is your date of birth? [Open-ended]
2. Gender: What is your gender? [MCQ: 1. Male 2. Female]
3. Socio-economic status: What is the socio-economic status of your home? [Likert 1–6: 1 = Very low, 6 = Very high]
4. Ethnic identity: According to your culture, people, or physical features, you are or are recognized as: [MCQ: 1. Indigenous 2. Gypsy 3. Raizal from San Andres, Providencia and Santa Catalina Archipelago 4. Palenquero from San Basilio 5. Black, mulatto (Afro-descendant), Afro-Colombian 6. None of the above]
5. Parental Education: How many years of education did your parents receive? [Open-ended]
   - Father: Father?
   - Mother: Mother?
6. Life satisfaction: In general, how satisfied are you with all aspects of your life? [Likert 0–10: 0 = Not satisfied, 10 = Totally satisfied]
7. Happiness: How happy did you feel yesterday? [Likert 0–10: 0 = At no time, 10 = All the time]
8. Laughter: How much did you laugh yesterday? [Likert 0–10: 0 = At no time, 10 = All the time]
9. Learning: Did you learn new or exciting things yesterday? [Likert 0–10: 0 = At no time, 10 = All the time]
10. Enjoyment: How much did you enjoy the activities you did yesterday? [Likert 0–10: 0 = At no time, 10 = All the time]
11. Worry: How worried did you feel yesterday? [Likert 0–10: 0 = At no time, 10 = All the time]
12. Depression: How depressed did you feel yesterday? [Likert 0–10: 0 = At no time, 10 = All the time]
13. Anger: How angry did you feel yesterday? [Likert 0–10: 0 = At no time, 10 = All the time]
14. Stress: How much stress did you feel yesterday? [Likert 0–10: 0 = At no time, 10 = All the time]
15. Loneliness: How lonely or unsupported did you feel yesterday? [Likert 0–10: 0 = At no time, 10 = All the time]
16. Emotional Regulation Frequency: Next, you will be asked questions about your emotional state. Please answer on a scale of 0 to 4, where 0 is never, 1 is 'almost never', 2 is 'sometimes', 3 is 'fairly often', and 4 is 'very often', how often you experienced the following feelings during the last month: [Likert 0–4]
    - Upset by Unexpected Events: how often have you been upset because of something that happened unexpectedly?
    - Unable to Control Important Things: how often have you felt that you were unable to control the important things in your life?
    - Nervous and Stressed: how often have you felt nervous and stressed?
    - Lacked Confidence Handling Problems: how often have you felt confident about your ability to handle your personal problems?
    - Things Going Your Way: how often have you felt that things were going your way?
    - Unable to Cope: how often have you found that you could not cope with all the things that you had to do?
    - Irritated by Life: how often have you been able to control irritations in your life?
    - On Top of Things: how often have you felt that you were on top of things?
    - Angered by Uncontrollable Events: how often have you been angered because of things that happened that were outside of your control?
    - Felt Overwhelmed: how often have you felt difficulties were piling up so high that you could not overcome them?
17. Anxiety Symptoms Frequency: Next, you will be asked questions about your emotional state. Please answer on a scale of 0 to 3, where 0 is 'Not at all', 1 is 'several days', 2 is 'more than half of the days', and 3 is 'Nearly every day'. Over the last two weeks, how often have you been bothered by the following problems? [Likert 0–3]
    - Feeling Nervous or On Edge: Feeling nervous, anxious, or on edge
    - Uncontrollable Worrying: Not being able to stop or control worrying
    - Excessive Worry: Worrying too much about different things
    - Trouble Relaxing: Trouble relaxing
    - Restlessness: Being so restless that it is hard to sit still
    - Irritability: Becoming easily annoyed or irritable
    - Fear Something Awful Might Happen: Feeling afraid, as if something awful might happen
18. Depressive Symptoms Frequency: Next, you will be asked questions about your emotional state. Please answer on a scale of 0 to 3, where 0 is 'Not at all', 1 is 'several days', 2 is 'more than half of the days', and 3 is 'Nearly every day'. Over the last two weeks, how often have you been bothered by the following problems?
    - Anhedonia: Little interest or pleasure in doing things
    - Depressed Mood: Feeling down, depressed, or hopeless
    - Sleep Problems: Trouble falling or staying asleep, or sleeping too much
    - Fatigue: Feeling tired or having little energy
    - Appetite Changes: Poor appetite or overeating
    - Feelings of Worthlessness: Feeling bad about yourself or that you are a failure or have let yourself or your family down
    - Concentration Difficulties: Trouble concentrating on things, such as reading the newspaper or watching television
    - Psychomotor Changes: Moving or speaking so slowly that other people could have noticed. Or the opposite — being so fidgety or restless that you have been moving around a lot more than usual
    - Suicidal Thoughts: Thoughts that you would be better off dead, or of hurting yourself

Responses:
==================================================

Respondent 3:
- Year of birth: 2002.0
- Gender: 1.0
- Socio-economic status: 5.0
- Ethnic identity: 6.0
- Parental Education:
  - Father: 16.0
  - Mother: 16.0
- Life satisfaction: 10.0
- Happiness: 9.0
- Laughter: 10.0
- Learning: 7.0
- Enjoyment: 10.0
- Worry: 1.0
- Depression: 1.0
- Anger: 1.0
- Stress: 2.0
- Loneliness: 0.0
- Emotional Regulation Frequency:
  - Upset by Unexpected Events: 2.0
  - Unable to Control Important Things: 1.0
  - Lacked Confidence Handling Problems: 3.0
  - Unable to Cope: 2.0
  - Irritated by Life: 3.0
  - On Top of Things: 1.0
- Anxiety Symptoms Frequency:
  - Feeling Nervous or On Edge: 1.0
  - Trouble Relaxing: 2.0
  - Restlessness: 1.0
  - Irritability: 0.0
  - Fear Something Awful Might Happen: 1.0
- Depressive Symptoms Frequency:
  - Anhedonia: 0.0
  - Sleep Problems: 0.0
  - Fatigue: 2.0
  - Appetite Changes: 2.0
  - Feelings of Worthlessness: 1.0
  - Concentration Difficulties: 1.0
  - Suicidal Thoughts: 0.0

Respondent 48:
- Year of birth: 2005.0
- Gender: 1.0
- Socio-economic status: 4.0
- Ethnic identity: 6.0
- Life satisfaction: 10.0
- Happiness: 8.0
- Laughter: 7.0
- Learning: 8.0
- Enjoyment: 5.0
- Worry: 0.0
- Depression: 0.0
- Anger: 1.0
- Stress: 1.0
- Loneliness: 3.0
- Emotional Regulation Frequency:
  - Upset by Unexpected Events: 1.0
  - Unable to Control Important Things: 1.0
  - Lacked Confidence Handling Problems: 3.0
  - Unable to Cope: 1.0
  - Irritated by Life: 3.0
  - On Top of Things: 3.0
- Anxiety Symptoms Frequency:
  - Feeling Nervous or On Edge: 0.0
  - Trouble Relaxing: 1.0
  - Restlessness: 1.0
  - Irritability: 1.0
  - Fear Something Awful Might Happen: 0.0
- Depressive Symptoms Frequency:
  - Anhedonia: 0.0
  - Sleep Problems: 3.0
  - Fatigue: 1.0
  - Appetite Changes: 1.0
  - Feelings of Worthlessness: 0.0
  - Concentration Difficulties: 2.0
  - Suicidal Thoughts: 0.0
",2,"How many respondents are there?

DATA:

Survey Data
==================================================

Questions:
1. Year of birth: What is your date of birth? [Open-ended]
2. Gender: What is your gender? [MCQ: 1. Male 2. Female]
3. Socio-economic status: What is the socio-economic status of your home? [Likert 1–6: 1 = Very low, 6 = Very high]
4. Ethnic identity: According to your culture, people, or physical features, you are or are recognized as: [MCQ: 1. Indigenous 2. Gypsy 3. Raizal from San Andres, Providencia and Santa Catalina Archipelago 4. Palenquero from San Basilio 5. Black, mulatto (Afro-descendant), Afro-Colombian 6. None of the above]
5. Parental Education: How many years of education did your parents receive? [Open-ended]
   - Father: Father?
   - Mother: Mother?
6. Life satisfaction: In general, how satisfied are you with all aspects of your life? [Likert 0–10: 0 = Not satisfied, 10 = Totally satisfied]
7. Happiness: How happy did you feel yesterday? [Likert 0–10: 0 = At no time, 10 = All the time]
8. Laughter: How much did you laugh yesterday? [Likert 0–10: 0 = At no time, 10 = All the time]
9. Learning: Did you learn new or exciting things yesterday? [Likert 0–10: 0 = At no time, 10 = All the time]
10. Enjoyment: How much did you enjoy the activities you did yesterday? [Likert 0–10: 0 = At no time, 10 = All the time]
11. Worry: How worried did you feel yesterday? [Likert 0–10: 0 = At no time, 10 = All the time]
12. Depression: How depressed did you feel yesterday? [Likert 0–10: 0 = At no time, 10 = All the time]
13. Anger: How angry did you feel yesterday? [Likert 0–10: 0 = At no time, 10 = All the time]
14. Stress: How much stress did you feel yesterday? [Likert 0–10: 0 = At no time, 10 = All the time]
15. Loneliness: How lonely or unsupported did you feel yesterday? [Likert 0–10: 0 = At no time, 10 = All the time]
16. Emotional Regulation Frequency: Next, you will be asked questions about your emotional state. Please answer on a scale of 0 to 4, where 0 is never, 1 is 'almost never', 2 is 'sometimes', 3 is 'fairly often', and 4 is 'very often', how often you experienced the following feelings during the last month: [Likert 0–4]
    - Upset by Unexpected Events: how often have you been upset because of something that happened unexpectedly?
    - Unable to Control Important Things: how often have you felt that you were unable to control the important things in your life?
    - Nervous and Stressed: how often have you felt nervous and stressed?
    - Lacked Confidence Handling Problems: how often have you felt confident about your ability to handle your personal problems?
    - Things Going Your Way: how often have you felt that things were going your way?
    - Unable to Cope: how often have you found that you could not cope with all the things that you had to do?
    - Irritated by Life: how often have you been able to control irritations in your life?
    - On Top of Things: how often have you felt that you were on top of things?
    - Angered by Uncontrollable Events: how often have you been angered because of things that happened that were outside of your control?
    - Felt Overwhelmed: how often have you felt difficulties were piling up so high that you could not overcome them?
17. Anxiety Symptoms Frequency: Next, you will be asked questions about your emotional state. Please answer on a scale of 0 to 3, where 0 is 'Not at all', 1 is 'several days', 2 is 'more than half of the days', and 3 is 'Nearly every day'. Over the last two weeks, how often have you been bothered by the following problems? [Likert 0–3]
    - Feeling Nervous or On Edge: Feeling nervous, anxious, or on edge
    - Uncontrollable Worrying: Not being able to stop or control worrying
    - Excessive Worry: Worrying too much about different things
    - Trouble Relaxing: Trouble relaxing
    - Restlessness: Being so restless that it is hard to sit still
    - Irritability: Becoming easily annoyed or irritable
    - Fear Something Awful Might Happen: Feeling afraid, as if something awful might happen
18. Depressive Symptoms Frequency: Next, you will be asked questions about your emotional state. Please answer on a scale of 0 to 3, where 0 is 'Not at all', 1 is 'several days', 2 is 'more than half of the days', and 3 is 'Nearly every day'. Over the last two weeks, how often have you been bothered by the following problems?
    - Anhedonia: Little interest or pleasure in doing things
    - Depressed Mood: Feeling down, depressed, or hopeless
    - Sleep Problems: Trouble falling or staying asleep, or sleeping too much
    - Fatigue: Feeling tired or having little energy
    - Appetite Changes: Poor appetite or overeating
    - Feelings of Worthlessness: Feeling bad about yourself or that you are a failure or have let yourself or your family down
    - Concentration Difficulties: Trouble concentrating on things, such as reading the newspaper or watching television
    - Psychomotor Changes: Moving or speaking so slowly that other people could have noticed. Or the opposite — being so fidgety or restless that you have been moving around a lot more than usual
    - Suicidal Thoughts: Thoughts that you would be better off dead, or of hurting yourself

Responses:
==================================================

Respondent 119:
- Year of birth: 2004.0
- Gender: 1.0
- Socio-economic status: 1.0
- Ethnic identity: 6.0
- Life satisfaction: 4.0
- Happiness: 8.0
- Laughter: 8.0
- Learning: 8.0
- Enjoyment: 8.0
- Worry: 1.0
- Depression: 1.0
- Anger: 2.0
- Stress: 2.0
- Loneliness: 2.0
- Emotional Regulation Frequency:
  - Upset by Unexpected Events: 2.0
  - Unable to Control Important Things: 2.0
  - Lacked Confidence Handling Problems: 2.0
  - Unable to Cope: 2.0
  - Irritated by Life: 2.0
  - On Top of Things: 2.0
- Anxiety Symptoms Frequency:
  - Feeling Nervous or On Edge: 1.0
  - Trouble Relaxing: 1.0
  - Restlessness: 1.0
  - Irritability: 1.0
  - Fear Something Awful Might Happen: 1.0
- Depressive Symptoms Frequency:
  - Anhedonia: 1.0
  - Sleep Problems: 1.0
  - Fatigue: 1.0
  - Appetite Changes: 0.0
  - Feelings of Worthlessness: 1.0
  - Concentration Difficulties: 0.0
  - Suicidal Thoughts: 0.0

Respondent 116:
- Year of birth: 2004.0
- Gender: 1.0
- Socio-economic status: 5.0
- Ethnic identity: 6.0
- Parental Education:
  - Father: 17.0
  - Mother: 17.0
- Life satisfaction: 8.0
- Happiness: 8.0
- Laughter: 7.0
- Learning: 7.0
- Enjoyment: 9.0
- Worry: 1.0
- Depression: 1.0
- Anger: 2.0
- Stress: 3.0
- Loneliness: 1.0
- Emotional Regulation Frequency:
  - Upset by Unexpected Events: 2.0
  - Unable to Control Important Things: 2.0
  - Lacked Confidence Handling Problems: 3.0
  - Unable to Cope: 2.0
  - Irritated by Life: 3.0
  - On Top of Things: 2.0
- Anxiety Symptoms Frequency:
  - Feeling Nervous or On Edge: 2.0
  - Trouble Relaxing: 1.0
  - Restlessness: 2.0
  - Irritability: 1.0
  - Fear Something Awful Might Happen: 2.0
- Depressive Symptoms Frequency:
  - Anhedonia: 1.0
  - Sleep Problems: 0.0
  - Fatigue: 2.0
  - Appetite Changes: 2.0
  - Feelings of Worthlessness: 1.0
  - Concentration Difficulties: 2.0
  - Suicidal Thoughts: 0.0

Answer: 2

Survey Data
==================================================

Questions:
1. Year of birth: What is your date of birth? [Open-ended]
2. Gender: What is your gender? [MCQ: 1. Male 2. Female]
3. Socio-economic status: What is the socio-economic status of your home? [Likert 1–6: 1 = Very low, 6 = Very high]
4. Ethnic identity: According to your culture, people, or physical features, you are or are recognized as: [MCQ: 1. Indigenous 2. Gypsy 3. Raizal from San Andres, Providencia and Santa Catalina Archipelago 4. Palenquero from San Basilio 5. Black, mulatto (Afro-descendant), Afro-Colombian 6. None of the above]
5. Parental Education: How many years of education did your parents receive? [Open-ended]
   - Father: Father?
   - Mother: Mother?
6. Life satisfaction: In general, how satisfied are you with all aspects of your life? [Likert 0–10: 0 = Not satisfied, 10 = Totally satisfied]
7. Happiness: How happy did you feel yesterday? [Likert 0–10: 0 = At no time, 10 = All the time]
8. Laughter: How much did you laugh yesterday? [Likert 0–10: 0 = At no time, 10 = All the time]
9. Learning: Did you learn new or exciting things yesterday? [Likert 0–10: 0 = At no time, 10 = All the time]
10. Enjoyment: How much did you enjoy the activities you did yesterday? [Likert 0–10: 0 = At no time, 10 = All the time]
11. Worry: How worried did you feel yesterday? [Likert 0–10: 0 = At no time, 10 = All the time]
12. Depression: How depressed did you feel yesterday? [Likert 0–10: 0 = At no time, 10 = All the time]
13. Anger: How angry did you feel yesterday? [Likert 0–10: 0 = At no time, 10 = All the time]
14. Stress: How much stress did you feel yesterday? [Likert 0–10: 0 = At no time, 10 = All the time]
15. Loneliness: How lonely or unsupported did you feel yesterday? [Likert 0–10: 0 = At no time, 10 = All the time]
16. Emotional Regulation Frequency: Next, you will be asked questions about your emotional state. Please answer on a scale of 0 to 4, where 0 is never, 1 is 'almost never', 2 is 'sometimes', 3 is 'fairly often', and 4 is 'very often', how often you experienced the following feelings during the last month: [Likert 0–4]
    - Upset by Unexpected Events: how often have you been upset because of something that happened unexpectedly?
    - Unable to Control Important Things: how often have you felt that you were unable to control the important things in your life?
    - Nervous and Stressed: how often have you felt nervous and stressed?
    - Lacked Confidence Handling Problems: how often have you felt confident about your ability to handle your personal problems?
    - Things Going Your Way: how often have you felt that things were going your way?
    - Unable to Cope: how often have you found that you could not cope with all the things that you had to do?
    - Irritated by Life: how often have you been able to control irritations in your life?
    - On Top of Things: how often have you felt that you were on top of things?
    - Angered by Uncontrollable Events: how often have you been angered because of things that happened that were outside of your control?
    - Felt Overwhelmed: how often have you felt difficulties were piling up so high that you could not overcome them?
17. Anxiety Symptoms Frequency: Next, you will be asked questions about your emotional state. Please answer on a scale of 0 to 3, where 0 is 'Not at all', 1 is 'several days', 2 is 'more than half of the days', and 3 is 'Nearly every day'. Over the last two weeks, how often have you been bothered by the following problems? [Likert 0–3]
    - Feeling Nervous or On Edge: Feeling nervous, anxious, or on edge
    - Uncontrollable Worrying: Not being able to stop or control worrying
    - Excessive Worry: Worrying too much about different things
    - Trouble Relaxing: Trouble relaxing
    - Restlessness: Being so restless that it is hard to sit still
    - Irritability: Becoming easily annoyed or irritable
    - Fear Something Awful Might Happen: Feeling afraid, as if something awful might happen
18. Depressive Symptoms Frequency: Next, you will be asked questions about your emotional state. Please answer on a scale of 0 to 3, where 0 is 'Not at all', 1 is 'several days', 2 is 'more than half of the days', and 3 is 'Nearly every day'. Over the last two weeks, how often have you been bothered by the following problems?
    - Anhedonia: Little interest or pleasure in doing things
    - Depressed Mood: Feeling down, depressed, or hopeless
    - Sleep Problems: Trouble falling or staying asleep, or sleeping too much
    - Fatigue: Feeling tired or having little energy
    - Appetite Changes: Poor appetite or overeating
    - Feelings of Worthlessness: Feeling bad about yourself or that you are a failure or have let yourself or your family down
    - Concentration Difficulties: Trouble concentrating on things, such as reading the newspaper or watching television
    - Psychomotor Changes: Moving or speaking so slowly that other people could have noticed. Or the opposite — being so fidgety or restless that you have been moving around a lot more than usual
    - Suicidal Thoughts: Thoughts that you would be better off dead, or of hurting yourself

Responses:
==================================================

Respondent 3:
- Year of birth: 2002.0
- Gender: 1.0
- Socio-economic status: 5.0
- Ethnic identity: 6.0
- Parental Education:
  - Father: 16.0
  - Mother: 16.0
- Life satisfaction: 10.0
- Happiness: 9.0
- Laughter: 10.0
- Learning: 7.0
- Enjoyment: 10.0
- Worry: 1.0
- Depression: 1.0
- Anger: 1.0
- Stress: 2.0
- Loneliness: 0.0
- Emotional Regulation Frequency:
  - Upset by Unexpected Events: 2.0
  - Unable to Control Important Things: 1.0
  - Lacked Confidence Handling Problems: 3.0
  - Unable to Cope: 2.0
  - Irritated by Life: 3.0
  - On Top of Things: 1.0
- Anxiety Symptoms Frequency:
  - Feeling Nervous or On Edge: 1.0
  - Trouble Relaxing: 2.0
  - Restlessness: 1.0
  - Irritability: 0.0
  - Fear Something Awful Might Happen: 1.0
- Depressive Symptoms Frequency:
  - Anhedonia: 0.0
  - Sleep Problems: 0.0
  - Fatigue: 2.0
  - Appetite Changes: 2.0
  - Feelings of Worthlessness: 1.0
  - Concentration Difficulties: 1.0
  - Suicidal Thoughts: 0.0

Respondent 48:
- Year of birth: 2005.0
- Gender: 1.0
- Socio-economic status: 4.0
- Ethnic identity: 6.0
- Life satisfaction: 10.0
- Happiness: 8.0
- Laughter: 7.0
- Learning: 8.0
- Enjoyment: 5.0
- Worry: 0.0
- Depression: 0.0
- Anger: 1.0
- Stress: 1.0
- Loneliness: 3.0
- Emotional Regulation Frequency:
  - Upset by Unexpected Events: 1.0
  - Unable to Control Important Things: 1.0
  - Lacked Confidence Handling Problems: 3.0
  - Unable to Cope: 1.0
  - Irritated by Life: 3.0
  - On Top of Things: 3.0
- Anxiety Symptoms Frequency:
  - Feeling Nervous or On Edge: 0.0
  - Trouble Relaxing: 1.0
  - Restlessness: 1.0
  - Irritability: 1.0
  - Fear Something Awful Might Happen: 0.0
- Depressive Symptoms Frequency:
  - Anhedonia: 0.0
  - Sleep Problems: 3.0
  - Fatigue: 1.0
  - Appetite Changes: 1.0
  - Feelings of Worthlessness: 0.0
  - Concentration Difficulties: 2.0
  - Suicidal Thoughts: 0.0

You are a meticulous data analyst AI. Your primary function is to accurately analyze structured data and provide precise, verifiable answers.

You will be given a dataset with two key parts:

A 'questions' section: This is your data dictionary or schema. It is the single source of truth for understanding what each field and score means. Refer to it carefully.

A 'responses' section: This contains the raw data from each individual respondent.

To answer the question correctly, you must first use the 'questions' schema to fully understand the context and meaning of the data points within the 'responses'. Do not rely on any prior knowledge outside of this provided data. Base your entire analysis on the information given.

Provide your final answer directly and concisely. Output must be the human-readable value, not an option code.

Rules:
- For MCQ fields, map any letter codes in the Responses (case-insensitive) to the corresponding option text from the Questions schema, and output only that text. Do NOT include the letter or both.
  Example: If the schema is ""[MCQ: A. Abnormal B. Inconclusive C. Normal]"" and the response is ""a"", output ""Abnormal"".
- For open-ended fields, output the exact text value.
- If the question asks for a count, provide only the number (e.g., ""42"").
- If the question asks for a list of names or IDs, provide a simple comma-separated list (e.g., ""17, 21, 23"").
- Preserve capitalization exactly as in the schema (e.g., output ""Abnormal"", not ""abnormal"" or ""A"").

How many respondents are there?",4,False
case_38,respondent_count,How many respondents are there?,"Survey Data
==================================================

Questions:
1. Year of birth: What is your date of birth? [Open-ended]
2. Gender: What is your gender? [MCQ: 1. Male 2. Female]
3. Socio-economic status: What is the socio-economic status of your home? [Likert 1–6: 1 = Very low, 6 = Very high]
4. Ethnic identity: According to your culture, people, or physical features, you are or are recognized as: [MCQ: 1. Indigenous 2. Gypsy 3. Raizal from San Andres, Providencia and Santa Catalina Archipelago 4. Palenquero from San Basilio 5. Black, mulatto (Afro-descendant), Afro-Colombian 6. None of the above]
5. Parental Education: How many years of education did your parents receive? [Open-ended]
   - Father: Father?
   - Mother: Mother?
6. Life satisfaction: In general, how satisfied are you with all aspects of your life? [Likert 0–10: 0 = Not satisfied, 10 = Totally satisfied]
7. Happiness: How happy did you feel yesterday? [Likert 0–10: 0 = At no time, 10 = All the time]
8. Laughter: How much did you laugh yesterday? [Likert 0–10: 0 = At no time, 10 = All the time]
9. Learning: Did you learn new or exciting things yesterday? [Likert 0–10: 0 = At no time, 10 = All the time]
10. Enjoyment: How much did you enjoy the activities you did yesterday? [Likert 0–10: 0 = At no time, 10 = All the time]
11. Worry: How worried did you feel yesterday? [Likert 0–10: 0 = At no time, 10 = All the time]
12. Depression: How depressed did you feel yesterday? [Likert 0–10: 0 = At no time, 10 = All the time]
13. Anger: How angry did you feel yesterday? [Likert 0–10: 0 = At no time, 10 = All the time]
14. Stress: How much stress did you feel yesterday? [Likert 0–10: 0 = At no time, 10 = All the time]
15. Loneliness: How lonely or unsupported did you feel yesterday? [Likert 0–10: 0 = At no time, 10 = All the time]
16. Emotional Regulation Frequency: Next, you will be asked questions about your emotional state. Please answer on a scale of 0 to 4, where 0 is never, 1 is 'almost never', 2 is 'sometimes', 3 is 'fairly often', and 4 is 'very often', how often you experienced the following feelings during the last month: [Likert 0–4]
    - Upset by Unexpected Events: how often have you been upset because of something that happened unexpectedly?
    - Unable to Control Important Things: how often have you felt that you were unable to control the important things in your life?
    - Nervous and Stressed: how often have you felt nervous and stressed?
    - Lacked Confidence Handling Problems: how often have you felt confident about your ability to handle your personal problems?
    - Things Going Your Way: how often have you felt that things were going your way?
    - Unable to Cope: how often have you found that you could not cope with all the things that you had to do?
    - Irritated by Life: how often have you been able to control irritations in your life?
    - On Top of Things: how often have you felt that you were on top of things?
    - Angered by Uncontrollable Events: how often have you been angered because of things that happened that were outside of your control?
    - Felt Overwhelmed: how often have you felt difficulties were piling up so high that you could not overcome them?
17. Anxiety Symptoms Frequency: Next, you will be asked questions about your emotional state. Please answer on a scale of 0 to 3, where 0 is 'Not at all', 1 is 'several days', 2 is 'more than half of the days', and 3 is 'Nearly every day'. Over the last two weeks, how often have you been bothered by the following problems? [Likert 0–3]
    - Feeling Nervous or On Edge: Feeling nervous, anxious, or on edge
    - Uncontrollable Worrying: Not being able to stop or control worrying
    - Excessive Worry: Worrying too much about different things
    - Trouble Relaxing: Trouble relaxing
    - Restlessness: Being so restless that it is hard to sit still
    - Irritability: Becoming easily annoyed or irritable
    - Fear Something Awful Might Happen: Feeling afraid, as if something awful might happen
18. Depressive Symptoms Frequency: Next, you will be asked questions about your emotional state. Please answer on a scale of 0 to 3, where 0 is 'Not at all', 1 is 'several days', 2 is 'more than half of the days', and 3 is 'Nearly every day'. Over the last two weeks, how often have you been bothered by the following problems?
    - Anhedonia: Little interest or pleasure in doing things
    - Depressed Mood: Feeling down, depressed, or hopeless
    - Sleep Problems: Trouble falling or staying asleep, or sleeping too much
    - Fatigue: Feeling tired or having little energy
    - Appetite Changes: Poor appetite or overeating
    - Feelings of Worthlessness: Feeling bad about yourself or that you are a failure or have let yourself or your family down
    - Concentration Difficulties: Trouble concentrating on things, such as reading the newspaper or watching television
    - Psychomotor Changes: Moving or speaking so slowly that other people could have noticed. Or the opposite — being so fidgety or restless that you have been moving around a lot more than usual
    - Suicidal Thoughts: Thoughts that you would be better off dead, or of hurting yourself

Responses:
==================================================

Respondent 90:
- Year of birth: 2004.0
- Gender: 1.0
- Socio-economic status: 5.0
- Ethnic identity: 6.0
- Life satisfaction: 8.0
- Happiness: 5.0
- Laughter: 5.0
- Learning: 7.0
- Enjoyment: 6.0
- Worry: 1.0
- Depression: 1.0
- Anger: 2.0
- Stress: 2.0
- Loneliness: 8.0
- Emotional Regulation Frequency:
  - Upset by Unexpected Events: 2.0
  - Unable to Control Important Things: 2.0
  - Lacked Confidence Handling Problems: 2.0
  - Unable to Cope: 1.0
  - Irritated by Life: 3.0
  - On Top of Things: 3.0
- Anxiety Symptoms Frequency:
  - Feeling Nervous or On Edge: 1.0
  - Trouble Relaxing: 2.0
  - Restlessness: 2.0
  - Irritability: 1.0
  - Fear Something Awful Might Happen: 2.0
- Depressive Symptoms Frequency:
  - Anhedonia: 2.0
  - Sleep Problems: 3.0
  - Fatigue: 1.0
  - Appetite Changes: 2.0
  - Feelings of Worthlessness: 1.0
  - Concentration Difficulties: 1.0
  - Suicidal Thoughts: 1.0

Respondent 85:
- Year of birth: 2004.0
- Gender: 2.0
- Socio-economic status: 3.0
- Ethnic identity: 6.0
- Parental Education:
  - Father: 18.0
- Life satisfaction: 5.0
- Happiness: 6.0
- Laughter: 6.0
- Learning: 8.0
- Enjoyment: 5.0
- Worry: 1.0
- Depression: 1.0
- Anger: 2.0
- Stress: 4.0
- Loneliness: 1.0
- Emotional Regulation Frequency:
  - Upset by Unexpected Events: 2.0
  - Unable to Control Important Things: 3.0
  - Lacked Confidence Handling Problems: 2.0
  - Unable to Cope: 3.0
  - Irritated by Life: 3.0
  - On Top of Things: 2.0
- Anxiety Symptoms Frequency:
  - Feeling Nervous or On Edge: 1.0
  - Trouble Relaxing: 1.0
  - Restlessness: 0.0
  - Irritability: 1.0
  - Fear Something Awful Might Happen: 1.0
- Depressive Symptoms Frequency:
  - Anhedonia: 2.0
  - Sleep Problems: 2.0
  - Fatigue: 3.0
  - Appetite Changes: 3.0
  - Feelings of Worthlessness: 1.0
  - Concentration Difficulties: 1.0
  - Suicidal Thoughts: 0.0

Respondent 43:
- Year of birth: 2003.0
- Gender: 1.0
- Socio-economic status: 4.0
- Ethnic identity: 6.0
- Parental Education:
  - Father: 13.0
  - Mother: 14.0
- Life satisfaction: 7.0
- Happiness: 3.0
- Laughter: 6.0
- Learning: 2.0
- Enjoyment: 7.0
- Worry: 1.0
- Depression: 1.0
- Anger: 3.0
- Stress: 3.0
- Loneliness: 6.0
- Emotional Regulation Frequency:
  - Upset by Unexpected Events: 1.0
  - Unable to Control Important Things: 2.0
  - Lacked Confidence Handling Problems: 3.0
  - Unable to Cope: 4.0
  - Irritated by Life: 3.0
  - On Top of Things: 3.0
- Anxiety Symptoms Frequency:
  - Feeling Nervous or On Edge: 0.0
  - Trouble Relaxing: 1.0
  - Restlessness: 0.0
  - Irritability: 3.0
  - Fear Something Awful Might Happen: 0.0
- Depressive Symptoms Frequency:
  - Anhedonia: 2.0
  - Sleep Problems: 2.0
  - Fatigue: 2.0
  - Appetite Changes: 2.0
  - Feelings of Worthlessness: 2.0
  - Concentration Difficulties: 1.0
  - Suicidal Thoughts: 1.0

Respondent 69:
- Year of birth: 2000.0
- Gender: 2.0
- Socio-economic status: 6.0
- Ethnic identity: 6.0
- Parental Education:
  - Father: 25.0
  - Mother: 30.0
- Life satisfaction: 7.0
- Happiness: 5.0
- Laughter: 6.0
- Learning: 4.0
- Enjoyment: 6.0
- Worry: 1.0
- Depression: 0.0
- Anger: 3.0
- Stress: 3.0
- Loneliness: 4.0
- Emotional Regulation Frequency:
  - Upset by Unexpected Events: 3.0
  - Unable to Control Important Things: 3.0
  - Lacked Confidence Handling Problems: 2.0
  - Unable to Cope: 1.0
  - Irritated by Life: 4.0
  - On Top of Things: 3.0
- Anxiety Symptoms Frequency:
  - Feeling Nervous or On Edge: 1.0
  - Trouble Relaxing: 0.0
  - Restlessness: 0.0
  - Irritability: 1.0
  - Fear Something Awful Might Happen: 0.0
- Depressive Symptoms Frequency:
  - Anhedonia: 1.0
  - Sleep Problems: 1.0
  - Fatigue: 1.0
  - Appetite Changes: 0.0
  - Feelings of Worthlessness: 1.0
  - Concentration Difficulties: 3.0
  - Suicidal Thoughts: 0.0

Respondent 75:
- Year of birth: 1993.0
- Gender: 1.0
- Socio-economic status: 4.0
- Ethnic identity: 6.0
- Parental Education:
  - Father: 10.0
  - Mother: 11.0
- Life satisfaction: 10.0
- Happiness: 10.0
- Laughter: 8.0
- Learning: 10.0
- Enjoyment: 10.0
- Worry: 1.0
- Depression: 0.0
- Anger: 2.0
- Stress: 3.0
- Loneliness: 0.0
- Emotional Regulation Frequency:
  - Upset by Unexpected Events: 2.0
  - Unable to Control Important Things: 1.0
  - Lacked Confidence Handling Problems: 2.0
  - Unable to Cope: 2.0
  - Irritated by Life: 3.0
  - On Top of Things: 2.0
- Anxiety Symptoms Frequency:
  - Feeling Nervous or On Edge: 1.0
  - Trouble Relaxing: 1.0
  - Restlessness: 0.0
  - Irritability: 0.0
  - Fear Something Awful Might Happen: 1.0
- Depressive Symptoms Frequency:
  - Anhedonia: 0.0
  - Sleep Problems: 0.0
  - Fatigue: 1.0
  - Appetite Changes: 0.0
  - Feelings of Worthlessness: 0.0
  - Concentration Difficulties: 0.0
  - Suicidal Thoughts: 0.0

Respondent 79:
- Year of birth: 2004.0
- Gender: 1.0
- Socio-economic status: 6.0
- Ethnic identity: 6.0
- Parental Education:
  - Father: 20.0
  - Mother: 20.0
- Life satisfaction: 5.0
- Happiness: 5.0
- Laughter: 10.0
- Learning: 5.0
- Enjoyment: 3.0
- Worry: 0.0
- Depression: 1.0
- Anger: 1.0
- Stress: 1.0
- Loneliness: 10.0
- Emotional Regulation Frequency:
  - Upset by Unexpected Events: 0.0
  - Unable to Control Important Things: 0.0
  - Lacked Confidence Handling Problems: 0.0
  - Unable to Cope: 2.0
  - Irritated by Life: 3.0
  - On Top of Things: 3.0
- Anxiety Symptoms Frequency:
  - Feeling Nervous or On Edge: 0.0
  - Trouble Relaxing: 0.0
  - Restlessness: 0.0
  - Irritability: 1.0
  - Fear Something Awful Might Happen: 0.0
- Depressive Symptoms Frequency:
  - Anhedonia: 3.0
  - Sleep Problems: 3.0
  - Fatigue: 3.0
  - Appetite Changes: 3.0
  - Feelings of Worthlessness: 3.0
  - Concentration Difficulties: 0.0
  - Suicidal Thoughts: 0.0
",6,"How many respondents are there?

DATA:

Survey Data
==================================================

Questions:
1. Year of birth: What is your date of birth? [Open-ended]
2. Gender: What is your gender? [MCQ: 1. Male 2. Female]
3. Socio-economic status: What is the socio-economic status of your home? [Likert 1–6: 1 = Very low, 6 = Very high]
4. Ethnic identity: According to your culture, people, or physical features, you are or are recognized as: [MCQ: 1. Indigenous 2. Gypsy 3. Raizal from San Andres, Providencia and Santa Catalina Archipelago 4. Palenquero from San Basilio 5. Black, mulatto (Afro-descendant), Afro-Colombian 6. None of the above]
5. Parental Education: How many years of education did your parents receive? [Open-ended]
   - Father: Father?
   - Mother: Mother?
6. Life satisfaction: In general, how satisfied are you with all aspects of your life? [Likert 0–10: 0 = Not satisfied, 10 = Totally satisfied]
7. Happiness: How happy did you feel yesterday? [Likert 0–10: 0 = At no time, 10 = All the time]
8. Laughter: How much did you laugh yesterday? [Likert 0–10: 0 = At no time, 10 = All the time]
9. Learning: Did you learn new or exciting things yesterday? [Likert 0–10: 0 = At no time, 10 = All the time]
10. Enjoyment: How much did you enjoy the activities you did yesterday? [Likert 0–10: 0 = At no time, 10 = All the time]
11. Worry: How worried did you feel yesterday? [Likert 0–10: 0 = At no time, 10 = All the time]
12. Depression: How depressed did you feel yesterday? [Likert 0–10: 0 = At no time, 10 = All the time]
13. Anger: How angry did you feel yesterday? [Likert 0–10: 0 = At no time, 10 = All the time]
14. Stress: How much stress did you feel yesterday? [Likert 0–10: 0 = At no time, 10 = All the time]
15. Loneliness: How lonely or unsupported did you feel yesterday? [Likert 0–10: 0 = At no time, 10 = All the time]
16. Emotional Regulation Frequency: Next, you will be asked questions about your emotional state. Please answer on a scale of 0 to 4, where 0 is never, 1 is 'almost never', 2 is 'sometimes', 3 is 'fairly often', and 4 is 'very often', how often you experienced the following feelings during the last month: [Likert 0–4]
    - Upset by Unexpected Events: how often have you been upset because of something that happened unexpectedly?
    - Unable to Control Important Things: how often have you felt that you were unable to control the important things in your life?
    - Nervous and Stressed: how often have you felt nervous and stressed?
    - Lacked Confidence Handling Problems: how often have you felt confident about your ability to handle your personal problems?
    - Things Going Your Way: how often have you felt that things were going your way?
    - Unable to Cope: how often have you found that you could not cope with all the things that you had to do?
    - Irritated by Life: how often have you been able to control irritations in your life?
    - On Top of Things: how often have you felt that you were on top of things?
    - Angered by Uncontrollable Events: how often have you been angered because of things that happened that were outside of your control?
    - Felt Overwhelmed: how often have you felt difficulties were piling up so high that you could not overcome them?
17. Anxiety Symptoms Frequency: Next, you will be asked questions about your emotional state. Please answer on a scale of 0 to 3, where 0 is 'Not at all', 1 is 'several days', 2 is 'more than half of the days', and 3 is 'Nearly every day'. Over the last two weeks, how often have you been bothered by the following problems? [Likert 0–3]
    - Feeling Nervous or On Edge: Feeling nervous, anxious, or on edge
    - Uncontrollable Worrying: Not being able to stop or control worrying
    - Excessive Worry: Worrying too much about different things
    - Trouble Relaxing: Trouble relaxing
    - Restlessness: Being so restless that it is hard to sit still
    - Irritability: Becoming easily annoyed or irritable
    - Fear Something Awful Might Happen: Feeling afraid, as if something awful might happen
18. Depressive Symptoms Frequency: Next, you will be asked questions about your emotional state. Please answer on a scale of 0 to 3, where 0 is 'Not at all', 1 is 'several days', 2 is 'more than half of the days', and 3 is 'Nearly every day'. Over the last two weeks, how often have you been bothered by the following problems?
    - Anhedonia: Little interest or pleasure in doing things
    - Depressed Mood: Feeling down, depressed, or hopeless
    - Sleep Problems: Trouble falling or staying asleep, or sleeping too much
    - Fatigue: Feeling tired or having little energy
    - Appetite Changes: Poor appetite or overeating
    - Feelings of Worthlessness: Feeling bad about yourself or that you are a failure or have let yourself or your family down
    - Concentration Difficulties: Trouble concentrating on things, such as reading the newspaper or watching television
    - Psychomotor Changes: Moving or speaking so slowly that other people could have noticed. Or the opposite — being so fidgety or restless that you have been moving around a lot more than usual
    - Suicidal Thoughts: Thoughts that you would be better off dead, or of hurting yourself

Responses:
==================================================

Respondent 119:
- Year of birth: 2004.0
- Gender: 1.0
- Socio-economic status: 1.0
- Ethnic identity: 6.0
- Life satisfaction: 4.0
- Happiness: 8.0
- Laughter: 8.0
- Learning: 8.0
- Enjoyment: 8.0
- Worry: 1.0
- Depression: 1.0
- Anger: 2.0
- Stress: 2.0
- Loneliness: 2.0
- Emotional Regulation Frequency:
  - Upset by Unexpected Events: 2.0
  - Unable to Control Important Things: 2.0
  - Lacked Confidence Handling Problems: 2.0
  - Unable to Cope: 2.0
  - Irritated by Life: 2.0
  - On Top of Things: 2.0
- Anxiety Symptoms Frequency:
  - Feeling Nervous or On Edge: 1.0
  - Trouble Relaxing: 1.0
  - Restlessness: 1.0
  - Irritability: 1.0
  - Fear Something Awful Might Happen: 1.0
- Depressive Symptoms Frequency:
  - Anhedonia: 1.0
  - Sleep Problems: 1.0
  - Fatigue: 1.0
  - Appetite Changes: 0.0
  - Feelings of Worthlessness: 1.0
  - Concentration Difficulties: 0.0
  - Suicidal Thoughts: 0.0

Respondent 116:
- Year of birth: 2004.0
- Gender: 1.0
- Socio-economic status: 5.0
- Ethnic identity: 6.0
- Parental Education:
  - Father: 17.0
  - Mother: 17.0
- Life satisfaction: 8.0
- Happiness: 8.0
- Laughter: 7.0
- Learning: 7.0
- Enjoyment: 9.0
- Worry: 1.0
- Depression: 1.0
- Anger: 2.0
- Stress: 3.0
- Loneliness: 1.0
- Emotional Regulation Frequency:
  - Upset by Unexpected Events: 2.0
  - Unable to Control Important Things: 2.0
  - Lacked Confidence Handling Problems: 3.0
  - Unable to Cope: 2.0
  - Irritated by Life: 3.0
  - On Top of Things: 2.0
- Anxiety Symptoms Frequency:
  - Feeling Nervous or On Edge: 2.0
  - Trouble Relaxing: 1.0
  - Restlessness: 2.0
  - Irritability: 1.0
  - Fear Something Awful Might Happen: 2.0
- Depressive Symptoms Frequency:
  - Anhedonia: 1.0
  - Sleep Problems: 0.0
  - Fatigue: 2.0
  - Appetite Changes: 2.0
  - Feelings of Worthlessness: 1.0
  - Concentration Difficulties: 2.0
  - Suicidal Thoughts: 0.0

Answer: 2

Survey Data
==================================================

Questions:
1. Year of birth: What is your date of birth? [Open-ended]
2. Gender: What is your gender? [MCQ: 1. Male 2. Female]
3. Socio-economic status: What is the socio-economic status of your home? [Likert 1–6: 1 = Very low, 6 = Very high]
4. Ethnic identity: According to your culture, people, or physical features, you are or are recognized as: [MCQ: 1. Indigenous 2. Gypsy 3. Raizal from San Andres, Providencia and Santa Catalina Archipelago 4. Palenquero from San Basilio 5. Black, mulatto (Afro-descendant), Afro-Colombian 6. None of the above]
5. Parental Education: How many years of education did your parents receive? [Open-ended]
   - Father: Father?
   - Mother: Mother?
6. Life satisfaction: In general, how satisfied are you with all aspects of your life? [Likert 0–10: 0 = Not satisfied, 10 = Totally satisfied]
7. Happiness: How happy did you feel yesterday? [Likert 0–10: 0 = At no time, 10 = All the time]
8. Laughter: How much did you laugh yesterday? [Likert 0–10: 0 = At no time, 10 = All the time]
9. Learning: Did you learn new or exciting things yesterday? [Likert 0–10: 0 = At no time, 10 = All the time]
10. Enjoyment: How much did you enjoy the activities you did yesterday? [Likert 0–10: 0 = At no time, 10 = All the time]
11. Worry: How worried did you feel yesterday? [Likert 0–10: 0 = At no time, 10 = All the time]
12. Depression: How depressed did you feel yesterday? [Likert 0–10: 0 = At no time, 10 = All the time]
13. Anger: How angry did you feel yesterday? [Likert 0–10: 0 = At no time, 10 = All the time]
14. Stress: How much stress did you feel yesterday? [Likert 0–10: 0 = At no time, 10 = All the time]
15. Loneliness: How lonely or unsupported did you feel yesterday? [Likert 0–10: 0 = At no time, 10 = All the time]
16. Emotional Regulation Frequency: Next, you will be asked questions about your emotional state. Please answer on a scale of 0 to 4, where 0 is never, 1 is 'almost never', 2 is 'sometimes', 3 is 'fairly often', and 4 is 'very often', how often you experienced the following feelings during the last month: [Likert 0–4]
    - Upset by Unexpected Events: how often have you been upset because of something that happened unexpectedly?
    - Unable to Control Important Things: how often have you felt that you were unable to control the important things in your life?
    - Nervous and Stressed: how often have you felt nervous and stressed?
    - Lacked Confidence Handling Problems: how often have you felt confident about your ability to handle your personal problems?
    - Things Going Your Way: how often have you felt that things were going your way?
    - Unable to Cope: how often have you found that you could not cope with all the things that you had to do?
    - Irritated by Life: how often have you been able to control irritations in your life?
    - On Top of Things: how often have you felt that you were on top of things?
    - Angered by Uncontrollable Events: how often have you been angered because of things that happened that were outside of your control?
    - Felt Overwhelmed: how often have you felt difficulties were piling up so high that you could not overcome them?
17. Anxiety Symptoms Frequency: Next, you will be asked questions about your emotional state. Please answer on a scale of 0 to 3, where 0 is 'Not at all', 1 is 'several days', 2 is 'more than half of the days', and 3 is 'Nearly every day'. Over the last two weeks, how often have you been bothered by the following problems? [Likert 0–3]
    - Feeling Nervous or On Edge: Feeling nervous, anxious, or on edge
    - Uncontrollable Worrying: Not being able to stop or control worrying
    - Excessive Worry: Worrying too much about different things
    - Trouble Relaxing: Trouble relaxing
    - Restlessness: Being so restless that it is hard to sit still
    - Irritability: Becoming easily annoyed or irritable
    - Fear Something Awful Might Happen: Feeling afraid, as if something awful might happen
18. Depressive Symptoms Frequency: Next, you will be asked questions about your emotional state. Please answer on a scale of 0 to 3, where 0 is 'Not at all', 1 is 'several days', 2 is 'more than half of the days', and 3 is 'Nearly every day'. Over the last two weeks, how often have you been bothered by the following problems?
    - Anhedonia: Little interest or pleasure in doing things
    - Depressed Mood: Feeling down, depressed, or hopeless
    - Sleep Problems: Trouble falling or staying asleep, or sleeping too much
    - Fatigue: Feeling tired or having little energy
    - Appetite Changes: Poor appetite or overeating
    - Feelings of Worthlessness: Feeling bad about yourself or that you are a failure or have let yourself or your family down
    - Concentration Difficulties: Trouble concentrating on things, such as reading the newspaper or watching television
    - Psychomotor Changes: Moving or speaking so slowly that other people could have noticed. Or the opposite — being so fidgety or restless that you have been moving around a lot more than usual
    - Suicidal Thoughts: Thoughts that you would be better off dead, or of hurting yourself

Responses:
==================================================

Respondent 90:
- Year of birth: 2004.0
- Gender: 1.0
- Socio-economic status: 5.0
- Ethnic identity: 6.0
- Life satisfaction: 8.0
- Happiness: 5.0
- Laughter: 5.0
- Learning: 7.0
- Enjoyment: 6.0
- Worry: 1.0
- Depression: 1.0
- Anger: 2.0
- Stress: 2.0
- Loneliness: 8.0
- Emotional Regulation Frequency:
  - Upset by Unexpected Events: 2.0
  - Unable to Control Important Things: 2.0
  - Lacked Confidence Handling Problems: 2.0
  - Unable to Cope: 1.0
  - Irritated by Life: 3.0
  - On Top of Things: 3.0
- Anxiety Symptoms Frequency:
  - Feeling Nervous or On Edge: 1.0
  - Trouble Relaxing: 2.0
  - Restlessness: 2.0
  - Irritability: 1.0
  - Fear Something Awful Might Happen: 2.0
- Depressive Symptoms Frequency:
  - Anhedonia: 2.0
  - Sleep Problems: 3.0
  - Fatigue: 1.0
  - Appetite Changes: 2.0
  - Feelings of Worthlessness: 1.0
  - Concentration Difficulties: 1.0
  - Suicidal Thoughts: 1.0

Respondent 85:
- Year of birth: 2004.0
- Gender: 2.0
- Socio-economic status: 3.0
- Ethnic identity: 6.0
- Parental Education:
  - Father: 18.0
- Life satisfaction: 5.0
- Happiness: 6.0
- Laughter: 6.0
- Learning: 8.0
- Enjoyment: 5.0
- Worry: 1.0
- Depression: 1.0
- Anger: 2.0
- Stress: 4.0
- Loneliness: 1.0
- Emotional Regulation Frequency:
  - Upset by Unexpected Events: 2.0
  - Unable to Control Important Things: 3.0
  - Lacked Confidence Handling Problems: 2.0
  - Unable to Cope: 3.0
  - Irritated by Life: 3.0
  - On Top of Things: 2.0
- Anxiety Symptoms Frequency:
  - Feeling Nervous or On Edge: 1.0
  - Trouble Relaxing: 1.0
  - Restlessness: 0.0
  - Irritability: 1.0
  - Fear Something Awful Might Happen: 1.0
- Depressive Symptoms Frequency:
  - Anhedonia: 2.0
  - Sleep Problems: 2.0
  - Fatigue: 3.0
  - Appetite Changes: 3.0
  - Feelings of Worthlessness: 1.0
  - Concentration Difficulties: 1.0
  - Suicidal Thoughts: 0.0

Respondent 43:
- Year of birth: 2003.0
- Gender: 1.0
- Socio-economic status: 4.0
- Ethnic identity: 6.0
- Parental Education:
  - Father: 13.0
  - Mother: 14.0
- Life satisfaction: 7.0
- Happiness: 3.0
- Laughter: 6.0
- Learning: 2.0
- Enjoyment: 7.0
- Worry: 1.0
- Depression: 1.0
- Anger: 3.0
- Stress: 3.0
- Loneliness: 6.0
- Emotional Regulation Frequency:
  - Upset by Unexpected Events: 1.0
  - Unable to Control Important Things: 2.0
  - Lacked Confidence Handling Problems: 3.0
  - Unable to Cope: 4.0
  - Irritated by Life: 3.0
  - On Top of Things: 3.0
- Anxiety Symptoms Frequency:
  - Feeling Nervous or On Edge: 0.0
  - Trouble Relaxing: 1.0
  - Restlessness: 0.0
  - Irritability: 3.0
  - Fear Something Awful Might Happen: 0.0
- Depressive Symptoms Frequency:
  - Anhedonia: 2.0
  - Sleep Problems: 2.0
  - Fatigue: 2.0
  - Appetite Changes: 2.0
  - Feelings of Worthlessness: 2.0
  - Concentration Difficulties: 1.0
  - Suicidal Thoughts: 1.0

Respondent 69:
- Year of birth: 2000.0
- Gender: 2.0
- Socio-economic status: 6.0
- Ethnic identity: 6.0
- Parental Education:
  - Father: 25.0
  - Mother: 30.0
- Life satisfaction: 7.0
- Happiness: 5.0
- Laughter: 6.0
- Learning: 4.0
- Enjoyment: 6.0
- Worry: 1.0
- Depression: 0.0
- Anger: 3.0
- Stress: 3.0
- Loneliness: 4.0
- Emotional Regulation Frequency:
  - Upset by Unexpected Events: 3.0
  - Unable to Control Important Things: 3.0
  - Lacked Confidence Handling Problems: 2.0
  - Unable to Cope: 1.0
  - Irritated by Life: 4.0
  - On Top of Things: 3.0
- Anxiety Symptoms Frequency:
  - Feeling Nervous or On Edge: 1.0
  - Trouble Relaxing: 0.0
  - Restlessness: 0.0
  - Irritability: 1.0
  - Fear Something Awful Might Happen: 0.0
- Depressive Symptoms Frequency:
  - Anhedonia: 1.0
  - Sleep Problems: 1.0
  - Fatigue: 1.0
  - Appetite Changes: 0.0
  - Feelings of Worthlessness: 1.0
  - Concentration Difficulties: 3.0
  - Suicidal Thoughts: 0.0

Respondent 75:
- Year of birth: 1993.0
- Gender: 1.0
- Socio-economic status: 4.0
- Ethnic identity: 6.0
- Parental Education:
  - Father: 10.0
  - Mother: 11.0
- Life satisfaction: 10.0
- Happiness: 10.0
- Laughter: 8.0
- Learning: 10.0
- Enjoyment: 10.0
- Worry: 1.0
- Depression: 0.0
- Anger: 2.0
- Stress: 3.0
- Loneliness: 0.0
- Emotional Regulation Frequency:
  - Upset by Unexpected Events: 2.0
  - Unable to Control Important Things: 1.0
  - Lacked Confidence Handling Problems: 2.0
  - Unable to Cope: 2.0
  - Irritated by Life: 3.0
  - On Top of Things: 2.0
- Anxiety Symptoms Frequency:
  - Feeling Nervous or On Edge: 1.0
  - Trouble Relaxing: 1.0
  - Restlessness: 0.0
  - Irritability: 0.0
  - Fear Something Awful Might Happen: 1.0
- Depressive Symptoms Frequency:
  - Anhedonia: 0.0
  - Sleep Problems: 0.0
  - Fatigue: 1.0
  - Appetite Changes: 0.0
  - Feelings of Worthlessness: 0.0
  - Concentration Difficulties: 0.0
  - Suicidal Thoughts: 0.0

Respondent 79:
- Year of birth: 2004.0
- Gender: 1.0
- Socio-economic status: 6.0
- Ethnic identity: 6.0
- Parental Education:
  - Father: 20.0
  - Mother: 20.0
- Life satisfaction: 5.0
- Happiness: 5.0
- Laughter: 10.0
- Learning: 5.0
- Enjoyment: 3.0
- Worry: 0.0
- Depression: 1.0
- Anger: 1.0
- Stress: 1.0
- Loneliness: 10.0
- Emotional Regulation Frequency:
  - Upset by Unexpected Events: 0.0
  - Unable to Control Important Things: 0.0
  - Lacked Confidence Handling Problems: 0.0
  - Unable to Cope: 2.0
  - Irritated by Life: 3.0
  - On Top of Things: 3.0
- Anxiety Symptoms Frequency:
  - Feeling Nervous or On Edge: 0.0
  - Trouble Relaxing: 0.0
  - Restlessness: 0.0
  - Irritability: 1.0
  - Fear Something Awful Might Happen: 0.0
- Depressive Symptoms Frequency:
  - Anhedonia: 3.0
  - Sleep Problems: 3.0
  - Fatigue: 3.0
  - Appetite Changes: 3.0
  - Feelings of Worthlessness: 3.0
  - Concentration Difficulties: 0.0
  - Suicidal Thoughts: 0.0

You are a meticulous data analyst AI. Your primary function is to accurately analyze structured data and provide precise, verifiable answers.

You will be given a dataset with two key parts:

A 'questions' section: This is your data dictionary or schema. It is the single source of truth for understanding what each field and score means. Refer to it carefully.

A 'responses' section: This contains the raw data from each individual respondent.

To answer the question correctly, you must first use the 'questions' schema to fully understand the context and meaning of the data points within the 'responses'. Do not rely on any prior knowledge outside of this provided data. Base your entire analysis on the information given.

Provide your final answer directly and concisely. Output must be the human-readable value, not an option code.

Rules:
- For MCQ fields, map any letter codes in the Responses (case-insensitive) to the corresponding option text from the Questions schema, and output only that text. Do NOT include the letter or both.
  Example: If the schema is ""[MCQ: A. Abnormal B. Inconclusive C. Normal]"" and the response is ""a"", output ""Abnormal"".
- For open-ended fields, output the exact text value.
- If the question asks for a count, provide only the number (e.g., ""42"").
- If the question asks for a list of names or IDs, provide a simple comma-separated list (e.g., ""17, 21, 23"").
- Preserve capitalization exactly as in the schema (e.g., output ""Abnormal"", not ""abnormal"" or ""A"").

How many respondents are there?",8,False
case_39,respondent_count,How many respondents are there?,"Survey Data
==================================================

Questions:
1. Year of birth: What is your date of birth? [Open-ended]
2. Gender: What is your gender? [MCQ: 1. Male 2. Female]
3. Socio-economic status: What is the socio-economic status of your home? [Likert 1–6: 1 = Very low, 6 = Very high]
4. Ethnic identity: According to your culture, people, or physical features, you are or are recognized as: [MCQ: 1. Indigenous 2. Gypsy 3. Raizal from San Andres, Providencia and Santa Catalina Archipelago 4. Palenquero from San Basilio 5. Black, mulatto (Afro-descendant), Afro-Colombian 6. None of the above]
5. Parental Education: How many years of education did your parents receive? [Open-ended]
   - Father: Father?
   - Mother: Mother?
6. Life satisfaction: In general, how satisfied are you with all aspects of your life? [Likert 0–10: 0 = Not satisfied, 10 = Totally satisfied]
7. Happiness: How happy did you feel yesterday? [Likert 0–10: 0 = At no time, 10 = All the time]
8. Laughter: How much did you laugh yesterday? [Likert 0–10: 0 = At no time, 10 = All the time]
9. Learning: Did you learn new or exciting things yesterday? [Likert 0–10: 0 = At no time, 10 = All the time]
10. Enjoyment: How much did you enjoy the activities you did yesterday? [Likert 0–10: 0 = At no time, 10 = All the time]
11. Worry: How worried did you feel yesterday? [Likert 0–10: 0 = At no time, 10 = All the time]
12. Depression: How depressed did you feel yesterday? [Likert 0–10: 0 = At no time, 10 = All the time]
13. Anger: How angry did you feel yesterday? [Likert 0–10: 0 = At no time, 10 = All the time]
14. Stress: How much stress did you feel yesterday? [Likert 0–10: 0 = At no time, 10 = All the time]
15. Loneliness: How lonely or unsupported did you feel yesterday? [Likert 0–10: 0 = At no time, 10 = All the time]
16. Emotional Regulation Frequency: Next, you will be asked questions about your emotional state. Please answer on a scale of 0 to 4, where 0 is never, 1 is 'almost never', 2 is 'sometimes', 3 is 'fairly often', and 4 is 'very often', how often you experienced the following feelings during the last month: [Likert 0–4]
    - Upset by Unexpected Events: how often have you been upset because of something that happened unexpectedly?
    - Unable to Control Important Things: how often have you felt that you were unable to control the important things in your life?
    - Nervous and Stressed: how often have you felt nervous and stressed?
    - Lacked Confidence Handling Problems: how often have you felt confident about your ability to handle your personal problems?
    - Things Going Your Way: how often have you felt that things were going your way?
    - Unable to Cope: how often have you found that you could not cope with all the things that you had to do?
    - Irritated by Life: how often have you been able to control irritations in your life?
    - On Top of Things: how often have you felt that you were on top of things?
    - Angered by Uncontrollable Events: how often have you been angered because of things that happened that were outside of your control?
    - Felt Overwhelmed: how often have you felt difficulties were piling up so high that you could not overcome them?
17. Anxiety Symptoms Frequency: Next, you will be asked questions about your emotional state. Please answer on a scale of 0 to 3, where 0 is 'Not at all', 1 is 'several days', 2 is 'more than half of the days', and 3 is 'Nearly every day'. Over the last two weeks, how often have you been bothered by the following problems? [Likert 0–3]
    - Feeling Nervous or On Edge: Feeling nervous, anxious, or on edge
    - Uncontrollable Worrying: Not being able to stop or control worrying
    - Excessive Worry: Worrying too much about different things
    - Trouble Relaxing: Trouble relaxing
    - Restlessness: Being so restless that it is hard to sit still
    - Irritability: Becoming easily annoyed or irritable
    - Fear Something Awful Might Happen: Feeling afraid, as if something awful might happen
18. Depressive Symptoms Frequency: Next, you will be asked questions about your emotional state. Please answer on a scale of 0 to 3, where 0 is 'Not at all', 1 is 'several days', 2 is 'more than half of the days', and 3 is 'Nearly every day'. Over the last two weeks, how often have you been bothered by the following problems?
    - Anhedonia: Little interest or pleasure in doing things
    - Depressed Mood: Feeling down, depressed, or hopeless
    - Sleep Problems: Trouble falling or staying asleep, or sleeping too much
    - Fatigue: Feeling tired or having little energy
    - Appetite Changes: Poor appetite or overeating
    - Feelings of Worthlessness: Feeling bad about yourself or that you are a failure or have let yourself or your family down
    - Concentration Difficulties: Trouble concentrating on things, such as reading the newspaper or watching television
    - Psychomotor Changes: Moving or speaking so slowly that other people could have noticed. Or the opposite — being so fidgety or restless that you have been moving around a lot more than usual
    - Suicidal Thoughts: Thoughts that you would be better off dead, or of hurting yourself

Responses:
==================================================

Respondent 42:
- Year of birth: 2004.0
- Gender: 2.0
- Socio-economic status: 5.0
- Ethnic identity: 5.0
- Parental Education:
  - Father: 19.0
  - Mother: 28.0
- Life satisfaction: 7.0
- Happiness: 4.0
- Laughter: 9.0
- Learning: 7.0
- Enjoyment: 1.0
- Worry: 3.0
- Depression: 1.0
- Anger: 3.0
- Stress: 4.0
- Loneliness: 10.0
- Emotional Regulation Frequency:
  - Upset by Unexpected Events: 3.0
  - Unable to Control Important Things: 4.0
  - Lacked Confidence Handling Problems: 2.0
  - Unable to Cope: 4.0
  - Irritated by Life: 2.0
  - On Top of Things: 2.0
- Anxiety Symptoms Frequency:
  - Feeling Nervous or On Edge: 2.0
  - Trouble Relaxing: 1.0
  - Restlessness: 1.0
  - Irritability: 2.0
  - Fear Something Awful Might Happen: 3.0
- Depressive Symptoms Frequency:
  - Anhedonia: 3.0
  - Sleep Problems: 2.0
  - Fatigue: 3.0
  - Appetite Changes: 2.0
  - Feelings of Worthlessness: 3.0
  - Concentration Difficulties: 3.0
  - Suicidal Thoughts: 1.0

Respondent 66:
- Year of birth: 2001.0
- Gender: 1.0
- Socio-economic status: 3.0
- Ethnic identity: 6.0
- Life satisfaction: 5.0
- Happiness: 4.0
- Laughter: 2.0
- Learning: 1.0
- Enjoyment: 2.0
- Worry: 1.0
- Depression: 1.0
- Anger: 3.0
- Stress: 3.0
- Loneliness: 4.0
- Emotional Regulation Frequency:
  - Upset by Unexpected Events: 1.0
  - Unable to Control Important Things: 2.0
  - Lacked Confidence Handling Problems: 2.0
  - Unable to Cope: 2.0
  - Irritated by Life: 2.0
  - On Top of Things: 2.0
- Anxiety Symptoms Frequency:
  - Feeling Nervous or On Edge: 0.0
  - Trouble Relaxing: 1.0
  - Restlessness: 1.0
  - Irritability: 1.0
  - Fear Something Awful Might Happen: 1.0
- Depressive Symptoms Frequency:
  - Anhedonia: 2.0
  - Sleep Problems: 1.0
  - Fatigue: 1.0
  - Appetite Changes: 2.0
  - Feelings of Worthlessness: 2.0
  - Concentration Difficulties: 2.0
  - Suicidal Thoughts: 1.0
",2,"How many respondents are there?

DATA:

Survey Data
==================================================

Questions:
1. Year of birth: What is your date of birth? [Open-ended]
2. Gender: What is your gender? [MCQ: 1. Male 2. Female]
3. Socio-economic status: What is the socio-economic status of your home? [Likert 1–6: 1 = Very low, 6 = Very high]
4. Ethnic identity: According to your culture, people, or physical features, you are or are recognized as: [MCQ: 1. Indigenous 2. Gypsy 3. Raizal from San Andres, Providencia and Santa Catalina Archipelago 4. Palenquero from San Basilio 5. Black, mulatto (Afro-descendant), Afro-Colombian 6. None of the above]
5. Parental Education: How many years of education did your parents receive? [Open-ended]
   - Father: Father?
   - Mother: Mother?
6. Life satisfaction: In general, how satisfied are you with all aspects of your life? [Likert 0–10: 0 = Not satisfied, 10 = Totally satisfied]
7. Happiness: How happy did you feel yesterday? [Likert 0–10: 0 = At no time, 10 = All the time]
8. Laughter: How much did you laugh yesterday? [Likert 0–10: 0 = At no time, 10 = All the time]
9. Learning: Did you learn new or exciting things yesterday? [Likert 0–10: 0 = At no time, 10 = All the time]
10. Enjoyment: How much did you enjoy the activities you did yesterday? [Likert 0–10: 0 = At no time, 10 = All the time]
11. Worry: How worried did you feel yesterday? [Likert 0–10: 0 = At no time, 10 = All the time]
12. Depression: How depressed did you feel yesterday? [Likert 0–10: 0 = At no time, 10 = All the time]
13. Anger: How angry did you feel yesterday? [Likert 0–10: 0 = At no time, 10 = All the time]
14. Stress: How much stress did you feel yesterday? [Likert 0–10: 0 = At no time, 10 = All the time]
15. Loneliness: How lonely or unsupported did you feel yesterday? [Likert 0–10: 0 = At no time, 10 = All the time]
16. Emotional Regulation Frequency: Next, you will be asked questions about your emotional state. Please answer on a scale of 0 to 4, where 0 is never, 1 is 'almost never', 2 is 'sometimes', 3 is 'fairly often', and 4 is 'very often', how often you experienced the following feelings during the last month: [Likert 0–4]
    - Upset by Unexpected Events: how often have you been upset because of something that happened unexpectedly?
    - Unable to Control Important Things: how often have you felt that you were unable to control the important things in your life?
    - Nervous and Stressed: how often have you felt nervous and stressed?
    - Lacked Confidence Handling Problems: how often have you felt confident about your ability to handle your personal problems?
    - Things Going Your Way: how often have you felt that things were going your way?
    - Unable to Cope: how often have you found that you could not cope with all the things that you had to do?
    - Irritated by Life: how often have you been able to control irritations in your life?
    - On Top of Things: how often have you felt that you were on top of things?
    - Angered by Uncontrollable Events: how often have you been angered because of things that happened that were outside of your control?
    - Felt Overwhelmed: how often have you felt difficulties were piling up so high that you could not overcome them?
17. Anxiety Symptoms Frequency: Next, you will be asked questions about your emotional state. Please answer on a scale of 0 to 3, where 0 is 'Not at all', 1 is 'several days', 2 is 'more than half of the days', and 3 is 'Nearly every day'. Over the last two weeks, how often have you been bothered by the following problems? [Likert 0–3]
    - Feeling Nervous or On Edge: Feeling nervous, anxious, or on edge
    - Uncontrollable Worrying: Not being able to stop or control worrying
    - Excessive Worry: Worrying too much about different things
    - Trouble Relaxing: Trouble relaxing
    - Restlessness: Being so restless that it is hard to sit still
    - Irritability: Becoming easily annoyed or irritable
    - Fear Something Awful Might Happen: Feeling afraid, as if something awful might happen
18. Depressive Symptoms Frequency: Next, you will be asked questions about your emotional state. Please answer on a scale of 0 to 3, where 0 is 'Not at all', 1 is 'several days', 2 is 'more than half of the days', and 3 is 'Nearly every day'. Over the last two weeks, how often have you been bothered by the following problems?
    - Anhedonia: Little interest or pleasure in doing things
    - Depressed Mood: Feeling down, depressed, or hopeless
    - Sleep Problems: Trouble falling or staying asleep, or sleeping too much
    - Fatigue: Feeling tired or having little energy
    - Appetite Changes: Poor appetite or overeating
    - Feelings of Worthlessness: Feeling bad about yourself or that you are a failure or have let yourself or your family down
    - Concentration Difficulties: Trouble concentrating on things, such as reading the newspaper or watching television
    - Psychomotor Changes: Moving or speaking so slowly that other people could have noticed. Or the opposite — being so fidgety or restless that you have been moving around a lot more than usual
    - Suicidal Thoughts: Thoughts that you would be better off dead, or of hurting yourself

Responses:
==================================================

Respondent 119:
- Year of birth: 2004.0
- Gender: 1.0
- Socio-economic status: 1.0
- Ethnic identity: 6.0
- Life satisfaction: 4.0
- Happiness: 8.0
- Laughter: 8.0
- Learning: 8.0
- Enjoyment: 8.0
- Worry: 1.0
- Depression: 1.0
- Anger: 2.0
- Stress: 2.0
- Loneliness: 2.0
- Emotional Regulation Frequency:
  - Upset by Unexpected Events: 2.0
  - Unable to Control Important Things: 2.0
  - Lacked Confidence Handling Problems: 2.0
  - Unable to Cope: 2.0
  - Irritated by Life: 2.0
  - On Top of Things: 2.0
- Anxiety Symptoms Frequency:
  - Feeling Nervous or On Edge: 1.0
  - Trouble Relaxing: 1.0
  - Restlessness: 1.0
  - Irritability: 1.0
  - Fear Something Awful Might Happen: 1.0
- Depressive Symptoms Frequency:
  - Anhedonia: 1.0
  - Sleep Problems: 1.0
  - Fatigue: 1.0
  - Appetite Changes: 0.0
  - Feelings of Worthlessness: 1.0
  - Concentration Difficulties: 0.0
  - Suicidal Thoughts: 0.0

Respondent 116:
- Year of birth: 2004.0
- Gender: 1.0
- Socio-economic status: 5.0
- Ethnic identity: 6.0
- Parental Education:
  - Father: 17.0
  - Mother: 17.0
- Life satisfaction: 8.0
- Happiness: 8.0
- Laughter: 7.0
- Learning: 7.0
- Enjoyment: 9.0
- Worry: 1.0
- Depression: 1.0
- Anger: 2.0
- Stress: 3.0
- Loneliness: 1.0
- Emotional Regulation Frequency:
  - Upset by Unexpected Events: 2.0
  - Unable to Control Important Things: 2.0
  - Lacked Confidence Handling Problems: 3.0
  - Unable to Cope: 2.0
  - Irritated by Life: 3.0
  - On Top of Things: 2.0
- Anxiety Symptoms Frequency:
  - Feeling Nervous or On Edge: 2.0
  - Trouble Relaxing: 1.0
  - Restlessness: 2.0
  - Irritability: 1.0
  - Fear Something Awful Might Happen: 2.0
- Depressive Symptoms Frequency:
  - Anhedonia: 1.0
  - Sleep Problems: 0.0
  - Fatigue: 2.0
  - Appetite Changes: 2.0
  - Feelings of Worthlessness: 1.0
  - Concentration Difficulties: 2.0
  - Suicidal Thoughts: 0.0

Answer: 2

Survey Data
==================================================

Questions:
1. Year of birth: What is your date of birth? [Open-ended]
2. Gender: What is your gender? [MCQ: 1. Male 2. Female]
3. Socio-economic status: What is the socio-economic status of your home? [Likert 1–6: 1 = Very low, 6 = Very high]
4. Ethnic identity: According to your culture, people, or physical features, you are or are recognized as: [MCQ: 1. Indigenous 2. Gypsy 3. Raizal from San Andres, Providencia and Santa Catalina Archipelago 4. Palenquero from San Basilio 5. Black, mulatto (Afro-descendant), Afro-Colombian 6. None of the above]
5. Parental Education: How many years of education did your parents receive? [Open-ended]
   - Father: Father?
   - Mother: Mother?
6. Life satisfaction: In general, how satisfied are you with all aspects of your life? [Likert 0–10: 0 = Not satisfied, 10 = Totally satisfied]
7. Happiness: How happy did you feel yesterday? [Likert 0–10: 0 = At no time, 10 = All the time]
8. Laughter: How much did you laugh yesterday? [Likert 0–10: 0 = At no time, 10 = All the time]
9. Learning: Did you learn new or exciting things yesterday? [Likert 0–10: 0 = At no time, 10 = All the time]
10. Enjoyment: How much did you enjoy the activities you did yesterday? [Likert 0–10: 0 = At no time, 10 = All the time]
11. Worry: How worried did you feel yesterday? [Likert 0–10: 0 = At no time, 10 = All the time]
12. Depression: How depressed did you feel yesterday? [Likert 0–10: 0 = At no time, 10 = All the time]
13. Anger: How angry did you feel yesterday? [Likert 0–10: 0 = At no time, 10 = All the time]
14. Stress: How much stress did you feel yesterday? [Likert 0–10: 0 = At no time, 10 = All the time]
15. Loneliness: How lonely or unsupported did you feel yesterday? [Likert 0–10: 0 = At no time, 10 = All the time]
16. Emotional Regulation Frequency: Next, you will be asked questions about your emotional state. Please answer on a scale of 0 to 4, where 0 is never, 1 is 'almost never', 2 is 'sometimes', 3 is 'fairly often', and 4 is 'very often', how often you experienced the following feelings during the last month: [Likert 0–4]
    - Upset by Unexpected Events: how often have you been upset because of something that happened unexpectedly?
    - Unable to Control Important Things: how often have you felt that you were unable to control the important things in your life?
    - Nervous and Stressed: how often have you felt nervous and stressed?
    - Lacked Confidence Handling Problems: how often have you felt confident about your ability to handle your personal problems?
    - Things Going Your Way: how often have you felt that things were going your way?
    - Unable to Cope: how often have you found that you could not cope with all the things that you had to do?
    - Irritated by Life: how often have you been able to control irritations in your life?
    - On Top of Things: how often have you felt that you were on top of things?
    - Angered by Uncontrollable Events: how often have you been angered because of things that happened that were outside of your control?
    - Felt Overwhelmed: how often have you felt difficulties were piling up so high that you could not overcome them?
17. Anxiety Symptoms Frequency: Next, you will be asked questions about your emotional state. Please answer on a scale of 0 to 3, where 0 is 'Not at all', 1 is 'several days', 2 is 'more than half of the days', and 3 is 'Nearly every day'. Over the last two weeks, how often have you been bothered by the following problems? [Likert 0–3]
    - Feeling Nervous or On Edge: Feeling nervous, anxious, or on edge
    - Uncontrollable Worrying: Not being able to stop or control worrying
    - Excessive Worry: Worrying too much about different things
    - Trouble Relaxing: Trouble relaxing
    - Restlessness: Being so restless that it is hard to sit still
    - Irritability: Becoming easily annoyed or irritable
    - Fear Something Awful Might Happen: Feeling afraid, as if something awful might happen
18. Depressive Symptoms Frequency: Next, you will be asked questions about your emotional state. Please answer on a scale of 0 to 3, where 0 is 'Not at all', 1 is 'several days', 2 is 'more than half of the days', and 3 is 'Nearly every day'. Over the last two weeks, how often have you been bothered by the following problems?
    - Anhedonia: Little interest or pleasure in doing things
    - Depressed Mood: Feeling down, depressed, or hopeless
    - Sleep Problems: Trouble falling or staying asleep, or sleeping too much
    - Fatigue: Feeling tired or having little energy
    - Appetite Changes: Poor appetite or overeating
    - Feelings of Worthlessness: Feeling bad about yourself or that you are a failure or have let yourself or your family down
    - Concentration Difficulties: Trouble concentrating on things, such as reading the newspaper or watching television
    - Psychomotor Changes: Moving or speaking so slowly that other people could have noticed. Or the opposite — being so fidgety or restless that you have been moving around a lot more than usual
    - Suicidal Thoughts: Thoughts that you would be better off dead, or of hurting yourself

Responses:
==================================================

Respondent 42:
- Year of birth: 2004.0
- Gender: 2.0
- Socio-economic status: 5.0
- Ethnic identity: 5.0
- Parental Education:
  - Father: 19.0
  - Mother: 28.0
- Life satisfaction: 7.0
- Happiness: 4.0
- Laughter: 9.0
- Learning: 7.0
- Enjoyment: 1.0
- Worry: 3.0
- Depression: 1.0
- Anger: 3.0
- Stress: 4.0
- Loneliness: 10.0
- Emotional Regulation Frequency:
  - Upset by Unexpected Events: 3.0
  - Unable to Control Important Things: 4.0
  - Lacked Confidence Handling Problems: 2.0
  - Unable to Cope: 4.0
  - Irritated by Life: 2.0
  - On Top of Things: 2.0
- Anxiety Symptoms Frequency:
  - Feeling Nervous or On Edge: 2.0
  - Trouble Relaxing: 1.0
  - Restlessness: 1.0
  - Irritability: 2.0
  - Fear Something Awful Might Happen: 3.0
- Depressive Symptoms Frequency:
  - Anhedonia: 3.0
  - Sleep Problems: 2.0
  - Fatigue: 3.0
  - Appetite Changes: 2.0
  - Feelings of Worthlessness: 3.0
  - Concentration Difficulties: 3.0
  - Suicidal Thoughts: 1.0

Respondent 66:
- Year of birth: 2001.0
- Gender: 1.0
- Socio-economic status: 3.0
- Ethnic identity: 6.0
- Life satisfaction: 5.0
- Happiness: 4.0
- Laughter: 2.0
- Learning: 1.0
- Enjoyment: 2.0
- Worry: 1.0
- Depression: 1.0
- Anger: 3.0
- Stress: 3.0
- Loneliness: 4.0
- Emotional Regulation Frequency:
  - Upset by Unexpected Events: 1.0
  - Unable to Control Important Things: 2.0
  - Lacked Confidence Handling Problems: 2.0
  - Unable to Cope: 2.0
  - Irritated by Life: 2.0
  - On Top of Things: 2.0
- Anxiety Symptoms Frequency:
  - Feeling Nervous or On Edge: 0.0
  - Trouble Relaxing: 1.0
  - Restlessness: 1.0
  - Irritability: 1.0
  - Fear Something Awful Might Happen: 1.0
- Depressive Symptoms Frequency:
  - Anhedonia: 2.0
  - Sleep Problems: 1.0
  - Fatigue: 1.0
  - Appetite Changes: 2.0
  - Feelings of Worthlessness: 2.0
  - Concentration Difficulties: 2.0
  - Suicidal Thoughts: 1.0

You are a meticulous data analyst AI. Your primary function is to accurately analyze structured data and provide precise, verifiable answers.

You will be given a dataset with two key parts:

A 'questions' section: This is your data dictionary or schema. It is the single source of truth for understanding what each field and score means. Refer to it carefully.

A 'responses' section: This contains the raw data from each individual respondent.

To answer the question correctly, you must first use the 'questions' schema to fully understand the context and meaning of the data points within the 'responses'. Do not rely on any prior knowledge outside of this provided data. Base your entire analysis on the information given.

Provide your final answer directly and concisely. Output must be the human-readable value, not an option code.

Rules:
- For MCQ fields, map any letter codes in the Responses (case-insensitive) to the corresponding option text from the Questions schema, and output only that text. Do NOT include the letter or both.
  Example: If the schema is ""[MCQ: A. Abnormal B. Inconclusive C. Normal]"" and the response is ""a"", output ""Abnormal"".
- For open-ended fields, output the exact text value.
- If the question asks for a count, provide only the number (e.g., ""42"").
- If the question asks for a list of names or IDs, provide a simple comma-separated list (e.g., ""17, 21, 23"").
- Preserve capitalization exactly as in the schema (e.g., output ""Abnormal"", not ""abnormal"" or ""A"").

How many respondents are there?",4,False
case_40,respondent_count,How many respondents are there?,"Survey Data
==================================================

Questions:
1. Year of birth: What is your date of birth? [Open-ended]
2. Gender: What is your gender? [MCQ: 1. Male 2. Female]
3. Socio-economic status: What is the socio-economic status of your home? [Likert 1–6: 1 = Very low, 6 = Very high]
4. Ethnic identity: According to your culture, people, or physical features, you are or are recognized as: [MCQ: 1. Indigenous 2. Gypsy 3. Raizal from San Andres, Providencia and Santa Catalina Archipelago 4. Palenquero from San Basilio 5. Black, mulatto (Afro-descendant), Afro-Colombian 6. None of the above]
5. Parental Education: How many years of education did your parents receive? [Open-ended]
   - Father: Father?
   - Mother: Mother?
6. Life satisfaction: In general, how satisfied are you with all aspects of your life? [Likert 0–10: 0 = Not satisfied, 10 = Totally satisfied]
7. Happiness: How happy did you feel yesterday? [Likert 0–10: 0 = At no time, 10 = All the time]
8. Laughter: How much did you laugh yesterday? [Likert 0–10: 0 = At no time, 10 = All the time]
9. Learning: Did you learn new or exciting things yesterday? [Likert 0–10: 0 = At no time, 10 = All the time]
10. Enjoyment: How much did you enjoy the activities you did yesterday? [Likert 0–10: 0 = At no time, 10 = All the time]
11. Worry: How worried did you feel yesterday? [Likert 0–10: 0 = At no time, 10 = All the time]
12. Depression: How depressed did you feel yesterday? [Likert 0–10: 0 = At no time, 10 = All the time]
13. Anger: How angry did you feel yesterday? [Likert 0–10: 0 = At no time, 10 = All the time]
14. Stress: How much stress did you feel yesterday? [Likert 0–10: 0 = At no time, 10 = All the time]
15. Loneliness: How lonely or unsupported did you feel yesterday? [Likert 0–10: 0 = At no time, 10 = All the time]
16. Emotional Regulation Frequency: Next, you will be asked questions about your emotional state. Please answer on a scale of 0 to 4, where 0 is never, 1 is 'almost never', 2 is 'sometimes', 3 is 'fairly often', and 4 is 'very often', how often you experienced the following feelings during the last month: [Likert 0–4]
    - Upset by Unexpected Events: how often have you been upset because of something that happened unexpectedly?
    - Unable to Control Important Things: how often have you felt that you were unable to control the important things in your life?
    - Nervous and Stressed: how often have you felt nervous and stressed?
    - Lacked Confidence Handling Problems: how often have you felt confident about your ability to handle your personal problems?
    - Things Going Your Way: how often have you felt that things were going your way?
    - Unable to Cope: how often have you found that you could not cope with all the things that you had to do?
    - Irritated by Life: how often have you been able to control irritations in your life?
    - On Top of Things: how often have you felt that you were on top of things?
    - Angered by Uncontrollable Events: how often have you been angered because of things that happened that were outside of your control?
    - Felt Overwhelmed: how often have you felt difficulties were piling up so high that you could not overcome them?
17. Anxiety Symptoms Frequency: Next, you will be asked questions about your emotional state. Please answer on a scale of 0 to 3, where 0 is 'Not at all', 1 is 'several days', 2 is 'more than half of the days', and 3 is 'Nearly every day'. Over the last two weeks, how often have you been bothered by the following problems? [Likert 0–3]
    - Feeling Nervous or On Edge: Feeling nervous, anxious, or on edge
    - Uncontrollable Worrying: Not being able to stop or control worrying
    - Excessive Worry: Worrying too much about different things
    - Trouble Relaxing: Trouble relaxing
    - Restlessness: Being so restless that it is hard to sit still
    - Irritability: Becoming easily annoyed or irritable
    - Fear Something Awful Might Happen: Feeling afraid, as if something awful might happen
18. Depressive Symptoms Frequency: Next, you will be asked questions about your emotional state. Please answer on a scale of 0 to 3, where 0 is 'Not at all', 1 is 'several days', 2 is 'more than half of the days', and 3 is 'Nearly every day'. Over the last two weeks, how often have you been bothered by the following problems?
    - Anhedonia: Little interest or pleasure in doing things
    - Depressed Mood: Feeling down, depressed, or hopeless
    - Sleep Problems: Trouble falling or staying asleep, or sleeping too much
    - Fatigue: Feeling tired or having little energy
    - Appetite Changes: Poor appetite or overeating
    - Feelings of Worthlessness: Feeling bad about yourself or that you are a failure or have let yourself or your family down
    - Concentration Difficulties: Trouble concentrating on things, such as reading the newspaper or watching television
    - Psychomotor Changes: Moving or speaking so slowly that other people could have noticed. Or the opposite — being so fidgety or restless that you have been moving around a lot more than usual
    - Suicidal Thoughts: Thoughts that you would be better off dead, or of hurting yourself

Responses:
==================================================

Respondent 16:
- Year of birth: 2001.0
- Gender: 1.0
- Socio-economic status: 5.0
- Ethnic identity: 6.0
- Parental Education:
  - Father: 30.0
  - Mother: 20.0
- Life satisfaction: 6.0
- Happiness: 9.0
- Laughter: 10.0
- Learning: 5.0
- Enjoyment: 10.0
- Worry: 2.0
- Depression: 1.0
- Anger: 4.0
- Stress: 2.0
- Loneliness: 1.0
- Emotional Regulation Frequency:
  - Upset by Unexpected Events: 3.0
  - Unable to Control Important Things: 2.0
  - Lacked Confidence Handling Problems: 2.0
  - Unable to Cope: 1.0
  - Irritated by Life: 3.0
  - On Top of Things: 1.0
- Anxiety Symptoms Frequency:
  - Feeling Nervous or On Edge: 1.0
  - Trouble Relaxing: 1.0
  - Restlessness: 0.0
  - Irritability: 1.0
  - Fear Something Awful Might Happen: 1.0
- Depressive Symptoms Frequency:
  - Anhedonia: 1.0
  - Sleep Problems: 2.0
  - Fatigue: 2.0
  - Appetite Changes: 0.0
  - Feelings of Worthlessness: 0.0
  - Concentration Difficulties: 0.0
  - Suicidal Thoughts: 0.0

Respondent 9:
- Year of birth: 2005.0
- Gender: 1.0
- Socio-economic status: 5.0
- Ethnic identity: 6.0
- Life satisfaction: 8.0
- Happiness: 6.0
- Laughter: 0.0
- Learning: 4.0
- Enjoyment: 5.0
- Worry: 3.0
- Depression: 0.0
- Anger: 0.0
- Stress: 3.0
- Loneliness: 0.0
- Emotional Regulation Frequency:
  - Upset by Unexpected Events: 2.0
  - Unable to Control Important Things: 1.0
  - Lacked Confidence Handling Problems: 4.0
  - Unable to Cope: 1.0
  - Irritated by Life: 2.0
  - On Top of Things: 2.0
- Anxiety Symptoms Frequency:
  - Feeling Nervous or On Edge: 3.0
  - Trouble Relaxing: 3.0
  - Restlessness: 1.0
  - Irritability: 1.0
  - Fear Something Awful Might Happen: 3.0
- Depressive Symptoms Frequency:
  - Anhedonia: 3.0
  - Sleep Problems: 3.0
  - Fatigue: 3.0
  - Appetite Changes: 0.0
  - Feelings of Worthlessness: 0.0
  - Concentration Difficulties: 0.0
  - Suicidal Thoughts: 0.0

Respondent 23:
- Year of birth: 2002.0
- Gender: 1.0
- Socio-economic status: 4.0
- Ethnic identity: 6.0
- Parental Education:
  - Father: 17.0
  - Mother: 17.0
- Life satisfaction: 5.0
- Happiness: 4.0
- Laughter: 4.0
- Learning: 2.0
- Enjoyment: 6.0
- Worry: 3.0
- Depression: 1.0
- Anger: 3.0
- Stress: 4.0
- Loneliness: 6.0
- Emotional Regulation Frequency:
  - Upset by Unexpected Events: 3.0
  - Unable to Control Important Things: 3.0
  - Lacked Confidence Handling Problems: 1.0
  - Unable to Cope: 4.0
  - Irritated by Life: 3.0
  - On Top of Things: 2.0
- Anxiety Symptoms Frequency:
  - Feeling Nervous or On Edge: 2.0
  - Trouble Relaxing: 2.0
  - Restlessness: 1.0
  - Irritability: 1.0
  - Fear Something Awful Might Happen: 3.0
- Depressive Symptoms Frequency:
  - Anhedonia: 1.0
  - Sleep Problems: 1.0
  - Fatigue: 1.0
  - Appetite Changes: 1.0
  - Feelings of Worthlessness: 2.0
  - Concentration Difficulties: 2.0
  - Suicidal Thoughts: 0.0
",3,"How many respondents are there?

DATA:

Survey Data
==================================================

Questions:
1. Year of birth: What is your date of birth? [Open-ended]
2. Gender: What is your gender? [MCQ: 1. Male 2. Female]
3. Socio-economic status: What is the socio-economic status of your home? [Likert 1–6: 1 = Very low, 6 = Very high]
4. Ethnic identity: According to your culture, people, or physical features, you are or are recognized as: [MCQ: 1. Indigenous 2. Gypsy 3. Raizal from San Andres, Providencia and Santa Catalina Archipelago 4. Palenquero from San Basilio 5. Black, mulatto (Afro-descendant), Afro-Colombian 6. None of the above]
5. Parental Education: How many years of education did your parents receive? [Open-ended]
   - Father: Father?
   - Mother: Mother?
6. Life satisfaction: In general, how satisfied are you with all aspects of your life? [Likert 0–10: 0 = Not satisfied, 10 = Totally satisfied]
7. Happiness: How happy did you feel yesterday? [Likert 0–10: 0 = At no time, 10 = All the time]
8. Laughter: How much did you laugh yesterday? [Likert 0–10: 0 = At no time, 10 = All the time]
9. Learning: Did you learn new or exciting things yesterday? [Likert 0–10: 0 = At no time, 10 = All the time]
10. Enjoyment: How much did you enjoy the activities you did yesterday? [Likert 0–10: 0 = At no time, 10 = All the time]
11. Worry: How worried did you feel yesterday? [Likert 0–10: 0 = At no time, 10 = All the time]
12. Depression: How depressed did you feel yesterday? [Likert 0–10: 0 = At no time, 10 = All the time]
13. Anger: How angry did you feel yesterday? [Likert 0–10: 0 = At no time, 10 = All the time]
14. Stress: How much stress did you feel yesterday? [Likert 0–10: 0 = At no time, 10 = All the time]
15. Loneliness: How lonely or unsupported did you feel yesterday? [Likert 0–10: 0 = At no time, 10 = All the time]
16. Emotional Regulation Frequency: Next, you will be asked questions about your emotional state. Please answer on a scale of 0 to 4, where 0 is never, 1 is 'almost never', 2 is 'sometimes', 3 is 'fairly often', and 4 is 'very often', how often you experienced the following feelings during the last month: [Likert 0–4]
    - Upset by Unexpected Events: how often have you been upset because of something that happened unexpectedly?
    - Unable to Control Important Things: how often have you felt that you were unable to control the important things in your life?
    - Nervous and Stressed: how often have you felt nervous and stressed?
    - Lacked Confidence Handling Problems: how often have you felt confident about your ability to handle your personal problems?
    - Things Going Your Way: how often have you felt that things were going your way?
    - Unable to Cope: how often have you found that you could not cope with all the things that you had to do?
    - Irritated by Life: how often have you been able to control irritations in your life?
    - On Top of Things: how often have you felt that you were on top of things?
    - Angered by Uncontrollable Events: how often have you been angered because of things that happened that were outside of your control?
    - Felt Overwhelmed: how often have you felt difficulties were piling up so high that you could not overcome them?
17. Anxiety Symptoms Frequency: Next, you will be asked questions about your emotional state. Please answer on a scale of 0 to 3, where 0 is 'Not at all', 1 is 'several days', 2 is 'more than half of the days', and 3 is 'Nearly every day'. Over the last two weeks, how often have you been bothered by the following problems? [Likert 0–3]
    - Feeling Nervous or On Edge: Feeling nervous, anxious, or on edge
    - Uncontrollable Worrying: Not being able to stop or control worrying
    - Excessive Worry: Worrying too much about different things
    - Trouble Relaxing: Trouble relaxing
    - Restlessness: Being so restless that it is hard to sit still
    - Irritability: Becoming easily annoyed or irritable
    - Fear Something Awful Might Happen: Feeling afraid, as if something awful might happen
18. Depressive Symptoms Frequency: Next, you will be asked questions about your emotional state. Please answer on a scale of 0 to 3, where 0 is 'Not at all', 1 is 'several days', 2 is 'more than half of the days', and 3 is 'Nearly every day'. Over the last two weeks, how often have you been bothered by the following problems?
    - Anhedonia: Little interest or pleasure in doing things
    - Depressed Mood: Feeling down, depressed, or hopeless
    - Sleep Problems: Trouble falling or staying asleep, or sleeping too much
    - Fatigue: Feeling tired or having little energy
    - Appetite Changes: Poor appetite or overeating
    - Feelings of Worthlessness: Feeling bad about yourself or that you are a failure or have let yourself or your family down
    - Concentration Difficulties: Trouble concentrating on things, such as reading the newspaper or watching television
    - Psychomotor Changes: Moving or speaking so slowly that other people could have noticed. Or the opposite — being so fidgety or restless that you have been moving around a lot more than usual
    - Suicidal Thoughts: Thoughts that you would be better off dead, or of hurting yourself

Responses:
==================================================

Respondent 119:
- Year of birth: 2004.0
- Gender: 1.0
- Socio-economic status: 1.0
- Ethnic identity: 6.0
- Life satisfaction: 4.0
- Happiness: 8.0
- Laughter: 8.0
- Learning: 8.0
- Enjoyment: 8.0
- Worry: 1.0
- Depression: 1.0
- Anger: 2.0
- Stress: 2.0
- Loneliness: 2.0
- Emotional Regulation Frequency:
  - Upset by Unexpected Events: 2.0
  - Unable to Control Important Things: 2.0
  - Lacked Confidence Handling Problems: 2.0
  - Unable to Cope: 2.0
  - Irritated by Life: 2.0
  - On Top of Things: 2.0
- Anxiety Symptoms Frequency:
  - Feeling Nervous or On Edge: 1.0
  - Trouble Relaxing: 1.0
  - Restlessness: 1.0
  - Irritability: 1.0
  - Fear Something Awful Might Happen: 1.0
- Depressive Symptoms Frequency:
  - Anhedonia: 1.0
  - Sleep Problems: 1.0
  - Fatigue: 1.0
  - Appetite Changes: 0.0
  - Feelings of Worthlessness: 1.0
  - Concentration Difficulties: 0.0
  - Suicidal Thoughts: 0.0

Respondent 116:
- Year of birth: 2004.0
- Gender: 1.0
- Socio-economic status: 5.0
- Ethnic identity: 6.0
- Parental Education:
  - Father: 17.0
  - Mother: 17.0
- Life satisfaction: 8.0
- Happiness: 8.0
- Laughter: 7.0
- Learning: 7.0
- Enjoyment: 9.0
- Worry: 1.0
- Depression: 1.0
- Anger: 2.0
- Stress: 3.0
- Loneliness: 1.0
- Emotional Regulation Frequency:
  - Upset by Unexpected Events: 2.0
  - Unable to Control Important Things: 2.0
  - Lacked Confidence Handling Problems: 3.0
  - Unable to Cope: 2.0
  - Irritated by Life: 3.0
  - On Top of Things: 2.0
- Anxiety Symptoms Frequency:
  - Feeling Nervous or On Edge: 2.0
  - Trouble Relaxing: 1.0
  - Restlessness: 2.0
  - Irritability: 1.0
  - Fear Something Awful Might Happen: 2.0
- Depressive Symptoms Frequency:
  - Anhedonia: 1.0
  - Sleep Problems: 0.0
  - Fatigue: 2.0
  - Appetite Changes: 2.0
  - Feelings of Worthlessness: 1.0
  - Concentration Difficulties: 2.0
  - Suicidal Thoughts: 0.0

Answer: 2

Survey Data
==================================================

Questions:
1. Year of birth: What is your date of birth? [Open-ended]
2. Gender: What is your gender? [MCQ: 1. Male 2. Female]
3. Socio-economic status: What is the socio-economic status of your home? [Likert 1–6: 1 = Very low, 6 = Very high]
4. Ethnic identity: According to your culture, people, or physical features, you are or are recognized as: [MCQ: 1. Indigenous 2. Gypsy 3. Raizal from San Andres, Providencia and Santa Catalina Archipelago 4. Palenquero from San Basilio 5. Black, mulatto (Afro-descendant), Afro-Colombian 6. None of the above]
5. Parental Education: How many years of education did your parents receive? [Open-ended]
   - Father: Father?
   - Mother: Mother?
6. Life satisfaction: In general, how satisfied are you with all aspects of your life? [Likert 0–10: 0 = Not satisfied, 10 = Totally satisfied]
7. Happiness: How happy did you feel yesterday? [Likert 0–10: 0 = At no time, 10 = All the time]
8. Laughter: How much did you laugh yesterday? [Likert 0–10: 0 = At no time, 10 = All the time]
9. Learning: Did you learn new or exciting things yesterday? [Likert 0–10: 0 = At no time, 10 = All the time]
10. Enjoyment: How much did you enjoy the activities you did yesterday? [Likert 0–10: 0 = At no time, 10 = All the time]
11. Worry: How worried did you feel yesterday? [Likert 0–10: 0 = At no time, 10 = All the time]
12. Depression: How depressed did you feel yesterday? [Likert 0–10: 0 = At no time, 10 = All the time]
13. Anger: How angry did you feel yesterday? [Likert 0–10: 0 = At no time, 10 = All the time]
14. Stress: How much stress did you feel yesterday? [Likert 0–10: 0 = At no time, 10 = All the time]
15. Loneliness: How lonely or unsupported did you feel yesterday? [Likert 0–10: 0 = At no time, 10 = All the time]
16. Emotional Regulation Frequency: Next, you will be asked questions about your emotional state. Please answer on a scale of 0 to 4, where 0 is never, 1 is 'almost never', 2 is 'sometimes', 3 is 'fairly often', and 4 is 'very often', how often you experienced the following feelings during the last month: [Likert 0–4]
    - Upset by Unexpected Events: how often have you been upset because of something that happened unexpectedly?
    - Unable to Control Important Things: how often have you felt that you were unable to control the important things in your life?
    - Nervous and Stressed: how often have you felt nervous and stressed?
    - Lacked Confidence Handling Problems: how often have you felt confident about your ability to handle your personal problems?
    - Things Going Your Way: how often have you felt that things were going your way?
    - Unable to Cope: how often have you found that you could not cope with all the things that you had to do?
    - Irritated by Life: how often have you been able to control irritations in your life?
    - On Top of Things: how often have you felt that you were on top of things?
    - Angered by Uncontrollable Events: how often have you been angered because of things that happened that were outside of your control?
    - Felt Overwhelmed: how often have you felt difficulties were piling up so high that you could not overcome them?
17. Anxiety Symptoms Frequency: Next, you will be asked questions about your emotional state. Please answer on a scale of 0 to 3, where 0 is 'Not at all', 1 is 'several days', 2 is 'more than half of the days', and 3 is 'Nearly every day'. Over the last two weeks, how often have you been bothered by the following problems? [Likert 0–3]
    - Feeling Nervous or On Edge: Feeling nervous, anxious, or on edge
    - Uncontrollable Worrying: Not being able to stop or control worrying
    - Excessive Worry: Worrying too much about different things
    - Trouble Relaxing: Trouble relaxing
    - Restlessness: Being so restless that it is hard to sit still
    - Irritability: Becoming easily annoyed or irritable
    - Fear Something Awful Might Happen: Feeling afraid, as if something awful might happen
18. Depressive Symptoms Frequency: Next, you will be asked questions about your emotional state. Please answer on a scale of 0 to 3, where 0 is 'Not at all', 1 is 'several days', 2 is 'more than half of the days', and 3 is 'Nearly every day'. Over the last two weeks, how often have you been bothered by the following problems?
    - Anhedonia: Little interest or pleasure in doing things
    - Depressed Mood: Feeling down, depressed, or hopeless
    - Sleep Problems: Trouble falling or staying asleep, or sleeping too much
    - Fatigue: Feeling tired or having little energy
    - Appetite Changes: Poor appetite or overeating
    - Feelings of Worthlessness: Feeling bad about yourself or that you are a failure or have let yourself or your family down
    - Concentration Difficulties: Trouble concentrating on things, such as reading the newspaper or watching television
    - Psychomotor Changes: Moving or speaking so slowly that other people could have noticed. Or the opposite — being so fidgety or restless that you have been moving around a lot more than usual
    - Suicidal Thoughts: Thoughts that you would be better off dead, or of hurting yourself

Responses:
==================================================

Respondent 16:
- Year of birth: 2001.0
- Gender: 1.0
- Socio-economic status: 5.0
- Ethnic identity: 6.0
- Parental Education:
  - Father: 30.0
  - Mother: 20.0
- Life satisfaction: 6.0
- Happiness: 9.0
- Laughter: 10.0
- Learning: 5.0
- Enjoyment: 10.0
- Worry: 2.0
- Depression: 1.0
- Anger: 4.0
- Stress: 2.0
- Loneliness: 1.0
- Emotional Regulation Frequency:
  - Upset by Unexpected Events: 3.0
  - Unable to Control Important Things: 2.0
  - Lacked Confidence Handling Problems: 2.0
  - Unable to Cope: 1.0
  - Irritated by Life: 3.0
  - On Top of Things: 1.0
- Anxiety Symptoms Frequency:
  - Feeling Nervous or On Edge: 1.0
  - Trouble Relaxing: 1.0
  - Restlessness: 0.0
  - Irritability: 1.0
  - Fear Something Awful Might Happen: 1.0
- Depressive Symptoms Frequency:
  - Anhedonia: 1.0
  - Sleep Problems: 2.0
  - Fatigue: 2.0
  - Appetite Changes: 0.0
  - Feelings of Worthlessness: 0.0
  - Concentration Difficulties: 0.0
  - Suicidal Thoughts: 0.0

Respondent 9:
- Year of birth: 2005.0
- Gender: 1.0
- Socio-economic status: 5.0
- Ethnic identity: 6.0
- Life satisfaction: 8.0
- Happiness: 6.0
- Laughter: 0.0
- Learning: 4.0
- Enjoyment: 5.0
- Worry: 3.0
- Depression: 0.0
- Anger: 0.0
- Stress: 3.0
- Loneliness: 0.0
- Emotional Regulation Frequency:
  - Upset by Unexpected Events: 2.0
  - Unable to Control Important Things: 1.0
  - Lacked Confidence Handling Problems: 4.0
  - Unable to Cope: 1.0
  - Irritated by Life: 2.0
  - On Top of Things: 2.0
- Anxiety Symptoms Frequency:
  - Feeling Nervous or On Edge: 3.0
  - Trouble Relaxing: 3.0
  - Restlessness: 1.0
  - Irritability: 1.0
  - Fear Something Awful Might Happen: 3.0
- Depressive Symptoms Frequency:
  - Anhedonia: 3.0
  - Sleep Problems: 3.0
  - Fatigue: 3.0
  - Appetite Changes: 0.0
  - Feelings of Worthlessness: 0.0
  - Concentration Difficulties: 0.0
  - Suicidal Thoughts: 0.0

Respondent 23:
- Year of birth: 2002.0
- Gender: 1.0
- Socio-economic status: 4.0
- Ethnic identity: 6.0
- Parental Education:
  - Father: 17.0
  - Mother: 17.0
- Life satisfaction: 5.0
- Happiness: 4.0
- Laughter: 4.0
- Learning: 2.0
- Enjoyment: 6.0
- Worry: 3.0
- Depression: 1.0
- Anger: 3.0
- Stress: 4.0
- Loneliness: 6.0
- Emotional Regulation Frequency:
  - Upset by Unexpected Events: 3.0
  - Unable to Control Important Things: 3.0
  - Lacked Confidence Handling Problems: 1.0
  - Unable to Cope: 4.0
  - Irritated by Life: 3.0
  - On Top of Things: 2.0
- Anxiety Symptoms Frequency:
  - Feeling Nervous or On Edge: 2.0
  - Trouble Relaxing: 2.0
  - Restlessness: 1.0
  - Irritability: 1.0
  - Fear Something Awful Might Happen: 3.0
- Depressive Symptoms Frequency:
  - Anhedonia: 1.0
  - Sleep Problems: 1.0
  - Fatigue: 1.0
  - Appetite Changes: 1.0
  - Feelings of Worthlessness: 2.0
  - Concentration Difficulties: 2.0
  - Suicidal Thoughts: 0.0

You are a meticulous data analyst AI. Your primary function is to accurately analyze structured data and provide precise, verifiable answers.

You will be given a dataset with two key parts:

A 'questions' section: This is your data dictionary or schema. It is the single source of truth for understanding what each field and score means. Refer to it carefully.

A 'responses' section: This contains the raw data from each individual respondent.

To answer the question correctly, you must first use the 'questions' schema to fully understand the context and meaning of the data points within the 'responses'. Do not rely on any prior knowledge outside of this provided data. Base your entire analysis on the information given.

Provide your final answer directly and concisely. Output must be the human-readable value, not an option code.

Rules:
- For MCQ fields, map any letter codes in the Responses (case-insensitive) to the corresponding option text from the Questions schema, and output only that text. Do NOT include the letter or both.
  Example: If the schema is ""[MCQ: A. Abnormal B. Inconclusive C. Normal]"" and the response is ""a"", output ""Abnormal"".
- For open-ended fields, output the exact text value.
- If the question asks for a count, provide only the number (e.g., ""42"").
- If the question asks for a list of names or IDs, provide a simple comma-separated list (e.g., ""17, 21, 23"").
- Preserve capitalization exactly as in the schema (e.g., output ""Abnormal"", not ""abnormal"" or ""A"").

How many respondents are there?",5,False
case_41,respondent_count,How many respondents are there?,"Survey Data
==================================================

Questions:
1. Year of birth: What is your date of birth? [Open-ended]
2. Gender: What is your gender? [MCQ: 1. Male 2. Female]
3. Socio-economic status: What is the socio-economic status of your home? [Likert 1–6: 1 = Very low, 6 = Very high]
4. Ethnic identity: According to your culture, people, or physical features, you are or are recognized as: [MCQ: 1. Indigenous 2. Gypsy 3. Raizal from San Andres, Providencia and Santa Catalina Archipelago 4. Palenquero from San Basilio 5. Black, mulatto (Afro-descendant), Afro-Colombian 6. None of the above]
5. Parental Education: How many years of education did your parents receive? [Open-ended]
   - Father: Father?
   - Mother: Mother?
6. Life satisfaction: In general, how satisfied are you with all aspects of your life? [Likert 0–10: 0 = Not satisfied, 10 = Totally satisfied]
7. Happiness: How happy did you feel yesterday? [Likert 0–10: 0 = At no time, 10 = All the time]
8. Laughter: How much did you laugh yesterday? [Likert 0–10: 0 = At no time, 10 = All the time]
9. Learning: Did you learn new or exciting things yesterday? [Likert 0–10: 0 = At no time, 10 = All the time]
10. Enjoyment: How much did you enjoy the activities you did yesterday? [Likert 0–10: 0 = At no time, 10 = All the time]
11. Worry: How worried did you feel yesterday? [Likert 0–10: 0 = At no time, 10 = All the time]
12. Depression: How depressed did you feel yesterday? [Likert 0–10: 0 = At no time, 10 = All the time]
13. Anger: How angry did you feel yesterday? [Likert 0–10: 0 = At no time, 10 = All the time]
14. Stress: How much stress did you feel yesterday? [Likert 0–10: 0 = At no time, 10 = All the time]
15. Loneliness: How lonely or unsupported did you feel yesterday? [Likert 0–10: 0 = At no time, 10 = All the time]
16. Emotional Regulation Frequency: Next, you will be asked questions about your emotional state. Please answer on a scale of 0 to 4, where 0 is never, 1 is 'almost never', 2 is 'sometimes', 3 is 'fairly often', and 4 is 'very often', how often you experienced the following feelings during the last month: [Likert 0–4]
    - Upset by Unexpected Events: how often have you been upset because of something that happened unexpectedly?
    - Unable to Control Important Things: how often have you felt that you were unable to control the important things in your life?
    - Nervous and Stressed: how often have you felt nervous and stressed?
    - Lacked Confidence Handling Problems: how often have you felt confident about your ability to handle your personal problems?
    - Things Going Your Way: how often have you felt that things were going your way?
    - Unable to Cope: how often have you found that you could not cope with all the things that you had to do?
    - Irritated by Life: how often have you been able to control irritations in your life?
    - On Top of Things: how often have you felt that you were on top of things?
    - Angered by Uncontrollable Events: how often have you been angered because of things that happened that were outside of your control?
    - Felt Overwhelmed: how often have you felt difficulties were piling up so high that you could not overcome them?
17. Anxiety Symptoms Frequency: Next, you will be asked questions about your emotional state. Please answer on a scale of 0 to 3, where 0 is 'Not at all', 1 is 'several days', 2 is 'more than half of the days', and 3 is 'Nearly every day'. Over the last two weeks, how often have you been bothered by the following problems? [Likert 0–3]
    - Feeling Nervous or On Edge: Feeling nervous, anxious, or on edge
    - Uncontrollable Worrying: Not being able to stop or control worrying
    - Excessive Worry: Worrying too much about different things
    - Trouble Relaxing: Trouble relaxing
    - Restlessness: Being so restless that it is hard to sit still
    - Irritability: Becoming easily annoyed or irritable
    - Fear Something Awful Might Happen: Feeling afraid, as if something awful might happen
18. Depressive Symptoms Frequency: Next, you will be asked questions about your emotional state. Please answer on a scale of 0 to 3, where 0 is 'Not at all', 1 is 'several days', 2 is 'more than half of the days', and 3 is 'Nearly every day'. Over the last two weeks, how often have you been bothered by the following problems?
    - Anhedonia: Little interest or pleasure in doing things
    - Depressed Mood: Feeling down, depressed, or hopeless
    - Sleep Problems: Trouble falling or staying asleep, or sleeping too much
    - Fatigue: Feeling tired or having little energy
    - Appetite Changes: Poor appetite or overeating
    - Feelings of Worthlessness: Feeling bad about yourself or that you are a failure or have let yourself or your family down
    - Concentration Difficulties: Trouble concentrating on things, such as reading the newspaper or watching television
    - Psychomotor Changes: Moving or speaking so slowly that other people could have noticed. Or the opposite — being so fidgety or restless that you have been moving around a lot more than usual
    - Suicidal Thoughts: Thoughts that you would be better off dead, or of hurting yourself

Responses:
==================================================

Respondent 33:
- Year of birth: 2006.0
- Gender: 1.0
- Socio-economic status: 2.0
- Ethnic identity: 6.0
- Life satisfaction: 6.0
- Happiness: 5.0
- Laughter: 5.0
- Learning: 5.0
- Enjoyment: 7.0
- Worry: 2.0
- Depression: 0.0
- Anger: 2.0
- Stress: 3.0
- Loneliness: 0.0
- Emotional Regulation Frequency:
  - Upset by Unexpected Events: 2.0
  - Unable to Control Important Things: 3.0
  - Lacked Confidence Handling Problems: 2.0
  - Unable to Cope: 3.0
  - Irritated by Life: 2.0
  - On Top of Things: 2.0
- Anxiety Symptoms Frequency:
  - Feeling Nervous or On Edge: 1.0
  - Trouble Relaxing: 2.0
  - Restlessness: 0.0
  - Irritability: 2.0
  - Fear Something Awful Might Happen: 2.0
- Depressive Symptoms Frequency:
  - Anhedonia: 1.0
  - Sleep Problems: 0.0
  - Fatigue: 2.0
  - Appetite Changes: 0.0
  - Feelings of Worthlessness: 1.0
  - Concentration Difficulties: 3.0
  - Suicidal Thoughts: 0.0

Respondent 9:
- Year of birth: 2005.0
- Gender: 1.0
- Socio-economic status: 5.0
- Ethnic identity: 6.0
- Life satisfaction: 8.0
- Happiness: 6.0
- Laughter: 0.0
- Learning: 4.0
- Enjoyment: 5.0
- Worry: 3.0
- Depression: 0.0
- Anger: 0.0
- Stress: 3.0
- Loneliness: 0.0
- Emotional Regulation Frequency:
  - Upset by Unexpected Events: 2.0
  - Unable to Control Important Things: 1.0
  - Lacked Confidence Handling Problems: 4.0
  - Unable to Cope: 1.0
  - Irritated by Life: 2.0
  - On Top of Things: 2.0
- Anxiety Symptoms Frequency:
  - Feeling Nervous or On Edge: 3.0
  - Trouble Relaxing: 3.0
  - Restlessness: 1.0
  - Irritability: 1.0
  - Fear Something Awful Might Happen: 3.0
- Depressive Symptoms Frequency:
  - Anhedonia: 3.0
  - Sleep Problems: 3.0
  - Fatigue: 3.0
  - Appetite Changes: 0.0
  - Feelings of Worthlessness: 0.0
  - Concentration Difficulties: 0.0
  - Suicidal Thoughts: 0.0

Respondent 127:
- Year of birth: 2002.0
- Gender: 1.0
- Socio-economic status: 2.0
- Ethnic identity: 6.0
- Parental Education:
  - Father: 16.0
  - Mother: 11.0
- Life satisfaction: 6.0
- Happiness: 3.0
- Laughter: 6.0
- Learning: 3.0
- Enjoyment: 5.0
- Worry: 3.0
- Depression: 3.0
- Anger: 3.0
- Stress: 3.0
- Loneliness: 8.0
- Emotional Regulation Frequency:
  - Upset by Unexpected Events: 2.0
  - Unable to Control Important Things: 3.0
  - Lacked Confidence Handling Problems: 1.0
  - Unable to Cope: 3.0
  - Irritated by Life: 1.0
  - On Top of Things: 1.0
- Anxiety Symptoms Frequency:
  - Feeling Nervous or On Edge: 3.0
  - Trouble Relaxing: 3.0
  - Restlessness: 3.0
  - Irritability: 3.0
  - Fear Something Awful Might Happen: 3.0
- Depressive Symptoms Frequency:
  - Anhedonia: 3.0
  - Sleep Problems: 3.0
  - Fatigue: 3.0
  - Appetite Changes: 3.0
  - Feelings of Worthlessness: 3.0
  - Concentration Difficulties: 3.0
  - Suicidal Thoughts: 2.0

Respondent 66:
- Year of birth: 2001.0
- Gender: 1.0
- Socio-economic status: 3.0
- Ethnic identity: 6.0
- Life satisfaction: 5.0
- Happiness: 4.0
- Laughter: 2.0
- Learning: 1.0
- Enjoyment: 2.0
- Worry: 1.0
- Depression: 1.0
- Anger: 3.0
- Stress: 3.0
- Loneliness: 4.0
- Emotional Regulation Frequency:
  - Upset by Unexpected Events: 1.0
  - Unable to Control Important Things: 2.0
  - Lacked Confidence Handling Problems: 2.0
  - Unable to Cope: 2.0
  - Irritated by Life: 2.0
  - On Top of Things: 2.0
- Anxiety Symptoms Frequency:
  - Feeling Nervous or On Edge: 0.0
  - Trouble Relaxing: 1.0
  - Restlessness: 1.0
  - Irritability: 1.0
  - Fear Something Awful Might Happen: 1.0
- Depressive Symptoms Frequency:
  - Anhedonia: 2.0
  - Sleep Problems: 1.0
  - Fatigue: 1.0
  - Appetite Changes: 2.0
  - Feelings of Worthlessness: 2.0
  - Concentration Difficulties: 2.0
  - Suicidal Thoughts: 1.0

Respondent 112:
- Year of birth: 2002.0
- Gender: 1.0
- Socio-economic status: 4.0
- Ethnic identity: 6.0
- Parental Education:
  - Father: 13.0
  - Mother: 11.0
- Life satisfaction: 6.0
- Happiness: 8.0
- Laughter: 6.0
- Learning: 8.0
- Enjoyment: 9.0
- Worry: 0.0
- Depression: 1.0
- Anger: 1.0
- Stress: 3.0
- Loneliness: 5.0
- Emotional Regulation Frequency:
  - Upset by Unexpected Events: 2.0
  - Unable to Control Important Things: 4.0
  - Lacked Confidence Handling Problems: 2.0
  - Unable to Cope: 3.0
  - Irritated by Life: 3.0
  - On Top of Things: 1.0
- Anxiety Symptoms Frequency:
  - Feeling Nervous or On Edge: 1.0
  - Trouble Relaxing: 1.0
  - Restlessness: 2.0
  - Irritability: 0.0
  - Fear Something Awful Might Happen: 0.0
- Depressive Symptoms Frequency:
  - Anhedonia: 2.0
  - Sleep Problems: 1.0
  - Fatigue: 2.0
  - Appetite Changes: 0.0
  - Feelings of Worthlessness: 3.0
  - Concentration Difficulties: 2.0
  - Suicidal Thoughts: 0.0

Respondent 54:
- Year of birth: 2005.0
- Gender: 1.0
- Socio-economic status: 5.0
- Ethnic identity: 6.0
- Life satisfaction: 7.0
- Happiness: 9.0
- Laughter: 9.0
- Learning: 9.0
- Enjoyment: 10.0
- Worry: 0.0
- Depression: 0.0
- Anger: 3.0
- Stress: 2.0
- Loneliness: 1.0
- Emotional Regulation Frequency:
  - Upset by Unexpected Events: 1.0
  - Unable to Control Important Things: 0.0
  - Lacked Confidence Handling Problems: 4.0
  - Unable to Cope: 1.0
  - Irritated by Life: 4.0
  - On Top of Things: 4.0
- Anxiety Symptoms Frequency:
  - Feeling Nervous or On Edge: 0.0
  - Trouble Relaxing: 0.0
  - Restlessness: 0.0
  - Irritability: 0.0
  - Fear Something Awful Might Happen: 0.0
- Depressive Symptoms Frequency:
  - Anhedonia: 1.0
  - Sleep Problems: 1.0
  - Fatigue: 1.0
  - Appetite Changes: 0.0
  - Feelings of Worthlessness: 0.0
  - Concentration Difficulties: 1.0
  - Suicidal Thoughts: 0.0

Respondent 51:
- Year of birth: 2002.0
- Gender: 1.0
- Socio-economic status: 3.0
- Ethnic identity: 6.0
- Parental Education:
  - Father: 22.0
  - Mother: 16.0
- Life satisfaction: 7.0
- Happiness: 8.0
- Laughter: 9.0
- Learning: 6.0
- Enjoyment: 9.0
- Worry: 0.0
- Depression: 0.0
- Anger: 3.0
- Stress: 2.0
- Loneliness: 1.0
- Emotional Regulation Frequency:
  - Upset by Unexpected Events: 2.0
  - Unable to Control Important Things: 3.0
  - Lacked Confidence Handling Problems: 3.0
  - Unable to Cope: 2.0
  - Irritated by Life: 3.0
  - On Top of Things: 3.0
- Anxiety Symptoms Frequency:
  - Feeling Nervous or On Edge: 1.0
  - Trouble Relaxing: 0.0
  - Restlessness: 0.0
  - Irritability: 0.0
  - Fear Something Awful Might Happen: 0.0
- Depressive Symptoms Frequency:
  - Anhedonia: 0.0
  - Sleep Problems: 1.0
  - Fatigue: 1.0
  - Appetite Changes: 0.0
  - Feelings of Worthlessness: 0.0
  - Concentration Difficulties: 0.0
  - Suicidal Thoughts: 0.0
",7,"How many respondents are there?

DATA:

Survey Data
==================================================

Questions:
1. Year of birth: What is your date of birth? [Open-ended]
2. Gender: What is your gender? [MCQ: 1. Male 2. Female]
3. Socio-economic status: What is the socio-economic status of your home? [Likert 1–6: 1 = Very low, 6 = Very high]
4. Ethnic identity: According to your culture, people, or physical features, you are or are recognized as: [MCQ: 1. Indigenous 2. Gypsy 3. Raizal from San Andres, Providencia and Santa Catalina Archipelago 4. Palenquero from San Basilio 5. Black, mulatto (Afro-descendant), Afro-Colombian 6. None of the above]
5. Parental Education: How many years of education did your parents receive? [Open-ended]
   - Father: Father?
   - Mother: Mother?
6. Life satisfaction: In general, how satisfied are you with all aspects of your life? [Likert 0–10: 0 = Not satisfied, 10 = Totally satisfied]
7. Happiness: How happy did you feel yesterday? [Likert 0–10: 0 = At no time, 10 = All the time]
8. Laughter: How much did you laugh yesterday? [Likert 0–10: 0 = At no time, 10 = All the time]
9. Learning: Did you learn new or exciting things yesterday? [Likert 0–10: 0 = At no time, 10 = All the time]
10. Enjoyment: How much did you enjoy the activities you did yesterday? [Likert 0–10: 0 = At no time, 10 = All the time]
11. Worry: How worried did you feel yesterday? [Likert 0–10: 0 = At no time, 10 = All the time]
12. Depression: How depressed did you feel yesterday? [Likert 0–10: 0 = At no time, 10 = All the time]
13. Anger: How angry did you feel yesterday? [Likert 0–10: 0 = At no time, 10 = All the time]
14. Stress: How much stress did you feel yesterday? [Likert 0–10: 0 = At no time, 10 = All the time]
15. Loneliness: How lonely or unsupported did you feel yesterday? [Likert 0–10: 0 = At no time, 10 = All the time]
16. Emotional Regulation Frequency: Next, you will be asked questions about your emotional state. Please answer on a scale of 0 to 4, where 0 is never, 1 is 'almost never', 2 is 'sometimes', 3 is 'fairly often', and 4 is 'very often', how often you experienced the following feelings during the last month: [Likert 0–4]
    - Upset by Unexpected Events: how often have you been upset because of something that happened unexpectedly?
    - Unable to Control Important Things: how often have you felt that you were unable to control the important things in your life?
    - Nervous and Stressed: how often have you felt nervous and stressed?
    - Lacked Confidence Handling Problems: how often have you felt confident about your ability to handle your personal problems?
    - Things Going Your Way: how often have you felt that things were going your way?
    - Unable to Cope: how often have you found that you could not cope with all the things that you had to do?
    - Irritated by Life: how often have you been able to control irritations in your life?
    - On Top of Things: how often have you felt that you were on top of things?
    - Angered by Uncontrollable Events: how often have you been angered because of things that happened that were outside of your control?
    - Felt Overwhelmed: how often have you felt difficulties were piling up so high that you could not overcome them?
17. Anxiety Symptoms Frequency: Next, you will be asked questions about your emotional state. Please answer on a scale of 0 to 3, where 0 is 'Not at all', 1 is 'several days', 2 is 'more than half of the days', and 3 is 'Nearly every day'. Over the last two weeks, how often have you been bothered by the following problems? [Likert 0–3]
    - Feeling Nervous or On Edge: Feeling nervous, anxious, or on edge
    - Uncontrollable Worrying: Not being able to stop or control worrying
    - Excessive Worry: Worrying too much about different things
    - Trouble Relaxing: Trouble relaxing
    - Restlessness: Being so restless that it is hard to sit still
    - Irritability: Becoming easily annoyed or irritable
    - Fear Something Awful Might Happen: Feeling afraid, as if something awful might happen
18. Depressive Symptoms Frequency: Next, you will be asked questions about your emotional state. Please answer on a scale of 0 to 3, where 0 is 'Not at all', 1 is 'several days', 2 is 'more than half of the days', and 3 is 'Nearly every day'. Over the last two weeks, how often have you been bothered by the following problems?
    - Anhedonia: Little interest or pleasure in doing things
    - Depressed Mood: Feeling down, depressed, or hopeless
    - Sleep Problems: Trouble falling or staying asleep, or sleeping too much
    - Fatigue: Feeling tired or having little energy
    - Appetite Changes: Poor appetite or overeating
    - Feelings of Worthlessness: Feeling bad about yourself or that you are a failure or have let yourself or your family down
    - Concentration Difficulties: Trouble concentrating on things, such as reading the newspaper or watching television
    - Psychomotor Changes: Moving or speaking so slowly that other people could have noticed. Or the opposite — being so fidgety or restless that you have been moving around a lot more than usual
    - Suicidal Thoughts: Thoughts that you would be better off dead, or of hurting yourself

Responses:
==================================================

Respondent 119:
- Year of birth: 2004.0
- Gender: 1.0
- Socio-economic status: 1.0
- Ethnic identity: 6.0
- Life satisfaction: 4.0
- Happiness: 8.0
- Laughter: 8.0
- Learning: 8.0
- Enjoyment: 8.0
- Worry: 1.0
- Depression: 1.0
- Anger: 2.0
- Stress: 2.0
- Loneliness: 2.0
- Emotional Regulation Frequency:
  - Upset by Unexpected Events: 2.0
  - Unable to Control Important Things: 2.0
  - Lacked Confidence Handling Problems: 2.0
  - Unable to Cope: 2.0
  - Irritated by Life: 2.0
  - On Top of Things: 2.0
- Anxiety Symptoms Frequency:
  - Feeling Nervous or On Edge: 1.0
  - Trouble Relaxing: 1.0
  - Restlessness: 1.0
  - Irritability: 1.0
  - Fear Something Awful Might Happen: 1.0
- Depressive Symptoms Frequency:
  - Anhedonia: 1.0
  - Sleep Problems: 1.0
  - Fatigue: 1.0
  - Appetite Changes: 0.0
  - Feelings of Worthlessness: 1.0
  - Concentration Difficulties: 0.0
  - Suicidal Thoughts: 0.0

Respondent 116:
- Year of birth: 2004.0
- Gender: 1.0
- Socio-economic status: 5.0
- Ethnic identity: 6.0
- Parental Education:
  - Father: 17.0
  - Mother: 17.0
- Life satisfaction: 8.0
- Happiness: 8.0
- Laughter: 7.0
- Learning: 7.0
- Enjoyment: 9.0
- Worry: 1.0
- Depression: 1.0
- Anger: 2.0
- Stress: 3.0
- Loneliness: 1.0
- Emotional Regulation Frequency:
  - Upset by Unexpected Events: 2.0
  - Unable to Control Important Things: 2.0
  - Lacked Confidence Handling Problems: 3.0
  - Unable to Cope: 2.0
  - Irritated by Life: 3.0
  - On Top of Things: 2.0
- Anxiety Symptoms Frequency:
  - Feeling Nervous or On Edge: 2.0
  - Trouble Relaxing: 1.0
  - Restlessness: 2.0
  - Irritability: 1.0
  - Fear Something Awful Might Happen: 2.0
- Depressive Symptoms Frequency:
  - Anhedonia: 1.0
  - Sleep Problems: 0.0
  - Fatigue: 2.0
  - Appetite Changes: 2.0
  - Feelings of Worthlessness: 1.0
  - Concentration Difficulties: 2.0
  - Suicidal Thoughts: 0.0

Answer: 2

Survey Data
==================================================

Questions:
1. Year of birth: What is your date of birth? [Open-ended]
2. Gender: What is your gender? [MCQ: 1. Male 2. Female]
3. Socio-economic status: What is the socio-economic status of your home? [Likert 1–6: 1 = Very low, 6 = Very high]
4. Ethnic identity: According to your culture, people, or physical features, you are or are recognized as: [MCQ: 1. Indigenous 2. Gypsy 3. Raizal from San Andres, Providencia and Santa Catalina Archipelago 4. Palenquero from San Basilio 5. Black, mulatto (Afro-descendant), Afro-Colombian 6. None of the above]
5. Parental Education: How many years of education did your parents receive? [Open-ended]
   - Father: Father?
   - Mother: Mother?
6. Life satisfaction: In general, how satisfied are you with all aspects of your life? [Likert 0–10: 0 = Not satisfied, 10 = Totally satisfied]
7. Happiness: How happy did you feel yesterday? [Likert 0–10: 0 = At no time, 10 = All the time]
8. Laughter: How much did you laugh yesterday? [Likert 0–10: 0 = At no time, 10 = All the time]
9. Learning: Did you learn new or exciting things yesterday? [Likert 0–10: 0 = At no time, 10 = All the time]
10. Enjoyment: How much did you enjoy the activities you did yesterday? [Likert 0–10: 0 = At no time, 10 = All the time]
11. Worry: How worried did you feel yesterday? [Likert 0–10: 0 = At no time, 10 = All the time]
12. Depression: How depressed did you feel yesterday? [Likert 0–10: 0 = At no time, 10 = All the time]
13. Anger: How angry did you feel yesterday? [Likert 0–10: 0 = At no time, 10 = All the time]
14. Stress: How much stress did you feel yesterday? [Likert 0–10: 0 = At no time, 10 = All the time]
15. Loneliness: How lonely or unsupported did you feel yesterday? [Likert 0–10: 0 = At no time, 10 = All the time]
16. Emotional Regulation Frequency: Next, you will be asked questions about your emotional state. Please answer on a scale of 0 to 4, where 0 is never, 1 is 'almost never', 2 is 'sometimes', 3 is 'fairly often', and 4 is 'very often', how often you experienced the following feelings during the last month: [Likert 0–4]
    - Upset by Unexpected Events: how often have you been upset because of something that happened unexpectedly?
    - Unable to Control Important Things: how often have you felt that you were unable to control the important things in your life?
    - Nervous and Stressed: how often have you felt nervous and stressed?
    - Lacked Confidence Handling Problems: how often have you felt confident about your ability to handle your personal problems?
    - Things Going Your Way: how often have you felt that things were going your way?
    - Unable to Cope: how often have you found that you could not cope with all the things that you had to do?
    - Irritated by Life: how often have you been able to control irritations in your life?
    - On Top of Things: how often have you felt that you were on top of things?
    - Angered by Uncontrollable Events: how often have you been angered because of things that happened that were outside of your control?
    - Felt Overwhelmed: how often have you felt difficulties were piling up so high that you could not overcome them?
17. Anxiety Symptoms Frequency: Next, you will be asked questions about your emotional state. Please answer on a scale of 0 to 3, where 0 is 'Not at all', 1 is 'several days', 2 is 'more than half of the days', and 3 is 'Nearly every day'. Over the last two weeks, how often have you been bothered by the following problems? [Likert 0–3]
    - Feeling Nervous or On Edge: Feeling nervous, anxious, or on edge
    - Uncontrollable Worrying: Not being able to stop or control worrying
    - Excessive Worry: Worrying too much about different things
    - Trouble Relaxing: Trouble relaxing
    - Restlessness: Being so restless that it is hard to sit still
    - Irritability: Becoming easily annoyed or irritable
    - Fear Something Awful Might Happen: Feeling afraid, as if something awful might happen
18. Depressive Symptoms Frequency: Next, you will be asked questions about your emotional state. Please answer on a scale of 0 to 3, where 0 is 'Not at all', 1 is 'several days', 2 is 'more than half of the days', and 3 is 'Nearly every day'. Over the last two weeks, how often have you been bothered by the following problems?
    - Anhedonia: Little interest or pleasure in doing things
    - Depressed Mood: Feeling down, depressed, or hopeless
    - Sleep Problems: Trouble falling or staying asleep, or sleeping too much
    - Fatigue: Feeling tired or having little energy
    - Appetite Changes: Poor appetite or overeating
    - Feelings of Worthlessness: Feeling bad about yourself or that you are a failure or have let yourself or your family down
    - Concentration Difficulties: Trouble concentrating on things, such as reading the newspaper or watching television
    - Psychomotor Changes: Moving or speaking so slowly that other people could have noticed. Or the opposite — being so fidgety or restless that you have been moving around a lot more than usual
    - Suicidal Thoughts: Thoughts that you would be better off dead, or of hurting yourself

Responses:
==================================================

Respondent 33:
- Year of birth: 2006.0
- Gender: 1.0
- Socio-economic status: 2.0
- Ethnic identity: 6.0
- Life satisfaction: 6.0
- Happiness: 5.0
- Laughter: 5.0
- Learning: 5.0
- Enjoyment: 7.0
- Worry: 2.0
- Depression: 0.0
- Anger: 2.0
- Stress: 3.0
- Loneliness: 0.0
- Emotional Regulation Frequency:
  - Upset by Unexpected Events: 2.0
  - Unable to Control Important Things: 3.0
  - Lacked Confidence Handling Problems: 2.0
  - Unable to Cope: 3.0
  - Irritated by Life: 2.0
  - On Top of Things: 2.0
- Anxiety Symptoms Frequency:
  - Feeling Nervous or On Edge: 1.0
  - Trouble Relaxing: 2.0
  - Restlessness: 0.0
  - Irritability: 2.0
  - Fear Something Awful Might Happen: 2.0
- Depressive Symptoms Frequency:
  - Anhedonia: 1.0
  - Sleep Problems: 0.0
  - Fatigue: 2.0
  - Appetite Changes: 0.0
  - Feelings of Worthlessness: 1.0
  - Concentration Difficulties: 3.0
  - Suicidal Thoughts: 0.0

Respondent 9:
- Year of birth: 2005.0
- Gender: 1.0
- Socio-economic status: 5.0
- Ethnic identity: 6.0
- Life satisfaction: 8.0
- Happiness: 6.0
- Laughter: 0.0
- Learning: 4.0
- Enjoyment: 5.0
- Worry: 3.0
- Depression: 0.0
- Anger: 0.0
- Stress: 3.0
- Loneliness: 0.0
- Emotional Regulation Frequency:
  - Upset by Unexpected Events: 2.0
  - Unable to Control Important Things: 1.0
  - Lacked Confidence Handling Problems: 4.0
  - Unable to Cope: 1.0
  - Irritated by Life: 2.0
  - On Top of Things: 2.0
- Anxiety Symptoms Frequency:
  - Feeling Nervous or On Edge: 3.0
  - Trouble Relaxing: 3.0
  - Restlessness: 1.0
  - Irritability: 1.0
  - Fear Something Awful Might Happen: 3.0
- Depressive Symptoms Frequency:
  - Anhedonia: 3.0
  - Sleep Problems: 3.0
  - Fatigue: 3.0
  - Appetite Changes: 0.0
  - Feelings of Worthlessness: 0.0
  - Concentration Difficulties: 0.0
  - Suicidal Thoughts: 0.0

Respondent 127:
- Year of birth: 2002.0
- Gender: 1.0
- Socio-economic status: 2.0
- Ethnic identity: 6.0
- Parental Education:
  - Father: 16.0
  - Mother: 11.0
- Life satisfaction: 6.0
- Happiness: 3.0
- Laughter: 6.0
- Learning: 3.0
- Enjoyment: 5.0
- Worry: 3.0
- Depression: 3.0
- Anger: 3.0
- Stress: 3.0
- Loneliness: 8.0
- Emotional Regulation Frequency:
  - Upset by Unexpected Events: 2.0
  - Unable to Control Important Things: 3.0
  - Lacked Confidence Handling Problems: 1.0
  - Unable to Cope: 3.0
  - Irritated by Life: 1.0
  - On Top of Things: 1.0
- Anxiety Symptoms Frequency:
  - Feeling Nervous or On Edge: 3.0
  - Trouble Relaxing: 3.0
  - Restlessness: 3.0
  - Irritability: 3.0
  - Fear Something Awful Might Happen: 3.0
- Depressive Symptoms Frequency:
  - Anhedonia: 3.0
  - Sleep Problems: 3.0
  - Fatigue: 3.0
  - Appetite Changes: 3.0
  - Feelings of Worthlessness: 3.0
  - Concentration Difficulties: 3.0
  - Suicidal Thoughts: 2.0

Respondent 66:
- Year of birth: 2001.0
- Gender: 1.0
- Socio-economic status: 3.0
- Ethnic identity: 6.0
- Life satisfaction: 5.0
- Happiness: 4.0
- Laughter: 2.0
- Learning: 1.0
- Enjoyment: 2.0
- Worry: 1.0
- Depression: 1.0
- Anger: 3.0
- Stress: 3.0
- Loneliness: 4.0
- Emotional Regulation Frequency:
  - Upset by Unexpected Events: 1.0
  - Unable to Control Important Things: 2.0
  - Lacked Confidence Handling Problems: 2.0
  - Unable to Cope: 2.0
  - Irritated by Life: 2.0
  - On Top of Things: 2.0
- Anxiety Symptoms Frequency:
  - Feeling Nervous or On Edge: 0.0
  - Trouble Relaxing: 1.0
  - Restlessness: 1.0
  - Irritability: 1.0
  - Fear Something Awful Might Happen: 1.0
- Depressive Symptoms Frequency:
  - Anhedonia: 2.0
  - Sleep Problems: 1.0
  - Fatigue: 1.0
  - Appetite Changes: 2.0
  - Feelings of Worthlessness: 2.0
  - Concentration Difficulties: 2.0
  - Suicidal Thoughts: 1.0

Respondent 112:
- Year of birth: 2002.0
- Gender: 1.0
- Socio-economic status: 4.0
- Ethnic identity: 6.0
- Parental Education:
  - Father: 13.0
  - Mother: 11.0
- Life satisfaction: 6.0
- Happiness: 8.0
- Laughter: 6.0
- Learning: 8.0
- Enjoyment: 9.0
- Worry: 0.0
- Depression: 1.0
- Anger: 1.0
- Stress: 3.0
- Loneliness: 5.0
- Emotional Regulation Frequency:
  - Upset by Unexpected Events: 2.0
  - Unable to Control Important Things: 4.0
  - Lacked Confidence Handling Problems: 2.0
  - Unable to Cope: 3.0
  - Irritated by Life: 3.0
  - On Top of Things: 1.0
- Anxiety Symptoms Frequency:
  - Feeling Nervous or On Edge: 1.0
  - Trouble Relaxing: 1.0
  - Restlessness: 2.0
  - Irritability: 0.0
  - Fear Something Awful Might Happen: 0.0
- Depressive Symptoms Frequency:
  - Anhedonia: 2.0
  - Sleep Problems: 1.0
  - Fatigue: 2.0
  - Appetite Changes: 0.0
  - Feelings of Worthlessness: 3.0
  - Concentration Difficulties: 2.0
  - Suicidal Thoughts: 0.0

Respondent 54:
- Year of birth: 2005.0
- Gender: 1.0
- Socio-economic status: 5.0
- Ethnic identity: 6.0
- Life satisfaction: 7.0
- Happiness: 9.0
- Laughter: 9.0
- Learning: 9.0
- Enjoyment: 10.0
- Worry: 0.0
- Depression: 0.0
- Anger: 3.0
- Stress: 2.0
- Loneliness: 1.0
- Emotional Regulation Frequency:
  - Upset by Unexpected Events: 1.0
  - Unable to Control Important Things: 0.0
  - Lacked Confidence Handling Problems: 4.0
  - Unable to Cope: 1.0
  - Irritated by Life: 4.0
  - On Top of Things: 4.0
- Anxiety Symptoms Frequency:
  - Feeling Nervous or On Edge: 0.0
  - Trouble Relaxing: 0.0
  - Restlessness: 0.0
  - Irritability: 0.0
  - Fear Something Awful Might Happen: 0.0
- Depressive Symptoms Frequency:
  - Anhedonia: 1.0
  - Sleep Problems: 1.0
  - Fatigue: 1.0
  - Appetite Changes: 0.0
  - Feelings of Worthlessness: 0.0
  - Concentration Difficulties: 1.0
  - Suicidal Thoughts: 0.0

Respondent 51:
- Year of birth: 2002.0
- Gender: 1.0
- Socio-economic status: 3.0
- Ethnic identity: 6.0
- Parental Education:
  - Father: 22.0
  - Mother: 16.0
- Life satisfaction: 7.0
- Happiness: 8.0
- Laughter: 9.0
- Learning: 6.0
- Enjoyment: 9.0
- Worry: 0.0
- Depression: 0.0
- Anger: 3.0
- Stress: 2.0
- Loneliness: 1.0
- Emotional Regulation Frequency:
  - Upset by Unexpected Events: 2.0
  - Unable to Control Important Things: 3.0
  - Lacked Confidence Handling Problems: 3.0
  - Unable to Cope: 2.0
  - Irritated by Life: 3.0
  - On Top of Things: 3.0
- Anxiety Symptoms Frequency:
  - Feeling Nervous or On Edge: 1.0
  - Trouble Relaxing: 0.0
  - Restlessness: 0.0
  - Irritability: 0.0
  - Fear Something Awful Might Happen: 0.0
- Depressive Symptoms Frequency:
  - Anhedonia: 0.0
  - Sleep Problems: 1.0
  - Fatigue: 1.0
  - Appetite Changes: 0.0
  - Feelings of Worthlessness: 0.0
  - Concentration Difficulties: 0.0
  - Suicidal Thoughts: 0.0

You are a meticulous data analyst AI. Your primary function is to accurately analyze structured data and provide precise, verifiable answers.

You will be given a dataset with two key parts:

A 'questions' section: This is your data dictionary or schema. It is the single source of truth for understanding what each field and score means. Refer to it carefully.

A 'responses' section: This contains the raw data from each individual respondent.

To answer the question correctly, you must first use the 'questions' schema to fully understand the context and meaning of the data points within the 'responses'. Do not rely on any prior knowledge outside of this provided data. Base your entire analysis on the information given.

Provide your final answer directly and concisely. Output must be the human-readable value, not an option code.

Rules:
- For MCQ fields, map any letter codes in the Responses (case-insensitive) to the corresponding option text from the Questions schema, and output only that text. Do NOT include the letter or both.
  Example: If the schema is ""[MCQ: A. Abnormal B. Inconclusive C. Normal]"" and the response is ""a"", output ""Abnormal"".
- For open-ended fields, output the exact text value.
- If the question asks for a count, provide only the number (e.g., ""42"").
- If the question asks for a list of names or IDs, provide a simple comma-separated list (e.g., ""17, 21, 23"").
- Preserve capitalization exactly as in the schema (e.g., output ""Abnormal"", not ""abnormal"" or ""A"").

How many respondents are there?",9,False
case_42,respondent_count,How many respondents are there?,"Survey Data
==================================================

Questions:
1. Year of birth: What is your date of birth? [Open-ended]
2. Gender: What is your gender? [MCQ: 1. Male 2. Female]
3. Socio-economic status: What is the socio-economic status of your home? [Likert 1–6: 1 = Very low, 6 = Very high]
4. Ethnic identity: According to your culture, people, or physical features, you are or are recognized as: [MCQ: 1. Indigenous 2. Gypsy 3. Raizal from San Andres, Providencia and Santa Catalina Archipelago 4. Palenquero from San Basilio 5. Black, mulatto (Afro-descendant), Afro-Colombian 6. None of the above]
5. Parental Education: How many years of education did your parents receive? [Open-ended]
   - Father: Father?
   - Mother: Mother?
6. Life satisfaction: In general, how satisfied are you with all aspects of your life? [Likert 0–10: 0 = Not satisfied, 10 = Totally satisfied]
7. Happiness: How happy did you feel yesterday? [Likert 0–10: 0 = At no time, 10 = All the time]
8. Laughter: How much did you laugh yesterday? [Likert 0–10: 0 = At no time, 10 = All the time]
9. Learning: Did you learn new or exciting things yesterday? [Likert 0–10: 0 = At no time, 10 = All the time]
10. Enjoyment: How much did you enjoy the activities you did yesterday? [Likert 0–10: 0 = At no time, 10 = All the time]
11. Worry: How worried did you feel yesterday? [Likert 0–10: 0 = At no time, 10 = All the time]
12. Depression: How depressed did you feel yesterday? [Likert 0–10: 0 = At no time, 10 = All the time]
13. Anger: How angry did you feel yesterday? [Likert 0–10: 0 = At no time, 10 = All the time]
14. Stress: How much stress did you feel yesterday? [Likert 0–10: 0 = At no time, 10 = All the time]
15. Loneliness: How lonely or unsupported did you feel yesterday? [Likert 0–10: 0 = At no time, 10 = All the time]
16. Emotional Regulation Frequency: Next, you will be asked questions about your emotional state. Please answer on a scale of 0 to 4, where 0 is never, 1 is 'almost never', 2 is 'sometimes', 3 is 'fairly often', and 4 is 'very often', how often you experienced the following feelings during the last month: [Likert 0–4]
    - Upset by Unexpected Events: how often have you been upset because of something that happened unexpectedly?
    - Unable to Control Important Things: how often have you felt that you were unable to control the important things in your life?
    - Nervous and Stressed: how often have you felt nervous and stressed?
    - Lacked Confidence Handling Problems: how often have you felt confident about your ability to handle your personal problems?
    - Things Going Your Way: how often have you felt that things were going your way?
    - Unable to Cope: how often have you found that you could not cope with all the things that you had to do?
    - Irritated by Life: how often have you been able to control irritations in your life?
    - On Top of Things: how often have you felt that you were on top of things?
    - Angered by Uncontrollable Events: how often have you been angered because of things that happened that were outside of your control?
    - Felt Overwhelmed: how often have you felt difficulties were piling up so high that you could not overcome them?
17. Anxiety Symptoms Frequency: Next, you will be asked questions about your emotional state. Please answer on a scale of 0 to 3, where 0 is 'Not at all', 1 is 'several days', 2 is 'more than half of the days', and 3 is 'Nearly every day'. Over the last two weeks, how often have you been bothered by the following problems? [Likert 0–3]
    - Feeling Nervous or On Edge: Feeling nervous, anxious, or on edge
    - Uncontrollable Worrying: Not being able to stop or control worrying
    - Excessive Worry: Worrying too much about different things
    - Trouble Relaxing: Trouble relaxing
    - Restlessness: Being so restless that it is hard to sit still
    - Irritability: Becoming easily annoyed or irritable
    - Fear Something Awful Might Happen: Feeling afraid, as if something awful might happen
18. Depressive Symptoms Frequency: Next, you will be asked questions about your emotional state. Please answer on a scale of 0 to 3, where 0 is 'Not at all', 1 is 'several days', 2 is 'more than half of the days', and 3 is 'Nearly every day'. Over the last two weeks, how often have you been bothered by the following problems?
    - Anhedonia: Little interest or pleasure in doing things
    - Depressed Mood: Feeling down, depressed, or hopeless
    - Sleep Problems: Trouble falling or staying asleep, or sleeping too much
    - Fatigue: Feeling tired or having little energy
    - Appetite Changes: Poor appetite or overeating
    - Feelings of Worthlessness: Feeling bad about yourself or that you are a failure or have let yourself or your family down
    - Concentration Difficulties: Trouble concentrating on things, such as reading the newspaper or watching television
    - Psychomotor Changes: Moving or speaking so slowly that other people could have noticed. Or the opposite — being so fidgety or restless that you have been moving around a lot more than usual
    - Suicidal Thoughts: Thoughts that you would be better off dead, or of hurting yourself

Responses:
==================================================

Respondent 2:
- Year of birth: 1999.0
- Gender: 1.0
- Socio-economic status: 2.0
- Ethnic identity: 1.0
- Life satisfaction: 8.0
- Happiness: 4.0
- Laughter: 8.0
- Learning: 3.0
- Enjoyment: 5.0
- Worry: 1.0
- Depression: 2.0
- Anger: 3.0
- Stress: 3.0
- Loneliness: 7.0
- Emotional Regulation Frequency:
  - Upset by Unexpected Events: 1.0
  - Unable to Control Important Things: 2.0
  - Lacked Confidence Handling Problems: 2.0
  - Unable to Cope: 2.0
  - Irritated by Life: 3.0
  - On Top of Things: 2.0
- Anxiety Symptoms Frequency:
  - Feeling Nervous or On Edge: 0.0
  - Trouble Relaxing: 1.0
  - Restlessness: 0.0
  - Irritability: 1.0
  - Fear Something Awful Might Happen: 1.0
- Depressive Symptoms Frequency:
  - Anhedonia: 2.0
  - Sleep Problems: 0.0
  - Fatigue: 3.0
  - Appetite Changes: 2.0
  - Feelings of Worthlessness: 1.0
  - Concentration Difficulties: 1.0
  - Suicidal Thoughts: 0.0

Respondent 122:
- Year of birth: 2002.0
- Gender: 1.0
- Socio-economic status: 3.0
- Ethnic identity: 6.0
- Parental Education:
  - Father: 23.0
  - Mother: 22.0
- Life satisfaction: 8.0
- Happiness: 10.0
- Laughter: 10.0
- Learning: 8.0
- Enjoyment: 9.0
- Worry: 0.0
- Depression: 0.0
- Anger: 2.0
- Stress: 2.0
- Loneliness: 0.0
- Emotional Regulation Frequency:
  - Upset by Unexpected Events: 2.0
  - Unable to Control Important Things: 1.0
  - Lacked Confidence Handling Problems: 4.0
  - Unable to Cope: 2.0
  - Irritated by Life: 4.0
  - On Top of Things: 3.0
- Anxiety Symptoms Frequency:
  - Feeling Nervous or On Edge: 0.0
  - Trouble Relaxing: 0.0
  - Restlessness: 0.0
  - Irritability: 1.0
  - Fear Something Awful Might Happen: 0.0
- Depressive Symptoms Frequency:
  - Anhedonia: 0.0
  - Sleep Problems: 0.0
  - Fatigue: 1.0
  - Appetite Changes: 0.0
  - Feelings of Worthlessness: 0.0
  - Concentration Difficulties: 1.0
  - Suicidal Thoughts: 0.0

Respondent 33:
- Year of birth: 2006.0
- Gender: 1.0
- Socio-economic status: 2.0
- Ethnic identity: 6.0
- Life satisfaction: 6.0
- Happiness: 5.0
- Laughter: 5.0
- Learning: 5.0
- Enjoyment: 7.0
- Worry: 2.0
- Depression: 0.0
- Anger: 2.0
- Stress: 3.0
- Loneliness: 0.0
- Emotional Regulation Frequency:
  - Upset by Unexpected Events: 2.0
  - Unable to Control Important Things: 3.0
  - Lacked Confidence Handling Problems: 2.0
  - Unable to Cope: 3.0
  - Irritated by Life: 2.0
  - On Top of Things: 2.0
- Anxiety Symptoms Frequency:
  - Feeling Nervous or On Edge: 1.0
  - Trouble Relaxing: 2.0
  - Restlessness: 0.0
  - Irritability: 2.0
  - Fear Something Awful Might Happen: 2.0
- Depressive Symptoms Frequency:
  - Anhedonia: 1.0
  - Sleep Problems: 0.0
  - Fatigue: 2.0
  - Appetite Changes: 0.0
  - Feelings of Worthlessness: 1.0
  - Concentration Difficulties: 3.0
  - Suicidal Thoughts: 0.0

Respondent 143:
- Year of birth: 2003.0
- Gender: 2.0
- Socio-economic status: 3.0
- Ethnic identity: 5.0
- Parental Education:
  - Father: 18.0
  - Mother: 20.0
- Life satisfaction: 4.0
- Happiness: 6.0
- Laughter: 6.0
- Learning: 6.0
- Enjoyment: 6.0
- Worry: 2.0
- Depression: 0.0
- Anger: 3.0
- Stress: 3.0
- Loneliness: 2.0
- Emotional Regulation Frequency:
  - Upset by Unexpected Events: 3.0
  - Unable to Control Important Things: 3.0
  - Lacked Confidence Handling Problems: 2.0
  - Unable to Cope: 3.0
  - Irritated by Life: 3.0
  - On Top of Things: 2.0
- Anxiety Symptoms Frequency:
  - Feeling Nervous or On Edge: 2.0
  - Trouble Relaxing: 2.0
  - Restlessness: 2.0
  - Irritability: 2.0
  - Fear Something Awful Might Happen: 1.0
- Depressive Symptoms Frequency:
  - Anhedonia: 2.0
  - Sleep Problems: 3.0
  - Fatigue: 2.0
  - Appetite Changes: 0.0
  - Feelings of Worthlessness: 2.0
  - Concentration Difficulties: 0.0
  - Suicidal Thoughts: 0.0

Respondent 66:
- Year of birth: 2001.0
- Gender: 1.0
- Socio-economic status: 3.0
- Ethnic identity: 6.0
- Life satisfaction: 5.0
- Happiness: 4.0
- Laughter: 2.0
- Learning: 1.0
- Enjoyment: 2.0
- Worry: 1.0
- Depression: 1.0
- Anger: 3.0
- Stress: 3.0
- Loneliness: 4.0
- Emotional Regulation Frequency:
  - Upset by Unexpected Events: 1.0
  - Unable to Control Important Things: 2.0
  - Lacked Confidence Handling Problems: 2.0
  - Unable to Cope: 2.0
  - Irritated by Life: 2.0
  - On Top of Things: 2.0
- Anxiety Symptoms Frequency:
  - Feeling Nervous or On Edge: 0.0
  - Trouble Relaxing: 1.0
  - Restlessness: 1.0
  - Irritability: 1.0
  - Fear Something Awful Might Happen: 1.0
- Depressive Symptoms Frequency:
  - Anhedonia: 2.0
  - Sleep Problems: 1.0
  - Fatigue: 1.0
  - Appetite Changes: 2.0
  - Feelings of Worthlessness: 2.0
  - Concentration Difficulties: 2.0
  - Suicidal Thoughts: 1.0

Respondent 16:
- Year of birth: 2001.0
- Gender: 1.0
- Socio-economic status: 5.0
- Ethnic identity: 6.0
- Parental Education:
  - Father: 30.0
  - Mother: 20.0
- Life satisfaction: 6.0
- Happiness: 9.0
- Laughter: 10.0
- Learning: 5.0
- Enjoyment: 10.0
- Worry: 2.0
- Depression: 1.0
- Anger: 4.0
- Stress: 2.0
- Loneliness: 1.0
- Emotional Regulation Frequency:
  - Upset by Unexpected Events: 3.0
  - Unable to Control Important Things: 2.0
  - Lacked Confidence Handling Problems: 2.0
  - Unable to Cope: 1.0
  - Irritated by Life: 3.0
  - On Top of Things: 1.0
- Anxiety Symptoms Frequency:
  - Feeling Nervous or On Edge: 1.0
  - Trouble Relaxing: 1.0
  - Restlessness: 0.0
  - Irritability: 1.0
  - Fear Something Awful Might Happen: 1.0
- Depressive Symptoms Frequency:
  - Anhedonia: 1.0
  - Sleep Problems: 2.0
  - Fatigue: 2.0
  - Appetite Changes: 0.0
  - Feelings of Worthlessness: 0.0
  - Concentration Difficulties: 0.0
  - Suicidal Thoughts: 0.0

Respondent 133:
- Year of birth: 2002.0
- Gender: 2.0
- Socio-economic status: 5.0
- Ethnic identity: 6.0
- Parental Education:
  - Father: 15.0
  - Mother: 15.0
- Life satisfaction: 6.0
- Happiness: 9.0
- Laughter: 3.0
- Learning: 7.0
- Enjoyment: 4.0
- Worry: 1.0
- Depression: 3.0
- Anger: 1.0
- Stress: 3.0
- Loneliness: 5.0
- Emotional Regulation Frequency:
  - Upset by Unexpected Events: 2.0
  - Unable to Control Important Things: 3.0
  - Lacked Confidence Handling Problems: 3.0
  - Unable to Cope: 3.0
  - Irritated by Life: 3.0
  - On Top of Things: 2.0
- Anxiety Symptoms Frequency:
  - Feeling Nervous or On Edge: 2.0
  - Trouble Relaxing: 0.0
  - Restlessness: 0.0
  - Irritability: 0.0
  - Fear Something Awful Might Happen: 0.0
- Depressive Symptoms Frequency:
  - Anhedonia: 3.0
  - Sleep Problems: 3.0
  - Fatigue: 2.0
  - Appetite Changes: 0.0
  - Feelings of Worthlessness: 0.0
  - Concentration Difficulties: 0.0
  - Suicidal Thoughts: 0.0

Respondent 109:
- Year of birth: 2003.0
- Gender: 2.0
- Socio-economic status: 6.0
- Ethnic identity: 6.0
- Parental Education:
  - Father: 13.0
  - Mother: 6.0
- Life satisfaction: 5.0
- Happiness: 5.0
- Laughter: 3.0
- Learning: 5.0
- Enjoyment: 4.0
- Worry: 3.0
- Depression: 1.0
- Anger: 4.0
- Stress: 3.0
- Loneliness: 5.0
- Emotional Regulation Frequency:
  - Upset by Unexpected Events: 4.0
  - Unable to Control Important Things: 4.0
  - Lacked Confidence Handling Problems: 2.0
  - Unable to Cope: 3.0
  - Irritated by Life: 2.0
  - On Top of Things: 2.0
- Anxiety Symptoms Frequency:
  - Feeling Nervous or On Edge: 3.0
  - Trouble Relaxing: 1.0
  - Restlessness: 0.0
  - Irritability: 2.0
  - Fear Something Awful Might Happen: 3.0
- Depressive Symptoms Frequency:
  - Anhedonia: 1.0
  - Sleep Problems: 0.0
  - Fatigue: 0.0
  - Appetite Changes: 0.0
  - Feelings of Worthlessness: 3.0
  - Concentration Difficulties: 0.0
  - Suicidal Thoughts: 0.0

Respondent 110:
- Year of birth: 2004.0
- Gender: 2.0
- Socio-economic status: 1.0
- Ethnic identity: 6.0
- Parental Education:
  - Father: 9.0
  - Mother: 9.0
- Life satisfaction: 6.0
- Happiness: 8.0
- Laughter: 8.0
- Learning: 8.0
- Enjoyment: 6.0
- Worry: 2.0
- Depression: 2.0
- Anger: 3.0
- Stress: 4.0
- Loneliness: 10.0
- Emotional Regulation Frequency:
  - Upset by Unexpected Events: 4.0
  - Unable to Control Important Things: 4.0
  - Lacked Confidence Handling Problems: 2.0
  - Unable to Cope: 4.0
  - Irritated by Life: 2.0
  - On Top of Things: 2.0
- Anxiety Symptoms Frequency:
  - Feeling Nervous or On Edge: 2.0
  - Trouble Relaxing: 2.0
  - Restlessness: 2.0
  - Irritability: 3.0
  - Fear Something Awful Might Happen: 1.0
- Depressive Symptoms Frequency:
  - Anhedonia: 1.0
  - Sleep Problems: 2.0
  - Fatigue: 2.0
  - Appetite Changes: 2.0
  - Feelings of Worthlessness: 2.0
  - Concentration Difficulties: 2.0
  - Suicidal Thoughts: 0.0

Respondent 102:
- Year of birth: 2004.0
- Gender: 2.0
- Socio-economic status: 4.0
- Ethnic identity: 6.0
- Life satisfaction: 8.0
- Happiness: 6.0
- Laughter: 2.0
- Learning: 9.0
- Enjoyment: 2.0
- Worry: 2.0
- Depression: 1.0
- Anger: 4.0
- Stress: 4.0
- Loneliness: 9.0
- Emotional Regulation Frequency:
  - Upset by Unexpected Events: 3.0
  - Unable to Control Important Things: 3.0
  - Lacked Confidence Handling Problems: 2.0
  - Unable to Cope: 3.0
  - Irritated by Life: 3.0
  - On Top of Things: 2.0
- Anxiety Symptoms Frequency:
  - Feeling Nervous or On Edge: 3.0
  - Trouble Relaxing: 2.0
  - Restlessness: 0.0
  - Irritability: 1.0
  - Fear Something Awful Might Happen: 2.0
- Depressive Symptoms Frequency:
  - Anhedonia: 0.0
  - Sleep Problems: 1.0
  - Fatigue: 0.0
  - Appetite Changes: 1.0
  - Feelings of Worthlessness: 2.0
  - Concentration Difficulties: 1.0
  - Suicidal Thoughts: 1.0
",10,"How many respondents are there?

DATA:

Survey Data
==================================================

Questions:
1. Year of birth: What is your date of birth? [Open-ended]
2. Gender: What is your gender? [MCQ: 1. Male 2. Female]
3. Socio-economic status: What is the socio-economic status of your home? [Likert 1–6: 1 = Very low, 6 = Very high]
4. Ethnic identity: According to your culture, people, or physical features, you are or are recognized as: [MCQ: 1. Indigenous 2. Gypsy 3. Raizal from San Andres, Providencia and Santa Catalina Archipelago 4. Palenquero from San Basilio 5. Black, mulatto (Afro-descendant), Afro-Colombian 6. None of the above]
5. Parental Education: How many years of education did your parents receive? [Open-ended]
   - Father: Father?
   - Mother: Mother?
6. Life satisfaction: In general, how satisfied are you with all aspects of your life? [Likert 0–10: 0 = Not satisfied, 10 = Totally satisfied]
7. Happiness: How happy did you feel yesterday? [Likert 0–10: 0 = At no time, 10 = All the time]
8. Laughter: How much did you laugh yesterday? [Likert 0–10: 0 = At no time, 10 = All the time]
9. Learning: Did you learn new or exciting things yesterday? [Likert 0–10: 0 = At no time, 10 = All the time]
10. Enjoyment: How much did you enjoy the activities you did yesterday? [Likert 0–10: 0 = At no time, 10 = All the time]
11. Worry: How worried did you feel yesterday? [Likert 0–10: 0 = At no time, 10 = All the time]
12. Depression: How depressed did you feel yesterday? [Likert 0–10: 0 = At no time, 10 = All the time]
13. Anger: How angry did you feel yesterday? [Likert 0–10: 0 = At no time, 10 = All the time]
14. Stress: How much stress did you feel yesterday? [Likert 0–10: 0 = At no time, 10 = All the time]
15. Loneliness: How lonely or unsupported did you feel yesterday? [Likert 0–10: 0 = At no time, 10 = All the time]
16. Emotional Regulation Frequency: Next, you will be asked questions about your emotional state. Please answer on a scale of 0 to 4, where 0 is never, 1 is 'almost never', 2 is 'sometimes', 3 is 'fairly often', and 4 is 'very often', how often you experienced the following feelings during the last month: [Likert 0–4]
    - Upset by Unexpected Events: how often have you been upset because of something that happened unexpectedly?
    - Unable to Control Important Things: how often have you felt that you were unable to control the important things in your life?
    - Nervous and Stressed: how often have you felt nervous and stressed?
    - Lacked Confidence Handling Problems: how often have you felt confident about your ability to handle your personal problems?
    - Things Going Your Way: how often have you felt that things were going your way?
    - Unable to Cope: how often have you found that you could not cope with all the things that you had to do?
    - Irritated by Life: how often have you been able to control irritations in your life?
    - On Top of Things: how often have you felt that you were on top of things?
    - Angered by Uncontrollable Events: how often have you been angered because of things that happened that were outside of your control?
    - Felt Overwhelmed: how often have you felt difficulties were piling up so high that you could not overcome them?
17. Anxiety Symptoms Frequency: Next, you will be asked questions about your emotional state. Please answer on a scale of 0 to 3, where 0 is 'Not at all', 1 is 'several days', 2 is 'more than half of the days', and 3 is 'Nearly every day'. Over the last two weeks, how often have you been bothered by the following problems? [Likert 0–3]
    - Feeling Nervous or On Edge: Feeling nervous, anxious, or on edge
    - Uncontrollable Worrying: Not being able to stop or control worrying
    - Excessive Worry: Worrying too much about different things
    - Trouble Relaxing: Trouble relaxing
    - Restlessness: Being so restless that it is hard to sit still
    - Irritability: Becoming easily annoyed or irritable
    - Fear Something Awful Might Happen: Feeling afraid, as if something awful might happen
18. Depressive Symptoms Frequency: Next, you will be asked questions about your emotional state. Please answer on a scale of 0 to 3, where 0 is 'Not at all', 1 is 'several days', 2 is 'more than half of the days', and 3 is 'Nearly every day'. Over the last two weeks, how often have you been bothered by the following problems?
    - Anhedonia: Little interest or pleasure in doing things
    - Depressed Mood: Feeling down, depressed, or hopeless
    - Sleep Problems: Trouble falling or staying asleep, or sleeping too much
    - Fatigue: Feeling tired or having little energy
    - Appetite Changes: Poor appetite or overeating
    - Feelings of Worthlessness: Feeling bad about yourself or that you are a failure or have let yourself or your family down
    - Concentration Difficulties: Trouble concentrating on things, such as reading the newspaper or watching television
    - Psychomotor Changes: Moving or speaking so slowly that other people could have noticed. Or the opposite — being so fidgety or restless that you have been moving around a lot more than usual
    - Suicidal Thoughts: Thoughts that you would be better off dead, or of hurting yourself

Responses:
==================================================

Respondent 119:
- Year of birth: 2004.0
- Gender: 1.0
- Socio-economic status: 1.0
- Ethnic identity: 6.0
- Life satisfaction: 4.0
- Happiness: 8.0
- Laughter: 8.0
- Learning: 8.0
- Enjoyment: 8.0
- Worry: 1.0
- Depression: 1.0
- Anger: 2.0
- Stress: 2.0
- Loneliness: 2.0
- Emotional Regulation Frequency:
  - Upset by Unexpected Events: 2.0
  - Unable to Control Important Things: 2.0
  - Lacked Confidence Handling Problems: 2.0
  - Unable to Cope: 2.0
  - Irritated by Life: 2.0
  - On Top of Things: 2.0
- Anxiety Symptoms Frequency:
  - Feeling Nervous or On Edge: 1.0
  - Trouble Relaxing: 1.0
  - Restlessness: 1.0
  - Irritability: 1.0
  - Fear Something Awful Might Happen: 1.0
- Depressive Symptoms Frequency:
  - Anhedonia: 1.0
  - Sleep Problems: 1.0
  - Fatigue: 1.0
  - Appetite Changes: 0.0
  - Feelings of Worthlessness: 1.0
  - Concentration Difficulties: 0.0
  - Suicidal Thoughts: 0.0

Respondent 116:
- Year of birth: 2004.0
- Gender: 1.0
- Socio-economic status: 5.0
- Ethnic identity: 6.0
- Parental Education:
  - Father: 17.0
  - Mother: 17.0
- Life satisfaction: 8.0
- Happiness: 8.0
- Laughter: 7.0
- Learning: 7.0
- Enjoyment: 9.0
- Worry: 1.0
- Depression: 1.0
- Anger: 2.0
- Stress: 3.0
- Loneliness: 1.0
- Emotional Regulation Frequency:
  - Upset by Unexpected Events: 2.0
  - Unable to Control Important Things: 2.0
  - Lacked Confidence Handling Problems: 3.0
  - Unable to Cope: 2.0
  - Irritated by Life: 3.0
  - On Top of Things: 2.0
- Anxiety Symptoms Frequency:
  - Feeling Nervous or On Edge: 2.0
  - Trouble Relaxing: 1.0
  - Restlessness: 2.0
  - Irritability: 1.0
  - Fear Something Awful Might Happen: 2.0
- Depressive Symptoms Frequency:
  - Anhedonia: 1.0
  - Sleep Problems: 0.0
  - Fatigue: 2.0
  - Appetite Changes: 2.0
  - Feelings of Worthlessness: 1.0
  - Concentration Difficulties: 2.0
  - Suicidal Thoughts: 0.0

Answer: 2

Survey Data
==================================================

Questions:
1. Year of birth: What is your date of birth? [Open-ended]
2. Gender: What is your gender? [MCQ: 1. Male 2. Female]
3. Socio-economic status: What is the socio-economic status of your home? [Likert 1–6: 1 = Very low, 6 = Very high]
4. Ethnic identity: According to your culture, people, or physical features, you are or are recognized as: [MCQ: 1. Indigenous 2. Gypsy 3. Raizal from San Andres, Providencia and Santa Catalina Archipelago 4. Palenquero from San Basilio 5. Black, mulatto (Afro-descendant), Afro-Colombian 6. None of the above]
5. Parental Education: How many years of education did your parents receive? [Open-ended]
   - Father: Father?
   - Mother: Mother?
6. Life satisfaction: In general, how satisfied are you with all aspects of your life? [Likert 0–10: 0 = Not satisfied, 10 = Totally satisfied]
7. Happiness: How happy did you feel yesterday? [Likert 0–10: 0 = At no time, 10 = All the time]
8. Laughter: How much did you laugh yesterday? [Likert 0–10: 0 = At no time, 10 = All the time]
9. Learning: Did you learn new or exciting things yesterday? [Likert 0–10: 0 = At no time, 10 = All the time]
10. Enjoyment: How much did you enjoy the activities you did yesterday? [Likert 0–10: 0 = At no time, 10 = All the time]
11. Worry: How worried did you feel yesterday? [Likert 0–10: 0 = At no time, 10 = All the time]
12. Depression: How depressed did you feel yesterday? [Likert 0–10: 0 = At no time, 10 = All the time]
13. Anger: How angry did you feel yesterday? [Likert 0–10: 0 = At no time, 10 = All the time]
14. Stress: How much stress did you feel yesterday? [Likert 0–10: 0 = At no time, 10 = All the time]
15. Loneliness: How lonely or unsupported did you feel yesterday? [Likert 0–10: 0 = At no time, 10 = All the time]
16. Emotional Regulation Frequency: Next, you will be asked questions about your emotional state. Please answer on a scale of 0 to 4, where 0 is never, 1 is 'almost never', 2 is 'sometimes', 3 is 'fairly often', and 4 is 'very often', how often you experienced the following feelings during the last month: [Likert 0–4]
    - Upset by Unexpected Events: how often have you been upset because of something that happened unexpectedly?
    - Unable to Control Important Things: how often have you felt that you were unable to control the important things in your life?
    - Nervous and Stressed: how often have you felt nervous and stressed?
    - Lacked Confidence Handling Problems: how often have you felt confident about your ability to handle your personal problems?
    - Things Going Your Way: how often have you felt that things were going your way?
    - Unable to Cope: how often have you found that you could not cope with all the things that you had to do?
    - Irritated by Life: how often have you been able to control irritations in your life?
    - On Top of Things: how often have you felt that you were on top of things?
    - Angered by Uncontrollable Events: how often have you been angered because of things that happened that were outside of your control?
    - Felt Overwhelmed: how often have you felt difficulties were piling up so high that you could not overcome them?
17. Anxiety Symptoms Frequency: Next, you will be asked questions about your emotional state. Please answer on a scale of 0 to 3, where 0 is 'Not at all', 1 is 'several days', 2 is 'more than half of the days', and 3 is 'Nearly every day'. Over the last two weeks, how often have you been bothered by the following problems? [Likert 0–3]
    - Feeling Nervous or On Edge: Feeling nervous, anxious, or on edge
    - Uncontrollable Worrying: Not being able to stop or control worrying
    - Excessive Worry: Worrying too much about different things
    - Trouble Relaxing: Trouble relaxing
    - Restlessness: Being so restless that it is hard to sit still
    - Irritability: Becoming easily annoyed or irritable
    - Fear Something Awful Might Happen: Feeling afraid, as if something awful might happen
18. Depressive Symptoms Frequency: Next, you will be asked questions about your emotional state. Please answer on a scale of 0 to 3, where 0 is 'Not at all', 1 is 'several days', 2 is 'more than half of the days', and 3 is 'Nearly every day'. Over the last two weeks, how often have you been bothered by the following problems?
    - Anhedonia: Little interest or pleasure in doing things
    - Depressed Mood: Feeling down, depressed, or hopeless
    - Sleep Problems: Trouble falling or staying asleep, or sleeping too much
    - Fatigue: Feeling tired or having little energy
    - Appetite Changes: Poor appetite or overeating
    - Feelings of Worthlessness: Feeling bad about yourself or that you are a failure or have let yourself or your family down
    - Concentration Difficulties: Trouble concentrating on things, such as reading the newspaper or watching television
    - Psychomotor Changes: Moving or speaking so slowly that other people could have noticed. Or the opposite — being so fidgety or restless that you have been moving around a lot more than usual
    - Suicidal Thoughts: Thoughts that you would be better off dead, or of hurting yourself

Responses:
==================================================

Respondent 2:
- Year of birth: 1999.0
- Gender: 1.0
- Socio-economic status: 2.0
- Ethnic identity: 1.0
- Life satisfaction: 8.0
- Happiness: 4.0
- Laughter: 8.0
- Learning: 3.0
- Enjoyment: 5.0
- Worry: 1.0
- Depression: 2.0
- Anger: 3.0
- Stress: 3.0
- Loneliness: 7.0
- Emotional Regulation Frequency:
  - Upset by Unexpected Events: 1.0
  - Unable to Control Important Things: 2.0
  - Lacked Confidence Handling Problems: 2.0
  - Unable to Cope: 2.0
  - Irritated by Life: 3.0
  - On Top of Things: 2.0
- Anxiety Symptoms Frequency:
  - Feeling Nervous or On Edge: 0.0
  - Trouble Relaxing: 1.0
  - Restlessness: 0.0
  - Irritability: 1.0
  - Fear Something Awful Might Happen: 1.0
- Depressive Symptoms Frequency:
  - Anhedonia: 2.0
  - Sleep Problems: 0.0
  - Fatigue: 3.0
  - Appetite Changes: 2.0
  - Feelings of Worthlessness: 1.0
  - Concentration Difficulties: 1.0
  - Suicidal Thoughts: 0.0

Respondent 122:
- Year of birth: 2002.0
- Gender: 1.0
- Socio-economic status: 3.0
- Ethnic identity: 6.0
- Parental Education:
  - Father: 23.0
  - Mother: 22.0
- Life satisfaction: 8.0
- Happiness: 10.0
- Laughter: 10.0
- Learning: 8.0
- Enjoyment: 9.0
- Worry: 0.0
- Depression: 0.0
- Anger: 2.0
- Stress: 2.0
- Loneliness: 0.0
- Emotional Regulation Frequency:
  - Upset by Unexpected Events: 2.0
  - Unable to Control Important Things: 1.0
  - Lacked Confidence Handling Problems: 4.0
  - Unable to Cope: 2.0
  - Irritated by Life: 4.0
  - On Top of Things: 3.0
- Anxiety Symptoms Frequency:
  - Feeling Nervous or On Edge: 0.0
  - Trouble Relaxing: 0.0
  - Restlessness: 0.0
  - Irritability: 1.0
  - Fear Something Awful Might Happen: 0.0
- Depressive Symptoms Frequency:
  - Anhedonia: 0.0
  - Sleep Problems: 0.0
  - Fatigue: 1.0
  - Appetite Changes: 0.0
  - Feelings of Worthlessness: 0.0
  - Concentration Difficulties: 1.0
  - Suicidal Thoughts: 0.0

Respondent 33:
- Year of birth: 2006.0
- Gender: 1.0
- Socio-economic status: 2.0
- Ethnic identity: 6.0
- Life satisfaction: 6.0
- Happiness: 5.0
- Laughter: 5.0
- Learning: 5.0
- Enjoyment: 7.0
- Worry: 2.0
- Depression: 0.0
- Anger: 2.0
- Stress: 3.0
- Loneliness: 0.0
- Emotional Regulation Frequency:
  - Upset by Unexpected Events: 2.0
  - Unable to Control Important Things: 3.0
  - Lacked Confidence Handling Problems: 2.0
  - Unable to Cope: 3.0
  - Irritated by Life: 2.0
  - On Top of Things: 2.0
- Anxiety Symptoms Frequency:
  - Feeling Nervous or On Edge: 1.0
  - Trouble Relaxing: 2.0
  - Restlessness: 0.0
  - Irritability: 2.0
  - Fear Something Awful Might Happen: 2.0
- Depressive Symptoms Frequency:
  - Anhedonia: 1.0
  - Sleep Problems: 0.0
  - Fatigue: 2.0
  - Appetite Changes: 0.0
  - Feelings of Worthlessness: 1.0
  - Concentration Difficulties: 3.0
  - Suicidal Thoughts: 0.0

Respondent 143:
- Year of birth: 2003.0
- Gender: 2.0
- Socio-economic status: 3.0
- Ethnic identity: 5.0
- Parental Education:
  - Father: 18.0
  - Mother: 20.0
- Life satisfaction: 4.0
- Happiness: 6.0
- Laughter: 6.0
- Learning: 6.0
- Enjoyment: 6.0
- Worry: 2.0
- Depression: 0.0
- Anger: 3.0
- Stress: 3.0
- Loneliness: 2.0
- Emotional Regulation Frequency:
  - Upset by Unexpected Events: 3.0
  - Unable to Control Important Things: 3.0
  - Lacked Confidence Handling Problems: 2.0
  - Unable to Cope: 3.0
  - Irritated by Life: 3.0
  - On Top of Things: 2.0
- Anxiety Symptoms Frequency:
  - Feeling Nervous or On Edge: 2.0
  - Trouble Relaxing: 2.0
  - Restlessness: 2.0
  - Irritability: 2.0
  - Fear Something Awful Might Happen: 1.0
- Depressive Symptoms Frequency:
  - Anhedonia: 2.0
  - Sleep Problems: 3.0
  - Fatigue: 2.0
  - Appetite Changes: 0.0
  - Feelings of Worthlessness: 2.0
  - Concentration Difficulties: 0.0
  - Suicidal Thoughts: 0.0

Respondent 66:
- Year of birth: 2001.0
- Gender: 1.0
- Socio-economic status: 3.0
- Ethnic identity: 6.0
- Life satisfaction: 5.0
- Happiness: 4.0
- Laughter: 2.0
- Learning: 1.0
- Enjoyment: 2.0
- Worry: 1.0
- Depression: 1.0
- Anger: 3.0
- Stress: 3.0
- Loneliness: 4.0
- Emotional Regulation Frequency:
  - Upset by Unexpected Events: 1.0
  - Unable to Control Important Things: 2.0
  - Lacked Confidence Handling Problems: 2.0
  - Unable to Cope: 2.0
  - Irritated by Life: 2.0
  - On Top of Things: 2.0
- Anxiety Symptoms Frequency:
  - Feeling Nervous or On Edge: 0.0
  - Trouble Relaxing: 1.0
  - Restlessness: 1.0
  - Irritability: 1.0
  - Fear Something Awful Might Happen: 1.0
- Depressive Symptoms Frequency:
  - Anhedonia: 2.0
  - Sleep Problems: 1.0
  - Fatigue: 1.0
  - Appetite Changes: 2.0
  - Feelings of Worthlessness: 2.0
  - Concentration Difficulties: 2.0
  - Suicidal Thoughts: 1.0

Respondent 16:
- Year of birth: 2001.0
- Gender: 1.0
- Socio-economic status: 5.0
- Ethnic identity: 6.0
- Parental Education:
  - Father: 30.0
  - Mother: 20.0
- Life satisfaction: 6.0
- Happiness: 9.0
- Laughter: 10.0
- Learning: 5.0
- Enjoyment: 10.0
- Worry: 2.0
- Depression: 1.0
- Anger: 4.0
- Stress: 2.0
- Loneliness: 1.0
- Emotional Regulation Frequency:
  - Upset by Unexpected Events: 3.0
  - Unable to Control Important Things: 2.0
  - Lacked Confidence Handling Problems: 2.0
  - Unable to Cope: 1.0
  - Irritated by Life: 3.0
  - On Top of Things: 1.0
- Anxiety Symptoms Frequency:
  - Feeling Nervous or On Edge: 1.0
  - Trouble Relaxing: 1.0
  - Restlessness: 0.0
  - Irritability: 1.0
  - Fear Something Awful Might Happen: 1.0
- Depressive Symptoms Frequency:
  - Anhedonia: 1.0
  - Sleep Problems: 2.0
  - Fatigue: 2.0
  - Appetite Changes: 0.0
  - Feelings of Worthlessness: 0.0
  - Concentration Difficulties: 0.0
  - Suicidal Thoughts: 0.0

Respondent 133:
- Year of birth: 2002.0
- Gender: 2.0
- Socio-economic status: 5.0
- Ethnic identity: 6.0
- Parental Education:
  - Father: 15.0
  - Mother: 15.0
- Life satisfaction: 6.0
- Happiness: 9.0
- Laughter: 3.0
- Learning: 7.0
- Enjoyment: 4.0
- Worry: 1.0
- Depression: 3.0
- Anger: 1.0
- Stress: 3.0
- Loneliness: 5.0
- Emotional Regulation Frequency:
  - Upset by Unexpected Events: 2.0
  - Unable to Control Important Things: 3.0
  - Lacked Confidence Handling Problems: 3.0
  - Unable to Cope: 3.0
  - Irritated by Life: 3.0
  - On Top of Things: 2.0
- Anxiety Symptoms Frequency:
  - Feeling Nervous or On Edge: 2.0
  - Trouble Relaxing: 0.0
  - Restlessness: 0.0
  - Irritability: 0.0
  - Fear Something Awful Might Happen: 0.0
- Depressive Symptoms Frequency:
  - Anhedonia: 3.0
  - Sleep Problems: 3.0
  - Fatigue: 2.0
  - Appetite Changes: 0.0
  - Feelings of Worthlessness: 0.0
  - Concentration Difficulties: 0.0
  - Suicidal Thoughts: 0.0

Respondent 109:
- Year of birth: 2003.0
- Gender: 2.0
- Socio-economic status: 6.0
- Ethnic identity: 6.0
- Parental Education:
  - Father: 13.0
  - Mother: 6.0
- Life satisfaction: 5.0
- Happiness: 5.0
- Laughter: 3.0
- Learning: 5.0
- Enjoyment: 4.0
- Worry: 3.0
- Depression: 1.0
- Anger: 4.0
- Stress: 3.0
- Loneliness: 5.0
- Emotional Regulation Frequency:
  - Upset by Unexpected Events: 4.0
  - Unable to Control Important Things: 4.0
  - Lacked Confidence Handling Problems: 2.0
  - Unable to Cope: 3.0
  - Irritated by Life: 2.0
  - On Top of Things: 2.0
- Anxiety Symptoms Frequency:
  - Feeling Nervous or On Edge: 3.0
  - Trouble Relaxing: 1.0
  - Restlessness: 0.0
  - Irritability: 2.0
  - Fear Something Awful Might Happen: 3.0
- Depressive Symptoms Frequency:
  - Anhedonia: 1.0
  - Sleep Problems: 0.0
  - Fatigue: 0.0
  - Appetite Changes: 0.0
  - Feelings of Worthlessness: 3.0
  - Concentration Difficulties: 0.0
  - Suicidal Thoughts: 0.0

Respondent 110:
- Year of birth: 2004.0
- Gender: 2.0
- Socio-economic status: 1.0
- Ethnic identity: 6.0
- Parental Education:
  - Father: 9.0
  - Mother: 9.0
- Life satisfaction: 6.0
- Happiness: 8.0
- Laughter: 8.0
- Learning: 8.0
- Enjoyment: 6.0
- Worry: 2.0
- Depression: 2.0
- Anger: 3.0
- Stress: 4.0
- Loneliness: 10.0
- Emotional Regulation Frequency:
  - Upset by Unexpected Events: 4.0
  - Unable to Control Important Things: 4.0
  - Lacked Confidence Handling Problems: 2.0
  - Unable to Cope: 4.0
  - Irritated by Life: 2.0
  - On Top of Things: 2.0
- Anxiety Symptoms Frequency:
  - Feeling Nervous or On Edge: 2.0
  - Trouble Relaxing: 2.0
  - Restlessness: 2.0
  - Irritability: 3.0
  - Fear Something Awful Might Happen: 1.0
- Depressive Symptoms Frequency:
  - Anhedonia: 1.0
  - Sleep Problems: 2.0
  - Fatigue: 2.0
  - Appetite Changes: 2.0
  - Feelings of Worthlessness: 2.0
  - Concentration Difficulties: 2.0
  - Suicidal Thoughts: 0.0

Respondent 102:
- Year of birth: 2004.0
- Gender: 2.0
- Socio-economic status: 4.0
- Ethnic identity: 6.0
- Life satisfaction: 8.0
- Happiness: 6.0
- Laughter: 2.0
- Learning: 9.0
- Enjoyment: 2.0
- Worry: 2.0
- Depression: 1.0
- Anger: 4.0
- Stress: 4.0
- Loneliness: 9.0
- Emotional Regulation Frequency:
  - Upset by Unexpected Events: 3.0
  - Unable to Control Important Things: 3.0
  - Lacked Confidence Handling Problems: 2.0
  - Unable to Cope: 3.0
  - Irritated by Life: 3.0
  - On Top of Things: 2.0
- Anxiety Symptoms Frequency:
  - Feeling Nervous or On Edge: 3.0
  - Trouble Relaxing: 2.0
  - Restlessness: 0.0
  - Irritability: 1.0
  - Fear Something Awful Might Happen: 2.0
- Depressive Symptoms Frequency:
  - Anhedonia: 0.0
  - Sleep Problems: 1.0
  - Fatigue: 0.0
  - Appetite Changes: 1.0
  - Feelings of Worthlessness: 2.0
  - Concentration Difficulties: 1.0
  - Suicidal Thoughts: 1.0

You are a meticulous data analyst AI. Your primary function is to accurately analyze structured data and provide precise, verifiable answers.

You will be given a dataset with two key parts:

A 'questions' section: This is your data dictionary or schema. It is the single source of truth for understanding what each field and score means. Refer to it carefully.

A 'responses' section: This contains the raw data from each individual respondent.

To answer the question correctly, you must first use the 'questions' schema to fully understand the context and meaning of the data points within the 'responses'. Do not rely on any prior knowledge outside of this provided data. Base your entire analysis on the information given.

Provide your final answer directly and concisely. Output must be the human-readable value, not an option code.

Rules:
- For MCQ fields, map any letter codes in the Responses (case-insensitive) to the corresponding option text from the Questions schema, and output only that text. Do NOT include the letter or both.
  Example: If the schema is ""[MCQ: A. Abnormal B. Inconclusive C. Normal]"" and the response is ""a"", output ""Abnormal"".
- For open-ended fields, output the exact text value.
- If the question asks for a count, provide only the number (e.g., ""42"").
- If the question asks for a list of names or IDs, provide a simple comma-separated list (e.g., ""17, 21, 23"").
- Preserve capitalization exactly as in the schema (e.g., output ""Abnormal"", not ""abnormal"" or ""A"").

How many respondents are there?",12,False
case_43,respondent_count,How many respondents are there?,"Survey Data
==================================================

Questions:
1. Year of birth: What is your date of birth? [Open-ended]
2. Gender: What is your gender? [MCQ: 1. Male 2. Female]
3. Socio-economic status: What is the socio-economic status of your home? [Likert 1–6: 1 = Very low, 6 = Very high]
4. Ethnic identity: According to your culture, people, or physical features, you are or are recognized as: [MCQ: 1. Indigenous 2. Gypsy 3. Raizal from San Andres, Providencia and Santa Catalina Archipelago 4. Palenquero from San Basilio 5. Black, mulatto (Afro-descendant), Afro-Colombian 6. None of the above]
5. Parental Education: How many years of education did your parents receive? [Open-ended]
   - Father: Father?
   - Mother: Mother?
6. Life satisfaction: In general, how satisfied are you with all aspects of your life? [Likert 0–10: 0 = Not satisfied, 10 = Totally satisfied]
7. Happiness: How happy did you feel yesterday? [Likert 0–10: 0 = At no time, 10 = All the time]
8. Laughter: How much did you laugh yesterday? [Likert 0–10: 0 = At no time, 10 = All the time]
9. Learning: Did you learn new or exciting things yesterday? [Likert 0–10: 0 = At no time, 10 = All the time]
10. Enjoyment: How much did you enjoy the activities you did yesterday? [Likert 0–10: 0 = At no time, 10 = All the time]
11. Worry: How worried did you feel yesterday? [Likert 0–10: 0 = At no time, 10 = All the time]
12. Depression: How depressed did you feel yesterday? [Likert 0–10: 0 = At no time, 10 = All the time]
13. Anger: How angry did you feel yesterday? [Likert 0–10: 0 = At no time, 10 = All the time]
14. Stress: How much stress did you feel yesterday? [Likert 0–10: 0 = At no time, 10 = All the time]
15. Loneliness: How lonely or unsupported did you feel yesterday? [Likert 0–10: 0 = At no time, 10 = All the time]
16. Emotional Regulation Frequency: Next, you will be asked questions about your emotional state. Please answer on a scale of 0 to 4, where 0 is never, 1 is 'almost never', 2 is 'sometimes', 3 is 'fairly often', and 4 is 'very often', how often you experienced the following feelings during the last month: [Likert 0–4]
    - Upset by Unexpected Events: how often have you been upset because of something that happened unexpectedly?
    - Unable to Control Important Things: how often have you felt that you were unable to control the important things in your life?
    - Nervous and Stressed: how often have you felt nervous and stressed?
    - Lacked Confidence Handling Problems: how often have you felt confident about your ability to handle your personal problems?
    - Things Going Your Way: how often have you felt that things were going your way?
    - Unable to Cope: how often have you found that you could not cope with all the things that you had to do?
    - Irritated by Life: how often have you been able to control irritations in your life?
    - On Top of Things: how often have you felt that you were on top of things?
    - Angered by Uncontrollable Events: how often have you been angered because of things that happened that were outside of your control?
    - Felt Overwhelmed: how often have you felt difficulties were piling up so high that you could not overcome them?
17. Anxiety Symptoms Frequency: Next, you will be asked questions about your emotional state. Please answer on a scale of 0 to 3, where 0 is 'Not at all', 1 is 'several days', 2 is 'more than half of the days', and 3 is 'Nearly every day'. Over the last two weeks, how often have you been bothered by the following problems? [Likert 0–3]
    - Feeling Nervous or On Edge: Feeling nervous, anxious, or on edge
    - Uncontrollable Worrying: Not being able to stop or control worrying
    - Excessive Worry: Worrying too much about different things
    - Trouble Relaxing: Trouble relaxing
    - Restlessness: Being so restless that it is hard to sit still
    - Irritability: Becoming easily annoyed or irritable
    - Fear Something Awful Might Happen: Feeling afraid, as if something awful might happen
18. Depressive Symptoms Frequency: Next, you will be asked questions about your emotional state. Please answer on a scale of 0 to 3, where 0 is 'Not at all', 1 is 'several days', 2 is 'more than half of the days', and 3 is 'Nearly every day'. Over the last two weeks, how often have you been bothered by the following problems?
    - Anhedonia: Little interest or pleasure in doing things
    - Depressed Mood: Feeling down, depressed, or hopeless
    - Sleep Problems: Trouble falling or staying asleep, or sleeping too much
    - Fatigue: Feeling tired or having little energy
    - Appetite Changes: Poor appetite or overeating
    - Feelings of Worthlessness: Feeling bad about yourself or that you are a failure or have let yourself or your family down
    - Concentration Difficulties: Trouble concentrating on things, such as reading the newspaper or watching television
    - Psychomotor Changes: Moving or speaking so slowly that other people could have noticed. Or the opposite — being so fidgety or restless that you have been moving around a lot more than usual
    - Suicidal Thoughts: Thoughts that you would be better off dead, or of hurting yourself

Responses:
==================================================

Respondent 1:
- Year of birth: 2001.0
- Gender: 1.0
- Socio-economic status: 4.0
- Ethnic identity: 6.0
- Parental Education:
  - Father: 25.0
  - Mother: 25.0
- Life satisfaction: 7.0
- Happiness: 5.0
- Laughter: 5.0
- Learning: 5.0
- Enjoyment: 7.0
- Worry: 0.0
- Depression: 0.0
- Anger: 3.0
- Stress: 2.0
- Loneliness: 0.0
- Emotional Regulation Frequency:
  - Upset by Unexpected Events: 1.0
  - Unable to Control Important Things: 2.0
  - Lacked Confidence Handling Problems: 3.0
  - Unable to Cope: 0.0
  - Irritated by Life: 3.0
  - On Top of Things: 3.0
- Anxiety Symptoms Frequency:
  - Feeling Nervous or On Edge: 1.0
  - Trouble Relaxing: 0.0
  - Restlessness: 0.0
  - Irritability: 0.0
  - Fear Something Awful Might Happen: 3.0
- Depressive Symptoms Frequency:
  - Anhedonia: 0.0
  - Sleep Problems: 0.0
  - Fatigue: 1.0
  - Appetite Changes: 3.0
  - Feelings of Worthlessness: 0.0
  - Concentration Difficulties: 0.0
  - Suicidal Thoughts: 0.0

Respondent 128:
- Year of birth: 2001.0
- Gender: 1.0
- Socio-economic status: 3.0
- Ethnic identity: 6.0
- Parental Education:
  - Father: 11.0
  - Mother: 11.0
- Life satisfaction: 5.0
- Happiness: 0.0
- Laughter: 6.0
- Learning: 3.0
- Enjoyment: 1.0
- Worry: 1.0
- Depression: 1.0
- Anger: 3.0
- Stress: 3.0
- Loneliness: 3.0
- Emotional Regulation Frequency:
  - Upset by Unexpected Events: 2.0
  - Unable to Control Important Things: 3.0
  - Lacked Confidence Handling Problems: 2.0
  - Unable to Cope: 3.0
  - Irritated by Life: 2.0
  - On Top of Things: 1.0
- Anxiety Symptoms Frequency:
  - Feeling Nervous or On Edge: 1.0
  - Trouble Relaxing: 1.0
  - Restlessness: 0.0
  - Irritability: 1.0
  - Fear Something Awful Might Happen: 1.0
- Depressive Symptoms Frequency:
  - Anhedonia: 1.0
  - Sleep Problems: 2.0
  - Fatigue: 2.0
  - Appetite Changes: 1.0
  - Feelings of Worthlessness: 3.0
  - Concentration Difficulties: 0.0
  - Suicidal Thoughts: 0.0

Respondent 36:
- Year of birth: 2006.0
- Gender: 1.0
- Socio-economic status: 5.0
- Ethnic identity: 6.0
- Life satisfaction: 8.0
- Happiness: 9.0
- Laughter: 9.0
- Learning: 7.0
- Enjoyment: 9.0
- Worry: 0.0
- Depression: 0.0
- Anger: 1.0
- Stress: 2.0
- Loneliness: 0.0
- Emotional Regulation Frequency:
  - Upset by Unexpected Events: 1.0
  - Unable to Control Important Things: 1.0
  - Lacked Confidence Handling Problems: 2.0
  - Unable to Cope: 2.0
  - Irritated by Life: 3.0
  - On Top of Things: 3.0
- Anxiety Symptoms Frequency:
  - Feeling Nervous or On Edge: 0.0
  - Trouble Relaxing: 2.0
  - Restlessness: 0.0
  - Irritability: 1.0
  - Fear Something Awful Might Happen: 0.0
- Depressive Symptoms Frequency:
  - Anhedonia: 1.0
  - Sleep Problems: 1.0
  - Fatigue: 1.0
  - Appetite Changes: 0.0
  - Feelings of Worthlessness: 0.0
  - Concentration Difficulties: 0.0
  - Suicidal Thoughts: 0.0

Respondent 94:
- Year of birth: 2003.0
- Gender: 1.0
- Socio-economic status: 4.0
- Ethnic identity: 6.0
- Parental Education:
  - Father: 30.0
  - Mother: 37.0
- Life satisfaction: 8.0
- Happiness: 8.0
- Laughter: 9.0
- Learning: 10.0
- Enjoyment: 7.0
- Worry: 1.0
- Depression: 0.0
- Anger: 1.0
- Stress: 4.0
- Loneliness: 0.0
- Emotional Regulation Frequency:
  - Upset by Unexpected Events: 1.0
  - Unable to Control Important Things: 3.0
  - Lacked Confidence Handling Problems: 3.0
  - Unable to Cope: 2.0
  - Irritated by Life: 3.0
  - On Top of Things: 3.0
- Anxiety Symptoms Frequency:
  - Feeling Nervous or On Edge: 3.0
  - Trouble Relaxing: 0.0
  - Restlessness: 0.0
  - Irritability: 1.0
  - Fear Something Awful Might Happen: 0.0
- Depressive Symptoms Frequency:
  - Anhedonia: 0.0
  - Sleep Problems: 0.0
  - Fatigue: 2.0
  - Appetite Changes: 3.0
  - Feelings of Worthlessness: 1.0
  - Concentration Difficulties: 1.0
  - Suicidal Thoughts: 0.0

Respondent 66:
- Year of birth: 2001.0
- Gender: 1.0
- Socio-economic status: 3.0
- Ethnic identity: 6.0
- Life satisfaction: 5.0
- Happiness: 4.0
- Laughter: 2.0
- Learning: 1.0
- Enjoyment: 2.0
- Worry: 1.0
- Depression: 1.0
- Anger: 3.0
- Stress: 3.0
- Loneliness: 4.0
- Emotional Regulation Frequency:
  - Upset by Unexpected Events: 1.0
  - Unable to Control Important Things: 2.0
  - Lacked Confidence Handling Problems: 2.0
  - Unable to Cope: 2.0
  - Irritated by Life: 2.0
  - On Top of Things: 2.0
- Anxiety Symptoms Frequency:
  - Feeling Nervous or On Edge: 0.0
  - Trouble Relaxing: 1.0
  - Restlessness: 1.0
  - Irritability: 1.0
  - Fear Something Awful Might Happen: 1.0
- Depressive Symptoms Frequency:
  - Anhedonia: 2.0
  - Sleep Problems: 1.0
  - Fatigue: 1.0
  - Appetite Changes: 2.0
  - Feelings of Worthlessness: 2.0
  - Concentration Difficulties: 2.0
  - Suicidal Thoughts: 1.0

Respondent 56:
- Year of birth: 2001.0
- Gender: 2.0
- Socio-economic status: 3.0
- Ethnic identity: 5.0
- Parental Education:
  - Father: 16.0
  - Mother: 16.0
- Life satisfaction: 9.0
- Happiness: 10.0
- Laughter: 10.0
- Learning: 8.0
- Enjoyment: 10.0
- Worry: 1.0
- Depression: 0.0
- Anger: 2.0
- Stress: 3.0
- Loneliness: 0.0
- Emotional Regulation Frequency:
  - Upset by Unexpected Events: 1.0
  - Unable to Control Important Things: 2.0
  - Lacked Confidence Handling Problems: 2.0
  - Unable to Cope: 2.0
  - Irritated by Life: 4.0
  - On Top of Things: 3.0
- Anxiety Symptoms Frequency:
  - Feeling Nervous or On Edge: 3.0
  - Trouble Relaxing: 0.0
  - Restlessness: 0.0
  - Irritability: 0.0
  - Fear Something Awful Might Happen: 0.0
- Depressive Symptoms Frequency:
  - Anhedonia: 0.0
  - Sleep Problems: 0.0
  - Fatigue: 1.0
  - Appetite Changes: 0.0
  - Feelings of Worthlessness: 0.0
  - Concentration Difficulties: 0.0
  - Suicidal Thoughts: 0.0
",6,"How many respondents are there?

DATA:

Survey Data
==================================================

Questions:
1. Year of birth: What is your date of birth? [Open-ended]
2. Gender: What is your gender? [MCQ: 1. Male 2. Female]
3. Socio-economic status: What is the socio-economic status of your home? [Likert 1–6: 1 = Very low, 6 = Very high]
4. Ethnic identity: According to your culture, people, or physical features, you are or are recognized as: [MCQ: 1. Indigenous 2. Gypsy 3. Raizal from San Andres, Providencia and Santa Catalina Archipelago 4. Palenquero from San Basilio 5. Black, mulatto (Afro-descendant), Afro-Colombian 6. None of the above]
5. Parental Education: How many years of education did your parents receive? [Open-ended]
   - Father: Father?
   - Mother: Mother?
6. Life satisfaction: In general, how satisfied are you with all aspects of your life? [Likert 0–10: 0 = Not satisfied, 10 = Totally satisfied]
7. Happiness: How happy did you feel yesterday? [Likert 0–10: 0 = At no time, 10 = All the time]
8. Laughter: How much did you laugh yesterday? [Likert 0–10: 0 = At no time, 10 = All the time]
9. Learning: Did you learn new or exciting things yesterday? [Likert 0–10: 0 = At no time, 10 = All the time]
10. Enjoyment: How much did you enjoy the activities you did yesterday? [Likert 0–10: 0 = At no time, 10 = All the time]
11. Worry: How worried did you feel yesterday? [Likert 0–10: 0 = At no time, 10 = All the time]
12. Depression: How depressed did you feel yesterday? [Likert 0–10: 0 = At no time, 10 = All the time]
13. Anger: How angry did you feel yesterday? [Likert 0–10: 0 = At no time, 10 = All the time]
14. Stress: How much stress did you feel yesterday? [Likert 0–10: 0 = At no time, 10 = All the time]
15. Loneliness: How lonely or unsupported did you feel yesterday? [Likert 0–10: 0 = At no time, 10 = All the time]
16. Emotional Regulation Frequency: Next, you will be asked questions about your emotional state. Please answer on a scale of 0 to 4, where 0 is never, 1 is 'almost never', 2 is 'sometimes', 3 is 'fairly often', and 4 is 'very often', how often you experienced the following feelings during the last month: [Likert 0–4]
    - Upset by Unexpected Events: how often have you been upset because of something that happened unexpectedly?
    - Unable to Control Important Things: how often have you felt that you were unable to control the important things in your life?
    - Nervous and Stressed: how often have you felt nervous and stressed?
    - Lacked Confidence Handling Problems: how often have you felt confident about your ability to handle your personal problems?
    - Things Going Your Way: how often have you felt that things were going your way?
    - Unable to Cope: how often have you found that you could not cope with all the things that you had to do?
    - Irritated by Life: how often have you been able to control irritations in your life?
    - On Top of Things: how often have you felt that you were on top of things?
    - Angered by Uncontrollable Events: how often have you been angered because of things that happened that were outside of your control?
    - Felt Overwhelmed: how often have you felt difficulties were piling up so high that you could not overcome them?
17. Anxiety Symptoms Frequency: Next, you will be asked questions about your emotional state. Please answer on a scale of 0 to 3, where 0 is 'Not at all', 1 is 'several days', 2 is 'more than half of the days', and 3 is 'Nearly every day'. Over the last two weeks, how often have you been bothered by the following problems? [Likert 0–3]
    - Feeling Nervous or On Edge: Feeling nervous, anxious, or on edge
    - Uncontrollable Worrying: Not being able to stop or control worrying
    - Excessive Worry: Worrying too much about different things
    - Trouble Relaxing: Trouble relaxing
    - Restlessness: Being so restless that it is hard to sit still
    - Irritability: Becoming easily annoyed or irritable
    - Fear Something Awful Might Happen: Feeling afraid, as if something awful might happen
18. Depressive Symptoms Frequency: Next, you will be asked questions about your emotional state. Please answer on a scale of 0 to 3, where 0 is 'Not at all', 1 is 'several days', 2 is 'more than half of the days', and 3 is 'Nearly every day'. Over the last two weeks, how often have you been bothered by the following problems?
    - Anhedonia: Little interest or pleasure in doing things
    - Depressed Mood: Feeling down, depressed, or hopeless
    - Sleep Problems: Trouble falling or staying asleep, or sleeping too much
    - Fatigue: Feeling tired or having little energy
    - Appetite Changes: Poor appetite or overeating
    - Feelings of Worthlessness: Feeling bad about yourself or that you are a failure or have let yourself or your family down
    - Concentration Difficulties: Trouble concentrating on things, such as reading the newspaper or watching television
    - Psychomotor Changes: Moving or speaking so slowly that other people could have noticed. Or the opposite — being so fidgety or restless that you have been moving around a lot more than usual
    - Suicidal Thoughts: Thoughts that you would be better off dead, or of hurting yourself

Responses:
==================================================

Respondent 119:
- Year of birth: 2004.0
- Gender: 1.0
- Socio-economic status: 1.0
- Ethnic identity: 6.0
- Life satisfaction: 4.0
- Happiness: 8.0
- Laughter: 8.0
- Learning: 8.0
- Enjoyment: 8.0
- Worry: 1.0
- Depression: 1.0
- Anger: 2.0
- Stress: 2.0
- Loneliness: 2.0
- Emotional Regulation Frequency:
  - Upset by Unexpected Events: 2.0
  - Unable to Control Important Things: 2.0
  - Lacked Confidence Handling Problems: 2.0
  - Unable to Cope: 2.0
  - Irritated by Life: 2.0
  - On Top of Things: 2.0
- Anxiety Symptoms Frequency:
  - Feeling Nervous or On Edge: 1.0
  - Trouble Relaxing: 1.0
  - Restlessness: 1.0
  - Irritability: 1.0
  - Fear Something Awful Might Happen: 1.0
- Depressive Symptoms Frequency:
  - Anhedonia: 1.0
  - Sleep Problems: 1.0
  - Fatigue: 1.0
  - Appetite Changes: 0.0
  - Feelings of Worthlessness: 1.0
  - Concentration Difficulties: 0.0
  - Suicidal Thoughts: 0.0

Respondent 116:
- Year of birth: 2004.0
- Gender: 1.0
- Socio-economic status: 5.0
- Ethnic identity: 6.0
- Parental Education:
  - Father: 17.0
  - Mother: 17.0
- Life satisfaction: 8.0
- Happiness: 8.0
- Laughter: 7.0
- Learning: 7.0
- Enjoyment: 9.0
- Worry: 1.0
- Depression: 1.0
- Anger: 2.0
- Stress: 3.0
- Loneliness: 1.0
- Emotional Regulation Frequency:
  - Upset by Unexpected Events: 2.0
  - Unable to Control Important Things: 2.0
  - Lacked Confidence Handling Problems: 3.0
  - Unable to Cope: 2.0
  - Irritated by Life: 3.0
  - On Top of Things: 2.0
- Anxiety Symptoms Frequency:
  - Feeling Nervous or On Edge: 2.0
  - Trouble Relaxing: 1.0
  - Restlessness: 2.0
  - Irritability: 1.0
  - Fear Something Awful Might Happen: 2.0
- Depressive Symptoms Frequency:
  - Anhedonia: 1.0
  - Sleep Problems: 0.0
  - Fatigue: 2.0
  - Appetite Changes: 2.0
  - Feelings of Worthlessness: 1.0
  - Concentration Difficulties: 2.0
  - Suicidal Thoughts: 0.0

Answer: 2

Survey Data
==================================================

Questions:
1. Year of birth: What is your date of birth? [Open-ended]
2. Gender: What is your gender? [MCQ: 1. Male 2. Female]
3. Socio-economic status: What is the socio-economic status of your home? [Likert 1–6: 1 = Very low, 6 = Very high]
4. Ethnic identity: According to your culture, people, or physical features, you are or are recognized as: [MCQ: 1. Indigenous 2. Gypsy 3. Raizal from San Andres, Providencia and Santa Catalina Archipelago 4. Palenquero from San Basilio 5. Black, mulatto (Afro-descendant), Afro-Colombian 6. None of the above]
5. Parental Education: How many years of education did your parents receive? [Open-ended]
   - Father: Father?
   - Mother: Mother?
6. Life satisfaction: In general, how satisfied are you with all aspects of your life? [Likert 0–10: 0 = Not satisfied, 10 = Totally satisfied]
7. Happiness: How happy did you feel yesterday? [Likert 0–10: 0 = At no time, 10 = All the time]
8. Laughter: How much did you laugh yesterday? [Likert 0–10: 0 = At no time, 10 = All the time]
9. Learning: Did you learn new or exciting things yesterday? [Likert 0–10: 0 = At no time, 10 = All the time]
10. Enjoyment: How much did you enjoy the activities you did yesterday? [Likert 0–10: 0 = At no time, 10 = All the time]
11. Worry: How worried did you feel yesterday? [Likert 0–10: 0 = At no time, 10 = All the time]
12. Depression: How depressed did you feel yesterday? [Likert 0–10: 0 = At no time, 10 = All the time]
13. Anger: How angry did you feel yesterday? [Likert 0–10: 0 = At no time, 10 = All the time]
14. Stress: How much stress did you feel yesterday? [Likert 0–10: 0 = At no time, 10 = All the time]
15. Loneliness: How lonely or unsupported did you feel yesterday? [Likert 0–10: 0 = At no time, 10 = All the time]
16. Emotional Regulation Frequency: Next, you will be asked questions about your emotional state. Please answer on a scale of 0 to 4, where 0 is never, 1 is 'almost never', 2 is 'sometimes', 3 is 'fairly often', and 4 is 'very often', how often you experienced the following feelings during the last month: [Likert 0–4]
    - Upset by Unexpected Events: how often have you been upset because of something that happened unexpectedly?
    - Unable to Control Important Things: how often have you felt that you were unable to control the important things in your life?
    - Nervous and Stressed: how often have you felt nervous and stressed?
    - Lacked Confidence Handling Problems: how often have you felt confident about your ability to handle your personal problems?
    - Things Going Your Way: how often have you felt that things were going your way?
    - Unable to Cope: how often have you found that you could not cope with all the things that you had to do?
    - Irritated by Life: how often have you been able to control irritations in your life?
    - On Top of Things: how often have you felt that you were on top of things?
    - Angered by Uncontrollable Events: how often have you been angered because of things that happened that were outside of your control?
    - Felt Overwhelmed: how often have you felt difficulties were piling up so high that you could not overcome them?
17. Anxiety Symptoms Frequency: Next, you will be asked questions about your emotional state. Please answer on a scale of 0 to 3, where 0 is 'Not at all', 1 is 'several days', 2 is 'more than half of the days', and 3 is 'Nearly every day'. Over the last two weeks, how often have you been bothered by the following problems? [Likert 0–3]
    - Feeling Nervous or On Edge: Feeling nervous, anxious, or on edge
    - Uncontrollable Worrying: Not being able to stop or control worrying
    - Excessive Worry: Worrying too much about different things
    - Trouble Relaxing: Trouble relaxing
    - Restlessness: Being so restless that it is hard to sit still
    - Irritability: Becoming easily annoyed or irritable
    - Fear Something Awful Might Happen: Feeling afraid, as if something awful might happen
18. Depressive Symptoms Frequency: Next, you will be asked questions about your emotional state. Please answer on a scale of 0 to 3, where 0 is 'Not at all', 1 is 'several days', 2 is 'more than half of the days', and 3 is 'Nearly every day'. Over the last two weeks, how often have you been bothered by the following problems?
    - Anhedonia: Little interest or pleasure in doing things
    - Depressed Mood: Feeling down, depressed, or hopeless
    - Sleep Problems: Trouble falling or staying asleep, or sleeping too much
    - Fatigue: Feeling tired or having little energy
    - Appetite Changes: Poor appetite or overeating
    - Feelings of Worthlessness: Feeling bad about yourself or that you are a failure or have let yourself or your family down
    - Concentration Difficulties: Trouble concentrating on things, such as reading the newspaper or watching television
    - Psychomotor Changes: Moving or speaking so slowly that other people could have noticed. Or the opposite — being so fidgety or restless that you have been moving around a lot more than usual
    - Suicidal Thoughts: Thoughts that you would be better off dead, or of hurting yourself

Responses:
==================================================

Respondent 1:
- Year of birth: 2001.0
- Gender: 1.0
- Socio-economic status: 4.0
- Ethnic identity: 6.0
- Parental Education:
  - Father: 25.0
  - Mother: 25.0
- Life satisfaction: 7.0
- Happiness: 5.0
- Laughter: 5.0
- Learning: 5.0
- Enjoyment: 7.0
- Worry: 0.0
- Depression: 0.0
- Anger: 3.0
- Stress: 2.0
- Loneliness: 0.0
- Emotional Regulation Frequency:
  - Upset by Unexpected Events: 1.0
  - Unable to Control Important Things: 2.0
  - Lacked Confidence Handling Problems: 3.0
  - Unable to Cope: 0.0
  - Irritated by Life: 3.0
  - On Top of Things: 3.0
- Anxiety Symptoms Frequency:
  - Feeling Nervous or On Edge: 1.0
  - Trouble Relaxing: 0.0
  - Restlessness: 0.0
  - Irritability: 0.0
  - Fear Something Awful Might Happen: 3.0
- Depressive Symptoms Frequency:
  - Anhedonia: 0.0
  - Sleep Problems: 0.0
  - Fatigue: 1.0
  - Appetite Changes: 3.0
  - Feelings of Worthlessness: 0.0
  - Concentration Difficulties: 0.0
  - Suicidal Thoughts: 0.0

Respondent 128:
- Year of birth: 2001.0
- Gender: 1.0
- Socio-economic status: 3.0
- Ethnic identity: 6.0
- Parental Education:
  - Father: 11.0
  - Mother: 11.0
- Life satisfaction: 5.0
- Happiness: 0.0
- Laughter: 6.0
- Learning: 3.0
- Enjoyment: 1.0
- Worry: 1.0
- Depression: 1.0
- Anger: 3.0
- Stress: 3.0
- Loneliness: 3.0
- Emotional Regulation Frequency:
  - Upset by Unexpected Events: 2.0
  - Unable to Control Important Things: 3.0
  - Lacked Confidence Handling Problems: 2.0
  - Unable to Cope: 3.0
  - Irritated by Life: 2.0
  - On Top of Things: 1.0
- Anxiety Symptoms Frequency:
  - Feeling Nervous or On Edge: 1.0
  - Trouble Relaxing: 1.0
  - Restlessness: 0.0
  - Irritability: 1.0
  - Fear Something Awful Might Happen: 1.0
- Depressive Symptoms Frequency:
  - Anhedonia: 1.0
  - Sleep Problems: 2.0
  - Fatigue: 2.0
  - Appetite Changes: 1.0
  - Feelings of Worthlessness: 3.0
  - Concentration Difficulties: 0.0
  - Suicidal Thoughts: 0.0

Respondent 36:
- Year of birth: 2006.0
- Gender: 1.0
- Socio-economic status: 5.0
- Ethnic identity: 6.0
- Life satisfaction: 8.0
- Happiness: 9.0
- Laughter: 9.0
- Learning: 7.0
- Enjoyment: 9.0
- Worry: 0.0
- Depression: 0.0
- Anger: 1.0
- Stress: 2.0
- Loneliness: 0.0
- Emotional Regulation Frequency:
  - Upset by Unexpected Events: 1.0
  - Unable to Control Important Things: 1.0
  - Lacked Confidence Handling Problems: 2.0
  - Unable to Cope: 2.0
  - Irritated by Life: 3.0
  - On Top of Things: 3.0
- Anxiety Symptoms Frequency:
  - Feeling Nervous or On Edge: 0.0
  - Trouble Relaxing: 2.0
  - Restlessness: 0.0
  - Irritability: 1.0
  - Fear Something Awful Might Happen: 0.0
- Depressive Symptoms Frequency:
  - Anhedonia: 1.0
  - Sleep Problems: 1.0
  - Fatigue: 1.0
  - Appetite Changes: 0.0
  - Feelings of Worthlessness: 0.0
  - Concentration Difficulties: 0.0
  - Suicidal Thoughts: 0.0

Respondent 94:
- Year of birth: 2003.0
- Gender: 1.0
- Socio-economic status: 4.0
- Ethnic identity: 6.0
- Parental Education:
  - Father: 30.0
  - Mother: 37.0
- Life satisfaction: 8.0
- Happiness: 8.0
- Laughter: 9.0
- Learning: 10.0
- Enjoyment: 7.0
- Worry: 1.0
- Depression: 0.0
- Anger: 1.0
- Stress: 4.0
- Loneliness: 0.0
- Emotional Regulation Frequency:
  - Upset by Unexpected Events: 1.0
  - Unable to Control Important Things: 3.0
  - Lacked Confidence Handling Problems: 3.0
  - Unable to Cope: 2.0
  - Irritated by Life: 3.0
  - On Top of Things: 3.0
- Anxiety Symptoms Frequency:
  - Feeling Nervous or On Edge: 3.0
  - Trouble Relaxing: 0.0
  - Restlessness: 0.0
  - Irritability: 1.0
  - Fear Something Awful Might Happen: 0.0
- Depressive Symptoms Frequency:
  - Anhedonia: 0.0
  - Sleep Problems: 0.0
  - Fatigue: 2.0
  - Appetite Changes: 3.0
  - Feelings of Worthlessness: 1.0
  - Concentration Difficulties: 1.0
  - Suicidal Thoughts: 0.0

Respondent 66:
- Year of birth: 2001.0
- Gender: 1.0
- Socio-economic status: 3.0
- Ethnic identity: 6.0
- Life satisfaction: 5.0
- Happiness: 4.0
- Laughter: 2.0
- Learning: 1.0
- Enjoyment: 2.0
- Worry: 1.0
- Depression: 1.0
- Anger: 3.0
- Stress: 3.0
- Loneliness: 4.0
- Emotional Regulation Frequency:
  - Upset by Unexpected Events: 1.0
  - Unable to Control Important Things: 2.0
  - Lacked Confidence Handling Problems: 2.0
  - Unable to Cope: 2.0
  - Irritated by Life: 2.0
  - On Top of Things: 2.0
- Anxiety Symptoms Frequency:
  - Feeling Nervous or On Edge: 0.0
  - Trouble Relaxing: 1.0
  - Restlessness: 1.0
  - Irritability: 1.0
  - Fear Something Awful Might Happen: 1.0
- Depressive Symptoms Frequency:
  - Anhedonia: 2.0
  - Sleep Problems: 1.0
  - Fatigue: 1.0
  - Appetite Changes: 2.0
  - Feelings of Worthlessness: 2.0
  - Concentration Difficulties: 2.0
  - Suicidal Thoughts: 1.0

Respondent 56:
- Year of birth: 2001.0
- Gender: 2.0
- Socio-economic status: 3.0
- Ethnic identity: 5.0
- Parental Education:
  - Father: 16.0
  - Mother: 16.0
- Life satisfaction: 9.0
- Happiness: 10.0
- Laughter: 10.0
- Learning: 8.0
- Enjoyment: 10.0
- Worry: 1.0
- Depression: 0.0
- Anger: 2.0
- Stress: 3.0
- Loneliness: 0.0
- Emotional Regulation Frequency:
  - Upset by Unexpected Events: 1.0
  - Unable to Control Important Things: 2.0
  - Lacked Confidence Handling Problems: 2.0
  - Unable to Cope: 2.0
  - Irritated by Life: 4.0
  - On Top of Things: 3.0
- Anxiety Symptoms Frequency:
  - Feeling Nervous or On Edge: 3.0
  - Trouble Relaxing: 0.0
  - Restlessness: 0.0
  - Irritability: 0.0
  - Fear Something Awful Might Happen: 0.0
- Depressive Symptoms Frequency:
  - Anhedonia: 0.0
  - Sleep Problems: 0.0
  - Fatigue: 1.0
  - Appetite Changes: 0.0
  - Feelings of Worthlessness: 0.0
  - Concentration Difficulties: 0.0
  - Suicidal Thoughts: 0.0

You are a meticulous data analyst AI. Your primary function is to accurately analyze structured data and provide precise, verifiable answers.

You will be given a dataset with two key parts:

A 'questions' section: This is your data dictionary or schema. It is the single source of truth for understanding what each field and score means. Refer to it carefully.

A 'responses' section: This contains the raw data from each individual respondent.

To answer the question correctly, you must first use the 'questions' schema to fully understand the context and meaning of the data points within the 'responses'. Do not rely on any prior knowledge outside of this provided data. Base your entire analysis on the information given.

Provide your final answer directly and concisely. Output must be the human-readable value, not an option code.

Rules:
- For MCQ fields, map any letter codes in the Responses (case-insensitive) to the corresponding option text from the Questions schema, and output only that text. Do NOT include the letter or both.
  Example: If the schema is ""[MCQ: A. Abnormal B. Inconclusive C. Normal]"" and the response is ""a"", output ""Abnormal"".
- For open-ended fields, output the exact text value.
- If the question asks for a count, provide only the number (e.g., ""42"").
- If the question asks for a list of names or IDs, provide a simple comma-separated list (e.g., ""17, 21, 23"").
- Preserve capitalization exactly as in the schema (e.g., output ""Abnormal"", not ""abnormal"" or ""A"").

How many respondents are there?",8,False
case_44,respondent_count,How many respondents are there?,"Survey Data
==================================================

Questions:
1. Year of birth: What is your date of birth? [Open-ended]
2. Gender: What is your gender? [MCQ: 1. Male 2. Female]
3. Socio-economic status: What is the socio-economic status of your home? [Likert 1–6: 1 = Very low, 6 = Very high]
4. Ethnic identity: According to your culture, people, or physical features, you are or are recognized as: [MCQ: 1. Indigenous 2. Gypsy 3. Raizal from San Andres, Providencia and Santa Catalina Archipelago 4. Palenquero from San Basilio 5. Black, mulatto (Afro-descendant), Afro-Colombian 6. None of the above]
5. Parental Education: How many years of education did your parents receive? [Open-ended]
   - Father: Father?
   - Mother: Mother?
6. Life satisfaction: In general, how satisfied are you with all aspects of your life? [Likert 0–10: 0 = Not satisfied, 10 = Totally satisfied]
7. Happiness: How happy did you feel yesterday? [Likert 0–10: 0 = At no time, 10 = All the time]
8. Laughter: How much did you laugh yesterday? [Likert 0–10: 0 = At no time, 10 = All the time]
9. Learning: Did you learn new or exciting things yesterday? [Likert 0–10: 0 = At no time, 10 = All the time]
10. Enjoyment: How much did you enjoy the activities you did yesterday? [Likert 0–10: 0 = At no time, 10 = All the time]
11. Worry: How worried did you feel yesterday? [Likert 0–10: 0 = At no time, 10 = All the time]
12. Depression: How depressed did you feel yesterday? [Likert 0–10: 0 = At no time, 10 = All the time]
13. Anger: How angry did you feel yesterday? [Likert 0–10: 0 = At no time, 10 = All the time]
14. Stress: How much stress did you feel yesterday? [Likert 0–10: 0 = At no time, 10 = All the time]
15. Loneliness: How lonely or unsupported did you feel yesterday? [Likert 0–10: 0 = At no time, 10 = All the time]
16. Emotional Regulation Frequency: Next, you will be asked questions about your emotional state. Please answer on a scale of 0 to 4, where 0 is never, 1 is 'almost never', 2 is 'sometimes', 3 is 'fairly often', and 4 is 'very often', how often you experienced the following feelings during the last month: [Likert 0–4]
    - Upset by Unexpected Events: how often have you been upset because of something that happened unexpectedly?
    - Unable to Control Important Things: how often have you felt that you were unable to control the important things in your life?
    - Nervous and Stressed: how often have you felt nervous and stressed?
    - Lacked Confidence Handling Problems: how often have you felt confident about your ability to handle your personal problems?
    - Things Going Your Way: how often have you felt that things were going your way?
    - Unable to Cope: how often have you found that you could not cope with all the things that you had to do?
    - Irritated by Life: how often have you been able to control irritations in your life?
    - On Top of Things: how often have you felt that you were on top of things?
    - Angered by Uncontrollable Events: how often have you been angered because of things that happened that were outside of your control?
    - Felt Overwhelmed: how often have you felt difficulties were piling up so high that you could not overcome them?
17. Anxiety Symptoms Frequency: Next, you will be asked questions about your emotional state. Please answer on a scale of 0 to 3, where 0 is 'Not at all', 1 is 'several days', 2 is 'more than half of the days', and 3 is 'Nearly every day'. Over the last two weeks, how often have you been bothered by the following problems? [Likert 0–3]
    - Feeling Nervous or On Edge: Feeling nervous, anxious, or on edge
    - Uncontrollable Worrying: Not being able to stop or control worrying
    - Excessive Worry: Worrying too much about different things
    - Trouble Relaxing: Trouble relaxing
    - Restlessness: Being so restless that it is hard to sit still
    - Irritability: Becoming easily annoyed or irritable
    - Fear Something Awful Might Happen: Feeling afraid, as if something awful might happen
18. Depressive Symptoms Frequency: Next, you will be asked questions about your emotional state. Please answer on a scale of 0 to 3, where 0 is 'Not at all', 1 is 'several days', 2 is 'more than half of the days', and 3 is 'Nearly every day'. Over the last two weeks, how often have you been bothered by the following problems?
    - Anhedonia: Little interest or pleasure in doing things
    - Depressed Mood: Feeling down, depressed, or hopeless
    - Sleep Problems: Trouble falling or staying asleep, or sleeping too much
    - Fatigue: Feeling tired or having little energy
    - Appetite Changes: Poor appetite or overeating
    - Feelings of Worthlessness: Feeling bad about yourself or that you are a failure or have let yourself or your family down
    - Concentration Difficulties: Trouble concentrating on things, such as reading the newspaper or watching television
    - Psychomotor Changes: Moving or speaking so slowly that other people could have noticed. Or the opposite — being so fidgety or restless that you have been moving around a lot more than usual
    - Suicidal Thoughts: Thoughts that you would be better off dead, or of hurting yourself

Responses:
==================================================

Respondent 28:
- Year of birth: 2004.0
- Gender: 1.0
- Socio-economic status: 1.0
- Ethnic identity: 6.0
- Parental Education:
  - Father: 11.0
  - Mother: 11.0
- Life satisfaction: 8.0
- Happiness: 5.0
- Laughter: 3.0
- Learning: 4.0
- Enjoyment: 6.0
- Worry: 3.0
- Depression: 2.0
- Anger: 4.0
- Stress: 4.0
- Loneliness: 10.0
- Emotional Regulation Frequency:
  - Upset by Unexpected Events: 4.0
  - Unable to Control Important Things: 4.0
  - Lacked Confidence Handling Problems: 2.0
  - Unable to Cope: 3.0
  - Irritated by Life: 3.0
  - On Top of Things: 2.0
- Anxiety Symptoms Frequency:
  - Feeling Nervous or On Edge: 3.0
  - Trouble Relaxing: 2.0
  - Restlessness: 2.0
  - Irritability: 2.0
  - Fear Something Awful Might Happen: 3.0
- Depressive Symptoms Frequency:
  - Anhedonia: 1.0
  - Sleep Problems: 2.0
  - Fatigue: 2.0
  - Appetite Changes: 2.0
  - Feelings of Worthlessness: 2.0
  - Concentration Difficulties: 2.0
  - Suicidal Thoughts: 1.0

Respondent 132:
- Year of birth: 2002.0
- Gender: 2.0
- Socio-economic status: 5.0
- Ethnic identity: 5.0
- Parental Education:
  - Father: 20.0
  - Mother: 16.0
- Life satisfaction: 6.0
- Happiness: 8.0
- Laughter: 8.0
- Learning: 9.0
- Enjoyment: 9.0
- Worry: 2.0
- Depression: 1.0
- Anger: 4.0
- Stress: 4.0
- Loneliness: 1.0
- Emotional Regulation Frequency:
  - Upset by Unexpected Events: 4.0
  - Unable to Control Important Things: 3.0
  - Lacked Confidence Handling Problems: 3.0
  - Unable to Cope: 3.0
  - Irritated by Life: 3.0
  - On Top of Things: 2.0
- Anxiety Symptoms Frequency:
  - Feeling Nervous or On Edge: 3.0
  - Trouble Relaxing: 3.0
  - Restlessness: 2.0
  - Irritability: 1.0
  - Fear Something Awful Might Happen: 3.0
- Depressive Symptoms Frequency:
  - Anhedonia: 0.0
  - Sleep Problems: 3.0
  - Fatigue: 2.0
  - Appetite Changes: 3.0
  - Feelings of Worthlessness: 3.0
  - Concentration Difficulties: 3.0
  - Suicidal Thoughts: 1.0

Respondent 58:
- Year of birth: 2004.0
- Gender: 1.0
- Socio-economic status: 3.0
- Ethnic identity: 6.0
- Parental Education:
  - Father: 18.0
  - Mother: 16.0
- Life satisfaction: 7.0
- Happiness: 10.0
- Laughter: 10.0
- Learning: 3.0
- Enjoyment: 10.0
- Worry: 2.0
- Depression: 0.0
- Anger: 2.0
- Stress: 2.0
- Loneliness: 0.0
- Emotional Regulation Frequency:
  - Upset by Unexpected Events: 3.0
  - Unable to Control Important Things: 3.0
  - Lacked Confidence Handling Problems: 1.0
  - Unable to Cope: 3.0
  - Irritated by Life: 1.0
  - On Top of Things: 1.0
- Anxiety Symptoms Frequency:
  - Feeling Nervous or On Edge: 1.0
  - Trouble Relaxing: 1.0
  - Restlessness: 0.0
  - Irritability: 1.0
  - Fear Something Awful Might Happen: 1.0
- Depressive Symptoms Frequency:
  - Anhedonia: 1.0
  - Sleep Problems: 1.0
  - Fatigue: 1.0
  - Appetite Changes: 1.0
  - Feelings of Worthlessness: 1.0
  - Concentration Difficulties: 0.0
  - Suicidal Thoughts: 0.0

Respondent 61:
- Year of birth: 2003.0
- Gender: 1.0
- Socio-economic status: 6.0
- Ethnic identity: 6.0
- Life satisfaction: 10.0
- Happiness: 8.0
- Laughter: 8.0
- Learning: 3.0
- Enjoyment: 9.0
- Worry: 1.0
- Depression: 0.0
- Anger: 3.0
- Stress: 2.0
- Loneliness: 0.0
- Emotional Regulation Frequency:
  - Upset by Unexpected Events: 2.0
  - Unable to Control Important Things: 1.0
  - Lacked Confidence Handling Problems: 3.0
  - Unable to Cope: 1.0
  - Irritated by Life: 3.0
  - On Top of Things: 3.0
- Anxiety Symptoms Frequency:
  - Feeling Nervous or On Edge: 1.0
  - Trouble Relaxing: 0.0
  - Restlessness: 0.0
  - Irritability: 0.0
  - Fear Something Awful Might Happen: 1.0
- Depressive Symptoms Frequency:
  - Anhedonia: 1.0
  - Sleep Problems: 2.0
  - Fatigue: 0.0
  - Appetite Changes: 0.0
  - Feelings of Worthlessness: 0.0
  - Concentration Difficulties: 1.0
  - Suicidal Thoughts: 0.0

Respondent 133:
- Year of birth: 2002.0
- Gender: 2.0
- Socio-economic status: 5.0
- Ethnic identity: 6.0
- Parental Education:
  - Father: 15.0
  - Mother: 15.0
- Life satisfaction: 6.0
- Happiness: 9.0
- Laughter: 3.0
- Learning: 7.0
- Enjoyment: 4.0
- Worry: 1.0
- Depression: 3.0
- Anger: 1.0
- Stress: 3.0
- Loneliness: 5.0
- Emotional Regulation Frequency:
  - Upset by Unexpected Events: 2.0
  - Unable to Control Important Things: 3.0
  - Lacked Confidence Handling Problems: 3.0
  - Unable to Cope: 3.0
  - Irritated by Life: 3.0
  - On Top of Things: 2.0
- Anxiety Symptoms Frequency:
  - Feeling Nervous or On Edge: 2.0
  - Trouble Relaxing: 0.0
  - Restlessness: 0.0
  - Irritability: 0.0
  - Fear Something Awful Might Happen: 0.0
- Depressive Symptoms Frequency:
  - Anhedonia: 3.0
  - Sleep Problems: 3.0
  - Fatigue: 2.0
  - Appetite Changes: 0.0
  - Feelings of Worthlessness: 0.0
  - Concentration Difficulties: 0.0
  - Suicidal Thoughts: 0.0

Respondent 24:
- Year of birth: 2002.0
- Gender: 1.0
- Socio-economic status: 3.0
- Ethnic identity: 6.0
- Life satisfaction: 6.0
- Happiness: 5.0
- Laughter: 4.0
- Learning: 9.0
- Enjoyment: 4.0
- Worry: 0.0
- Depression: 0.0
- Anger: 3.0
- Stress: 2.0
- Loneliness: 10.0
- Emotional Regulation Frequency:
  - Upset by Unexpected Events: 3.0
  - Unable to Control Important Things: 4.0
  - Lacked Confidence Handling Problems: 3.0
  - Unable to Cope: 2.0
  - Irritated by Life: 3.0
  - On Top of Things: 3.0
- Anxiety Symptoms Frequency:
  - Feeling Nervous or On Edge: 1.0
  - Trouble Relaxing: 2.0
  - Restlessness: 2.0
  - Irritability: 0.0
  - Fear Something Awful Might Happen: 1.0
- Depressive Symptoms Frequency:
  - Anhedonia: 1.0
  - Sleep Problems: 2.0
  - Fatigue: 1.0
  - Appetite Changes: 3.0
  - Feelings of Worthlessness: 1.0
  - Concentration Difficulties: 2.0
  - Suicidal Thoughts: 0.0

Respondent 97:
- Year of birth: 2003.0
- Gender: 2.0
- Socio-economic status: 3.0
- Ethnic identity: 6.0
- Parental Education:
  - Father: 17.0
  - Mother: 17.0
- Life satisfaction: 7.0
- Happiness: 5.0
- Laughter: 4.0
- Learning: 7.0
- Enjoyment: 5.0
- Worry: 1.0
- Depression: 1.0
- Anger: 2.0
- Stress: 4.0
- Loneliness: 7.0
- Emotional Regulation Frequency:
  - Upset by Unexpected Events: 3.0
  - Unable to Control Important Things: 1.0
  - Lacked Confidence Handling Problems: 3.0
  - Unable to Cope: 2.0
  - Irritated by Life: 3.0
  - On Top of Things: 3.0
- Anxiety Symptoms Frequency:
  - Feeling Nervous or On Edge: 1.0
  - Trouble Relaxing: 1.0
  - Restlessness: 0.0
  - Irritability: 3.0
  - Fear Something Awful Might Happen: 0.0
- Depressive Symptoms Frequency:
  - Anhedonia: 0.0
  - Sleep Problems: 1.0
  - Fatigue: 1.0
  - Appetite Changes: 1.0
  - Feelings of Worthlessness: 0.0
  - Concentration Difficulties: 0.0
  - Suicidal Thoughts: 0.0
",7,"How many respondents are there?

DATA:

Survey Data
==================================================

Questions:
1. Year of birth: What is your date of birth? [Open-ended]
2. Gender: What is your gender? [MCQ: 1. Male 2. Female]
3. Socio-economic status: What is the socio-economic status of your home? [Likert 1–6: 1 = Very low, 6 = Very high]
4. Ethnic identity: According to your culture, people, or physical features, you are or are recognized as: [MCQ: 1. Indigenous 2. Gypsy 3. Raizal from San Andres, Providencia and Santa Catalina Archipelago 4. Palenquero from San Basilio 5. Black, mulatto (Afro-descendant), Afro-Colombian 6. None of the above]
5. Parental Education: How many years of education did your parents receive? [Open-ended]
   - Father: Father?
   - Mother: Mother?
6. Life satisfaction: In general, how satisfied are you with all aspects of your life? [Likert 0–10: 0 = Not satisfied, 10 = Totally satisfied]
7. Happiness: How happy did you feel yesterday? [Likert 0–10: 0 = At no time, 10 = All the time]
8. Laughter: How much did you laugh yesterday? [Likert 0–10: 0 = At no time, 10 = All the time]
9. Learning: Did you learn new or exciting things yesterday? [Likert 0–10: 0 = At no time, 10 = All the time]
10. Enjoyment: How much did you enjoy the activities you did yesterday? [Likert 0–10: 0 = At no time, 10 = All the time]
11. Worry: How worried did you feel yesterday? [Likert 0–10: 0 = At no time, 10 = All the time]
12. Depression: How depressed did you feel yesterday? [Likert 0–10: 0 = At no time, 10 = All the time]
13. Anger: How angry did you feel yesterday? [Likert 0–10: 0 = At no time, 10 = All the time]
14. Stress: How much stress did you feel yesterday? [Likert 0–10: 0 = At no time, 10 = All the time]
15. Loneliness: How lonely or unsupported did you feel yesterday? [Likert 0–10: 0 = At no time, 10 = All the time]
16. Emotional Regulation Frequency: Next, you will be asked questions about your emotional state. Please answer on a scale of 0 to 4, where 0 is never, 1 is 'almost never', 2 is 'sometimes', 3 is 'fairly often', and 4 is 'very often', how often you experienced the following feelings during the last month: [Likert 0–4]
    - Upset by Unexpected Events: how often have you been upset because of something that happened unexpectedly?
    - Unable to Control Important Things: how often have you felt that you were unable to control the important things in your life?
    - Nervous and Stressed: how often have you felt nervous and stressed?
    - Lacked Confidence Handling Problems: how often have you felt confident about your ability to handle your personal problems?
    - Things Going Your Way: how often have you felt that things were going your way?
    - Unable to Cope: how often have you found that you could not cope with all the things that you had to do?
    - Irritated by Life: how often have you been able to control irritations in your life?
    - On Top of Things: how often have you felt that you were on top of things?
    - Angered by Uncontrollable Events: how often have you been angered because of things that happened that were outside of your control?
    - Felt Overwhelmed: how often have you felt difficulties were piling up so high that you could not overcome them?
17. Anxiety Symptoms Frequency: Next, you will be asked questions about your emotional state. Please answer on a scale of 0 to 3, where 0 is 'Not at all', 1 is 'several days', 2 is 'more than half of the days', and 3 is 'Nearly every day'. Over the last two weeks, how often have you been bothered by the following problems? [Likert 0–3]
    - Feeling Nervous or On Edge: Feeling nervous, anxious, or on edge
    - Uncontrollable Worrying: Not being able to stop or control worrying
    - Excessive Worry: Worrying too much about different things
    - Trouble Relaxing: Trouble relaxing
    - Restlessness: Being so restless that it is hard to sit still
    - Irritability: Becoming easily annoyed or irritable
    - Fear Something Awful Might Happen: Feeling afraid, as if something awful might happen
18. Depressive Symptoms Frequency: Next, you will be asked questions about your emotional state. Please answer on a scale of 0 to 3, where 0 is 'Not at all', 1 is 'several days', 2 is 'more than half of the days', and 3 is 'Nearly every day'. Over the last two weeks, how often have you been bothered by the following problems?
    - Anhedonia: Little interest or pleasure in doing things
    - Depressed Mood: Feeling down, depressed, or hopeless
    - Sleep Problems: Trouble falling or staying asleep, or sleeping too much
    - Fatigue: Feeling tired or having little energy
    - Appetite Changes: Poor appetite or overeating
    - Feelings of Worthlessness: Feeling bad about yourself or that you are a failure or have let yourself or your family down
    - Concentration Difficulties: Trouble concentrating on things, such as reading the newspaper or watching television
    - Psychomotor Changes: Moving or speaking so slowly that other people could have noticed. Or the opposite — being so fidgety or restless that you have been moving around a lot more than usual
    - Suicidal Thoughts: Thoughts that you would be better off dead, or of hurting yourself

Responses:
==================================================

Respondent 119:
- Year of birth: 2004.0
- Gender: 1.0
- Socio-economic status: 1.0
- Ethnic identity: 6.0
- Life satisfaction: 4.0
- Happiness: 8.0
- Laughter: 8.0
- Learning: 8.0
- Enjoyment: 8.0
- Worry: 1.0
- Depression: 1.0
- Anger: 2.0
- Stress: 2.0
- Loneliness: 2.0
- Emotional Regulation Frequency:
  - Upset by Unexpected Events: 2.0
  - Unable to Control Important Things: 2.0
  - Lacked Confidence Handling Problems: 2.0
  - Unable to Cope: 2.0
  - Irritated by Life: 2.0
  - On Top of Things: 2.0
- Anxiety Symptoms Frequency:
  - Feeling Nervous or On Edge: 1.0
  - Trouble Relaxing: 1.0
  - Restlessness: 1.0
  - Irritability: 1.0
  - Fear Something Awful Might Happen: 1.0
- Depressive Symptoms Frequency:
  - Anhedonia: 1.0
  - Sleep Problems: 1.0
  - Fatigue: 1.0
  - Appetite Changes: 0.0
  - Feelings of Worthlessness: 1.0
  - Concentration Difficulties: 0.0
  - Suicidal Thoughts: 0.0

Respondent 116:
- Year of birth: 2004.0
- Gender: 1.0
- Socio-economic status: 5.0
- Ethnic identity: 6.0
- Parental Education:
  - Father: 17.0
  - Mother: 17.0
- Life satisfaction: 8.0
- Happiness: 8.0
- Laughter: 7.0
- Learning: 7.0
- Enjoyment: 9.0
- Worry: 1.0
- Depression: 1.0
- Anger: 2.0
- Stress: 3.0
- Loneliness: 1.0
- Emotional Regulation Frequency:
  - Upset by Unexpected Events: 2.0
  - Unable to Control Important Things: 2.0
  - Lacked Confidence Handling Problems: 3.0
  - Unable to Cope: 2.0
  - Irritated by Life: 3.0
  - On Top of Things: 2.0
- Anxiety Symptoms Frequency:
  - Feeling Nervous or On Edge: 2.0
  - Trouble Relaxing: 1.0
  - Restlessness: 2.0
  - Irritability: 1.0
  - Fear Something Awful Might Happen: 2.0
- Depressive Symptoms Frequency:
  - Anhedonia: 1.0
  - Sleep Problems: 0.0
  - Fatigue: 2.0
  - Appetite Changes: 2.0
  - Feelings of Worthlessness: 1.0
  - Concentration Difficulties: 2.0
  - Suicidal Thoughts: 0.0

Answer: 2

Survey Data
==================================================

Questions:
1. Year of birth: What is your date of birth? [Open-ended]
2. Gender: What is your gender? [MCQ: 1. Male 2. Female]
3. Socio-economic status: What is the socio-economic status of your home? [Likert 1–6: 1 = Very low, 6 = Very high]
4. Ethnic identity: According to your culture, people, or physical features, you are or are recognized as: [MCQ: 1. Indigenous 2. Gypsy 3. Raizal from San Andres, Providencia and Santa Catalina Archipelago 4. Palenquero from San Basilio 5. Black, mulatto (Afro-descendant), Afro-Colombian 6. None of the above]
5. Parental Education: How many years of education did your parents receive? [Open-ended]
   - Father: Father?
   - Mother: Mother?
6. Life satisfaction: In general, how satisfied are you with all aspects of your life? [Likert 0–10: 0 = Not satisfied, 10 = Totally satisfied]
7. Happiness: How happy did you feel yesterday? [Likert 0–10: 0 = At no time, 10 = All the time]
8. Laughter: How much did you laugh yesterday? [Likert 0–10: 0 = At no time, 10 = All the time]
9. Learning: Did you learn new or exciting things yesterday? [Likert 0–10: 0 = At no time, 10 = All the time]
10. Enjoyment: How much did you enjoy the activities you did yesterday? [Likert 0–10: 0 = At no time, 10 = All the time]
11. Worry: How worried did you feel yesterday? [Likert 0–10: 0 = At no time, 10 = All the time]
12. Depression: How depressed did you feel yesterday? [Likert 0–10: 0 = At no time, 10 = All the time]
13. Anger: How angry did you feel yesterday? [Likert 0–10: 0 = At no time, 10 = All the time]
14. Stress: How much stress did you feel yesterday? [Likert 0–10: 0 = At no time, 10 = All the time]
15. Loneliness: How lonely or unsupported did you feel yesterday? [Likert 0–10: 0 = At no time, 10 = All the time]
16. Emotional Regulation Frequency: Next, you will be asked questions about your emotional state. Please answer on a scale of 0 to 4, where 0 is never, 1 is 'almost never', 2 is 'sometimes', 3 is 'fairly often', and 4 is 'very often', how often you experienced the following feelings during the last month: [Likert 0–4]
    - Upset by Unexpected Events: how often have you been upset because of something that happened unexpectedly?
    - Unable to Control Important Things: how often have you felt that you were unable to control the important things in your life?
    - Nervous and Stressed: how often have you felt nervous and stressed?
    - Lacked Confidence Handling Problems: how often have you felt confident about your ability to handle your personal problems?
    - Things Going Your Way: how often have you felt that things were going your way?
    - Unable to Cope: how often have you found that you could not cope with all the things that you had to do?
    - Irritated by Life: how often have you been able to control irritations in your life?
    - On Top of Things: how often have you felt that you were on top of things?
    - Angered by Uncontrollable Events: how often have you been angered because of things that happened that were outside of your control?
    - Felt Overwhelmed: how often have you felt difficulties were piling up so high that you could not overcome them?
17. Anxiety Symptoms Frequency: Next, you will be asked questions about your emotional state. Please answer on a scale of 0 to 3, where 0 is 'Not at all', 1 is 'several days', 2 is 'more than half of the days', and 3 is 'Nearly every day'. Over the last two weeks, how often have you been bothered by the following problems? [Likert 0–3]
    - Feeling Nervous or On Edge: Feeling nervous, anxious, or on edge
    - Uncontrollable Worrying: Not being able to stop or control worrying
    - Excessive Worry: Worrying too much about different things
    - Trouble Relaxing: Trouble relaxing
    - Restlessness: Being so restless that it is hard to sit still
    - Irritability: Becoming easily annoyed or irritable
    - Fear Something Awful Might Happen: Feeling afraid, as if something awful might happen
18. Depressive Symptoms Frequency: Next, you will be asked questions about your emotional state. Please answer on a scale of 0 to 3, where 0 is 'Not at all', 1 is 'several days', 2 is 'more than half of the days', and 3 is 'Nearly every day'. Over the last two weeks, how often have you been bothered by the following problems?
    - Anhedonia: Little interest or pleasure in doing things
    - Depressed Mood: Feeling down, depressed, or hopeless
    - Sleep Problems: Trouble falling or staying asleep, or sleeping too much
    - Fatigue: Feeling tired or having little energy
    - Appetite Changes: Poor appetite or overeating
    - Feelings of Worthlessness: Feeling bad about yourself or that you are a failure or have let yourself or your family down
    - Concentration Difficulties: Trouble concentrating on things, such as reading the newspaper or watching television
    - Psychomotor Changes: Moving or speaking so slowly that other people could have noticed. Or the opposite — being so fidgety or restless that you have been moving around a lot more than usual
    - Suicidal Thoughts: Thoughts that you would be better off dead, or of hurting yourself

Responses:
==================================================

Respondent 28:
- Year of birth: 2004.0
- Gender: 1.0
- Socio-economic status: 1.0
- Ethnic identity: 6.0
- Parental Education:
  - Father: 11.0
  - Mother: 11.0
- Life satisfaction: 8.0
- Happiness: 5.0
- Laughter: 3.0
- Learning: 4.0
- Enjoyment: 6.0
- Worry: 3.0
- Depression: 2.0
- Anger: 4.0
- Stress: 4.0
- Loneliness: 10.0
- Emotional Regulation Frequency:
  - Upset by Unexpected Events: 4.0
  - Unable to Control Important Things: 4.0
  - Lacked Confidence Handling Problems: 2.0
  - Unable to Cope: 3.0
  - Irritated by Life: 3.0
  - On Top of Things: 2.0
- Anxiety Symptoms Frequency:
  - Feeling Nervous or On Edge: 3.0
  - Trouble Relaxing: 2.0
  - Restlessness: 2.0
  - Irritability: 2.0
  - Fear Something Awful Might Happen: 3.0
- Depressive Symptoms Frequency:
  - Anhedonia: 1.0
  - Sleep Problems: 2.0
  - Fatigue: 2.0
  - Appetite Changes: 2.0
  - Feelings of Worthlessness: 2.0
  - Concentration Difficulties: 2.0
  - Suicidal Thoughts: 1.0

Respondent 132:
- Year of birth: 2002.0
- Gender: 2.0
- Socio-economic status: 5.0
- Ethnic identity: 5.0
- Parental Education:
  - Father: 20.0
  - Mother: 16.0
- Life satisfaction: 6.0
- Happiness: 8.0
- Laughter: 8.0
- Learning: 9.0
- Enjoyment: 9.0
- Worry: 2.0
- Depression: 1.0
- Anger: 4.0
- Stress: 4.0
- Loneliness: 1.0
- Emotional Regulation Frequency:
  - Upset by Unexpected Events: 4.0
  - Unable to Control Important Things: 3.0
  - Lacked Confidence Handling Problems: 3.0
  - Unable to Cope: 3.0
  - Irritated by Life: 3.0
  - On Top of Things: 2.0
- Anxiety Symptoms Frequency:
  - Feeling Nervous or On Edge: 3.0
  - Trouble Relaxing: 3.0
  - Restlessness: 2.0
  - Irritability: 1.0
  - Fear Something Awful Might Happen: 3.0
- Depressive Symptoms Frequency:
  - Anhedonia: 0.0
  - Sleep Problems: 3.0
  - Fatigue: 2.0
  - Appetite Changes: 3.0
  - Feelings of Worthlessness: 3.0
  - Concentration Difficulties: 3.0
  - Suicidal Thoughts: 1.0

Respondent 58:
- Year of birth: 2004.0
- Gender: 1.0
- Socio-economic status: 3.0
- Ethnic identity: 6.0
- Parental Education:
  - Father: 18.0
  - Mother: 16.0
- Life satisfaction: 7.0
- Happiness: 10.0
- Laughter: 10.0
- Learning: 3.0
- Enjoyment: 10.0
- Worry: 2.0
- Depression: 0.0
- Anger: 2.0
- Stress: 2.0
- Loneliness: 0.0
- Emotional Regulation Frequency:
  - Upset by Unexpected Events: 3.0
  - Unable to Control Important Things: 3.0
  - Lacked Confidence Handling Problems: 1.0
  - Unable to Cope: 3.0
  - Irritated by Life: 1.0
  - On Top of Things: 1.0
- Anxiety Symptoms Frequency:
  - Feeling Nervous or On Edge: 1.0
  - Trouble Relaxing: 1.0
  - Restlessness: 0.0
  - Irritability: 1.0
  - Fear Something Awful Might Happen: 1.0
- Depressive Symptoms Frequency:
  - Anhedonia: 1.0
  - Sleep Problems: 1.0
  - Fatigue: 1.0
  - Appetite Changes: 1.0
  - Feelings of Worthlessness: 1.0
  - Concentration Difficulties: 0.0
  - Suicidal Thoughts: 0.0

Respondent 61:
- Year of birth: 2003.0
- Gender: 1.0
- Socio-economic status: 6.0
- Ethnic identity: 6.0
- Life satisfaction: 10.0
- Happiness: 8.0
- Laughter: 8.0
- Learning: 3.0
- Enjoyment: 9.0
- Worry: 1.0
- Depression: 0.0
- Anger: 3.0
- Stress: 2.0
- Loneliness: 0.0
- Emotional Regulation Frequency:
  - Upset by Unexpected Events: 2.0
  - Unable to Control Important Things: 1.0
  - Lacked Confidence Handling Problems: 3.0
  - Unable to Cope: 1.0
  - Irritated by Life: 3.0
  - On Top of Things: 3.0
- Anxiety Symptoms Frequency:
  - Feeling Nervous or On Edge: 1.0
  - Trouble Relaxing: 0.0
  - Restlessness: 0.0
  - Irritability: 0.0
  - Fear Something Awful Might Happen: 1.0
- Depressive Symptoms Frequency:
  - Anhedonia: 1.0
  - Sleep Problems: 2.0
  - Fatigue: 0.0
  - Appetite Changes: 0.0
  - Feelings of Worthlessness: 0.0
  - Concentration Difficulties: 1.0
  - Suicidal Thoughts: 0.0

Respondent 133:
- Year of birth: 2002.0
- Gender: 2.0
- Socio-economic status: 5.0
- Ethnic identity: 6.0
- Parental Education:
  - Father: 15.0
  - Mother: 15.0
- Life satisfaction: 6.0
- Happiness: 9.0
- Laughter: 3.0
- Learning: 7.0
- Enjoyment: 4.0
- Worry: 1.0
- Depression: 3.0
- Anger: 1.0
- Stress: 3.0
- Loneliness: 5.0
- Emotional Regulation Frequency:
  - Upset by Unexpected Events: 2.0
  - Unable to Control Important Things: 3.0
  - Lacked Confidence Handling Problems: 3.0
  - Unable to Cope: 3.0
  - Irritated by Life: 3.0
  - On Top of Things: 2.0
- Anxiety Symptoms Frequency:
  - Feeling Nervous or On Edge: 2.0
  - Trouble Relaxing: 0.0
  - Restlessness: 0.0
  - Irritability: 0.0
  - Fear Something Awful Might Happen: 0.0
- Depressive Symptoms Frequency:
  - Anhedonia: 3.0
  - Sleep Problems: 3.0
  - Fatigue: 2.0
  - Appetite Changes: 0.0
  - Feelings of Worthlessness: 0.0
  - Concentration Difficulties: 0.0
  - Suicidal Thoughts: 0.0

Respondent 24:
- Year of birth: 2002.0
- Gender: 1.0
- Socio-economic status: 3.0
- Ethnic identity: 6.0
- Life satisfaction: 6.0
- Happiness: 5.0
- Laughter: 4.0
- Learning: 9.0
- Enjoyment: 4.0
- Worry: 0.0
- Depression: 0.0
- Anger: 3.0
- Stress: 2.0
- Loneliness: 10.0
- Emotional Regulation Frequency:
  - Upset by Unexpected Events: 3.0
  - Unable to Control Important Things: 4.0
  - Lacked Confidence Handling Problems: 3.0
  - Unable to Cope: 2.0
  - Irritated by Life: 3.0
  - On Top of Things: 3.0
- Anxiety Symptoms Frequency:
  - Feeling Nervous or On Edge: 1.0
  - Trouble Relaxing: 2.0
  - Restlessness: 2.0
  - Irritability: 0.0
  - Fear Something Awful Might Happen: 1.0
- Depressive Symptoms Frequency:
  - Anhedonia: 1.0
  - Sleep Problems: 2.0
  - Fatigue: 1.0
  - Appetite Changes: 3.0
  - Feelings of Worthlessness: 1.0
  - Concentration Difficulties: 2.0
  - Suicidal Thoughts: 0.0

Respondent 97:
- Year of birth: 2003.0
- Gender: 2.0
- Socio-economic status: 3.0
- Ethnic identity: 6.0
- Parental Education:
  - Father: 17.0
  - Mother: 17.0
- Life satisfaction: 7.0
- Happiness: 5.0
- Laughter: 4.0
- Learning: 7.0
- Enjoyment: 5.0
- Worry: 1.0
- Depression: 1.0
- Anger: 2.0
- Stress: 4.0
- Loneliness: 7.0
- Emotional Regulation Frequency:
  - Upset by Unexpected Events: 3.0
  - Unable to Control Important Things: 1.0
  - Lacked Confidence Handling Problems: 3.0
  - Unable to Cope: 2.0
  - Irritated by Life: 3.0
  - On Top of Things: 3.0
- Anxiety Symptoms Frequency:
  - Feeling Nervous or On Edge: 1.0
  - Trouble Relaxing: 1.0
  - Restlessness: 0.0
  - Irritability: 3.0
  - Fear Something Awful Might Happen: 0.0
- Depressive Symptoms Frequency:
  - Anhedonia: 0.0
  - Sleep Problems: 1.0
  - Fatigue: 1.0
  - Appetite Changes: 1.0
  - Feelings of Worthlessness: 0.0
  - Concentration Difficulties: 0.0
  - Suicidal Thoughts: 0.0

You are a meticulous data analyst AI. Your primary function is to accurately analyze structured data and provide precise, verifiable answers.

You will be given a dataset with two key parts:

A 'questions' section: This is your data dictionary or schema. It is the single source of truth for understanding what each field and score means. Refer to it carefully.

A 'responses' section: This contains the raw data from each individual respondent.

To answer the question correctly, you must first use the 'questions' schema to fully understand the context and meaning of the data points within the 'responses'. Do not rely on any prior knowledge outside of this provided data. Base your entire analysis on the information given.

Provide your final answer directly and concisely. Output must be the human-readable value, not an option code.

Rules:
- For MCQ fields, map any letter codes in the Responses (case-insensitive) to the corresponding option text from the Questions schema, and output only that text. Do NOT include the letter or both.
  Example: If the schema is ""[MCQ: A. Abnormal B. Inconclusive C. Normal]"" and the response is ""a"", output ""Abnormal"".
- For open-ended fields, output the exact text value.
- If the question asks for a count, provide only the number (e.g., ""42"").
- If the question asks for a list of names or IDs, provide a simple comma-separated list (e.g., ""17, 21, 23"").
- Preserve capitalization exactly as in the schema (e.g., output ""Abnormal"", not ""abnormal"" or ""A"").

How many respondents are there?",7,True
case_45,respondent_count,How many respondents are there?,"Survey Data
==================================================

Questions:
1. Year of birth: What is your date of birth? [Open-ended]
2. Gender: What is your gender? [MCQ: 1. Male 2. Female]
3. Socio-economic status: What is the socio-economic status of your home? [Likert 1–6: 1 = Very low, 6 = Very high]
4. Ethnic identity: According to your culture, people, or physical features, you are or are recognized as: [MCQ: 1. Indigenous 2. Gypsy 3. Raizal from San Andres, Providencia and Santa Catalina Archipelago 4. Palenquero from San Basilio 5. Black, mulatto (Afro-descendant), Afro-Colombian 6. None of the above]
5. Parental Education: How many years of education did your parents receive? [Open-ended]
   - Father: Father?
   - Mother: Mother?
6. Life satisfaction: In general, how satisfied are you with all aspects of your life? [Likert 0–10: 0 = Not satisfied, 10 = Totally satisfied]
7. Happiness: How happy did you feel yesterday? [Likert 0–10: 0 = At no time, 10 = All the time]
8. Laughter: How much did you laugh yesterday? [Likert 0–10: 0 = At no time, 10 = All the time]
9. Learning: Did you learn new or exciting things yesterday? [Likert 0–10: 0 = At no time, 10 = All the time]
10. Enjoyment: How much did you enjoy the activities you did yesterday? [Likert 0–10: 0 = At no time, 10 = All the time]
11. Worry: How worried did you feel yesterday? [Likert 0–10: 0 = At no time, 10 = All the time]
12. Depression: How depressed did you feel yesterday? [Likert 0–10: 0 = At no time, 10 = All the time]
13. Anger: How angry did you feel yesterday? [Likert 0–10: 0 = At no time, 10 = All the time]
14. Stress: How much stress did you feel yesterday? [Likert 0–10: 0 = At no time, 10 = All the time]
15. Loneliness: How lonely or unsupported did you feel yesterday? [Likert 0–10: 0 = At no time, 10 = All the time]
16. Emotional Regulation Frequency: Next, you will be asked questions about your emotional state. Please answer on a scale of 0 to 4, where 0 is never, 1 is 'almost never', 2 is 'sometimes', 3 is 'fairly often', and 4 is 'very often', how often you experienced the following feelings during the last month: [Likert 0–4]
    - Upset by Unexpected Events: how often have you been upset because of something that happened unexpectedly?
    - Unable to Control Important Things: how often have you felt that you were unable to control the important things in your life?
    - Nervous and Stressed: how often have you felt nervous and stressed?
    - Lacked Confidence Handling Problems: how often have you felt confident about your ability to handle your personal problems?
    - Things Going Your Way: how often have you felt that things were going your way?
    - Unable to Cope: how often have you found that you could not cope with all the things that you had to do?
    - Irritated by Life: how often have you been able to control irritations in your life?
    - On Top of Things: how often have you felt that you were on top of things?
    - Angered by Uncontrollable Events: how often have you been angered because of things that happened that were outside of your control?
    - Felt Overwhelmed: how often have you felt difficulties were piling up so high that you could not overcome them?
17. Anxiety Symptoms Frequency: Next, you will be asked questions about your emotional state. Please answer on a scale of 0 to 3, where 0 is 'Not at all', 1 is 'several days', 2 is 'more than half of the days', and 3 is 'Nearly every day'. Over the last two weeks, how often have you been bothered by the following problems? [Likert 0–3]
    - Feeling Nervous or On Edge: Feeling nervous, anxious, or on edge
    - Uncontrollable Worrying: Not being able to stop or control worrying
    - Excessive Worry: Worrying too much about different things
    - Trouble Relaxing: Trouble relaxing
    - Restlessness: Being so restless that it is hard to sit still
    - Irritability: Becoming easily annoyed or irritable
    - Fear Something Awful Might Happen: Feeling afraid, as if something awful might happen
18. Depressive Symptoms Frequency: Next, you will be asked questions about your emotional state. Please answer on a scale of 0 to 3, where 0 is 'Not at all', 1 is 'several days', 2 is 'more than half of the days', and 3 is 'Nearly every day'. Over the last two weeks, how often have you been bothered by the following problems?
    - Anhedonia: Little interest or pleasure in doing things
    - Depressed Mood: Feeling down, depressed, or hopeless
    - Sleep Problems: Trouble falling or staying asleep, or sleeping too much
    - Fatigue: Feeling tired or having little energy
    - Appetite Changes: Poor appetite or overeating
    - Feelings of Worthlessness: Feeling bad about yourself or that you are a failure or have let yourself or your family down
    - Concentration Difficulties: Trouble concentrating on things, such as reading the newspaper or watching television
    - Psychomotor Changes: Moving or speaking so slowly that other people could have noticed. Or the opposite — being so fidgety or restless that you have been moving around a lot more than usual
    - Suicidal Thoughts: Thoughts that you would be better off dead, or of hurting yourself

Responses:
==================================================

Respondent 1:
- Year of birth: 2001.0
- Gender: 1.0
- Socio-economic status: 4.0
- Ethnic identity: 6.0
- Parental Education:
  - Father: 25.0
  - Mother: 25.0
- Life satisfaction: 7.0
- Happiness: 5.0
- Laughter: 5.0
- Learning: 5.0
- Enjoyment: 7.0
- Worry: 0.0
- Depression: 0.0
- Anger: 3.0
- Stress: 2.0
- Loneliness: 0.0
- Emotional Regulation Frequency:
  - Upset by Unexpected Events: 1.0
  - Unable to Control Important Things: 2.0
  - Lacked Confidence Handling Problems: 3.0
  - Unable to Cope: 0.0
  - Irritated by Life: 3.0
  - On Top of Things: 3.0
- Anxiety Symptoms Frequency:
  - Feeling Nervous or On Edge: 1.0
  - Trouble Relaxing: 0.0
  - Restlessness: 0.0
  - Irritability: 0.0
  - Fear Something Awful Might Happen: 3.0
- Depressive Symptoms Frequency:
  - Anhedonia: 0.0
  - Sleep Problems: 0.0
  - Fatigue: 1.0
  - Appetite Changes: 3.0
  - Feelings of Worthlessness: 0.0
  - Concentration Difficulties: 0.0
  - Suicidal Thoughts: 0.0

Respondent 50:
- Year of birth: 2004.0
- Gender: 2.0
- Socio-economic status: 1.0
- Ethnic identity: 6.0
- Parental Education:
  - Father: 16.0
  - Mother: 11.0
- Life satisfaction: 8.0
- Happiness: 8.0
- Laughter: 6.0
- Learning: 8.0
- Enjoyment: 8.0
- Worry: 1.0
- Depression: 2.0
- Anger: 4.0
- Stress: 3.0
- Loneliness: 0.0
- Emotional Regulation Frequency:
  - Upset by Unexpected Events: 2.0
  - Unable to Control Important Things: 3.0
  - Lacked Confidence Handling Problems: 3.0
  - Unable to Cope: 2.0
  - Irritated by Life: 3.0
  - On Top of Things: 2.0
- Anxiety Symptoms Frequency:
  - Feeling Nervous or On Edge: 2.0
  - Trouble Relaxing: 1.0
  - Restlessness: 0.0
  - Irritability: 2.0
  - Fear Something Awful Might Happen: 2.0
- Depressive Symptoms Frequency:
  - Anhedonia: 1.0
  - Sleep Problems: 2.0
  - Fatigue: 3.0
  - Appetite Changes: 0.0
  - Feelings of Worthlessness: 1.0
  - Concentration Difficulties: 0.0
  - Suicidal Thoughts: 0.0

Respondent 13:
- Year of birth: 2002.0
- Gender: 1.0
- Socio-economic status: 3.0
- Ethnic identity: 6.0
- Life satisfaction: 7.0
- Happiness: 7.0
- Laughter: 9.0
- Learning: 5.0
- Enjoyment: 9.0
- Worry: 1.0
- Depression: 1.0
- Anger: 2.0
- Stress: 3.0
- Loneliness: 0.0
- Emotional Regulation Frequency:
  - Upset by Unexpected Events: 2.0
  - Unable to Control Important Things: 3.0
  - Lacked Confidence Handling Problems: 2.0
  - Unable to Cope: 2.0
  - Irritated by Life: 3.0
  - On Top of Things: 2.0
- Anxiety Symptoms Frequency:
  - Feeling Nervous or On Edge: 1.0
  - Trouble Relaxing: 1.0
  - Restlessness: 1.0
  - Irritability: 1.0
  - Fear Something Awful Might Happen: 0.0
- Depressive Symptoms Frequency:
  - Anhedonia: 1.0
  - Sleep Problems: 1.0
  - Fatigue: 1.0
  - Appetite Changes: 0.0
  - Feelings of Worthlessness: 1.0
  - Concentration Difficulties: 0.0
  - Suicidal Thoughts: 0.0

Respondent 48:
- Year of birth: 2005.0
- Gender: 1.0
- Socio-economic status: 4.0
- Ethnic identity: 6.0
- Life satisfaction: 10.0
- Happiness: 8.0
- Laughter: 7.0
- Learning: 8.0
- Enjoyment: 5.0
- Worry: 0.0
- Depression: 0.0
- Anger: 1.0
- Stress: 1.0
- Loneliness: 3.0
- Emotional Regulation Frequency:
  - Upset by Unexpected Events: 1.0
  - Unable to Control Important Things: 1.0
  - Lacked Confidence Handling Problems: 3.0
  - Unable to Cope: 1.0
  - Irritated by Life: 3.0
  - On Top of Things: 3.0
- Anxiety Symptoms Frequency:
  - Feeling Nervous or On Edge: 0.0
  - Trouble Relaxing: 1.0
  - Restlessness: 1.0
  - Irritability: 1.0
  - Fear Something Awful Might Happen: 0.0
- Depressive Symptoms Frequency:
  - Anhedonia: 0.0
  - Sleep Problems: 3.0
  - Fatigue: 1.0
  - Appetite Changes: 1.0
  - Feelings of Worthlessness: 0.0
  - Concentration Difficulties: 2.0
  - Suicidal Thoughts: 0.0

Respondent 85:
- Year of birth: 2004.0
- Gender: 2.0
- Socio-economic status: 3.0
- Ethnic identity: 6.0
- Parental Education:
  - Father: 18.0
- Life satisfaction: 5.0
- Happiness: 6.0
- Laughter: 6.0
- Learning: 8.0
- Enjoyment: 5.0
- Worry: 1.0
- Depression: 1.0
- Anger: 2.0
- Stress: 4.0
- Loneliness: 1.0
- Emotional Regulation Frequency:
  - Upset by Unexpected Events: 2.0
  - Unable to Control Important Things: 3.0
  - Lacked Confidence Handling Problems: 2.0
  - Unable to Cope: 3.0
  - Irritated by Life: 3.0
  - On Top of Things: 2.0
- Anxiety Symptoms Frequency:
  - Feeling Nervous or On Edge: 1.0
  - Trouble Relaxing: 1.0
  - Restlessness: 0.0
  - Irritability: 1.0
  - Fear Something Awful Might Happen: 1.0
- Depressive Symptoms Frequency:
  - Anhedonia: 2.0
  - Sleep Problems: 2.0
  - Fatigue: 3.0
  - Appetite Changes: 3.0
  - Feelings of Worthlessness: 1.0
  - Concentration Difficulties: 1.0
  - Suicidal Thoughts: 0.0

Respondent 67:
- Year of birth: 2003.0
- Gender: 1.0
- Socio-economic status: 1.0
- Ethnic identity: 6.0
- Parental Education:
  - Father: 11.0
  - Mother: 11.0
- Life satisfaction: 7.0
- Happiness: 5.0
- Laughter: 2.0
- Learning: 7.0
- Enjoyment: 7.0
- Worry: 0.0
- Depression: 1.0
- Anger: 1.0
- Stress: 2.0
- Loneliness: 2.0
- Emotional Regulation Frequency:
  - Upset by Unexpected Events: 1.0
  - Unable to Control Important Things: 2.0
  - Lacked Confidence Handling Problems: 2.0
  - Unable to Cope: 2.0
  - Irritated by Life: 3.0
  - On Top of Things: 2.0
- Anxiety Symptoms Frequency:
  - Feeling Nervous or On Edge: 0.0
  - Trouble Relaxing: 0.0
  - Restlessness: 0.0
  - Irritability: 0.0
  - Fear Something Awful Might Happen: 1.0
- Depressive Symptoms Frequency:
  - Anhedonia: 0.0
  - Sleep Problems: 0.0
  - Fatigue: 1.0
  - Appetite Changes: 1.0
  - Feelings of Worthlessness: 0.0
  - Concentration Difficulties: 0.0
  - Suicidal Thoughts: 0.0

Respondent 59:
- Year of birth: 2004.0
- Gender: 2.0
- Socio-economic status: 3.0
- Ethnic identity: 6.0
- Parental Education:
  - Father: 4.0
  - Mother: 4.0
- Life satisfaction: 5.0
- Happiness: 6.0
- Laughter: 6.0
- Learning: 6.0
- Enjoyment: 7.0
- Worry: 3.0
- Depression: 2.0
- Anger: 2.0
- Stress: 4.0
- Loneliness: 5.0
- Emotional Regulation Frequency:
  - Upset by Unexpected Events: 3.0
  - Unable to Control Important Things: 4.0
  - Lacked Confidence Handling Problems: 4.0
  - Unable to Cope: 3.0
  - Irritated by Life: 3.0
  - On Top of Things: 2.0
- Anxiety Symptoms Frequency:
  - Feeling Nervous or On Edge: 3.0
  - Trouble Relaxing: 2.0
  - Restlessness: 2.0
  - Irritability: 3.0
  - Fear Something Awful Might Happen: 1.0
- Depressive Symptoms Frequency:
  - Anhedonia: 2.0
  - Sleep Problems: 3.0
  - Fatigue: 3.0
  - Appetite Changes: 3.0
  - Feelings of Worthlessness: 3.0
  - Concentration Difficulties: 3.0
  - Suicidal Thoughts: 2.0

Respondent 70:
- Year of birth: 1999.0
- Gender: 2.0
- Socio-economic status: 1.0
- Ethnic identity: 6.0
- Life satisfaction: 3.0
- Happiness: 3.0
- Laughter: 3.0
- Learning: 3.0
- Enjoyment: 3.0
- Worry: 2.0
- Depression: 2.0
- Anger: 2.0
- Stress: 3.0
- Loneliness: 3.0
- Emotional Regulation Frequency:
  - Upset by Unexpected Events: 2.0
  - Unable to Control Important Things: 2.0
  - Lacked Confidence Handling Problems: 2.0
  - Unable to Cope: 2.0
  - Irritated by Life: 2.0
  - On Top of Things: 2.0
- Anxiety Symptoms Frequency:
  - Feeling Nervous or On Edge: 2.0
  - Trouble Relaxing: 2.0
  - Restlessness: 2.0
  - Irritability: 2.0
  - Fear Something Awful Might Happen: 2.0
- Depressive Symptoms Frequency:
  - Anhedonia: 2.0
  - Sleep Problems: 2.0
  - Fatigue: 2.0
  - Appetite Changes: 2.0
  - Feelings of Worthlessness: 1.0
  - Concentration Difficulties: 2.0
  - Suicidal Thoughts: 0.0

Respondent 133:
- Year of birth: 2002.0
- Gender: 2.0
- Socio-economic status: 5.0
- Ethnic identity: 6.0
- Parental Education:
  - Father: 15.0
  - Mother: 15.0
- Life satisfaction: 6.0
- Happiness: 9.0
- Laughter: 3.0
- Learning: 7.0
- Enjoyment: 4.0
- Worry: 1.0
- Depression: 3.0
- Anger: 1.0
- Stress: 3.0
- Loneliness: 5.0
- Emotional Regulation Frequency:
  - Upset by Unexpected Events: 2.0
  - Unable to Control Important Things: 3.0
  - Lacked Confidence Handling Problems: 3.0
  - Unable to Cope: 3.0
  - Irritated by Life: 3.0
  - On Top of Things: 2.0
- Anxiety Symptoms Frequency:
  - Feeling Nervous or On Edge: 2.0
  - Trouble Relaxing: 0.0
  - Restlessness: 0.0
  - Irritability: 0.0
  - Fear Something Awful Might Happen: 0.0
- Depressive Symptoms Frequency:
  - Anhedonia: 3.0
  - Sleep Problems: 3.0
  - Fatigue: 2.0
  - Appetite Changes: 0.0
  - Feelings of Worthlessness: 0.0
  - Concentration Difficulties: 0.0
  - Suicidal Thoughts: 0.0
",9,"How many respondents are there?

DATA:

Survey Data
==================================================

Questions:
1. Year of birth: What is your date of birth? [Open-ended]
2. Gender: What is your gender? [MCQ: 1. Male 2. Female]
3. Socio-economic status: What is the socio-economic status of your home? [Likert 1–6: 1 = Very low, 6 = Very high]
4. Ethnic identity: According to your culture, people, or physical features, you are or are recognized as: [MCQ: 1. Indigenous 2. Gypsy 3. Raizal from San Andres, Providencia and Santa Catalina Archipelago 4. Palenquero from San Basilio 5. Black, mulatto (Afro-descendant), Afro-Colombian 6. None of the above]
5. Parental Education: How many years of education did your parents receive? [Open-ended]
   - Father: Father?
   - Mother: Mother?
6. Life satisfaction: In general, how satisfied are you with all aspects of your life? [Likert 0–10: 0 = Not satisfied, 10 = Totally satisfied]
7. Happiness: How happy did you feel yesterday? [Likert 0–10: 0 = At no time, 10 = All the time]
8. Laughter: How much did you laugh yesterday? [Likert 0–10: 0 = At no time, 10 = All the time]
9. Learning: Did you learn new or exciting things yesterday? [Likert 0–10: 0 = At no time, 10 = All the time]
10. Enjoyment: How much did you enjoy the activities you did yesterday? [Likert 0–10: 0 = At no time, 10 = All the time]
11. Worry: How worried did you feel yesterday? [Likert 0–10: 0 = At no time, 10 = All the time]
12. Depression: How depressed did you feel yesterday? [Likert 0–10: 0 = At no time, 10 = All the time]
13. Anger: How angry did you feel yesterday? [Likert 0–10: 0 = At no time, 10 = All the time]
14. Stress: How much stress did you feel yesterday? [Likert 0–10: 0 = At no time, 10 = All the time]
15. Loneliness: How lonely or unsupported did you feel yesterday? [Likert 0–10: 0 = At no time, 10 = All the time]
16. Emotional Regulation Frequency: Next, you will be asked questions about your emotional state. Please answer on a scale of 0 to 4, where 0 is never, 1 is 'almost never', 2 is 'sometimes', 3 is 'fairly often', and 4 is 'very often', how often you experienced the following feelings during the last month: [Likert 0–4]
    - Upset by Unexpected Events: how often have you been upset because of something that happened unexpectedly?
    - Unable to Control Important Things: how often have you felt that you were unable to control the important things in your life?
    - Nervous and Stressed: how often have you felt nervous and stressed?
    - Lacked Confidence Handling Problems: how often have you felt confident about your ability to handle your personal problems?
    - Things Going Your Way: how often have you felt that things were going your way?
    - Unable to Cope: how often have you found that you could not cope with all the things that you had to do?
    - Irritated by Life: how often have you been able to control irritations in your life?
    - On Top of Things: how often have you felt that you were on top of things?
    - Angered by Uncontrollable Events: how often have you been angered because of things that happened that were outside of your control?
    - Felt Overwhelmed: how often have you felt difficulties were piling up so high that you could not overcome them?
17. Anxiety Symptoms Frequency: Next, you will be asked questions about your emotional state. Please answer on a scale of 0 to 3, where 0 is 'Not at all', 1 is 'several days', 2 is 'more than half of the days', and 3 is 'Nearly every day'. Over the last two weeks, how often have you been bothered by the following problems? [Likert 0–3]
    - Feeling Nervous or On Edge: Feeling nervous, anxious, or on edge
    - Uncontrollable Worrying: Not being able to stop or control worrying
    - Excessive Worry: Worrying too much about different things
    - Trouble Relaxing: Trouble relaxing
    - Restlessness: Being so restless that it is hard to sit still
    - Irritability: Becoming easily annoyed or irritable
    - Fear Something Awful Might Happen: Feeling afraid, as if something awful might happen
18. Depressive Symptoms Frequency: Next, you will be asked questions about your emotional state. Please answer on a scale of 0 to 3, where 0 is 'Not at all', 1 is 'several days', 2 is 'more than half of the days', and 3 is 'Nearly every day'. Over the last two weeks, how often have you been bothered by the following problems?
    - Anhedonia: Little interest or pleasure in doing things
    - Depressed Mood: Feeling down, depressed, or hopeless
    - Sleep Problems: Trouble falling or staying asleep, or sleeping too much
    - Fatigue: Feeling tired or having little energy
    - Appetite Changes: Poor appetite or overeating
    - Feelings of Worthlessness: Feeling bad about yourself or that you are a failure or have let yourself or your family down
    - Concentration Difficulties: Trouble concentrating on things, such as reading the newspaper or watching television
    - Psychomotor Changes: Moving or speaking so slowly that other people could have noticed. Or the opposite — being so fidgety or restless that you have been moving around a lot more than usual
    - Suicidal Thoughts: Thoughts that you would be better off dead, or of hurting yourself

Responses:
==================================================

Respondent 119:
- Year of birth: 2004.0
- Gender: 1.0
- Socio-economic status: 1.0
- Ethnic identity: 6.0
- Life satisfaction: 4.0
- Happiness: 8.0
- Laughter: 8.0
- Learning: 8.0
- Enjoyment: 8.0
- Worry: 1.0
- Depression: 1.0
- Anger: 2.0
- Stress: 2.0
- Loneliness: 2.0
- Emotional Regulation Frequency:
  - Upset by Unexpected Events: 2.0
  - Unable to Control Important Things: 2.0
  - Lacked Confidence Handling Problems: 2.0
  - Unable to Cope: 2.0
  - Irritated by Life: 2.0
  - On Top of Things: 2.0
- Anxiety Symptoms Frequency:
  - Feeling Nervous or On Edge: 1.0
  - Trouble Relaxing: 1.0
  - Restlessness: 1.0
  - Irritability: 1.0
  - Fear Something Awful Might Happen: 1.0
- Depressive Symptoms Frequency:
  - Anhedonia: 1.0
  - Sleep Problems: 1.0
  - Fatigue: 1.0
  - Appetite Changes: 0.0
  - Feelings of Worthlessness: 1.0
  - Concentration Difficulties: 0.0
  - Suicidal Thoughts: 0.0

Respondent 116:
- Year of birth: 2004.0
- Gender: 1.0
- Socio-economic status: 5.0
- Ethnic identity: 6.0
- Parental Education:
  - Father: 17.0
  - Mother: 17.0
- Life satisfaction: 8.0
- Happiness: 8.0
- Laughter: 7.0
- Learning: 7.0
- Enjoyment: 9.0
- Worry: 1.0
- Depression: 1.0
- Anger: 2.0
- Stress: 3.0
- Loneliness: 1.0
- Emotional Regulation Frequency:
  - Upset by Unexpected Events: 2.0
  - Unable to Control Important Things: 2.0
  - Lacked Confidence Handling Problems: 3.0
  - Unable to Cope: 2.0
  - Irritated by Life: 3.0
  - On Top of Things: 2.0
- Anxiety Symptoms Frequency:
  - Feeling Nervous or On Edge: 2.0
  - Trouble Relaxing: 1.0
  - Restlessness: 2.0
  - Irritability: 1.0
  - Fear Something Awful Might Happen: 2.0
- Depressive Symptoms Frequency:
  - Anhedonia: 1.0
  - Sleep Problems: 0.0
  - Fatigue: 2.0
  - Appetite Changes: 2.0
  - Feelings of Worthlessness: 1.0
  - Concentration Difficulties: 2.0
  - Suicidal Thoughts: 0.0

Answer: 2

Survey Data
==================================================

Questions:
1. Year of birth: What is your date of birth? [Open-ended]
2. Gender: What is your gender? [MCQ: 1. Male 2. Female]
3. Socio-economic status: What is the socio-economic status of your home? [Likert 1–6: 1 = Very low, 6 = Very high]
4. Ethnic identity: According to your culture, people, or physical features, you are or are recognized as: [MCQ: 1. Indigenous 2. Gypsy 3. Raizal from San Andres, Providencia and Santa Catalina Archipelago 4. Palenquero from San Basilio 5. Black, mulatto (Afro-descendant), Afro-Colombian 6. None of the above]
5. Parental Education: How many years of education did your parents receive? [Open-ended]
   - Father: Father?
   - Mother: Mother?
6. Life satisfaction: In general, how satisfied are you with all aspects of your life? [Likert 0–10: 0 = Not satisfied, 10 = Totally satisfied]
7. Happiness: How happy did you feel yesterday? [Likert 0–10: 0 = At no time, 10 = All the time]
8. Laughter: How much did you laugh yesterday? [Likert 0–10: 0 = At no time, 10 = All the time]
9. Learning: Did you learn new or exciting things yesterday? [Likert 0–10: 0 = At no time, 10 = All the time]
10. Enjoyment: How much did you enjoy the activities you did yesterday? [Likert 0–10: 0 = At no time, 10 = All the time]
11. Worry: How worried did you feel yesterday? [Likert 0–10: 0 = At no time, 10 = All the time]
12. Depression: How depressed did you feel yesterday? [Likert 0–10: 0 = At no time, 10 = All the time]
13. Anger: How angry did you feel yesterday? [Likert 0–10: 0 = At no time, 10 = All the time]
14. Stress: How much stress did you feel yesterday? [Likert 0–10: 0 = At no time, 10 = All the time]
15. Loneliness: How lonely or unsupported did you feel yesterday? [Likert 0–10: 0 = At no time, 10 = All the time]
16. Emotional Regulation Frequency: Next, you will be asked questions about your emotional state. Please answer on a scale of 0 to 4, where 0 is never, 1 is 'almost never', 2 is 'sometimes', 3 is 'fairly often', and 4 is 'very often', how often you experienced the following feelings during the last month: [Likert 0–4]
    - Upset by Unexpected Events: how often have you been upset because of something that happened unexpectedly?
    - Unable to Control Important Things: how often have you felt that you were unable to control the important things in your life?
    - Nervous and Stressed: how often have you felt nervous and stressed?
    - Lacked Confidence Handling Problems: how often have you felt confident about your ability to handle your personal problems?
    - Things Going Your Way: how often have you felt that things were going your way?
    - Unable to Cope: how often have you found that you could not cope with all the things that you had to do?
    - Irritated by Life: how often have you been able to control irritations in your life?
    - On Top of Things: how often have you felt that you were on top of things?
    - Angered by Uncontrollable Events: how often have you been angered because of things that happened that were outside of your control?
    - Felt Overwhelmed: how often have you felt difficulties were piling up so high that you could not overcome them?
17. Anxiety Symptoms Frequency: Next, you will be asked questions about your emotional state. Please answer on a scale of 0 to 3, where 0 is 'Not at all', 1 is 'several days', 2 is 'more than half of the days', and 3 is 'Nearly every day'. Over the last two weeks, how often have you been bothered by the following problems? [Likert 0–3]
    - Feeling Nervous or On Edge: Feeling nervous, anxious, or on edge
    - Uncontrollable Worrying: Not being able to stop or control worrying
    - Excessive Worry: Worrying too much about different things
    - Trouble Relaxing: Trouble relaxing
    - Restlessness: Being so restless that it is hard to sit still
    - Irritability: Becoming easily annoyed or irritable
    - Fear Something Awful Might Happen: Feeling afraid, as if something awful might happen
18. Depressive Symptoms Frequency: Next, you will be asked questions about your emotional state. Please answer on a scale of 0 to 3, where 0 is 'Not at all', 1 is 'several days', 2 is 'more than half of the days', and 3 is 'Nearly every day'. Over the last two weeks, how often have you been bothered by the following problems?
    - Anhedonia: Little interest or pleasure in doing things
    - Depressed Mood: Feeling down, depressed, or hopeless
    - Sleep Problems: Trouble falling or staying asleep, or sleeping too much
    - Fatigue: Feeling tired or having little energy
    - Appetite Changes: Poor appetite or overeating
    - Feelings of Worthlessness: Feeling bad about yourself or that you are a failure or have let yourself or your family down
    - Concentration Difficulties: Trouble concentrating on things, such as reading the newspaper or watching television
    - Psychomotor Changes: Moving or speaking so slowly that other people could have noticed. Or the opposite — being so fidgety or restless that you have been moving around a lot more than usual
    - Suicidal Thoughts: Thoughts that you would be better off dead, or of hurting yourself

Responses:
==================================================

Respondent 1:
- Year of birth: 2001.0
- Gender: 1.0
- Socio-economic status: 4.0
- Ethnic identity: 6.0
- Parental Education:
  - Father: 25.0
  - Mother: 25.0
- Life satisfaction: 7.0
- Happiness: 5.0
- Laughter: 5.0
- Learning: 5.0
- Enjoyment: 7.0
- Worry: 0.0
- Depression: 0.0
- Anger: 3.0
- Stress: 2.0
- Loneliness: 0.0
- Emotional Regulation Frequency:
  - Upset by Unexpected Events: 1.0
  - Unable to Control Important Things: 2.0
  - Lacked Confidence Handling Problems: 3.0
  - Unable to Cope: 0.0
  - Irritated by Life: 3.0
  - On Top of Things: 3.0
- Anxiety Symptoms Frequency:
  - Feeling Nervous or On Edge: 1.0
  - Trouble Relaxing: 0.0
  - Restlessness: 0.0
  - Irritability: 0.0
  - Fear Something Awful Might Happen: 3.0
- Depressive Symptoms Frequency:
  - Anhedonia: 0.0
  - Sleep Problems: 0.0
  - Fatigue: 1.0
  - Appetite Changes: 3.0
  - Feelings of Worthlessness: 0.0
  - Concentration Difficulties: 0.0
  - Suicidal Thoughts: 0.0

Respondent 50:
- Year of birth: 2004.0
- Gender: 2.0
- Socio-economic status: 1.0
- Ethnic identity: 6.0
- Parental Education:
  - Father: 16.0
  - Mother: 11.0
- Life satisfaction: 8.0
- Happiness: 8.0
- Laughter: 6.0
- Learning: 8.0
- Enjoyment: 8.0
- Worry: 1.0
- Depression: 2.0
- Anger: 4.0
- Stress: 3.0
- Loneliness: 0.0
- Emotional Regulation Frequency:
  - Upset by Unexpected Events: 2.0
  - Unable to Control Important Things: 3.0
  - Lacked Confidence Handling Problems: 3.0
  - Unable to Cope: 2.0
  - Irritated by Life: 3.0
  - On Top of Things: 2.0
- Anxiety Symptoms Frequency:
  - Feeling Nervous or On Edge: 2.0
  - Trouble Relaxing: 1.0
  - Restlessness: 0.0
  - Irritability: 2.0
  - Fear Something Awful Might Happen: 2.0
- Depressive Symptoms Frequency:
  - Anhedonia: 1.0
  - Sleep Problems: 2.0
  - Fatigue: 3.0
  - Appetite Changes: 0.0
  - Feelings of Worthlessness: 1.0
  - Concentration Difficulties: 0.0
  - Suicidal Thoughts: 0.0

Respondent 13:
- Year of birth: 2002.0
- Gender: 1.0
- Socio-economic status: 3.0
- Ethnic identity: 6.0
- Life satisfaction: 7.0
- Happiness: 7.0
- Laughter: 9.0
- Learning: 5.0
- Enjoyment: 9.0
- Worry: 1.0
- Depression: 1.0
- Anger: 2.0
- Stress: 3.0
- Loneliness: 0.0
- Emotional Regulation Frequency:
  - Upset by Unexpected Events: 2.0
  - Unable to Control Important Things: 3.0
  - Lacked Confidence Handling Problems: 2.0
  - Unable to Cope: 2.0
  - Irritated by Life: 3.0
  - On Top of Things: 2.0
- Anxiety Symptoms Frequency:
  - Feeling Nervous or On Edge: 1.0
  - Trouble Relaxing: 1.0
  - Restlessness: 1.0
  - Irritability: 1.0
  - Fear Something Awful Might Happen: 0.0
- Depressive Symptoms Frequency:
  - Anhedonia: 1.0
  - Sleep Problems: 1.0
  - Fatigue: 1.0
  - Appetite Changes: 0.0
  - Feelings of Worthlessness: 1.0
  - Concentration Difficulties: 0.0
  - Suicidal Thoughts: 0.0

Respondent 48:
- Year of birth: 2005.0
- Gender: 1.0
- Socio-economic status: 4.0
- Ethnic identity: 6.0
- Life satisfaction: 10.0
- Happiness: 8.0
- Laughter: 7.0
- Learning: 8.0
- Enjoyment: 5.0
- Worry: 0.0
- Depression: 0.0
- Anger: 1.0
- Stress: 1.0
- Loneliness: 3.0
- Emotional Regulation Frequency:
  - Upset by Unexpected Events: 1.0
  - Unable to Control Important Things: 1.0
  - Lacked Confidence Handling Problems: 3.0
  - Unable to Cope: 1.0
  - Irritated by Life: 3.0
  - On Top of Things: 3.0
- Anxiety Symptoms Frequency:
  - Feeling Nervous or On Edge: 0.0
  - Trouble Relaxing: 1.0
  - Restlessness: 1.0
  - Irritability: 1.0
  - Fear Something Awful Might Happen: 0.0
- Depressive Symptoms Frequency:
  - Anhedonia: 0.0
  - Sleep Problems: 3.0
  - Fatigue: 1.0
  - Appetite Changes: 1.0
  - Feelings of Worthlessness: 0.0
  - Concentration Difficulties: 2.0
  - Suicidal Thoughts: 0.0

Respondent 85:
- Year of birth: 2004.0
- Gender: 2.0
- Socio-economic status: 3.0
- Ethnic identity: 6.0
- Parental Education:
  - Father: 18.0
- Life satisfaction: 5.0
- Happiness: 6.0
- Laughter: 6.0
- Learning: 8.0
- Enjoyment: 5.0
- Worry: 1.0
- Depression: 1.0
- Anger: 2.0
- Stress: 4.0
- Loneliness: 1.0
- Emotional Regulation Frequency:
  - Upset by Unexpected Events: 2.0
  - Unable to Control Important Things: 3.0
  - Lacked Confidence Handling Problems: 2.0
  - Unable to Cope: 3.0
  - Irritated by Life: 3.0
  - On Top of Things: 2.0
- Anxiety Symptoms Frequency:
  - Feeling Nervous or On Edge: 1.0
  - Trouble Relaxing: 1.0
  - Restlessness: 0.0
  - Irritability: 1.0
  - Fear Something Awful Might Happen: 1.0
- Depressive Symptoms Frequency:
  - Anhedonia: 2.0
  - Sleep Problems: 2.0
  - Fatigue: 3.0
  - Appetite Changes: 3.0
  - Feelings of Worthlessness: 1.0
  - Concentration Difficulties: 1.0
  - Suicidal Thoughts: 0.0

Respondent 67:
- Year of birth: 2003.0
- Gender: 1.0
- Socio-economic status: 1.0
- Ethnic identity: 6.0
- Parental Education:
  - Father: 11.0
  - Mother: 11.0
- Life satisfaction: 7.0
- Happiness: 5.0
- Laughter: 2.0
- Learning: 7.0
- Enjoyment: 7.0
- Worry: 0.0
- Depression: 1.0
- Anger: 1.0
- Stress: 2.0
- Loneliness: 2.0
- Emotional Regulation Frequency:
  - Upset by Unexpected Events: 1.0
  - Unable to Control Important Things: 2.0
  - Lacked Confidence Handling Problems: 2.0
  - Unable to Cope: 2.0
  - Irritated by Life: 3.0
  - On Top of Things: 2.0
- Anxiety Symptoms Frequency:
  - Feeling Nervous or On Edge: 0.0
  - Trouble Relaxing: 0.0
  - Restlessness: 0.0
  - Irritability: 0.0
  - Fear Something Awful Might Happen: 1.0
- Depressive Symptoms Frequency:
  - Anhedonia: 0.0
  - Sleep Problems: 0.0
  - Fatigue: 1.0
  - Appetite Changes: 1.0
  - Feelings of Worthlessness: 0.0
  - Concentration Difficulties: 0.0
  - Suicidal Thoughts: 0.0

Respondent 59:
- Year of birth: 2004.0
- Gender: 2.0
- Socio-economic status: 3.0
- Ethnic identity: 6.0
- Parental Education:
  - Father: 4.0
  - Mother: 4.0
- Life satisfaction: 5.0
- Happiness: 6.0
- Laughter: 6.0
- Learning: 6.0
- Enjoyment: 7.0
- Worry: 3.0
- Depression: 2.0
- Anger: 2.0
- Stress: 4.0
- Loneliness: 5.0
- Emotional Regulation Frequency:
  - Upset by Unexpected Events: 3.0
  - Unable to Control Important Things: 4.0
  - Lacked Confidence Handling Problems: 4.0
  - Unable to Cope: 3.0
  - Irritated by Life: 3.0
  - On Top of Things: 2.0
- Anxiety Symptoms Frequency:
  - Feeling Nervous or On Edge: 3.0
  - Trouble Relaxing: 2.0
  - Restlessness: 2.0
  - Irritability: 3.0
  - Fear Something Awful Might Happen: 1.0
- Depressive Symptoms Frequency:
  - Anhedonia: 2.0
  - Sleep Problems: 3.0
  - Fatigue: 3.0
  - Appetite Changes: 3.0
  - Feelings of Worthlessness: 3.0
  - Concentration Difficulties: 3.0
  - Suicidal Thoughts: 2.0

Respondent 70:
- Year of birth: 1999.0
- Gender: 2.0
- Socio-economic status: 1.0
- Ethnic identity: 6.0
- Life satisfaction: 3.0
- Happiness: 3.0
- Laughter: 3.0
- Learning: 3.0
- Enjoyment: 3.0
- Worry: 2.0
- Depression: 2.0
- Anger: 2.0
- Stress: 3.0
- Loneliness: 3.0
- Emotional Regulation Frequency:
  - Upset by Unexpected Events: 2.0
  - Unable to Control Important Things: 2.0
  - Lacked Confidence Handling Problems: 2.0
  - Unable to Cope: 2.0
  - Irritated by Life: 2.0
  - On Top of Things: 2.0
- Anxiety Symptoms Frequency:
  - Feeling Nervous or On Edge: 2.0
  - Trouble Relaxing: 2.0
  - Restlessness: 2.0
  - Irritability: 2.0
  - Fear Something Awful Might Happen: 2.0
- Depressive Symptoms Frequency:
  - Anhedonia: 2.0
  - Sleep Problems: 2.0
  - Fatigue: 2.0
  - Appetite Changes: 2.0
  - Feelings of Worthlessness: 1.0
  - Concentration Difficulties: 2.0
  - Suicidal Thoughts: 0.0

Respondent 133:
- Year of birth: 2002.0
- Gender: 2.0
- Socio-economic status: 5.0
- Ethnic identity: 6.0
- Parental Education:
  - Father: 15.0
  - Mother: 15.0
- Life satisfaction: 6.0
- Happiness: 9.0
- Laughter: 3.0
- Learning: 7.0
- Enjoyment: 4.0
- Worry: 1.0
- Depression: 3.0
- Anger: 1.0
- Stress: 3.0
- Loneliness: 5.0
- Emotional Regulation Frequency:
  - Upset by Unexpected Events: 2.0
  - Unable to Control Important Things: 3.0
  - Lacked Confidence Handling Problems: 3.0
  - Unable to Cope: 3.0
  - Irritated by Life: 3.0
  - On Top of Things: 2.0
- Anxiety Symptoms Frequency:
  - Feeling Nervous or On Edge: 2.0
  - Trouble Relaxing: 0.0
  - Restlessness: 0.0
  - Irritability: 0.0
  - Fear Something Awful Might Happen: 0.0
- Depressive Symptoms Frequency:
  - Anhedonia: 3.0
  - Sleep Problems: 3.0
  - Fatigue: 2.0
  - Appetite Changes: 0.0
  - Feelings of Worthlessness: 0.0
  - Concentration Difficulties: 0.0
  - Suicidal Thoughts: 0.0

You are a meticulous data analyst AI. Your primary function is to accurately analyze structured data and provide precise, verifiable answers.

You will be given a dataset with two key parts:

A 'questions' section: This is your data dictionary or schema. It is the single source of truth for understanding what each field and score means. Refer to it carefully.

A 'responses' section: This contains the raw data from each individual respondent.

To answer the question correctly, you must first use the 'questions' schema to fully understand the context and meaning of the data points within the 'responses'. Do not rely on any prior knowledge outside of this provided data. Base your entire analysis on the information given.

Provide your final answer directly and concisely. Output must be the human-readable value, not an option code.

Rules:
- For MCQ fields, map any letter codes in the Responses (case-insensitive) to the corresponding option text from the Questions schema, and output only that text. Do NOT include the letter or both.
  Example: If the schema is ""[MCQ: A. Abnormal B. Inconclusive C. Normal]"" and the response is ""a"", output ""Abnormal"".
- For open-ended fields, output the exact text value.
- If the question asks for a count, provide only the number (e.g., ""42"").
- If the question asks for a list of names or IDs, provide a simple comma-separated list (e.g., ""17, 21, 23"").
- Preserve capitalization exactly as in the schema (e.g., output ""Abnormal"", not ""abnormal"" or ""A"").

How many respondents are there?",11,False
case_46,respondent_count,How many respondents are there?,"Survey Data
==================================================

Questions:
1. Year of birth: What is your date of birth? [Open-ended]
2. Gender: What is your gender? [MCQ: 1. Male 2. Female]
3. Socio-economic status: What is the socio-economic status of your home? [Likert 1–6: 1 = Very low, 6 = Very high]
4. Ethnic identity: According to your culture, people, or physical features, you are or are recognized as: [MCQ: 1. Indigenous 2. Gypsy 3. Raizal from San Andres, Providencia and Santa Catalina Archipelago 4. Palenquero from San Basilio 5. Black, mulatto (Afro-descendant), Afro-Colombian 6. None of the above]
5. Parental Education: How many years of education did your parents receive? [Open-ended]
   - Father: Father?
   - Mother: Mother?
6. Life satisfaction: In general, how satisfied are you with all aspects of your life? [Likert 0–10: 0 = Not satisfied, 10 = Totally satisfied]
7. Happiness: How happy did you feel yesterday? [Likert 0–10: 0 = At no time, 10 = All the time]
8. Laughter: How much did you laugh yesterday? [Likert 0–10: 0 = At no time, 10 = All the time]
9. Learning: Did you learn new or exciting things yesterday? [Likert 0–10: 0 = At no time, 10 = All the time]
10. Enjoyment: How much did you enjoy the activities you did yesterday? [Likert 0–10: 0 = At no time, 10 = All the time]
11. Worry: How worried did you feel yesterday? [Likert 0–10: 0 = At no time, 10 = All the time]
12. Depression: How depressed did you feel yesterday? [Likert 0–10: 0 = At no time, 10 = All the time]
13. Anger: How angry did you feel yesterday? [Likert 0–10: 0 = At no time, 10 = All the time]
14. Stress: How much stress did you feel yesterday? [Likert 0–10: 0 = At no time, 10 = All the time]
15. Loneliness: How lonely or unsupported did you feel yesterday? [Likert 0–10: 0 = At no time, 10 = All the time]
16. Emotional Regulation Frequency: Next, you will be asked questions about your emotional state. Please answer on a scale of 0 to 4, where 0 is never, 1 is 'almost never', 2 is 'sometimes', 3 is 'fairly often', and 4 is 'very often', how often you experienced the following feelings during the last month: [Likert 0–4]
    - Upset by Unexpected Events: how often have you been upset because of something that happened unexpectedly?
    - Unable to Control Important Things: how often have you felt that you were unable to control the important things in your life?
    - Nervous and Stressed: how often have you felt nervous and stressed?
    - Lacked Confidence Handling Problems: how often have you felt confident about your ability to handle your personal problems?
    - Things Going Your Way: how often have you felt that things were going your way?
    - Unable to Cope: how often have you found that you could not cope with all the things that you had to do?
    - Irritated by Life: how often have you been able to control irritations in your life?
    - On Top of Things: how often have you felt that you were on top of things?
    - Angered by Uncontrollable Events: how often have you been angered because of things that happened that were outside of your control?
    - Felt Overwhelmed: how often have you felt difficulties were piling up so high that you could not overcome them?
17. Anxiety Symptoms Frequency: Next, you will be asked questions about your emotional state. Please answer on a scale of 0 to 3, where 0 is 'Not at all', 1 is 'several days', 2 is 'more than half of the days', and 3 is 'Nearly every day'. Over the last two weeks, how often have you been bothered by the following problems? [Likert 0–3]
    - Feeling Nervous or On Edge: Feeling nervous, anxious, or on edge
    - Uncontrollable Worrying: Not being able to stop or control worrying
    - Excessive Worry: Worrying too much about different things
    - Trouble Relaxing: Trouble relaxing
    - Restlessness: Being so restless that it is hard to sit still
    - Irritability: Becoming easily annoyed or irritable
    - Fear Something Awful Might Happen: Feeling afraid, as if something awful might happen
18. Depressive Symptoms Frequency: Next, you will be asked questions about your emotional state. Please answer on a scale of 0 to 3, where 0 is 'Not at all', 1 is 'several days', 2 is 'more than half of the days', and 3 is 'Nearly every day'. Over the last two weeks, how often have you been bothered by the following problems?
    - Anhedonia: Little interest or pleasure in doing things
    - Depressed Mood: Feeling down, depressed, or hopeless
    - Sleep Problems: Trouble falling or staying asleep, or sleeping too much
    - Fatigue: Feeling tired or having little energy
    - Appetite Changes: Poor appetite or overeating
    - Feelings of Worthlessness: Feeling bad about yourself or that you are a failure or have let yourself or your family down
    - Concentration Difficulties: Trouble concentrating on things, such as reading the newspaper or watching television
    - Psychomotor Changes: Moving or speaking so slowly that other people could have noticed. Or the opposite — being so fidgety or restless that you have been moving around a lot more than usual
    - Suicidal Thoughts: Thoughts that you would be better off dead, or of hurting yourself

Responses:
==================================================

Respondent 19:
- Year of birth: 2005.0
- Gender: 1.0
- Socio-economic status: 4.0
- Ethnic identity: 5.0
- Parental Education:
  - Father: 25.0
  - Mother: 20.0
- Life satisfaction: 8.0
- Happiness: 7.0
- Laughter: 6.0
- Learning: 6.0
- Enjoyment: 7.0
- Worry: 3.0
- Depression: 0.0
- Anger: 1.0
- Stress: 4.0
- Loneliness: 4.0
- Emotional Regulation Frequency:
  - Upset by Unexpected Events: 1.0
  - Unable to Control Important Things: 3.0
  - Lacked Confidence Handling Problems: 2.0
  - Unable to Cope: 1.0
  - Irritated by Life: 3.0
  - On Top of Things: 3.0
- Anxiety Symptoms Frequency:
  - Feeling Nervous or On Edge: 3.0
  - Trouble Relaxing: 3.0
  - Restlessness: 0.0
  - Irritability: 1.0
  - Fear Something Awful Might Happen: 1.0
- Depressive Symptoms Frequency:
  - Anhedonia: 1.0
  - Sleep Problems: 1.0
  - Fatigue: 3.0
  - Appetite Changes: 1.0
  - Feelings of Worthlessness: 0.0
  - Concentration Difficulties: 1.0
  - Suicidal Thoughts: 0.0
",1,"How many respondents are there?

DATA:

Survey Data
==================================================

Questions:
1. Year of birth: What is your date of birth? [Open-ended]
2. Gender: What is your gender? [MCQ: 1. Male 2. Female]
3. Socio-economic status: What is the socio-economic status of your home? [Likert 1–6: 1 = Very low, 6 = Very high]
4. Ethnic identity: According to your culture, people, or physical features, you are or are recognized as: [MCQ: 1. Indigenous 2. Gypsy 3. Raizal from San Andres, Providencia and Santa Catalina Archipelago 4. Palenquero from San Basilio 5. Black, mulatto (Afro-descendant), Afro-Colombian 6. None of the above]
5. Parental Education: How many years of education did your parents receive? [Open-ended]
   - Father: Father?
   - Mother: Mother?
6. Life satisfaction: In general, how satisfied are you with all aspects of your life? [Likert 0–10: 0 = Not satisfied, 10 = Totally satisfied]
7. Happiness: How happy did you feel yesterday? [Likert 0–10: 0 = At no time, 10 = All the time]
8. Laughter: How much did you laugh yesterday? [Likert 0–10: 0 = At no time, 10 = All the time]
9. Learning: Did you learn new or exciting things yesterday? [Likert 0–10: 0 = At no time, 10 = All the time]
10. Enjoyment: How much did you enjoy the activities you did yesterday? [Likert 0–10: 0 = At no time, 10 = All the time]
11. Worry: How worried did you feel yesterday? [Likert 0–10: 0 = At no time, 10 = All the time]
12. Depression: How depressed did you feel yesterday? [Likert 0–10: 0 = At no time, 10 = All the time]
13. Anger: How angry did you feel yesterday? [Likert 0–10: 0 = At no time, 10 = All the time]
14. Stress: How much stress did you feel yesterday? [Likert 0–10: 0 = At no time, 10 = All the time]
15. Loneliness: How lonely or unsupported did you feel yesterday? [Likert 0–10: 0 = At no time, 10 = All the time]
16. Emotional Regulation Frequency: Next, you will be asked questions about your emotional state. Please answer on a scale of 0 to 4, where 0 is never, 1 is 'almost never', 2 is 'sometimes', 3 is 'fairly often', and 4 is 'very often', how often you experienced the following feelings during the last month: [Likert 0–4]
    - Upset by Unexpected Events: how often have you been upset because of something that happened unexpectedly?
    - Unable to Control Important Things: how often have you felt that you were unable to control the important things in your life?
    - Nervous and Stressed: how often have you felt nervous and stressed?
    - Lacked Confidence Handling Problems: how often have you felt confident about your ability to handle your personal problems?
    - Things Going Your Way: how often have you felt that things were going your way?
    - Unable to Cope: how often have you found that you could not cope with all the things that you had to do?
    - Irritated by Life: how often have you been able to control irritations in your life?
    - On Top of Things: how often have you felt that you were on top of things?
    - Angered by Uncontrollable Events: how often have you been angered because of things that happened that were outside of your control?
    - Felt Overwhelmed: how often have you felt difficulties were piling up so high that you could not overcome them?
17. Anxiety Symptoms Frequency: Next, you will be asked questions about your emotional state. Please answer on a scale of 0 to 3, where 0 is 'Not at all', 1 is 'several days', 2 is 'more than half of the days', and 3 is 'Nearly every day'. Over the last two weeks, how often have you been bothered by the following problems? [Likert 0–3]
    - Feeling Nervous or On Edge: Feeling nervous, anxious, or on edge
    - Uncontrollable Worrying: Not being able to stop or control worrying
    - Excessive Worry: Worrying too much about different things
    - Trouble Relaxing: Trouble relaxing
    - Restlessness: Being so restless that it is hard to sit still
    - Irritability: Becoming easily annoyed or irritable
    - Fear Something Awful Might Happen: Feeling afraid, as if something awful might happen
18. Depressive Symptoms Frequency: Next, you will be asked questions about your emotional state. Please answer on a scale of 0 to 3, where 0 is 'Not at all', 1 is 'several days', 2 is 'more than half of the days', and 3 is 'Nearly every day'. Over the last two weeks, how often have you been bothered by the following problems?
    - Anhedonia: Little interest or pleasure in doing things
    - Depressed Mood: Feeling down, depressed, or hopeless
    - Sleep Problems: Trouble falling or staying asleep, or sleeping too much
    - Fatigue: Feeling tired or having little energy
    - Appetite Changes: Poor appetite or overeating
    - Feelings of Worthlessness: Feeling bad about yourself or that you are a failure or have let yourself or your family down
    - Concentration Difficulties: Trouble concentrating on things, such as reading the newspaper or watching television
    - Psychomotor Changes: Moving or speaking so slowly that other people could have noticed. Or the opposite — being so fidgety or restless that you have been moving around a lot more than usual
    - Suicidal Thoughts: Thoughts that you would be better off dead, or of hurting yourself

Responses:
==================================================

Respondent 119:
- Year of birth: 2004.0
- Gender: 1.0
- Socio-economic status: 1.0
- Ethnic identity: 6.0
- Life satisfaction: 4.0
- Happiness: 8.0
- Laughter: 8.0
- Learning: 8.0
- Enjoyment: 8.0
- Worry: 1.0
- Depression: 1.0
- Anger: 2.0
- Stress: 2.0
- Loneliness: 2.0
- Emotional Regulation Frequency:
  - Upset by Unexpected Events: 2.0
  - Unable to Control Important Things: 2.0
  - Lacked Confidence Handling Problems: 2.0
  - Unable to Cope: 2.0
  - Irritated by Life: 2.0
  - On Top of Things: 2.0
- Anxiety Symptoms Frequency:
  - Feeling Nervous or On Edge: 1.0
  - Trouble Relaxing: 1.0
  - Restlessness: 1.0
  - Irritability: 1.0
  - Fear Something Awful Might Happen: 1.0
- Depressive Symptoms Frequency:
  - Anhedonia: 1.0
  - Sleep Problems: 1.0
  - Fatigue: 1.0
  - Appetite Changes: 0.0
  - Feelings of Worthlessness: 1.0
  - Concentration Difficulties: 0.0
  - Suicidal Thoughts: 0.0

Respondent 116:
- Year of birth: 2004.0
- Gender: 1.0
- Socio-economic status: 5.0
- Ethnic identity: 6.0
- Parental Education:
  - Father: 17.0
  - Mother: 17.0
- Life satisfaction: 8.0
- Happiness: 8.0
- Laughter: 7.0
- Learning: 7.0
- Enjoyment: 9.0
- Worry: 1.0
- Depression: 1.0
- Anger: 2.0
- Stress: 3.0
- Loneliness: 1.0
- Emotional Regulation Frequency:
  - Upset by Unexpected Events: 2.0
  - Unable to Control Important Things: 2.0
  - Lacked Confidence Handling Problems: 3.0
  - Unable to Cope: 2.0
  - Irritated by Life: 3.0
  - On Top of Things: 2.0
- Anxiety Symptoms Frequency:
  - Feeling Nervous or On Edge: 2.0
  - Trouble Relaxing: 1.0
  - Restlessness: 2.0
  - Irritability: 1.0
  - Fear Something Awful Might Happen: 2.0
- Depressive Symptoms Frequency:
  - Anhedonia: 1.0
  - Sleep Problems: 0.0
  - Fatigue: 2.0
  - Appetite Changes: 2.0
  - Feelings of Worthlessness: 1.0
  - Concentration Difficulties: 2.0
  - Suicidal Thoughts: 0.0

Answer: 2

Survey Data
==================================================

Questions:
1. Year of birth: What is your date of birth? [Open-ended]
2. Gender: What is your gender? [MCQ: 1. Male 2. Female]
3. Socio-economic status: What is the socio-economic status of your home? [Likert 1–6: 1 = Very low, 6 = Very high]
4. Ethnic identity: According to your culture, people, or physical features, you are or are recognized as: [MCQ: 1. Indigenous 2. Gypsy 3. Raizal from San Andres, Providencia and Santa Catalina Archipelago 4. Palenquero from San Basilio 5. Black, mulatto (Afro-descendant), Afro-Colombian 6. None of the above]
5. Parental Education: How many years of education did your parents receive? [Open-ended]
   - Father: Father?
   - Mother: Mother?
6. Life satisfaction: In general, how satisfied are you with all aspects of your life? [Likert 0–10: 0 = Not satisfied, 10 = Totally satisfied]
7. Happiness: How happy did you feel yesterday? [Likert 0–10: 0 = At no time, 10 = All the time]
8. Laughter: How much did you laugh yesterday? [Likert 0–10: 0 = At no time, 10 = All the time]
9. Learning: Did you learn new or exciting things yesterday? [Likert 0–10: 0 = At no time, 10 = All the time]
10. Enjoyment: How much did you enjoy the activities you did yesterday? [Likert 0–10: 0 = At no time, 10 = All the time]
11. Worry: How worried did you feel yesterday? [Likert 0–10: 0 = At no time, 10 = All the time]
12. Depression: How depressed did you feel yesterday? [Likert 0–10: 0 = At no time, 10 = All the time]
13. Anger: How angry did you feel yesterday? [Likert 0–10: 0 = At no time, 10 = All the time]
14. Stress: How much stress did you feel yesterday? [Likert 0–10: 0 = At no time, 10 = All the time]
15. Loneliness: How lonely or unsupported did you feel yesterday? [Likert 0–10: 0 = At no time, 10 = All the time]
16. Emotional Regulation Frequency: Next, you will be asked questions about your emotional state. Please answer on a scale of 0 to 4, where 0 is never, 1 is 'almost never', 2 is 'sometimes', 3 is 'fairly often', and 4 is 'very often', how often you experienced the following feelings during the last month: [Likert 0–4]
    - Upset by Unexpected Events: how often have you been upset because of something that happened unexpectedly?
    - Unable to Control Important Things: how often have you felt that you were unable to control the important things in your life?
    - Nervous and Stressed: how often have you felt nervous and stressed?
    - Lacked Confidence Handling Problems: how often have you felt confident about your ability to handle your personal problems?
    - Things Going Your Way: how often have you felt that things were going your way?
    - Unable to Cope: how often have you found that you could not cope with all the things that you had to do?
    - Irritated by Life: how often have you been able to control irritations in your life?
    - On Top of Things: how often have you felt that you were on top of things?
    - Angered by Uncontrollable Events: how often have you been angered because of things that happened that were outside of your control?
    - Felt Overwhelmed: how often have you felt difficulties were piling up so high that you could not overcome them?
17. Anxiety Symptoms Frequency: Next, you will be asked questions about your emotional state. Please answer on a scale of 0 to 3, where 0 is 'Not at all', 1 is 'several days', 2 is 'more than half of the days', and 3 is 'Nearly every day'. Over the last two weeks, how often have you been bothered by the following problems? [Likert 0–3]
    - Feeling Nervous or On Edge: Feeling nervous, anxious, or on edge
    - Uncontrollable Worrying: Not being able to stop or control worrying
    - Excessive Worry: Worrying too much about different things
    - Trouble Relaxing: Trouble relaxing
    - Restlessness: Being so restless that it is hard to sit still
    - Irritability: Becoming easily annoyed or irritable
    - Fear Something Awful Might Happen: Feeling afraid, as if something awful might happen
18. Depressive Symptoms Frequency: Next, you will be asked questions about your emotional state. Please answer on a scale of 0 to 3, where 0 is 'Not at all', 1 is 'several days', 2 is 'more than half of the days', and 3 is 'Nearly every day'. Over the last two weeks, how often have you been bothered by the following problems?
    - Anhedonia: Little interest or pleasure in doing things
    - Depressed Mood: Feeling down, depressed, or hopeless
    - Sleep Problems: Trouble falling or staying asleep, or sleeping too much
    - Fatigue: Feeling tired or having little energy
    - Appetite Changes: Poor appetite or overeating
    - Feelings of Worthlessness: Feeling bad about yourself or that you are a failure or have let yourself or your family down
    - Concentration Difficulties: Trouble concentrating on things, such as reading the newspaper or watching television
    - Psychomotor Changes: Moving or speaking so slowly that other people could have noticed. Or the opposite — being so fidgety or restless that you have been moving around a lot more than usual
    - Suicidal Thoughts: Thoughts that you would be better off dead, or of hurting yourself

Responses:
==================================================

Respondent 19:
- Year of birth: 2005.0
- Gender: 1.0
- Socio-economic status: 4.0
- Ethnic identity: 5.0
- Parental Education:
  - Father: 25.0
  - Mother: 20.0
- Life satisfaction: 8.0
- Happiness: 7.0
- Laughter: 6.0
- Learning: 6.0
- Enjoyment: 7.0
- Worry: 3.0
- Depression: 0.0
- Anger: 1.0
- Stress: 4.0
- Loneliness: 4.0
- Emotional Regulation Frequency:
  - Upset by Unexpected Events: 1.0
  - Unable to Control Important Things: 3.0
  - Lacked Confidence Handling Problems: 2.0
  - Unable to Cope: 1.0
  - Irritated by Life: 3.0
  - On Top of Things: 3.0
- Anxiety Symptoms Frequency:
  - Feeling Nervous or On Edge: 3.0
  - Trouble Relaxing: 3.0
  - Restlessness: 0.0
  - Irritability: 1.0
  - Fear Something Awful Might Happen: 1.0
- Depressive Symptoms Frequency:
  - Anhedonia: 1.0
  - Sleep Problems: 1.0
  - Fatigue: 3.0
  - Appetite Changes: 1.0
  - Feelings of Worthlessness: 0.0
  - Concentration Difficulties: 1.0
  - Suicidal Thoughts: 0.0

You are a meticulous data analyst AI. Your primary function is to accurately analyze structured data and provide precise, verifiable answers.

You will be given a dataset with two key parts:

A 'questions' section: This is your data dictionary or schema. It is the single source of truth for understanding what each field and score means. Refer to it carefully.

A 'responses' section: This contains the raw data from each individual respondent.

To answer the question correctly, you must first use the 'questions' schema to fully understand the context and meaning of the data points within the 'responses'. Do not rely on any prior knowledge outside of this provided data. Base your entire analysis on the information given.

Provide your final answer directly and concisely. Output must be the human-readable value, not an option code.

Rules:
- For MCQ fields, map any letter codes in the Responses (case-insensitive) to the corresponding option text from the Questions schema, and output only that text. Do NOT include the letter or both.
  Example: If the schema is ""[MCQ: A. Abnormal B. Inconclusive C. Normal]"" and the response is ""a"", output ""Abnormal"".
- For open-ended fields, output the exact text value.
- If the question asks for a count, provide only the number (e.g., ""42"").
- If the question asks for a list of names or IDs, provide a simple comma-separated list (e.g., ""17, 21, 23"").
- Preserve capitalization exactly as in the schema (e.g., output ""Abnormal"", not ""abnormal"" or ""A"").

How many respondents are there?",3,False
case_47,respondent_count,How many respondents are there?,"Survey Data
==================================================

Questions:
1. Year of birth: What is your date of birth? [Open-ended]
2. Gender: What is your gender? [MCQ: 1. Male 2. Female]
3. Socio-economic status: What is the socio-economic status of your home? [Likert 1–6: 1 = Very low, 6 = Very high]
4. Ethnic identity: According to your culture, people, or physical features, you are or are recognized as: [MCQ: 1. Indigenous 2. Gypsy 3. Raizal from San Andres, Providencia and Santa Catalina Archipelago 4. Palenquero from San Basilio 5. Black, mulatto (Afro-descendant), Afro-Colombian 6. None of the above]
5. Parental Education: How many years of education did your parents receive? [Open-ended]
   - Father: Father?
   - Mother: Mother?
6. Life satisfaction: In general, how satisfied are you with all aspects of your life? [Likert 0–10: 0 = Not satisfied, 10 = Totally satisfied]
7. Happiness: How happy did you feel yesterday? [Likert 0–10: 0 = At no time, 10 = All the time]
8. Laughter: How much did you laugh yesterday? [Likert 0–10: 0 = At no time, 10 = All the time]
9. Learning: Did you learn new or exciting things yesterday? [Likert 0–10: 0 = At no time, 10 = All the time]
10. Enjoyment: How much did you enjoy the activities you did yesterday? [Likert 0–10: 0 = At no time, 10 = All the time]
11. Worry: How worried did you feel yesterday? [Likert 0–10: 0 = At no time, 10 = All the time]
12. Depression: How depressed did you feel yesterday? [Likert 0–10: 0 = At no time, 10 = All the time]
13. Anger: How angry did you feel yesterday? [Likert 0–10: 0 = At no time, 10 = All the time]
14. Stress: How much stress did you feel yesterday? [Likert 0–10: 0 = At no time, 10 = All the time]
15. Loneliness: How lonely or unsupported did you feel yesterday? [Likert 0–10: 0 = At no time, 10 = All the time]
16. Emotional Regulation Frequency: Next, you will be asked questions about your emotional state. Please answer on a scale of 0 to 4, where 0 is never, 1 is 'almost never', 2 is 'sometimes', 3 is 'fairly often', and 4 is 'very often', how often you experienced the following feelings during the last month: [Likert 0–4]
    - Upset by Unexpected Events: how often have you been upset because of something that happened unexpectedly?
    - Unable to Control Important Things: how often have you felt that you were unable to control the important things in your life?
    - Nervous and Stressed: how often have you felt nervous and stressed?
    - Lacked Confidence Handling Problems: how often have you felt confident about your ability to handle your personal problems?
    - Things Going Your Way: how often have you felt that things were going your way?
    - Unable to Cope: how often have you found that you could not cope with all the things that you had to do?
    - Irritated by Life: how often have you been able to control irritations in your life?
    - On Top of Things: how often have you felt that you were on top of things?
    - Angered by Uncontrollable Events: how often have you been angered because of things that happened that were outside of your control?
    - Felt Overwhelmed: how often have you felt difficulties were piling up so high that you could not overcome them?
17. Anxiety Symptoms Frequency: Next, you will be asked questions about your emotional state. Please answer on a scale of 0 to 3, where 0 is 'Not at all', 1 is 'several days', 2 is 'more than half of the days', and 3 is 'Nearly every day'. Over the last two weeks, how often have you been bothered by the following problems? [Likert 0–3]
    - Feeling Nervous or On Edge: Feeling nervous, anxious, or on edge
    - Uncontrollable Worrying: Not being able to stop or control worrying
    - Excessive Worry: Worrying too much about different things
    - Trouble Relaxing: Trouble relaxing
    - Restlessness: Being so restless that it is hard to sit still
    - Irritability: Becoming easily annoyed or irritable
    - Fear Something Awful Might Happen: Feeling afraid, as if something awful might happen
18. Depressive Symptoms Frequency: Next, you will be asked questions about your emotional state. Please answer on a scale of 0 to 3, where 0 is 'Not at all', 1 is 'several days', 2 is 'more than half of the days', and 3 is 'Nearly every day'. Over the last two weeks, how often have you been bothered by the following problems?
    - Anhedonia: Little interest or pleasure in doing things
    - Depressed Mood: Feeling down, depressed, or hopeless
    - Sleep Problems: Trouble falling or staying asleep, or sleeping too much
    - Fatigue: Feeling tired or having little energy
    - Appetite Changes: Poor appetite or overeating
    - Feelings of Worthlessness: Feeling bad about yourself or that you are a failure or have let yourself or your family down
    - Concentration Difficulties: Trouble concentrating on things, such as reading the newspaper or watching television
    - Psychomotor Changes: Moving or speaking so slowly that other people could have noticed. Or the opposite — being so fidgety or restless that you have been moving around a lot more than usual
    - Suicidal Thoughts: Thoughts that you would be better off dead, or of hurting yourself

Responses:
==================================================

Respondent 15:
- Year of birth: 1998.0
- Gender: 2.0
- Socio-economic status: 2.0
- Ethnic identity: 6.0
- Parental Education:
  - Father: 15.0
  - Mother: 5.0
- Life satisfaction: 6.0
- Happiness: 8.0
- Laughter: 3.0
- Learning: 8.0
- Enjoyment: 4.0
- Worry: 1.0
- Depression: 0.0
- Anger: 2.0
- Stress: 2.0
- Loneliness: 7.0
- Emotional Regulation Frequency:
  - Upset by Unexpected Events: 4.0
  - Unable to Control Important Things: 2.0
  - Lacked Confidence Handling Problems: 2.0
  - Unable to Cope: 1.0
  - Irritated by Life: 2.0
  - On Top of Things: 3.0
- Anxiety Symptoms Frequency:
  - Feeling Nervous or On Edge: 1.0
  - Trouble Relaxing: 1.0
  - Restlessness: 0.0
  - Irritability: 1.0
  - Fear Something Awful Might Happen: 1.0
- Depressive Symptoms Frequency:
  - Anhedonia: 0.0
  - Sleep Problems: 0.0
  - Fatigue: 1.0
  - Appetite Changes: 1.0
  - Feelings of Worthlessness: 1.0
  - Concentration Difficulties: 1.0
  - Suicidal Thoughts: 0.0

Respondent 90:
- Year of birth: 2004.0
- Gender: 1.0
- Socio-economic status: 5.0
- Ethnic identity: 6.0
- Life satisfaction: 8.0
- Happiness: 5.0
- Laughter: 5.0
- Learning: 7.0
- Enjoyment: 6.0
- Worry: 1.0
- Depression: 1.0
- Anger: 2.0
- Stress: 2.0
- Loneliness: 8.0
- Emotional Regulation Frequency:
  - Upset by Unexpected Events: 2.0
  - Unable to Control Important Things: 2.0
  - Lacked Confidence Handling Problems: 2.0
  - Unable to Cope: 1.0
  - Irritated by Life: 3.0
  - On Top of Things: 3.0
- Anxiety Symptoms Frequency:
  - Feeling Nervous or On Edge: 1.0
  - Trouble Relaxing: 2.0
  - Restlessness: 2.0
  - Irritability: 1.0
  - Fear Something Awful Might Happen: 2.0
- Depressive Symptoms Frequency:
  - Anhedonia: 2.0
  - Sleep Problems: 3.0
  - Fatigue: 1.0
  - Appetite Changes: 2.0
  - Feelings of Worthlessness: 1.0
  - Concentration Difficulties: 1.0
  - Suicidal Thoughts: 1.0

Respondent 38:
- Year of birth: 2001.0
- Gender: 2.0
- Socio-economic status: 3.0
- Ethnic identity: 6.0
- Parental Education:
  - Father: 11.0
  - Mother: 11.0
- Life satisfaction: 5.0
- Happiness: 7.0
- Laughter: 7.0
- Learning: 6.0
- Enjoyment: 3.0
- Worry: 1.0
- Depression: 0.0
- Anger: 3.0
- Stress: 3.0
- Loneliness: 3.0
- Emotional Regulation Frequency:
  - Upset by Unexpected Events: 4.0
  - Unable to Control Important Things: 2.0
  - Lacked Confidence Handling Problems: 3.0
  - Unable to Cope: 2.0
  - Irritated by Life: 3.0
  - On Top of Things: 2.0
- Anxiety Symptoms Frequency:
  - Feeling Nervous or On Edge: 1.0
  - Trouble Relaxing: 1.0
  - Restlessness: 0.0
  - Irritability: 2.0
  - Fear Something Awful Might Happen: 1.0
- Depressive Symptoms Frequency:
  - Anhedonia: 0.0
  - Sleep Problems: 0.0
  - Fatigue: 2.0
  - Appetite Changes: 2.0
  - Feelings of Worthlessness: 1.0
  - Concentration Difficulties: 1.0
  - Suicidal Thoughts: 0.0

Respondent 79:
- Year of birth: 2004.0
- Gender: 1.0
- Socio-economic status: 6.0
- Ethnic identity: 6.0
- Parental Education:
  - Father: 20.0
  - Mother: 20.0
- Life satisfaction: 5.0
- Happiness: 5.0
- Laughter: 10.0
- Learning: 5.0
- Enjoyment: 3.0
- Worry: 0.0
- Depression: 1.0
- Anger: 1.0
- Stress: 1.0
- Loneliness: 10.0
- Emotional Regulation Frequency:
  - Upset by Unexpected Events: 0.0
  - Unable to Control Important Things: 0.0
  - Lacked Confidence Handling Problems: 0.0
  - Unable to Cope: 2.0
  - Irritated by Life: 3.0
  - On Top of Things: 3.0
- Anxiety Symptoms Frequency:
  - Feeling Nervous or On Edge: 0.0
  - Trouble Relaxing: 0.0
  - Restlessness: 0.0
  - Irritability: 1.0
  - Fear Something Awful Might Happen: 0.0
- Depressive Symptoms Frequency:
  - Anhedonia: 3.0
  - Sleep Problems: 3.0
  - Fatigue: 3.0
  - Appetite Changes: 3.0
  - Feelings of Worthlessness: 3.0
  - Concentration Difficulties: 0.0
  - Suicidal Thoughts: 0.0

Respondent 31:
- Year of birth: 2004.0
- Gender: 2.0
- Socio-economic status: 3.0
- Ethnic identity: 6.0
- Parental Education:
  - Father: 13.0
  - Mother: 30.0
- Life satisfaction: 5.0
- Happiness: 4.0
- Laughter: 1.0
- Learning: 0.0
- Enjoyment: 1.0
- Worry: 1.0
- Depression: 2.0
- Anger: 4.0
- Stress: 4.0
- Loneliness: 4.0
- Emotional Regulation Frequency:
  - Upset by Unexpected Events: 3.0
  - Unable to Control Important Things: 2.0
  - Lacked Confidence Handling Problems: 3.0
  - Unable to Cope: 4.0
  - Irritated by Life: 2.0
  - On Top of Things: 2.0
- Anxiety Symptoms Frequency:
  - Feeling Nervous or On Edge: 1.0
  - Trouble Relaxing: 2.0
  - Restlessness: 0.0
  - Irritability: 1.0
  - Fear Something Awful Might Happen: 2.0
- Depressive Symptoms Frequency:
  - Anhedonia: 1.0
  - Sleep Problems: 2.0
  - Fatigue: 2.0
  - Appetite Changes: 2.0
  - Feelings of Worthlessness: 2.0
  - Concentration Difficulties: 2.0
  - Suicidal Thoughts: 1.0

Respondent 3:
- Year of birth: 2002.0
- Gender: 1.0
- Socio-economic status: 5.0
- Ethnic identity: 6.0
- Parental Education:
  - Father: 16.0
  - Mother: 16.0
- Life satisfaction: 10.0
- Happiness: 9.0
- Laughter: 10.0
- Learning: 7.0
- Enjoyment: 10.0
- Worry: 1.0
- Depression: 1.0
- Anger: 1.0
- Stress: 2.0
- Loneliness: 0.0
- Emotional Regulation Frequency:
  - Upset by Unexpected Events: 2.0
  - Unable to Control Important Things: 1.0
  - Lacked Confidence Handling Problems: 3.0
  - Unable to Cope: 2.0
  - Irritated by Life: 3.0
  - On Top of Things: 1.0
- Anxiety Symptoms Frequency:
  - Feeling Nervous or On Edge: 1.0
  - Trouble Relaxing: 2.0
  - Restlessness: 1.0
  - Irritability: 0.0
  - Fear Something Awful Might Happen: 1.0
- Depressive Symptoms Frequency:
  - Anhedonia: 0.0
  - Sleep Problems: 0.0
  - Fatigue: 2.0
  - Appetite Changes: 2.0
  - Feelings of Worthlessness: 1.0
  - Concentration Difficulties: 1.0
  - Suicidal Thoughts: 0.0

Respondent 95:
- Year of birth: 2003.0
- Gender: 1.0
- Socio-economic status: 1.0
- Ethnic identity: 6.0
- Life satisfaction: 7.0
- Happiness: 7.0
- Laughter: 5.0
- Learning: 6.0
- Enjoyment: 7.0
- Worry: 1.0
- Depression: 0.0
- Anger: 3.0
- Stress: 2.0
- Loneliness: 4.0
- Emotional Regulation Frequency:
  - Upset by Unexpected Events: 2.0
  - Unable to Control Important Things: 1.0
  - Lacked Confidence Handling Problems: 2.0
  - Unable to Cope: 1.0
  - Irritated by Life: 3.0
  - On Top of Things: 4.0
- Anxiety Symptoms Frequency:
  - Feeling Nervous or On Edge: 1.0
  - Trouble Relaxing: 1.0
  - Restlessness: 0.0
  - Irritability: 2.0
  - Fear Something Awful Might Happen: 1.0
- Depressive Symptoms Frequency:
  - Anhedonia: 1.0
  - Sleep Problems: 2.0
  - Fatigue: 2.0
  - Appetite Changes: 1.0
  - Feelings of Worthlessness: 0.0
  - Concentration Difficulties: 2.0
  - Suicidal Thoughts: 0.0

Respondent 43:
- Year of birth: 2003.0
- Gender: 1.0
- Socio-economic status: 4.0
- Ethnic identity: 6.0
- Parental Education:
  - Father: 13.0
  - Mother: 14.0
- Life satisfaction: 7.0
- Happiness: 3.0
- Laughter: 6.0
- Learning: 2.0
- Enjoyment: 7.0
- Worry: 1.0
- Depression: 1.0
- Anger: 3.0
- Stress: 3.0
- Loneliness: 6.0
- Emotional Regulation Frequency:
  - Upset by Unexpected Events: 1.0
  - Unable to Control Important Things: 2.0
  - Lacked Confidence Handling Problems: 3.0
  - Unable to Cope: 4.0
  - Irritated by Life: 3.0
  - On Top of Things: 3.0
- Anxiety Symptoms Frequency:
  - Feeling Nervous or On Edge: 0.0
  - Trouble Relaxing: 1.0
  - Restlessness: 0.0
  - Irritability: 3.0
  - Fear Something Awful Might Happen: 0.0
- Depressive Symptoms Frequency:
  - Anhedonia: 2.0
  - Sleep Problems: 2.0
  - Fatigue: 2.0
  - Appetite Changes: 2.0
  - Feelings of Worthlessness: 2.0
  - Concentration Difficulties: 1.0
  - Suicidal Thoughts: 1.0
",8,"How many respondents are there?

DATA:

Survey Data
==================================================

Questions:
1. Year of birth: What is your date of birth? [Open-ended]
2. Gender: What is your gender? [MCQ: 1. Male 2. Female]
3. Socio-economic status: What is the socio-economic status of your home? [Likert 1–6: 1 = Very low, 6 = Very high]
4. Ethnic identity: According to your culture, people, or physical features, you are or are recognized as: [MCQ: 1. Indigenous 2. Gypsy 3. Raizal from San Andres, Providencia and Santa Catalina Archipelago 4. Palenquero from San Basilio 5. Black, mulatto (Afro-descendant), Afro-Colombian 6. None of the above]
5. Parental Education: How many years of education did your parents receive? [Open-ended]
   - Father: Father?
   - Mother: Mother?
6. Life satisfaction: In general, how satisfied are you with all aspects of your life? [Likert 0–10: 0 = Not satisfied, 10 = Totally satisfied]
7. Happiness: How happy did you feel yesterday? [Likert 0–10: 0 = At no time, 10 = All the time]
8. Laughter: How much did you laugh yesterday? [Likert 0–10: 0 = At no time, 10 = All the time]
9. Learning: Did you learn new or exciting things yesterday? [Likert 0–10: 0 = At no time, 10 = All the time]
10. Enjoyment: How much did you enjoy the activities you did yesterday? [Likert 0–10: 0 = At no time, 10 = All the time]
11. Worry: How worried did you feel yesterday? [Likert 0–10: 0 = At no time, 10 = All the time]
12. Depression: How depressed did you feel yesterday? [Likert 0–10: 0 = At no time, 10 = All the time]
13. Anger: How angry did you feel yesterday? [Likert 0–10: 0 = At no time, 10 = All the time]
14. Stress: How much stress did you feel yesterday? [Likert 0–10: 0 = At no time, 10 = All the time]
15. Loneliness: How lonely or unsupported did you feel yesterday? [Likert 0–10: 0 = At no time, 10 = All the time]
16. Emotional Regulation Frequency: Next, you will be asked questions about your emotional state. Please answer on a scale of 0 to 4, where 0 is never, 1 is 'almost never', 2 is 'sometimes', 3 is 'fairly often', and 4 is 'very often', how often you experienced the following feelings during the last month: [Likert 0–4]
    - Upset by Unexpected Events: how often have you been upset because of something that happened unexpectedly?
    - Unable to Control Important Things: how often have you felt that you were unable to control the important things in your life?
    - Nervous and Stressed: how often have you felt nervous and stressed?
    - Lacked Confidence Handling Problems: how often have you felt confident about your ability to handle your personal problems?
    - Things Going Your Way: how often have you felt that things were going your way?
    - Unable to Cope: how often have you found that you could not cope with all the things that you had to do?
    - Irritated by Life: how often have you been able to control irritations in your life?
    - On Top of Things: how often have you felt that you were on top of things?
    - Angered by Uncontrollable Events: how often have you been angered because of things that happened that were outside of your control?
    - Felt Overwhelmed: how often have you felt difficulties were piling up so high that you could not overcome them?
17. Anxiety Symptoms Frequency: Next, you will be asked questions about your emotional state. Please answer on a scale of 0 to 3, where 0 is 'Not at all', 1 is 'several days', 2 is 'more than half of the days', and 3 is 'Nearly every day'. Over the last two weeks, how often have you been bothered by the following problems? [Likert 0–3]
    - Feeling Nervous or On Edge: Feeling nervous, anxious, or on edge
    - Uncontrollable Worrying: Not being able to stop or control worrying
    - Excessive Worry: Worrying too much about different things
    - Trouble Relaxing: Trouble relaxing
    - Restlessness: Being so restless that it is hard to sit still
    - Irritability: Becoming easily annoyed or irritable
    - Fear Something Awful Might Happen: Feeling afraid, as if something awful might happen
18. Depressive Symptoms Frequency: Next, you will be asked questions about your emotional state. Please answer on a scale of 0 to 3, where 0 is 'Not at all', 1 is 'several days', 2 is 'more than half of the days', and 3 is 'Nearly every day'. Over the last two weeks, how often have you been bothered by the following problems?
    - Anhedonia: Little interest or pleasure in doing things
    - Depressed Mood: Feeling down, depressed, or hopeless
    - Sleep Problems: Trouble falling or staying asleep, or sleeping too much
    - Fatigue: Feeling tired or having little energy
    - Appetite Changes: Poor appetite or overeating
    - Feelings of Worthlessness: Feeling bad about yourself or that you are a failure or have let yourself or your family down
    - Concentration Difficulties: Trouble concentrating on things, such as reading the newspaper or watching television
    - Psychomotor Changes: Moving or speaking so slowly that other people could have noticed. Or the opposite — being so fidgety or restless that you have been moving around a lot more than usual
    - Suicidal Thoughts: Thoughts that you would be better off dead, or of hurting yourself

Responses:
==================================================

Respondent 119:
- Year of birth: 2004.0
- Gender: 1.0
- Socio-economic status: 1.0
- Ethnic identity: 6.0
- Life satisfaction: 4.0
- Happiness: 8.0
- Laughter: 8.0
- Learning: 8.0
- Enjoyment: 8.0
- Worry: 1.0
- Depression: 1.0
- Anger: 2.0
- Stress: 2.0
- Loneliness: 2.0
- Emotional Regulation Frequency:
  - Upset by Unexpected Events: 2.0
  - Unable to Control Important Things: 2.0
  - Lacked Confidence Handling Problems: 2.0
  - Unable to Cope: 2.0
  - Irritated by Life: 2.0
  - On Top of Things: 2.0
- Anxiety Symptoms Frequency:
  - Feeling Nervous or On Edge: 1.0
  - Trouble Relaxing: 1.0
  - Restlessness: 1.0
  - Irritability: 1.0
  - Fear Something Awful Might Happen: 1.0
- Depressive Symptoms Frequency:
  - Anhedonia: 1.0
  - Sleep Problems: 1.0
  - Fatigue: 1.0
  - Appetite Changes: 0.0
  - Feelings of Worthlessness: 1.0
  - Concentration Difficulties: 0.0
  - Suicidal Thoughts: 0.0

Respondent 116:
- Year of birth: 2004.0
- Gender: 1.0
- Socio-economic status: 5.0
- Ethnic identity: 6.0
- Parental Education:
  - Father: 17.0
  - Mother: 17.0
- Life satisfaction: 8.0
- Happiness: 8.0
- Laughter: 7.0
- Learning: 7.0
- Enjoyment: 9.0
- Worry: 1.0
- Depression: 1.0
- Anger: 2.0
- Stress: 3.0
- Loneliness: 1.0
- Emotional Regulation Frequency:
  - Upset by Unexpected Events: 2.0
  - Unable to Control Important Things: 2.0
  - Lacked Confidence Handling Problems: 3.0
  - Unable to Cope: 2.0
  - Irritated by Life: 3.0
  - On Top of Things: 2.0
- Anxiety Symptoms Frequency:
  - Feeling Nervous or On Edge: 2.0
  - Trouble Relaxing: 1.0
  - Restlessness: 2.0
  - Irritability: 1.0
  - Fear Something Awful Might Happen: 2.0
- Depressive Symptoms Frequency:
  - Anhedonia: 1.0
  - Sleep Problems: 0.0
  - Fatigue: 2.0
  - Appetite Changes: 2.0
  - Feelings of Worthlessness: 1.0
  - Concentration Difficulties: 2.0
  - Suicidal Thoughts: 0.0

Answer: 2

Survey Data
==================================================

Questions:
1. Year of birth: What is your date of birth? [Open-ended]
2. Gender: What is your gender? [MCQ: 1. Male 2. Female]
3. Socio-economic status: What is the socio-economic status of your home? [Likert 1–6: 1 = Very low, 6 = Very high]
4. Ethnic identity: According to your culture, people, or physical features, you are or are recognized as: [MCQ: 1. Indigenous 2. Gypsy 3. Raizal from San Andres, Providencia and Santa Catalina Archipelago 4. Palenquero from San Basilio 5. Black, mulatto (Afro-descendant), Afro-Colombian 6. None of the above]
5. Parental Education: How many years of education did your parents receive? [Open-ended]
   - Father: Father?
   - Mother: Mother?
6. Life satisfaction: In general, how satisfied are you with all aspects of your life? [Likert 0–10: 0 = Not satisfied, 10 = Totally satisfied]
7. Happiness: How happy did you feel yesterday? [Likert 0–10: 0 = At no time, 10 = All the time]
8. Laughter: How much did you laugh yesterday? [Likert 0–10: 0 = At no time, 10 = All the time]
9. Learning: Did you learn new or exciting things yesterday? [Likert 0–10: 0 = At no time, 10 = All the time]
10. Enjoyment: How much did you enjoy the activities you did yesterday? [Likert 0–10: 0 = At no time, 10 = All the time]
11. Worry: How worried did you feel yesterday? [Likert 0–10: 0 = At no time, 10 = All the time]
12. Depression: How depressed did you feel yesterday? [Likert 0–10: 0 = At no time, 10 = All the time]
13. Anger: How angry did you feel yesterday? [Likert 0–10: 0 = At no time, 10 = All the time]
14. Stress: How much stress did you feel yesterday? [Likert 0–10: 0 = At no time, 10 = All the time]
15. Loneliness: How lonely or unsupported did you feel yesterday? [Likert 0–10: 0 = At no time, 10 = All the time]
16. Emotional Regulation Frequency: Next, you will be asked questions about your emotional state. Please answer on a scale of 0 to 4, where 0 is never, 1 is 'almost never', 2 is 'sometimes', 3 is 'fairly often', and 4 is 'very often', how often you experienced the following feelings during the last month: [Likert 0–4]
    - Upset by Unexpected Events: how often have you been upset because of something that happened unexpectedly?
    - Unable to Control Important Things: how often have you felt that you were unable to control the important things in your life?
    - Nervous and Stressed: how often have you felt nervous and stressed?
    - Lacked Confidence Handling Problems: how often have you felt confident about your ability to handle your personal problems?
    - Things Going Your Way: how often have you felt that things were going your way?
    - Unable to Cope: how often have you found that you could not cope with all the things that you had to do?
    - Irritated by Life: how often have you been able to control irritations in your life?
    - On Top of Things: how often have you felt that you were on top of things?
    - Angered by Uncontrollable Events: how often have you been angered because of things that happened that were outside of your control?
    - Felt Overwhelmed: how often have you felt difficulties were piling up so high that you could not overcome them?
17. Anxiety Symptoms Frequency: Next, you will be asked questions about your emotional state. Please answer on a scale of 0 to 3, where 0 is 'Not at all', 1 is 'several days', 2 is 'more than half of the days', and 3 is 'Nearly every day'. Over the last two weeks, how often have you been bothered by the following problems? [Likert 0–3]
    - Feeling Nervous or On Edge: Feeling nervous, anxious, or on edge
    - Uncontrollable Worrying: Not being able to stop or control worrying
    - Excessive Worry: Worrying too much about different things
    - Trouble Relaxing: Trouble relaxing
    - Restlessness: Being so restless that it is hard to sit still
    - Irritability: Becoming easily annoyed or irritable
    - Fear Something Awful Might Happen: Feeling afraid, as if something awful might happen
18. Depressive Symptoms Frequency: Next, you will be asked questions about your emotional state. Please answer on a scale of 0 to 3, where 0 is 'Not at all', 1 is 'several days', 2 is 'more than half of the days', and 3 is 'Nearly every day'. Over the last two weeks, how often have you been bothered by the following problems?
    - Anhedonia: Little interest or pleasure in doing things
    - Depressed Mood: Feeling down, depressed, or hopeless
    - Sleep Problems: Trouble falling or staying asleep, or sleeping too much
    - Fatigue: Feeling tired or having little energy
    - Appetite Changes: Poor appetite or overeating
    - Feelings of Worthlessness: Feeling bad about yourself or that you are a failure or have let yourself or your family down
    - Concentration Difficulties: Trouble concentrating on things, such as reading the newspaper or watching television
    - Psychomotor Changes: Moving or speaking so slowly that other people could have noticed. Or the opposite — being so fidgety or restless that you have been moving around a lot more than usual
    - Suicidal Thoughts: Thoughts that you would be better off dead, or of hurting yourself

Responses:
==================================================

Respondent 15:
- Year of birth: 1998.0
- Gender: 2.0
- Socio-economic status: 2.0
- Ethnic identity: 6.0
- Parental Education:
  - Father: 15.0
  - Mother: 5.0
- Life satisfaction: 6.0
- Happiness: 8.0
- Laughter: 3.0
- Learning: 8.0
- Enjoyment: 4.0
- Worry: 1.0
- Depression: 0.0
- Anger: 2.0
- Stress: 2.0
- Loneliness: 7.0
- Emotional Regulation Frequency:
  - Upset by Unexpected Events: 4.0
  - Unable to Control Important Things: 2.0
  - Lacked Confidence Handling Problems: 2.0
  - Unable to Cope: 1.0
  - Irritated by Life: 2.0
  - On Top of Things: 3.0
- Anxiety Symptoms Frequency:
  - Feeling Nervous or On Edge: 1.0
  - Trouble Relaxing: 1.0
  - Restlessness: 0.0
  - Irritability: 1.0
  - Fear Something Awful Might Happen: 1.0
- Depressive Symptoms Frequency:
  - Anhedonia: 0.0
  - Sleep Problems: 0.0
  - Fatigue: 1.0
  - Appetite Changes: 1.0
  - Feelings of Worthlessness: 1.0
  - Concentration Difficulties: 1.0
  - Suicidal Thoughts: 0.0

Respondent 90:
- Year of birth: 2004.0
- Gender: 1.0
- Socio-economic status: 5.0
- Ethnic identity: 6.0
- Life satisfaction: 8.0
- Happiness: 5.0
- Laughter: 5.0
- Learning: 7.0
- Enjoyment: 6.0
- Worry: 1.0
- Depression: 1.0
- Anger: 2.0
- Stress: 2.0
- Loneliness: 8.0
- Emotional Regulation Frequency:
  - Upset by Unexpected Events: 2.0
  - Unable to Control Important Things: 2.0
  - Lacked Confidence Handling Problems: 2.0
  - Unable to Cope: 1.0
  - Irritated by Life: 3.0
  - On Top of Things: 3.0
- Anxiety Symptoms Frequency:
  - Feeling Nervous or On Edge: 1.0
  - Trouble Relaxing: 2.0
  - Restlessness: 2.0
  - Irritability: 1.0
  - Fear Something Awful Might Happen: 2.0
- Depressive Symptoms Frequency:
  - Anhedonia: 2.0
  - Sleep Problems: 3.0
  - Fatigue: 1.0
  - Appetite Changes: 2.0
  - Feelings of Worthlessness: 1.0
  - Concentration Difficulties: 1.0
  - Suicidal Thoughts: 1.0

Respondent 38:
- Year of birth: 2001.0
- Gender: 2.0
- Socio-economic status: 3.0
- Ethnic identity: 6.0
- Parental Education:
  - Father: 11.0
  - Mother: 11.0
- Life satisfaction: 5.0
- Happiness: 7.0
- Laughter: 7.0
- Learning: 6.0
- Enjoyment: 3.0
- Worry: 1.0
- Depression: 0.0
- Anger: 3.0
- Stress: 3.0
- Loneliness: 3.0
- Emotional Regulation Frequency:
  - Upset by Unexpected Events: 4.0
  - Unable to Control Important Things: 2.0
  - Lacked Confidence Handling Problems: 3.0
  - Unable to Cope: 2.0
  - Irritated by Life: 3.0
  - On Top of Things: 2.0
- Anxiety Symptoms Frequency:
  - Feeling Nervous or On Edge: 1.0
  - Trouble Relaxing: 1.0
  - Restlessness: 0.0
  - Irritability: 2.0
  - Fear Something Awful Might Happen: 1.0
- Depressive Symptoms Frequency:
  - Anhedonia: 0.0
  - Sleep Problems: 0.0
  - Fatigue: 2.0
  - Appetite Changes: 2.0
  - Feelings of Worthlessness: 1.0
  - Concentration Difficulties: 1.0
  - Suicidal Thoughts: 0.0

Respondent 79:
- Year of birth: 2004.0
- Gender: 1.0
- Socio-economic status: 6.0
- Ethnic identity: 6.0
- Parental Education:
  - Father: 20.0
  - Mother: 20.0
- Life satisfaction: 5.0
- Happiness: 5.0
- Laughter: 10.0
- Learning: 5.0
- Enjoyment: 3.0
- Worry: 0.0
- Depression: 1.0
- Anger: 1.0
- Stress: 1.0
- Loneliness: 10.0
- Emotional Regulation Frequency:
  - Upset by Unexpected Events: 0.0
  - Unable to Control Important Things: 0.0
  - Lacked Confidence Handling Problems: 0.0
  - Unable to Cope: 2.0
  - Irritated by Life: 3.0
  - On Top of Things: 3.0
- Anxiety Symptoms Frequency:
  - Feeling Nervous or On Edge: 0.0
  - Trouble Relaxing: 0.0
  - Restlessness: 0.0
  - Irritability: 1.0
  - Fear Something Awful Might Happen: 0.0
- Depressive Symptoms Frequency:
  - Anhedonia: 3.0
  - Sleep Problems: 3.0
  - Fatigue: 3.0
  - Appetite Changes: 3.0
  - Feelings of Worthlessness: 3.0
  - Concentration Difficulties: 0.0
  - Suicidal Thoughts: 0.0

Respondent 31:
- Year of birth: 2004.0
- Gender: 2.0
- Socio-economic status: 3.0
- Ethnic identity: 6.0
- Parental Education:
  - Father: 13.0
  - Mother: 30.0
- Life satisfaction: 5.0
- Happiness: 4.0
- Laughter: 1.0
- Learning: 0.0
- Enjoyment: 1.0
- Worry: 1.0
- Depression: 2.0
- Anger: 4.0
- Stress: 4.0
- Loneliness: 4.0
- Emotional Regulation Frequency:
  - Upset by Unexpected Events: 3.0
  - Unable to Control Important Things: 2.0
  - Lacked Confidence Handling Problems: 3.0
  - Unable to Cope: 4.0
  - Irritated by Life: 2.0
  - On Top of Things: 2.0
- Anxiety Symptoms Frequency:
  - Feeling Nervous or On Edge: 1.0
  - Trouble Relaxing: 2.0
  - Restlessness: 0.0
  - Irritability: 1.0
  - Fear Something Awful Might Happen: 2.0
- Depressive Symptoms Frequency:
  - Anhedonia: 1.0
  - Sleep Problems: 2.0
  - Fatigue: 2.0
  - Appetite Changes: 2.0
  - Feelings of Worthlessness: 2.0
  - Concentration Difficulties: 2.0
  - Suicidal Thoughts: 1.0

Respondent 3:
- Year of birth: 2002.0
- Gender: 1.0
- Socio-economic status: 5.0
- Ethnic identity: 6.0
- Parental Education:
  - Father: 16.0
  - Mother: 16.0
- Life satisfaction: 10.0
- Happiness: 9.0
- Laughter: 10.0
- Learning: 7.0
- Enjoyment: 10.0
- Worry: 1.0
- Depression: 1.0
- Anger: 1.0
- Stress: 2.0
- Loneliness: 0.0
- Emotional Regulation Frequency:
  - Upset by Unexpected Events: 2.0
  - Unable to Control Important Things: 1.0
  - Lacked Confidence Handling Problems: 3.0
  - Unable to Cope: 2.0
  - Irritated by Life: 3.0
  - On Top of Things: 1.0
- Anxiety Symptoms Frequency:
  - Feeling Nervous or On Edge: 1.0
  - Trouble Relaxing: 2.0
  - Restlessness: 1.0
  - Irritability: 0.0
  - Fear Something Awful Might Happen: 1.0
- Depressive Symptoms Frequency:
  - Anhedonia: 0.0
  - Sleep Problems: 0.0
  - Fatigue: 2.0
  - Appetite Changes: 2.0
  - Feelings of Worthlessness: 1.0
  - Concentration Difficulties: 1.0
  - Suicidal Thoughts: 0.0

Respondent 95:
- Year of birth: 2003.0
- Gender: 1.0
- Socio-economic status: 1.0
- Ethnic identity: 6.0
- Life satisfaction: 7.0
- Happiness: 7.0
- Laughter: 5.0
- Learning: 6.0
- Enjoyment: 7.0
- Worry: 1.0
- Depression: 0.0
- Anger: 3.0
- Stress: 2.0
- Loneliness: 4.0
- Emotional Regulation Frequency:
  - Upset by Unexpected Events: 2.0
  - Unable to Control Important Things: 1.0
  - Lacked Confidence Handling Problems: 2.0
  - Unable to Cope: 1.0
  - Irritated by Life: 3.0
  - On Top of Things: 4.0
- Anxiety Symptoms Frequency:
  - Feeling Nervous or On Edge: 1.0
  - Trouble Relaxing: 1.0
  - Restlessness: 0.0
  - Irritability: 2.0
  - Fear Something Awful Might Happen: 1.0
- Depressive Symptoms Frequency:
  - Anhedonia: 1.0
  - Sleep Problems: 2.0
  - Fatigue: 2.0
  - Appetite Changes: 1.0
  - Feelings of Worthlessness: 0.0
  - Concentration Difficulties: 2.0
  - Suicidal Thoughts: 0.0

Respondent 43:
- Year of birth: 2003.0
- Gender: 1.0
- Socio-economic status: 4.0
- Ethnic identity: 6.0
- Parental Education:
  - Father: 13.0
  - Mother: 14.0
- Life satisfaction: 7.0
- Happiness: 3.0
- Laughter: 6.0
- Learning: 2.0
- Enjoyment: 7.0
- Worry: 1.0
- Depression: 1.0
- Anger: 3.0
- Stress: 3.0
- Loneliness: 6.0
- Emotional Regulation Frequency:
  - Upset by Unexpected Events: 1.0
  - Unable to Control Important Things: 2.0
  - Lacked Confidence Handling Problems: 3.0
  - Unable to Cope: 4.0
  - Irritated by Life: 3.0
  - On Top of Things: 3.0
- Anxiety Symptoms Frequency:
  - Feeling Nervous or On Edge: 0.0
  - Trouble Relaxing: 1.0
  - Restlessness: 0.0
  - Irritability: 3.0
  - Fear Something Awful Might Happen: 0.0
- Depressive Symptoms Frequency:
  - Anhedonia: 2.0
  - Sleep Problems: 2.0
  - Fatigue: 2.0
  - Appetite Changes: 2.0
  - Feelings of Worthlessness: 2.0
  - Concentration Difficulties: 1.0
  - Suicidal Thoughts: 1.0

You are a meticulous data analyst AI. Your primary function is to accurately analyze structured data and provide precise, verifiable answers.

You will be given a dataset with two key parts:

A 'questions' section: This is your data dictionary or schema. It is the single source of truth for understanding what each field and score means. Refer to it carefully.

A 'responses' section: This contains the raw data from each individual respondent.

To answer the question correctly, you must first use the 'questions' schema to fully understand the context and meaning of the data points within the 'responses'. Do not rely on any prior knowledge outside of this provided data. Base your entire analysis on the information given.

Provide your final answer directly and concisely. Output must be the human-readable value, not an option code.

Rules:
- For MCQ fields, map any letter codes in the Responses (case-insensitive) to the corresponding option text from the Questions schema, and output only that text. Do NOT include the letter or both.
  Example: If the schema is ""[MCQ: A. Abnormal B. Inconclusive C. Normal]"" and the response is ""a"", output ""Abnormal"".
- For open-ended fields, output the exact text value.
- If the question asks for a count, provide only the number (e.g., ""42"").
- If the question asks for a list of names or IDs, provide a simple comma-separated list (e.g., ""17, 21, 23"").
- Preserve capitalization exactly as in the schema (e.g., output ""Abnormal"", not ""abnormal"" or ""A"").

How many respondents are there?",10,False
case_48,respondent_count,How many respondents are there?,"Survey Data
==================================================

Questions:
1. Year of birth: What is your date of birth? [Open-ended]
2. Gender: What is your gender? [MCQ: 1. Male 2. Female]
3. Socio-economic status: What is the socio-economic status of your home? [Likert 1–6: 1 = Very low, 6 = Very high]
4. Ethnic identity: According to your culture, people, or physical features, you are or are recognized as: [MCQ: 1. Indigenous 2. Gypsy 3. Raizal from San Andres, Providencia and Santa Catalina Archipelago 4. Palenquero from San Basilio 5. Black, mulatto (Afro-descendant), Afro-Colombian 6. None of the above]
5. Parental Education: How many years of education did your parents receive? [Open-ended]
   - Father: Father?
   - Mother: Mother?
6. Life satisfaction: In general, how satisfied are you with all aspects of your life? [Likert 0–10: 0 = Not satisfied, 10 = Totally satisfied]
7. Happiness: How happy did you feel yesterday? [Likert 0–10: 0 = At no time, 10 = All the time]
8. Laughter: How much did you laugh yesterday? [Likert 0–10: 0 = At no time, 10 = All the time]
9. Learning: Did you learn new or exciting things yesterday? [Likert 0–10: 0 = At no time, 10 = All the time]
10. Enjoyment: How much did you enjoy the activities you did yesterday? [Likert 0–10: 0 = At no time, 10 = All the time]
11. Worry: How worried did you feel yesterday? [Likert 0–10: 0 = At no time, 10 = All the time]
12. Depression: How depressed did you feel yesterday? [Likert 0–10: 0 = At no time, 10 = All the time]
13. Anger: How angry did you feel yesterday? [Likert 0–10: 0 = At no time, 10 = All the time]
14. Stress: How much stress did you feel yesterday? [Likert 0–10: 0 = At no time, 10 = All the time]
15. Loneliness: How lonely or unsupported did you feel yesterday? [Likert 0–10: 0 = At no time, 10 = All the time]
16. Emotional Regulation Frequency: Next, you will be asked questions about your emotional state. Please answer on a scale of 0 to 4, where 0 is never, 1 is 'almost never', 2 is 'sometimes', 3 is 'fairly often', and 4 is 'very often', how often you experienced the following feelings during the last month: [Likert 0–4]
    - Upset by Unexpected Events: how often have you been upset because of something that happened unexpectedly?
    - Unable to Control Important Things: how often have you felt that you were unable to control the important things in your life?
    - Nervous and Stressed: how often have you felt nervous and stressed?
    - Lacked Confidence Handling Problems: how often have you felt confident about your ability to handle your personal problems?
    - Things Going Your Way: how often have you felt that things were going your way?
    - Unable to Cope: how often have you found that you could not cope with all the things that you had to do?
    - Irritated by Life: how often have you been able to control irritations in your life?
    - On Top of Things: how often have you felt that you were on top of things?
    - Angered by Uncontrollable Events: how often have you been angered because of things that happened that were outside of your control?
    - Felt Overwhelmed: how often have you felt difficulties were piling up so high that you could not overcome them?
17. Anxiety Symptoms Frequency: Next, you will be asked questions about your emotional state. Please answer on a scale of 0 to 3, where 0 is 'Not at all', 1 is 'several days', 2 is 'more than half of the days', and 3 is 'Nearly every day'. Over the last two weeks, how often have you been bothered by the following problems? [Likert 0–3]
    - Feeling Nervous or On Edge: Feeling nervous, anxious, or on edge
    - Uncontrollable Worrying: Not being able to stop or control worrying
    - Excessive Worry: Worrying too much about different things
    - Trouble Relaxing: Trouble relaxing
    - Restlessness: Being so restless that it is hard to sit still
    - Irritability: Becoming easily annoyed or irritable
    - Fear Something Awful Might Happen: Feeling afraid, as if something awful might happen
18. Depressive Symptoms Frequency: Next, you will be asked questions about your emotional state. Please answer on a scale of 0 to 3, where 0 is 'Not at all', 1 is 'several days', 2 is 'more than half of the days', and 3 is 'Nearly every day'. Over the last two weeks, how often have you been bothered by the following problems?
    - Anhedonia: Little interest or pleasure in doing things
    - Depressed Mood: Feeling down, depressed, or hopeless
    - Sleep Problems: Trouble falling or staying asleep, or sleeping too much
    - Fatigue: Feeling tired or having little energy
    - Appetite Changes: Poor appetite or overeating
    - Feelings of Worthlessness: Feeling bad about yourself or that you are a failure or have let yourself or your family down
    - Concentration Difficulties: Trouble concentrating on things, such as reading the newspaper or watching television
    - Psychomotor Changes: Moving or speaking so slowly that other people could have noticed. Or the opposite — being so fidgety or restless that you have been moving around a lot more than usual
    - Suicidal Thoughts: Thoughts that you would be better off dead, or of hurting yourself

Responses:
==================================================

Respondent 55:
- Year of birth: 2002.0
- Gender: 2.0
- Socio-economic status: 2.0
- Ethnic identity: 6.0
- Parental Education:
  - Father: 4.0
  - Mother: 15.0
- Life satisfaction: 6.0
- Happiness: 6.0
- Laughter: 7.0
- Learning: 9.0
- Enjoyment: 5.0
- Worry: 3.0
- Depression: 3.0
- Anger: 2.0
- Stress: 4.0
- Loneliness: 6.0
- Emotional Regulation Frequency:
  - Upset by Unexpected Events: 2.0
  - Unable to Control Important Things: 4.0
  - Lacked Confidence Handling Problems: 2.0
  - Unable to Cope: 3.0
  - Irritated by Life: 2.0
  - On Top of Things: 1.0
- Anxiety Symptoms Frequency:
  - Feeling Nervous or On Edge: 3.0
  - Trouble Relaxing: 3.0
  - Restlessness: 0.0
  - Irritability: 3.0
  - Fear Something Awful Might Happen: 3.0
- Depressive Symptoms Frequency:
  - Anhedonia: 2.0
  - Sleep Problems: 0.0
  - Fatigue: 3.0
  - Appetite Changes: 3.0
  - Feelings of Worthlessness: 3.0
  - Concentration Difficulties: 1.0
  - Suicidal Thoughts: 3.0

Respondent 27:
- Year of birth: 2003.0
- Gender: 2.0
- Socio-economic status: 3.0
- Ethnic identity: 6.0
- Parental Education:
  - Father: 12.0
- Life satisfaction: 7.0
- Happiness: 10.0
- Laughter: 6.0
- Learning: 4.0
- Enjoyment: 9.0
- Worry: 1.0
- Depression: 0.0
- Anger: 2.0
- Stress: 3.0
- Loneliness: 0.0
- Emotional Regulation Frequency:
  - Upset by Unexpected Events: 2.0
  - Unable to Control Important Things: 2.0
  - Lacked Confidence Handling Problems: 3.0
  - Unable to Cope: 1.0
  - Irritated by Life: 3.0
  - On Top of Things: 1.0
- Anxiety Symptoms Frequency:
  - Feeling Nervous or On Edge: 0.0
  - Trouble Relaxing: 1.0
  - Restlessness: 1.0
  - Irritability: 1.0
  - Fear Something Awful Might Happen: 1.0
- Depressive Symptoms Frequency:
  - Anhedonia: 0.0
  - Sleep Problems: 0.0
  - Fatigue: 0.0
  - Appetite Changes: 0.0
  - Feelings of Worthlessness: 1.0
  - Concentration Difficulties: 1.0
  - Suicidal Thoughts: 0.0

Respondent 72:
- Year of birth: 2002.0
- Gender: 1.0
- Socio-economic status: 3.0
- Ethnic identity: 6.0
- Life satisfaction: 6.0
- Happiness: 6.0
- Laughter: 7.0
- Learning: 4.0
- Enjoyment: 5.0
- Worry: 1.0
- Depression: 0.0
- Anger: 0.0
- Stress: 1.0
- Loneliness: 0.0
- Emotional Regulation Frequency:
  - Upset by Unexpected Events: 2.0
  - Unable to Control Important Things: 2.0
  - Lacked Confidence Handling Problems: 3.0
  - Unable to Cope: 2.0
  - Irritated by Life: 3.0
  - On Top of Things: 2.0
- Anxiety Symptoms Frequency:
  - Feeling Nervous or On Edge: 1.0
  - Trouble Relaxing: 1.0
  - Restlessness: 0.0
  - Irritability: 0.0
  - Fear Something Awful Might Happen: 0.0
- Depressive Symptoms Frequency:
  - Anhedonia: 1.0
  - Sleep Problems: 1.0
  - Fatigue: 1.0
  - Appetite Changes: 0.0
  - Feelings of Worthlessness: 0.0
  - Concentration Difficulties: 1.0
  - Suicidal Thoughts: 0.0

Respondent 63:
- Year of birth: 2005.0
- Gender: 1.0
- Socio-economic status: 3.0
- Ethnic identity: 6.0
- Parental Education:
  - Father: 18.0
  - Mother: 18.0
- Life satisfaction: 6.0
- Happiness: 7.0
- Laughter: 7.0
- Learning: 3.0
- Enjoyment: 6.0
- Worry: 1.0
- Depression: 1.0
- Anger: 2.0
- Stress: 2.0
- Loneliness: 3.0
- Emotional Regulation Frequency:
  - Upset by Unexpected Events: 3.0
  - Unable to Control Important Things: 3.0
  - Lacked Confidence Handling Problems: 1.0
  - Unable to Cope: 2.0
  - Irritated by Life: 1.0
  - On Top of Things: 1.0
- Anxiety Symptoms Frequency:
  - Feeling Nervous or On Edge: 0.0
  - Trouble Relaxing: 1.0
  - Restlessness: 0.0
  - Irritability: 2.0
  - Fear Something Awful Might Happen: 0.0
- Depressive Symptoms Frequency:
  - Anhedonia: 3.0
  - Sleep Problems: 2.0
  - Fatigue: 1.0
  - Appetite Changes: 2.0
  - Feelings of Worthlessness: 1.0
  - Concentration Difficulties: 0.0
  - Suicidal Thoughts: 1.0

Respondent 60:
- Year of birth: 2003.0
- Gender: 1.0
- Socio-economic status: 6.0
- Ethnic identity: 6.0
- Life satisfaction: 10.0
- Happiness: 10.0
- Laughter: 9.0
- Learning: 8.0
- Enjoyment: 9.0
- Worry: 0.0
- Depression: 0.0
- Anger: 2.0
- Stress: 1.0
- Loneliness: 0.0
- Emotional Regulation Frequency:
  - Upset by Unexpected Events: 1.0
  - Unable to Control Important Things: 2.0
  - Lacked Confidence Handling Problems: 4.0
  - Unable to Cope: 1.0
  - Irritated by Life: 4.0
  - On Top of Things: 3.0
- Anxiety Symptoms Frequency:
  - Feeling Nervous or On Edge: 0.0
  - Trouble Relaxing: 0.0
  - Restlessness: 0.0
  - Irritability: 0.0
  - Fear Something Awful Might Happen: 0.0
- Depressive Symptoms Frequency:
  - Anhedonia: 0.0
  - Sleep Problems: 0.0
  - Fatigue: 1.0
  - Appetite Changes: 0.0
  - Feelings of Worthlessness: 0.0
  - Concentration Difficulties: 0.0
  - Suicidal Thoughts: 0.0

Respondent 30:
- Year of birth: 2003.0
- Gender: 1.0
- Socio-economic status: 6.0
- Ethnic identity: 6.0
- Parental Education:
  - Father: 12.0
  - Mother: 8.0
- Life satisfaction: 4.0
- Happiness: 2.0
- Laughter: 3.0
- Learning: 1.0
- Enjoyment: 0.0
- Worry: 1.0
- Depression: 1.0
- Anger: 1.0
- Stress: 2.0
- Loneliness: 10.0
- Emotional Regulation Frequency:
  - Upset by Unexpected Events: 1.0
  - Unable to Control Important Things: 2.0
  - Lacked Confidence Handling Problems: 3.0
  - Unable to Cope: 1.0
  - Irritated by Life: 2.0
  - On Top of Things: 1.0
- Anxiety Symptoms Frequency:
  - Feeling Nervous or On Edge: 0.0
  - Trouble Relaxing: 3.0
  - Restlessness: 0.0
  - Irritability: 0.0
  - Fear Something Awful Might Happen: 0.0
- Depressive Symptoms Frequency:
  - Anhedonia: 1.0
  - Sleep Problems: 1.0
  - Fatigue: 1.0
  - Appetite Changes: 1.0
  - Feelings of Worthlessness: 2.0
  - Concentration Difficulties: 1.0
  - Suicidal Thoughts: 0.0

Respondent 28:
- Year of birth: 2004.0
- Gender: 1.0
- Socio-economic status: 1.0
- Ethnic identity: 6.0
- Parental Education:
  - Father: 11.0
  - Mother: 11.0
- Life satisfaction: 8.0
- Happiness: 5.0
- Laughter: 3.0
- Learning: 4.0
- Enjoyment: 6.0
- Worry: 3.0
- Depression: 2.0
- Anger: 4.0
- Stress: 4.0
- Loneliness: 10.0
- Emotional Regulation Frequency:
  - Upset by Unexpected Events: 4.0
  - Unable to Control Important Things: 4.0
  - Lacked Confidence Handling Problems: 2.0
  - Unable to Cope: 3.0
  - Irritated by Life: 3.0
  - On Top of Things: 2.0
- Anxiety Symptoms Frequency:
  - Feeling Nervous or On Edge: 3.0
  - Trouble Relaxing: 2.0
  - Restlessness: 2.0
  - Irritability: 2.0
  - Fear Something Awful Might Happen: 3.0
- Depressive Symptoms Frequency:
  - Anhedonia: 1.0
  - Sleep Problems: 2.0
  - Fatigue: 2.0
  - Appetite Changes: 2.0
  - Feelings of Worthlessness: 2.0
  - Concentration Difficulties: 2.0
  - Suicidal Thoughts: 1.0

Respondent 36:
- Year of birth: 2006.0
- Gender: 1.0
- Socio-economic status: 5.0
- Ethnic identity: 6.0
- Life satisfaction: 8.0
- Happiness: 9.0
- Laughter: 9.0
- Learning: 7.0
- Enjoyment: 9.0
- Worry: 0.0
- Depression: 0.0
- Anger: 1.0
- Stress: 2.0
- Loneliness: 0.0
- Emotional Regulation Frequency:
  - Upset by Unexpected Events: 1.0
  - Unable to Control Important Things: 1.0
  - Lacked Confidence Handling Problems: 2.0
  - Unable to Cope: 2.0
  - Irritated by Life: 3.0
  - On Top of Things: 3.0
- Anxiety Symptoms Frequency:
  - Feeling Nervous or On Edge: 0.0
  - Trouble Relaxing: 2.0
  - Restlessness: 0.0
  - Irritability: 1.0
  - Fear Something Awful Might Happen: 0.0
- Depressive Symptoms Frequency:
  - Anhedonia: 1.0
  - Sleep Problems: 1.0
  - Fatigue: 1.0
  - Appetite Changes: 0.0
  - Feelings of Worthlessness: 0.0
  - Concentration Difficulties: 0.0
  - Suicidal Thoughts: 0.0

Respondent 82:
- Year of birth: 2003.0
- Gender: 1.0
- Socio-economic status: 3.0
- Ethnic identity: 5.0
- Parental Education:
  - Father: 17.0
  - Mother: 17.0
- Life satisfaction: 8.0
- Happiness: 9.0
- Laughter: 7.0
- Learning: 5.0
- Enjoyment: 6.0
- Worry: 3.0
- Depression: 1.0
- Anger: 4.0
- Stress: 3.0
- Loneliness: 4.0
- Emotional Regulation Frequency:
  - Upset by Unexpected Events: 2.0
  - Unable to Control Important Things: 2.0
  - Lacked Confidence Handling Problems: 3.0
  - Unable to Cope: 2.0
  - Irritated by Life: 3.0
  - On Top of Things: 3.0
- Anxiety Symptoms Frequency:
  - Feeling Nervous or On Edge: 1.0
  - Trouble Relaxing: 2.0
  - Restlessness: 0.0
  - Irritability: 1.0
  - Fear Something Awful Might Happen: 1.0
- Depressive Symptoms Frequency:
  - Anhedonia: 1.0
  - Sleep Problems: 0.0
  - Fatigue: 1.0
  - Appetite Changes: 1.0
  - Feelings of Worthlessness: 1.0
  - Concentration Difficulties: 1.0
  - Suicidal Thoughts: 0.0

Respondent 103:
- Year of birth: 2004.0
- Gender: 2.0
- Socio-economic status: 5.0
- Ethnic identity: 6.0
- Parental Education:
  - Father: 16.0
  - Mother: 16.0
- Life satisfaction: 8.0
- Happiness: 6.0
- Laughter: 7.0
- Learning: 7.0
- Enjoyment: 8.0
- Worry: 1.0
- Depression: 1.0
- Anger: 3.0
- Stress: 3.0
- Loneliness: 3.0
- Emotional Regulation Frequency:
  - Upset by Unexpected Events: 3.0
  - Unable to Control Important Things: 1.0
  - Lacked Confidence Handling Problems: 3.0
  - Unable to Cope: 2.0
  - Irritated by Life: 3.0
  - On Top of Things: 2.0
- Anxiety Symptoms Frequency:
  - Feeling Nervous or On Edge: 3.0
  - Trouble Relaxing: 1.0
  - Restlessness: 2.0
  - Irritability: 2.0
  - Fear Something Awful Might Happen: 3.0
- Depressive Symptoms Frequency:
  - Anhedonia: 1.0
  - Sleep Problems: 0.0
  - Fatigue: 1.0
  - Appetite Changes: 1.0
  - Feelings of Worthlessness: 0.0
  - Concentration Difficulties: 1.0
  - Suicidal Thoughts: 0.0
",10,"How many respondents are there?

DATA:

Survey Data
==================================================

Questions:
1. Year of birth: What is your date of birth? [Open-ended]
2. Gender: What is your gender? [MCQ: 1. Male 2. Female]
3. Socio-economic status: What is the socio-economic status of your home? [Likert 1–6: 1 = Very low, 6 = Very high]
4. Ethnic identity: According to your culture, people, or physical features, you are or are recognized as: [MCQ: 1. Indigenous 2. Gypsy 3. Raizal from San Andres, Providencia and Santa Catalina Archipelago 4. Palenquero from San Basilio 5. Black, mulatto (Afro-descendant), Afro-Colombian 6. None of the above]
5. Parental Education: How many years of education did your parents receive? [Open-ended]
   - Father: Father?
   - Mother: Mother?
6. Life satisfaction: In general, how satisfied are you with all aspects of your life? [Likert 0–10: 0 = Not satisfied, 10 = Totally satisfied]
7. Happiness: How happy did you feel yesterday? [Likert 0–10: 0 = At no time, 10 = All the time]
8. Laughter: How much did you laugh yesterday? [Likert 0–10: 0 = At no time, 10 = All the time]
9. Learning: Did you learn new or exciting things yesterday? [Likert 0–10: 0 = At no time, 10 = All the time]
10. Enjoyment: How much did you enjoy the activities you did yesterday? [Likert 0–10: 0 = At no time, 10 = All the time]
11. Worry: How worried did you feel yesterday? [Likert 0–10: 0 = At no time, 10 = All the time]
12. Depression: How depressed did you feel yesterday? [Likert 0–10: 0 = At no time, 10 = All the time]
13. Anger: How angry did you feel yesterday? [Likert 0–10: 0 = At no time, 10 = All the time]
14. Stress: How much stress did you feel yesterday? [Likert 0–10: 0 = At no time, 10 = All the time]
15. Loneliness: How lonely or unsupported did you feel yesterday? [Likert 0–10: 0 = At no time, 10 = All the time]
16. Emotional Regulation Frequency: Next, you will be asked questions about your emotional state. Please answer on a scale of 0 to 4, where 0 is never, 1 is 'almost never', 2 is 'sometimes', 3 is 'fairly often', and 4 is 'very often', how often you experienced the following feelings during the last month: [Likert 0–4]
    - Upset by Unexpected Events: how often have you been upset because of something that happened unexpectedly?
    - Unable to Control Important Things: how often have you felt that you were unable to control the important things in your life?
    - Nervous and Stressed: how often have you felt nervous and stressed?
    - Lacked Confidence Handling Problems: how often have you felt confident about your ability to handle your personal problems?
    - Things Going Your Way: how often have you felt that things were going your way?
    - Unable to Cope: how often have you found that you could not cope with all the things that you had to do?
    - Irritated by Life: how often have you been able to control irritations in your life?
    - On Top of Things: how often have you felt that you were on top of things?
    - Angered by Uncontrollable Events: how often have you been angered because of things that happened that were outside of your control?
    - Felt Overwhelmed: how often have you felt difficulties were piling up so high that you could not overcome them?
17. Anxiety Symptoms Frequency: Next, you will be asked questions about your emotional state. Please answer on a scale of 0 to 3, where 0 is 'Not at all', 1 is 'several days', 2 is 'more than half of the days', and 3 is 'Nearly every day'. Over the last two weeks, how often have you been bothered by the following problems? [Likert 0–3]
    - Feeling Nervous or On Edge: Feeling nervous, anxious, or on edge
    - Uncontrollable Worrying: Not being able to stop or control worrying
    - Excessive Worry: Worrying too much about different things
    - Trouble Relaxing: Trouble relaxing
    - Restlessness: Being so restless that it is hard to sit still
    - Irritability: Becoming easily annoyed or irritable
    - Fear Something Awful Might Happen: Feeling afraid, as if something awful might happen
18. Depressive Symptoms Frequency: Next, you will be asked questions about your emotional state. Please answer on a scale of 0 to 3, where 0 is 'Not at all', 1 is 'several days', 2 is 'more than half of the days', and 3 is 'Nearly every day'. Over the last two weeks, how often have you been bothered by the following problems?
    - Anhedonia: Little interest or pleasure in doing things
    - Depressed Mood: Feeling down, depressed, or hopeless
    - Sleep Problems: Trouble falling or staying asleep, or sleeping too much
    - Fatigue: Feeling tired or having little energy
    - Appetite Changes: Poor appetite or overeating
    - Feelings of Worthlessness: Feeling bad about yourself or that you are a failure or have let yourself or your family down
    - Concentration Difficulties: Trouble concentrating on things, such as reading the newspaper or watching television
    - Psychomotor Changes: Moving or speaking so slowly that other people could have noticed. Or the opposite — being so fidgety or restless that you have been moving around a lot more than usual
    - Suicidal Thoughts: Thoughts that you would be better off dead, or of hurting yourself

Responses:
==================================================

Respondent 119:
- Year of birth: 2004.0
- Gender: 1.0
- Socio-economic status: 1.0
- Ethnic identity: 6.0
- Life satisfaction: 4.0
- Happiness: 8.0
- Laughter: 8.0
- Learning: 8.0
- Enjoyment: 8.0
- Worry: 1.0
- Depression: 1.0
- Anger: 2.0
- Stress: 2.0
- Loneliness: 2.0
- Emotional Regulation Frequency:
  - Upset by Unexpected Events: 2.0
  - Unable to Control Important Things: 2.0
  - Lacked Confidence Handling Problems: 2.0
  - Unable to Cope: 2.0
  - Irritated by Life: 2.0
  - On Top of Things: 2.0
- Anxiety Symptoms Frequency:
  - Feeling Nervous or On Edge: 1.0
  - Trouble Relaxing: 1.0
  - Restlessness: 1.0
  - Irritability: 1.0
  - Fear Something Awful Might Happen: 1.0
- Depressive Symptoms Frequency:
  - Anhedonia: 1.0
  - Sleep Problems: 1.0
  - Fatigue: 1.0
  - Appetite Changes: 0.0
  - Feelings of Worthlessness: 1.0
  - Concentration Difficulties: 0.0
  - Suicidal Thoughts: 0.0

Respondent 116:
- Year of birth: 2004.0
- Gender: 1.0
- Socio-economic status: 5.0
- Ethnic identity: 6.0
- Parental Education:
  - Father: 17.0
  - Mother: 17.0
- Life satisfaction: 8.0
- Happiness: 8.0
- Laughter: 7.0
- Learning: 7.0
- Enjoyment: 9.0
- Worry: 1.0
- Depression: 1.0
- Anger: 2.0
- Stress: 3.0
- Loneliness: 1.0
- Emotional Regulation Frequency:
  - Upset by Unexpected Events: 2.0
  - Unable to Control Important Things: 2.0
  - Lacked Confidence Handling Problems: 3.0
  - Unable to Cope: 2.0
  - Irritated by Life: 3.0
  - On Top of Things: 2.0
- Anxiety Symptoms Frequency:
  - Feeling Nervous or On Edge: 2.0
  - Trouble Relaxing: 1.0
  - Restlessness: 2.0
  - Irritability: 1.0
  - Fear Something Awful Might Happen: 2.0
- Depressive Symptoms Frequency:
  - Anhedonia: 1.0
  - Sleep Problems: 0.0
  - Fatigue: 2.0
  - Appetite Changes: 2.0
  - Feelings of Worthlessness: 1.0
  - Concentration Difficulties: 2.0
  - Suicidal Thoughts: 0.0

Answer: 2

Survey Data
==================================================

Questions:
1. Year of birth: What is your date of birth? [Open-ended]
2. Gender: What is your gender? [MCQ: 1. Male 2. Female]
3. Socio-economic status: What is the socio-economic status of your home? [Likert 1–6: 1 = Very low, 6 = Very high]
4. Ethnic identity: According to your culture, people, or physical features, you are or are recognized as: [MCQ: 1. Indigenous 2. Gypsy 3. Raizal from San Andres, Providencia and Santa Catalina Archipelago 4. Palenquero from San Basilio 5. Black, mulatto (Afro-descendant), Afro-Colombian 6. None of the above]
5. Parental Education: How many years of education did your parents receive? [Open-ended]
   - Father: Father?
   - Mother: Mother?
6. Life satisfaction: In general, how satisfied are you with all aspects of your life? [Likert 0–10: 0 = Not satisfied, 10 = Totally satisfied]
7. Happiness: How happy did you feel yesterday? [Likert 0–10: 0 = At no time, 10 = All the time]
8. Laughter: How much did you laugh yesterday? [Likert 0–10: 0 = At no time, 10 = All the time]
9. Learning: Did you learn new or exciting things yesterday? [Likert 0–10: 0 = At no time, 10 = All the time]
10. Enjoyment: How much did you enjoy the activities you did yesterday? [Likert 0–10: 0 = At no time, 10 = All the time]
11. Worry: How worried did you feel yesterday? [Likert 0–10: 0 = At no time, 10 = All the time]
12. Depression: How depressed did you feel yesterday? [Likert 0–10: 0 = At no time, 10 = All the time]
13. Anger: How angry did you feel yesterday? [Likert 0–10: 0 = At no time, 10 = All the time]
14. Stress: How much stress did you feel yesterday? [Likert 0–10: 0 = At no time, 10 = All the time]
15. Loneliness: How lonely or unsupported did you feel yesterday? [Likert 0–10: 0 = At no time, 10 = All the time]
16. Emotional Regulation Frequency: Next, you will be asked questions about your emotional state. Please answer on a scale of 0 to 4, where 0 is never, 1 is 'almost never', 2 is 'sometimes', 3 is 'fairly often', and 4 is 'very often', how often you experienced the following feelings during the last month: [Likert 0–4]
    - Upset by Unexpected Events: how often have you been upset because of something that happened unexpectedly?
    - Unable to Control Important Things: how often have you felt that you were unable to control the important things in your life?
    - Nervous and Stressed: how often have you felt nervous and stressed?
    - Lacked Confidence Handling Problems: how often have you felt confident about your ability to handle your personal problems?
    - Things Going Your Way: how often have you felt that things were going your way?
    - Unable to Cope: how often have you found that you could not cope with all the things that you had to do?
    - Irritated by Life: how often have you been able to control irritations in your life?
    - On Top of Things: how often have you felt that you were on top of things?
    - Angered by Uncontrollable Events: how often have you been angered because of things that happened that were outside of your control?
    - Felt Overwhelmed: how often have you felt difficulties were piling up so high that you could not overcome them?
17. Anxiety Symptoms Frequency: Next, you will be asked questions about your emotional state. Please answer on a scale of 0 to 3, where 0 is 'Not at all', 1 is 'several days', 2 is 'more than half of the days', and 3 is 'Nearly every day'. Over the last two weeks, how often have you been bothered by the following problems? [Likert 0–3]
    - Feeling Nervous or On Edge: Feeling nervous, anxious, or on edge
    - Uncontrollable Worrying: Not being able to stop or control worrying
    - Excessive Worry: Worrying too much about different things
    - Trouble Relaxing: Trouble relaxing
    - Restlessness: Being so restless that it is hard to sit still
    - Irritability: Becoming easily annoyed or irritable
    - Fear Something Awful Might Happen: Feeling afraid, as if something awful might happen
18. Depressive Symptoms Frequency: Next, you will be asked questions about your emotional state. Please answer on a scale of 0 to 3, where 0 is 'Not at all', 1 is 'several days', 2 is 'more than half of the days', and 3 is 'Nearly every day'. Over the last two weeks, how often have you been bothered by the following problems?
    - Anhedonia: Little interest or pleasure in doing things
    - Depressed Mood: Feeling down, depressed, or hopeless
    - Sleep Problems: Trouble falling or staying asleep, or sleeping too much
    - Fatigue: Feeling tired or having little energy
    - Appetite Changes: Poor appetite or overeating
    - Feelings of Worthlessness: Feeling bad about yourself or that you are a failure or have let yourself or your family down
    - Concentration Difficulties: Trouble concentrating on things, such as reading the newspaper or watching television
    - Psychomotor Changes: Moving or speaking so slowly that other people could have noticed. Or the opposite — being so fidgety or restless that you have been moving around a lot more than usual
    - Suicidal Thoughts: Thoughts that you would be better off dead, or of hurting yourself

Responses:
==================================================

Respondent 55:
- Year of birth: 2002.0
- Gender: 2.0
- Socio-economic status: 2.0
- Ethnic identity: 6.0
- Parental Education:
  - Father: 4.0
  - Mother: 15.0
- Life satisfaction: 6.0
- Happiness: 6.0
- Laughter: 7.0
- Learning: 9.0
- Enjoyment: 5.0
- Worry: 3.0
- Depression: 3.0
- Anger: 2.0
- Stress: 4.0
- Loneliness: 6.0
- Emotional Regulation Frequency:
  - Upset by Unexpected Events: 2.0
  - Unable to Control Important Things: 4.0
  - Lacked Confidence Handling Problems: 2.0
  - Unable to Cope: 3.0
  - Irritated by Life: 2.0
  - On Top of Things: 1.0
- Anxiety Symptoms Frequency:
  - Feeling Nervous or On Edge: 3.0
  - Trouble Relaxing: 3.0
  - Restlessness: 0.0
  - Irritability: 3.0
  - Fear Something Awful Might Happen: 3.0
- Depressive Symptoms Frequency:
  - Anhedonia: 2.0
  - Sleep Problems: 0.0
  - Fatigue: 3.0
  - Appetite Changes: 3.0
  - Feelings of Worthlessness: 3.0
  - Concentration Difficulties: 1.0
  - Suicidal Thoughts: 3.0

Respondent 27:
- Year of birth: 2003.0
- Gender: 2.0
- Socio-economic status: 3.0
- Ethnic identity: 6.0
- Parental Education:
  - Father: 12.0
- Life satisfaction: 7.0
- Happiness: 10.0
- Laughter: 6.0
- Learning: 4.0
- Enjoyment: 9.0
- Worry: 1.0
- Depression: 0.0
- Anger: 2.0
- Stress: 3.0
- Loneliness: 0.0
- Emotional Regulation Frequency:
  - Upset by Unexpected Events: 2.0
  - Unable to Control Important Things: 2.0
  - Lacked Confidence Handling Problems: 3.0
  - Unable to Cope: 1.0
  - Irritated by Life: 3.0
  - On Top of Things: 1.0
- Anxiety Symptoms Frequency:
  - Feeling Nervous or On Edge: 0.0
  - Trouble Relaxing: 1.0
  - Restlessness: 1.0
  - Irritability: 1.0
  - Fear Something Awful Might Happen: 1.0
- Depressive Symptoms Frequency:
  - Anhedonia: 0.0
  - Sleep Problems: 0.0
  - Fatigue: 0.0
  - Appetite Changes: 0.0
  - Feelings of Worthlessness: 1.0
  - Concentration Difficulties: 1.0
  - Suicidal Thoughts: 0.0

Respondent 72:
- Year of birth: 2002.0
- Gender: 1.0
- Socio-economic status: 3.0
- Ethnic identity: 6.0
- Life satisfaction: 6.0
- Happiness: 6.0
- Laughter: 7.0
- Learning: 4.0
- Enjoyment: 5.0
- Worry: 1.0
- Depression: 0.0
- Anger: 0.0
- Stress: 1.0
- Loneliness: 0.0
- Emotional Regulation Frequency:
  - Upset by Unexpected Events: 2.0
  - Unable to Control Important Things: 2.0
  - Lacked Confidence Handling Problems: 3.0
  - Unable to Cope: 2.0
  - Irritated by Life: 3.0
  - On Top of Things: 2.0
- Anxiety Symptoms Frequency:
  - Feeling Nervous or On Edge: 1.0
  - Trouble Relaxing: 1.0
  - Restlessness: 0.0
  - Irritability: 0.0
  - Fear Something Awful Might Happen: 0.0
- Depressive Symptoms Frequency:
  - Anhedonia: 1.0
  - Sleep Problems: 1.0
  - Fatigue: 1.0
  - Appetite Changes: 0.0
  - Feelings of Worthlessness: 0.0
  - Concentration Difficulties: 1.0
  - Suicidal Thoughts: 0.0

Respondent 63:
- Year of birth: 2005.0
- Gender: 1.0
- Socio-economic status: 3.0
- Ethnic identity: 6.0
- Parental Education:
  - Father: 18.0
  - Mother: 18.0
- Life satisfaction: 6.0
- Happiness: 7.0
- Laughter: 7.0
- Learning: 3.0
- Enjoyment: 6.0
- Worry: 1.0
- Depression: 1.0
- Anger: 2.0
- Stress: 2.0
- Loneliness: 3.0
- Emotional Regulation Frequency:
  - Upset by Unexpected Events: 3.0
  - Unable to Control Important Things: 3.0
  - Lacked Confidence Handling Problems: 1.0
  - Unable to Cope: 2.0
  - Irritated by Life: 1.0
  - On Top of Things: 1.0
- Anxiety Symptoms Frequency:
  - Feeling Nervous or On Edge: 0.0
  - Trouble Relaxing: 1.0
  - Restlessness: 0.0
  - Irritability: 2.0
  - Fear Something Awful Might Happen: 0.0
- Depressive Symptoms Frequency:
  - Anhedonia: 3.0
  - Sleep Problems: 2.0
  - Fatigue: 1.0
  - Appetite Changes: 2.0
  - Feelings of Worthlessness: 1.0
  - Concentration Difficulties: 0.0
  - Suicidal Thoughts: 1.0

Respondent 60:
- Year of birth: 2003.0
- Gender: 1.0
- Socio-economic status: 6.0
- Ethnic identity: 6.0
- Life satisfaction: 10.0
- Happiness: 10.0
- Laughter: 9.0
- Learning: 8.0
- Enjoyment: 9.0
- Worry: 0.0
- Depression: 0.0
- Anger: 2.0
- Stress: 1.0
- Loneliness: 0.0
- Emotional Regulation Frequency:
  - Upset by Unexpected Events: 1.0
  - Unable to Control Important Things: 2.0
  - Lacked Confidence Handling Problems: 4.0
  - Unable to Cope: 1.0
  - Irritated by Life: 4.0
  - On Top of Things: 3.0
- Anxiety Symptoms Frequency:
  - Feeling Nervous or On Edge: 0.0
  - Trouble Relaxing: 0.0
  - Restlessness: 0.0
  - Irritability: 0.0
  - Fear Something Awful Might Happen: 0.0
- Depressive Symptoms Frequency:
  - Anhedonia: 0.0
  - Sleep Problems: 0.0
  - Fatigue: 1.0
  - Appetite Changes: 0.0
  - Feelings of Worthlessness: 0.0
  - Concentration Difficulties: 0.0
  - Suicidal Thoughts: 0.0

Respondent 30:
- Year of birth: 2003.0
- Gender: 1.0
- Socio-economic status: 6.0
- Ethnic identity: 6.0
- Parental Education:
  - Father: 12.0
  - Mother: 8.0
- Life satisfaction: 4.0
- Happiness: 2.0
- Laughter: 3.0
- Learning: 1.0
- Enjoyment: 0.0
- Worry: 1.0
- Depression: 1.0
- Anger: 1.0
- Stress: 2.0
- Loneliness: 10.0
- Emotional Regulation Frequency:
  - Upset by Unexpected Events: 1.0
  - Unable to Control Important Things: 2.0
  - Lacked Confidence Handling Problems: 3.0
  - Unable to Cope: 1.0
  - Irritated by Life: 2.0
  - On Top of Things: 1.0
- Anxiety Symptoms Frequency:
  - Feeling Nervous or On Edge: 0.0
  - Trouble Relaxing: 3.0
  - Restlessness: 0.0
  - Irritability: 0.0
  - Fear Something Awful Might Happen: 0.0
- Depressive Symptoms Frequency:
  - Anhedonia: 1.0
  - Sleep Problems: 1.0
  - Fatigue: 1.0
  - Appetite Changes: 1.0
  - Feelings of Worthlessness: 2.0
  - Concentration Difficulties: 1.0
  - Suicidal Thoughts: 0.0

Respondent 28:
- Year of birth: 2004.0
- Gender: 1.0
- Socio-economic status: 1.0
- Ethnic identity: 6.0
- Parental Education:
  - Father: 11.0
  - Mother: 11.0
- Life satisfaction: 8.0
- Happiness: 5.0
- Laughter: 3.0
- Learning: 4.0
- Enjoyment: 6.0
- Worry: 3.0
- Depression: 2.0
- Anger: 4.0
- Stress: 4.0
- Loneliness: 10.0
- Emotional Regulation Frequency:
  - Upset by Unexpected Events: 4.0
  - Unable to Control Important Things: 4.0
  - Lacked Confidence Handling Problems: 2.0
  - Unable to Cope: 3.0
  - Irritated by Life: 3.0
  - On Top of Things: 2.0
- Anxiety Symptoms Frequency:
  - Feeling Nervous or On Edge: 3.0
  - Trouble Relaxing: 2.0
  - Restlessness: 2.0
  - Irritability: 2.0
  - Fear Something Awful Might Happen: 3.0
- Depressive Symptoms Frequency:
  - Anhedonia: 1.0
  - Sleep Problems: 2.0
  - Fatigue: 2.0
  - Appetite Changes: 2.0
  - Feelings of Worthlessness: 2.0
  - Concentration Difficulties: 2.0
  - Suicidal Thoughts: 1.0

Respondent 36:
- Year of birth: 2006.0
- Gender: 1.0
- Socio-economic status: 5.0
- Ethnic identity: 6.0
- Life satisfaction: 8.0
- Happiness: 9.0
- Laughter: 9.0
- Learning: 7.0
- Enjoyment: 9.0
- Worry: 0.0
- Depression: 0.0
- Anger: 1.0
- Stress: 2.0
- Loneliness: 0.0
- Emotional Regulation Frequency:
  - Upset by Unexpected Events: 1.0
  - Unable to Control Important Things: 1.0
  - Lacked Confidence Handling Problems: 2.0
  - Unable to Cope: 2.0
  - Irritated by Life: 3.0
  - On Top of Things: 3.0
- Anxiety Symptoms Frequency:
  - Feeling Nervous or On Edge: 0.0
  - Trouble Relaxing: 2.0
  - Restlessness: 0.0
  - Irritability: 1.0
  - Fear Something Awful Might Happen: 0.0
- Depressive Symptoms Frequency:
  - Anhedonia: 1.0
  - Sleep Problems: 1.0
  - Fatigue: 1.0
  - Appetite Changes: 0.0
  - Feelings of Worthlessness: 0.0
  - Concentration Difficulties: 0.0
  - Suicidal Thoughts: 0.0

Respondent 82:
- Year of birth: 2003.0
- Gender: 1.0
- Socio-economic status: 3.0
- Ethnic identity: 5.0
- Parental Education:
  - Father: 17.0
  - Mother: 17.0
- Life satisfaction: 8.0
- Happiness: 9.0
- Laughter: 7.0
- Learning: 5.0
- Enjoyment: 6.0
- Worry: 3.0
- Depression: 1.0
- Anger: 4.0
- Stress: 3.0
- Loneliness: 4.0
- Emotional Regulation Frequency:
  - Upset by Unexpected Events: 2.0
  - Unable to Control Important Things: 2.0
  - Lacked Confidence Handling Problems: 3.0
  - Unable to Cope: 2.0
  - Irritated by Life: 3.0
  - On Top of Things: 3.0
- Anxiety Symptoms Frequency:
  - Feeling Nervous or On Edge: 1.0
  - Trouble Relaxing: 2.0
  - Restlessness: 0.0
  - Irritability: 1.0
  - Fear Something Awful Might Happen: 1.0
- Depressive Symptoms Frequency:
  - Anhedonia: 1.0
  - Sleep Problems: 0.0
  - Fatigue: 1.0
  - Appetite Changes: 1.0
  - Feelings of Worthlessness: 1.0
  - Concentration Difficulties: 1.0
  - Suicidal Thoughts: 0.0

Respondent 103:
- Year of birth: 2004.0
- Gender: 2.0
- Socio-economic status: 5.0
- Ethnic identity: 6.0
- Parental Education:
  - Father: 16.0
  - Mother: 16.0
- Life satisfaction: 8.0
- Happiness: 6.0
- Laughter: 7.0
- Learning: 7.0
- Enjoyment: 8.0
- Worry: 1.0
- Depression: 1.0
- Anger: 3.0
- Stress: 3.0
- Loneliness: 3.0
- Emotional Regulation Frequency:
  - Upset by Unexpected Events: 3.0
  - Unable to Control Important Things: 1.0
  - Lacked Confidence Handling Problems: 3.0
  - Unable to Cope: 2.0
  - Irritated by Life: 3.0
  - On Top of Things: 2.0
- Anxiety Symptoms Frequency:
  - Feeling Nervous or On Edge: 3.0
  - Trouble Relaxing: 1.0
  - Restlessness: 2.0
  - Irritability: 2.0
  - Fear Something Awful Might Happen: 3.0
- Depressive Symptoms Frequency:
  - Anhedonia: 1.0
  - Sleep Problems: 0.0
  - Fatigue: 1.0
  - Appetite Changes: 1.0
  - Feelings of Worthlessness: 0.0
  - Concentration Difficulties: 1.0
  - Suicidal Thoughts: 0.0

You are a meticulous data analyst AI. Your primary function is to accurately analyze structured data and provide precise, verifiable answers.

You will be given a dataset with two key parts:

A 'questions' section: This is your data dictionary or schema. It is the single source of truth for understanding what each field and score means. Refer to it carefully.

A 'responses' section: This contains the raw data from each individual respondent.

To answer the question correctly, you must first use the 'questions' schema to fully understand the context and meaning of the data points within the 'responses'. Do not rely on any prior knowledge outside of this provided data. Base your entire analysis on the information given.

Provide your final answer directly and concisely. Output must be the human-readable value, not an option code.

Rules:
- For MCQ fields, map any letter codes in the Responses (case-insensitive) to the corresponding option text from the Questions schema, and output only that text. Do NOT include the letter or both.
  Example: If the schema is ""[MCQ: A. Abnormal B. Inconclusive C. Normal]"" and the response is ""a"", output ""Abnormal"".
- For open-ended fields, output the exact text value.
- If the question asks for a count, provide only the number (e.g., ""42"").
- If the question asks for a list of names or IDs, provide a simple comma-separated list (e.g., ""17, 21, 23"").
- Preserve capitalization exactly as in the schema (e.g., output ""Abnormal"", not ""abnormal"" or ""A"").

How many respondents are there?",12,False
case_49,respondent_count,How many respondents are there?,"Survey Data
==================================================

Questions:
1. Year of birth: What is your date of birth? [Open-ended]
2. Gender: What is your gender? [MCQ: 1. Male 2. Female]
3. Socio-economic status: What is the socio-economic status of your home? [Likert 1–6: 1 = Very low, 6 = Very high]
4. Ethnic identity: According to your culture, people, or physical features, you are or are recognized as: [MCQ: 1. Indigenous 2. Gypsy 3. Raizal from San Andres, Providencia and Santa Catalina Archipelago 4. Palenquero from San Basilio 5. Black, mulatto (Afro-descendant), Afro-Colombian 6. None of the above]
5. Parental Education: How many years of education did your parents receive? [Open-ended]
   - Father: Father?
   - Mother: Mother?
6. Life satisfaction: In general, how satisfied are you with all aspects of your life? [Likert 0–10: 0 = Not satisfied, 10 = Totally satisfied]
7. Happiness: How happy did you feel yesterday? [Likert 0–10: 0 = At no time, 10 = All the time]
8. Laughter: How much did you laugh yesterday? [Likert 0–10: 0 = At no time, 10 = All the time]
9. Learning: Did you learn new or exciting things yesterday? [Likert 0–10: 0 = At no time, 10 = All the time]
10. Enjoyment: How much did you enjoy the activities you did yesterday? [Likert 0–10: 0 = At no time, 10 = All the time]
11. Worry: How worried did you feel yesterday? [Likert 0–10: 0 = At no time, 10 = All the time]
12. Depression: How depressed did you feel yesterday? [Likert 0–10: 0 = At no time, 10 = All the time]
13. Anger: How angry did you feel yesterday? [Likert 0–10: 0 = At no time, 10 = All the time]
14. Stress: How much stress did you feel yesterday? [Likert 0–10: 0 = At no time, 10 = All the time]
15. Loneliness: How lonely or unsupported did you feel yesterday? [Likert 0–10: 0 = At no time, 10 = All the time]
16. Emotional Regulation Frequency: Next, you will be asked questions about your emotional state. Please answer on a scale of 0 to 4, where 0 is never, 1 is 'almost never', 2 is 'sometimes', 3 is 'fairly often', and 4 is 'very often', how often you experienced the following feelings during the last month: [Likert 0–4]
    - Upset by Unexpected Events: how often have you been upset because of something that happened unexpectedly?
    - Unable to Control Important Things: how often have you felt that you were unable to control the important things in your life?
    - Nervous and Stressed: how often have you felt nervous and stressed?
    - Lacked Confidence Handling Problems: how often have you felt confident about your ability to handle your personal problems?
    - Things Going Your Way: how often have you felt that things were going your way?
    - Unable to Cope: how often have you found that you could not cope with all the things that you had to do?
    - Irritated by Life: how often have you been able to control irritations in your life?
    - On Top of Things: how often have you felt that you were on top of things?
    - Angered by Uncontrollable Events: how often have you been angered because of things that happened that were outside of your control?
    - Felt Overwhelmed: how often have you felt difficulties were piling up so high that you could not overcome them?
17. Anxiety Symptoms Frequency: Next, you will be asked questions about your emotional state. Please answer on a scale of 0 to 3, where 0 is 'Not at all', 1 is 'several days', 2 is 'more than half of the days', and 3 is 'Nearly every day'. Over the last two weeks, how often have you been bothered by the following problems? [Likert 0–3]
    - Feeling Nervous or On Edge: Feeling nervous, anxious, or on edge
    - Uncontrollable Worrying: Not being able to stop or control worrying
    - Excessive Worry: Worrying too much about different things
    - Trouble Relaxing: Trouble relaxing
    - Restlessness: Being so restless that it is hard to sit still
    - Irritability: Becoming easily annoyed or irritable
    - Fear Something Awful Might Happen: Feeling afraid, as if something awful might happen
18. Depressive Symptoms Frequency: Next, you will be asked questions about your emotional state. Please answer on a scale of 0 to 3, where 0 is 'Not at all', 1 is 'several days', 2 is 'more than half of the days', and 3 is 'Nearly every day'. Over the last two weeks, how often have you been bothered by the following problems?
    - Anhedonia: Little interest or pleasure in doing things
    - Depressed Mood: Feeling down, depressed, or hopeless
    - Sleep Problems: Trouble falling or staying asleep, or sleeping too much
    - Fatigue: Feeling tired or having little energy
    - Appetite Changes: Poor appetite or overeating
    - Feelings of Worthlessness: Feeling bad about yourself or that you are a failure or have let yourself or your family down
    - Concentration Difficulties: Trouble concentrating on things, such as reading the newspaper or watching television
    - Psychomotor Changes: Moving or speaking so slowly that other people could have noticed. Or the opposite — being so fidgety or restless that you have been moving around a lot more than usual
    - Suicidal Thoughts: Thoughts that you would be better off dead, or of hurting yourself

Responses:
==================================================

Respondent 125:
- Year of birth: 2002.0
- Gender: 1.0
- Socio-economic status: 1.0
- Ethnic identity: 6.0
- Parental Education:
  - Father: 11.0
  - Mother: 11.0
- Life satisfaction: 7.0
- Happiness: 6.0
- Laughter: 5.0
- Learning: 9.0
- Enjoyment: 8.0
- Worry: 1.0
- Depression: 0.0
- Anger: 2.0
- Stress: 3.0
- Loneliness: 10.0
- Emotional Regulation Frequency:
  - Upset by Unexpected Events: 3.0
  - Unable to Control Important Things: 1.0
  - Lacked Confidence Handling Problems: 3.0
  - Unable to Cope: 1.0
  - Irritated by Life: 3.0
  - On Top of Things: 3.0
- Anxiety Symptoms Frequency:
  - Feeling Nervous or On Edge: 0.0
  - Trouble Relaxing: 0.0
  - Restlessness: 1.0
  - Irritability: 1.0
  - Fear Something Awful Might Happen: 0.0
- Depressive Symptoms Frequency:
  - Anhedonia: 0.0
  - Sleep Problems: 1.0
  - Fatigue: 0.0
  - Appetite Changes: 0.0
  - Feelings of Worthlessness: 0.0
  - Concentration Difficulties: 2.0
  - Suicidal Thoughts: 0.0
",1,"How many respondents are there?

DATA:

Survey Data
==================================================

Questions:
1. Year of birth: What is your date of birth? [Open-ended]
2. Gender: What is your gender? [MCQ: 1. Male 2. Female]
3. Socio-economic status: What is the socio-economic status of your home? [Likert 1–6: 1 = Very low, 6 = Very high]
4. Ethnic identity: According to your culture, people, or physical features, you are or are recognized as: [MCQ: 1. Indigenous 2. Gypsy 3. Raizal from San Andres, Providencia and Santa Catalina Archipelago 4. Palenquero from San Basilio 5. Black, mulatto (Afro-descendant), Afro-Colombian 6. None of the above]
5. Parental Education: How many years of education did your parents receive? [Open-ended]
   - Father: Father?
   - Mother: Mother?
6. Life satisfaction: In general, how satisfied are you with all aspects of your life? [Likert 0–10: 0 = Not satisfied, 10 = Totally satisfied]
7. Happiness: How happy did you feel yesterday? [Likert 0–10: 0 = At no time, 10 = All the time]
8. Laughter: How much did you laugh yesterday? [Likert 0–10: 0 = At no time, 10 = All the time]
9. Learning: Did you learn new or exciting things yesterday? [Likert 0–10: 0 = At no time, 10 = All the time]
10. Enjoyment: How much did you enjoy the activities you did yesterday? [Likert 0–10: 0 = At no time, 10 = All the time]
11. Worry: How worried did you feel yesterday? [Likert 0–10: 0 = At no time, 10 = All the time]
12. Depression: How depressed did you feel yesterday? [Likert 0–10: 0 = At no time, 10 = All the time]
13. Anger: How angry did you feel yesterday? [Likert 0–10: 0 = At no time, 10 = All the time]
14. Stress: How much stress did you feel yesterday? [Likert 0–10: 0 = At no time, 10 = All the time]
15. Loneliness: How lonely or unsupported did you feel yesterday? [Likert 0–10: 0 = At no time, 10 = All the time]
16. Emotional Regulation Frequency: Next, you will be asked questions about your emotional state. Please answer on a scale of 0 to 4, where 0 is never, 1 is 'almost never', 2 is 'sometimes', 3 is 'fairly often', and 4 is 'very often', how often you experienced the following feelings during the last month: [Likert 0–4]
    - Upset by Unexpected Events: how often have you been upset because of something that happened unexpectedly?
    - Unable to Control Important Things: how often have you felt that you were unable to control the important things in your life?
    - Nervous and Stressed: how often have you felt nervous and stressed?
    - Lacked Confidence Handling Problems: how often have you felt confident about your ability to handle your personal problems?
    - Things Going Your Way: how often have you felt that things were going your way?
    - Unable to Cope: how often have you found that you could not cope with all the things that you had to do?
    - Irritated by Life: how often have you been able to control irritations in your life?
    - On Top of Things: how often have you felt that you were on top of things?
    - Angered by Uncontrollable Events: how often have you been angered because of things that happened that were outside of your control?
    - Felt Overwhelmed: how often have you felt difficulties were piling up so high that you could not overcome them?
17. Anxiety Symptoms Frequency: Next, you will be asked questions about your emotional state. Please answer on a scale of 0 to 3, where 0 is 'Not at all', 1 is 'several days', 2 is 'more than half of the days', and 3 is 'Nearly every day'. Over the last two weeks, how often have you been bothered by the following problems? [Likert 0–3]
    - Feeling Nervous or On Edge: Feeling nervous, anxious, or on edge
    - Uncontrollable Worrying: Not being able to stop or control worrying
    - Excessive Worry: Worrying too much about different things
    - Trouble Relaxing: Trouble relaxing
    - Restlessness: Being so restless that it is hard to sit still
    - Irritability: Becoming easily annoyed or irritable
    - Fear Something Awful Might Happen: Feeling afraid, as if something awful might happen
18. Depressive Symptoms Frequency: Next, you will be asked questions about your emotional state. Please answer on a scale of 0 to 3, where 0 is 'Not at all', 1 is 'several days', 2 is 'more than half of the days', and 3 is 'Nearly every day'. Over the last two weeks, how often have you been bothered by the following problems?
    - Anhedonia: Little interest or pleasure in doing things
    - Depressed Mood: Feeling down, depressed, or hopeless
    - Sleep Problems: Trouble falling or staying asleep, or sleeping too much
    - Fatigue: Feeling tired or having little energy
    - Appetite Changes: Poor appetite or overeating
    - Feelings of Worthlessness: Feeling bad about yourself or that you are a failure or have let yourself or your family down
    - Concentration Difficulties: Trouble concentrating on things, such as reading the newspaper or watching television
    - Psychomotor Changes: Moving or speaking so slowly that other people could have noticed. Or the opposite — being so fidgety or restless that you have been moving around a lot more than usual
    - Suicidal Thoughts: Thoughts that you would be better off dead, or of hurting yourself

Responses:
==================================================

Respondent 119:
- Year of birth: 2004.0
- Gender: 1.0
- Socio-economic status: 1.0
- Ethnic identity: 6.0
- Life satisfaction: 4.0
- Happiness: 8.0
- Laughter: 8.0
- Learning: 8.0
- Enjoyment: 8.0
- Worry: 1.0
- Depression: 1.0
- Anger: 2.0
- Stress: 2.0
- Loneliness: 2.0
- Emotional Regulation Frequency:
  - Upset by Unexpected Events: 2.0
  - Unable to Control Important Things: 2.0
  - Lacked Confidence Handling Problems: 2.0
  - Unable to Cope: 2.0
  - Irritated by Life: 2.0
  - On Top of Things: 2.0
- Anxiety Symptoms Frequency:
  - Feeling Nervous or On Edge: 1.0
  - Trouble Relaxing: 1.0
  - Restlessness: 1.0
  - Irritability: 1.0
  - Fear Something Awful Might Happen: 1.0
- Depressive Symptoms Frequency:
  - Anhedonia: 1.0
  - Sleep Problems: 1.0
  - Fatigue: 1.0
  - Appetite Changes: 0.0
  - Feelings of Worthlessness: 1.0
  - Concentration Difficulties: 0.0
  - Suicidal Thoughts: 0.0

Respondent 116:
- Year of birth: 2004.0
- Gender: 1.0
- Socio-economic status: 5.0
- Ethnic identity: 6.0
- Parental Education:
  - Father: 17.0
  - Mother: 17.0
- Life satisfaction: 8.0
- Happiness: 8.0
- Laughter: 7.0
- Learning: 7.0
- Enjoyment: 9.0
- Worry: 1.0
- Depression: 1.0
- Anger: 2.0
- Stress: 3.0
- Loneliness: 1.0
- Emotional Regulation Frequency:
  - Upset by Unexpected Events: 2.0
  - Unable to Control Important Things: 2.0
  - Lacked Confidence Handling Problems: 3.0
  - Unable to Cope: 2.0
  - Irritated by Life: 3.0
  - On Top of Things: 2.0
- Anxiety Symptoms Frequency:
  - Feeling Nervous or On Edge: 2.0
  - Trouble Relaxing: 1.0
  - Restlessness: 2.0
  - Irritability: 1.0
  - Fear Something Awful Might Happen: 2.0
- Depressive Symptoms Frequency:
  - Anhedonia: 1.0
  - Sleep Problems: 0.0
  - Fatigue: 2.0
  - Appetite Changes: 2.0
  - Feelings of Worthlessness: 1.0
  - Concentration Difficulties: 2.0
  - Suicidal Thoughts: 0.0

Answer: 2

Survey Data
==================================================

Questions:
1. Year of birth: What is your date of birth? [Open-ended]
2. Gender: What is your gender? [MCQ: 1. Male 2. Female]
3. Socio-economic status: What is the socio-economic status of your home? [Likert 1–6: 1 = Very low, 6 = Very high]
4. Ethnic identity: According to your culture, people, or physical features, you are or are recognized as: [MCQ: 1. Indigenous 2. Gypsy 3. Raizal from San Andres, Providencia and Santa Catalina Archipelago 4. Palenquero from San Basilio 5. Black, mulatto (Afro-descendant), Afro-Colombian 6. None of the above]
5. Parental Education: How many years of education did your parents receive? [Open-ended]
   - Father: Father?
   - Mother: Mother?
6. Life satisfaction: In general, how satisfied are you with all aspects of your life? [Likert 0–10: 0 = Not satisfied, 10 = Totally satisfied]
7. Happiness: How happy did you feel yesterday? [Likert 0–10: 0 = At no time, 10 = All the time]
8. Laughter: How much did you laugh yesterday? [Likert 0–10: 0 = At no time, 10 = All the time]
9. Learning: Did you learn new or exciting things yesterday? [Likert 0–10: 0 = At no time, 10 = All the time]
10. Enjoyment: How much did you enjoy the activities you did yesterday? [Likert 0–10: 0 = At no time, 10 = All the time]
11. Worry: How worried did you feel yesterday? [Likert 0–10: 0 = At no time, 10 = All the time]
12. Depression: How depressed did you feel yesterday? [Likert 0–10: 0 = At no time, 10 = All the time]
13. Anger: How angry did you feel yesterday? [Likert 0–10: 0 = At no time, 10 = All the time]
14. Stress: How much stress did you feel yesterday? [Likert 0–10: 0 = At no time, 10 = All the time]
15. Loneliness: How lonely or unsupported did you feel yesterday? [Likert 0–10: 0 = At no time, 10 = All the time]
16. Emotional Regulation Frequency: Next, you will be asked questions about your emotional state. Please answer on a scale of 0 to 4, where 0 is never, 1 is 'almost never', 2 is 'sometimes', 3 is 'fairly often', and 4 is 'very often', how often you experienced the following feelings during the last month: [Likert 0–4]
    - Upset by Unexpected Events: how often have you been upset because of something that happened unexpectedly?
    - Unable to Control Important Things: how often have you felt that you were unable to control the important things in your life?
    - Nervous and Stressed: how often have you felt nervous and stressed?
    - Lacked Confidence Handling Problems: how often have you felt confident about your ability to handle your personal problems?
    - Things Going Your Way: how often have you felt that things were going your way?
    - Unable to Cope: how often have you found that you could not cope with all the things that you had to do?
    - Irritated by Life: how often have you been able to control irritations in your life?
    - On Top of Things: how often have you felt that you were on top of things?
    - Angered by Uncontrollable Events: how often have you been angered because of things that happened that were outside of your control?
    - Felt Overwhelmed: how often have you felt difficulties were piling up so high that you could not overcome them?
17. Anxiety Symptoms Frequency: Next, you will be asked questions about your emotional state. Please answer on a scale of 0 to 3, where 0 is 'Not at all', 1 is 'several days', 2 is 'more than half of the days', and 3 is 'Nearly every day'. Over the last two weeks, how often have you been bothered by the following problems? [Likert 0–3]
    - Feeling Nervous or On Edge: Feeling nervous, anxious, or on edge
    - Uncontrollable Worrying: Not being able to stop or control worrying
    - Excessive Worry: Worrying too much about different things
    - Trouble Relaxing: Trouble relaxing
    - Restlessness: Being so restless that it is hard to sit still
    - Irritability: Becoming easily annoyed or irritable
    - Fear Something Awful Might Happen: Feeling afraid, as if something awful might happen
18. Depressive Symptoms Frequency: Next, you will be asked questions about your emotional state. Please answer on a scale of 0 to 3, where 0 is 'Not at all', 1 is 'several days', 2 is 'more than half of the days', and 3 is 'Nearly every day'. Over the last two weeks, how often have you been bothered by the following problems?
    - Anhedonia: Little interest or pleasure in doing things
    - Depressed Mood: Feeling down, depressed, or hopeless
    - Sleep Problems: Trouble falling or staying asleep, or sleeping too much
    - Fatigue: Feeling tired or having little energy
    - Appetite Changes: Poor appetite or overeating
    - Feelings of Worthlessness: Feeling bad about yourself or that you are a failure or have let yourself or your family down
    - Concentration Difficulties: Trouble concentrating on things, such as reading the newspaper or watching television
    - Psychomotor Changes: Moving or speaking so slowly that other people could have noticed. Or the opposite — being so fidgety or restless that you have been moving around a lot more than usual
    - Suicidal Thoughts: Thoughts that you would be better off dead, or of hurting yourself

Responses:
==================================================

Respondent 125:
- Year of birth: 2002.0
- Gender: 1.0
- Socio-economic status: 1.0
- Ethnic identity: 6.0
- Parental Education:
  - Father: 11.0
  - Mother: 11.0
- Life satisfaction: 7.0
- Happiness: 6.0
- Laughter: 5.0
- Learning: 9.0
- Enjoyment: 8.0
- Worry: 1.0
- Depression: 0.0
- Anger: 2.0
- Stress: 3.0
- Loneliness: 10.0
- Emotional Regulation Frequency:
  - Upset by Unexpected Events: 3.0
  - Unable to Control Important Things: 1.0
  - Lacked Confidence Handling Problems: 3.0
  - Unable to Cope: 1.0
  - Irritated by Life: 3.0
  - On Top of Things: 3.0
- Anxiety Symptoms Frequency:
  - Feeling Nervous or On Edge: 0.0
  - Trouble Relaxing: 0.0
  - Restlessness: 1.0
  - Irritability: 1.0
  - Fear Something Awful Might Happen: 0.0
- Depressive Symptoms Frequency:
  - Anhedonia: 0.0
  - Sleep Problems: 1.0
  - Fatigue: 0.0
  - Appetite Changes: 0.0
  - Feelings of Worthlessness: 0.0
  - Concentration Difficulties: 2.0
  - Suicidal Thoughts: 0.0

You are a meticulous data analyst AI. Your primary function is to accurately analyze structured data and provide precise, verifiable answers.

You will be given a dataset with two key parts:

A 'questions' section: This is your data dictionary or schema. It is the single source of truth for understanding what each field and score means. Refer to it carefully.

A 'responses' section: This contains the raw data from each individual respondent.

To answer the question correctly, you must first use the 'questions' schema to fully understand the context and meaning of the data points within the 'responses'. Do not rely on any prior knowledge outside of this provided data. Base your entire analysis on the information given.

Provide your final answer directly and concisely. Output must be the human-readable value, not an option code.

Rules:
- For MCQ fields, map any letter codes in the Responses (case-insensitive) to the corresponding option text from the Questions schema, and output only that text. Do NOT include the letter or both.
  Example: If the schema is ""[MCQ: A. Abnormal B. Inconclusive C. Normal]"" and the response is ""a"", output ""Abnormal"".
- For open-ended fields, output the exact text value.
- If the question asks for a count, provide only the number (e.g., ""42"").
- If the question asks for a list of names or IDs, provide a simple comma-separated list (e.g., ""17, 21, 23"").
- Preserve capitalization exactly as in the schema (e.g., output ""Abnormal"", not ""abnormal"" or ""A"").

How many respondents are there?",3,False
case_50,respondent_count,How many respondents are there?,"Survey Data
==================================================

Questions:
1. Year of birth: What is your date of birth? [Open-ended]
2. Gender: What is your gender? [MCQ: 1. Male 2. Female]
3. Socio-economic status: What is the socio-economic status of your home? [Likert 1–6: 1 = Very low, 6 = Very high]
4. Ethnic identity: According to your culture, people, or physical features, you are or are recognized as: [MCQ: 1. Indigenous 2. Gypsy 3. Raizal from San Andres, Providencia and Santa Catalina Archipelago 4. Palenquero from San Basilio 5. Black, mulatto (Afro-descendant), Afro-Colombian 6. None of the above]
5. Parental Education: How many years of education did your parents receive? [Open-ended]
   - Father: Father?
   - Mother: Mother?
6. Life satisfaction: In general, how satisfied are you with all aspects of your life? [Likert 0–10: 0 = Not satisfied, 10 = Totally satisfied]
7. Happiness: How happy did you feel yesterday? [Likert 0–10: 0 = At no time, 10 = All the time]
8. Laughter: How much did you laugh yesterday? [Likert 0–10: 0 = At no time, 10 = All the time]
9. Learning: Did you learn new or exciting things yesterday? [Likert 0–10: 0 = At no time, 10 = All the time]
10. Enjoyment: How much did you enjoy the activities you did yesterday? [Likert 0–10: 0 = At no time, 10 = All the time]
11. Worry: How worried did you feel yesterday? [Likert 0–10: 0 = At no time, 10 = All the time]
12. Depression: How depressed did you feel yesterday? [Likert 0–10: 0 = At no time, 10 = All the time]
13. Anger: How angry did you feel yesterday? [Likert 0–10: 0 = At no time, 10 = All the time]
14. Stress: How much stress did you feel yesterday? [Likert 0–10: 0 = At no time, 10 = All the time]
15. Loneliness: How lonely or unsupported did you feel yesterday? [Likert 0–10: 0 = At no time, 10 = All the time]
16. Emotional Regulation Frequency: Next, you will be asked questions about your emotional state. Please answer on a scale of 0 to 4, where 0 is never, 1 is 'almost never', 2 is 'sometimes', 3 is 'fairly often', and 4 is 'very often', how often you experienced the following feelings during the last month: [Likert 0–4]
    - Upset by Unexpected Events: how often have you been upset because of something that happened unexpectedly?
    - Unable to Control Important Things: how often have you felt that you were unable to control the important things in your life?
    - Nervous and Stressed: how often have you felt nervous and stressed?
    - Lacked Confidence Handling Problems: how often have you felt confident about your ability to handle your personal problems?
    - Things Going Your Way: how often have you felt that things were going your way?
    - Unable to Cope: how often have you found that you could not cope with all the things that you had to do?
    - Irritated by Life: how often have you been able to control irritations in your life?
    - On Top of Things: how often have you felt that you were on top of things?
    - Angered by Uncontrollable Events: how often have you been angered because of things that happened that were outside of your control?
    - Felt Overwhelmed: how often have you felt difficulties were piling up so high that you could not overcome them?
17. Anxiety Symptoms Frequency: Next, you will be asked questions about your emotional state. Please answer on a scale of 0 to 3, where 0 is 'Not at all', 1 is 'several days', 2 is 'more than half of the days', and 3 is 'Nearly every day'. Over the last two weeks, how often have you been bothered by the following problems? [Likert 0–3]
    - Feeling Nervous or On Edge: Feeling nervous, anxious, or on edge
    - Uncontrollable Worrying: Not being able to stop or control worrying
    - Excessive Worry: Worrying too much about different things
    - Trouble Relaxing: Trouble relaxing
    - Restlessness: Being so restless that it is hard to sit still
    - Irritability: Becoming easily annoyed or irritable
    - Fear Something Awful Might Happen: Feeling afraid, as if something awful might happen
18. Depressive Symptoms Frequency: Next, you will be asked questions about your emotional state. Please answer on a scale of 0 to 3, where 0 is 'Not at all', 1 is 'several days', 2 is 'more than half of the days', and 3 is 'Nearly every day'. Over the last two weeks, how often have you been bothered by the following problems?
    - Anhedonia: Little interest or pleasure in doing things
    - Depressed Mood: Feeling down, depressed, or hopeless
    - Sleep Problems: Trouble falling or staying asleep, or sleeping too much
    - Fatigue: Feeling tired or having little energy
    - Appetite Changes: Poor appetite or overeating
    - Feelings of Worthlessness: Feeling bad about yourself or that you are a failure or have let yourself or your family down
    - Concentration Difficulties: Trouble concentrating on things, such as reading the newspaper or watching television
    - Psychomotor Changes: Moving or speaking so slowly that other people could have noticed. Or the opposite — being so fidgety or restless that you have been moving around a lot more than usual
    - Suicidal Thoughts: Thoughts that you would be better off dead, or of hurting yourself

Responses:
==================================================

Respondent 118:
- Year of birth: 2004.0
- Gender: 2.0
- Socio-economic status: 3.0
- Ethnic identity: 6.0
- Parental Education:
  - Father: 23.0
  - Mother: 25.0
- Life satisfaction: 9.0
- Happiness: 7.0
- Laughter: 6.0
- Learning: 8.0
- Enjoyment: 8.0
- Worry: 1.0
- Depression: 0.0
- Anger: 2.0
- Stress: 2.0
- Loneliness: 0.0
- Emotional Regulation Frequency:
  - Upset by Unexpected Events: 1.0
  - Unable to Control Important Things: 1.0
  - Lacked Confidence Handling Problems: 4.0
  - Unable to Cope: 2.0
  - Irritated by Life: 3.0
  - On Top of Things: 2.0
- Anxiety Symptoms Frequency:
  - Feeling Nervous or On Edge: 0.0
  - Trouble Relaxing: 0.0
  - Restlessness: 0.0
  - Irritability: 0.0
  - Fear Something Awful Might Happen: 0.0
- Depressive Symptoms Frequency:
  - Anhedonia: 0.0
  - Sleep Problems: 0.0
  - Fatigue: 3.0
  - Appetite Changes: 1.0
  - Feelings of Worthlessness: 0.0
  - Concentration Difficulties: 0.0
  - Suicidal Thoughts: 0.0
",1,"How many respondents are there?

DATA:

Survey Data
==================================================

Questions:
1. Year of birth: What is your date of birth? [Open-ended]
2. Gender: What is your gender? [MCQ: 1. Male 2. Female]
3. Socio-economic status: What is the socio-economic status of your home? [Likert 1–6: 1 = Very low, 6 = Very high]
4. Ethnic identity: According to your culture, people, or physical features, you are or are recognized as: [MCQ: 1. Indigenous 2. Gypsy 3. Raizal from San Andres, Providencia and Santa Catalina Archipelago 4. Palenquero from San Basilio 5. Black, mulatto (Afro-descendant), Afro-Colombian 6. None of the above]
5. Parental Education: How many years of education did your parents receive? [Open-ended]
   - Father: Father?
   - Mother: Mother?
6. Life satisfaction: In general, how satisfied are you with all aspects of your life? [Likert 0–10: 0 = Not satisfied, 10 = Totally satisfied]
7. Happiness: How happy did you feel yesterday? [Likert 0–10: 0 = At no time, 10 = All the time]
8. Laughter: How much did you laugh yesterday? [Likert 0–10: 0 = At no time, 10 = All the time]
9. Learning: Did you learn new or exciting things yesterday? [Likert 0–10: 0 = At no time, 10 = All the time]
10. Enjoyment: How much did you enjoy the activities you did yesterday? [Likert 0–10: 0 = At no time, 10 = All the time]
11. Worry: How worried did you feel yesterday? [Likert 0–10: 0 = At no time, 10 = All the time]
12. Depression: How depressed did you feel yesterday? [Likert 0–10: 0 = At no time, 10 = All the time]
13. Anger: How angry did you feel yesterday? [Likert 0–10: 0 = At no time, 10 = All the time]
14. Stress: How much stress did you feel yesterday? [Likert 0–10: 0 = At no time, 10 = All the time]
15. Loneliness: How lonely or unsupported did you feel yesterday? [Likert 0–10: 0 = At no time, 10 = All the time]
16. Emotional Regulation Frequency: Next, you will be asked questions about your emotional state. Please answer on a scale of 0 to 4, where 0 is never, 1 is 'almost never', 2 is 'sometimes', 3 is 'fairly often', and 4 is 'very often', how often you experienced the following feelings during the last month: [Likert 0–4]
    - Upset by Unexpected Events: how often have you been upset because of something that happened unexpectedly?
    - Unable to Control Important Things: how often have you felt that you were unable to control the important things in your life?
    - Nervous and Stressed: how often have you felt nervous and stressed?
    - Lacked Confidence Handling Problems: how often have you felt confident about your ability to handle your personal problems?
    - Things Going Your Way: how often have you felt that things were going your way?
    - Unable to Cope: how often have you found that you could not cope with all the things that you had to do?
    - Irritated by Life: how often have you been able to control irritations in your life?
    - On Top of Things: how often have you felt that you were on top of things?
    - Angered by Uncontrollable Events: how often have you been angered because of things that happened that were outside of your control?
    - Felt Overwhelmed: how often have you felt difficulties were piling up so high that you could not overcome them?
17. Anxiety Symptoms Frequency: Next, you will be asked questions about your emotional state. Please answer on a scale of 0 to 3, where 0 is 'Not at all', 1 is 'several days', 2 is 'more than half of the days', and 3 is 'Nearly every day'. Over the last two weeks, how often have you been bothered by the following problems? [Likert 0–3]
    - Feeling Nervous or On Edge: Feeling nervous, anxious, or on edge
    - Uncontrollable Worrying: Not being able to stop or control worrying
    - Excessive Worry: Worrying too much about different things
    - Trouble Relaxing: Trouble relaxing
    - Restlessness: Being so restless that it is hard to sit still
    - Irritability: Becoming easily annoyed or irritable
    - Fear Something Awful Might Happen: Feeling afraid, as if something awful might happen
18. Depressive Symptoms Frequency: Next, you will be asked questions about your emotional state. Please answer on a scale of 0 to 3, where 0 is 'Not at all', 1 is 'several days', 2 is 'more than half of the days', and 3 is 'Nearly every day'. Over the last two weeks, how often have you been bothered by the following problems?
    - Anhedonia: Little interest or pleasure in doing things
    - Depressed Mood: Feeling down, depressed, or hopeless
    - Sleep Problems: Trouble falling or staying asleep, or sleeping too much
    - Fatigue: Feeling tired or having little energy
    - Appetite Changes: Poor appetite or overeating
    - Feelings of Worthlessness: Feeling bad about yourself or that you are a failure or have let yourself or your family down
    - Concentration Difficulties: Trouble concentrating on things, such as reading the newspaper or watching television
    - Psychomotor Changes: Moving or speaking so slowly that other people could have noticed. Or the opposite — being so fidgety or restless that you have been moving around a lot more than usual
    - Suicidal Thoughts: Thoughts that you would be better off dead, or of hurting yourself

Responses:
==================================================

Respondent 119:
- Year of birth: 2004.0
- Gender: 1.0
- Socio-economic status: 1.0
- Ethnic identity: 6.0
- Life satisfaction: 4.0
- Happiness: 8.0
- Laughter: 8.0
- Learning: 8.0
- Enjoyment: 8.0
- Worry: 1.0
- Depression: 1.0
- Anger: 2.0
- Stress: 2.0
- Loneliness: 2.0
- Emotional Regulation Frequency:
  - Upset by Unexpected Events: 2.0
  - Unable to Control Important Things: 2.0
  - Lacked Confidence Handling Problems: 2.0
  - Unable to Cope: 2.0
  - Irritated by Life: 2.0
  - On Top of Things: 2.0
- Anxiety Symptoms Frequency:
  - Feeling Nervous or On Edge: 1.0
  - Trouble Relaxing: 1.0
  - Restlessness: 1.0
  - Irritability: 1.0
  - Fear Something Awful Might Happen: 1.0
- Depressive Symptoms Frequency:
  - Anhedonia: 1.0
  - Sleep Problems: 1.0
  - Fatigue: 1.0
  - Appetite Changes: 0.0
  - Feelings of Worthlessness: 1.0
  - Concentration Difficulties: 0.0
  - Suicidal Thoughts: 0.0

Respondent 116:
- Year of birth: 2004.0
- Gender: 1.0
- Socio-economic status: 5.0
- Ethnic identity: 6.0
- Parental Education:
  - Father: 17.0
  - Mother: 17.0
- Life satisfaction: 8.0
- Happiness: 8.0
- Laughter: 7.0
- Learning: 7.0
- Enjoyment: 9.0
- Worry: 1.0
- Depression: 1.0
- Anger: 2.0
- Stress: 3.0
- Loneliness: 1.0
- Emotional Regulation Frequency:
  - Upset by Unexpected Events: 2.0
  - Unable to Control Important Things: 2.0
  - Lacked Confidence Handling Problems: 3.0
  - Unable to Cope: 2.0
  - Irritated by Life: 3.0
  - On Top of Things: 2.0
- Anxiety Symptoms Frequency:
  - Feeling Nervous or On Edge: 2.0
  - Trouble Relaxing: 1.0
  - Restlessness: 2.0
  - Irritability: 1.0
  - Fear Something Awful Might Happen: 2.0
- Depressive Symptoms Frequency:
  - Anhedonia: 1.0
  - Sleep Problems: 0.0
  - Fatigue: 2.0
  - Appetite Changes: 2.0
  - Feelings of Worthlessness: 1.0
  - Concentration Difficulties: 2.0
  - Suicidal Thoughts: 0.0

Answer: 2

Survey Data
==================================================

Questions:
1. Year of birth: What is your date of birth? [Open-ended]
2. Gender: What is your gender? [MCQ: 1. Male 2. Female]
3. Socio-economic status: What is the socio-economic status of your home? [Likert 1–6: 1 = Very low, 6 = Very high]
4. Ethnic identity: According to your culture, people, or physical features, you are or are recognized as: [MCQ: 1. Indigenous 2. Gypsy 3. Raizal from San Andres, Providencia and Santa Catalina Archipelago 4. Palenquero from San Basilio 5. Black, mulatto (Afro-descendant), Afro-Colombian 6. None of the above]
5. Parental Education: How many years of education did your parents receive? [Open-ended]
   - Father: Father?
   - Mother: Mother?
6. Life satisfaction: In general, how satisfied are you with all aspects of your life? [Likert 0–10: 0 = Not satisfied, 10 = Totally satisfied]
7. Happiness: How happy did you feel yesterday? [Likert 0–10: 0 = At no time, 10 = All the time]
8. Laughter: How much did you laugh yesterday? [Likert 0–10: 0 = At no time, 10 = All the time]
9. Learning: Did you learn new or exciting things yesterday? [Likert 0–10: 0 = At no time, 10 = All the time]
10. Enjoyment: How much did you enjoy the activities you did yesterday? [Likert 0–10: 0 = At no time, 10 = All the time]
11. Worry: How worried did you feel yesterday? [Likert 0–10: 0 = At no time, 10 = All the time]
12. Depression: How depressed did you feel yesterday? [Likert 0–10: 0 = At no time, 10 = All the time]
13. Anger: How angry did you feel yesterday? [Likert 0–10: 0 = At no time, 10 = All the time]
14. Stress: How much stress did you feel yesterday? [Likert 0–10: 0 = At no time, 10 = All the time]
15. Loneliness: How lonely or unsupported did you feel yesterday? [Likert 0–10: 0 = At no time, 10 = All the time]
16. Emotional Regulation Frequency: Next, you will be asked questions about your emotional state. Please answer on a scale of 0 to 4, where 0 is never, 1 is 'almost never', 2 is 'sometimes', 3 is 'fairly often', and 4 is 'very often', how often you experienced the following feelings during the last month: [Likert 0–4]
    - Upset by Unexpected Events: how often have you been upset because of something that happened unexpectedly?
    - Unable to Control Important Things: how often have you felt that you were unable to control the important things in your life?
    - Nervous and Stressed: how often have you felt nervous and stressed?
    - Lacked Confidence Handling Problems: how often have you felt confident about your ability to handle your personal problems?
    - Things Going Your Way: how often have you felt that things were going your way?
    - Unable to Cope: how often have you found that you could not cope with all the things that you had to do?
    - Irritated by Life: how often have you been able to control irritations in your life?
    - On Top of Things: how often have you felt that you were on top of things?
    - Angered by Uncontrollable Events: how often have you been angered because of things that happened that were outside of your control?
    - Felt Overwhelmed: how often have you felt difficulties were piling up so high that you could not overcome them?
17. Anxiety Symptoms Frequency: Next, you will be asked questions about your emotional state. Please answer on a scale of 0 to 3, where 0 is 'Not at all', 1 is 'several days', 2 is 'more than half of the days', and 3 is 'Nearly every day'. Over the last two weeks, how often have you been bothered by the following problems? [Likert 0–3]
    - Feeling Nervous or On Edge: Feeling nervous, anxious, or on edge
    - Uncontrollable Worrying: Not being able to stop or control worrying
    - Excessive Worry: Worrying too much about different things
    - Trouble Relaxing: Trouble relaxing
    - Restlessness: Being so restless that it is hard to sit still
    - Irritability: Becoming easily annoyed or irritable
    - Fear Something Awful Might Happen: Feeling afraid, as if something awful might happen
18. Depressive Symptoms Frequency: Next, you will be asked questions about your emotional state. Please answer on a scale of 0 to 3, where 0 is 'Not at all', 1 is 'several days', 2 is 'more than half of the days', and 3 is 'Nearly every day'. Over the last two weeks, how often have you been bothered by the following problems?
    - Anhedonia: Little interest or pleasure in doing things
    - Depressed Mood: Feeling down, depressed, or hopeless
    - Sleep Problems: Trouble falling or staying asleep, or sleeping too much
    - Fatigue: Feeling tired or having little energy
    - Appetite Changes: Poor appetite or overeating
    - Feelings of Worthlessness: Feeling bad about yourself or that you are a failure or have let yourself or your family down
    - Concentration Difficulties: Trouble concentrating on things, such as reading the newspaper or watching television
    - Psychomotor Changes: Moving or speaking so slowly that other people could have noticed. Or the opposite — being so fidgety or restless that you have been moving around a lot more than usual
    - Suicidal Thoughts: Thoughts that you would be better off dead, or of hurting yourself

Responses:
==================================================

Respondent 118:
- Year of birth: 2004.0
- Gender: 2.0
- Socio-economic status: 3.0
- Ethnic identity: 6.0
- Parental Education:
  - Father: 23.0
  - Mother: 25.0
- Life satisfaction: 9.0
- Happiness: 7.0
- Laughter: 6.0
- Learning: 8.0
- Enjoyment: 8.0
- Worry: 1.0
- Depression: 0.0
- Anger: 2.0
- Stress: 2.0
- Loneliness: 0.0
- Emotional Regulation Frequency:
  - Upset by Unexpected Events: 1.0
  - Unable to Control Important Things: 1.0
  - Lacked Confidence Handling Problems: 4.0
  - Unable to Cope: 2.0
  - Irritated by Life: 3.0
  - On Top of Things: 2.0
- Anxiety Symptoms Frequency:
  - Feeling Nervous or On Edge: 0.0
  - Trouble Relaxing: 0.0
  - Restlessness: 0.0
  - Irritability: 0.0
  - Fear Something Awful Might Happen: 0.0
- Depressive Symptoms Frequency:
  - Anhedonia: 0.0
  - Sleep Problems: 0.0
  - Fatigue: 3.0
  - Appetite Changes: 1.0
  - Feelings of Worthlessness: 0.0
  - Concentration Difficulties: 0.0
  - Suicidal Thoughts: 0.0

You are a meticulous data analyst AI. Your primary function is to accurately analyze structured data and provide precise, verifiable answers.

You will be given a dataset with two key parts:

A 'questions' section: This is your data dictionary or schema. It is the single source of truth for understanding what each field and score means. Refer to it carefully.

A 'responses' section: This contains the raw data from each individual respondent.

To answer the question correctly, you must first use the 'questions' schema to fully understand the context and meaning of the data points within the 'responses'. Do not rely on any prior knowledge outside of this provided data. Base your entire analysis on the information given.

Provide your final answer directly and concisely. Output must be the human-readable value, not an option code.

Rules:
- For MCQ fields, map any letter codes in the Responses (case-insensitive) to the corresponding option text from the Questions schema, and output only that text. Do NOT include the letter or both.
  Example: If the schema is ""[MCQ: A. Abnormal B. Inconclusive C. Normal]"" and the response is ""a"", output ""Abnormal"".
- For open-ended fields, output the exact text value.
- If the question asks for a count, provide only the number (e.g., ""42"").
- If the question asks for a list of names or IDs, provide a simple comma-separated list (e.g., ""17, 21, 23"").
- Preserve capitalization exactly as in the schema (e.g., output ""Abnormal"", not ""abnormal"" or ""A"").

How many respondents are there?",3,False
