case_id,task,question,questionnaire,expected_answer,prompt,Response,Correct
case_2,answer_lookup,What is the ease of use score for Clinician 40?,"@prefix : <http://example.org/survey#> .
@prefix pred: <http://example.org/predicate#> .

# Questions
:QName pred:text ""Name of the respondent [Open-ended]"" .
:QGroup pred:text ""Group of the respondent [MCQ: A. Senior B. Junior C. Middle D. Intern]"" .
:QFrequent_Usage pred:text ""I think that I would like to use this system frequently. [Likert 1–5: 1 = Strongly Disagree, 5 = Strongly Agree]"" .
:QSystem_Complexity pred:text ""I found the system unnecessarily complex. [Likert 1–5: 1 = Strongly Disagree, 5 = Strongly Agree]"" .
:QEase_of_Use pred:text ""I thought the system was easy to use. [Likert 1–5: 1 = Strongly Disagree, 5 = Strongly Agree]"" .
:QNeed_for_Technical_Support pred:text ""I think that I would need the support of a technical person to be able to use this system. [Likert 1–5: 1 = Strongly Disagree, 5 = Strongly Agree]"" .
:QIntegration_of_Functions pred:text ""I found the various functions in this system were well integrated. [Likert 1–5: 1 = Strongly Disagree, 5 = Strongly Agree]"" .
:QInconsistency pred:text ""I thought there was too much inconsistency in this system. [Likert 1–5: 1 = Strongly Disagree, 5 = Strongly Agree]"" .
:QEase_of_Learning pred:text ""I would imagine that most people would learn to use this system very quickly. [Likert 1–5: 1 = Strongly Disagree, 5 = Strongly Agree]"" .
:QCumbersome_to_Use pred:text ""I found the system very awkward to use. [Likert 1–5: 1 = Strongly Disagree, 5 = Strongly Agree]"" .
:QConfidence_in_Use pred:text ""I felt very confident using the system. [Likert 1–5: 1 = Strongly Disagree, 5 = Strongly Agree]"" .
:QNeed_to_Learn_Before_Use pred:text ""I needed to learn a lot of things before I could get going with this system. [Likert 1–5: 1 = Strongly Disagree, 5 = Strongly Agree]"" .

# Responses
:Respondent22 a :Person ;
    pred:Name ""Clinician 22"" ;
    pred:Group ""C"" ;
    pred:Frequent_Usage ""2"" ;
    pred:System_Complexity ""2"" ;
    pred:Ease_of_Use ""4"" ;
    pred:Need_for_Technical_Support ""2"" ;
    pred:Integration_of_Functions ""5"" ;
    pred:Inconsistency ""2"" ;
    pred:Ease_of_Learning ""4"" ;
    pred:Cumbersome_to_Use ""1"" ;
    pred:Confidence_in_Use ""4"" ;
    pred:Need_to_Learn_Before_Use ""2"" .

:Respondent40 a :Person ;
    pred:Name ""Clinician 40"" ;
    pred:Group ""A"" ;
    pred:Frequent_Usage ""1"" ;
    pred:System_Complexity ""1"" ;
    pred:Ease_of_Use ""1"" ;
    pred:Need_for_Technical_Support ""2"" ;
    pred:Integration_of_Functions ""1"" ;
    pred:Inconsistency ""2"" ;
    pred:Ease_of_Learning ""1"" ;
    pred:Cumbersome_to_Use ""1"" ;
    pred:Confidence_in_Use ""3"" ;
    pred:Need_to_Learn_Before_Use ""1"" .

:Respondent33 a :Person ;
    pred:Name ""Clinician 33"" ;
    pred:Group ""D"" ;
    pred:Frequent_Usage ""3"" ;
    pred:System_Complexity ""3"" ;
    pred:Ease_of_Use ""3"" ;
    pred:Need_for_Technical_Support ""3"" ;
    pred:Integration_of_Functions ""3"" ;
    pred:Inconsistency ""4"" ;
    pred:Ease_of_Learning ""2"" ;
    pred:Cumbersome_to_Use ""4"" ;
    pred:Confidence_in_Use ""5"" ;
    pred:Need_to_Learn_Before_Use ""5"" .

",1,"<questionnaire>
@prefix : <http://example.org/survey#> .
@prefix pred: <http://example.org/predicate#> .

# Questions
:QName pred:text ""Name of the respondent [Open-ended]"" .
:QGroup pred:text ""Group of the respondent [MCQ: A. Senior B. Junior C. Middle D. Intern]"" .
:QFrequent_Usage pred:text ""I think that I would like to use this system frequently. [Likert 1–5: 1 = Strongly Disagree, 5 = Strongly Agree]"" .
:QSystem_Complexity pred:text ""I found the system unnecessarily complex. [Likert 1–5: 1 = Strongly Disagree, 5 = Strongly Agree]"" .
:QEase_of_Use pred:text ""I thought the system was easy to use. [Likert 1–5: 1 = Strongly Disagree, 5 = Strongly Agree]"" .
:QNeed_for_Technical_Support pred:text ""I think that I would need the support of a technical person to be able to use this system. [Likert 1–5: 1 = Strongly Disagree, 5 = Strongly Agree]"" .
:QIntegration_of_Functions pred:text ""I found the various functions in this system were well integrated. [Likert 1–5: 1 = Strongly Disagree, 5 = Strongly Agree]"" .
:QInconsistency pred:text ""I thought there was too much inconsistency in this system. [Likert 1–5: 1 = Strongly Disagree, 5 = Strongly Agree]"" .
:QEase_of_Learning pred:text ""I would imagine that most people would learn to use this system very quickly. [Likert 1–5: 1 = Strongly Disagree, 5 = Strongly Agree]"" .
:QCumbersome_to_Use pred:text ""I found the system very awkward to use. [Likert 1–5: 1 = Strongly Disagree, 5 = Strongly Agree]"" .
:QConfidence_in_Use pred:text ""I felt very confident using the system. [Likert 1–5: 1 = Strongly Disagree, 5 = Strongly Agree]"" .
:QNeed_to_Learn_Before_Use pred:text ""I needed to learn a lot of things before I could get going with this system. [Likert 1–5: 1 = Strongly Disagree, 5 = Strongly Agree]"" .

# Responses
:Respondent22 a :Person ;
    pred:Name ""Clinician 22"" ;
    pred:Group ""C"" ;
    pred:Frequent_Usage ""2"" ;
    pred:System_Complexity ""2"" ;
    pred:Ease_of_Use ""4"" ;
    pred:Need_for_Technical_Support ""2"" ;
    pred:Integration_of_Functions ""5"" ;
    pred:Inconsistency ""2"" ;
    pred:Ease_of_Learning ""4"" ;
    pred:Cumbersome_to_Use ""1"" ;
    pred:Confidence_in_Use ""4"" ;
    pred:Need_to_Learn_Before_Use ""2"" .

:Respondent40 a :Person ;
    pred:Name ""Clinician 40"" ;
    pred:Group ""A"" ;
    pred:Frequent_Usage ""1"" ;
    pred:System_Complexity ""1"" ;
    pred:Ease_of_Use ""1"" ;
    pred:Need_for_Technical_Support ""2"" ;
    pred:Integration_of_Functions ""1"" ;
    pred:Inconsistency ""2"" ;
    pred:Ease_of_Learning ""1"" ;
    pred:Cumbersome_to_Use ""1"" ;
    pred:Confidence_in_Use ""3"" ;
    pred:Need_to_Learn_Before_Use ""1"" .

:Respondent33 a :Person ;
    pred:Name ""Clinician 33"" ;
    pred:Group ""D"" ;
    pred:Frequent_Usage ""3"" ;
    pred:System_Complexity ""3"" ;
    pred:Ease_of_Use ""3"" ;
    pred:Need_for_Technical_Support ""3"" ;
    pred:Integration_of_Functions ""3"" ;
    pred:Inconsistency ""4"" ;
    pred:Ease_of_Learning ""2"" ;
    pred:Cumbersome_to_Use ""4"" ;
    pred:Confidence_in_Use ""5"" ;
    pred:Need_to_Learn_Before_Use ""5"" .

</questionnaire>

<role>
You are a meticulous data analyst AI. Your primary function is to accurately analyze structured data and provide precise, verifiable answers.

</role>

<format>
You will be given a dataset with two key parts:

A 'questions' section: This is your data dictionary or schema. It is the single source of truth for understanding what each field and score means. Refer to it carefully.

A 'responses' section: This contains the raw data from each individual respondent.

To answer the question correctly, you must first use the 'questions' schema to fully understand the context and meaning of the data points within the 'responses'. Do not rely on any prior knowledge outside of this provided data. Base your entire analysis on the information given.

</format>

<output>
Provide your final answer directly and concisely. Output must be the human-readable value, not an option code.

Rules:
- For MCQ fields, map any letter codes in the Responses (case-insensitive) to the corresponding option text from the Questions schema, and output only that text. Do NOT include the letter or both.
  Example: If the schema is ""[MCQ: A. Abnormal B. Inconclusive C. Normal]"" and the response is ""a"", output ""Abnormal"".
- For open-ended fields, output the exact text value.
- If the question asks for a count, provide only the number (e.g., ""42"").
- If the question asks for a list of names or IDs, provide a simple comma-separated list (e.g., ""17, 21, 23"").
- Preserve capitalization exactly as in the schema (e.g., output ""Abnormal"", not ""abnormal"" or ""A"").

</output>

<task>
What is the ease of use score for Clinician 40?
</task>",1,True
case_3,answer_lookup,What is the ease of use score for Clinician 10?,"@prefix : <http://example.org/survey#> .
@prefix pred: <http://example.org/predicate#> .

# Questions
:QName pred:text ""Name of the respondent [Open-ended]"" .
:QGroup pred:text ""Group of the respondent [MCQ: A. Senior B. Junior C. Middle D. Intern]"" .
:QFrequent_Usage pred:text ""I think that I would like to use this system frequently. [Likert 1–5: 1 = Strongly Disagree, 5 = Strongly Agree]"" .
:QSystem_Complexity pred:text ""I found the system unnecessarily complex. [Likert 1–5: 1 = Strongly Disagree, 5 = Strongly Agree]"" .
:QEase_of_Use pred:text ""I thought the system was easy to use. [Likert 1–5: 1 = Strongly Disagree, 5 = Strongly Agree]"" .
:QNeed_for_Technical_Support pred:text ""I think that I would need the support of a technical person to be able to use this system. [Likert 1–5: 1 = Strongly Disagree, 5 = Strongly Agree]"" .
:QIntegration_of_Functions pred:text ""I found the various functions in this system were well integrated. [Likert 1–5: 1 = Strongly Disagree, 5 = Strongly Agree]"" .
:QInconsistency pred:text ""I thought there was too much inconsistency in this system. [Likert 1–5: 1 = Strongly Disagree, 5 = Strongly Agree]"" .
:QEase_of_Learning pred:text ""I would imagine that most people would learn to use this system very quickly. [Likert 1–5: 1 = Strongly Disagree, 5 = Strongly Agree]"" .
:QCumbersome_to_Use pred:text ""I found the system very awkward to use. [Likert 1–5: 1 = Strongly Disagree, 5 = Strongly Agree]"" .
:QConfidence_in_Use pred:text ""I felt very confident using the system. [Likert 1–5: 1 = Strongly Disagree, 5 = Strongly Agree]"" .
:QNeed_to_Learn_Before_Use pred:text ""I needed to learn a lot of things before I could get going with this system. [Likert 1–5: 1 = Strongly Disagree, 5 = Strongly Agree]"" .

# Responses
:Respondent67 a :Person ;
    pred:Name ""Clinician 67"" ;
    pred:Group ""C"" ;
    pred:Frequent_Usage ""5"" ;
    pred:System_Complexity ""1"" ;
    pred:Ease_of_Use ""5"" ;
    pred:Need_for_Technical_Support ""1"" ;
    pred:Integration_of_Functions ""5"" ;
    pred:Inconsistency ""1"" ;
    pred:Ease_of_Learning ""5"" ;
    pred:Cumbersome_to_Use ""1"" ;
    pred:Confidence_in_Use ""5"" ;
    pred:Need_to_Learn_Before_Use ""1"" .

:Respondent10 a :Person ;
    pred:Name ""Clinician 10"" ;
    pred:Group ""A"" ;
    pred:Frequent_Usage ""4"" ;
    pred:System_Complexity ""1"" ;
    pred:Ease_of_Use ""2"" ;
    pred:Need_for_Technical_Support ""2"" ;
    pred:Integration_of_Functions ""5"" ;
    pred:Inconsistency ""2"" ;
    pred:Ease_of_Learning ""5"" ;
    pred:Cumbersome_to_Use ""1"" ;
    pred:Confidence_in_Use ""4"" ;
    pred:Need_to_Learn_Before_Use ""2"" .

:Respondent59 a :Person ;
    pred:Name ""Clinician 59"" ;
    pred:Group ""C"" ;
    pred:Frequent_Usage ""5"" ;
    pred:System_Complexity ""1"" ;
    pred:Ease_of_Use ""5"" ;
    pred:Need_for_Technical_Support ""1"" ;
    pred:Integration_of_Functions ""5"" ;
    pred:Inconsistency ""1"" ;
    pred:Ease_of_Learning ""5"" ;
    pred:Cumbersome_to_Use ""1"" ;
    pred:Confidence_in_Use ""5"" ;
    pred:Need_to_Learn_Before_Use ""1"" .

",2,"<questionnaire>
@prefix : <http://example.org/survey#> .
@prefix pred: <http://example.org/predicate#> .

# Questions
:QName pred:text ""Name of the respondent [Open-ended]"" .
:QGroup pred:text ""Group of the respondent [MCQ: A. Senior B. Junior C. Middle D. Intern]"" .
:QFrequent_Usage pred:text ""I think that I would like to use this system frequently. [Likert 1–5: 1 = Strongly Disagree, 5 = Strongly Agree]"" .
:QSystem_Complexity pred:text ""I found the system unnecessarily complex. [Likert 1–5: 1 = Strongly Disagree, 5 = Strongly Agree]"" .
:QEase_of_Use pred:text ""I thought the system was easy to use. [Likert 1–5: 1 = Strongly Disagree, 5 = Strongly Agree]"" .
:QNeed_for_Technical_Support pred:text ""I think that I would need the support of a technical person to be able to use this system. [Likert 1–5: 1 = Strongly Disagree, 5 = Strongly Agree]"" .
:QIntegration_of_Functions pred:text ""I found the various functions in this system were well integrated. [Likert 1–5: 1 = Strongly Disagree, 5 = Strongly Agree]"" .
:QInconsistency pred:text ""I thought there was too much inconsistency in this system. [Likert 1–5: 1 = Strongly Disagree, 5 = Strongly Agree]"" .
:QEase_of_Learning pred:text ""I would imagine that most people would learn to use this system very quickly. [Likert 1–5: 1 = Strongly Disagree, 5 = Strongly Agree]"" .
:QCumbersome_to_Use pred:text ""I found the system very awkward to use. [Likert 1–5: 1 = Strongly Disagree, 5 = Strongly Agree]"" .
:QConfidence_in_Use pred:text ""I felt very confident using the system. [Likert 1–5: 1 = Strongly Disagree, 5 = Strongly Agree]"" .
:QNeed_to_Learn_Before_Use pred:text ""I needed to learn a lot of things before I could get going with this system. [Likert 1–5: 1 = Strongly Disagree, 5 = Strongly Agree]"" .

# Responses
:Respondent67 a :Person ;
    pred:Name ""Clinician 67"" ;
    pred:Group ""C"" ;
    pred:Frequent_Usage ""5"" ;
    pred:System_Complexity ""1"" ;
    pred:Ease_of_Use ""5"" ;
    pred:Need_for_Technical_Support ""1"" ;
    pred:Integration_of_Functions ""5"" ;
    pred:Inconsistency ""1"" ;
    pred:Ease_of_Learning ""5"" ;
    pred:Cumbersome_to_Use ""1"" ;
    pred:Confidence_in_Use ""5"" ;
    pred:Need_to_Learn_Before_Use ""1"" .

:Respondent10 a :Person ;
    pred:Name ""Clinician 10"" ;
    pred:Group ""A"" ;
    pred:Frequent_Usage ""4"" ;
    pred:System_Complexity ""1"" ;
    pred:Ease_of_Use ""2"" ;
    pred:Need_for_Technical_Support ""2"" ;
    pred:Integration_of_Functions ""5"" ;
    pred:Inconsistency ""2"" ;
    pred:Ease_of_Learning ""5"" ;
    pred:Cumbersome_to_Use ""1"" ;
    pred:Confidence_in_Use ""4"" ;
    pred:Need_to_Learn_Before_Use ""2"" .

:Respondent59 a :Person ;
    pred:Name ""Clinician 59"" ;
    pred:Group ""C"" ;
    pred:Frequent_Usage ""5"" ;
    pred:System_Complexity ""1"" ;
    pred:Ease_of_Use ""5"" ;
    pred:Need_for_Technical_Support ""1"" ;
    pred:Integration_of_Functions ""5"" ;
    pred:Inconsistency ""1"" ;
    pred:Ease_of_Learning ""5"" ;
    pred:Cumbersome_to_Use ""1"" ;
    pred:Confidence_in_Use ""5"" ;
    pred:Need_to_Learn_Before_Use ""1"" .

</questionnaire>

<role>
You are a meticulous data analyst AI. Your primary function is to accurately analyze structured data and provide precise, verifiable answers.

</role>

<format>
You will be given a dataset with two key parts:

A 'questions' section: This is your data dictionary or schema. It is the single source of truth for understanding what each field and score means. Refer to it carefully.

A 'responses' section: This contains the raw data from each individual respondent.

To answer the question correctly, you must first use the 'questions' schema to fully understand the context and meaning of the data points within the 'responses'. Do not rely on any prior knowledge outside of this provided data. Base your entire analysis on the information given.

</format>

<output>
Provide your final answer directly and concisely. Output must be the human-readable value, not an option code.

Rules:
- For MCQ fields, map any letter codes in the Responses (case-insensitive) to the corresponding option text from the Questions schema, and output only that text. Do NOT include the letter or both.
  Example: If the schema is ""[MCQ: A. Abnormal B. Inconclusive C. Normal]"" and the response is ""a"", output ""Abnormal"".
- For open-ended fields, output the exact text value.
- If the question asks for a count, provide only the number (e.g., ""42"").
- If the question asks for a list of names or IDs, provide a simple comma-separated list (e.g., ""17, 21, 23"").
- Preserve capitalization exactly as in the schema (e.g., output ""Abnormal"", not ""abnormal"" or ""A"").

</output>

<task>
What is the ease of use score for Clinician 10?
</task>",2,True
case_4,answer_lookup,What is the ease of learning score for Clinician 76?,"@prefix : <http://example.org/survey#> .
@prefix pred: <http://example.org/predicate#> .

# Questions
:QName pred:text ""Name of the respondent [Open-ended]"" .
:QGroup pred:text ""Group of the respondent [MCQ: A. Senior B. Junior C. Middle D. Intern]"" .
:QFrequent_Usage pred:text ""I think that I would like to use this system frequently. [Likert 1–5: 1 = Strongly Disagree, 5 = Strongly Agree]"" .
:QSystem_Complexity pred:text ""I found the system unnecessarily complex. [Likert 1–5: 1 = Strongly Disagree, 5 = Strongly Agree]"" .
:QEase_of_Use pred:text ""I thought the system was easy to use. [Likert 1–5: 1 = Strongly Disagree, 5 = Strongly Agree]"" .
:QNeed_for_Technical_Support pred:text ""I think that I would need the support of a technical person to be able to use this system. [Likert 1–5: 1 = Strongly Disagree, 5 = Strongly Agree]"" .
:QIntegration_of_Functions pred:text ""I found the various functions in this system were well integrated. [Likert 1–5: 1 = Strongly Disagree, 5 = Strongly Agree]"" .
:QInconsistency pred:text ""I thought there was too much inconsistency in this system. [Likert 1–5: 1 = Strongly Disagree, 5 = Strongly Agree]"" .
:QEase_of_Learning pred:text ""I would imagine that most people would learn to use this system very quickly. [Likert 1–5: 1 = Strongly Disagree, 5 = Strongly Agree]"" .
:QCumbersome_to_Use pred:text ""I found the system very awkward to use. [Likert 1–5: 1 = Strongly Disagree, 5 = Strongly Agree]"" .
:QConfidence_in_Use pred:text ""I felt very confident using the system. [Likert 1–5: 1 = Strongly Disagree, 5 = Strongly Agree]"" .
:QNeed_to_Learn_Before_Use pred:text ""I needed to learn a lot of things before I could get going with this system. [Likert 1–5: 1 = Strongly Disagree, 5 = Strongly Agree]"" .

# Responses
:Respondent76 a :Person ;
    pred:Name ""Clinician 76"" ;
    pred:Group ""D"" ;
    pred:Frequent_Usage ""5"" ;
    pred:System_Complexity ""1"" ;
    pred:Ease_of_Use ""5"" ;
    pred:Need_for_Technical_Support ""1"" ;
    pred:Integration_of_Functions ""5"" ;
    pred:Inconsistency ""1"" ;
    pred:Ease_of_Learning ""4"" ;
    pred:Cumbersome_to_Use ""1"" ;
    pred:Confidence_in_Use ""5"" ;
    pred:Need_to_Learn_Before_Use ""1"" .

:Respondent57 a :Person ;
    pred:Name ""Clinician 57"" ;
    pred:Group ""C"" ;
    pred:Frequent_Usage ""1"" ;
    pred:System_Complexity ""4"" ;
    pred:Ease_of_Use ""2"" ;
    pred:Need_for_Technical_Support ""4"" ;
    pred:Integration_of_Functions ""2"" ;
    pred:Inconsistency ""4"" ;
    pred:Ease_of_Learning ""2"" ;
    pred:Cumbersome_to_Use ""5"" ;
    pred:Confidence_in_Use ""2"" ;
    pred:Need_to_Learn_Before_Use ""5"" .

:Respondent6 a :Person ;
    pred:Name ""Clinician 6"" ;
    pred:Group ""D"" ;
    pred:Frequent_Usage ""4"" ;
    pred:System_Complexity ""1"" ;
    pred:Ease_of_Use ""5"" ;
    pred:Need_for_Technical_Support ""1"" ;
    pred:Integration_of_Functions ""4"" ;
    pred:Inconsistency ""1"" ;
    pred:Ease_of_Learning ""5"" ;
    pred:Cumbersome_to_Use ""1"" ;
    pred:Confidence_in_Use ""5"" ;
    pred:Need_to_Learn_Before_Use ""1"" .

",4,"<questionnaire>
@prefix : <http://example.org/survey#> .
@prefix pred: <http://example.org/predicate#> .

# Questions
:QName pred:text ""Name of the respondent [Open-ended]"" .
:QGroup pred:text ""Group of the respondent [MCQ: A. Senior B. Junior C. Middle D. Intern]"" .
:QFrequent_Usage pred:text ""I think that I would like to use this system frequently. [Likert 1–5: 1 = Strongly Disagree, 5 = Strongly Agree]"" .
:QSystem_Complexity pred:text ""I found the system unnecessarily complex. [Likert 1–5: 1 = Strongly Disagree, 5 = Strongly Agree]"" .
:QEase_of_Use pred:text ""I thought the system was easy to use. [Likert 1–5: 1 = Strongly Disagree, 5 = Strongly Agree]"" .
:QNeed_for_Technical_Support pred:text ""I think that I would need the support of a technical person to be able to use this system. [Likert 1–5: 1 = Strongly Disagree, 5 = Strongly Agree]"" .
:QIntegration_of_Functions pred:text ""I found the various functions in this system were well integrated. [Likert 1–5: 1 = Strongly Disagree, 5 = Strongly Agree]"" .
:QInconsistency pred:text ""I thought there was too much inconsistency in this system. [Likert 1–5: 1 = Strongly Disagree, 5 = Strongly Agree]"" .
:QEase_of_Learning pred:text ""I would imagine that most people would learn to use this system very quickly. [Likert 1–5: 1 = Strongly Disagree, 5 = Strongly Agree]"" .
:QCumbersome_to_Use pred:text ""I found the system very awkward to use. [Likert 1–5: 1 = Strongly Disagree, 5 = Strongly Agree]"" .
:QConfidence_in_Use pred:text ""I felt very confident using the system. [Likert 1–5: 1 = Strongly Disagree, 5 = Strongly Agree]"" .
:QNeed_to_Learn_Before_Use pred:text ""I needed to learn a lot of things before I could get going with this system. [Likert 1–5: 1 = Strongly Disagree, 5 = Strongly Agree]"" .

# Responses
:Respondent76 a :Person ;
    pred:Name ""Clinician 76"" ;
    pred:Group ""D"" ;
    pred:Frequent_Usage ""5"" ;
    pred:System_Complexity ""1"" ;
    pred:Ease_of_Use ""5"" ;
    pred:Need_for_Technical_Support ""1"" ;
    pred:Integration_of_Functions ""5"" ;
    pred:Inconsistency ""1"" ;
    pred:Ease_of_Learning ""4"" ;
    pred:Cumbersome_to_Use ""1"" ;
    pred:Confidence_in_Use ""5"" ;
    pred:Need_to_Learn_Before_Use ""1"" .

:Respondent57 a :Person ;
    pred:Name ""Clinician 57"" ;
    pred:Group ""C"" ;
    pred:Frequent_Usage ""1"" ;
    pred:System_Complexity ""4"" ;
    pred:Ease_of_Use ""2"" ;
    pred:Need_for_Technical_Support ""4"" ;
    pred:Integration_of_Functions ""2"" ;
    pred:Inconsistency ""4"" ;
    pred:Ease_of_Learning ""2"" ;
    pred:Cumbersome_to_Use ""5"" ;
    pred:Confidence_in_Use ""2"" ;
    pred:Need_to_Learn_Before_Use ""5"" .

:Respondent6 a :Person ;
    pred:Name ""Clinician 6"" ;
    pred:Group ""D"" ;
    pred:Frequent_Usage ""4"" ;
    pred:System_Complexity ""1"" ;
    pred:Ease_of_Use ""5"" ;
    pred:Need_for_Technical_Support ""1"" ;
    pred:Integration_of_Functions ""4"" ;
    pred:Inconsistency ""1"" ;
    pred:Ease_of_Learning ""5"" ;
    pred:Cumbersome_to_Use ""1"" ;
    pred:Confidence_in_Use ""5"" ;
    pred:Need_to_Learn_Before_Use ""1"" .

</questionnaire>

<role>
You are a meticulous data analyst AI. Your primary function is to accurately analyze structured data and provide precise, verifiable answers.

</role>

<format>
You will be given a dataset with two key parts:

A 'questions' section: This is your data dictionary or schema. It is the single source of truth for understanding what each field and score means. Refer to it carefully.

A 'responses' section: This contains the raw data from each individual respondent.

To answer the question correctly, you must first use the 'questions' schema to fully understand the context and meaning of the data points within the 'responses'. Do not rely on any prior knowledge outside of this provided data. Base your entire analysis on the information given.

</format>

<output>
Provide your final answer directly and concisely. Output must be the human-readable value, not an option code.

Rules:
- For MCQ fields, map any letter codes in the Responses (case-insensitive) to the corresponding option text from the Questions schema, and output only that text. Do NOT include the letter or both.
  Example: If the schema is ""[MCQ: A. Abnormal B. Inconclusive C. Normal]"" and the response is ""a"", output ""Abnormal"".
- For open-ended fields, output the exact text value.
- If the question asks for a count, provide only the number (e.g., ""42"").
- If the question asks for a list of names or IDs, provide a simple comma-separated list (e.g., ""17, 21, 23"").
- Preserve capitalization exactly as in the schema (e.g., output ""Abnormal"", not ""abnormal"" or ""A"").

</output>

<task>
What is the ease of learning score for Clinician 76?
</task>",4,True
case_5,answer_lookup,What is the integration of functions score for Clinician 90?,"@prefix : <http://example.org/survey#> .
@prefix pred: <http://example.org/predicate#> .

# Questions
:QName pred:text ""Name of the respondent [Open-ended]"" .
:QGroup pred:text ""Group of the respondent [MCQ: A. Senior B. Junior C. Middle D. Intern]"" .
:QFrequent_Usage pred:text ""I think that I would like to use this system frequently. [Likert 1–5: 1 = Strongly Disagree, 5 = Strongly Agree]"" .
:QSystem_Complexity pred:text ""I found the system unnecessarily complex. [Likert 1–5: 1 = Strongly Disagree, 5 = Strongly Agree]"" .
:QEase_of_Use pred:text ""I thought the system was easy to use. [Likert 1–5: 1 = Strongly Disagree, 5 = Strongly Agree]"" .
:QNeed_for_Technical_Support pred:text ""I think that I would need the support of a technical person to be able to use this system. [Likert 1–5: 1 = Strongly Disagree, 5 = Strongly Agree]"" .
:QIntegration_of_Functions pred:text ""I found the various functions in this system were well integrated. [Likert 1–5: 1 = Strongly Disagree, 5 = Strongly Agree]"" .
:QInconsistency pred:text ""I thought there was too much inconsistency in this system. [Likert 1–5: 1 = Strongly Disagree, 5 = Strongly Agree]"" .
:QEase_of_Learning pred:text ""I would imagine that most people would learn to use this system very quickly. [Likert 1–5: 1 = Strongly Disagree, 5 = Strongly Agree]"" .
:QCumbersome_to_Use pred:text ""I found the system very awkward to use. [Likert 1–5: 1 = Strongly Disagree, 5 = Strongly Agree]"" .
:QConfidence_in_Use pred:text ""I felt very confident using the system. [Likert 1–5: 1 = Strongly Disagree, 5 = Strongly Agree]"" .
:QNeed_to_Learn_Before_Use pred:text ""I needed to learn a lot of things before I could get going with this system. [Likert 1–5: 1 = Strongly Disagree, 5 = Strongly Agree]"" .

# Responses
:Respondent8 a :Person ;
    pred:Name ""Clinician 8"" ;
    pred:Group ""A"" ;
    pred:Frequent_Usage ""5"" ;
    pred:System_Complexity ""1"" ;
    pred:Ease_of_Use ""5"" ;
    pred:Need_for_Technical_Support ""5"" ;
    pred:Integration_of_Functions ""5"" ;
    pred:Inconsistency ""1"" ;
    pred:Ease_of_Learning ""5"" ;
    pred:Cumbersome_to_Use ""1"" ;
    pred:Confidence_in_Use ""5"" ;
    pred:Need_to_Learn_Before_Use ""3"" .

:Respondent65 a :Person ;
    pred:Name ""Clinician 65"" ;
    pred:Group ""A"" ;
    pred:Frequent_Usage ""5"" ;
    pred:System_Complexity ""1"" ;
    pred:Ease_of_Use ""5"" ;
    pred:Need_for_Technical_Support ""1"" ;
    pred:Integration_of_Functions ""5"" ;
    pred:Inconsistency ""1"" ;
    pred:Ease_of_Learning ""5"" ;
    pred:Cumbersome_to_Use ""1"" ;
    pred:Confidence_in_Use ""5"" ;
    pred:Need_to_Learn_Before_Use ""4"" .

:Respondent90 a :Person ;
    pred:Name ""Clinician 90"" ;
    pred:Group ""A"" ;
    pred:Frequent_Usage ""5"" ;
    pred:System_Complexity ""1"" ;
    pred:Ease_of_Use ""4"" ;
    pred:Need_for_Technical_Support ""1"" ;
    pred:Integration_of_Functions ""5"" ;
    pred:Inconsistency ""1"" ;
    pred:Ease_of_Learning ""5"" ;
    pred:Cumbersome_to_Use ""1"" ;
    pred:Confidence_in_Use ""5"" ;
    pred:Need_to_Learn_Before_Use ""1"" .

",5,"<questionnaire>
@prefix : <http://example.org/survey#> .
@prefix pred: <http://example.org/predicate#> .

# Questions
:QName pred:text ""Name of the respondent [Open-ended]"" .
:QGroup pred:text ""Group of the respondent [MCQ: A. Senior B. Junior C. Middle D. Intern]"" .
:QFrequent_Usage pred:text ""I think that I would like to use this system frequently. [Likert 1–5: 1 = Strongly Disagree, 5 = Strongly Agree]"" .
:QSystem_Complexity pred:text ""I found the system unnecessarily complex. [Likert 1–5: 1 = Strongly Disagree, 5 = Strongly Agree]"" .
:QEase_of_Use pred:text ""I thought the system was easy to use. [Likert 1–5: 1 = Strongly Disagree, 5 = Strongly Agree]"" .
:QNeed_for_Technical_Support pred:text ""I think that I would need the support of a technical person to be able to use this system. [Likert 1–5: 1 = Strongly Disagree, 5 = Strongly Agree]"" .
:QIntegration_of_Functions pred:text ""I found the various functions in this system were well integrated. [Likert 1–5: 1 = Strongly Disagree, 5 = Strongly Agree]"" .
:QInconsistency pred:text ""I thought there was too much inconsistency in this system. [Likert 1–5: 1 = Strongly Disagree, 5 = Strongly Agree]"" .
:QEase_of_Learning pred:text ""I would imagine that most people would learn to use this system very quickly. [Likert 1–5: 1 = Strongly Disagree, 5 = Strongly Agree]"" .
:QCumbersome_to_Use pred:text ""I found the system very awkward to use. [Likert 1–5: 1 = Strongly Disagree, 5 = Strongly Agree]"" .
:QConfidence_in_Use pred:text ""I felt very confident using the system. [Likert 1–5: 1 = Strongly Disagree, 5 = Strongly Agree]"" .
:QNeed_to_Learn_Before_Use pred:text ""I needed to learn a lot of things before I could get going with this system. [Likert 1–5: 1 = Strongly Disagree, 5 = Strongly Agree]"" .

# Responses
:Respondent8 a :Person ;
    pred:Name ""Clinician 8"" ;
    pred:Group ""A"" ;
    pred:Frequent_Usage ""5"" ;
    pred:System_Complexity ""1"" ;
    pred:Ease_of_Use ""5"" ;
    pred:Need_for_Technical_Support ""5"" ;
    pred:Integration_of_Functions ""5"" ;
    pred:Inconsistency ""1"" ;
    pred:Ease_of_Learning ""5"" ;
    pred:Cumbersome_to_Use ""1"" ;
    pred:Confidence_in_Use ""5"" ;
    pred:Need_to_Learn_Before_Use ""3"" .

:Respondent65 a :Person ;
    pred:Name ""Clinician 65"" ;
    pred:Group ""A"" ;
    pred:Frequent_Usage ""5"" ;
    pred:System_Complexity ""1"" ;
    pred:Ease_of_Use ""5"" ;
    pred:Need_for_Technical_Support ""1"" ;
    pred:Integration_of_Functions ""5"" ;
    pred:Inconsistency ""1"" ;
    pred:Ease_of_Learning ""5"" ;
    pred:Cumbersome_to_Use ""1"" ;
    pred:Confidence_in_Use ""5"" ;
    pred:Need_to_Learn_Before_Use ""4"" .

:Respondent90 a :Person ;
    pred:Name ""Clinician 90"" ;
    pred:Group ""A"" ;
    pred:Frequent_Usage ""5"" ;
    pred:System_Complexity ""1"" ;
    pred:Ease_of_Use ""4"" ;
    pred:Need_for_Technical_Support ""1"" ;
    pred:Integration_of_Functions ""5"" ;
    pred:Inconsistency ""1"" ;
    pred:Ease_of_Learning ""5"" ;
    pred:Cumbersome_to_Use ""1"" ;
    pred:Confidence_in_Use ""5"" ;
    pred:Need_to_Learn_Before_Use ""1"" .

</questionnaire>

<role>
You are a meticulous data analyst AI. Your primary function is to accurately analyze structured data and provide precise, verifiable answers.

</role>

<format>
You will be given a dataset with two key parts:

A 'questions' section: This is your data dictionary or schema. It is the single source of truth for understanding what each field and score means. Refer to it carefully.

A 'responses' section: This contains the raw data from each individual respondent.

To answer the question correctly, you must first use the 'questions' schema to fully understand the context and meaning of the data points within the 'responses'. Do not rely on any prior knowledge outside of this provided data. Base your entire analysis on the information given.

</format>

<output>
Provide your final answer directly and concisely. Output must be the human-readable value, not an option code.

Rules:
- For MCQ fields, map any letter codes in the Responses (case-insensitive) to the corresponding option text from the Questions schema, and output only that text. Do NOT include the letter or both.
  Example: If the schema is ""[MCQ: A. Abnormal B. Inconclusive C. Normal]"" and the response is ""a"", output ""Abnormal"".
- For open-ended fields, output the exact text value.
- If the question asks for a count, provide only the number (e.g., ""42"").
- If the question asks for a list of names or IDs, provide a simple comma-separated list (e.g., ""17, 21, 23"").
- Preserve capitalization exactly as in the schema (e.g., output ""Abnormal"", not ""abnormal"" or ""A"").

</output>

<task>
What is the integration of functions score for Clinician 90?
</task>",5,True
case_6,answer_lookup,What is the system complexity score for Clinician 85?,"@prefix : <http://example.org/survey#> .
@prefix pred: <http://example.org/predicate#> .

# Questions
:QName pred:text ""Name of the respondent [Open-ended]"" .
:QGroup pred:text ""Group of the respondent [MCQ: A. Senior B. Junior C. Middle D. Intern]"" .
:QFrequent_Usage pred:text ""I think that I would like to use this system frequently. [Likert 1–5: 1 = Strongly Disagree, 5 = Strongly Agree]"" .
:QSystem_Complexity pred:text ""I found the system unnecessarily complex. [Likert 1–5: 1 = Strongly Disagree, 5 = Strongly Agree]"" .
:QEase_of_Use pred:text ""I thought the system was easy to use. [Likert 1–5: 1 = Strongly Disagree, 5 = Strongly Agree]"" .
:QNeed_for_Technical_Support pred:text ""I think that I would need the support of a technical person to be able to use this system. [Likert 1–5: 1 = Strongly Disagree, 5 = Strongly Agree]"" .
:QIntegration_of_Functions pred:text ""I found the various functions in this system were well integrated. [Likert 1–5: 1 = Strongly Disagree, 5 = Strongly Agree]"" .
:QInconsistency pred:text ""I thought there was too much inconsistency in this system. [Likert 1–5: 1 = Strongly Disagree, 5 = Strongly Agree]"" .
:QEase_of_Learning pred:text ""I would imagine that most people would learn to use this system very quickly. [Likert 1–5: 1 = Strongly Disagree, 5 = Strongly Agree]"" .
:QCumbersome_to_Use pred:text ""I found the system very awkward to use. [Likert 1–5: 1 = Strongly Disagree, 5 = Strongly Agree]"" .
:QConfidence_in_Use pred:text ""I felt very confident using the system. [Likert 1–5: 1 = Strongly Disagree, 5 = Strongly Agree]"" .
:QNeed_to_Learn_Before_Use pred:text ""I needed to learn a lot of things before I could get going with this system. [Likert 1–5: 1 = Strongly Disagree, 5 = Strongly Agree]"" .

# Responses
:Respondent85 a :Person ;
    pred:Name ""Clinician 85"" ;
    pred:Group ""A"" ;
    pred:Frequent_Usage ""3"" ;
    pred:System_Complexity ""1"" ;
    pred:Ease_of_Use ""5"" ;
    pred:Need_for_Technical_Support ""1"" ;
    pred:Integration_of_Functions ""5"" ;
    pred:Inconsistency ""1"" ;
    pred:Ease_of_Learning ""5"" ;
    pred:Cumbersome_to_Use ""1"" ;
    pred:Confidence_in_Use ""5"" ;
    pred:Need_to_Learn_Before_Use ""1"" .

:Respondent76 a :Person ;
    pred:Name ""Clinician 76"" ;
    pred:Group ""D"" ;
    pred:Frequent_Usage ""5"" ;
    pred:System_Complexity ""1"" ;
    pred:Ease_of_Use ""5"" ;
    pred:Need_for_Technical_Support ""1"" ;
    pred:Integration_of_Functions ""5"" ;
    pred:Inconsistency ""1"" ;
    pred:Ease_of_Learning ""4"" ;
    pred:Cumbersome_to_Use ""1"" ;
    pred:Confidence_in_Use ""5"" ;
    pred:Need_to_Learn_Before_Use ""1"" .

:Respondent32 a :Person ;
    pred:Name ""Clinician 32"" ;
    pred:Group ""B"" ;
    pred:Frequent_Usage ""3"" ;
    pred:System_Complexity ""3"" ;
    pred:Ease_of_Use ""5"" ;
    pred:Need_for_Technical_Support ""3"" ;
    pred:Integration_of_Functions ""5"" ;
    pred:Inconsistency ""5"" ;
    pred:Ease_of_Learning ""5"" ;
    pred:Cumbersome_to_Use ""1"" ;
    pred:Confidence_in_Use ""4"" ;
    pred:Need_to_Learn_Before_Use ""1"" .

",1,"<questionnaire>
@prefix : <http://example.org/survey#> .
@prefix pred: <http://example.org/predicate#> .

# Questions
:QName pred:text ""Name of the respondent [Open-ended]"" .
:QGroup pred:text ""Group of the respondent [MCQ: A. Senior B. Junior C. Middle D. Intern]"" .
:QFrequent_Usage pred:text ""I think that I would like to use this system frequently. [Likert 1–5: 1 = Strongly Disagree, 5 = Strongly Agree]"" .
:QSystem_Complexity pred:text ""I found the system unnecessarily complex. [Likert 1–5: 1 = Strongly Disagree, 5 = Strongly Agree]"" .
:QEase_of_Use pred:text ""I thought the system was easy to use. [Likert 1–5: 1 = Strongly Disagree, 5 = Strongly Agree]"" .
:QNeed_for_Technical_Support pred:text ""I think that I would need the support of a technical person to be able to use this system. [Likert 1–5: 1 = Strongly Disagree, 5 = Strongly Agree]"" .
:QIntegration_of_Functions pred:text ""I found the various functions in this system were well integrated. [Likert 1–5: 1 = Strongly Disagree, 5 = Strongly Agree]"" .
:QInconsistency pred:text ""I thought there was too much inconsistency in this system. [Likert 1–5: 1 = Strongly Disagree, 5 = Strongly Agree]"" .
:QEase_of_Learning pred:text ""I would imagine that most people would learn to use this system very quickly. [Likert 1–5: 1 = Strongly Disagree, 5 = Strongly Agree]"" .
:QCumbersome_to_Use pred:text ""I found the system very awkward to use. [Likert 1–5: 1 = Strongly Disagree, 5 = Strongly Agree]"" .
:QConfidence_in_Use pred:text ""I felt very confident using the system. [Likert 1–5: 1 = Strongly Disagree, 5 = Strongly Agree]"" .
:QNeed_to_Learn_Before_Use pred:text ""I needed to learn a lot of things before I could get going with this system. [Likert 1–5: 1 = Strongly Disagree, 5 = Strongly Agree]"" .

# Responses
:Respondent85 a :Person ;
    pred:Name ""Clinician 85"" ;
    pred:Group ""A"" ;
    pred:Frequent_Usage ""3"" ;
    pred:System_Complexity ""1"" ;
    pred:Ease_of_Use ""5"" ;
    pred:Need_for_Technical_Support ""1"" ;
    pred:Integration_of_Functions ""5"" ;
    pred:Inconsistency ""1"" ;
    pred:Ease_of_Learning ""5"" ;
    pred:Cumbersome_to_Use ""1"" ;
    pred:Confidence_in_Use ""5"" ;
    pred:Need_to_Learn_Before_Use ""1"" .

:Respondent76 a :Person ;
    pred:Name ""Clinician 76"" ;
    pred:Group ""D"" ;
    pred:Frequent_Usage ""5"" ;
    pred:System_Complexity ""1"" ;
    pred:Ease_of_Use ""5"" ;
    pred:Need_for_Technical_Support ""1"" ;
    pred:Integration_of_Functions ""5"" ;
    pred:Inconsistency ""1"" ;
    pred:Ease_of_Learning ""4"" ;
    pred:Cumbersome_to_Use ""1"" ;
    pred:Confidence_in_Use ""5"" ;
    pred:Need_to_Learn_Before_Use ""1"" .

:Respondent32 a :Person ;
    pred:Name ""Clinician 32"" ;
    pred:Group ""B"" ;
    pred:Frequent_Usage ""3"" ;
    pred:System_Complexity ""3"" ;
    pred:Ease_of_Use ""5"" ;
    pred:Need_for_Technical_Support ""3"" ;
    pred:Integration_of_Functions ""5"" ;
    pred:Inconsistency ""5"" ;
    pred:Ease_of_Learning ""5"" ;
    pred:Cumbersome_to_Use ""1"" ;
    pred:Confidence_in_Use ""4"" ;
    pred:Need_to_Learn_Before_Use ""1"" .

</questionnaire>

<role>
You are a meticulous data analyst AI. Your primary function is to accurately analyze structured data and provide precise, verifiable answers.

</role>

<format>
You will be given a dataset with two key parts:

A 'questions' section: This is your data dictionary or schema. It is the single source of truth for understanding what each field and score means. Refer to it carefully.

A 'responses' section: This contains the raw data from each individual respondent.

To answer the question correctly, you must first use the 'questions' schema to fully understand the context and meaning of the data points within the 'responses'. Do not rely on any prior knowledge outside of this provided data. Base your entire analysis on the information given.

</format>

<output>
Provide your final answer directly and concisely. Output must be the human-readable value, not an option code.

Rules:
- For MCQ fields, map any letter codes in the Responses (case-insensitive) to the corresponding option text from the Questions schema, and output only that text. Do NOT include the letter or both.
  Example: If the schema is ""[MCQ: A. Abnormal B. Inconclusive C. Normal]"" and the response is ""a"", output ""Abnormal"".
- For open-ended fields, output the exact text value.
- If the question asks for a count, provide only the number (e.g., ""42"").
- If the question asks for a list of names or IDs, provide a simple comma-separated list (e.g., ""17, 21, 23"").
- Preserve capitalization exactly as in the schema (e.g., output ""Abnormal"", not ""abnormal"" or ""A"").

</output>

<task>
What is the system complexity score for Clinician 85?
</task>",1,True
case_7,answer_lookup,What is the integration of functions score for Clinician 24?,"@prefix : <http://example.org/survey#> .
@prefix pred: <http://example.org/predicate#> .

# Questions
:QName pred:text ""Name of the respondent [Open-ended]"" .
:QGroup pred:text ""Group of the respondent [MCQ: A. Senior B. Junior C. Middle D. Intern]"" .
:QFrequent_Usage pred:text ""I think that I would like to use this system frequently. [Likert 1–5: 1 = Strongly Disagree, 5 = Strongly Agree]"" .
:QSystem_Complexity pred:text ""I found the system unnecessarily complex. [Likert 1–5: 1 = Strongly Disagree, 5 = Strongly Agree]"" .
:QEase_of_Use pred:text ""I thought the system was easy to use. [Likert 1–5: 1 = Strongly Disagree, 5 = Strongly Agree]"" .
:QNeed_for_Technical_Support pred:text ""I think that I would need the support of a technical person to be able to use this system. [Likert 1–5: 1 = Strongly Disagree, 5 = Strongly Agree]"" .
:QIntegration_of_Functions pred:text ""I found the various functions in this system were well integrated. [Likert 1–5: 1 = Strongly Disagree, 5 = Strongly Agree]"" .
:QInconsistency pred:text ""I thought there was too much inconsistency in this system. [Likert 1–5: 1 = Strongly Disagree, 5 = Strongly Agree]"" .
:QEase_of_Learning pred:text ""I would imagine that most people would learn to use this system very quickly. [Likert 1–5: 1 = Strongly Disagree, 5 = Strongly Agree]"" .
:QCumbersome_to_Use pred:text ""I found the system very awkward to use. [Likert 1–5: 1 = Strongly Disagree, 5 = Strongly Agree]"" .
:QConfidence_in_Use pred:text ""I felt very confident using the system. [Likert 1–5: 1 = Strongly Disagree, 5 = Strongly Agree]"" .
:QNeed_to_Learn_Before_Use pred:text ""I needed to learn a lot of things before I could get going with this system. [Likert 1–5: 1 = Strongly Disagree, 5 = Strongly Agree]"" .

# Responses
:Respondent24 a :Person ;
    pred:Name ""Clinician 24"" ;
    pred:Group ""C"" ;
    pred:Frequent_Usage ""1"" ;
    pred:System_Complexity ""1"" ;
    pred:Ease_of_Use ""4"" ;
    pred:Need_for_Technical_Support ""1"" ;
    pred:Integration_of_Functions ""4"" ;
    pred:Inconsistency ""1"" ;
    pred:Ease_of_Learning ""5"" ;
    pred:Cumbersome_to_Use ""1"" ;
    pred:Confidence_in_Use ""5"" ;
    pred:Need_to_Learn_Before_Use ""1"" .

:Respondent18 a :Person ;
    pred:Name ""Clinician 18"" ;
    pred:Group ""D"" ;
    pred:Frequent_Usage ""2"" ;
    pred:System_Complexity ""1"" ;
    pred:Ease_of_Use ""5"" ;
    pred:Need_for_Technical_Support ""1"" ;
    pred:Integration_of_Functions ""5"" ;
    pred:Inconsistency ""1"" ;
    pred:Ease_of_Learning ""5"" ;
    pred:Cumbersome_to_Use ""2"" ;
    pred:Confidence_in_Use ""5"" ;
    pred:Need_to_Learn_Before_Use ""2"" .

:Respondent88 a :Person ;
    pred:Name ""Clinician 88"" ;
    pred:Group ""C"" ;
    pred:Frequent_Usage ""3"" ;
    pred:System_Complexity ""1"" ;
    pred:Ease_of_Use ""5"" ;
    pred:Need_for_Technical_Support ""1"" ;
    pred:Integration_of_Functions ""5"" ;
    pred:Inconsistency ""1"" ;
    pred:Ease_of_Learning ""5"" ;
    pred:Cumbersome_to_Use ""1"" ;
    pred:Confidence_in_Use ""5"" ;
    pred:Need_to_Learn_Before_Use ""1"" .

",4,"<questionnaire>
@prefix : <http://example.org/survey#> .
@prefix pred: <http://example.org/predicate#> .

# Questions
:QName pred:text ""Name of the respondent [Open-ended]"" .
:QGroup pred:text ""Group of the respondent [MCQ: A. Senior B. Junior C. Middle D. Intern]"" .
:QFrequent_Usage pred:text ""I think that I would like to use this system frequently. [Likert 1–5: 1 = Strongly Disagree, 5 = Strongly Agree]"" .
:QSystem_Complexity pred:text ""I found the system unnecessarily complex. [Likert 1–5: 1 = Strongly Disagree, 5 = Strongly Agree]"" .
:QEase_of_Use pred:text ""I thought the system was easy to use. [Likert 1–5: 1 = Strongly Disagree, 5 = Strongly Agree]"" .
:QNeed_for_Technical_Support pred:text ""I think that I would need the support of a technical person to be able to use this system. [Likert 1–5: 1 = Strongly Disagree, 5 = Strongly Agree]"" .
:QIntegration_of_Functions pred:text ""I found the various functions in this system were well integrated. [Likert 1–5: 1 = Strongly Disagree, 5 = Strongly Agree]"" .
:QInconsistency pred:text ""I thought there was too much inconsistency in this system. [Likert 1–5: 1 = Strongly Disagree, 5 = Strongly Agree]"" .
:QEase_of_Learning pred:text ""I would imagine that most people would learn to use this system very quickly. [Likert 1–5: 1 = Strongly Disagree, 5 = Strongly Agree]"" .
:QCumbersome_to_Use pred:text ""I found the system very awkward to use. [Likert 1–5: 1 = Strongly Disagree, 5 = Strongly Agree]"" .
:QConfidence_in_Use pred:text ""I felt very confident using the system. [Likert 1–5: 1 = Strongly Disagree, 5 = Strongly Agree]"" .
:QNeed_to_Learn_Before_Use pred:text ""I needed to learn a lot of things before I could get going with this system. [Likert 1–5: 1 = Strongly Disagree, 5 = Strongly Agree]"" .

# Responses
:Respondent24 a :Person ;
    pred:Name ""Clinician 24"" ;
    pred:Group ""C"" ;
    pred:Frequent_Usage ""1"" ;
    pred:System_Complexity ""1"" ;
    pred:Ease_of_Use ""4"" ;
    pred:Need_for_Technical_Support ""1"" ;
    pred:Integration_of_Functions ""4"" ;
    pred:Inconsistency ""1"" ;
    pred:Ease_of_Learning ""5"" ;
    pred:Cumbersome_to_Use ""1"" ;
    pred:Confidence_in_Use ""5"" ;
    pred:Need_to_Learn_Before_Use ""1"" .

:Respondent18 a :Person ;
    pred:Name ""Clinician 18"" ;
    pred:Group ""D"" ;
    pred:Frequent_Usage ""2"" ;
    pred:System_Complexity ""1"" ;
    pred:Ease_of_Use ""5"" ;
    pred:Need_for_Technical_Support ""1"" ;
    pred:Integration_of_Functions ""5"" ;
    pred:Inconsistency ""1"" ;
    pred:Ease_of_Learning ""5"" ;
    pred:Cumbersome_to_Use ""2"" ;
    pred:Confidence_in_Use ""5"" ;
    pred:Need_to_Learn_Before_Use ""2"" .

:Respondent88 a :Person ;
    pred:Name ""Clinician 88"" ;
    pred:Group ""C"" ;
    pred:Frequent_Usage ""3"" ;
    pred:System_Complexity ""1"" ;
    pred:Ease_of_Use ""5"" ;
    pred:Need_for_Technical_Support ""1"" ;
    pred:Integration_of_Functions ""5"" ;
    pred:Inconsistency ""1"" ;
    pred:Ease_of_Learning ""5"" ;
    pred:Cumbersome_to_Use ""1"" ;
    pred:Confidence_in_Use ""5"" ;
    pred:Need_to_Learn_Before_Use ""1"" .

</questionnaire>

<role>
You are a meticulous data analyst AI. Your primary function is to accurately analyze structured data and provide precise, verifiable answers.

</role>

<format>
You will be given a dataset with two key parts:

A 'questions' section: This is your data dictionary or schema. It is the single source of truth for understanding what each field and score means. Refer to it carefully.

A 'responses' section: This contains the raw data from each individual respondent.

To answer the question correctly, you must first use the 'questions' schema to fully understand the context and meaning of the data points within the 'responses'. Do not rely on any prior knowledge outside of this provided data. Base your entire analysis on the information given.

</format>

<output>
Provide your final answer directly and concisely. Output must be the human-readable value, not an option code.

Rules:
- For MCQ fields, map any letter codes in the Responses (case-insensitive) to the corresponding option text from the Questions schema, and output only that text. Do NOT include the letter or both.
  Example: If the schema is ""[MCQ: A. Abnormal B. Inconclusive C. Normal]"" and the response is ""a"", output ""Abnormal"".
- For open-ended fields, output the exact text value.
- If the question asks for a count, provide only the number (e.g., ""42"").
- If the question asks for a list of names or IDs, provide a simple comma-separated list (e.g., ""17, 21, 23"").
- Preserve capitalization exactly as in the schema (e.g., output ""Abnormal"", not ""abnormal"" or ""A"").

</output>

<task>
What is the integration of functions score for Clinician 24?
</task>",4,True
case_8,answer_lookup,What is the ease of learning score for Clinician 80?,"@prefix : <http://example.org/survey#> .
@prefix pred: <http://example.org/predicate#> .

# Questions
:QName pred:text ""Name of the respondent [Open-ended]"" .
:QGroup pred:text ""Group of the respondent [MCQ: A. Senior B. Junior C. Middle D. Intern]"" .
:QFrequent_Usage pred:text ""I think that I would like to use this system frequently. [Likert 1–5: 1 = Strongly Disagree, 5 = Strongly Agree]"" .
:QSystem_Complexity pred:text ""I found the system unnecessarily complex. [Likert 1–5: 1 = Strongly Disagree, 5 = Strongly Agree]"" .
:QEase_of_Use pred:text ""I thought the system was easy to use. [Likert 1–5: 1 = Strongly Disagree, 5 = Strongly Agree]"" .
:QNeed_for_Technical_Support pred:text ""I think that I would need the support of a technical person to be able to use this system. [Likert 1–5: 1 = Strongly Disagree, 5 = Strongly Agree]"" .
:QIntegration_of_Functions pred:text ""I found the various functions in this system were well integrated. [Likert 1–5: 1 = Strongly Disagree, 5 = Strongly Agree]"" .
:QInconsistency pred:text ""I thought there was too much inconsistency in this system. [Likert 1–5: 1 = Strongly Disagree, 5 = Strongly Agree]"" .
:QEase_of_Learning pred:text ""I would imagine that most people would learn to use this system very quickly. [Likert 1–5: 1 = Strongly Disagree, 5 = Strongly Agree]"" .
:QCumbersome_to_Use pred:text ""I found the system very awkward to use. [Likert 1–5: 1 = Strongly Disagree, 5 = Strongly Agree]"" .
:QConfidence_in_Use pred:text ""I felt very confident using the system. [Likert 1–5: 1 = Strongly Disagree, 5 = Strongly Agree]"" .
:QNeed_to_Learn_Before_Use pred:text ""I needed to learn a lot of things before I could get going with this system. [Likert 1–5: 1 = Strongly Disagree, 5 = Strongly Agree]"" .

# Responses
:Respondent77 a :Person ;
    pred:Name ""Clinician 77"" ;
    pred:Group ""B"" ;
    pred:Frequent_Usage ""4"" ;
    pred:System_Complexity ""1"" ;
    pred:Ease_of_Use ""4"" ;
    pred:Need_for_Technical_Support ""1"" ;
    pred:Integration_of_Functions ""3"" ;
    pred:Inconsistency ""1"" ;
    pred:Ease_of_Learning ""5"" ;
    pred:Cumbersome_to_Use ""1"" ;
    pred:Confidence_in_Use ""4"" ;
    pred:Need_to_Learn_Before_Use ""3"" .

:Respondent80 a :Person ;
    pred:Name ""Clinician 80"" ;
    pred:Group ""B"" ;
    pred:Frequent_Usage ""4"" ;
    pred:System_Complexity ""1"" ;
    pred:Ease_of_Use ""4"" ;
    pred:Need_for_Technical_Support ""3"" ;
    pred:Integration_of_Functions ""4"" ;
    pred:Inconsistency ""2"" ;
    pred:Ease_of_Learning ""4"" ;
    pred:Cumbersome_to_Use ""1"" ;
    pred:Confidence_in_Use ""3"" ;
    pred:Need_to_Learn_Before_Use ""3"" .

:Respondent79 a :Person ;
    pred:Name ""Clinician 79"" ;
    pred:Group ""C"" ;
    pred:Frequent_Usage ""5"" ;
    pred:System_Complexity ""1"" ;
    pred:Ease_of_Use ""5"" ;
    pred:Need_for_Technical_Support ""1"" ;
    pred:Integration_of_Functions ""5"" ;
    pred:Inconsistency ""1"" ;
    pred:Ease_of_Learning ""5"" ;
    pred:Cumbersome_to_Use ""1"" ;
    pred:Confidence_in_Use ""5"" ;
    pred:Need_to_Learn_Before_Use ""1"" .

",4,"<questionnaire>
@prefix : <http://example.org/survey#> .
@prefix pred: <http://example.org/predicate#> .

# Questions
:QName pred:text ""Name of the respondent [Open-ended]"" .
:QGroup pred:text ""Group of the respondent [MCQ: A. Senior B. Junior C. Middle D. Intern]"" .
:QFrequent_Usage pred:text ""I think that I would like to use this system frequently. [Likert 1–5: 1 = Strongly Disagree, 5 = Strongly Agree]"" .
:QSystem_Complexity pred:text ""I found the system unnecessarily complex. [Likert 1–5: 1 = Strongly Disagree, 5 = Strongly Agree]"" .
:QEase_of_Use pred:text ""I thought the system was easy to use. [Likert 1–5: 1 = Strongly Disagree, 5 = Strongly Agree]"" .
:QNeed_for_Technical_Support pred:text ""I think that I would need the support of a technical person to be able to use this system. [Likert 1–5: 1 = Strongly Disagree, 5 = Strongly Agree]"" .
:QIntegration_of_Functions pred:text ""I found the various functions in this system were well integrated. [Likert 1–5: 1 = Strongly Disagree, 5 = Strongly Agree]"" .
:QInconsistency pred:text ""I thought there was too much inconsistency in this system. [Likert 1–5: 1 = Strongly Disagree, 5 = Strongly Agree]"" .
:QEase_of_Learning pred:text ""I would imagine that most people would learn to use this system very quickly. [Likert 1–5: 1 = Strongly Disagree, 5 = Strongly Agree]"" .
:QCumbersome_to_Use pred:text ""I found the system very awkward to use. [Likert 1–5: 1 = Strongly Disagree, 5 = Strongly Agree]"" .
:QConfidence_in_Use pred:text ""I felt very confident using the system. [Likert 1–5: 1 = Strongly Disagree, 5 = Strongly Agree]"" .
:QNeed_to_Learn_Before_Use pred:text ""I needed to learn a lot of things before I could get going with this system. [Likert 1–5: 1 = Strongly Disagree, 5 = Strongly Agree]"" .

# Responses
:Respondent77 a :Person ;
    pred:Name ""Clinician 77"" ;
    pred:Group ""B"" ;
    pred:Frequent_Usage ""4"" ;
    pred:System_Complexity ""1"" ;
    pred:Ease_of_Use ""4"" ;
    pred:Need_for_Technical_Support ""1"" ;
    pred:Integration_of_Functions ""3"" ;
    pred:Inconsistency ""1"" ;
    pred:Ease_of_Learning ""5"" ;
    pred:Cumbersome_to_Use ""1"" ;
    pred:Confidence_in_Use ""4"" ;
    pred:Need_to_Learn_Before_Use ""3"" .

:Respondent80 a :Person ;
    pred:Name ""Clinician 80"" ;
    pred:Group ""B"" ;
    pred:Frequent_Usage ""4"" ;
    pred:System_Complexity ""1"" ;
    pred:Ease_of_Use ""4"" ;
    pred:Need_for_Technical_Support ""3"" ;
    pred:Integration_of_Functions ""4"" ;
    pred:Inconsistency ""2"" ;
    pred:Ease_of_Learning ""4"" ;
    pred:Cumbersome_to_Use ""1"" ;
    pred:Confidence_in_Use ""3"" ;
    pred:Need_to_Learn_Before_Use ""3"" .

:Respondent79 a :Person ;
    pred:Name ""Clinician 79"" ;
    pred:Group ""C"" ;
    pred:Frequent_Usage ""5"" ;
    pred:System_Complexity ""1"" ;
    pred:Ease_of_Use ""5"" ;
    pred:Need_for_Technical_Support ""1"" ;
    pred:Integration_of_Functions ""5"" ;
    pred:Inconsistency ""1"" ;
    pred:Ease_of_Learning ""5"" ;
    pred:Cumbersome_to_Use ""1"" ;
    pred:Confidence_in_Use ""5"" ;
    pred:Need_to_Learn_Before_Use ""1"" .

</questionnaire>

<role>
You are a meticulous data analyst AI. Your primary function is to accurately analyze structured data and provide precise, verifiable answers.

</role>

<format>
You will be given a dataset with two key parts:

A 'questions' section: This is your data dictionary or schema. It is the single source of truth for understanding what each field and score means. Refer to it carefully.

A 'responses' section: This contains the raw data from each individual respondent.

To answer the question correctly, you must first use the 'questions' schema to fully understand the context and meaning of the data points within the 'responses'. Do not rely on any prior knowledge outside of this provided data. Base your entire analysis on the information given.

</format>

<output>
Provide your final answer directly and concisely. Output must be the human-readable value, not an option code.

Rules:
- For MCQ fields, map any letter codes in the Responses (case-insensitive) to the corresponding option text from the Questions schema, and output only that text. Do NOT include the letter or both.
  Example: If the schema is ""[MCQ: A. Abnormal B. Inconclusive C. Normal]"" and the response is ""a"", output ""Abnormal"".
- For open-ended fields, output the exact text value.
- If the question asks for a count, provide only the number (e.g., ""42"").
- If the question asks for a list of names or IDs, provide a simple comma-separated list (e.g., ""17, 21, 23"").
- Preserve capitalization exactly as in the schema (e.g., output ""Abnormal"", not ""abnormal"" or ""A"").

</output>

<task>
What is the ease of learning score for Clinician 80?
</task>",4,True
case_9,answer_lookup,What is the group for Clinician 10?,"@prefix : <http://example.org/survey#> .
@prefix pred: <http://example.org/predicate#> .

# Questions
:QName pred:text ""Name of the respondent [Open-ended]"" .
:QGroup pred:text ""Group of the respondent [MCQ: A. Senior B. Junior C. Middle D. Intern]"" .
:QFrequent_Usage pred:text ""I think that I would like to use this system frequently. [Likert 1–5: 1 = Strongly Disagree, 5 = Strongly Agree]"" .
:QSystem_Complexity pred:text ""I found the system unnecessarily complex. [Likert 1–5: 1 = Strongly Disagree, 5 = Strongly Agree]"" .
:QEase_of_Use pred:text ""I thought the system was easy to use. [Likert 1–5: 1 = Strongly Disagree, 5 = Strongly Agree]"" .
:QNeed_for_Technical_Support pred:text ""I think that I would need the support of a technical person to be able to use this system. [Likert 1–5: 1 = Strongly Disagree, 5 = Strongly Agree]"" .
:QIntegration_of_Functions pred:text ""I found the various functions in this system were well integrated. [Likert 1–5: 1 = Strongly Disagree, 5 = Strongly Agree]"" .
:QInconsistency pred:text ""I thought there was too much inconsistency in this system. [Likert 1–5: 1 = Strongly Disagree, 5 = Strongly Agree]"" .
:QEase_of_Learning pred:text ""I would imagine that most people would learn to use this system very quickly. [Likert 1–5: 1 = Strongly Disagree, 5 = Strongly Agree]"" .
:QCumbersome_to_Use pred:text ""I found the system very awkward to use. [Likert 1–5: 1 = Strongly Disagree, 5 = Strongly Agree]"" .
:QConfidence_in_Use pred:text ""I felt very confident using the system. [Likert 1–5: 1 = Strongly Disagree, 5 = Strongly Agree]"" .
:QNeed_to_Learn_Before_Use pred:text ""I needed to learn a lot of things before I could get going with this system. [Likert 1–5: 1 = Strongly Disagree, 5 = Strongly Agree]"" .

# Responses
:Respondent64 a :Person ;
    pred:Name ""Clinician 64"" ;
    pred:Group ""C"" ;
    pred:Frequent_Usage ""5"" ;
    pred:System_Complexity ""1"" ;
    pred:Ease_of_Use ""5"" ;
    pred:Need_for_Technical_Support ""1"" ;
    pred:Integration_of_Functions ""4"" ;
    pred:Inconsistency ""1"" ;
    pred:Ease_of_Learning ""3"" ;
    pred:Cumbersome_to_Use ""1"" ;
    pred:Confidence_in_Use ""5"" ;
    pred:Need_to_Learn_Before_Use ""1"" .

:Respondent68 a :Person ;
    pred:Name ""Clinician 68"" ;
    pred:Group ""C"" ;
    pred:Frequent_Usage ""3"" ;
    pred:System_Complexity ""1"" ;
    pred:Ease_of_Use ""5"" ;
    pred:Need_for_Technical_Support ""3"" ;
    pred:Integration_of_Functions ""5"" ;
    pred:Inconsistency ""1"" ;
    pred:Ease_of_Learning ""5"" ;
    pred:Cumbersome_to_Use ""1"" ;
    pred:Confidence_in_Use ""4"" ;
    pred:Need_to_Learn_Before_Use ""1"" .

:Respondent10 a :Person ;
    pred:Name ""Clinician 10"" ;
    pred:Group ""A"" ;
    pred:Frequent_Usage ""4"" ;
    pred:System_Complexity ""1"" ;
    pred:Ease_of_Use ""2"" ;
    pred:Need_for_Technical_Support ""2"" ;
    pred:Integration_of_Functions ""5"" ;
    pred:Inconsistency ""2"" ;
    pred:Ease_of_Learning ""5"" ;
    pred:Cumbersome_to_Use ""1"" ;
    pred:Confidence_in_Use ""4"" ;
    pred:Need_to_Learn_Before_Use ""2"" .

",A,"<questionnaire>
@prefix : <http://example.org/survey#> .
@prefix pred: <http://example.org/predicate#> .

# Questions
:QName pred:text ""Name of the respondent [Open-ended]"" .
:QGroup pred:text ""Group of the respondent [MCQ: A. Senior B. Junior C. Middle D. Intern]"" .
:QFrequent_Usage pred:text ""I think that I would like to use this system frequently. [Likert 1–5: 1 = Strongly Disagree, 5 = Strongly Agree]"" .
:QSystem_Complexity pred:text ""I found the system unnecessarily complex. [Likert 1–5: 1 = Strongly Disagree, 5 = Strongly Agree]"" .
:QEase_of_Use pred:text ""I thought the system was easy to use. [Likert 1–5: 1 = Strongly Disagree, 5 = Strongly Agree]"" .
:QNeed_for_Technical_Support pred:text ""I think that I would need the support of a technical person to be able to use this system. [Likert 1–5: 1 = Strongly Disagree, 5 = Strongly Agree]"" .
:QIntegration_of_Functions pred:text ""I found the various functions in this system were well integrated. [Likert 1–5: 1 = Strongly Disagree, 5 = Strongly Agree]"" .
:QInconsistency pred:text ""I thought there was too much inconsistency in this system. [Likert 1–5: 1 = Strongly Disagree, 5 = Strongly Agree]"" .
:QEase_of_Learning pred:text ""I would imagine that most people would learn to use this system very quickly. [Likert 1–5: 1 = Strongly Disagree, 5 = Strongly Agree]"" .
:QCumbersome_to_Use pred:text ""I found the system very awkward to use. [Likert 1–5: 1 = Strongly Disagree, 5 = Strongly Agree]"" .
:QConfidence_in_Use pred:text ""I felt very confident using the system. [Likert 1–5: 1 = Strongly Disagree, 5 = Strongly Agree]"" .
:QNeed_to_Learn_Before_Use pred:text ""I needed to learn a lot of things before I could get going with this system. [Likert 1–5: 1 = Strongly Disagree, 5 = Strongly Agree]"" .

# Responses
:Respondent64 a :Person ;
    pred:Name ""Clinician 64"" ;
    pred:Group ""C"" ;
    pred:Frequent_Usage ""5"" ;
    pred:System_Complexity ""1"" ;
    pred:Ease_of_Use ""5"" ;
    pred:Need_for_Technical_Support ""1"" ;
    pred:Integration_of_Functions ""4"" ;
    pred:Inconsistency ""1"" ;
    pred:Ease_of_Learning ""3"" ;
    pred:Cumbersome_to_Use ""1"" ;
    pred:Confidence_in_Use ""5"" ;
    pred:Need_to_Learn_Before_Use ""1"" .

:Respondent68 a :Person ;
    pred:Name ""Clinician 68"" ;
    pred:Group ""C"" ;
    pred:Frequent_Usage ""3"" ;
    pred:System_Complexity ""1"" ;
    pred:Ease_of_Use ""5"" ;
    pred:Need_for_Technical_Support ""3"" ;
    pred:Integration_of_Functions ""5"" ;
    pred:Inconsistency ""1"" ;
    pred:Ease_of_Learning ""5"" ;
    pred:Cumbersome_to_Use ""1"" ;
    pred:Confidence_in_Use ""4"" ;
    pred:Need_to_Learn_Before_Use ""1"" .

:Respondent10 a :Person ;
    pred:Name ""Clinician 10"" ;
    pred:Group ""A"" ;
    pred:Frequent_Usage ""4"" ;
    pred:System_Complexity ""1"" ;
    pred:Ease_of_Use ""2"" ;
    pred:Need_for_Technical_Support ""2"" ;
    pred:Integration_of_Functions ""5"" ;
    pred:Inconsistency ""2"" ;
    pred:Ease_of_Learning ""5"" ;
    pred:Cumbersome_to_Use ""1"" ;
    pred:Confidence_in_Use ""4"" ;
    pred:Need_to_Learn_Before_Use ""2"" .

</questionnaire>

<role>
You are a meticulous data analyst AI. Your primary function is to accurately analyze structured data and provide precise, verifiable answers.

</role>

<format>
You will be given a dataset with two key parts:

A 'questions' section: This is your data dictionary or schema. It is the single source of truth for understanding what each field and score means. Refer to it carefully.

A 'responses' section: This contains the raw data from each individual respondent.

To answer the question correctly, you must first use the 'questions' schema to fully understand the context and meaning of the data points within the 'responses'. Do not rely on any prior knowledge outside of this provided data. Base your entire analysis on the information given.

</format>

<output>
Provide your final answer directly and concisely. Output must be the human-readable value, not an option code.

Rules:
- For MCQ fields, map any letter codes in the Responses (case-insensitive) to the corresponding option text from the Questions schema, and output only that text. Do NOT include the letter or both.
  Example: If the schema is ""[MCQ: A. Abnormal B. Inconclusive C. Normal]"" and the response is ""a"", output ""Abnormal"".
- For open-ended fields, output the exact text value.
- If the question asks for a count, provide only the number (e.g., ""42"").
- If the question asks for a list of names or IDs, provide a simple comma-separated list (e.g., ""17, 21, 23"").
- Preserve capitalization exactly as in the schema (e.g., output ""Abnormal"", not ""abnormal"" or ""A"").

</output>

<task>
What is the group for Clinician 10?
</task>",Senior,False
case_10,answer_lookup,What is the ease of learning score for Clinician 15?,"@prefix : <http://example.org/survey#> .
@prefix pred: <http://example.org/predicate#> .

# Questions
:QName pred:text ""Name of the respondent [Open-ended]"" .
:QGroup pred:text ""Group of the respondent [MCQ: A. Senior B. Junior C. Middle D. Intern]"" .
:QFrequent_Usage pred:text ""I think that I would like to use this system frequently. [Likert 1–5: 1 = Strongly Disagree, 5 = Strongly Agree]"" .
:QSystem_Complexity pred:text ""I found the system unnecessarily complex. [Likert 1–5: 1 = Strongly Disagree, 5 = Strongly Agree]"" .
:QEase_of_Use pred:text ""I thought the system was easy to use. [Likert 1–5: 1 = Strongly Disagree, 5 = Strongly Agree]"" .
:QNeed_for_Technical_Support pred:text ""I think that I would need the support of a technical person to be able to use this system. [Likert 1–5: 1 = Strongly Disagree, 5 = Strongly Agree]"" .
:QIntegration_of_Functions pred:text ""I found the various functions in this system were well integrated. [Likert 1–5: 1 = Strongly Disagree, 5 = Strongly Agree]"" .
:QInconsistency pred:text ""I thought there was too much inconsistency in this system. [Likert 1–5: 1 = Strongly Disagree, 5 = Strongly Agree]"" .
:QEase_of_Learning pred:text ""I would imagine that most people would learn to use this system very quickly. [Likert 1–5: 1 = Strongly Disagree, 5 = Strongly Agree]"" .
:QCumbersome_to_Use pred:text ""I found the system very awkward to use. [Likert 1–5: 1 = Strongly Disagree, 5 = Strongly Agree]"" .
:QConfidence_in_Use pred:text ""I felt very confident using the system. [Likert 1–5: 1 = Strongly Disagree, 5 = Strongly Agree]"" .
:QNeed_to_Learn_Before_Use pred:text ""I needed to learn a lot of things before I could get going with this system. [Likert 1–5: 1 = Strongly Disagree, 5 = Strongly Agree]"" .

# Responses
:Respondent5 a :Person ;
    pred:Name ""Clinician 5"" ;
    pred:Group ""D"" ;
    pred:Frequent_Usage ""4"" ;
    pred:System_Complexity ""1"" ;
    pred:Ease_of_Use ""4"" ;
    pred:Need_for_Technical_Support ""1"" ;
    pred:Integration_of_Functions ""4"" ;
    pred:Inconsistency ""1"" ;
    pred:Ease_of_Learning ""5"" ;
    pred:Cumbersome_to_Use ""1"" ;
    pred:Confidence_in_Use ""4"" ;
    pred:Need_to_Learn_Before_Use ""1"" .

:Respondent86 a :Person ;
    pred:Name ""Clinician 86"" ;
    pred:Group ""A"" ;
    pred:Frequent_Usage ""3"" ;
    pred:System_Complexity ""1"" ;
    pred:Ease_of_Use ""5"" ;
    pred:Need_for_Technical_Support ""3"" ;
    pred:Integration_of_Functions ""5"" ;
    pred:Inconsistency ""1"" ;
    pred:Ease_of_Learning ""4"" ;
    pred:Cumbersome_to_Use ""1"" ;
    pred:Confidence_in_Use ""5"" ;
    pred:Need_to_Learn_Before_Use ""5"" .

:Respondent15 a :Person ;
    pred:Name ""Clinician 15"" ;
    pred:Group ""D"" ;
    pred:Frequent_Usage ""5"" ;
    pred:System_Complexity ""1"" ;
    pred:Ease_of_Use ""4"" ;
    pred:Need_for_Technical_Support ""1"" ;
    pred:Integration_of_Functions ""5"" ;
    pred:Inconsistency ""1"" ;
    pred:Ease_of_Learning ""4"" ;
    pred:Cumbersome_to_Use ""1"" ;
    pred:Confidence_in_Use ""4"" ;
    pred:Need_to_Learn_Before_Use ""1"" .

",4,"<questionnaire>
@prefix : <http://example.org/survey#> .
@prefix pred: <http://example.org/predicate#> .

# Questions
:QName pred:text ""Name of the respondent [Open-ended]"" .
:QGroup pred:text ""Group of the respondent [MCQ: A. Senior B. Junior C. Middle D. Intern]"" .
:QFrequent_Usage pred:text ""I think that I would like to use this system frequently. [Likert 1–5: 1 = Strongly Disagree, 5 = Strongly Agree]"" .
:QSystem_Complexity pred:text ""I found the system unnecessarily complex. [Likert 1–5: 1 = Strongly Disagree, 5 = Strongly Agree]"" .
:QEase_of_Use pred:text ""I thought the system was easy to use. [Likert 1–5: 1 = Strongly Disagree, 5 = Strongly Agree]"" .
:QNeed_for_Technical_Support pred:text ""I think that I would need the support of a technical person to be able to use this system. [Likert 1–5: 1 = Strongly Disagree, 5 = Strongly Agree]"" .
:QIntegration_of_Functions pred:text ""I found the various functions in this system were well integrated. [Likert 1–5: 1 = Strongly Disagree, 5 = Strongly Agree]"" .
:QInconsistency pred:text ""I thought there was too much inconsistency in this system. [Likert 1–5: 1 = Strongly Disagree, 5 = Strongly Agree]"" .
:QEase_of_Learning pred:text ""I would imagine that most people would learn to use this system very quickly. [Likert 1–5: 1 = Strongly Disagree, 5 = Strongly Agree]"" .
:QCumbersome_to_Use pred:text ""I found the system very awkward to use. [Likert 1–5: 1 = Strongly Disagree, 5 = Strongly Agree]"" .
:QConfidence_in_Use pred:text ""I felt very confident using the system. [Likert 1–5: 1 = Strongly Disagree, 5 = Strongly Agree]"" .
:QNeed_to_Learn_Before_Use pred:text ""I needed to learn a lot of things before I could get going with this system. [Likert 1–5: 1 = Strongly Disagree, 5 = Strongly Agree]"" .

# Responses
:Respondent5 a :Person ;
    pred:Name ""Clinician 5"" ;
    pred:Group ""D"" ;
    pred:Frequent_Usage ""4"" ;
    pred:System_Complexity ""1"" ;
    pred:Ease_of_Use ""4"" ;
    pred:Need_for_Technical_Support ""1"" ;
    pred:Integration_of_Functions ""4"" ;
    pred:Inconsistency ""1"" ;
    pred:Ease_of_Learning ""5"" ;
    pred:Cumbersome_to_Use ""1"" ;
    pred:Confidence_in_Use ""4"" ;
    pred:Need_to_Learn_Before_Use ""1"" .

:Respondent86 a :Person ;
    pred:Name ""Clinician 86"" ;
    pred:Group ""A"" ;
    pred:Frequent_Usage ""3"" ;
    pred:System_Complexity ""1"" ;
    pred:Ease_of_Use ""5"" ;
    pred:Need_for_Technical_Support ""3"" ;
    pred:Integration_of_Functions ""5"" ;
    pred:Inconsistency ""1"" ;
    pred:Ease_of_Learning ""4"" ;
    pred:Cumbersome_to_Use ""1"" ;
    pred:Confidence_in_Use ""5"" ;
    pred:Need_to_Learn_Before_Use ""5"" .

:Respondent15 a :Person ;
    pred:Name ""Clinician 15"" ;
    pred:Group ""D"" ;
    pred:Frequent_Usage ""5"" ;
    pred:System_Complexity ""1"" ;
    pred:Ease_of_Use ""4"" ;
    pred:Need_for_Technical_Support ""1"" ;
    pred:Integration_of_Functions ""5"" ;
    pred:Inconsistency ""1"" ;
    pred:Ease_of_Learning ""4"" ;
    pred:Cumbersome_to_Use ""1"" ;
    pred:Confidence_in_Use ""4"" ;
    pred:Need_to_Learn_Before_Use ""1"" .

</questionnaire>

<role>
You are a meticulous data analyst AI. Your primary function is to accurately analyze structured data and provide precise, verifiable answers.

</role>

<format>
You will be given a dataset with two key parts:

A 'questions' section: This is your data dictionary or schema. It is the single source of truth for understanding what each field and score means. Refer to it carefully.

A 'responses' section: This contains the raw data from each individual respondent.

To answer the question correctly, you must first use the 'questions' schema to fully understand the context and meaning of the data points within the 'responses'. Do not rely on any prior knowledge outside of this provided data. Base your entire analysis on the information given.

</format>

<output>
Provide your final answer directly and concisely. Output must be the human-readable value, not an option code.

Rules:
- For MCQ fields, map any letter codes in the Responses (case-insensitive) to the corresponding option text from the Questions schema, and output only that text. Do NOT include the letter or both.
  Example: If the schema is ""[MCQ: A. Abnormal B. Inconclusive C. Normal]"" and the response is ""a"", output ""Abnormal"".
- For open-ended fields, output the exact text value.
- If the question asks for a count, provide only the number (e.g., ""42"").
- If the question asks for a list of names or IDs, provide a simple comma-separated list (e.g., ""17, 21, 23"").
- Preserve capitalization exactly as in the schema (e.g., output ""Abnormal"", not ""abnormal"" or ""A"").

</output>

<task>
What is the ease of learning score for Clinician 15?
</task>",4,True
case_11,answer_lookup,What is the need to learn before use score for Clinician 53?,"@prefix : <http://example.org/survey#> .
@prefix pred: <http://example.org/predicate#> .

# Questions
:QName pred:text ""Name of the respondent [Open-ended]"" .
:QGroup pred:text ""Group of the respondent [MCQ: A. Senior B. Junior C. Middle D. Intern]"" .
:QFrequent_Usage pred:text ""I think that I would like to use this system frequently. [Likert 1–5: 1 = Strongly Disagree, 5 = Strongly Agree]"" .
:QSystem_Complexity pred:text ""I found the system unnecessarily complex. [Likert 1–5: 1 = Strongly Disagree, 5 = Strongly Agree]"" .
:QEase_of_Use pred:text ""I thought the system was easy to use. [Likert 1–5: 1 = Strongly Disagree, 5 = Strongly Agree]"" .
:QNeed_for_Technical_Support pred:text ""I think that I would need the support of a technical person to be able to use this system. [Likert 1–5: 1 = Strongly Disagree, 5 = Strongly Agree]"" .
:QIntegration_of_Functions pred:text ""I found the various functions in this system were well integrated. [Likert 1–5: 1 = Strongly Disagree, 5 = Strongly Agree]"" .
:QInconsistency pred:text ""I thought there was too much inconsistency in this system. [Likert 1–5: 1 = Strongly Disagree, 5 = Strongly Agree]"" .
:QEase_of_Learning pred:text ""I would imagine that most people would learn to use this system very quickly. [Likert 1–5: 1 = Strongly Disagree, 5 = Strongly Agree]"" .
:QCumbersome_to_Use pred:text ""I found the system very awkward to use. [Likert 1–5: 1 = Strongly Disagree, 5 = Strongly Agree]"" .
:QConfidence_in_Use pred:text ""I felt very confident using the system. [Likert 1–5: 1 = Strongly Disagree, 5 = Strongly Agree]"" .
:QNeed_to_Learn_Before_Use pred:text ""I needed to learn a lot of things before I could get going with this system. [Likert 1–5: 1 = Strongly Disagree, 5 = Strongly Agree]"" .

# Responses
:Respondent23 a :Person ;
    pred:Name ""Clinician 23"" ;
    pred:Group ""C"" ;
    pred:Frequent_Usage ""1"" ;
    pred:System_Complexity ""1"" ;
    pred:Ease_of_Use ""5"" ;
    pred:Need_for_Technical_Support ""1"" ;
    pred:Integration_of_Functions ""5"" ;
    pred:Inconsistency ""2"" ;
    pred:Ease_of_Learning ""4"" ;
    pred:Cumbersome_to_Use ""2"" ;
    pred:Confidence_in_Use ""4"" ;
    pred:Need_to_Learn_Before_Use ""1"" .

:Respondent53 a :Person ;
    pred:Name ""Clinician 53"" ;
    pred:Group ""A"" ;
    pred:Frequent_Usage ""5"" ;
    pred:System_Complexity ""1"" ;
    pred:Ease_of_Use ""5"" ;
    pred:Need_for_Technical_Support ""1"" ;
    pred:Integration_of_Functions ""5"" ;
    pred:Inconsistency ""1"" ;
    pred:Ease_of_Learning ""5"" ;
    pred:Cumbersome_to_Use ""1"" ;
    pred:Confidence_in_Use ""5"" ;
    pred:Need_to_Learn_Before_Use ""1"" .

:Respondent68 a :Person ;
    pred:Name ""Clinician 68"" ;
    pred:Group ""C"" ;
    pred:Frequent_Usage ""3"" ;
    pred:System_Complexity ""1"" ;
    pred:Ease_of_Use ""5"" ;
    pred:Need_for_Technical_Support ""3"" ;
    pred:Integration_of_Functions ""5"" ;
    pred:Inconsistency ""1"" ;
    pred:Ease_of_Learning ""5"" ;
    pred:Cumbersome_to_Use ""1"" ;
    pred:Confidence_in_Use ""4"" ;
    pred:Need_to_Learn_Before_Use ""1"" .

",1,"<questionnaire>
@prefix : <http://example.org/survey#> .
@prefix pred: <http://example.org/predicate#> .

# Questions
:QName pred:text ""Name of the respondent [Open-ended]"" .
:QGroup pred:text ""Group of the respondent [MCQ: A. Senior B. Junior C. Middle D. Intern]"" .
:QFrequent_Usage pred:text ""I think that I would like to use this system frequently. [Likert 1–5: 1 = Strongly Disagree, 5 = Strongly Agree]"" .
:QSystem_Complexity pred:text ""I found the system unnecessarily complex. [Likert 1–5: 1 = Strongly Disagree, 5 = Strongly Agree]"" .
:QEase_of_Use pred:text ""I thought the system was easy to use. [Likert 1–5: 1 = Strongly Disagree, 5 = Strongly Agree]"" .
:QNeed_for_Technical_Support pred:text ""I think that I would need the support of a technical person to be able to use this system. [Likert 1–5: 1 = Strongly Disagree, 5 = Strongly Agree]"" .
:QIntegration_of_Functions pred:text ""I found the various functions in this system were well integrated. [Likert 1–5: 1 = Strongly Disagree, 5 = Strongly Agree]"" .
:QInconsistency pred:text ""I thought there was too much inconsistency in this system. [Likert 1–5: 1 = Strongly Disagree, 5 = Strongly Agree]"" .
:QEase_of_Learning pred:text ""I would imagine that most people would learn to use this system very quickly. [Likert 1–5: 1 = Strongly Disagree, 5 = Strongly Agree]"" .
:QCumbersome_to_Use pred:text ""I found the system very awkward to use. [Likert 1–5: 1 = Strongly Disagree, 5 = Strongly Agree]"" .
:QConfidence_in_Use pred:text ""I felt very confident using the system. [Likert 1–5: 1 = Strongly Disagree, 5 = Strongly Agree]"" .
:QNeed_to_Learn_Before_Use pred:text ""I needed to learn a lot of things before I could get going with this system. [Likert 1–5: 1 = Strongly Disagree, 5 = Strongly Agree]"" .

# Responses
:Respondent23 a :Person ;
    pred:Name ""Clinician 23"" ;
    pred:Group ""C"" ;
    pred:Frequent_Usage ""1"" ;
    pred:System_Complexity ""1"" ;
    pred:Ease_of_Use ""5"" ;
    pred:Need_for_Technical_Support ""1"" ;
    pred:Integration_of_Functions ""5"" ;
    pred:Inconsistency ""2"" ;
    pred:Ease_of_Learning ""4"" ;
    pred:Cumbersome_to_Use ""2"" ;
    pred:Confidence_in_Use ""4"" ;
    pred:Need_to_Learn_Before_Use ""1"" .

:Respondent53 a :Person ;
    pred:Name ""Clinician 53"" ;
    pred:Group ""A"" ;
    pred:Frequent_Usage ""5"" ;
    pred:System_Complexity ""1"" ;
    pred:Ease_of_Use ""5"" ;
    pred:Need_for_Technical_Support ""1"" ;
    pred:Integration_of_Functions ""5"" ;
    pred:Inconsistency ""1"" ;
    pred:Ease_of_Learning ""5"" ;
    pred:Cumbersome_to_Use ""1"" ;
    pred:Confidence_in_Use ""5"" ;
    pred:Need_to_Learn_Before_Use ""1"" .

:Respondent68 a :Person ;
    pred:Name ""Clinician 68"" ;
    pred:Group ""C"" ;
    pred:Frequent_Usage ""3"" ;
    pred:System_Complexity ""1"" ;
    pred:Ease_of_Use ""5"" ;
    pred:Need_for_Technical_Support ""3"" ;
    pred:Integration_of_Functions ""5"" ;
    pred:Inconsistency ""1"" ;
    pred:Ease_of_Learning ""5"" ;
    pred:Cumbersome_to_Use ""1"" ;
    pred:Confidence_in_Use ""4"" ;
    pred:Need_to_Learn_Before_Use ""1"" .

</questionnaire>

<role>
You are a meticulous data analyst AI. Your primary function is to accurately analyze structured data and provide precise, verifiable answers.

</role>

<format>
You will be given a dataset with two key parts:

A 'questions' section: This is your data dictionary or schema. It is the single source of truth for understanding what each field and score means. Refer to it carefully.

A 'responses' section: This contains the raw data from each individual respondent.

To answer the question correctly, you must first use the 'questions' schema to fully understand the context and meaning of the data points within the 'responses'. Do not rely on any prior knowledge outside of this provided data. Base your entire analysis on the information given.

</format>

<output>
Provide your final answer directly and concisely. Output must be the human-readable value, not an option code.

Rules:
- For MCQ fields, map any letter codes in the Responses (case-insensitive) to the corresponding option text from the Questions schema, and output only that text. Do NOT include the letter or both.
  Example: If the schema is ""[MCQ: A. Abnormal B. Inconclusive C. Normal]"" and the response is ""a"", output ""Abnormal"".
- For open-ended fields, output the exact text value.
- If the question asks for a count, provide only the number (e.g., ""42"").
- If the question asks for a list of names or IDs, provide a simple comma-separated list (e.g., ""17, 21, 23"").
- Preserve capitalization exactly as in the schema (e.g., output ""Abnormal"", not ""abnormal"" or ""A"").

</output>

<task>
What is the need to learn before use score for Clinician 53?
</task>",1,True
case_12,answer_lookup,What is the need for technical support score for Clinician 37?,"@prefix : <http://example.org/survey#> .
@prefix pred: <http://example.org/predicate#> .

# Questions
:QName pred:text ""Name of the respondent [Open-ended]"" .
:QGroup pred:text ""Group of the respondent [MCQ: A. Senior B. Junior C. Middle D. Intern]"" .
:QFrequent_Usage pred:text ""I think that I would like to use this system frequently. [Likert 1–5: 1 = Strongly Disagree, 5 = Strongly Agree]"" .
:QSystem_Complexity pred:text ""I found the system unnecessarily complex. [Likert 1–5: 1 = Strongly Disagree, 5 = Strongly Agree]"" .
:QEase_of_Use pred:text ""I thought the system was easy to use. [Likert 1–5: 1 = Strongly Disagree, 5 = Strongly Agree]"" .
:QNeed_for_Technical_Support pred:text ""I think that I would need the support of a technical person to be able to use this system. [Likert 1–5: 1 = Strongly Disagree, 5 = Strongly Agree]"" .
:QIntegration_of_Functions pred:text ""I found the various functions in this system were well integrated. [Likert 1–5: 1 = Strongly Disagree, 5 = Strongly Agree]"" .
:QInconsistency pred:text ""I thought there was too much inconsistency in this system. [Likert 1–5: 1 = Strongly Disagree, 5 = Strongly Agree]"" .
:QEase_of_Learning pred:text ""I would imagine that most people would learn to use this system very quickly. [Likert 1–5: 1 = Strongly Disagree, 5 = Strongly Agree]"" .
:QCumbersome_to_Use pred:text ""I found the system very awkward to use. [Likert 1–5: 1 = Strongly Disagree, 5 = Strongly Agree]"" .
:QConfidence_in_Use pred:text ""I felt very confident using the system. [Likert 1–5: 1 = Strongly Disagree, 5 = Strongly Agree]"" .
:QNeed_to_Learn_Before_Use pred:text ""I needed to learn a lot of things before I could get going with this system. [Likert 1–5: 1 = Strongly Disagree, 5 = Strongly Agree]"" .

# Responses
:Respondent73 a :Person ;
    pred:Name ""Clinician 73"" ;
    pred:Group ""B"" ;
    pred:Frequent_Usage ""5"" ;
    pred:System_Complexity ""1"" ;
    pred:Ease_of_Use ""5"" ;
    pred:Need_for_Technical_Support ""1"" ;
    pred:Integration_of_Functions ""4"" ;
    pred:Inconsistency ""1"" ;
    pred:Ease_of_Learning ""5"" ;
    pred:Cumbersome_to_Use ""1"" ;
    pred:Confidence_in_Use ""5"" ;
    pred:Need_to_Learn_Before_Use ""1"" .

:Respondent37 a :Person ;
    pred:Name ""Clinician 37"" ;
    pred:Group ""D"" ;
    pred:Frequent_Usage ""3"" ;
    pred:System_Complexity ""4"" ;
    pred:Ease_of_Use ""5"" ;
    pred:Need_for_Technical_Support ""2"" ;
    pred:Integration_of_Functions ""5"" ;
    pred:Inconsistency ""3"" ;
    pred:Ease_of_Learning ""5"" ;
    pred:Cumbersome_to_Use ""3"" ;
    pred:Confidence_in_Use ""4"" ;
    pred:Need_to_Learn_Before_Use ""2"" .

:Respondent52 a :Person ;
    pred:Name ""Clinician 52"" ;
    pred:Group ""B"" ;
    pred:Frequent_Usage ""1"" ;
    pred:System_Complexity ""5"" ;
    pred:Ease_of_Use ""1"" ;
    pred:Need_for_Technical_Support ""4"" ;
    pred:Integration_of_Functions ""1"" ;
    pred:Inconsistency ""4"" ;
    pred:Ease_of_Learning ""2"" ;
    pred:Cumbersome_to_Use ""5"" ;
    pred:Confidence_in_Use ""1"" ;
    pred:Need_to_Learn_Before_Use ""5"" .

",2,"<questionnaire>
@prefix : <http://example.org/survey#> .
@prefix pred: <http://example.org/predicate#> .

# Questions
:QName pred:text ""Name of the respondent [Open-ended]"" .
:QGroup pred:text ""Group of the respondent [MCQ: A. Senior B. Junior C. Middle D. Intern]"" .
:QFrequent_Usage pred:text ""I think that I would like to use this system frequently. [Likert 1–5: 1 = Strongly Disagree, 5 = Strongly Agree]"" .
:QSystem_Complexity pred:text ""I found the system unnecessarily complex. [Likert 1–5: 1 = Strongly Disagree, 5 = Strongly Agree]"" .
:QEase_of_Use pred:text ""I thought the system was easy to use. [Likert 1–5: 1 = Strongly Disagree, 5 = Strongly Agree]"" .
:QNeed_for_Technical_Support pred:text ""I think that I would need the support of a technical person to be able to use this system. [Likert 1–5: 1 = Strongly Disagree, 5 = Strongly Agree]"" .
:QIntegration_of_Functions pred:text ""I found the various functions in this system were well integrated. [Likert 1–5: 1 = Strongly Disagree, 5 = Strongly Agree]"" .
:QInconsistency pred:text ""I thought there was too much inconsistency in this system. [Likert 1–5: 1 = Strongly Disagree, 5 = Strongly Agree]"" .
:QEase_of_Learning pred:text ""I would imagine that most people would learn to use this system very quickly. [Likert 1–5: 1 = Strongly Disagree, 5 = Strongly Agree]"" .
:QCumbersome_to_Use pred:text ""I found the system very awkward to use. [Likert 1–5: 1 = Strongly Disagree, 5 = Strongly Agree]"" .
:QConfidence_in_Use pred:text ""I felt very confident using the system. [Likert 1–5: 1 = Strongly Disagree, 5 = Strongly Agree]"" .
:QNeed_to_Learn_Before_Use pred:text ""I needed to learn a lot of things before I could get going with this system. [Likert 1–5: 1 = Strongly Disagree, 5 = Strongly Agree]"" .

# Responses
:Respondent73 a :Person ;
    pred:Name ""Clinician 73"" ;
    pred:Group ""B"" ;
    pred:Frequent_Usage ""5"" ;
    pred:System_Complexity ""1"" ;
    pred:Ease_of_Use ""5"" ;
    pred:Need_for_Technical_Support ""1"" ;
    pred:Integration_of_Functions ""4"" ;
    pred:Inconsistency ""1"" ;
    pred:Ease_of_Learning ""5"" ;
    pred:Cumbersome_to_Use ""1"" ;
    pred:Confidence_in_Use ""5"" ;
    pred:Need_to_Learn_Before_Use ""1"" .

:Respondent37 a :Person ;
    pred:Name ""Clinician 37"" ;
    pred:Group ""D"" ;
    pred:Frequent_Usage ""3"" ;
    pred:System_Complexity ""4"" ;
    pred:Ease_of_Use ""5"" ;
    pred:Need_for_Technical_Support ""2"" ;
    pred:Integration_of_Functions ""5"" ;
    pred:Inconsistency ""3"" ;
    pred:Ease_of_Learning ""5"" ;
    pred:Cumbersome_to_Use ""3"" ;
    pred:Confidence_in_Use ""4"" ;
    pred:Need_to_Learn_Before_Use ""2"" .

:Respondent52 a :Person ;
    pred:Name ""Clinician 52"" ;
    pred:Group ""B"" ;
    pred:Frequent_Usage ""1"" ;
    pred:System_Complexity ""5"" ;
    pred:Ease_of_Use ""1"" ;
    pred:Need_for_Technical_Support ""4"" ;
    pred:Integration_of_Functions ""1"" ;
    pred:Inconsistency ""4"" ;
    pred:Ease_of_Learning ""2"" ;
    pred:Cumbersome_to_Use ""5"" ;
    pred:Confidence_in_Use ""1"" ;
    pred:Need_to_Learn_Before_Use ""5"" .

</questionnaire>

<role>
You are a meticulous data analyst AI. Your primary function is to accurately analyze structured data and provide precise, verifiable answers.

</role>

<format>
You will be given a dataset with two key parts:

A 'questions' section: This is your data dictionary or schema. It is the single source of truth for understanding what each field and score means. Refer to it carefully.

A 'responses' section: This contains the raw data from each individual respondent.

To answer the question correctly, you must first use the 'questions' schema to fully understand the context and meaning of the data points within the 'responses'. Do not rely on any prior knowledge outside of this provided data. Base your entire analysis on the information given.

</format>

<output>
Provide your final answer directly and concisely. Output must be the human-readable value, not an option code.

Rules:
- For MCQ fields, map any letter codes in the Responses (case-insensitive) to the corresponding option text from the Questions schema, and output only that text. Do NOT include the letter or both.
  Example: If the schema is ""[MCQ: A. Abnormal B. Inconclusive C. Normal]"" and the response is ""a"", output ""Abnormal"".
- For open-ended fields, output the exact text value.
- If the question asks for a count, provide only the number (e.g., ""42"").
- If the question asks for a list of names or IDs, provide a simple comma-separated list (e.g., ""17, 21, 23"").
- Preserve capitalization exactly as in the schema (e.g., output ""Abnormal"", not ""abnormal"" or ""A"").

</output>

<task>
What is the need for technical support score for Clinician 37?
</task>",2,True
case_13,answer_lookup,What is the integration of functions score for Clinician 28?,"@prefix : <http://example.org/survey#> .
@prefix pred: <http://example.org/predicate#> .

# Questions
:QName pred:text ""Name of the respondent [Open-ended]"" .
:QGroup pred:text ""Group of the respondent [MCQ: A. Senior B. Junior C. Middle D. Intern]"" .
:QFrequent_Usage pred:text ""I think that I would like to use this system frequently. [Likert 1–5: 1 = Strongly Disagree, 5 = Strongly Agree]"" .
:QSystem_Complexity pred:text ""I found the system unnecessarily complex. [Likert 1–5: 1 = Strongly Disagree, 5 = Strongly Agree]"" .
:QEase_of_Use pred:text ""I thought the system was easy to use. [Likert 1–5: 1 = Strongly Disagree, 5 = Strongly Agree]"" .
:QNeed_for_Technical_Support pred:text ""I think that I would need the support of a technical person to be able to use this system. [Likert 1–5: 1 = Strongly Disagree, 5 = Strongly Agree]"" .
:QIntegration_of_Functions pred:text ""I found the various functions in this system were well integrated. [Likert 1–5: 1 = Strongly Disagree, 5 = Strongly Agree]"" .
:QInconsistency pred:text ""I thought there was too much inconsistency in this system. [Likert 1–5: 1 = Strongly Disagree, 5 = Strongly Agree]"" .
:QEase_of_Learning pred:text ""I would imagine that most people would learn to use this system very quickly. [Likert 1–5: 1 = Strongly Disagree, 5 = Strongly Agree]"" .
:QCumbersome_to_Use pred:text ""I found the system very awkward to use. [Likert 1–5: 1 = Strongly Disagree, 5 = Strongly Agree]"" .
:QConfidence_in_Use pred:text ""I felt very confident using the system. [Likert 1–5: 1 = Strongly Disagree, 5 = Strongly Agree]"" .
:QNeed_to_Learn_Before_Use pred:text ""I needed to learn a lot of things before I could get going with this system. [Likert 1–5: 1 = Strongly Disagree, 5 = Strongly Agree]"" .

# Responses
:Respondent28 a :Person ;
    pred:Name ""Clinician 28"" ;
    pred:Group ""B"" ;
    pred:Frequent_Usage ""1"" ;
    pred:System_Complexity ""1"" ;
    pred:Ease_of_Use ""5"" ;
    pred:Need_for_Technical_Support ""1"" ;
    pred:Integration_of_Functions ""5"" ;
    pred:Inconsistency ""1"" ;
    pred:Ease_of_Learning ""5"" ;
    pred:Cumbersome_to_Use ""1"" ;
    pred:Confidence_in_Use ""4"" ;
    pred:Need_to_Learn_Before_Use ""1"" .

:Respondent89 a :Person ;
    pred:Name ""Clinician 89"" ;
    pred:Group ""B"" ;
    pred:Frequent_Usage ""5"" ;
    pred:System_Complexity ""1"" ;
    pred:Ease_of_Use ""5"" ;
    pred:Need_for_Technical_Support ""2"" ;
    pred:Integration_of_Functions ""5"" ;
    pred:Inconsistency ""1"" ;
    pred:Ease_of_Learning ""5"" ;
    pred:Cumbersome_to_Use ""1"" ;
    pred:Confidence_in_Use ""5"" ;
    pred:Need_to_Learn_Before_Use ""1"" .

:Respondent52 a :Person ;
    pred:Name ""Clinician 52"" ;
    pred:Group ""B"" ;
    pred:Frequent_Usage ""1"" ;
    pred:System_Complexity ""5"" ;
    pred:Ease_of_Use ""1"" ;
    pred:Need_for_Technical_Support ""4"" ;
    pred:Integration_of_Functions ""1"" ;
    pred:Inconsistency ""4"" ;
    pred:Ease_of_Learning ""2"" ;
    pred:Cumbersome_to_Use ""5"" ;
    pred:Confidence_in_Use ""1"" ;
    pred:Need_to_Learn_Before_Use ""5"" .

",5,"<questionnaire>
@prefix : <http://example.org/survey#> .
@prefix pred: <http://example.org/predicate#> .

# Questions
:QName pred:text ""Name of the respondent [Open-ended]"" .
:QGroup pred:text ""Group of the respondent [MCQ: A. Senior B. Junior C. Middle D. Intern]"" .
:QFrequent_Usage pred:text ""I think that I would like to use this system frequently. [Likert 1–5: 1 = Strongly Disagree, 5 = Strongly Agree]"" .
:QSystem_Complexity pred:text ""I found the system unnecessarily complex. [Likert 1–5: 1 = Strongly Disagree, 5 = Strongly Agree]"" .
:QEase_of_Use pred:text ""I thought the system was easy to use. [Likert 1–5: 1 = Strongly Disagree, 5 = Strongly Agree]"" .
:QNeed_for_Technical_Support pred:text ""I think that I would need the support of a technical person to be able to use this system. [Likert 1–5: 1 = Strongly Disagree, 5 = Strongly Agree]"" .
:QIntegration_of_Functions pred:text ""I found the various functions in this system were well integrated. [Likert 1–5: 1 = Strongly Disagree, 5 = Strongly Agree]"" .
:QInconsistency pred:text ""I thought there was too much inconsistency in this system. [Likert 1–5: 1 = Strongly Disagree, 5 = Strongly Agree]"" .
:QEase_of_Learning pred:text ""I would imagine that most people would learn to use this system very quickly. [Likert 1–5: 1 = Strongly Disagree, 5 = Strongly Agree]"" .
:QCumbersome_to_Use pred:text ""I found the system very awkward to use. [Likert 1–5: 1 = Strongly Disagree, 5 = Strongly Agree]"" .
:QConfidence_in_Use pred:text ""I felt very confident using the system. [Likert 1–5: 1 = Strongly Disagree, 5 = Strongly Agree]"" .
:QNeed_to_Learn_Before_Use pred:text ""I needed to learn a lot of things before I could get going with this system. [Likert 1–5: 1 = Strongly Disagree, 5 = Strongly Agree]"" .

# Responses
:Respondent28 a :Person ;
    pred:Name ""Clinician 28"" ;
    pred:Group ""B"" ;
    pred:Frequent_Usage ""1"" ;
    pred:System_Complexity ""1"" ;
    pred:Ease_of_Use ""5"" ;
    pred:Need_for_Technical_Support ""1"" ;
    pred:Integration_of_Functions ""5"" ;
    pred:Inconsistency ""1"" ;
    pred:Ease_of_Learning ""5"" ;
    pred:Cumbersome_to_Use ""1"" ;
    pred:Confidence_in_Use ""4"" ;
    pred:Need_to_Learn_Before_Use ""1"" .

:Respondent89 a :Person ;
    pred:Name ""Clinician 89"" ;
    pred:Group ""B"" ;
    pred:Frequent_Usage ""5"" ;
    pred:System_Complexity ""1"" ;
    pred:Ease_of_Use ""5"" ;
    pred:Need_for_Technical_Support ""2"" ;
    pred:Integration_of_Functions ""5"" ;
    pred:Inconsistency ""1"" ;
    pred:Ease_of_Learning ""5"" ;
    pred:Cumbersome_to_Use ""1"" ;
    pred:Confidence_in_Use ""5"" ;
    pred:Need_to_Learn_Before_Use ""1"" .

:Respondent52 a :Person ;
    pred:Name ""Clinician 52"" ;
    pred:Group ""B"" ;
    pred:Frequent_Usage ""1"" ;
    pred:System_Complexity ""5"" ;
    pred:Ease_of_Use ""1"" ;
    pred:Need_for_Technical_Support ""4"" ;
    pred:Integration_of_Functions ""1"" ;
    pred:Inconsistency ""4"" ;
    pred:Ease_of_Learning ""2"" ;
    pred:Cumbersome_to_Use ""5"" ;
    pred:Confidence_in_Use ""1"" ;
    pred:Need_to_Learn_Before_Use ""5"" .

</questionnaire>

<role>
You are a meticulous data analyst AI. Your primary function is to accurately analyze structured data and provide precise, verifiable answers.

</role>

<format>
You will be given a dataset with two key parts:

A 'questions' section: This is your data dictionary or schema. It is the single source of truth for understanding what each field and score means. Refer to it carefully.

A 'responses' section: This contains the raw data from each individual respondent.

To answer the question correctly, you must first use the 'questions' schema to fully understand the context and meaning of the data points within the 'responses'. Do not rely on any prior knowledge outside of this provided data. Base your entire analysis on the information given.

</format>

<output>
Provide your final answer directly and concisely. Output must be the human-readable value, not an option code.

Rules:
- For MCQ fields, map any letter codes in the Responses (case-insensitive) to the corresponding option text from the Questions schema, and output only that text. Do NOT include the letter or both.
  Example: If the schema is ""[MCQ: A. Abnormal B. Inconclusive C. Normal]"" and the response is ""a"", output ""Abnormal"".
- For open-ended fields, output the exact text value.
- If the question asks for a count, provide only the number (e.g., ""42"").
- If the question asks for a list of names or IDs, provide a simple comma-separated list (e.g., ""17, 21, 23"").
- Preserve capitalization exactly as in the schema (e.g., output ""Abnormal"", not ""abnormal"" or ""A"").

</output>

<task>
What is the integration of functions score for Clinician 28?
</task>",5,True
case_14,answer_lookup,What is the frequent usage score for Clinician 77?,"@prefix : <http://example.org/survey#> .
@prefix pred: <http://example.org/predicate#> .

# Questions
:QName pred:text ""Name of the respondent [Open-ended]"" .
:QGroup pred:text ""Group of the respondent [MCQ: A. Senior B. Junior C. Middle D. Intern]"" .
:QFrequent_Usage pred:text ""I think that I would like to use this system frequently. [Likert 1–5: 1 = Strongly Disagree, 5 = Strongly Agree]"" .
:QSystem_Complexity pred:text ""I found the system unnecessarily complex. [Likert 1–5: 1 = Strongly Disagree, 5 = Strongly Agree]"" .
:QEase_of_Use pred:text ""I thought the system was easy to use. [Likert 1–5: 1 = Strongly Disagree, 5 = Strongly Agree]"" .
:QNeed_for_Technical_Support pred:text ""I think that I would need the support of a technical person to be able to use this system. [Likert 1–5: 1 = Strongly Disagree, 5 = Strongly Agree]"" .
:QIntegration_of_Functions pred:text ""I found the various functions in this system were well integrated. [Likert 1–5: 1 = Strongly Disagree, 5 = Strongly Agree]"" .
:QInconsistency pred:text ""I thought there was too much inconsistency in this system. [Likert 1–5: 1 = Strongly Disagree, 5 = Strongly Agree]"" .
:QEase_of_Learning pred:text ""I would imagine that most people would learn to use this system very quickly. [Likert 1–5: 1 = Strongly Disagree, 5 = Strongly Agree]"" .
:QCumbersome_to_Use pred:text ""I found the system very awkward to use. [Likert 1–5: 1 = Strongly Disagree, 5 = Strongly Agree]"" .
:QConfidence_in_Use pred:text ""I felt very confident using the system. [Likert 1–5: 1 = Strongly Disagree, 5 = Strongly Agree]"" .
:QNeed_to_Learn_Before_Use pred:text ""I needed to learn a lot of things before I could get going with this system. [Likert 1–5: 1 = Strongly Disagree, 5 = Strongly Agree]"" .

# Responses
:Respondent77 a :Person ;
    pred:Name ""Clinician 77"" ;
    pred:Group ""B"" ;
    pred:Frequent_Usage ""4"" ;
    pred:System_Complexity ""1"" ;
    pred:Ease_of_Use ""4"" ;
    pred:Need_for_Technical_Support ""1"" ;
    pred:Integration_of_Functions ""3"" ;
    pred:Inconsistency ""1"" ;
    pred:Ease_of_Learning ""5"" ;
    pred:Cumbersome_to_Use ""1"" ;
    pred:Confidence_in_Use ""4"" ;
    pred:Need_to_Learn_Before_Use ""3"" .

:Respondent82 a :Person ;
    pred:Name ""Clinician 82"" ;
    pred:Group ""D"" ;
    pred:Frequent_Usage ""5"" ;
    pred:System_Complexity ""1"" ;
    pred:Ease_of_Use ""5"" ;
    pred:Need_for_Technical_Support ""1"" ;
    pred:Integration_of_Functions ""4"" ;
    pred:Inconsistency ""1"" ;
    pred:Ease_of_Learning ""4"" ;
    pred:Cumbersome_to_Use ""1"" ;
    pred:Confidence_in_Use ""5"" ;
    pred:Need_to_Learn_Before_Use ""1"" .

:Respondent48 a :Person ;
    pred:Name ""Clinician 48"" ;
    pred:Group ""D"" ;
    pred:Frequent_Usage ""4"" ;
    pred:System_Complexity ""1"" ;
    pred:Ease_of_Use ""5"" ;
    pred:Need_for_Technical_Support ""1"" ;
    pred:Integration_of_Functions ""5"" ;
    pred:Inconsistency ""1"" ;
    pred:Ease_of_Learning ""5"" ;
    pred:Cumbersome_to_Use ""1"" ;
    pred:Confidence_in_Use ""5"" ;
    pred:Need_to_Learn_Before_Use ""1"" .

",4,"<questionnaire>
@prefix : <http://example.org/survey#> .
@prefix pred: <http://example.org/predicate#> .

# Questions
:QName pred:text ""Name of the respondent [Open-ended]"" .
:QGroup pred:text ""Group of the respondent [MCQ: A. Senior B. Junior C. Middle D. Intern]"" .
:QFrequent_Usage pred:text ""I think that I would like to use this system frequently. [Likert 1–5: 1 = Strongly Disagree, 5 = Strongly Agree]"" .
:QSystem_Complexity pred:text ""I found the system unnecessarily complex. [Likert 1–5: 1 = Strongly Disagree, 5 = Strongly Agree]"" .
:QEase_of_Use pred:text ""I thought the system was easy to use. [Likert 1–5: 1 = Strongly Disagree, 5 = Strongly Agree]"" .
:QNeed_for_Technical_Support pred:text ""I think that I would need the support of a technical person to be able to use this system. [Likert 1–5: 1 = Strongly Disagree, 5 = Strongly Agree]"" .
:QIntegration_of_Functions pred:text ""I found the various functions in this system were well integrated. [Likert 1–5: 1 = Strongly Disagree, 5 = Strongly Agree]"" .
:QInconsistency pred:text ""I thought there was too much inconsistency in this system. [Likert 1–5: 1 = Strongly Disagree, 5 = Strongly Agree]"" .
:QEase_of_Learning pred:text ""I would imagine that most people would learn to use this system very quickly. [Likert 1–5: 1 = Strongly Disagree, 5 = Strongly Agree]"" .
:QCumbersome_to_Use pred:text ""I found the system very awkward to use. [Likert 1–5: 1 = Strongly Disagree, 5 = Strongly Agree]"" .
:QConfidence_in_Use pred:text ""I felt very confident using the system. [Likert 1–5: 1 = Strongly Disagree, 5 = Strongly Agree]"" .
:QNeed_to_Learn_Before_Use pred:text ""I needed to learn a lot of things before I could get going with this system. [Likert 1–5: 1 = Strongly Disagree, 5 = Strongly Agree]"" .

# Responses
:Respondent77 a :Person ;
    pred:Name ""Clinician 77"" ;
    pred:Group ""B"" ;
    pred:Frequent_Usage ""4"" ;
    pred:System_Complexity ""1"" ;
    pred:Ease_of_Use ""4"" ;
    pred:Need_for_Technical_Support ""1"" ;
    pred:Integration_of_Functions ""3"" ;
    pred:Inconsistency ""1"" ;
    pred:Ease_of_Learning ""5"" ;
    pred:Cumbersome_to_Use ""1"" ;
    pred:Confidence_in_Use ""4"" ;
    pred:Need_to_Learn_Before_Use ""3"" .

:Respondent82 a :Person ;
    pred:Name ""Clinician 82"" ;
    pred:Group ""D"" ;
    pred:Frequent_Usage ""5"" ;
    pred:System_Complexity ""1"" ;
    pred:Ease_of_Use ""5"" ;
    pred:Need_for_Technical_Support ""1"" ;
    pred:Integration_of_Functions ""4"" ;
    pred:Inconsistency ""1"" ;
    pred:Ease_of_Learning ""4"" ;
    pred:Cumbersome_to_Use ""1"" ;
    pred:Confidence_in_Use ""5"" ;
    pred:Need_to_Learn_Before_Use ""1"" .

:Respondent48 a :Person ;
    pred:Name ""Clinician 48"" ;
    pred:Group ""D"" ;
    pred:Frequent_Usage ""4"" ;
    pred:System_Complexity ""1"" ;
    pred:Ease_of_Use ""5"" ;
    pred:Need_for_Technical_Support ""1"" ;
    pred:Integration_of_Functions ""5"" ;
    pred:Inconsistency ""1"" ;
    pred:Ease_of_Learning ""5"" ;
    pred:Cumbersome_to_Use ""1"" ;
    pred:Confidence_in_Use ""5"" ;
    pred:Need_to_Learn_Before_Use ""1"" .

</questionnaire>

<role>
You are a meticulous data analyst AI. Your primary function is to accurately analyze structured data and provide precise, verifiable answers.

</role>

<format>
You will be given a dataset with two key parts:

A 'questions' section: This is your data dictionary or schema. It is the single source of truth for understanding what each field and score means. Refer to it carefully.

A 'responses' section: This contains the raw data from each individual respondent.

To answer the question correctly, you must first use the 'questions' schema to fully understand the context and meaning of the data points within the 'responses'. Do not rely on any prior knowledge outside of this provided data. Base your entire analysis on the information given.

</format>

<output>
Provide your final answer directly and concisely. Output must be the human-readable value, not an option code.

Rules:
- For MCQ fields, map any letter codes in the Responses (case-insensitive) to the corresponding option text from the Questions schema, and output only that text. Do NOT include the letter or both.
  Example: If the schema is ""[MCQ: A. Abnormal B. Inconclusive C. Normal]"" and the response is ""a"", output ""Abnormal"".
- For open-ended fields, output the exact text value.
- If the question asks for a count, provide only the number (e.g., ""42"").
- If the question asks for a list of names or IDs, provide a simple comma-separated list (e.g., ""17, 21, 23"").
- Preserve capitalization exactly as in the schema (e.g., output ""Abnormal"", not ""abnormal"" or ""A"").

</output>

<task>
What is the frequent usage score for Clinician 77?
</task>",4,True
case_15,answer_lookup,What is the cumbersome to use score for Clinician 80?,"@prefix : <http://example.org/survey#> .
@prefix pred: <http://example.org/predicate#> .

# Questions
:QName pred:text ""Name of the respondent [Open-ended]"" .
:QGroup pred:text ""Group of the respondent [MCQ: A. Senior B. Junior C. Middle D. Intern]"" .
:QFrequent_Usage pred:text ""I think that I would like to use this system frequently. [Likert 1–5: 1 = Strongly Disagree, 5 = Strongly Agree]"" .
:QSystem_Complexity pred:text ""I found the system unnecessarily complex. [Likert 1–5: 1 = Strongly Disagree, 5 = Strongly Agree]"" .
:QEase_of_Use pred:text ""I thought the system was easy to use. [Likert 1–5: 1 = Strongly Disagree, 5 = Strongly Agree]"" .
:QNeed_for_Technical_Support pred:text ""I think that I would need the support of a technical person to be able to use this system. [Likert 1–5: 1 = Strongly Disagree, 5 = Strongly Agree]"" .
:QIntegration_of_Functions pred:text ""I found the various functions in this system were well integrated. [Likert 1–5: 1 = Strongly Disagree, 5 = Strongly Agree]"" .
:QInconsistency pred:text ""I thought there was too much inconsistency in this system. [Likert 1–5: 1 = Strongly Disagree, 5 = Strongly Agree]"" .
:QEase_of_Learning pred:text ""I would imagine that most people would learn to use this system very quickly. [Likert 1–5: 1 = Strongly Disagree, 5 = Strongly Agree]"" .
:QCumbersome_to_Use pred:text ""I found the system very awkward to use. [Likert 1–5: 1 = Strongly Disagree, 5 = Strongly Agree]"" .
:QConfidence_in_Use pred:text ""I felt very confident using the system. [Likert 1–5: 1 = Strongly Disagree, 5 = Strongly Agree]"" .
:QNeed_to_Learn_Before_Use pred:text ""I needed to learn a lot of things before I could get going with this system. [Likert 1–5: 1 = Strongly Disagree, 5 = Strongly Agree]"" .

# Responses
:Respondent84 a :Person ;
    pred:Name ""Clinician 84"" ;
    pred:Group ""A"" ;
    pred:Frequent_Usage ""2"" ;
    pred:System_Complexity ""1"" ;
    pred:Ease_of_Use ""3"" ;
    pred:Need_for_Technical_Support ""1"" ;
    pred:Integration_of_Functions ""3"" ;
    pred:Inconsistency ""1"" ;
    pred:Ease_of_Learning ""4"" ;
    pred:Cumbersome_to_Use ""3"" ;
    pred:Confidence_in_Use ""2"" ;
    pred:Need_to_Learn_Before_Use ""4"" .

:Respondent80 a :Person ;
    pred:Name ""Clinician 80"" ;
    pred:Group ""B"" ;
    pred:Frequent_Usage ""4"" ;
    pred:System_Complexity ""1"" ;
    pred:Ease_of_Use ""4"" ;
    pred:Need_for_Technical_Support ""3"" ;
    pred:Integration_of_Functions ""4"" ;
    pred:Inconsistency ""2"" ;
    pred:Ease_of_Learning ""4"" ;
    pred:Cumbersome_to_Use ""1"" ;
    pred:Confidence_in_Use ""3"" ;
    pred:Need_to_Learn_Before_Use ""3"" .

:Respondent54 a :Person ;
    pred:Name ""Clinician 54"" ;
    pred:Group ""B"" ;
    pred:Frequent_Usage ""3"" ;
    pred:System_Complexity ""2"" ;
    pred:Ease_of_Use ""4"" ;
    pred:Need_for_Technical_Support ""2"" ;
    pred:Integration_of_Functions ""4"" ;
    pred:Inconsistency ""2"" ;
    pred:Ease_of_Learning ""4"" ;
    pred:Cumbersome_to_Use ""2"" ;
    pred:Confidence_in_Use ""4"" ;
    pred:Need_to_Learn_Before_Use ""4"" .

",1,"<questionnaire>
@prefix : <http://example.org/survey#> .
@prefix pred: <http://example.org/predicate#> .

# Questions
:QName pred:text ""Name of the respondent [Open-ended]"" .
:QGroup pred:text ""Group of the respondent [MCQ: A. Senior B. Junior C. Middle D. Intern]"" .
:QFrequent_Usage pred:text ""I think that I would like to use this system frequently. [Likert 1–5: 1 = Strongly Disagree, 5 = Strongly Agree]"" .
:QSystem_Complexity pred:text ""I found the system unnecessarily complex. [Likert 1–5: 1 = Strongly Disagree, 5 = Strongly Agree]"" .
:QEase_of_Use pred:text ""I thought the system was easy to use. [Likert 1–5: 1 = Strongly Disagree, 5 = Strongly Agree]"" .
:QNeed_for_Technical_Support pred:text ""I think that I would need the support of a technical person to be able to use this system. [Likert 1–5: 1 = Strongly Disagree, 5 = Strongly Agree]"" .
:QIntegration_of_Functions pred:text ""I found the various functions in this system were well integrated. [Likert 1–5: 1 = Strongly Disagree, 5 = Strongly Agree]"" .
:QInconsistency pred:text ""I thought there was too much inconsistency in this system. [Likert 1–5: 1 = Strongly Disagree, 5 = Strongly Agree]"" .
:QEase_of_Learning pred:text ""I would imagine that most people would learn to use this system very quickly. [Likert 1–5: 1 = Strongly Disagree, 5 = Strongly Agree]"" .
:QCumbersome_to_Use pred:text ""I found the system very awkward to use. [Likert 1–5: 1 = Strongly Disagree, 5 = Strongly Agree]"" .
:QConfidence_in_Use pred:text ""I felt very confident using the system. [Likert 1–5: 1 = Strongly Disagree, 5 = Strongly Agree]"" .
:QNeed_to_Learn_Before_Use pred:text ""I needed to learn a lot of things before I could get going with this system. [Likert 1–5: 1 = Strongly Disagree, 5 = Strongly Agree]"" .

# Responses
:Respondent84 a :Person ;
    pred:Name ""Clinician 84"" ;
    pred:Group ""A"" ;
    pred:Frequent_Usage ""2"" ;
    pred:System_Complexity ""1"" ;
    pred:Ease_of_Use ""3"" ;
    pred:Need_for_Technical_Support ""1"" ;
    pred:Integration_of_Functions ""3"" ;
    pred:Inconsistency ""1"" ;
    pred:Ease_of_Learning ""4"" ;
    pred:Cumbersome_to_Use ""3"" ;
    pred:Confidence_in_Use ""2"" ;
    pred:Need_to_Learn_Before_Use ""4"" .

:Respondent80 a :Person ;
    pred:Name ""Clinician 80"" ;
    pred:Group ""B"" ;
    pred:Frequent_Usage ""4"" ;
    pred:System_Complexity ""1"" ;
    pred:Ease_of_Use ""4"" ;
    pred:Need_for_Technical_Support ""3"" ;
    pred:Integration_of_Functions ""4"" ;
    pred:Inconsistency ""2"" ;
    pred:Ease_of_Learning ""4"" ;
    pred:Cumbersome_to_Use ""1"" ;
    pred:Confidence_in_Use ""3"" ;
    pred:Need_to_Learn_Before_Use ""3"" .

:Respondent54 a :Person ;
    pred:Name ""Clinician 54"" ;
    pred:Group ""B"" ;
    pred:Frequent_Usage ""3"" ;
    pred:System_Complexity ""2"" ;
    pred:Ease_of_Use ""4"" ;
    pred:Need_for_Technical_Support ""2"" ;
    pred:Integration_of_Functions ""4"" ;
    pred:Inconsistency ""2"" ;
    pred:Ease_of_Learning ""4"" ;
    pred:Cumbersome_to_Use ""2"" ;
    pred:Confidence_in_Use ""4"" ;
    pred:Need_to_Learn_Before_Use ""4"" .

</questionnaire>

<role>
You are a meticulous data analyst AI. Your primary function is to accurately analyze structured data and provide precise, verifiable answers.

</role>

<format>
You will be given a dataset with two key parts:

A 'questions' section: This is your data dictionary or schema. It is the single source of truth for understanding what each field and score means. Refer to it carefully.

A 'responses' section: This contains the raw data from each individual respondent.

To answer the question correctly, you must first use the 'questions' schema to fully understand the context and meaning of the data points within the 'responses'. Do not rely on any prior knowledge outside of this provided data. Base your entire analysis on the information given.

</format>

<output>
Provide your final answer directly and concisely. Output must be the human-readable value, not an option code.

Rules:
- For MCQ fields, map any letter codes in the Responses (case-insensitive) to the corresponding option text from the Questions schema, and output only that text. Do NOT include the letter or both.
  Example: If the schema is ""[MCQ: A. Abnormal B. Inconclusive C. Normal]"" and the response is ""a"", output ""Abnormal"".
- For open-ended fields, output the exact text value.
- If the question asks for a count, provide only the number (e.g., ""42"").
- If the question asks for a list of names or IDs, provide a simple comma-separated list (e.g., ""17, 21, 23"").
- Preserve capitalization exactly as in the schema (e.g., output ""Abnormal"", not ""abnormal"" or ""A"").

</output>

<task>
What is the cumbersome to use score for Clinician 80?
</task>",1,True
case_16,answer_lookup,What is the inconsistency score for Clinician 36?,"@prefix : <http://example.org/survey#> .
@prefix pred: <http://example.org/predicate#> .

# Questions
:QName pred:text ""Name of the respondent [Open-ended]"" .
:QGroup pred:text ""Group of the respondent [MCQ: A. Senior B. Junior C. Middle D. Intern]"" .
:QFrequent_Usage pred:text ""I think that I would like to use this system frequently. [Likert 1–5: 1 = Strongly Disagree, 5 = Strongly Agree]"" .
:QSystem_Complexity pred:text ""I found the system unnecessarily complex. [Likert 1–5: 1 = Strongly Disagree, 5 = Strongly Agree]"" .
:QEase_of_Use pred:text ""I thought the system was easy to use. [Likert 1–5: 1 = Strongly Disagree, 5 = Strongly Agree]"" .
:QNeed_for_Technical_Support pred:text ""I think that I would need the support of a technical person to be able to use this system. [Likert 1–5: 1 = Strongly Disagree, 5 = Strongly Agree]"" .
:QIntegration_of_Functions pred:text ""I found the various functions in this system were well integrated. [Likert 1–5: 1 = Strongly Disagree, 5 = Strongly Agree]"" .
:QInconsistency pred:text ""I thought there was too much inconsistency in this system. [Likert 1–5: 1 = Strongly Disagree, 5 = Strongly Agree]"" .
:QEase_of_Learning pred:text ""I would imagine that most people would learn to use this system very quickly. [Likert 1–5: 1 = Strongly Disagree, 5 = Strongly Agree]"" .
:QCumbersome_to_Use pred:text ""I found the system very awkward to use. [Likert 1–5: 1 = Strongly Disagree, 5 = Strongly Agree]"" .
:QConfidence_in_Use pred:text ""I felt very confident using the system. [Likert 1–5: 1 = Strongly Disagree, 5 = Strongly Agree]"" .
:QNeed_to_Learn_Before_Use pred:text ""I needed to learn a lot of things before I could get going with this system. [Likert 1–5: 1 = Strongly Disagree, 5 = Strongly Agree]"" .

# Responses
:Respondent51 a :Person ;
    pred:Name ""Clinician 51"" ;
    pred:Group ""D"" ;
    pred:Frequent_Usage ""4"" ;
    pred:System_Complexity ""1"" ;
    pred:Ease_of_Use ""4"" ;
    pred:Need_for_Technical_Support ""1"" ;
    pred:Integration_of_Functions ""5"" ;
    pred:Inconsistency ""1"" ;
    pred:Ease_of_Learning ""3"" ;
    pred:Cumbersome_to_Use ""1"" ;
    pred:Confidence_in_Use ""5"" ;
    pred:Need_to_Learn_Before_Use ""2"" .

:Respondent59 a :Person ;
    pred:Name ""Clinician 59"" ;
    pred:Group ""C"" ;
    pred:Frequent_Usage ""5"" ;
    pred:System_Complexity ""1"" ;
    pred:Ease_of_Use ""5"" ;
    pred:Need_for_Technical_Support ""1"" ;
    pred:Integration_of_Functions ""5"" ;
    pred:Inconsistency ""1"" ;
    pred:Ease_of_Learning ""5"" ;
    pred:Cumbersome_to_Use ""1"" ;
    pred:Confidence_in_Use ""5"" ;
    pred:Need_to_Learn_Before_Use ""1"" .

:Respondent36 a :Person ;
    pred:Name ""Clinician 36"" ;
    pred:Group ""B"" ;
    pred:Frequent_Usage ""2"" ;
    pred:System_Complexity ""4"" ;
    pred:Ease_of_Use ""1"" ;
    pred:Need_for_Technical_Support ""2"" ;
    pred:Integration_of_Functions ""4"" ;
    pred:Inconsistency ""1"" ;
    pred:Ease_of_Learning ""2"" ;
    pred:Cumbersome_to_Use ""3"" ;
    pred:Confidence_in_Use ""5"" ;
    pred:Need_to_Learn_Before_Use ""1"" .

",1,"<questionnaire>
@prefix : <http://example.org/survey#> .
@prefix pred: <http://example.org/predicate#> .

# Questions
:QName pred:text ""Name of the respondent [Open-ended]"" .
:QGroup pred:text ""Group of the respondent [MCQ: A. Senior B. Junior C. Middle D. Intern]"" .
:QFrequent_Usage pred:text ""I think that I would like to use this system frequently. [Likert 1–5: 1 = Strongly Disagree, 5 = Strongly Agree]"" .
:QSystem_Complexity pred:text ""I found the system unnecessarily complex. [Likert 1–5: 1 = Strongly Disagree, 5 = Strongly Agree]"" .
:QEase_of_Use pred:text ""I thought the system was easy to use. [Likert 1–5: 1 = Strongly Disagree, 5 = Strongly Agree]"" .
:QNeed_for_Technical_Support pred:text ""I think that I would need the support of a technical person to be able to use this system. [Likert 1–5: 1 = Strongly Disagree, 5 = Strongly Agree]"" .
:QIntegration_of_Functions pred:text ""I found the various functions in this system were well integrated. [Likert 1–5: 1 = Strongly Disagree, 5 = Strongly Agree]"" .
:QInconsistency pred:text ""I thought there was too much inconsistency in this system. [Likert 1–5: 1 = Strongly Disagree, 5 = Strongly Agree]"" .
:QEase_of_Learning pred:text ""I would imagine that most people would learn to use this system very quickly. [Likert 1–5: 1 = Strongly Disagree, 5 = Strongly Agree]"" .
:QCumbersome_to_Use pred:text ""I found the system very awkward to use. [Likert 1–5: 1 = Strongly Disagree, 5 = Strongly Agree]"" .
:QConfidence_in_Use pred:text ""I felt very confident using the system. [Likert 1–5: 1 = Strongly Disagree, 5 = Strongly Agree]"" .
:QNeed_to_Learn_Before_Use pred:text ""I needed to learn a lot of things before I could get going with this system. [Likert 1–5: 1 = Strongly Disagree, 5 = Strongly Agree]"" .

# Responses
:Respondent51 a :Person ;
    pred:Name ""Clinician 51"" ;
    pred:Group ""D"" ;
    pred:Frequent_Usage ""4"" ;
    pred:System_Complexity ""1"" ;
    pred:Ease_of_Use ""4"" ;
    pred:Need_for_Technical_Support ""1"" ;
    pred:Integration_of_Functions ""5"" ;
    pred:Inconsistency ""1"" ;
    pred:Ease_of_Learning ""3"" ;
    pred:Cumbersome_to_Use ""1"" ;
    pred:Confidence_in_Use ""5"" ;
    pred:Need_to_Learn_Before_Use ""2"" .

:Respondent59 a :Person ;
    pred:Name ""Clinician 59"" ;
    pred:Group ""C"" ;
    pred:Frequent_Usage ""5"" ;
    pred:System_Complexity ""1"" ;
    pred:Ease_of_Use ""5"" ;
    pred:Need_for_Technical_Support ""1"" ;
    pred:Integration_of_Functions ""5"" ;
    pred:Inconsistency ""1"" ;
    pred:Ease_of_Learning ""5"" ;
    pred:Cumbersome_to_Use ""1"" ;
    pred:Confidence_in_Use ""5"" ;
    pred:Need_to_Learn_Before_Use ""1"" .

:Respondent36 a :Person ;
    pred:Name ""Clinician 36"" ;
    pred:Group ""B"" ;
    pred:Frequent_Usage ""2"" ;
    pred:System_Complexity ""4"" ;
    pred:Ease_of_Use ""1"" ;
    pred:Need_for_Technical_Support ""2"" ;
    pred:Integration_of_Functions ""4"" ;
    pred:Inconsistency ""1"" ;
    pred:Ease_of_Learning ""2"" ;
    pred:Cumbersome_to_Use ""3"" ;
    pred:Confidence_in_Use ""5"" ;
    pred:Need_to_Learn_Before_Use ""1"" .

</questionnaire>

<role>
You are a meticulous data analyst AI. Your primary function is to accurately analyze structured data and provide precise, verifiable answers.

</role>

<format>
You will be given a dataset with two key parts:

A 'questions' section: This is your data dictionary or schema. It is the single source of truth for understanding what each field and score means. Refer to it carefully.

A 'responses' section: This contains the raw data from each individual respondent.

To answer the question correctly, you must first use the 'questions' schema to fully understand the context and meaning of the data points within the 'responses'. Do not rely on any prior knowledge outside of this provided data. Base your entire analysis on the information given.

</format>

<output>
Provide your final answer directly and concisely. Output must be the human-readable value, not an option code.

Rules:
- For MCQ fields, map any letter codes in the Responses (case-insensitive) to the corresponding option text from the Questions schema, and output only that text. Do NOT include the letter or both.
  Example: If the schema is ""[MCQ: A. Abnormal B. Inconclusive C. Normal]"" and the response is ""a"", output ""Abnormal"".
- For open-ended fields, output the exact text value.
- If the question asks for a count, provide only the number (e.g., ""42"").
- If the question asks for a list of names or IDs, provide a simple comma-separated list (e.g., ""17, 21, 23"").
- Preserve capitalization exactly as in the schema (e.g., output ""Abnormal"", not ""abnormal"" or ""A"").

</output>

<task>
What is the inconsistency score for Clinician 36?
</task>",1,True
case_17,answer_lookup,What is the confidence in use score for Clinician 3?,"@prefix : <http://example.org/survey#> .
@prefix pred: <http://example.org/predicate#> .

# Questions
:QName pred:text ""Name of the respondent [Open-ended]"" .
:QGroup pred:text ""Group of the respondent [MCQ: A. Senior B. Junior C. Middle D. Intern]"" .
:QFrequent_Usage pred:text ""I think that I would like to use this system frequently. [Likert 1–5: 1 = Strongly Disagree, 5 = Strongly Agree]"" .
:QSystem_Complexity pred:text ""I found the system unnecessarily complex. [Likert 1–5: 1 = Strongly Disagree, 5 = Strongly Agree]"" .
:QEase_of_Use pred:text ""I thought the system was easy to use. [Likert 1–5: 1 = Strongly Disagree, 5 = Strongly Agree]"" .
:QNeed_for_Technical_Support pred:text ""I think that I would need the support of a technical person to be able to use this system. [Likert 1–5: 1 = Strongly Disagree, 5 = Strongly Agree]"" .
:QIntegration_of_Functions pred:text ""I found the various functions in this system were well integrated. [Likert 1–5: 1 = Strongly Disagree, 5 = Strongly Agree]"" .
:QInconsistency pred:text ""I thought there was too much inconsistency in this system. [Likert 1–5: 1 = Strongly Disagree, 5 = Strongly Agree]"" .
:QEase_of_Learning pred:text ""I would imagine that most people would learn to use this system very quickly. [Likert 1–5: 1 = Strongly Disagree, 5 = Strongly Agree]"" .
:QCumbersome_to_Use pred:text ""I found the system very awkward to use. [Likert 1–5: 1 = Strongly Disagree, 5 = Strongly Agree]"" .
:QConfidence_in_Use pred:text ""I felt very confident using the system. [Likert 1–5: 1 = Strongly Disagree, 5 = Strongly Agree]"" .
:QNeed_to_Learn_Before_Use pred:text ""I needed to learn a lot of things before I could get going with this system. [Likert 1–5: 1 = Strongly Disagree, 5 = Strongly Agree]"" .

# Responses
:Respondent10 a :Person ;
    pred:Name ""Clinician 10"" ;
    pred:Group ""A"" ;
    pred:Frequent_Usage ""4"" ;
    pred:System_Complexity ""1"" ;
    pred:Ease_of_Use ""2"" ;
    pred:Need_for_Technical_Support ""2"" ;
    pred:Integration_of_Functions ""5"" ;
    pred:Inconsistency ""2"" ;
    pred:Ease_of_Learning ""5"" ;
    pred:Cumbersome_to_Use ""1"" ;
    pred:Confidence_in_Use ""4"" ;
    pred:Need_to_Learn_Before_Use ""2"" .

:Respondent3 a :Person ;
    pred:Name ""Clinician 3"" ;
    pred:Group ""D"" ;
    pred:Frequent_Usage ""1"" ;
    pred:System_Complexity ""2"" ;
    pred:Ease_of_Use ""3"" ;
    pred:Need_for_Technical_Support ""4"" ;
    pred:Integration_of_Functions ""4"" ;
    pred:Inconsistency ""4"" ;
    pred:Ease_of_Learning ""2"" ;
    pred:Cumbersome_to_Use ""2"" ;
    pred:Confidence_in_Use ""1"" ;
    pred:Need_to_Learn_Before_Use ""5"" .

:Respondent39 a :Person ;
    pred:Name ""Clinician 39"" ;
    pred:Group ""A"" ;
    pred:Frequent_Usage ""3"" ;
    pred:System_Complexity ""5"" ;
    pred:Ease_of_Use ""2"" ;
    pred:Need_for_Technical_Support ""5"" ;
    pred:Integration_of_Functions ""5"" ;
    pred:Inconsistency ""3"" ;
    pred:Ease_of_Learning ""5"" ;
    pred:Cumbersome_to_Use ""5"" ;
    pred:Confidence_in_Use ""4"" ;
    pred:Need_to_Learn_Before_Use ""2"" .

",1,"<questionnaire>
@prefix : <http://example.org/survey#> .
@prefix pred: <http://example.org/predicate#> .

# Questions
:QName pred:text ""Name of the respondent [Open-ended]"" .
:QGroup pred:text ""Group of the respondent [MCQ: A. Senior B. Junior C. Middle D. Intern]"" .
:QFrequent_Usage pred:text ""I think that I would like to use this system frequently. [Likert 1–5: 1 = Strongly Disagree, 5 = Strongly Agree]"" .
:QSystem_Complexity pred:text ""I found the system unnecessarily complex. [Likert 1–5: 1 = Strongly Disagree, 5 = Strongly Agree]"" .
:QEase_of_Use pred:text ""I thought the system was easy to use. [Likert 1–5: 1 = Strongly Disagree, 5 = Strongly Agree]"" .
:QNeed_for_Technical_Support pred:text ""I think that I would need the support of a technical person to be able to use this system. [Likert 1–5: 1 = Strongly Disagree, 5 = Strongly Agree]"" .
:QIntegration_of_Functions pred:text ""I found the various functions in this system were well integrated. [Likert 1–5: 1 = Strongly Disagree, 5 = Strongly Agree]"" .
:QInconsistency pred:text ""I thought there was too much inconsistency in this system. [Likert 1–5: 1 = Strongly Disagree, 5 = Strongly Agree]"" .
:QEase_of_Learning pred:text ""I would imagine that most people would learn to use this system very quickly. [Likert 1–5: 1 = Strongly Disagree, 5 = Strongly Agree]"" .
:QCumbersome_to_Use pred:text ""I found the system very awkward to use. [Likert 1–5: 1 = Strongly Disagree, 5 = Strongly Agree]"" .
:QConfidence_in_Use pred:text ""I felt very confident using the system. [Likert 1–5: 1 = Strongly Disagree, 5 = Strongly Agree]"" .
:QNeed_to_Learn_Before_Use pred:text ""I needed to learn a lot of things before I could get going with this system. [Likert 1–5: 1 = Strongly Disagree, 5 = Strongly Agree]"" .

# Responses
:Respondent10 a :Person ;
    pred:Name ""Clinician 10"" ;
    pred:Group ""A"" ;
    pred:Frequent_Usage ""4"" ;
    pred:System_Complexity ""1"" ;
    pred:Ease_of_Use ""2"" ;
    pred:Need_for_Technical_Support ""2"" ;
    pred:Integration_of_Functions ""5"" ;
    pred:Inconsistency ""2"" ;
    pred:Ease_of_Learning ""5"" ;
    pred:Cumbersome_to_Use ""1"" ;
    pred:Confidence_in_Use ""4"" ;
    pred:Need_to_Learn_Before_Use ""2"" .

:Respondent3 a :Person ;
    pred:Name ""Clinician 3"" ;
    pred:Group ""D"" ;
    pred:Frequent_Usage ""1"" ;
    pred:System_Complexity ""2"" ;
    pred:Ease_of_Use ""3"" ;
    pred:Need_for_Technical_Support ""4"" ;
    pred:Integration_of_Functions ""4"" ;
    pred:Inconsistency ""4"" ;
    pred:Ease_of_Learning ""2"" ;
    pred:Cumbersome_to_Use ""2"" ;
    pred:Confidence_in_Use ""1"" ;
    pred:Need_to_Learn_Before_Use ""5"" .

:Respondent39 a :Person ;
    pred:Name ""Clinician 39"" ;
    pred:Group ""A"" ;
    pred:Frequent_Usage ""3"" ;
    pred:System_Complexity ""5"" ;
    pred:Ease_of_Use ""2"" ;
    pred:Need_for_Technical_Support ""5"" ;
    pred:Integration_of_Functions ""5"" ;
    pred:Inconsistency ""3"" ;
    pred:Ease_of_Learning ""5"" ;
    pred:Cumbersome_to_Use ""5"" ;
    pred:Confidence_in_Use ""4"" ;
    pred:Need_to_Learn_Before_Use ""2"" .

</questionnaire>

<role>
You are a meticulous data analyst AI. Your primary function is to accurately analyze structured data and provide precise, verifiable answers.

</role>

<format>
You will be given a dataset with two key parts:

A 'questions' section: This is your data dictionary or schema. It is the single source of truth for understanding what each field and score means. Refer to it carefully.

A 'responses' section: This contains the raw data from each individual respondent.

To answer the question correctly, you must first use the 'questions' schema to fully understand the context and meaning of the data points within the 'responses'. Do not rely on any prior knowledge outside of this provided data. Base your entire analysis on the information given.

</format>

<output>
Provide your final answer directly and concisely. Output must be the human-readable value, not an option code.

Rules:
- For MCQ fields, map any letter codes in the Responses (case-insensitive) to the corresponding option text from the Questions schema, and output only that text. Do NOT include the letter or both.
  Example: If the schema is ""[MCQ: A. Abnormal B. Inconclusive C. Normal]"" and the response is ""a"", output ""Abnormal"".
- For open-ended fields, output the exact text value.
- If the question asks for a count, provide only the number (e.g., ""42"").
- If the question asks for a list of names or IDs, provide a simple comma-separated list (e.g., ""17, 21, 23"").
- Preserve capitalization exactly as in the schema (e.g., output ""Abnormal"", not ""abnormal"" or ""A"").

</output>

<task>
What is the confidence in use score for Clinician 3?
</task>",1,True
case_18,answer_lookup,What is the cumbersome to use score for Clinician 25?,"@prefix : <http://example.org/survey#> .
@prefix pred: <http://example.org/predicate#> .

# Questions
:QName pred:text ""Name of the respondent [Open-ended]"" .
:QGroup pred:text ""Group of the respondent [MCQ: A. Senior B. Junior C. Middle D. Intern]"" .
:QFrequent_Usage pred:text ""I think that I would like to use this system frequently. [Likert 1–5: 1 = Strongly Disagree, 5 = Strongly Agree]"" .
:QSystem_Complexity pred:text ""I found the system unnecessarily complex. [Likert 1–5: 1 = Strongly Disagree, 5 = Strongly Agree]"" .
:QEase_of_Use pred:text ""I thought the system was easy to use. [Likert 1–5: 1 = Strongly Disagree, 5 = Strongly Agree]"" .
:QNeed_for_Technical_Support pred:text ""I think that I would need the support of a technical person to be able to use this system. [Likert 1–5: 1 = Strongly Disagree, 5 = Strongly Agree]"" .
:QIntegration_of_Functions pred:text ""I found the various functions in this system were well integrated. [Likert 1–5: 1 = Strongly Disagree, 5 = Strongly Agree]"" .
:QInconsistency pred:text ""I thought there was too much inconsistency in this system. [Likert 1–5: 1 = Strongly Disagree, 5 = Strongly Agree]"" .
:QEase_of_Learning pred:text ""I would imagine that most people would learn to use this system very quickly. [Likert 1–5: 1 = Strongly Disagree, 5 = Strongly Agree]"" .
:QCumbersome_to_Use pred:text ""I found the system very awkward to use. [Likert 1–5: 1 = Strongly Disagree, 5 = Strongly Agree]"" .
:QConfidence_in_Use pred:text ""I felt very confident using the system. [Likert 1–5: 1 = Strongly Disagree, 5 = Strongly Agree]"" .
:QNeed_to_Learn_Before_Use pred:text ""I needed to learn a lot of things before I could get going with this system. [Likert 1–5: 1 = Strongly Disagree, 5 = Strongly Agree]"" .

# Responses
:Respondent25 a :Person ;
    pred:Name ""Clinician 25"" ;
    pred:Group ""C"" ;
    pred:Frequent_Usage ""4"" ;
    pred:System_Complexity ""1"" ;
    pred:Ease_of_Use ""4"" ;
    pred:Need_for_Technical_Support ""1"" ;
    pred:Integration_of_Functions ""4"" ;
    pred:Inconsistency ""2"" ;
    pred:Ease_of_Learning ""5"" ;
    pred:Cumbersome_to_Use ""1"" ;
    pred:Confidence_in_Use ""4"" ;
    pred:Need_to_Learn_Before_Use ""4"" .

:Respondent75 a :Person ;
    pred:Name ""Clinician 75"" ;
    pred:Group ""C"" ;
    pred:Frequent_Usage ""2"" ;
    pred:System_Complexity ""5"" ;
    pred:Ease_of_Use ""2"" ;
    pred:Need_for_Technical_Support ""4"" ;
    pred:Integration_of_Functions ""1"" ;
    pred:Inconsistency ""4"" ;
    pred:Ease_of_Learning ""2"" ;
    pred:Cumbersome_to_Use ""4"" ;
    pred:Confidence_in_Use ""2"" ;
    pred:Need_to_Learn_Before_Use ""4"" .

:Respondent13 a :Person ;
    pred:Name ""Clinician 13"" ;
    pred:Group ""C"" ;
    pred:Frequent_Usage ""1"" ;
    pred:System_Complexity ""2"" ;
    pred:Ease_of_Use ""5"" ;
    pred:Need_for_Technical_Support ""1"" ;
    pred:Integration_of_Functions ""4"" ;
    pred:Inconsistency ""1"" ;
    pred:Ease_of_Learning ""4"" ;
    pred:Cumbersome_to_Use ""1"" ;
    pred:Confidence_in_Use ""5"" ;
    pred:Need_to_Learn_Before_Use ""4"" .

",1,"<questionnaire>
@prefix : <http://example.org/survey#> .
@prefix pred: <http://example.org/predicate#> .

# Questions
:QName pred:text ""Name of the respondent [Open-ended]"" .
:QGroup pred:text ""Group of the respondent [MCQ: A. Senior B. Junior C. Middle D. Intern]"" .
:QFrequent_Usage pred:text ""I think that I would like to use this system frequently. [Likert 1–5: 1 = Strongly Disagree, 5 = Strongly Agree]"" .
:QSystem_Complexity pred:text ""I found the system unnecessarily complex. [Likert 1–5: 1 = Strongly Disagree, 5 = Strongly Agree]"" .
:QEase_of_Use pred:text ""I thought the system was easy to use. [Likert 1–5: 1 = Strongly Disagree, 5 = Strongly Agree]"" .
:QNeed_for_Technical_Support pred:text ""I think that I would need the support of a technical person to be able to use this system. [Likert 1–5: 1 = Strongly Disagree, 5 = Strongly Agree]"" .
:QIntegration_of_Functions pred:text ""I found the various functions in this system were well integrated. [Likert 1–5: 1 = Strongly Disagree, 5 = Strongly Agree]"" .
:QInconsistency pred:text ""I thought there was too much inconsistency in this system. [Likert 1–5: 1 = Strongly Disagree, 5 = Strongly Agree]"" .
:QEase_of_Learning pred:text ""I would imagine that most people would learn to use this system very quickly. [Likert 1–5: 1 = Strongly Disagree, 5 = Strongly Agree]"" .
:QCumbersome_to_Use pred:text ""I found the system very awkward to use. [Likert 1–5: 1 = Strongly Disagree, 5 = Strongly Agree]"" .
:QConfidence_in_Use pred:text ""I felt very confident using the system. [Likert 1–5: 1 = Strongly Disagree, 5 = Strongly Agree]"" .
:QNeed_to_Learn_Before_Use pred:text ""I needed to learn a lot of things before I could get going with this system. [Likert 1–5: 1 = Strongly Disagree, 5 = Strongly Agree]"" .

# Responses
:Respondent25 a :Person ;
    pred:Name ""Clinician 25"" ;
    pred:Group ""C"" ;
    pred:Frequent_Usage ""4"" ;
    pred:System_Complexity ""1"" ;
    pred:Ease_of_Use ""4"" ;
    pred:Need_for_Technical_Support ""1"" ;
    pred:Integration_of_Functions ""4"" ;
    pred:Inconsistency ""2"" ;
    pred:Ease_of_Learning ""5"" ;
    pred:Cumbersome_to_Use ""1"" ;
    pred:Confidence_in_Use ""4"" ;
    pred:Need_to_Learn_Before_Use ""4"" .

:Respondent75 a :Person ;
    pred:Name ""Clinician 75"" ;
    pred:Group ""C"" ;
    pred:Frequent_Usage ""2"" ;
    pred:System_Complexity ""5"" ;
    pred:Ease_of_Use ""2"" ;
    pred:Need_for_Technical_Support ""4"" ;
    pred:Integration_of_Functions ""1"" ;
    pred:Inconsistency ""4"" ;
    pred:Ease_of_Learning ""2"" ;
    pred:Cumbersome_to_Use ""4"" ;
    pred:Confidence_in_Use ""2"" ;
    pred:Need_to_Learn_Before_Use ""4"" .

:Respondent13 a :Person ;
    pred:Name ""Clinician 13"" ;
    pred:Group ""C"" ;
    pred:Frequent_Usage ""1"" ;
    pred:System_Complexity ""2"" ;
    pred:Ease_of_Use ""5"" ;
    pred:Need_for_Technical_Support ""1"" ;
    pred:Integration_of_Functions ""4"" ;
    pred:Inconsistency ""1"" ;
    pred:Ease_of_Learning ""4"" ;
    pred:Cumbersome_to_Use ""1"" ;
    pred:Confidence_in_Use ""5"" ;
    pred:Need_to_Learn_Before_Use ""4"" .

</questionnaire>

<role>
You are a meticulous data analyst AI. Your primary function is to accurately analyze structured data and provide precise, verifiable answers.

</role>

<format>
You will be given a dataset with two key parts:

A 'questions' section: This is your data dictionary or schema. It is the single source of truth for understanding what each field and score means. Refer to it carefully.

A 'responses' section: This contains the raw data from each individual respondent.

To answer the question correctly, you must first use the 'questions' schema to fully understand the context and meaning of the data points within the 'responses'. Do not rely on any prior knowledge outside of this provided data. Base your entire analysis on the information given.

</format>

<output>
Provide your final answer directly and concisely. Output must be the human-readable value, not an option code.

Rules:
- For MCQ fields, map any letter codes in the Responses (case-insensitive) to the corresponding option text from the Questions schema, and output only that text. Do NOT include the letter or both.
  Example: If the schema is ""[MCQ: A. Abnormal B. Inconclusive C. Normal]"" and the response is ""a"", output ""Abnormal"".
- For open-ended fields, output the exact text value.
- If the question asks for a count, provide only the number (e.g., ""42"").
- If the question asks for a list of names or IDs, provide a simple comma-separated list (e.g., ""17, 21, 23"").
- Preserve capitalization exactly as in the schema (e.g., output ""Abnormal"", not ""abnormal"" or ""A"").

</output>

<task>
What is the cumbersome to use score for Clinician 25?
</task>",1,True
case_19,answer_lookup,What is the integration of functions score for Clinician 55?,"@prefix : <http://example.org/survey#> .
@prefix pred: <http://example.org/predicate#> .

# Questions
:QName pred:text ""Name of the respondent [Open-ended]"" .
:QGroup pred:text ""Group of the respondent [MCQ: A. Senior B. Junior C. Middle D. Intern]"" .
:QFrequent_Usage pred:text ""I think that I would like to use this system frequently. [Likert 1–5: 1 = Strongly Disagree, 5 = Strongly Agree]"" .
:QSystem_Complexity pred:text ""I found the system unnecessarily complex. [Likert 1–5: 1 = Strongly Disagree, 5 = Strongly Agree]"" .
:QEase_of_Use pred:text ""I thought the system was easy to use. [Likert 1–5: 1 = Strongly Disagree, 5 = Strongly Agree]"" .
:QNeed_for_Technical_Support pred:text ""I think that I would need the support of a technical person to be able to use this system. [Likert 1–5: 1 = Strongly Disagree, 5 = Strongly Agree]"" .
:QIntegration_of_Functions pred:text ""I found the various functions in this system were well integrated. [Likert 1–5: 1 = Strongly Disagree, 5 = Strongly Agree]"" .
:QInconsistency pred:text ""I thought there was too much inconsistency in this system. [Likert 1–5: 1 = Strongly Disagree, 5 = Strongly Agree]"" .
:QEase_of_Learning pred:text ""I would imagine that most people would learn to use this system very quickly. [Likert 1–5: 1 = Strongly Disagree, 5 = Strongly Agree]"" .
:QCumbersome_to_Use pred:text ""I found the system very awkward to use. [Likert 1–5: 1 = Strongly Disagree, 5 = Strongly Agree]"" .
:QConfidence_in_Use pred:text ""I felt very confident using the system. [Likert 1–5: 1 = Strongly Disagree, 5 = Strongly Agree]"" .
:QNeed_to_Learn_Before_Use pred:text ""I needed to learn a lot of things before I could get going with this system. [Likert 1–5: 1 = Strongly Disagree, 5 = Strongly Agree]"" .

# Responses
:Respondent74 a :Person ;
    pred:Name ""Clinician 74"" ;
    pred:Group ""A"" ;
    pred:Frequent_Usage ""5"" ;
    pred:System_Complexity ""1"" ;
    pred:Ease_of_Use ""5"" ;
    pred:Need_for_Technical_Support ""1"" ;
    pred:Integration_of_Functions ""5"" ;
    pred:Inconsistency ""1"" ;
    pred:Ease_of_Learning ""5"" ;
    pred:Cumbersome_to_Use ""1"" ;
    pred:Confidence_in_Use ""5"" ;
    pred:Need_to_Learn_Before_Use ""4"" .

:Respondent79 a :Person ;
    pred:Name ""Clinician 79"" ;
    pred:Group ""C"" ;
    pred:Frequent_Usage ""5"" ;
    pred:System_Complexity ""1"" ;
    pred:Ease_of_Use ""5"" ;
    pred:Need_for_Technical_Support ""1"" ;
    pred:Integration_of_Functions ""5"" ;
    pred:Inconsistency ""1"" ;
    pred:Ease_of_Learning ""5"" ;
    pred:Cumbersome_to_Use ""1"" ;
    pred:Confidence_in_Use ""5"" ;
    pred:Need_to_Learn_Before_Use ""1"" .

:Respondent55 a :Person ;
    pred:Name ""Clinician 55"" ;
    pred:Group ""A"" ;
    pred:Frequent_Usage ""5"" ;
    pred:System_Complexity ""2"" ;
    pred:Ease_of_Use ""4"" ;
    pred:Need_for_Technical_Support ""1"" ;
    pred:Integration_of_Functions ""5"" ;
    pred:Inconsistency ""1"" ;
    pred:Ease_of_Learning ""5"" ;
    pred:Cumbersome_to_Use ""1"" ;
    pred:Confidence_in_Use ""5"" ;
    pred:Need_to_Learn_Before_Use ""1"" .

",5,"<questionnaire>
@prefix : <http://example.org/survey#> .
@prefix pred: <http://example.org/predicate#> .

# Questions
:QName pred:text ""Name of the respondent [Open-ended]"" .
:QGroup pred:text ""Group of the respondent [MCQ: A. Senior B. Junior C. Middle D. Intern]"" .
:QFrequent_Usage pred:text ""I think that I would like to use this system frequently. [Likert 1–5: 1 = Strongly Disagree, 5 = Strongly Agree]"" .
:QSystem_Complexity pred:text ""I found the system unnecessarily complex. [Likert 1–5: 1 = Strongly Disagree, 5 = Strongly Agree]"" .
:QEase_of_Use pred:text ""I thought the system was easy to use. [Likert 1–5: 1 = Strongly Disagree, 5 = Strongly Agree]"" .
:QNeed_for_Technical_Support pred:text ""I think that I would need the support of a technical person to be able to use this system. [Likert 1–5: 1 = Strongly Disagree, 5 = Strongly Agree]"" .
:QIntegration_of_Functions pred:text ""I found the various functions in this system were well integrated. [Likert 1–5: 1 = Strongly Disagree, 5 = Strongly Agree]"" .
:QInconsistency pred:text ""I thought there was too much inconsistency in this system. [Likert 1–5: 1 = Strongly Disagree, 5 = Strongly Agree]"" .
:QEase_of_Learning pred:text ""I would imagine that most people would learn to use this system very quickly. [Likert 1–5: 1 = Strongly Disagree, 5 = Strongly Agree]"" .
:QCumbersome_to_Use pred:text ""I found the system very awkward to use. [Likert 1–5: 1 = Strongly Disagree, 5 = Strongly Agree]"" .
:QConfidence_in_Use pred:text ""I felt very confident using the system. [Likert 1–5: 1 = Strongly Disagree, 5 = Strongly Agree]"" .
:QNeed_to_Learn_Before_Use pred:text ""I needed to learn a lot of things before I could get going with this system. [Likert 1–5: 1 = Strongly Disagree, 5 = Strongly Agree]"" .

# Responses
:Respondent74 a :Person ;
    pred:Name ""Clinician 74"" ;
    pred:Group ""A"" ;
    pred:Frequent_Usage ""5"" ;
    pred:System_Complexity ""1"" ;
    pred:Ease_of_Use ""5"" ;
    pred:Need_for_Technical_Support ""1"" ;
    pred:Integration_of_Functions ""5"" ;
    pred:Inconsistency ""1"" ;
    pred:Ease_of_Learning ""5"" ;
    pred:Cumbersome_to_Use ""1"" ;
    pred:Confidence_in_Use ""5"" ;
    pred:Need_to_Learn_Before_Use ""4"" .

:Respondent79 a :Person ;
    pred:Name ""Clinician 79"" ;
    pred:Group ""C"" ;
    pred:Frequent_Usage ""5"" ;
    pred:System_Complexity ""1"" ;
    pred:Ease_of_Use ""5"" ;
    pred:Need_for_Technical_Support ""1"" ;
    pred:Integration_of_Functions ""5"" ;
    pred:Inconsistency ""1"" ;
    pred:Ease_of_Learning ""5"" ;
    pred:Cumbersome_to_Use ""1"" ;
    pred:Confidence_in_Use ""5"" ;
    pred:Need_to_Learn_Before_Use ""1"" .

:Respondent55 a :Person ;
    pred:Name ""Clinician 55"" ;
    pred:Group ""A"" ;
    pred:Frequent_Usage ""5"" ;
    pred:System_Complexity ""2"" ;
    pred:Ease_of_Use ""4"" ;
    pred:Need_for_Technical_Support ""1"" ;
    pred:Integration_of_Functions ""5"" ;
    pred:Inconsistency ""1"" ;
    pred:Ease_of_Learning ""5"" ;
    pred:Cumbersome_to_Use ""1"" ;
    pred:Confidence_in_Use ""5"" ;
    pred:Need_to_Learn_Before_Use ""1"" .

</questionnaire>

<role>
You are a meticulous data analyst AI. Your primary function is to accurately analyze structured data and provide precise, verifiable answers.

</role>

<format>
You will be given a dataset with two key parts:

A 'questions' section: This is your data dictionary or schema. It is the single source of truth for understanding what each field and score means. Refer to it carefully.

A 'responses' section: This contains the raw data from each individual respondent.

To answer the question correctly, you must first use the 'questions' schema to fully understand the context and meaning of the data points within the 'responses'. Do not rely on any prior knowledge outside of this provided data. Base your entire analysis on the information given.

</format>

<output>
Provide your final answer directly and concisely. Output must be the human-readable value, not an option code.

Rules:
- For MCQ fields, map any letter codes in the Responses (case-insensitive) to the corresponding option text from the Questions schema, and output only that text. Do NOT include the letter or both.
  Example: If the schema is ""[MCQ: A. Abnormal B. Inconclusive C. Normal]"" and the response is ""a"", output ""Abnormal"".
- For open-ended fields, output the exact text value.
- If the question asks for a count, provide only the number (e.g., ""42"").
- If the question asks for a list of names or IDs, provide a simple comma-separated list (e.g., ""17, 21, 23"").
- Preserve capitalization exactly as in the schema (e.g., output ""Abnormal"", not ""abnormal"" or ""A"").

</output>

<task>
What is the integration of functions score for Clinician 55?
</task>",5,True
case_20,answer_lookup,What is the group for Clinician 64?,"@prefix : <http://example.org/survey#> .
@prefix pred: <http://example.org/predicate#> .

# Questions
:QName pred:text ""Name of the respondent [Open-ended]"" .
:QGroup pred:text ""Group of the respondent [MCQ: A. Senior B. Junior C. Middle D. Intern]"" .
:QFrequent_Usage pred:text ""I think that I would like to use this system frequently. [Likert 1–5: 1 = Strongly Disagree, 5 = Strongly Agree]"" .
:QSystem_Complexity pred:text ""I found the system unnecessarily complex. [Likert 1–5: 1 = Strongly Disagree, 5 = Strongly Agree]"" .
:QEase_of_Use pred:text ""I thought the system was easy to use. [Likert 1–5: 1 = Strongly Disagree, 5 = Strongly Agree]"" .
:QNeed_for_Technical_Support pred:text ""I think that I would need the support of a technical person to be able to use this system. [Likert 1–5: 1 = Strongly Disagree, 5 = Strongly Agree]"" .
:QIntegration_of_Functions pred:text ""I found the various functions in this system were well integrated. [Likert 1–5: 1 = Strongly Disagree, 5 = Strongly Agree]"" .
:QInconsistency pred:text ""I thought there was too much inconsistency in this system. [Likert 1–5: 1 = Strongly Disagree, 5 = Strongly Agree]"" .
:QEase_of_Learning pred:text ""I would imagine that most people would learn to use this system very quickly. [Likert 1–5: 1 = Strongly Disagree, 5 = Strongly Agree]"" .
:QCumbersome_to_Use pred:text ""I found the system very awkward to use. [Likert 1–5: 1 = Strongly Disagree, 5 = Strongly Agree]"" .
:QConfidence_in_Use pred:text ""I felt very confident using the system. [Likert 1–5: 1 = Strongly Disagree, 5 = Strongly Agree]"" .
:QNeed_to_Learn_Before_Use pred:text ""I needed to learn a lot of things before I could get going with this system. [Likert 1–5: 1 = Strongly Disagree, 5 = Strongly Agree]"" .

# Responses
:Respondent17 a :Person ;
    pred:Name ""Clinician 17"" ;
    pred:Group ""C"" ;
    pred:Frequent_Usage ""1"" ;
    pred:System_Complexity ""2"" ;
    pred:Ease_of_Use ""4"" ;
    pred:Need_for_Technical_Support ""2"" ;
    pred:Integration_of_Functions ""4"" ;
    pred:Inconsistency ""2"" ;
    pred:Ease_of_Learning ""3"" ;
    pred:Cumbersome_to_Use ""2"" ;
    pred:Confidence_in_Use ""4"" ;
    pred:Need_to_Learn_Before_Use ""1"" .

:Respondent75 a :Person ;
    pred:Name ""Clinician 75"" ;
    pred:Group ""C"" ;
    pred:Frequent_Usage ""2"" ;
    pred:System_Complexity ""5"" ;
    pred:Ease_of_Use ""2"" ;
    pred:Need_for_Technical_Support ""4"" ;
    pred:Integration_of_Functions ""1"" ;
    pred:Inconsistency ""4"" ;
    pred:Ease_of_Learning ""2"" ;
    pred:Cumbersome_to_Use ""4"" ;
    pred:Confidence_in_Use ""2"" ;
    pred:Need_to_Learn_Before_Use ""4"" .

:Respondent64 a :Person ;
    pred:Name ""Clinician 64"" ;
    pred:Group ""C"" ;
    pred:Frequent_Usage ""5"" ;
    pred:System_Complexity ""1"" ;
    pred:Ease_of_Use ""5"" ;
    pred:Need_for_Technical_Support ""1"" ;
    pred:Integration_of_Functions ""4"" ;
    pred:Inconsistency ""1"" ;
    pred:Ease_of_Learning ""3"" ;
    pred:Cumbersome_to_Use ""1"" ;
    pred:Confidence_in_Use ""5"" ;
    pred:Need_to_Learn_Before_Use ""1"" .

",C,"<questionnaire>
@prefix : <http://example.org/survey#> .
@prefix pred: <http://example.org/predicate#> .

# Questions
:QName pred:text ""Name of the respondent [Open-ended]"" .
:QGroup pred:text ""Group of the respondent [MCQ: A. Senior B. Junior C. Middle D. Intern]"" .
:QFrequent_Usage pred:text ""I think that I would like to use this system frequently. [Likert 1–5: 1 = Strongly Disagree, 5 = Strongly Agree]"" .
:QSystem_Complexity pred:text ""I found the system unnecessarily complex. [Likert 1–5: 1 = Strongly Disagree, 5 = Strongly Agree]"" .
:QEase_of_Use pred:text ""I thought the system was easy to use. [Likert 1–5: 1 = Strongly Disagree, 5 = Strongly Agree]"" .
:QNeed_for_Technical_Support pred:text ""I think that I would need the support of a technical person to be able to use this system. [Likert 1–5: 1 = Strongly Disagree, 5 = Strongly Agree]"" .
:QIntegration_of_Functions pred:text ""I found the various functions in this system were well integrated. [Likert 1–5: 1 = Strongly Disagree, 5 = Strongly Agree]"" .
:QInconsistency pred:text ""I thought there was too much inconsistency in this system. [Likert 1–5: 1 = Strongly Disagree, 5 = Strongly Agree]"" .
:QEase_of_Learning pred:text ""I would imagine that most people would learn to use this system very quickly. [Likert 1–5: 1 = Strongly Disagree, 5 = Strongly Agree]"" .
:QCumbersome_to_Use pred:text ""I found the system very awkward to use. [Likert 1–5: 1 = Strongly Disagree, 5 = Strongly Agree]"" .
:QConfidence_in_Use pred:text ""I felt very confident using the system. [Likert 1–5: 1 = Strongly Disagree, 5 = Strongly Agree]"" .
:QNeed_to_Learn_Before_Use pred:text ""I needed to learn a lot of things before I could get going with this system. [Likert 1–5: 1 = Strongly Disagree, 5 = Strongly Agree]"" .

# Responses
:Respondent17 a :Person ;
    pred:Name ""Clinician 17"" ;
    pred:Group ""C"" ;
    pred:Frequent_Usage ""1"" ;
    pred:System_Complexity ""2"" ;
    pred:Ease_of_Use ""4"" ;
    pred:Need_for_Technical_Support ""2"" ;
    pred:Integration_of_Functions ""4"" ;
    pred:Inconsistency ""2"" ;
    pred:Ease_of_Learning ""3"" ;
    pred:Cumbersome_to_Use ""2"" ;
    pred:Confidence_in_Use ""4"" ;
    pred:Need_to_Learn_Before_Use ""1"" .

:Respondent75 a :Person ;
    pred:Name ""Clinician 75"" ;
    pred:Group ""C"" ;
    pred:Frequent_Usage ""2"" ;
    pred:System_Complexity ""5"" ;
    pred:Ease_of_Use ""2"" ;
    pred:Need_for_Technical_Support ""4"" ;
    pred:Integration_of_Functions ""1"" ;
    pred:Inconsistency ""4"" ;
    pred:Ease_of_Learning ""2"" ;
    pred:Cumbersome_to_Use ""4"" ;
    pred:Confidence_in_Use ""2"" ;
    pred:Need_to_Learn_Before_Use ""4"" .

:Respondent64 a :Person ;
    pred:Name ""Clinician 64"" ;
    pred:Group ""C"" ;
    pred:Frequent_Usage ""5"" ;
    pred:System_Complexity ""1"" ;
    pred:Ease_of_Use ""5"" ;
    pred:Need_for_Technical_Support ""1"" ;
    pred:Integration_of_Functions ""4"" ;
    pred:Inconsistency ""1"" ;
    pred:Ease_of_Learning ""3"" ;
    pred:Cumbersome_to_Use ""1"" ;
    pred:Confidence_in_Use ""5"" ;
    pred:Need_to_Learn_Before_Use ""1"" .

</questionnaire>

<role>
You are a meticulous data analyst AI. Your primary function is to accurately analyze structured data and provide precise, verifiable answers.

</role>

<format>
You will be given a dataset with two key parts:

A 'questions' section: This is your data dictionary or schema. It is the single source of truth for understanding what each field and score means. Refer to it carefully.

A 'responses' section: This contains the raw data from each individual respondent.

To answer the question correctly, you must first use the 'questions' schema to fully understand the context and meaning of the data points within the 'responses'. Do not rely on any prior knowledge outside of this provided data. Base your entire analysis on the information given.

</format>

<output>
Provide your final answer directly and concisely. Output must be the human-readable value, not an option code.

Rules:
- For MCQ fields, map any letter codes in the Responses (case-insensitive) to the corresponding option text from the Questions schema, and output only that text. Do NOT include the letter or both.
  Example: If the schema is ""[MCQ: A. Abnormal B. Inconclusive C. Normal]"" and the response is ""a"", output ""Abnormal"".
- For open-ended fields, output the exact text value.
- If the question asks for a count, provide only the number (e.g., ""42"").
- If the question asks for a list of names or IDs, provide a simple comma-separated list (e.g., ""17, 21, 23"").
- Preserve capitalization exactly as in the schema (e.g., output ""Abnormal"", not ""abnormal"" or ""A"").

</output>

<task>
What is the group for Clinician 64?
</task>",Middle,False
case_21,answer_lookup,What is the system complexity score for Clinician 83?,"@prefix : <http://example.org/survey#> .
@prefix pred: <http://example.org/predicate#> .

# Questions
:QName pred:text ""Name of the respondent [Open-ended]"" .
:QGroup pred:text ""Group of the respondent [MCQ: A. Senior B. Junior C. Middle D. Intern]"" .
:QFrequent_Usage pred:text ""I think that I would like to use this system frequently. [Likert 1–5: 1 = Strongly Disagree, 5 = Strongly Agree]"" .
:QSystem_Complexity pred:text ""I found the system unnecessarily complex. [Likert 1–5: 1 = Strongly Disagree, 5 = Strongly Agree]"" .
:QEase_of_Use pred:text ""I thought the system was easy to use. [Likert 1–5: 1 = Strongly Disagree, 5 = Strongly Agree]"" .
:QNeed_for_Technical_Support pred:text ""I think that I would need the support of a technical person to be able to use this system. [Likert 1–5: 1 = Strongly Disagree, 5 = Strongly Agree]"" .
:QIntegration_of_Functions pred:text ""I found the various functions in this system were well integrated. [Likert 1–5: 1 = Strongly Disagree, 5 = Strongly Agree]"" .
:QInconsistency pred:text ""I thought there was too much inconsistency in this system. [Likert 1–5: 1 = Strongly Disagree, 5 = Strongly Agree]"" .
:QEase_of_Learning pred:text ""I would imagine that most people would learn to use this system very quickly. [Likert 1–5: 1 = Strongly Disagree, 5 = Strongly Agree]"" .
:QCumbersome_to_Use pred:text ""I found the system very awkward to use. [Likert 1–5: 1 = Strongly Disagree, 5 = Strongly Agree]"" .
:QConfidence_in_Use pred:text ""I felt very confident using the system. [Likert 1–5: 1 = Strongly Disagree, 5 = Strongly Agree]"" .
:QNeed_to_Learn_Before_Use pred:text ""I needed to learn a lot of things before I could get going with this system. [Likert 1–5: 1 = Strongly Disagree, 5 = Strongly Agree]"" .

# Responses
:Respondent6 a :Person ;
    pred:Name ""Clinician 6"" ;
    pred:Group ""D"" ;
    pred:Frequent_Usage ""4"" ;
    pred:System_Complexity ""1"" ;
    pred:Ease_of_Use ""5"" ;
    pred:Need_for_Technical_Support ""1"" ;
    pred:Integration_of_Functions ""4"" ;
    pred:Inconsistency ""1"" ;
    pred:Ease_of_Learning ""5"" ;
    pred:Cumbersome_to_Use ""1"" ;
    pred:Confidence_in_Use ""5"" ;
    pred:Need_to_Learn_Before_Use ""1"" .

:Respondent19 a :Person ;
    pred:Name ""Clinician 19"" ;
    pred:Group ""C"" ;
    pred:Frequent_Usage ""1"" ;
    pred:System_Complexity ""2"" ;
    pred:Ease_of_Use ""4"" ;
    pred:Need_for_Technical_Support ""1"" ;
    pred:Integration_of_Functions ""4"" ;
    pred:Inconsistency ""5"" ;
    pred:Ease_of_Learning ""4"" ;
    pred:Cumbersome_to_Use ""2"" ;
    pred:Confidence_in_Use ""4"" ;
    pred:Need_to_Learn_Before_Use ""2"" .

:Respondent83 a :Person ;
    pred:Name ""Clinician 83"" ;
    pred:Group ""D"" ;
    pred:Frequent_Usage ""4"" ;
    pred:System_Complexity ""1"" ;
    pred:Ease_of_Use ""4"" ;
    pred:Need_for_Technical_Support ""1"" ;
    pred:Integration_of_Functions ""4"" ;
    pred:Inconsistency ""1"" ;
    pred:Ease_of_Learning ""5"" ;
    pred:Cumbersome_to_Use ""1"" ;
    pred:Confidence_in_Use ""4"" ;
    pred:Need_to_Learn_Before_Use ""1"" .

",1,"<questionnaire>
@prefix : <http://example.org/survey#> .
@prefix pred: <http://example.org/predicate#> .

# Questions
:QName pred:text ""Name of the respondent [Open-ended]"" .
:QGroup pred:text ""Group of the respondent [MCQ: A. Senior B. Junior C. Middle D. Intern]"" .
:QFrequent_Usage pred:text ""I think that I would like to use this system frequently. [Likert 1–5: 1 = Strongly Disagree, 5 = Strongly Agree]"" .
:QSystem_Complexity pred:text ""I found the system unnecessarily complex. [Likert 1–5: 1 = Strongly Disagree, 5 = Strongly Agree]"" .
:QEase_of_Use pred:text ""I thought the system was easy to use. [Likert 1–5: 1 = Strongly Disagree, 5 = Strongly Agree]"" .
:QNeed_for_Technical_Support pred:text ""I think that I would need the support of a technical person to be able to use this system. [Likert 1–5: 1 = Strongly Disagree, 5 = Strongly Agree]"" .
:QIntegration_of_Functions pred:text ""I found the various functions in this system were well integrated. [Likert 1–5: 1 = Strongly Disagree, 5 = Strongly Agree]"" .
:QInconsistency pred:text ""I thought there was too much inconsistency in this system. [Likert 1–5: 1 = Strongly Disagree, 5 = Strongly Agree]"" .
:QEase_of_Learning pred:text ""I would imagine that most people would learn to use this system very quickly. [Likert 1–5: 1 = Strongly Disagree, 5 = Strongly Agree]"" .
:QCumbersome_to_Use pred:text ""I found the system very awkward to use. [Likert 1–5: 1 = Strongly Disagree, 5 = Strongly Agree]"" .
:QConfidence_in_Use pred:text ""I felt very confident using the system. [Likert 1–5: 1 = Strongly Disagree, 5 = Strongly Agree]"" .
:QNeed_to_Learn_Before_Use pred:text ""I needed to learn a lot of things before I could get going with this system. [Likert 1–5: 1 = Strongly Disagree, 5 = Strongly Agree]"" .

# Responses
:Respondent6 a :Person ;
    pred:Name ""Clinician 6"" ;
    pred:Group ""D"" ;
    pred:Frequent_Usage ""4"" ;
    pred:System_Complexity ""1"" ;
    pred:Ease_of_Use ""5"" ;
    pred:Need_for_Technical_Support ""1"" ;
    pred:Integration_of_Functions ""4"" ;
    pred:Inconsistency ""1"" ;
    pred:Ease_of_Learning ""5"" ;
    pred:Cumbersome_to_Use ""1"" ;
    pred:Confidence_in_Use ""5"" ;
    pred:Need_to_Learn_Before_Use ""1"" .

:Respondent19 a :Person ;
    pred:Name ""Clinician 19"" ;
    pred:Group ""C"" ;
    pred:Frequent_Usage ""1"" ;
    pred:System_Complexity ""2"" ;
    pred:Ease_of_Use ""4"" ;
    pred:Need_for_Technical_Support ""1"" ;
    pred:Integration_of_Functions ""4"" ;
    pred:Inconsistency ""5"" ;
    pred:Ease_of_Learning ""4"" ;
    pred:Cumbersome_to_Use ""2"" ;
    pred:Confidence_in_Use ""4"" ;
    pred:Need_to_Learn_Before_Use ""2"" .

:Respondent83 a :Person ;
    pred:Name ""Clinician 83"" ;
    pred:Group ""D"" ;
    pred:Frequent_Usage ""4"" ;
    pred:System_Complexity ""1"" ;
    pred:Ease_of_Use ""4"" ;
    pred:Need_for_Technical_Support ""1"" ;
    pred:Integration_of_Functions ""4"" ;
    pred:Inconsistency ""1"" ;
    pred:Ease_of_Learning ""5"" ;
    pred:Cumbersome_to_Use ""1"" ;
    pred:Confidence_in_Use ""4"" ;
    pred:Need_to_Learn_Before_Use ""1"" .

</questionnaire>

<role>
You are a meticulous data analyst AI. Your primary function is to accurately analyze structured data and provide precise, verifiable answers.

</role>

<format>
You will be given a dataset with two key parts:

A 'questions' section: This is your data dictionary or schema. It is the single source of truth for understanding what each field and score means. Refer to it carefully.

A 'responses' section: This contains the raw data from each individual respondent.

To answer the question correctly, you must first use the 'questions' schema to fully understand the context and meaning of the data points within the 'responses'. Do not rely on any prior knowledge outside of this provided data. Base your entire analysis on the information given.

</format>

<output>
Provide your final answer directly and concisely. Output must be the human-readable value, not an option code.

Rules:
- For MCQ fields, map any letter codes in the Responses (case-insensitive) to the corresponding option text from the Questions schema, and output only that text. Do NOT include the letter or both.
  Example: If the schema is ""[MCQ: A. Abnormal B. Inconclusive C. Normal]"" and the response is ""a"", output ""Abnormal"".
- For open-ended fields, output the exact text value.
- If the question asks for a count, provide only the number (e.g., ""42"").
- If the question asks for a list of names or IDs, provide a simple comma-separated list (e.g., ""17, 21, 23"").
- Preserve capitalization exactly as in the schema (e.g., output ""Abnormal"", not ""abnormal"" or ""A"").

</output>

<task>
What is the system complexity score for Clinician 83?
</task>",1,True
case_22,answer_lookup,What is the integration of functions score for Clinician 7?,"@prefix : <http://example.org/survey#> .
@prefix pred: <http://example.org/predicate#> .

# Questions
:QName pred:text ""Name of the respondent [Open-ended]"" .
:QGroup pred:text ""Group of the respondent [MCQ: A. Senior B. Junior C. Middle D. Intern]"" .
:QFrequent_Usage pred:text ""I think that I would like to use this system frequently. [Likert 1–5: 1 = Strongly Disagree, 5 = Strongly Agree]"" .
:QSystem_Complexity pred:text ""I found the system unnecessarily complex. [Likert 1–5: 1 = Strongly Disagree, 5 = Strongly Agree]"" .
:QEase_of_Use pred:text ""I thought the system was easy to use. [Likert 1–5: 1 = Strongly Disagree, 5 = Strongly Agree]"" .
:QNeed_for_Technical_Support pred:text ""I think that I would need the support of a technical person to be able to use this system. [Likert 1–5: 1 = Strongly Disagree, 5 = Strongly Agree]"" .
:QIntegration_of_Functions pred:text ""I found the various functions in this system were well integrated. [Likert 1–5: 1 = Strongly Disagree, 5 = Strongly Agree]"" .
:QInconsistency pred:text ""I thought there was too much inconsistency in this system. [Likert 1–5: 1 = Strongly Disagree, 5 = Strongly Agree]"" .
:QEase_of_Learning pred:text ""I would imagine that most people would learn to use this system very quickly. [Likert 1–5: 1 = Strongly Disagree, 5 = Strongly Agree]"" .
:QCumbersome_to_Use pred:text ""I found the system very awkward to use. [Likert 1–5: 1 = Strongly Disagree, 5 = Strongly Agree]"" .
:QConfidence_in_Use pred:text ""I felt very confident using the system. [Likert 1–5: 1 = Strongly Disagree, 5 = Strongly Agree]"" .
:QNeed_to_Learn_Before_Use pred:text ""I needed to learn a lot of things before I could get going with this system. [Likert 1–5: 1 = Strongly Disagree, 5 = Strongly Agree]"" .

# Responses
:Respondent60 a :Person ;
    pred:Name ""Clinician 60"" ;
    pred:Group ""D"" ;
    pred:Frequent_Usage ""5"" ;
    pred:System_Complexity ""1"" ;
    pred:Ease_of_Use ""5"" ;
    pred:Need_for_Technical_Support ""1"" ;
    pred:Integration_of_Functions ""4"" ;
    pred:Inconsistency ""1"" ;
    pred:Ease_of_Learning ""5"" ;
    pred:Cumbersome_to_Use ""1"" ;
    pred:Confidence_in_Use ""5"" ;
    pred:Need_to_Learn_Before_Use ""1"" .

:Respondent7 a :Person ;
    pred:Name ""Clinician 7"" ;
    pred:Group ""B"" ;
    pred:Frequent_Usage ""4"" ;
    pred:System_Complexity ""1"" ;
    pred:Ease_of_Use ""5"" ;
    pred:Need_for_Technical_Support ""1"" ;
    pred:Integration_of_Functions ""5"" ;
    pred:Inconsistency ""2"" ;
    pred:Ease_of_Learning ""5"" ;
    pred:Cumbersome_to_Use ""1"" ;
    pred:Confidence_in_Use ""5"" ;
    pred:Need_to_Learn_Before_Use ""2"" .

:Respondent39 a :Person ;
    pred:Name ""Clinician 39"" ;
    pred:Group ""A"" ;
    pred:Frequent_Usage ""3"" ;
    pred:System_Complexity ""5"" ;
    pred:Ease_of_Use ""2"" ;
    pred:Need_for_Technical_Support ""5"" ;
    pred:Integration_of_Functions ""5"" ;
    pred:Inconsistency ""3"" ;
    pred:Ease_of_Learning ""5"" ;
    pred:Cumbersome_to_Use ""5"" ;
    pred:Confidence_in_Use ""4"" ;
    pred:Need_to_Learn_Before_Use ""2"" .

",5,"<questionnaire>
@prefix : <http://example.org/survey#> .
@prefix pred: <http://example.org/predicate#> .

# Questions
:QName pred:text ""Name of the respondent [Open-ended]"" .
:QGroup pred:text ""Group of the respondent [MCQ: A. Senior B. Junior C. Middle D. Intern]"" .
:QFrequent_Usage pred:text ""I think that I would like to use this system frequently. [Likert 1–5: 1 = Strongly Disagree, 5 = Strongly Agree]"" .
:QSystem_Complexity pred:text ""I found the system unnecessarily complex. [Likert 1–5: 1 = Strongly Disagree, 5 = Strongly Agree]"" .
:QEase_of_Use pred:text ""I thought the system was easy to use. [Likert 1–5: 1 = Strongly Disagree, 5 = Strongly Agree]"" .
:QNeed_for_Technical_Support pred:text ""I think that I would need the support of a technical person to be able to use this system. [Likert 1–5: 1 = Strongly Disagree, 5 = Strongly Agree]"" .
:QIntegration_of_Functions pred:text ""I found the various functions in this system were well integrated. [Likert 1–5: 1 = Strongly Disagree, 5 = Strongly Agree]"" .
:QInconsistency pred:text ""I thought there was too much inconsistency in this system. [Likert 1–5: 1 = Strongly Disagree, 5 = Strongly Agree]"" .
:QEase_of_Learning pred:text ""I would imagine that most people would learn to use this system very quickly. [Likert 1–5: 1 = Strongly Disagree, 5 = Strongly Agree]"" .
:QCumbersome_to_Use pred:text ""I found the system very awkward to use. [Likert 1–5: 1 = Strongly Disagree, 5 = Strongly Agree]"" .
:QConfidence_in_Use pred:text ""I felt very confident using the system. [Likert 1–5: 1 = Strongly Disagree, 5 = Strongly Agree]"" .
:QNeed_to_Learn_Before_Use pred:text ""I needed to learn a lot of things before I could get going with this system. [Likert 1–5: 1 = Strongly Disagree, 5 = Strongly Agree]"" .

# Responses
:Respondent60 a :Person ;
    pred:Name ""Clinician 60"" ;
    pred:Group ""D"" ;
    pred:Frequent_Usage ""5"" ;
    pred:System_Complexity ""1"" ;
    pred:Ease_of_Use ""5"" ;
    pred:Need_for_Technical_Support ""1"" ;
    pred:Integration_of_Functions ""4"" ;
    pred:Inconsistency ""1"" ;
    pred:Ease_of_Learning ""5"" ;
    pred:Cumbersome_to_Use ""1"" ;
    pred:Confidence_in_Use ""5"" ;
    pred:Need_to_Learn_Before_Use ""1"" .

:Respondent7 a :Person ;
    pred:Name ""Clinician 7"" ;
    pred:Group ""B"" ;
    pred:Frequent_Usage ""4"" ;
    pred:System_Complexity ""1"" ;
    pred:Ease_of_Use ""5"" ;
    pred:Need_for_Technical_Support ""1"" ;
    pred:Integration_of_Functions ""5"" ;
    pred:Inconsistency ""2"" ;
    pred:Ease_of_Learning ""5"" ;
    pred:Cumbersome_to_Use ""1"" ;
    pred:Confidence_in_Use ""5"" ;
    pred:Need_to_Learn_Before_Use ""2"" .

:Respondent39 a :Person ;
    pred:Name ""Clinician 39"" ;
    pred:Group ""A"" ;
    pred:Frequent_Usage ""3"" ;
    pred:System_Complexity ""5"" ;
    pred:Ease_of_Use ""2"" ;
    pred:Need_for_Technical_Support ""5"" ;
    pred:Integration_of_Functions ""5"" ;
    pred:Inconsistency ""3"" ;
    pred:Ease_of_Learning ""5"" ;
    pred:Cumbersome_to_Use ""5"" ;
    pred:Confidence_in_Use ""4"" ;
    pred:Need_to_Learn_Before_Use ""2"" .

</questionnaire>

<role>
You are a meticulous data analyst AI. Your primary function is to accurately analyze structured data and provide precise, verifiable answers.

</role>

<format>
You will be given a dataset with two key parts:

A 'questions' section: This is your data dictionary or schema. It is the single source of truth for understanding what each field and score means. Refer to it carefully.

A 'responses' section: This contains the raw data from each individual respondent.

To answer the question correctly, you must first use the 'questions' schema to fully understand the context and meaning of the data points within the 'responses'. Do not rely on any prior knowledge outside of this provided data. Base your entire analysis on the information given.

</format>

<output>
Provide your final answer directly and concisely. Output must be the human-readable value, not an option code.

Rules:
- For MCQ fields, map any letter codes in the Responses (case-insensitive) to the corresponding option text from the Questions schema, and output only that text. Do NOT include the letter or both.
  Example: If the schema is ""[MCQ: A. Abnormal B. Inconclusive C. Normal]"" and the response is ""a"", output ""Abnormal"".
- For open-ended fields, output the exact text value.
- If the question asks for a count, provide only the number (e.g., ""42"").
- If the question asks for a list of names or IDs, provide a simple comma-separated list (e.g., ""17, 21, 23"").
- Preserve capitalization exactly as in the schema (e.g., output ""Abnormal"", not ""abnormal"" or ""A"").

</output>

<task>
What is the integration of functions score for Clinician 7?
</task>",5,True
case_23,answer_lookup,What is the need to learn before use score for Clinician 72?,"@prefix : <http://example.org/survey#> .
@prefix pred: <http://example.org/predicate#> .

# Questions
:QName pred:text ""Name of the respondent [Open-ended]"" .
:QGroup pred:text ""Group of the respondent [MCQ: A. Senior B. Junior C. Middle D. Intern]"" .
:QFrequent_Usage pred:text ""I think that I would like to use this system frequently. [Likert 1–5: 1 = Strongly Disagree, 5 = Strongly Agree]"" .
:QSystem_Complexity pred:text ""I found the system unnecessarily complex. [Likert 1–5: 1 = Strongly Disagree, 5 = Strongly Agree]"" .
:QEase_of_Use pred:text ""I thought the system was easy to use. [Likert 1–5: 1 = Strongly Disagree, 5 = Strongly Agree]"" .
:QNeed_for_Technical_Support pred:text ""I think that I would need the support of a technical person to be able to use this system. [Likert 1–5: 1 = Strongly Disagree, 5 = Strongly Agree]"" .
:QIntegration_of_Functions pred:text ""I found the various functions in this system were well integrated. [Likert 1–5: 1 = Strongly Disagree, 5 = Strongly Agree]"" .
:QInconsistency pred:text ""I thought there was too much inconsistency in this system. [Likert 1–5: 1 = Strongly Disagree, 5 = Strongly Agree]"" .
:QEase_of_Learning pred:text ""I would imagine that most people would learn to use this system very quickly. [Likert 1–5: 1 = Strongly Disagree, 5 = Strongly Agree]"" .
:QCumbersome_to_Use pred:text ""I found the system very awkward to use. [Likert 1–5: 1 = Strongly Disagree, 5 = Strongly Agree]"" .
:QConfidence_in_Use pred:text ""I felt very confident using the system. [Likert 1–5: 1 = Strongly Disagree, 5 = Strongly Agree]"" .
:QNeed_to_Learn_Before_Use pred:text ""I needed to learn a lot of things before I could get going with this system. [Likert 1–5: 1 = Strongly Disagree, 5 = Strongly Agree]"" .

# Responses
:Respondent68 a :Person ;
    pred:Name ""Clinician 68"" ;
    pred:Group ""C"" ;
    pred:Frequent_Usage ""3"" ;
    pred:System_Complexity ""1"" ;
    pred:Ease_of_Use ""5"" ;
    pred:Need_for_Technical_Support ""3"" ;
    pred:Integration_of_Functions ""5"" ;
    pred:Inconsistency ""1"" ;
    pred:Ease_of_Learning ""5"" ;
    pred:Cumbersome_to_Use ""1"" ;
    pred:Confidence_in_Use ""4"" ;
    pred:Need_to_Learn_Before_Use ""1"" .

:Respondent72 a :Person ;
    pred:Name ""Clinician 72"" ;
    pred:Group ""A"" ;
    pred:Frequent_Usage ""1"" ;
    pred:System_Complexity ""5"" ;
    pred:Ease_of_Use ""1"" ;
    pred:Need_for_Technical_Support ""5"" ;
    pred:Integration_of_Functions ""1"" ;
    pred:Inconsistency ""5"" ;
    pred:Ease_of_Learning ""1"" ;
    pred:Cumbersome_to_Use ""5"" ;
    pred:Confidence_in_Use ""1"" ;
    pred:Need_to_Learn_Before_Use ""3"" .

:Respondent13 a :Person ;
    pred:Name ""Clinician 13"" ;
    pred:Group ""C"" ;
    pred:Frequent_Usage ""1"" ;
    pred:System_Complexity ""2"" ;
    pred:Ease_of_Use ""5"" ;
    pred:Need_for_Technical_Support ""1"" ;
    pred:Integration_of_Functions ""4"" ;
    pred:Inconsistency ""1"" ;
    pred:Ease_of_Learning ""4"" ;
    pred:Cumbersome_to_Use ""1"" ;
    pred:Confidence_in_Use ""5"" ;
    pred:Need_to_Learn_Before_Use ""4"" .

",3,"<questionnaire>
@prefix : <http://example.org/survey#> .
@prefix pred: <http://example.org/predicate#> .

# Questions
:QName pred:text ""Name of the respondent [Open-ended]"" .
:QGroup pred:text ""Group of the respondent [MCQ: A. Senior B. Junior C. Middle D. Intern]"" .
:QFrequent_Usage pred:text ""I think that I would like to use this system frequently. [Likert 1–5: 1 = Strongly Disagree, 5 = Strongly Agree]"" .
:QSystem_Complexity pred:text ""I found the system unnecessarily complex. [Likert 1–5: 1 = Strongly Disagree, 5 = Strongly Agree]"" .
:QEase_of_Use pred:text ""I thought the system was easy to use. [Likert 1–5: 1 = Strongly Disagree, 5 = Strongly Agree]"" .
:QNeed_for_Technical_Support pred:text ""I think that I would need the support of a technical person to be able to use this system. [Likert 1–5: 1 = Strongly Disagree, 5 = Strongly Agree]"" .
:QIntegration_of_Functions pred:text ""I found the various functions in this system were well integrated. [Likert 1–5: 1 = Strongly Disagree, 5 = Strongly Agree]"" .
:QInconsistency pred:text ""I thought there was too much inconsistency in this system. [Likert 1–5: 1 = Strongly Disagree, 5 = Strongly Agree]"" .
:QEase_of_Learning pred:text ""I would imagine that most people would learn to use this system very quickly. [Likert 1–5: 1 = Strongly Disagree, 5 = Strongly Agree]"" .
:QCumbersome_to_Use pred:text ""I found the system very awkward to use. [Likert 1–5: 1 = Strongly Disagree, 5 = Strongly Agree]"" .
:QConfidence_in_Use pred:text ""I felt very confident using the system. [Likert 1–5: 1 = Strongly Disagree, 5 = Strongly Agree]"" .
:QNeed_to_Learn_Before_Use pred:text ""I needed to learn a lot of things before I could get going with this system. [Likert 1–5: 1 = Strongly Disagree, 5 = Strongly Agree]"" .

# Responses
:Respondent68 a :Person ;
    pred:Name ""Clinician 68"" ;
    pred:Group ""C"" ;
    pred:Frequent_Usage ""3"" ;
    pred:System_Complexity ""1"" ;
    pred:Ease_of_Use ""5"" ;
    pred:Need_for_Technical_Support ""3"" ;
    pred:Integration_of_Functions ""5"" ;
    pred:Inconsistency ""1"" ;
    pred:Ease_of_Learning ""5"" ;
    pred:Cumbersome_to_Use ""1"" ;
    pred:Confidence_in_Use ""4"" ;
    pred:Need_to_Learn_Before_Use ""1"" .

:Respondent72 a :Person ;
    pred:Name ""Clinician 72"" ;
    pred:Group ""A"" ;
    pred:Frequent_Usage ""1"" ;
    pred:System_Complexity ""5"" ;
    pred:Ease_of_Use ""1"" ;
    pred:Need_for_Technical_Support ""5"" ;
    pred:Integration_of_Functions ""1"" ;
    pred:Inconsistency ""5"" ;
    pred:Ease_of_Learning ""1"" ;
    pred:Cumbersome_to_Use ""5"" ;
    pred:Confidence_in_Use ""1"" ;
    pred:Need_to_Learn_Before_Use ""3"" .

:Respondent13 a :Person ;
    pred:Name ""Clinician 13"" ;
    pred:Group ""C"" ;
    pred:Frequent_Usage ""1"" ;
    pred:System_Complexity ""2"" ;
    pred:Ease_of_Use ""5"" ;
    pred:Need_for_Technical_Support ""1"" ;
    pred:Integration_of_Functions ""4"" ;
    pred:Inconsistency ""1"" ;
    pred:Ease_of_Learning ""4"" ;
    pred:Cumbersome_to_Use ""1"" ;
    pred:Confidence_in_Use ""5"" ;
    pred:Need_to_Learn_Before_Use ""4"" .

</questionnaire>

<role>
You are a meticulous data analyst AI. Your primary function is to accurately analyze structured data and provide precise, verifiable answers.

</role>

<format>
You will be given a dataset with two key parts:

A 'questions' section: This is your data dictionary or schema. It is the single source of truth for understanding what each field and score means. Refer to it carefully.

A 'responses' section: This contains the raw data from each individual respondent.

To answer the question correctly, you must first use the 'questions' schema to fully understand the context and meaning of the data points within the 'responses'. Do not rely on any prior knowledge outside of this provided data. Base your entire analysis on the information given.

</format>

<output>
Provide your final answer directly and concisely. Output must be the human-readable value, not an option code.

Rules:
- For MCQ fields, map any letter codes in the Responses (case-insensitive) to the corresponding option text from the Questions schema, and output only that text. Do NOT include the letter or both.
  Example: If the schema is ""[MCQ: A. Abnormal B. Inconclusive C. Normal]"" and the response is ""a"", output ""Abnormal"".
- For open-ended fields, output the exact text value.
- If the question asks for a count, provide only the number (e.g., ""42"").
- If the question asks for a list of names or IDs, provide a simple comma-separated list (e.g., ""17, 21, 23"").
- Preserve capitalization exactly as in the schema (e.g., output ""Abnormal"", not ""abnormal"" or ""A"").

</output>

<task>
What is the need to learn before use score for Clinician 72?
</task>",3,True
case_24,answer_lookup,What is the need to learn before use score for Clinician 33?,"@prefix : <http://example.org/survey#> .
@prefix pred: <http://example.org/predicate#> .

# Questions
:QName pred:text ""Name of the respondent [Open-ended]"" .
:QGroup pred:text ""Group of the respondent [MCQ: A. Senior B. Junior C. Middle D. Intern]"" .
:QFrequent_Usage pred:text ""I think that I would like to use this system frequently. [Likert 1–5: 1 = Strongly Disagree, 5 = Strongly Agree]"" .
:QSystem_Complexity pred:text ""I found the system unnecessarily complex. [Likert 1–5: 1 = Strongly Disagree, 5 = Strongly Agree]"" .
:QEase_of_Use pred:text ""I thought the system was easy to use. [Likert 1–5: 1 = Strongly Disagree, 5 = Strongly Agree]"" .
:QNeed_for_Technical_Support pred:text ""I think that I would need the support of a technical person to be able to use this system. [Likert 1–5: 1 = Strongly Disagree, 5 = Strongly Agree]"" .
:QIntegration_of_Functions pred:text ""I found the various functions in this system were well integrated. [Likert 1–5: 1 = Strongly Disagree, 5 = Strongly Agree]"" .
:QInconsistency pred:text ""I thought there was too much inconsistency in this system. [Likert 1–5: 1 = Strongly Disagree, 5 = Strongly Agree]"" .
:QEase_of_Learning pred:text ""I would imagine that most people would learn to use this system very quickly. [Likert 1–5: 1 = Strongly Disagree, 5 = Strongly Agree]"" .
:QCumbersome_to_Use pred:text ""I found the system very awkward to use. [Likert 1–5: 1 = Strongly Disagree, 5 = Strongly Agree]"" .
:QConfidence_in_Use pred:text ""I felt very confident using the system. [Likert 1–5: 1 = Strongly Disagree, 5 = Strongly Agree]"" .
:QNeed_to_Learn_Before_Use pred:text ""I needed to learn a lot of things before I could get going with this system. [Likert 1–5: 1 = Strongly Disagree, 5 = Strongly Agree]"" .

# Responses
:Respondent44 a :Person ;
    pred:Name ""Clinician 44"" ;
    pred:Group ""B"" ;
    pred:Frequent_Usage ""3"" ;
    pred:System_Complexity ""2"" ;
    pred:Ease_of_Use ""5"" ;
    pred:Need_for_Technical_Support ""1"" ;
    pred:Integration_of_Functions ""2"" ;
    pred:Inconsistency ""1"" ;
    pred:Ease_of_Learning ""3"" ;
    pred:Cumbersome_to_Use ""1"" ;
    pred:Confidence_in_Use ""1"" ;
    pred:Need_to_Learn_Before_Use ""4"" .

:Respondent33 a :Person ;
    pred:Name ""Clinician 33"" ;
    pred:Group ""D"" ;
    pred:Frequent_Usage ""3"" ;
    pred:System_Complexity ""3"" ;
    pred:Ease_of_Use ""3"" ;
    pred:Need_for_Technical_Support ""3"" ;
    pred:Integration_of_Functions ""3"" ;
    pred:Inconsistency ""4"" ;
    pred:Ease_of_Learning ""2"" ;
    pred:Cumbersome_to_Use ""4"" ;
    pred:Confidence_in_Use ""5"" ;
    pred:Need_to_Learn_Before_Use ""5"" .

:Respondent46 a :Person ;
    pred:Name ""Clinician 46"" ;
    pred:Group ""A"" ;
    pred:Frequent_Usage ""4"" ;
    pred:System_Complexity ""1"" ;
    pred:Ease_of_Use ""5"" ;
    pred:Need_for_Technical_Support ""1"" ;
    pred:Integration_of_Functions ""5"" ;
    pred:Inconsistency ""1"" ;
    pred:Ease_of_Learning ""5"" ;
    pred:Cumbersome_to_Use ""1"" ;
    pred:Confidence_in_Use ""5"" ;
    pred:Need_to_Learn_Before_Use ""1"" .

",5,"<questionnaire>
@prefix : <http://example.org/survey#> .
@prefix pred: <http://example.org/predicate#> .

# Questions
:QName pred:text ""Name of the respondent [Open-ended]"" .
:QGroup pred:text ""Group of the respondent [MCQ: A. Senior B. Junior C. Middle D. Intern]"" .
:QFrequent_Usage pred:text ""I think that I would like to use this system frequently. [Likert 1–5: 1 = Strongly Disagree, 5 = Strongly Agree]"" .
:QSystem_Complexity pred:text ""I found the system unnecessarily complex. [Likert 1–5: 1 = Strongly Disagree, 5 = Strongly Agree]"" .
:QEase_of_Use pred:text ""I thought the system was easy to use. [Likert 1–5: 1 = Strongly Disagree, 5 = Strongly Agree]"" .
:QNeed_for_Technical_Support pred:text ""I think that I would need the support of a technical person to be able to use this system. [Likert 1–5: 1 = Strongly Disagree, 5 = Strongly Agree]"" .
:QIntegration_of_Functions pred:text ""I found the various functions in this system were well integrated. [Likert 1–5: 1 = Strongly Disagree, 5 = Strongly Agree]"" .
:QInconsistency pred:text ""I thought there was too much inconsistency in this system. [Likert 1–5: 1 = Strongly Disagree, 5 = Strongly Agree]"" .
:QEase_of_Learning pred:text ""I would imagine that most people would learn to use this system very quickly. [Likert 1–5: 1 = Strongly Disagree, 5 = Strongly Agree]"" .
:QCumbersome_to_Use pred:text ""I found the system very awkward to use. [Likert 1–5: 1 = Strongly Disagree, 5 = Strongly Agree]"" .
:QConfidence_in_Use pred:text ""I felt very confident using the system. [Likert 1–5: 1 = Strongly Disagree, 5 = Strongly Agree]"" .
:QNeed_to_Learn_Before_Use pred:text ""I needed to learn a lot of things before I could get going with this system. [Likert 1–5: 1 = Strongly Disagree, 5 = Strongly Agree]"" .

# Responses
:Respondent44 a :Person ;
    pred:Name ""Clinician 44"" ;
    pred:Group ""B"" ;
    pred:Frequent_Usage ""3"" ;
    pred:System_Complexity ""2"" ;
    pred:Ease_of_Use ""5"" ;
    pred:Need_for_Technical_Support ""1"" ;
    pred:Integration_of_Functions ""2"" ;
    pred:Inconsistency ""1"" ;
    pred:Ease_of_Learning ""3"" ;
    pred:Cumbersome_to_Use ""1"" ;
    pred:Confidence_in_Use ""1"" ;
    pred:Need_to_Learn_Before_Use ""4"" .

:Respondent33 a :Person ;
    pred:Name ""Clinician 33"" ;
    pred:Group ""D"" ;
    pred:Frequent_Usage ""3"" ;
    pred:System_Complexity ""3"" ;
    pred:Ease_of_Use ""3"" ;
    pred:Need_for_Technical_Support ""3"" ;
    pred:Integration_of_Functions ""3"" ;
    pred:Inconsistency ""4"" ;
    pred:Ease_of_Learning ""2"" ;
    pred:Cumbersome_to_Use ""4"" ;
    pred:Confidence_in_Use ""5"" ;
    pred:Need_to_Learn_Before_Use ""5"" .

:Respondent46 a :Person ;
    pred:Name ""Clinician 46"" ;
    pred:Group ""A"" ;
    pred:Frequent_Usage ""4"" ;
    pred:System_Complexity ""1"" ;
    pred:Ease_of_Use ""5"" ;
    pred:Need_for_Technical_Support ""1"" ;
    pred:Integration_of_Functions ""5"" ;
    pred:Inconsistency ""1"" ;
    pred:Ease_of_Learning ""5"" ;
    pred:Cumbersome_to_Use ""1"" ;
    pred:Confidence_in_Use ""5"" ;
    pred:Need_to_Learn_Before_Use ""1"" .

</questionnaire>

<role>
You are a meticulous data analyst AI. Your primary function is to accurately analyze structured data and provide precise, verifiable answers.

</role>

<format>
You will be given a dataset with two key parts:

A 'questions' section: This is your data dictionary or schema. It is the single source of truth for understanding what each field and score means. Refer to it carefully.

A 'responses' section: This contains the raw data from each individual respondent.

To answer the question correctly, you must first use the 'questions' schema to fully understand the context and meaning of the data points within the 'responses'. Do not rely on any prior knowledge outside of this provided data. Base your entire analysis on the information given.

</format>

<output>
Provide your final answer directly and concisely. Output must be the human-readable value, not an option code.

Rules:
- For MCQ fields, map any letter codes in the Responses (case-insensitive) to the corresponding option text from the Questions schema, and output only that text. Do NOT include the letter or both.
  Example: If the schema is ""[MCQ: A. Abnormal B. Inconclusive C. Normal]"" and the response is ""a"", output ""Abnormal"".
- For open-ended fields, output the exact text value.
- If the question asks for a count, provide only the number (e.g., ""42"").
- If the question asks for a list of names or IDs, provide a simple comma-separated list (e.g., ""17, 21, 23"").
- Preserve capitalization exactly as in the schema (e.g., output ""Abnormal"", not ""abnormal"" or ""A"").

</output>

<task>
What is the need to learn before use score for Clinician 33?
</task>",5,True
case_25,answer_lookup,What is the confidence in use score for Clinician 42?,"@prefix : <http://example.org/survey#> .
@prefix pred: <http://example.org/predicate#> .

# Questions
:QName pred:text ""Name of the respondent [Open-ended]"" .
:QGroup pred:text ""Group of the respondent [MCQ: A. Senior B. Junior C. Middle D. Intern]"" .
:QFrequent_Usage pred:text ""I think that I would like to use this system frequently. [Likert 1–5: 1 = Strongly Disagree, 5 = Strongly Agree]"" .
:QSystem_Complexity pred:text ""I found the system unnecessarily complex. [Likert 1–5: 1 = Strongly Disagree, 5 = Strongly Agree]"" .
:QEase_of_Use pred:text ""I thought the system was easy to use. [Likert 1–5: 1 = Strongly Disagree, 5 = Strongly Agree]"" .
:QNeed_for_Technical_Support pred:text ""I think that I would need the support of a technical person to be able to use this system. [Likert 1–5: 1 = Strongly Disagree, 5 = Strongly Agree]"" .
:QIntegration_of_Functions pred:text ""I found the various functions in this system were well integrated. [Likert 1–5: 1 = Strongly Disagree, 5 = Strongly Agree]"" .
:QInconsistency pred:text ""I thought there was too much inconsistency in this system. [Likert 1–5: 1 = Strongly Disagree, 5 = Strongly Agree]"" .
:QEase_of_Learning pred:text ""I would imagine that most people would learn to use this system very quickly. [Likert 1–5: 1 = Strongly Disagree, 5 = Strongly Agree]"" .
:QCumbersome_to_Use pred:text ""I found the system very awkward to use. [Likert 1–5: 1 = Strongly Disagree, 5 = Strongly Agree]"" .
:QConfidence_in_Use pred:text ""I felt very confident using the system. [Likert 1–5: 1 = Strongly Disagree, 5 = Strongly Agree]"" .
:QNeed_to_Learn_Before_Use pred:text ""I needed to learn a lot of things before I could get going with this system. [Likert 1–5: 1 = Strongly Disagree, 5 = Strongly Agree]"" .

# Responses
:Respondent42 a :Person ;
    pred:Name ""Clinician 42"" ;
    pred:Group ""B"" ;
    pred:Frequent_Usage ""3"" ;
    pred:System_Complexity ""1"" ;
    pred:Ease_of_Use ""3"" ;
    pred:Need_for_Technical_Support ""1"" ;
    pred:Integration_of_Functions ""5"" ;
    pred:Inconsistency ""1"" ;
    pred:Ease_of_Learning ""5"" ;
    pred:Cumbersome_to_Use ""4"" ;
    pred:Confidence_in_Use ""4"" ;
    pred:Need_to_Learn_Before_Use ""3"" .

:Respondent11 a :Person ;
    pred:Name ""Clinician 11"" ;
    pred:Group ""C"" ;
    pred:Frequent_Usage ""1"" ;
    pred:System_Complexity ""1"" ;
    pred:Ease_of_Use ""5"" ;
    pred:Need_for_Technical_Support ""1"" ;
    pred:Integration_of_Functions ""3"" ;
    pred:Inconsistency ""1"" ;
    pred:Ease_of_Learning ""1"" ;
    pred:Cumbersome_to_Use ""1"" ;
    pred:Confidence_in_Use ""5"" ;
    pred:Need_to_Learn_Before_Use ""1"" .

:Respondent62 a :Person ;
    pred:Name ""Clinician 62"" ;
    pred:Group ""C"" ;
    pred:Frequent_Usage ""2"" ;
    pred:System_Complexity ""3"" ;
    pred:Ease_of_Use ""1"" ;
    pred:Need_for_Technical_Support ""5"" ;
    pred:Integration_of_Functions ""1"" ;
    pred:Inconsistency ""5"" ;
    pred:Ease_of_Learning ""1"" ;
    pred:Cumbersome_to_Use ""4"" ;
    pred:Confidence_in_Use ""2"" ;
    pred:Need_to_Learn_Before_Use ""4"" .

",4,"<questionnaire>
@prefix : <http://example.org/survey#> .
@prefix pred: <http://example.org/predicate#> .

# Questions
:QName pred:text ""Name of the respondent [Open-ended]"" .
:QGroup pred:text ""Group of the respondent [MCQ: A. Senior B. Junior C. Middle D. Intern]"" .
:QFrequent_Usage pred:text ""I think that I would like to use this system frequently. [Likert 1–5: 1 = Strongly Disagree, 5 = Strongly Agree]"" .
:QSystem_Complexity pred:text ""I found the system unnecessarily complex. [Likert 1–5: 1 = Strongly Disagree, 5 = Strongly Agree]"" .
:QEase_of_Use pred:text ""I thought the system was easy to use. [Likert 1–5: 1 = Strongly Disagree, 5 = Strongly Agree]"" .
:QNeed_for_Technical_Support pred:text ""I think that I would need the support of a technical person to be able to use this system. [Likert 1–5: 1 = Strongly Disagree, 5 = Strongly Agree]"" .
:QIntegration_of_Functions pred:text ""I found the various functions in this system were well integrated. [Likert 1–5: 1 = Strongly Disagree, 5 = Strongly Agree]"" .
:QInconsistency pred:text ""I thought there was too much inconsistency in this system. [Likert 1–5: 1 = Strongly Disagree, 5 = Strongly Agree]"" .
:QEase_of_Learning pred:text ""I would imagine that most people would learn to use this system very quickly. [Likert 1–5: 1 = Strongly Disagree, 5 = Strongly Agree]"" .
:QCumbersome_to_Use pred:text ""I found the system very awkward to use. [Likert 1–5: 1 = Strongly Disagree, 5 = Strongly Agree]"" .
:QConfidence_in_Use pred:text ""I felt very confident using the system. [Likert 1–5: 1 = Strongly Disagree, 5 = Strongly Agree]"" .
:QNeed_to_Learn_Before_Use pred:text ""I needed to learn a lot of things before I could get going with this system. [Likert 1–5: 1 = Strongly Disagree, 5 = Strongly Agree]"" .

# Responses
:Respondent42 a :Person ;
    pred:Name ""Clinician 42"" ;
    pred:Group ""B"" ;
    pred:Frequent_Usage ""3"" ;
    pred:System_Complexity ""1"" ;
    pred:Ease_of_Use ""3"" ;
    pred:Need_for_Technical_Support ""1"" ;
    pred:Integration_of_Functions ""5"" ;
    pred:Inconsistency ""1"" ;
    pred:Ease_of_Learning ""5"" ;
    pred:Cumbersome_to_Use ""4"" ;
    pred:Confidence_in_Use ""4"" ;
    pred:Need_to_Learn_Before_Use ""3"" .

:Respondent11 a :Person ;
    pred:Name ""Clinician 11"" ;
    pred:Group ""C"" ;
    pred:Frequent_Usage ""1"" ;
    pred:System_Complexity ""1"" ;
    pred:Ease_of_Use ""5"" ;
    pred:Need_for_Technical_Support ""1"" ;
    pred:Integration_of_Functions ""3"" ;
    pred:Inconsistency ""1"" ;
    pred:Ease_of_Learning ""1"" ;
    pred:Cumbersome_to_Use ""1"" ;
    pred:Confidence_in_Use ""5"" ;
    pred:Need_to_Learn_Before_Use ""1"" .

:Respondent62 a :Person ;
    pred:Name ""Clinician 62"" ;
    pred:Group ""C"" ;
    pred:Frequent_Usage ""2"" ;
    pred:System_Complexity ""3"" ;
    pred:Ease_of_Use ""1"" ;
    pred:Need_for_Technical_Support ""5"" ;
    pred:Integration_of_Functions ""1"" ;
    pred:Inconsistency ""5"" ;
    pred:Ease_of_Learning ""1"" ;
    pred:Cumbersome_to_Use ""4"" ;
    pred:Confidence_in_Use ""2"" ;
    pred:Need_to_Learn_Before_Use ""4"" .

</questionnaire>

<role>
You are a meticulous data analyst AI. Your primary function is to accurately analyze structured data and provide precise, verifiable answers.

</role>

<format>
You will be given a dataset with two key parts:

A 'questions' section: This is your data dictionary or schema. It is the single source of truth for understanding what each field and score means. Refer to it carefully.

A 'responses' section: This contains the raw data from each individual respondent.

To answer the question correctly, you must first use the 'questions' schema to fully understand the context and meaning of the data points within the 'responses'. Do not rely on any prior knowledge outside of this provided data. Base your entire analysis on the information given.

</format>

<output>
Provide your final answer directly and concisely. Output must be the human-readable value, not an option code.

Rules:
- For MCQ fields, map any letter codes in the Responses (case-insensitive) to the corresponding option text from the Questions schema, and output only that text. Do NOT include the letter or both.
  Example: If the schema is ""[MCQ: A. Abnormal B. Inconclusive C. Normal]"" and the response is ""a"", output ""Abnormal"".
- For open-ended fields, output the exact text value.
- If the question asks for a count, provide only the number (e.g., ""42"").
- If the question asks for a list of names or IDs, provide a simple comma-separated list (e.g., ""17, 21, 23"").
- Preserve capitalization exactly as in the schema (e.g., output ""Abnormal"", not ""abnormal"" or ""A"").

</output>

<task>
What is the confidence in use score for Clinician 42?
</task>",4,True
case_26,answer_lookup,What is the group for Clinician 13?,"@prefix : <http://example.org/survey#> .
@prefix pred: <http://example.org/predicate#> .

# Questions
:QName pred:text ""Name of the respondent [Open-ended]"" .
:QGroup pred:text ""Group of the respondent [MCQ: A. Senior B. Junior C. Middle D. Intern]"" .
:QFrequent_Usage pred:text ""I think that I would like to use this system frequently. [Likert 1–5: 1 = Strongly Disagree, 5 = Strongly Agree]"" .
:QSystem_Complexity pred:text ""I found the system unnecessarily complex. [Likert 1–5: 1 = Strongly Disagree, 5 = Strongly Agree]"" .
:QEase_of_Use pred:text ""I thought the system was easy to use. [Likert 1–5: 1 = Strongly Disagree, 5 = Strongly Agree]"" .
:QNeed_for_Technical_Support pred:text ""I think that I would need the support of a technical person to be able to use this system. [Likert 1–5: 1 = Strongly Disagree, 5 = Strongly Agree]"" .
:QIntegration_of_Functions pred:text ""I found the various functions in this system were well integrated. [Likert 1–5: 1 = Strongly Disagree, 5 = Strongly Agree]"" .
:QInconsistency pred:text ""I thought there was too much inconsistency in this system. [Likert 1–5: 1 = Strongly Disagree, 5 = Strongly Agree]"" .
:QEase_of_Learning pred:text ""I would imagine that most people would learn to use this system very quickly. [Likert 1–5: 1 = Strongly Disagree, 5 = Strongly Agree]"" .
:QCumbersome_to_Use pred:text ""I found the system very awkward to use. [Likert 1–5: 1 = Strongly Disagree, 5 = Strongly Agree]"" .
:QConfidence_in_Use pred:text ""I felt very confident using the system. [Likert 1–5: 1 = Strongly Disagree, 5 = Strongly Agree]"" .
:QNeed_to_Learn_Before_Use pred:text ""I needed to learn a lot of things before I could get going with this system. [Likert 1–5: 1 = Strongly Disagree, 5 = Strongly Agree]"" .

# Responses
:Respondent17 a :Person ;
    pred:Name ""Clinician 17"" ;
    pred:Group ""C"" ;
    pred:Frequent_Usage ""1"" ;
    pred:System_Complexity ""2"" ;
    pred:Ease_of_Use ""4"" ;
    pred:Need_for_Technical_Support ""2"" ;
    pred:Integration_of_Functions ""4"" ;
    pred:Inconsistency ""2"" ;
    pred:Ease_of_Learning ""3"" ;
    pred:Cumbersome_to_Use ""2"" ;
    pred:Confidence_in_Use ""4"" ;
    pred:Need_to_Learn_Before_Use ""1"" .

:Respondent13 a :Person ;
    pred:Name ""Clinician 13"" ;
    pred:Group ""C"" ;
    pred:Frequent_Usage ""1"" ;
    pred:System_Complexity ""2"" ;
    pred:Ease_of_Use ""5"" ;
    pred:Need_for_Technical_Support ""1"" ;
    pred:Integration_of_Functions ""4"" ;
    pred:Inconsistency ""1"" ;
    pred:Ease_of_Learning ""4"" ;
    pred:Cumbersome_to_Use ""1"" ;
    pred:Confidence_in_Use ""5"" ;
    pred:Need_to_Learn_Before_Use ""4"" .

:Respondent35 a :Person ;
    pred:Name ""Clinician 35"" ;
    pred:Group ""B"" ;
    pred:Frequent_Usage ""3"" ;
    pred:System_Complexity ""1"" ;
    pred:Ease_of_Use ""3"" ;
    pred:Need_for_Technical_Support ""1"" ;
    pred:Integration_of_Functions ""3"" ;
    pred:Inconsistency ""4"" ;
    pred:Ease_of_Learning ""5"" ;
    pred:Cumbersome_to_Use ""5"" ;
    pred:Confidence_in_Use ""5"" ;
    pred:Need_to_Learn_Before_Use ""2"" .

",C,"<questionnaire>
@prefix : <http://example.org/survey#> .
@prefix pred: <http://example.org/predicate#> .

# Questions
:QName pred:text ""Name of the respondent [Open-ended]"" .
:QGroup pred:text ""Group of the respondent [MCQ: A. Senior B. Junior C. Middle D. Intern]"" .
:QFrequent_Usage pred:text ""I think that I would like to use this system frequently. [Likert 1–5: 1 = Strongly Disagree, 5 = Strongly Agree]"" .
:QSystem_Complexity pred:text ""I found the system unnecessarily complex. [Likert 1–5: 1 = Strongly Disagree, 5 = Strongly Agree]"" .
:QEase_of_Use pred:text ""I thought the system was easy to use. [Likert 1–5: 1 = Strongly Disagree, 5 = Strongly Agree]"" .
:QNeed_for_Technical_Support pred:text ""I think that I would need the support of a technical person to be able to use this system. [Likert 1–5: 1 = Strongly Disagree, 5 = Strongly Agree]"" .
:QIntegration_of_Functions pred:text ""I found the various functions in this system were well integrated. [Likert 1–5: 1 = Strongly Disagree, 5 = Strongly Agree]"" .
:QInconsistency pred:text ""I thought there was too much inconsistency in this system. [Likert 1–5: 1 = Strongly Disagree, 5 = Strongly Agree]"" .
:QEase_of_Learning pred:text ""I would imagine that most people would learn to use this system very quickly. [Likert 1–5: 1 = Strongly Disagree, 5 = Strongly Agree]"" .
:QCumbersome_to_Use pred:text ""I found the system very awkward to use. [Likert 1–5: 1 = Strongly Disagree, 5 = Strongly Agree]"" .
:QConfidence_in_Use pred:text ""I felt very confident using the system. [Likert 1–5: 1 = Strongly Disagree, 5 = Strongly Agree]"" .
:QNeed_to_Learn_Before_Use pred:text ""I needed to learn a lot of things before I could get going with this system. [Likert 1–5: 1 = Strongly Disagree, 5 = Strongly Agree]"" .

# Responses
:Respondent17 a :Person ;
    pred:Name ""Clinician 17"" ;
    pred:Group ""C"" ;
    pred:Frequent_Usage ""1"" ;
    pred:System_Complexity ""2"" ;
    pred:Ease_of_Use ""4"" ;
    pred:Need_for_Technical_Support ""2"" ;
    pred:Integration_of_Functions ""4"" ;
    pred:Inconsistency ""2"" ;
    pred:Ease_of_Learning ""3"" ;
    pred:Cumbersome_to_Use ""2"" ;
    pred:Confidence_in_Use ""4"" ;
    pred:Need_to_Learn_Before_Use ""1"" .

:Respondent13 a :Person ;
    pred:Name ""Clinician 13"" ;
    pred:Group ""C"" ;
    pred:Frequent_Usage ""1"" ;
    pred:System_Complexity ""2"" ;
    pred:Ease_of_Use ""5"" ;
    pred:Need_for_Technical_Support ""1"" ;
    pred:Integration_of_Functions ""4"" ;
    pred:Inconsistency ""1"" ;
    pred:Ease_of_Learning ""4"" ;
    pred:Cumbersome_to_Use ""1"" ;
    pred:Confidence_in_Use ""5"" ;
    pred:Need_to_Learn_Before_Use ""4"" .

:Respondent35 a :Person ;
    pred:Name ""Clinician 35"" ;
    pred:Group ""B"" ;
    pred:Frequent_Usage ""3"" ;
    pred:System_Complexity ""1"" ;
    pred:Ease_of_Use ""3"" ;
    pred:Need_for_Technical_Support ""1"" ;
    pred:Integration_of_Functions ""3"" ;
    pred:Inconsistency ""4"" ;
    pred:Ease_of_Learning ""5"" ;
    pred:Cumbersome_to_Use ""5"" ;
    pred:Confidence_in_Use ""5"" ;
    pred:Need_to_Learn_Before_Use ""2"" .

</questionnaire>

<role>
You are a meticulous data analyst AI. Your primary function is to accurately analyze structured data and provide precise, verifiable answers.

</role>

<format>
You will be given a dataset with two key parts:

A 'questions' section: This is your data dictionary or schema. It is the single source of truth for understanding what each field and score means. Refer to it carefully.

A 'responses' section: This contains the raw data from each individual respondent.

To answer the question correctly, you must first use the 'questions' schema to fully understand the context and meaning of the data points within the 'responses'. Do not rely on any prior knowledge outside of this provided data. Base your entire analysis on the information given.

</format>

<output>
Provide your final answer directly and concisely. Output must be the human-readable value, not an option code.

Rules:
- For MCQ fields, map any letter codes in the Responses (case-insensitive) to the corresponding option text from the Questions schema, and output only that text. Do NOT include the letter or both.
  Example: If the schema is ""[MCQ: A. Abnormal B. Inconclusive C. Normal]"" and the response is ""a"", output ""Abnormal"".
- For open-ended fields, output the exact text value.
- If the question asks for a count, provide only the number (e.g., ""42"").
- If the question asks for a list of names or IDs, provide a simple comma-separated list (e.g., ""17, 21, 23"").
- Preserve capitalization exactly as in the schema (e.g., output ""Abnormal"", not ""abnormal"" or ""A"").

</output>

<task>
What is the group for Clinician 13?
</task>",Middle,False
case_27,answer_lookup,What is the need for technical support score for Clinician 52?,"@prefix : <http://example.org/survey#> .
@prefix pred: <http://example.org/predicate#> .

# Questions
:QName pred:text ""Name of the respondent [Open-ended]"" .
:QGroup pred:text ""Group of the respondent [MCQ: A. Senior B. Junior C. Middle D. Intern]"" .
:QFrequent_Usage pred:text ""I think that I would like to use this system frequently. [Likert 1–5: 1 = Strongly Disagree, 5 = Strongly Agree]"" .
:QSystem_Complexity pred:text ""I found the system unnecessarily complex. [Likert 1–5: 1 = Strongly Disagree, 5 = Strongly Agree]"" .
:QEase_of_Use pred:text ""I thought the system was easy to use. [Likert 1–5: 1 = Strongly Disagree, 5 = Strongly Agree]"" .
:QNeed_for_Technical_Support pred:text ""I think that I would need the support of a technical person to be able to use this system. [Likert 1–5: 1 = Strongly Disagree, 5 = Strongly Agree]"" .
:QIntegration_of_Functions pred:text ""I found the various functions in this system were well integrated. [Likert 1–5: 1 = Strongly Disagree, 5 = Strongly Agree]"" .
:QInconsistency pred:text ""I thought there was too much inconsistency in this system. [Likert 1–5: 1 = Strongly Disagree, 5 = Strongly Agree]"" .
:QEase_of_Learning pred:text ""I would imagine that most people would learn to use this system very quickly. [Likert 1–5: 1 = Strongly Disagree, 5 = Strongly Agree]"" .
:QCumbersome_to_Use pred:text ""I found the system very awkward to use. [Likert 1–5: 1 = Strongly Disagree, 5 = Strongly Agree]"" .
:QConfidence_in_Use pred:text ""I felt very confident using the system. [Likert 1–5: 1 = Strongly Disagree, 5 = Strongly Agree]"" .
:QNeed_to_Learn_Before_Use pred:text ""I needed to learn a lot of things before I could get going with this system. [Likert 1–5: 1 = Strongly Disagree, 5 = Strongly Agree]"" .

# Responses
:Respondent38 a :Person ;
    pred:Name ""Clinician 38"" ;
    pred:Group ""D"" ;
    pred:Frequent_Usage ""2"" ;
    pred:System_Complexity ""1"" ;
    pred:Ease_of_Use ""2"" ;
    pred:Need_for_Technical_Support ""2"" ;
    pred:Integration_of_Functions ""4"" ;
    pred:Inconsistency ""1"" ;
    pred:Ease_of_Learning ""3"" ;
    pred:Cumbersome_to_Use ""3"" ;
    pred:Confidence_in_Use ""1"" ;
    pred:Need_to_Learn_Before_Use ""1"" .

:Respondent63 a :Person ;
    pred:Name ""Clinician 63"" ;
    pred:Group ""D"" ;
    pred:Frequent_Usage ""2"" ;
    pred:System_Complexity ""3"" ;
    pred:Ease_of_Use ""1"" ;
    pred:Need_for_Technical_Support ""5"" ;
    pred:Integration_of_Functions ""2"" ;
    pred:Inconsistency ""4"" ;
    pred:Ease_of_Learning ""1"" ;
    pred:Cumbersome_to_Use ""4"" ;
    pred:Confidence_in_Use ""2"" ;
    pred:Need_to_Learn_Before_Use ""5"" .

:Respondent52 a :Person ;
    pred:Name ""Clinician 52"" ;
    pred:Group ""B"" ;
    pred:Frequent_Usage ""1"" ;
    pred:System_Complexity ""5"" ;
    pred:Ease_of_Use ""1"" ;
    pred:Need_for_Technical_Support ""4"" ;
    pred:Integration_of_Functions ""1"" ;
    pred:Inconsistency ""4"" ;
    pred:Ease_of_Learning ""2"" ;
    pred:Cumbersome_to_Use ""5"" ;
    pred:Confidence_in_Use ""1"" ;
    pred:Need_to_Learn_Before_Use ""5"" .

",4,"<questionnaire>
@prefix : <http://example.org/survey#> .
@prefix pred: <http://example.org/predicate#> .

# Questions
:QName pred:text ""Name of the respondent [Open-ended]"" .
:QGroup pred:text ""Group of the respondent [MCQ: A. Senior B. Junior C. Middle D. Intern]"" .
:QFrequent_Usage pred:text ""I think that I would like to use this system frequently. [Likert 1–5: 1 = Strongly Disagree, 5 = Strongly Agree]"" .
:QSystem_Complexity pred:text ""I found the system unnecessarily complex. [Likert 1–5: 1 = Strongly Disagree, 5 = Strongly Agree]"" .
:QEase_of_Use pred:text ""I thought the system was easy to use. [Likert 1–5: 1 = Strongly Disagree, 5 = Strongly Agree]"" .
:QNeed_for_Technical_Support pred:text ""I think that I would need the support of a technical person to be able to use this system. [Likert 1–5: 1 = Strongly Disagree, 5 = Strongly Agree]"" .
:QIntegration_of_Functions pred:text ""I found the various functions in this system were well integrated. [Likert 1–5: 1 = Strongly Disagree, 5 = Strongly Agree]"" .
:QInconsistency pred:text ""I thought there was too much inconsistency in this system. [Likert 1–5: 1 = Strongly Disagree, 5 = Strongly Agree]"" .
:QEase_of_Learning pred:text ""I would imagine that most people would learn to use this system very quickly. [Likert 1–5: 1 = Strongly Disagree, 5 = Strongly Agree]"" .
:QCumbersome_to_Use pred:text ""I found the system very awkward to use. [Likert 1–5: 1 = Strongly Disagree, 5 = Strongly Agree]"" .
:QConfidence_in_Use pred:text ""I felt very confident using the system. [Likert 1–5: 1 = Strongly Disagree, 5 = Strongly Agree]"" .
:QNeed_to_Learn_Before_Use pred:text ""I needed to learn a lot of things before I could get going with this system. [Likert 1–5: 1 = Strongly Disagree, 5 = Strongly Agree]"" .

# Responses
:Respondent38 a :Person ;
    pred:Name ""Clinician 38"" ;
    pred:Group ""D"" ;
    pred:Frequent_Usage ""2"" ;
    pred:System_Complexity ""1"" ;
    pred:Ease_of_Use ""2"" ;
    pred:Need_for_Technical_Support ""2"" ;
    pred:Integration_of_Functions ""4"" ;
    pred:Inconsistency ""1"" ;
    pred:Ease_of_Learning ""3"" ;
    pred:Cumbersome_to_Use ""3"" ;
    pred:Confidence_in_Use ""1"" ;
    pred:Need_to_Learn_Before_Use ""1"" .

:Respondent63 a :Person ;
    pred:Name ""Clinician 63"" ;
    pred:Group ""D"" ;
    pred:Frequent_Usage ""2"" ;
    pred:System_Complexity ""3"" ;
    pred:Ease_of_Use ""1"" ;
    pred:Need_for_Technical_Support ""5"" ;
    pred:Integration_of_Functions ""2"" ;
    pred:Inconsistency ""4"" ;
    pred:Ease_of_Learning ""1"" ;
    pred:Cumbersome_to_Use ""4"" ;
    pred:Confidence_in_Use ""2"" ;
    pred:Need_to_Learn_Before_Use ""5"" .

:Respondent52 a :Person ;
    pred:Name ""Clinician 52"" ;
    pred:Group ""B"" ;
    pred:Frequent_Usage ""1"" ;
    pred:System_Complexity ""5"" ;
    pred:Ease_of_Use ""1"" ;
    pred:Need_for_Technical_Support ""4"" ;
    pred:Integration_of_Functions ""1"" ;
    pred:Inconsistency ""4"" ;
    pred:Ease_of_Learning ""2"" ;
    pred:Cumbersome_to_Use ""5"" ;
    pred:Confidence_in_Use ""1"" ;
    pred:Need_to_Learn_Before_Use ""5"" .

</questionnaire>

<role>
You are a meticulous data analyst AI. Your primary function is to accurately analyze structured data and provide precise, verifiable answers.

</role>

<format>
You will be given a dataset with two key parts:

A 'questions' section: This is your data dictionary or schema. It is the single source of truth for understanding what each field and score means. Refer to it carefully.

A 'responses' section: This contains the raw data from each individual respondent.

To answer the question correctly, you must first use the 'questions' schema to fully understand the context and meaning of the data points within the 'responses'. Do not rely on any prior knowledge outside of this provided data. Base your entire analysis on the information given.

</format>

<output>
Provide your final answer directly and concisely. Output must be the human-readable value, not an option code.

Rules:
- For MCQ fields, map any letter codes in the Responses (case-insensitive) to the corresponding option text from the Questions schema, and output only that text. Do NOT include the letter or both.
  Example: If the schema is ""[MCQ: A. Abnormal B. Inconclusive C. Normal]"" and the response is ""a"", output ""Abnormal"".
- For open-ended fields, output the exact text value.
- If the question asks for a count, provide only the number (e.g., ""42"").
- If the question asks for a list of names or IDs, provide a simple comma-separated list (e.g., ""17, 21, 23"").
- Preserve capitalization exactly as in the schema (e.g., output ""Abnormal"", not ""abnormal"" or ""A"").

</output>

<task>
What is the need for technical support score for Clinician 52?
</task>",4,True
case_28,answer_lookup,What is the confidence in use score for Clinician 80?,"@prefix : <http://example.org/survey#> .
@prefix pred: <http://example.org/predicate#> .

# Questions
:QName pred:text ""Name of the respondent [Open-ended]"" .
:QGroup pred:text ""Group of the respondent [MCQ: A. Senior B. Junior C. Middle D. Intern]"" .
:QFrequent_Usage pred:text ""I think that I would like to use this system frequently. [Likert 1–5: 1 = Strongly Disagree, 5 = Strongly Agree]"" .
:QSystem_Complexity pred:text ""I found the system unnecessarily complex. [Likert 1–5: 1 = Strongly Disagree, 5 = Strongly Agree]"" .
:QEase_of_Use pred:text ""I thought the system was easy to use. [Likert 1–5: 1 = Strongly Disagree, 5 = Strongly Agree]"" .
:QNeed_for_Technical_Support pred:text ""I think that I would need the support of a technical person to be able to use this system. [Likert 1–5: 1 = Strongly Disagree, 5 = Strongly Agree]"" .
:QIntegration_of_Functions pred:text ""I found the various functions in this system were well integrated. [Likert 1–5: 1 = Strongly Disagree, 5 = Strongly Agree]"" .
:QInconsistency pred:text ""I thought there was too much inconsistency in this system. [Likert 1–5: 1 = Strongly Disagree, 5 = Strongly Agree]"" .
:QEase_of_Learning pred:text ""I would imagine that most people would learn to use this system very quickly. [Likert 1–5: 1 = Strongly Disagree, 5 = Strongly Agree]"" .
:QCumbersome_to_Use pred:text ""I found the system very awkward to use. [Likert 1–5: 1 = Strongly Disagree, 5 = Strongly Agree]"" .
:QConfidence_in_Use pred:text ""I felt very confident using the system. [Likert 1–5: 1 = Strongly Disagree, 5 = Strongly Agree]"" .
:QNeed_to_Learn_Before_Use pred:text ""I needed to learn a lot of things before I could get going with this system. [Likert 1–5: 1 = Strongly Disagree, 5 = Strongly Agree]"" .

# Responses
:Respondent41 a :Person ;
    pred:Name ""Clinician 41"" ;
    pred:Group ""A"" ;
    pred:Frequent_Usage ""2"" ;
    pred:System_Complexity ""1"" ;
    pred:Ease_of_Use ""1"" ;
    pred:Need_for_Technical_Support ""3"" ;
    pred:Integration_of_Functions ""1"" ;
    pred:Inconsistency ""2"" ;
    pred:Ease_of_Learning ""1"" ;
    pred:Cumbersome_to_Use ""5"" ;
    pred:Confidence_in_Use ""4"" ;
    pred:Need_to_Learn_Before_Use ""2"" .

:Respondent72 a :Person ;
    pred:Name ""Clinician 72"" ;
    pred:Group ""A"" ;
    pred:Frequent_Usage ""1"" ;
    pred:System_Complexity ""5"" ;
    pred:Ease_of_Use ""1"" ;
    pred:Need_for_Technical_Support ""5"" ;
    pred:Integration_of_Functions ""1"" ;
    pred:Inconsistency ""5"" ;
    pred:Ease_of_Learning ""1"" ;
    pred:Cumbersome_to_Use ""5"" ;
    pred:Confidence_in_Use ""1"" ;
    pred:Need_to_Learn_Before_Use ""3"" .

:Respondent80 a :Person ;
    pred:Name ""Clinician 80"" ;
    pred:Group ""B"" ;
    pred:Frequent_Usage ""4"" ;
    pred:System_Complexity ""1"" ;
    pred:Ease_of_Use ""4"" ;
    pred:Need_for_Technical_Support ""3"" ;
    pred:Integration_of_Functions ""4"" ;
    pred:Inconsistency ""2"" ;
    pred:Ease_of_Learning ""4"" ;
    pred:Cumbersome_to_Use ""1"" ;
    pred:Confidence_in_Use ""3"" ;
    pred:Need_to_Learn_Before_Use ""3"" .

",3,"<questionnaire>
@prefix : <http://example.org/survey#> .
@prefix pred: <http://example.org/predicate#> .

# Questions
:QName pred:text ""Name of the respondent [Open-ended]"" .
:QGroup pred:text ""Group of the respondent [MCQ: A. Senior B. Junior C. Middle D. Intern]"" .
:QFrequent_Usage pred:text ""I think that I would like to use this system frequently. [Likert 1–5: 1 = Strongly Disagree, 5 = Strongly Agree]"" .
:QSystem_Complexity pred:text ""I found the system unnecessarily complex. [Likert 1–5: 1 = Strongly Disagree, 5 = Strongly Agree]"" .
:QEase_of_Use pred:text ""I thought the system was easy to use. [Likert 1–5: 1 = Strongly Disagree, 5 = Strongly Agree]"" .
:QNeed_for_Technical_Support pred:text ""I think that I would need the support of a technical person to be able to use this system. [Likert 1–5: 1 = Strongly Disagree, 5 = Strongly Agree]"" .
:QIntegration_of_Functions pred:text ""I found the various functions in this system were well integrated. [Likert 1–5: 1 = Strongly Disagree, 5 = Strongly Agree]"" .
:QInconsistency pred:text ""I thought there was too much inconsistency in this system. [Likert 1–5: 1 = Strongly Disagree, 5 = Strongly Agree]"" .
:QEase_of_Learning pred:text ""I would imagine that most people would learn to use this system very quickly. [Likert 1–5: 1 = Strongly Disagree, 5 = Strongly Agree]"" .
:QCumbersome_to_Use pred:text ""I found the system very awkward to use. [Likert 1–5: 1 = Strongly Disagree, 5 = Strongly Agree]"" .
:QConfidence_in_Use pred:text ""I felt very confident using the system. [Likert 1–5: 1 = Strongly Disagree, 5 = Strongly Agree]"" .
:QNeed_to_Learn_Before_Use pred:text ""I needed to learn a lot of things before I could get going with this system. [Likert 1–5: 1 = Strongly Disagree, 5 = Strongly Agree]"" .

# Responses
:Respondent41 a :Person ;
    pred:Name ""Clinician 41"" ;
    pred:Group ""A"" ;
    pred:Frequent_Usage ""2"" ;
    pred:System_Complexity ""1"" ;
    pred:Ease_of_Use ""1"" ;
    pred:Need_for_Technical_Support ""3"" ;
    pred:Integration_of_Functions ""1"" ;
    pred:Inconsistency ""2"" ;
    pred:Ease_of_Learning ""1"" ;
    pred:Cumbersome_to_Use ""5"" ;
    pred:Confidence_in_Use ""4"" ;
    pred:Need_to_Learn_Before_Use ""2"" .

:Respondent72 a :Person ;
    pred:Name ""Clinician 72"" ;
    pred:Group ""A"" ;
    pred:Frequent_Usage ""1"" ;
    pred:System_Complexity ""5"" ;
    pred:Ease_of_Use ""1"" ;
    pred:Need_for_Technical_Support ""5"" ;
    pred:Integration_of_Functions ""1"" ;
    pred:Inconsistency ""5"" ;
    pred:Ease_of_Learning ""1"" ;
    pred:Cumbersome_to_Use ""5"" ;
    pred:Confidence_in_Use ""1"" ;
    pred:Need_to_Learn_Before_Use ""3"" .

:Respondent80 a :Person ;
    pred:Name ""Clinician 80"" ;
    pred:Group ""B"" ;
    pred:Frequent_Usage ""4"" ;
    pred:System_Complexity ""1"" ;
    pred:Ease_of_Use ""4"" ;
    pred:Need_for_Technical_Support ""3"" ;
    pred:Integration_of_Functions ""4"" ;
    pred:Inconsistency ""2"" ;
    pred:Ease_of_Learning ""4"" ;
    pred:Cumbersome_to_Use ""1"" ;
    pred:Confidence_in_Use ""3"" ;
    pred:Need_to_Learn_Before_Use ""3"" .

</questionnaire>

<role>
You are a meticulous data analyst AI. Your primary function is to accurately analyze structured data and provide precise, verifiable answers.

</role>

<format>
You will be given a dataset with two key parts:

A 'questions' section: This is your data dictionary or schema. It is the single source of truth for understanding what each field and score means. Refer to it carefully.

A 'responses' section: This contains the raw data from each individual respondent.

To answer the question correctly, you must first use the 'questions' schema to fully understand the context and meaning of the data points within the 'responses'. Do not rely on any prior knowledge outside of this provided data. Base your entire analysis on the information given.

</format>

<output>
Provide your final answer directly and concisely. Output must be the human-readable value, not an option code.

Rules:
- For MCQ fields, map any letter codes in the Responses (case-insensitive) to the corresponding option text from the Questions schema, and output only that text. Do NOT include the letter or both.
  Example: If the schema is ""[MCQ: A. Abnormal B. Inconclusive C. Normal]"" and the response is ""a"", output ""Abnormal"".
- For open-ended fields, output the exact text value.
- If the question asks for a count, provide only the number (e.g., ""42"").
- If the question asks for a list of names or IDs, provide a simple comma-separated list (e.g., ""17, 21, 23"").
- Preserve capitalization exactly as in the schema (e.g., output ""Abnormal"", not ""abnormal"" or ""A"").

</output>

<task>
What is the confidence in use score for Clinician 80?
</task>",3,True
case_29,answer_lookup,What is the ease of use score for Clinician 88?,"@prefix : <http://example.org/survey#> .
@prefix pred: <http://example.org/predicate#> .

# Questions
:QName pred:text ""Name of the respondent [Open-ended]"" .
:QGroup pred:text ""Group of the respondent [MCQ: A. Senior B. Junior C. Middle D. Intern]"" .
:QFrequent_Usage pred:text ""I think that I would like to use this system frequently. [Likert 1–5: 1 = Strongly Disagree, 5 = Strongly Agree]"" .
:QSystem_Complexity pred:text ""I found the system unnecessarily complex. [Likert 1–5: 1 = Strongly Disagree, 5 = Strongly Agree]"" .
:QEase_of_Use pred:text ""I thought the system was easy to use. [Likert 1–5: 1 = Strongly Disagree, 5 = Strongly Agree]"" .
:QNeed_for_Technical_Support pred:text ""I think that I would need the support of a technical person to be able to use this system. [Likert 1–5: 1 = Strongly Disagree, 5 = Strongly Agree]"" .
:QIntegration_of_Functions pred:text ""I found the various functions in this system were well integrated. [Likert 1–5: 1 = Strongly Disagree, 5 = Strongly Agree]"" .
:QInconsistency pred:text ""I thought there was too much inconsistency in this system. [Likert 1–5: 1 = Strongly Disagree, 5 = Strongly Agree]"" .
:QEase_of_Learning pred:text ""I would imagine that most people would learn to use this system very quickly. [Likert 1–5: 1 = Strongly Disagree, 5 = Strongly Agree]"" .
:QCumbersome_to_Use pred:text ""I found the system very awkward to use. [Likert 1–5: 1 = Strongly Disagree, 5 = Strongly Agree]"" .
:QConfidence_in_Use pred:text ""I felt very confident using the system. [Likert 1–5: 1 = Strongly Disagree, 5 = Strongly Agree]"" .
:QNeed_to_Learn_Before_Use pred:text ""I needed to learn a lot of things before I could get going with this system. [Likert 1–5: 1 = Strongly Disagree, 5 = Strongly Agree]"" .

# Responses
:Respondent14 a :Person ;
    pred:Name ""Clinician 14"" ;
    pred:Group ""C"" ;
    pred:Frequent_Usage ""1"" ;
    pred:System_Complexity ""1"" ;
    pred:Ease_of_Use ""5"" ;
    pred:Need_for_Technical_Support ""1"" ;
    pred:Integration_of_Functions ""3"" ;
    pred:Inconsistency ""1"" ;
    pred:Ease_of_Learning ""4"" ;
    pred:Cumbersome_to_Use ""2"" ;
    pred:Confidence_in_Use ""4"" ;
    pred:Need_to_Learn_Before_Use ""2"" .

:Respondent50 a :Person ;
    pred:Name ""Clinician 50"" ;
    pred:Group ""D"" ;
    pred:Frequent_Usage ""5"" ;
    pred:System_Complexity ""1"" ;
    pred:Ease_of_Use ""5"" ;
    pred:Need_for_Technical_Support ""2"" ;
    pred:Integration_of_Functions ""5"" ;
    pred:Inconsistency ""1"" ;
    pred:Ease_of_Learning ""5"" ;
    pred:Cumbersome_to_Use ""1"" ;
    pred:Confidence_in_Use ""5"" ;
    pred:Need_to_Learn_Before_Use ""2"" .

:Respondent88 a :Person ;
    pred:Name ""Clinician 88"" ;
    pred:Group ""C"" ;
    pred:Frequent_Usage ""3"" ;
    pred:System_Complexity ""1"" ;
    pred:Ease_of_Use ""5"" ;
    pred:Need_for_Technical_Support ""1"" ;
    pred:Integration_of_Functions ""5"" ;
    pred:Inconsistency ""1"" ;
    pred:Ease_of_Learning ""5"" ;
    pred:Cumbersome_to_Use ""1"" ;
    pred:Confidence_in_Use ""5"" ;
    pred:Need_to_Learn_Before_Use ""1"" .

",5,"<questionnaire>
@prefix : <http://example.org/survey#> .
@prefix pred: <http://example.org/predicate#> .

# Questions
:QName pred:text ""Name of the respondent [Open-ended]"" .
:QGroup pred:text ""Group of the respondent [MCQ: A. Senior B. Junior C. Middle D. Intern]"" .
:QFrequent_Usage pred:text ""I think that I would like to use this system frequently. [Likert 1–5: 1 = Strongly Disagree, 5 = Strongly Agree]"" .
:QSystem_Complexity pred:text ""I found the system unnecessarily complex. [Likert 1–5: 1 = Strongly Disagree, 5 = Strongly Agree]"" .
:QEase_of_Use pred:text ""I thought the system was easy to use. [Likert 1–5: 1 = Strongly Disagree, 5 = Strongly Agree]"" .
:QNeed_for_Technical_Support pred:text ""I think that I would need the support of a technical person to be able to use this system. [Likert 1–5: 1 = Strongly Disagree, 5 = Strongly Agree]"" .
:QIntegration_of_Functions pred:text ""I found the various functions in this system were well integrated. [Likert 1–5: 1 = Strongly Disagree, 5 = Strongly Agree]"" .
:QInconsistency pred:text ""I thought there was too much inconsistency in this system. [Likert 1–5: 1 = Strongly Disagree, 5 = Strongly Agree]"" .
:QEase_of_Learning pred:text ""I would imagine that most people would learn to use this system very quickly. [Likert 1–5: 1 = Strongly Disagree, 5 = Strongly Agree]"" .
:QCumbersome_to_Use pred:text ""I found the system very awkward to use. [Likert 1–5: 1 = Strongly Disagree, 5 = Strongly Agree]"" .
:QConfidence_in_Use pred:text ""I felt very confident using the system. [Likert 1–5: 1 = Strongly Disagree, 5 = Strongly Agree]"" .
:QNeed_to_Learn_Before_Use pred:text ""I needed to learn a lot of things before I could get going with this system. [Likert 1–5: 1 = Strongly Disagree, 5 = Strongly Agree]"" .

# Responses
:Respondent14 a :Person ;
    pred:Name ""Clinician 14"" ;
    pred:Group ""C"" ;
    pred:Frequent_Usage ""1"" ;
    pred:System_Complexity ""1"" ;
    pred:Ease_of_Use ""5"" ;
    pred:Need_for_Technical_Support ""1"" ;
    pred:Integration_of_Functions ""3"" ;
    pred:Inconsistency ""1"" ;
    pred:Ease_of_Learning ""4"" ;
    pred:Cumbersome_to_Use ""2"" ;
    pred:Confidence_in_Use ""4"" ;
    pred:Need_to_Learn_Before_Use ""2"" .

:Respondent50 a :Person ;
    pred:Name ""Clinician 50"" ;
    pred:Group ""D"" ;
    pred:Frequent_Usage ""5"" ;
    pred:System_Complexity ""1"" ;
    pred:Ease_of_Use ""5"" ;
    pred:Need_for_Technical_Support ""2"" ;
    pred:Integration_of_Functions ""5"" ;
    pred:Inconsistency ""1"" ;
    pred:Ease_of_Learning ""5"" ;
    pred:Cumbersome_to_Use ""1"" ;
    pred:Confidence_in_Use ""5"" ;
    pred:Need_to_Learn_Before_Use ""2"" .

:Respondent88 a :Person ;
    pred:Name ""Clinician 88"" ;
    pred:Group ""C"" ;
    pred:Frequent_Usage ""3"" ;
    pred:System_Complexity ""1"" ;
    pred:Ease_of_Use ""5"" ;
    pred:Need_for_Technical_Support ""1"" ;
    pred:Integration_of_Functions ""5"" ;
    pred:Inconsistency ""1"" ;
    pred:Ease_of_Learning ""5"" ;
    pred:Cumbersome_to_Use ""1"" ;
    pred:Confidence_in_Use ""5"" ;
    pred:Need_to_Learn_Before_Use ""1"" .

</questionnaire>

<role>
You are a meticulous data analyst AI. Your primary function is to accurately analyze structured data and provide precise, verifiable answers.

</role>

<format>
You will be given a dataset with two key parts:

A 'questions' section: This is your data dictionary or schema. It is the single source of truth for understanding what each field and score means. Refer to it carefully.

A 'responses' section: This contains the raw data from each individual respondent.

To answer the question correctly, you must first use the 'questions' schema to fully understand the context and meaning of the data points within the 'responses'. Do not rely on any prior knowledge outside of this provided data. Base your entire analysis on the information given.

</format>

<output>
Provide your final answer directly and concisely. Output must be the human-readable value, not an option code.

Rules:
- For MCQ fields, map any letter codes in the Responses (case-insensitive) to the corresponding option text from the Questions schema, and output only that text. Do NOT include the letter or both.
  Example: If the schema is ""[MCQ: A. Abnormal B. Inconclusive C. Normal]"" and the response is ""a"", output ""Abnormal"".
- For open-ended fields, output the exact text value.
- If the question asks for a count, provide only the number (e.g., ""42"").
- If the question asks for a list of names or IDs, provide a simple comma-separated list (e.g., ""17, 21, 23"").
- Preserve capitalization exactly as in the schema (e.g., output ""Abnormal"", not ""abnormal"" or ""A"").

</output>

<task>
What is the ease of use score for Clinician 88?
</task>",5,True
case_30,answer_lookup,What is the integration of functions score for Clinician 5?,"@prefix : <http://example.org/survey#> .
@prefix pred: <http://example.org/predicate#> .

# Questions
:QName pred:text ""Name of the respondent [Open-ended]"" .
:QGroup pred:text ""Group of the respondent [MCQ: A. Senior B. Junior C. Middle D. Intern]"" .
:QFrequent_Usage pred:text ""I think that I would like to use this system frequently. [Likert 1–5: 1 = Strongly Disagree, 5 = Strongly Agree]"" .
:QSystem_Complexity pred:text ""I found the system unnecessarily complex. [Likert 1–5: 1 = Strongly Disagree, 5 = Strongly Agree]"" .
:QEase_of_Use pred:text ""I thought the system was easy to use. [Likert 1–5: 1 = Strongly Disagree, 5 = Strongly Agree]"" .
:QNeed_for_Technical_Support pred:text ""I think that I would need the support of a technical person to be able to use this system. [Likert 1–5: 1 = Strongly Disagree, 5 = Strongly Agree]"" .
:QIntegration_of_Functions pred:text ""I found the various functions in this system were well integrated. [Likert 1–5: 1 = Strongly Disagree, 5 = Strongly Agree]"" .
:QInconsistency pred:text ""I thought there was too much inconsistency in this system. [Likert 1–5: 1 = Strongly Disagree, 5 = Strongly Agree]"" .
:QEase_of_Learning pred:text ""I would imagine that most people would learn to use this system very quickly. [Likert 1–5: 1 = Strongly Disagree, 5 = Strongly Agree]"" .
:QCumbersome_to_Use pred:text ""I found the system very awkward to use. [Likert 1–5: 1 = Strongly Disagree, 5 = Strongly Agree]"" .
:QConfidence_in_Use pred:text ""I felt very confident using the system. [Likert 1–5: 1 = Strongly Disagree, 5 = Strongly Agree]"" .
:QNeed_to_Learn_Before_Use pred:text ""I needed to learn a lot of things before I could get going with this system. [Likert 1–5: 1 = Strongly Disagree, 5 = Strongly Agree]"" .

# Responses
:Respondent46 a :Person ;
    pred:Name ""Clinician 46"" ;
    pred:Group ""A"" ;
    pred:Frequent_Usage ""4"" ;
    pred:System_Complexity ""1"" ;
    pred:Ease_of_Use ""5"" ;
    pred:Need_for_Technical_Support ""1"" ;
    pred:Integration_of_Functions ""5"" ;
    pred:Inconsistency ""1"" ;
    pred:Ease_of_Learning ""5"" ;
    pred:Cumbersome_to_Use ""1"" ;
    pred:Confidence_in_Use ""5"" ;
    pred:Need_to_Learn_Before_Use ""1"" .

:Respondent52 a :Person ;
    pred:Name ""Clinician 52"" ;
    pred:Group ""B"" ;
    pred:Frequent_Usage ""1"" ;
    pred:System_Complexity ""5"" ;
    pred:Ease_of_Use ""1"" ;
    pred:Need_for_Technical_Support ""4"" ;
    pred:Integration_of_Functions ""1"" ;
    pred:Inconsistency ""4"" ;
    pred:Ease_of_Learning ""2"" ;
    pred:Cumbersome_to_Use ""5"" ;
    pred:Confidence_in_Use ""1"" ;
    pred:Need_to_Learn_Before_Use ""5"" .

:Respondent5 a :Person ;
    pred:Name ""Clinician 5"" ;
    pred:Group ""D"" ;
    pred:Frequent_Usage ""4"" ;
    pred:System_Complexity ""1"" ;
    pred:Ease_of_Use ""4"" ;
    pred:Need_for_Technical_Support ""1"" ;
    pred:Integration_of_Functions ""4"" ;
    pred:Inconsistency ""1"" ;
    pred:Ease_of_Learning ""5"" ;
    pred:Cumbersome_to_Use ""1"" ;
    pred:Confidence_in_Use ""4"" ;
    pred:Need_to_Learn_Before_Use ""1"" .

",4,"<questionnaire>
@prefix : <http://example.org/survey#> .
@prefix pred: <http://example.org/predicate#> .

# Questions
:QName pred:text ""Name of the respondent [Open-ended]"" .
:QGroup pred:text ""Group of the respondent [MCQ: A. Senior B. Junior C. Middle D. Intern]"" .
:QFrequent_Usage pred:text ""I think that I would like to use this system frequently. [Likert 1–5: 1 = Strongly Disagree, 5 = Strongly Agree]"" .
:QSystem_Complexity pred:text ""I found the system unnecessarily complex. [Likert 1–5: 1 = Strongly Disagree, 5 = Strongly Agree]"" .
:QEase_of_Use pred:text ""I thought the system was easy to use. [Likert 1–5: 1 = Strongly Disagree, 5 = Strongly Agree]"" .
:QNeed_for_Technical_Support pred:text ""I think that I would need the support of a technical person to be able to use this system. [Likert 1–5: 1 = Strongly Disagree, 5 = Strongly Agree]"" .
:QIntegration_of_Functions pred:text ""I found the various functions in this system were well integrated. [Likert 1–5: 1 = Strongly Disagree, 5 = Strongly Agree]"" .
:QInconsistency pred:text ""I thought there was too much inconsistency in this system. [Likert 1–5: 1 = Strongly Disagree, 5 = Strongly Agree]"" .
:QEase_of_Learning pred:text ""I would imagine that most people would learn to use this system very quickly. [Likert 1–5: 1 = Strongly Disagree, 5 = Strongly Agree]"" .
:QCumbersome_to_Use pred:text ""I found the system very awkward to use. [Likert 1–5: 1 = Strongly Disagree, 5 = Strongly Agree]"" .
:QConfidence_in_Use pred:text ""I felt very confident using the system. [Likert 1–5: 1 = Strongly Disagree, 5 = Strongly Agree]"" .
:QNeed_to_Learn_Before_Use pred:text ""I needed to learn a lot of things before I could get going with this system. [Likert 1–5: 1 = Strongly Disagree, 5 = Strongly Agree]"" .

# Responses
:Respondent46 a :Person ;
    pred:Name ""Clinician 46"" ;
    pred:Group ""A"" ;
    pred:Frequent_Usage ""4"" ;
    pred:System_Complexity ""1"" ;
    pred:Ease_of_Use ""5"" ;
    pred:Need_for_Technical_Support ""1"" ;
    pred:Integration_of_Functions ""5"" ;
    pred:Inconsistency ""1"" ;
    pred:Ease_of_Learning ""5"" ;
    pred:Cumbersome_to_Use ""1"" ;
    pred:Confidence_in_Use ""5"" ;
    pred:Need_to_Learn_Before_Use ""1"" .

:Respondent52 a :Person ;
    pred:Name ""Clinician 52"" ;
    pred:Group ""B"" ;
    pred:Frequent_Usage ""1"" ;
    pred:System_Complexity ""5"" ;
    pred:Ease_of_Use ""1"" ;
    pred:Need_for_Technical_Support ""4"" ;
    pred:Integration_of_Functions ""1"" ;
    pred:Inconsistency ""4"" ;
    pred:Ease_of_Learning ""2"" ;
    pred:Cumbersome_to_Use ""5"" ;
    pred:Confidence_in_Use ""1"" ;
    pred:Need_to_Learn_Before_Use ""5"" .

:Respondent5 a :Person ;
    pred:Name ""Clinician 5"" ;
    pred:Group ""D"" ;
    pred:Frequent_Usage ""4"" ;
    pred:System_Complexity ""1"" ;
    pred:Ease_of_Use ""4"" ;
    pred:Need_for_Technical_Support ""1"" ;
    pred:Integration_of_Functions ""4"" ;
    pred:Inconsistency ""1"" ;
    pred:Ease_of_Learning ""5"" ;
    pred:Cumbersome_to_Use ""1"" ;
    pred:Confidence_in_Use ""4"" ;
    pred:Need_to_Learn_Before_Use ""1"" .

</questionnaire>

<role>
You are a meticulous data analyst AI. Your primary function is to accurately analyze structured data and provide precise, verifiable answers.

</role>

<format>
You will be given a dataset with two key parts:

A 'questions' section: This is your data dictionary or schema. It is the single source of truth for understanding what each field and score means. Refer to it carefully.

A 'responses' section: This contains the raw data from each individual respondent.

To answer the question correctly, you must first use the 'questions' schema to fully understand the context and meaning of the data points within the 'responses'. Do not rely on any prior knowledge outside of this provided data. Base your entire analysis on the information given.

</format>

<output>
Provide your final answer directly and concisely. Output must be the human-readable value, not an option code.

Rules:
- For MCQ fields, map any letter codes in the Responses (case-insensitive) to the corresponding option text from the Questions schema, and output only that text. Do NOT include the letter or both.
  Example: If the schema is ""[MCQ: A. Abnormal B. Inconclusive C. Normal]"" and the response is ""a"", output ""Abnormal"".
- For open-ended fields, output the exact text value.
- If the question asks for a count, provide only the number (e.g., ""42"").
- If the question asks for a list of names or IDs, provide a simple comma-separated list (e.g., ""17, 21, 23"").
- Preserve capitalization exactly as in the schema (e.g., output ""Abnormal"", not ""abnormal"" or ""A"").

</output>

<task>
What is the integration of functions score for Clinician 5?
</task>",4,True
case_31,answer_lookup,What is the need for technical support score for Clinician 47?,"@prefix : <http://example.org/survey#> .
@prefix pred: <http://example.org/predicate#> .

# Questions
:QName pred:text ""Name of the respondent [Open-ended]"" .
:QGroup pred:text ""Group of the respondent [MCQ: A. Senior B. Junior C. Middle D. Intern]"" .
:QFrequent_Usage pred:text ""I think that I would like to use this system frequently. [Likert 1–5: 1 = Strongly Disagree, 5 = Strongly Agree]"" .
:QSystem_Complexity pred:text ""I found the system unnecessarily complex. [Likert 1–5: 1 = Strongly Disagree, 5 = Strongly Agree]"" .
:QEase_of_Use pred:text ""I thought the system was easy to use. [Likert 1–5: 1 = Strongly Disagree, 5 = Strongly Agree]"" .
:QNeed_for_Technical_Support pred:text ""I think that I would need the support of a technical person to be able to use this system. [Likert 1–5: 1 = Strongly Disagree, 5 = Strongly Agree]"" .
:QIntegration_of_Functions pred:text ""I found the various functions in this system were well integrated. [Likert 1–5: 1 = Strongly Disagree, 5 = Strongly Agree]"" .
:QInconsistency pred:text ""I thought there was too much inconsistency in this system. [Likert 1–5: 1 = Strongly Disagree, 5 = Strongly Agree]"" .
:QEase_of_Learning pred:text ""I would imagine that most people would learn to use this system very quickly. [Likert 1–5: 1 = Strongly Disagree, 5 = Strongly Agree]"" .
:QCumbersome_to_Use pred:text ""I found the system very awkward to use. [Likert 1–5: 1 = Strongly Disagree, 5 = Strongly Agree]"" .
:QConfidence_in_Use pred:text ""I felt very confident using the system. [Likert 1–5: 1 = Strongly Disagree, 5 = Strongly Agree]"" .
:QNeed_to_Learn_Before_Use pred:text ""I needed to learn a lot of things before I could get going with this system. [Likert 1–5: 1 = Strongly Disagree, 5 = Strongly Agree]"" .

# Responses
:Respondent65 a :Person ;
    pred:Name ""Clinician 65"" ;
    pred:Group ""A"" ;
    pred:Frequent_Usage ""5"" ;
    pred:System_Complexity ""1"" ;
    pred:Ease_of_Use ""5"" ;
    pred:Need_for_Technical_Support ""1"" ;
    pred:Integration_of_Functions ""5"" ;
    pred:Inconsistency ""1"" ;
    pred:Ease_of_Learning ""5"" ;
    pred:Cumbersome_to_Use ""1"" ;
    pred:Confidence_in_Use ""5"" ;
    pred:Need_to_Learn_Before_Use ""4"" .

:Respondent47 a :Person ;
    pred:Name ""Clinician 47"" ;
    pred:Group ""D"" ;
    pred:Frequent_Usage ""5"" ;
    pred:System_Complexity ""1"" ;
    pred:Ease_of_Use ""5"" ;
    pred:Need_for_Technical_Support ""4"" ;
    pred:Integration_of_Functions ""5"" ;
    pred:Inconsistency ""1"" ;
    pred:Ease_of_Learning ""4"" ;
    pred:Cumbersome_to_Use ""1"" ;
    pred:Confidence_in_Use ""4"" ;
    pred:Need_to_Learn_Before_Use ""3"" .

:Respondent9 a :Person ;
    pred:Name ""Clinician 9"" ;
    pred:Group ""B"" ;
    pred:Frequent_Usage ""4"" ;
    pred:System_Complexity ""2"" ;
    pred:Ease_of_Use ""4"" ;
    pred:Need_for_Technical_Support ""4"" ;
    pred:Integration_of_Functions ""5"" ;
    pred:Inconsistency ""2"" ;
    pred:Ease_of_Learning ""5"" ;
    pred:Cumbersome_to_Use ""1"" ;
    pred:Confidence_in_Use ""4"" ;
    pred:Need_to_Learn_Before_Use ""1"" .

",4,"<questionnaire>
@prefix : <http://example.org/survey#> .
@prefix pred: <http://example.org/predicate#> .

# Questions
:QName pred:text ""Name of the respondent [Open-ended]"" .
:QGroup pred:text ""Group of the respondent [MCQ: A. Senior B. Junior C. Middle D. Intern]"" .
:QFrequent_Usage pred:text ""I think that I would like to use this system frequently. [Likert 1–5: 1 = Strongly Disagree, 5 = Strongly Agree]"" .
:QSystem_Complexity pred:text ""I found the system unnecessarily complex. [Likert 1–5: 1 = Strongly Disagree, 5 = Strongly Agree]"" .
:QEase_of_Use pred:text ""I thought the system was easy to use. [Likert 1–5: 1 = Strongly Disagree, 5 = Strongly Agree]"" .
:QNeed_for_Technical_Support pred:text ""I think that I would need the support of a technical person to be able to use this system. [Likert 1–5: 1 = Strongly Disagree, 5 = Strongly Agree]"" .
:QIntegration_of_Functions pred:text ""I found the various functions in this system were well integrated. [Likert 1–5: 1 = Strongly Disagree, 5 = Strongly Agree]"" .
:QInconsistency pred:text ""I thought there was too much inconsistency in this system. [Likert 1–5: 1 = Strongly Disagree, 5 = Strongly Agree]"" .
:QEase_of_Learning pred:text ""I would imagine that most people would learn to use this system very quickly. [Likert 1–5: 1 = Strongly Disagree, 5 = Strongly Agree]"" .
:QCumbersome_to_Use pred:text ""I found the system very awkward to use. [Likert 1–5: 1 = Strongly Disagree, 5 = Strongly Agree]"" .
:QConfidence_in_Use pred:text ""I felt very confident using the system. [Likert 1–5: 1 = Strongly Disagree, 5 = Strongly Agree]"" .
:QNeed_to_Learn_Before_Use pred:text ""I needed to learn a lot of things before I could get going with this system. [Likert 1–5: 1 = Strongly Disagree, 5 = Strongly Agree]"" .

# Responses
:Respondent65 a :Person ;
    pred:Name ""Clinician 65"" ;
    pred:Group ""A"" ;
    pred:Frequent_Usage ""5"" ;
    pred:System_Complexity ""1"" ;
    pred:Ease_of_Use ""5"" ;
    pred:Need_for_Technical_Support ""1"" ;
    pred:Integration_of_Functions ""5"" ;
    pred:Inconsistency ""1"" ;
    pred:Ease_of_Learning ""5"" ;
    pred:Cumbersome_to_Use ""1"" ;
    pred:Confidence_in_Use ""5"" ;
    pred:Need_to_Learn_Before_Use ""4"" .

:Respondent47 a :Person ;
    pred:Name ""Clinician 47"" ;
    pred:Group ""D"" ;
    pred:Frequent_Usage ""5"" ;
    pred:System_Complexity ""1"" ;
    pred:Ease_of_Use ""5"" ;
    pred:Need_for_Technical_Support ""4"" ;
    pred:Integration_of_Functions ""5"" ;
    pred:Inconsistency ""1"" ;
    pred:Ease_of_Learning ""4"" ;
    pred:Cumbersome_to_Use ""1"" ;
    pred:Confidence_in_Use ""4"" ;
    pred:Need_to_Learn_Before_Use ""3"" .

:Respondent9 a :Person ;
    pred:Name ""Clinician 9"" ;
    pred:Group ""B"" ;
    pred:Frequent_Usage ""4"" ;
    pred:System_Complexity ""2"" ;
    pred:Ease_of_Use ""4"" ;
    pred:Need_for_Technical_Support ""4"" ;
    pred:Integration_of_Functions ""5"" ;
    pred:Inconsistency ""2"" ;
    pred:Ease_of_Learning ""5"" ;
    pred:Cumbersome_to_Use ""1"" ;
    pred:Confidence_in_Use ""4"" ;
    pred:Need_to_Learn_Before_Use ""1"" .

</questionnaire>

<role>
You are a meticulous data analyst AI. Your primary function is to accurately analyze structured data and provide precise, verifiable answers.

</role>

<format>
You will be given a dataset with two key parts:

A 'questions' section: This is your data dictionary or schema. It is the single source of truth for understanding what each field and score means. Refer to it carefully.

A 'responses' section: This contains the raw data from each individual respondent.

To answer the question correctly, you must first use the 'questions' schema to fully understand the context and meaning of the data points within the 'responses'. Do not rely on any prior knowledge outside of this provided data. Base your entire analysis on the information given.

</format>

<output>
Provide your final answer directly and concisely. Output must be the human-readable value, not an option code.

Rules:
- For MCQ fields, map any letter codes in the Responses (case-insensitive) to the corresponding option text from the Questions schema, and output only that text. Do NOT include the letter or both.
  Example: If the schema is ""[MCQ: A. Abnormal B. Inconclusive C. Normal]"" and the response is ""a"", output ""Abnormal"".
- For open-ended fields, output the exact text value.
- If the question asks for a count, provide only the number (e.g., ""42"").
- If the question asks for a list of names or IDs, provide a simple comma-separated list (e.g., ""17, 21, 23"").
- Preserve capitalization exactly as in the schema (e.g., output ""Abnormal"", not ""abnormal"" or ""A"").

</output>

<task>
What is the need for technical support score for Clinician 47?
</task>",4,True
case_32,answer_lookup,What is the ease of use score for Clinician 29?,"@prefix : <http://example.org/survey#> .
@prefix pred: <http://example.org/predicate#> .

# Questions
:QName pred:text ""Name of the respondent [Open-ended]"" .
:QGroup pred:text ""Group of the respondent [MCQ: A. Senior B. Junior C. Middle D. Intern]"" .
:QFrequent_Usage pred:text ""I think that I would like to use this system frequently. [Likert 1–5: 1 = Strongly Disagree, 5 = Strongly Agree]"" .
:QSystem_Complexity pred:text ""I found the system unnecessarily complex. [Likert 1–5: 1 = Strongly Disagree, 5 = Strongly Agree]"" .
:QEase_of_Use pred:text ""I thought the system was easy to use. [Likert 1–5: 1 = Strongly Disagree, 5 = Strongly Agree]"" .
:QNeed_for_Technical_Support pred:text ""I think that I would need the support of a technical person to be able to use this system. [Likert 1–5: 1 = Strongly Disagree, 5 = Strongly Agree]"" .
:QIntegration_of_Functions pred:text ""I found the various functions in this system were well integrated. [Likert 1–5: 1 = Strongly Disagree, 5 = Strongly Agree]"" .
:QInconsistency pred:text ""I thought there was too much inconsistency in this system. [Likert 1–5: 1 = Strongly Disagree, 5 = Strongly Agree]"" .
:QEase_of_Learning pred:text ""I would imagine that most people would learn to use this system very quickly. [Likert 1–5: 1 = Strongly Disagree, 5 = Strongly Agree]"" .
:QCumbersome_to_Use pred:text ""I found the system very awkward to use. [Likert 1–5: 1 = Strongly Disagree, 5 = Strongly Agree]"" .
:QConfidence_in_Use pred:text ""I felt very confident using the system. [Likert 1–5: 1 = Strongly Disagree, 5 = Strongly Agree]"" .
:QNeed_to_Learn_Before_Use pred:text ""I needed to learn a lot of things before I could get going with this system. [Likert 1–5: 1 = Strongly Disagree, 5 = Strongly Agree]"" .

# Responses
:Respondent2 a :Person ;
    pred:Name ""Clinician 2"" ;
    pred:Group ""D"" ;
    pred:Frequent_Usage ""2"" ;
    pred:System_Complexity ""1"" ;
    pred:Ease_of_Use ""5"" ;
    pred:Need_for_Technical_Support ""1"" ;
    pred:Integration_of_Functions ""4"" ;
    pred:Inconsistency ""2"" ;
    pred:Ease_of_Learning ""5"" ;
    pred:Cumbersome_to_Use ""1"" ;
    pred:Confidence_in_Use ""4"" ;
    pred:Need_to_Learn_Before_Use ""1"" .

:Respondent29 a :Person ;
    pred:Name ""Clinician 29"" ;
    pred:Group ""A"" ;
    pred:Frequent_Usage ""1"" ;
    pred:System_Complexity ""1"" ;
    pred:Ease_of_Use ""5"" ;
    pred:Need_for_Technical_Support ""5"" ;
    pred:Integration_of_Functions ""5"" ;
    pred:Inconsistency ""1"" ;
    pred:Ease_of_Learning ""5"" ;
    pred:Cumbersome_to_Use ""1"" ;
    pred:Confidence_in_Use ""3"" ;
    pred:Need_to_Learn_Before_Use ""3"" .

:Respondent42 a :Person ;
    pred:Name ""Clinician 42"" ;
    pred:Group ""B"" ;
    pred:Frequent_Usage ""3"" ;
    pred:System_Complexity ""1"" ;
    pred:Ease_of_Use ""3"" ;
    pred:Need_for_Technical_Support ""1"" ;
    pred:Integration_of_Functions ""5"" ;
    pred:Inconsistency ""1"" ;
    pred:Ease_of_Learning ""5"" ;
    pred:Cumbersome_to_Use ""4"" ;
    pred:Confidence_in_Use ""4"" ;
    pred:Need_to_Learn_Before_Use ""3"" .

",5,"<questionnaire>
@prefix : <http://example.org/survey#> .
@prefix pred: <http://example.org/predicate#> .

# Questions
:QName pred:text ""Name of the respondent [Open-ended]"" .
:QGroup pred:text ""Group of the respondent [MCQ: A. Senior B. Junior C. Middle D. Intern]"" .
:QFrequent_Usage pred:text ""I think that I would like to use this system frequently. [Likert 1–5: 1 = Strongly Disagree, 5 = Strongly Agree]"" .
:QSystem_Complexity pred:text ""I found the system unnecessarily complex. [Likert 1–5: 1 = Strongly Disagree, 5 = Strongly Agree]"" .
:QEase_of_Use pred:text ""I thought the system was easy to use. [Likert 1–5: 1 = Strongly Disagree, 5 = Strongly Agree]"" .
:QNeed_for_Technical_Support pred:text ""I think that I would need the support of a technical person to be able to use this system. [Likert 1–5: 1 = Strongly Disagree, 5 = Strongly Agree]"" .
:QIntegration_of_Functions pred:text ""I found the various functions in this system were well integrated. [Likert 1–5: 1 = Strongly Disagree, 5 = Strongly Agree]"" .
:QInconsistency pred:text ""I thought there was too much inconsistency in this system. [Likert 1–5: 1 = Strongly Disagree, 5 = Strongly Agree]"" .
:QEase_of_Learning pred:text ""I would imagine that most people would learn to use this system very quickly. [Likert 1–5: 1 = Strongly Disagree, 5 = Strongly Agree]"" .
:QCumbersome_to_Use pred:text ""I found the system very awkward to use. [Likert 1–5: 1 = Strongly Disagree, 5 = Strongly Agree]"" .
:QConfidence_in_Use pred:text ""I felt very confident using the system. [Likert 1–5: 1 = Strongly Disagree, 5 = Strongly Agree]"" .
:QNeed_to_Learn_Before_Use pred:text ""I needed to learn a lot of things before I could get going with this system. [Likert 1–5: 1 = Strongly Disagree, 5 = Strongly Agree]"" .

# Responses
:Respondent2 a :Person ;
    pred:Name ""Clinician 2"" ;
    pred:Group ""D"" ;
    pred:Frequent_Usage ""2"" ;
    pred:System_Complexity ""1"" ;
    pred:Ease_of_Use ""5"" ;
    pred:Need_for_Technical_Support ""1"" ;
    pred:Integration_of_Functions ""4"" ;
    pred:Inconsistency ""2"" ;
    pred:Ease_of_Learning ""5"" ;
    pred:Cumbersome_to_Use ""1"" ;
    pred:Confidence_in_Use ""4"" ;
    pred:Need_to_Learn_Before_Use ""1"" .

:Respondent29 a :Person ;
    pred:Name ""Clinician 29"" ;
    pred:Group ""A"" ;
    pred:Frequent_Usage ""1"" ;
    pred:System_Complexity ""1"" ;
    pred:Ease_of_Use ""5"" ;
    pred:Need_for_Technical_Support ""5"" ;
    pred:Integration_of_Functions ""5"" ;
    pred:Inconsistency ""1"" ;
    pred:Ease_of_Learning ""5"" ;
    pred:Cumbersome_to_Use ""1"" ;
    pred:Confidence_in_Use ""3"" ;
    pred:Need_to_Learn_Before_Use ""3"" .

:Respondent42 a :Person ;
    pred:Name ""Clinician 42"" ;
    pred:Group ""B"" ;
    pred:Frequent_Usage ""3"" ;
    pred:System_Complexity ""1"" ;
    pred:Ease_of_Use ""3"" ;
    pred:Need_for_Technical_Support ""1"" ;
    pred:Integration_of_Functions ""5"" ;
    pred:Inconsistency ""1"" ;
    pred:Ease_of_Learning ""5"" ;
    pred:Cumbersome_to_Use ""4"" ;
    pred:Confidence_in_Use ""4"" ;
    pred:Need_to_Learn_Before_Use ""3"" .

</questionnaire>

<role>
You are a meticulous data analyst AI. Your primary function is to accurately analyze structured data and provide precise, verifiable answers.

</role>

<format>
You will be given a dataset with two key parts:

A 'questions' section: This is your data dictionary or schema. It is the single source of truth for understanding what each field and score means. Refer to it carefully.

A 'responses' section: This contains the raw data from each individual respondent.

To answer the question correctly, you must first use the 'questions' schema to fully understand the context and meaning of the data points within the 'responses'. Do not rely on any prior knowledge outside of this provided data. Base your entire analysis on the information given.

</format>

<output>
Provide your final answer directly and concisely. Output must be the human-readable value, not an option code.

Rules:
- For MCQ fields, map any letter codes in the Responses (case-insensitive) to the corresponding option text from the Questions schema, and output only that text. Do NOT include the letter or both.
  Example: If the schema is ""[MCQ: A. Abnormal B. Inconclusive C. Normal]"" and the response is ""a"", output ""Abnormal"".
- For open-ended fields, output the exact text value.
- If the question asks for a count, provide only the number (e.g., ""42"").
- If the question asks for a list of names or IDs, provide a simple comma-separated list (e.g., ""17, 21, 23"").
- Preserve capitalization exactly as in the schema (e.g., output ""Abnormal"", not ""abnormal"" or ""A"").

</output>

<task>
What is the ease of use score for Clinician 29?
</task>",5,True
case_33,answer_lookup,What is the ease of use score for Clinician 60?,"@prefix : <http://example.org/survey#> .
@prefix pred: <http://example.org/predicate#> .

# Questions
:QName pred:text ""Name of the respondent [Open-ended]"" .
:QGroup pred:text ""Group of the respondent [MCQ: A. Senior B. Junior C. Middle D. Intern]"" .
:QFrequent_Usage pred:text ""I think that I would like to use this system frequently. [Likert 1–5: 1 = Strongly Disagree, 5 = Strongly Agree]"" .
:QSystem_Complexity pred:text ""I found the system unnecessarily complex. [Likert 1–5: 1 = Strongly Disagree, 5 = Strongly Agree]"" .
:QEase_of_Use pred:text ""I thought the system was easy to use. [Likert 1–5: 1 = Strongly Disagree, 5 = Strongly Agree]"" .
:QNeed_for_Technical_Support pred:text ""I think that I would need the support of a technical person to be able to use this system. [Likert 1–5: 1 = Strongly Disagree, 5 = Strongly Agree]"" .
:QIntegration_of_Functions pred:text ""I found the various functions in this system were well integrated. [Likert 1–5: 1 = Strongly Disagree, 5 = Strongly Agree]"" .
:QInconsistency pred:text ""I thought there was too much inconsistency in this system. [Likert 1–5: 1 = Strongly Disagree, 5 = Strongly Agree]"" .
:QEase_of_Learning pred:text ""I would imagine that most people would learn to use this system very quickly. [Likert 1–5: 1 = Strongly Disagree, 5 = Strongly Agree]"" .
:QCumbersome_to_Use pred:text ""I found the system very awkward to use. [Likert 1–5: 1 = Strongly Disagree, 5 = Strongly Agree]"" .
:QConfidence_in_Use pred:text ""I felt very confident using the system. [Likert 1–5: 1 = Strongly Disagree, 5 = Strongly Agree]"" .
:QNeed_to_Learn_Before_Use pred:text ""I needed to learn a lot of things before I could get going with this system. [Likert 1–5: 1 = Strongly Disagree, 5 = Strongly Agree]"" .

# Responses
:Respondent60 a :Person ;
    pred:Name ""Clinician 60"" ;
    pred:Group ""D"" ;
    pred:Frequent_Usage ""5"" ;
    pred:System_Complexity ""1"" ;
    pred:Ease_of_Use ""5"" ;
    pred:Need_for_Technical_Support ""1"" ;
    pred:Integration_of_Functions ""4"" ;
    pred:Inconsistency ""1"" ;
    pred:Ease_of_Learning ""5"" ;
    pred:Cumbersome_to_Use ""1"" ;
    pred:Confidence_in_Use ""5"" ;
    pred:Need_to_Learn_Before_Use ""1"" .

:Respondent17 a :Person ;
    pred:Name ""Clinician 17"" ;
    pred:Group ""C"" ;
    pred:Frequent_Usage ""1"" ;
    pred:System_Complexity ""2"" ;
    pred:Ease_of_Use ""4"" ;
    pred:Need_for_Technical_Support ""2"" ;
    pred:Integration_of_Functions ""4"" ;
    pred:Inconsistency ""2"" ;
    pred:Ease_of_Learning ""3"" ;
    pred:Cumbersome_to_Use ""2"" ;
    pred:Confidence_in_Use ""4"" ;
    pred:Need_to_Learn_Before_Use ""1"" .

:Respondent9 a :Person ;
    pred:Name ""Clinician 9"" ;
    pred:Group ""B"" ;
    pred:Frequent_Usage ""4"" ;
    pred:System_Complexity ""2"" ;
    pred:Ease_of_Use ""4"" ;
    pred:Need_for_Technical_Support ""4"" ;
    pred:Integration_of_Functions ""5"" ;
    pred:Inconsistency ""2"" ;
    pred:Ease_of_Learning ""5"" ;
    pred:Cumbersome_to_Use ""1"" ;
    pred:Confidence_in_Use ""4"" ;
    pred:Need_to_Learn_Before_Use ""1"" .

",5,"<questionnaire>
@prefix : <http://example.org/survey#> .
@prefix pred: <http://example.org/predicate#> .

# Questions
:QName pred:text ""Name of the respondent [Open-ended]"" .
:QGroup pred:text ""Group of the respondent [MCQ: A. Senior B. Junior C. Middle D. Intern]"" .
:QFrequent_Usage pred:text ""I think that I would like to use this system frequently. [Likert 1–5: 1 = Strongly Disagree, 5 = Strongly Agree]"" .
:QSystem_Complexity pred:text ""I found the system unnecessarily complex. [Likert 1–5: 1 = Strongly Disagree, 5 = Strongly Agree]"" .
:QEase_of_Use pred:text ""I thought the system was easy to use. [Likert 1–5: 1 = Strongly Disagree, 5 = Strongly Agree]"" .
:QNeed_for_Technical_Support pred:text ""I think that I would need the support of a technical person to be able to use this system. [Likert 1–5: 1 = Strongly Disagree, 5 = Strongly Agree]"" .
:QIntegration_of_Functions pred:text ""I found the various functions in this system were well integrated. [Likert 1–5: 1 = Strongly Disagree, 5 = Strongly Agree]"" .
:QInconsistency pred:text ""I thought there was too much inconsistency in this system. [Likert 1–5: 1 = Strongly Disagree, 5 = Strongly Agree]"" .
:QEase_of_Learning pred:text ""I would imagine that most people would learn to use this system very quickly. [Likert 1–5: 1 = Strongly Disagree, 5 = Strongly Agree]"" .
:QCumbersome_to_Use pred:text ""I found the system very awkward to use. [Likert 1–5: 1 = Strongly Disagree, 5 = Strongly Agree]"" .
:QConfidence_in_Use pred:text ""I felt very confident using the system. [Likert 1–5: 1 = Strongly Disagree, 5 = Strongly Agree]"" .
:QNeed_to_Learn_Before_Use pred:text ""I needed to learn a lot of things before I could get going with this system. [Likert 1–5: 1 = Strongly Disagree, 5 = Strongly Agree]"" .

# Responses
:Respondent60 a :Person ;
    pred:Name ""Clinician 60"" ;
    pred:Group ""D"" ;
    pred:Frequent_Usage ""5"" ;
    pred:System_Complexity ""1"" ;
    pred:Ease_of_Use ""5"" ;
    pred:Need_for_Technical_Support ""1"" ;
    pred:Integration_of_Functions ""4"" ;
    pred:Inconsistency ""1"" ;
    pred:Ease_of_Learning ""5"" ;
    pred:Cumbersome_to_Use ""1"" ;
    pred:Confidence_in_Use ""5"" ;
    pred:Need_to_Learn_Before_Use ""1"" .

:Respondent17 a :Person ;
    pred:Name ""Clinician 17"" ;
    pred:Group ""C"" ;
    pred:Frequent_Usage ""1"" ;
    pred:System_Complexity ""2"" ;
    pred:Ease_of_Use ""4"" ;
    pred:Need_for_Technical_Support ""2"" ;
    pred:Integration_of_Functions ""4"" ;
    pred:Inconsistency ""2"" ;
    pred:Ease_of_Learning ""3"" ;
    pred:Cumbersome_to_Use ""2"" ;
    pred:Confidence_in_Use ""4"" ;
    pred:Need_to_Learn_Before_Use ""1"" .

:Respondent9 a :Person ;
    pred:Name ""Clinician 9"" ;
    pred:Group ""B"" ;
    pred:Frequent_Usage ""4"" ;
    pred:System_Complexity ""2"" ;
    pred:Ease_of_Use ""4"" ;
    pred:Need_for_Technical_Support ""4"" ;
    pred:Integration_of_Functions ""5"" ;
    pred:Inconsistency ""2"" ;
    pred:Ease_of_Learning ""5"" ;
    pred:Cumbersome_to_Use ""1"" ;
    pred:Confidence_in_Use ""4"" ;
    pred:Need_to_Learn_Before_Use ""1"" .

</questionnaire>

<role>
You are a meticulous data analyst AI. Your primary function is to accurately analyze structured data and provide precise, verifiable answers.

</role>

<format>
You will be given a dataset with two key parts:

A 'questions' section: This is your data dictionary or schema. It is the single source of truth for understanding what each field and score means. Refer to it carefully.

A 'responses' section: This contains the raw data from each individual respondent.

To answer the question correctly, you must first use the 'questions' schema to fully understand the context and meaning of the data points within the 'responses'. Do not rely on any prior knowledge outside of this provided data. Base your entire analysis on the information given.

</format>

<output>
Provide your final answer directly and concisely. Output must be the human-readable value, not an option code.

Rules:
- For MCQ fields, map any letter codes in the Responses (case-insensitive) to the corresponding option text from the Questions schema, and output only that text. Do NOT include the letter or both.
  Example: If the schema is ""[MCQ: A. Abnormal B. Inconclusive C. Normal]"" and the response is ""a"", output ""Abnormal"".
- For open-ended fields, output the exact text value.
- If the question asks for a count, provide only the number (e.g., ""42"").
- If the question asks for a list of names or IDs, provide a simple comma-separated list (e.g., ""17, 21, 23"").
- Preserve capitalization exactly as in the schema (e.g., output ""Abnormal"", not ""abnormal"" or ""A"").

</output>

<task>
What is the ease of use score for Clinician 60?
</task>",5,True
case_34,answer_lookup,What is the system complexity score for Clinician 63?,"@prefix : <http://example.org/survey#> .
@prefix pred: <http://example.org/predicate#> .

# Questions
:QName pred:text ""Name of the respondent [Open-ended]"" .
:QGroup pred:text ""Group of the respondent [MCQ: A. Senior B. Junior C. Middle D. Intern]"" .
:QFrequent_Usage pred:text ""I think that I would like to use this system frequently. [Likert 1–5: 1 = Strongly Disagree, 5 = Strongly Agree]"" .
:QSystem_Complexity pred:text ""I found the system unnecessarily complex. [Likert 1–5: 1 = Strongly Disagree, 5 = Strongly Agree]"" .
:QEase_of_Use pred:text ""I thought the system was easy to use. [Likert 1–5: 1 = Strongly Disagree, 5 = Strongly Agree]"" .
:QNeed_for_Technical_Support pred:text ""I think that I would need the support of a technical person to be able to use this system. [Likert 1–5: 1 = Strongly Disagree, 5 = Strongly Agree]"" .
:QIntegration_of_Functions pred:text ""I found the various functions in this system were well integrated. [Likert 1–5: 1 = Strongly Disagree, 5 = Strongly Agree]"" .
:QInconsistency pred:text ""I thought there was too much inconsistency in this system. [Likert 1–5: 1 = Strongly Disagree, 5 = Strongly Agree]"" .
:QEase_of_Learning pred:text ""I would imagine that most people would learn to use this system very quickly. [Likert 1–5: 1 = Strongly Disagree, 5 = Strongly Agree]"" .
:QCumbersome_to_Use pred:text ""I found the system very awkward to use. [Likert 1–5: 1 = Strongly Disagree, 5 = Strongly Agree]"" .
:QConfidence_in_Use pred:text ""I felt very confident using the system. [Likert 1–5: 1 = Strongly Disagree, 5 = Strongly Agree]"" .
:QNeed_to_Learn_Before_Use pred:text ""I needed to learn a lot of things before I could get going with this system. [Likert 1–5: 1 = Strongly Disagree, 5 = Strongly Agree]"" .

# Responses
:Respondent63 a :Person ;
    pred:Name ""Clinician 63"" ;
    pred:Group ""D"" ;
    pred:Frequent_Usage ""2"" ;
    pred:System_Complexity ""3"" ;
    pred:Ease_of_Use ""1"" ;
    pred:Need_for_Technical_Support ""5"" ;
    pred:Integration_of_Functions ""2"" ;
    pred:Inconsistency ""4"" ;
    pred:Ease_of_Learning ""1"" ;
    pred:Cumbersome_to_Use ""4"" ;
    pred:Confidence_in_Use ""2"" ;
    pred:Need_to_Learn_Before_Use ""5"" .

:Respondent80 a :Person ;
    pred:Name ""Clinician 80"" ;
    pred:Group ""B"" ;
    pred:Frequent_Usage ""4"" ;
    pred:System_Complexity ""1"" ;
    pred:Ease_of_Use ""4"" ;
    pred:Need_for_Technical_Support ""3"" ;
    pred:Integration_of_Functions ""4"" ;
    pred:Inconsistency ""2"" ;
    pred:Ease_of_Learning ""4"" ;
    pred:Cumbersome_to_Use ""1"" ;
    pred:Confidence_in_Use ""3"" ;
    pred:Need_to_Learn_Before_Use ""3"" .

:Respondent1 a :Person ;
    pred:Name ""Clinician 1"" ;
    pred:Group ""A"" ;
    pred:Frequent_Usage ""1"" ;
    pred:System_Complexity ""4"" ;
    pred:Ease_of_Use ""5"" ;
    pred:Need_for_Technical_Support ""4"" ;
    pred:Integration_of_Functions ""4"" ;
    pred:Inconsistency ""1"" ;
    pred:Ease_of_Learning ""2"" ;
    pred:Cumbersome_to_Use ""1"" ;
    pred:Confidence_in_Use ""5"" ;
    pred:Need_to_Learn_Before_Use ""1"" .

",3,"<questionnaire>
@prefix : <http://example.org/survey#> .
@prefix pred: <http://example.org/predicate#> .

# Questions
:QName pred:text ""Name of the respondent [Open-ended]"" .
:QGroup pred:text ""Group of the respondent [MCQ: A. Senior B. Junior C. Middle D. Intern]"" .
:QFrequent_Usage pred:text ""I think that I would like to use this system frequently. [Likert 1–5: 1 = Strongly Disagree, 5 = Strongly Agree]"" .
:QSystem_Complexity pred:text ""I found the system unnecessarily complex. [Likert 1–5: 1 = Strongly Disagree, 5 = Strongly Agree]"" .
:QEase_of_Use pred:text ""I thought the system was easy to use. [Likert 1–5: 1 = Strongly Disagree, 5 = Strongly Agree]"" .
:QNeed_for_Technical_Support pred:text ""I think that I would need the support of a technical person to be able to use this system. [Likert 1–5: 1 = Strongly Disagree, 5 = Strongly Agree]"" .
:QIntegration_of_Functions pred:text ""I found the various functions in this system were well integrated. [Likert 1–5: 1 = Strongly Disagree, 5 = Strongly Agree]"" .
:QInconsistency pred:text ""I thought there was too much inconsistency in this system. [Likert 1–5: 1 = Strongly Disagree, 5 = Strongly Agree]"" .
:QEase_of_Learning pred:text ""I would imagine that most people would learn to use this system very quickly. [Likert 1–5: 1 = Strongly Disagree, 5 = Strongly Agree]"" .
:QCumbersome_to_Use pred:text ""I found the system very awkward to use. [Likert 1–5: 1 = Strongly Disagree, 5 = Strongly Agree]"" .
:QConfidence_in_Use pred:text ""I felt very confident using the system. [Likert 1–5: 1 = Strongly Disagree, 5 = Strongly Agree]"" .
:QNeed_to_Learn_Before_Use pred:text ""I needed to learn a lot of things before I could get going with this system. [Likert 1–5: 1 = Strongly Disagree, 5 = Strongly Agree]"" .

# Responses
:Respondent63 a :Person ;
    pred:Name ""Clinician 63"" ;
    pred:Group ""D"" ;
    pred:Frequent_Usage ""2"" ;
    pred:System_Complexity ""3"" ;
    pred:Ease_of_Use ""1"" ;
    pred:Need_for_Technical_Support ""5"" ;
    pred:Integration_of_Functions ""2"" ;
    pred:Inconsistency ""4"" ;
    pred:Ease_of_Learning ""1"" ;
    pred:Cumbersome_to_Use ""4"" ;
    pred:Confidence_in_Use ""2"" ;
    pred:Need_to_Learn_Before_Use ""5"" .

:Respondent80 a :Person ;
    pred:Name ""Clinician 80"" ;
    pred:Group ""B"" ;
    pred:Frequent_Usage ""4"" ;
    pred:System_Complexity ""1"" ;
    pred:Ease_of_Use ""4"" ;
    pred:Need_for_Technical_Support ""3"" ;
    pred:Integration_of_Functions ""4"" ;
    pred:Inconsistency ""2"" ;
    pred:Ease_of_Learning ""4"" ;
    pred:Cumbersome_to_Use ""1"" ;
    pred:Confidence_in_Use ""3"" ;
    pred:Need_to_Learn_Before_Use ""3"" .

:Respondent1 a :Person ;
    pred:Name ""Clinician 1"" ;
    pred:Group ""A"" ;
    pred:Frequent_Usage ""1"" ;
    pred:System_Complexity ""4"" ;
    pred:Ease_of_Use ""5"" ;
    pred:Need_for_Technical_Support ""4"" ;
    pred:Integration_of_Functions ""4"" ;
    pred:Inconsistency ""1"" ;
    pred:Ease_of_Learning ""2"" ;
    pred:Cumbersome_to_Use ""1"" ;
    pred:Confidence_in_Use ""5"" ;
    pred:Need_to_Learn_Before_Use ""1"" .

</questionnaire>

<role>
You are a meticulous data analyst AI. Your primary function is to accurately analyze structured data and provide precise, verifiable answers.

</role>

<format>
You will be given a dataset with two key parts:

A 'questions' section: This is your data dictionary or schema. It is the single source of truth for understanding what each field and score means. Refer to it carefully.

A 'responses' section: This contains the raw data from each individual respondent.

To answer the question correctly, you must first use the 'questions' schema to fully understand the context and meaning of the data points within the 'responses'. Do not rely on any prior knowledge outside of this provided data. Base your entire analysis on the information given.

</format>

<output>
Provide your final answer directly and concisely. Output must be the human-readable value, not an option code.

Rules:
- For MCQ fields, map any letter codes in the Responses (case-insensitive) to the corresponding option text from the Questions schema, and output only that text. Do NOT include the letter or both.
  Example: If the schema is ""[MCQ: A. Abnormal B. Inconclusive C. Normal]"" and the response is ""a"", output ""Abnormal"".
- For open-ended fields, output the exact text value.
- If the question asks for a count, provide only the number (e.g., ""42"").
- If the question asks for a list of names or IDs, provide a simple comma-separated list (e.g., ""17, 21, 23"").
- Preserve capitalization exactly as in the schema (e.g., output ""Abnormal"", not ""abnormal"" or ""A"").

</output>

<task>
What is the system complexity score for Clinician 63?
</task>",3,True
case_35,answer_lookup,What is the need for technical support score for Clinician 22?,"@prefix : <http://example.org/survey#> .
@prefix pred: <http://example.org/predicate#> .

# Questions
:QName pred:text ""Name of the respondent [Open-ended]"" .
:QGroup pred:text ""Group of the respondent [MCQ: A. Senior B. Junior C. Middle D. Intern]"" .
:QFrequent_Usage pred:text ""I think that I would like to use this system frequently. [Likert 1–5: 1 = Strongly Disagree, 5 = Strongly Agree]"" .
:QSystem_Complexity pred:text ""I found the system unnecessarily complex. [Likert 1–5: 1 = Strongly Disagree, 5 = Strongly Agree]"" .
:QEase_of_Use pred:text ""I thought the system was easy to use. [Likert 1–5: 1 = Strongly Disagree, 5 = Strongly Agree]"" .
:QNeed_for_Technical_Support pred:text ""I think that I would need the support of a technical person to be able to use this system. [Likert 1–5: 1 = Strongly Disagree, 5 = Strongly Agree]"" .
:QIntegration_of_Functions pred:text ""I found the various functions in this system were well integrated. [Likert 1–5: 1 = Strongly Disagree, 5 = Strongly Agree]"" .
:QInconsistency pred:text ""I thought there was too much inconsistency in this system. [Likert 1–5: 1 = Strongly Disagree, 5 = Strongly Agree]"" .
:QEase_of_Learning pred:text ""I would imagine that most people would learn to use this system very quickly. [Likert 1–5: 1 = Strongly Disagree, 5 = Strongly Agree]"" .
:QCumbersome_to_Use pred:text ""I found the system very awkward to use. [Likert 1–5: 1 = Strongly Disagree, 5 = Strongly Agree]"" .
:QConfidence_in_Use pred:text ""I felt very confident using the system. [Likert 1–5: 1 = Strongly Disagree, 5 = Strongly Agree]"" .
:QNeed_to_Learn_Before_Use pred:text ""I needed to learn a lot of things before I could get going with this system. [Likert 1–5: 1 = Strongly Disagree, 5 = Strongly Agree]"" .

# Responses
:Respondent39 a :Person ;
    pred:Name ""Clinician 39"" ;
    pred:Group ""A"" ;
    pred:Frequent_Usage ""3"" ;
    pred:System_Complexity ""5"" ;
    pred:Ease_of_Use ""2"" ;
    pred:Need_for_Technical_Support ""5"" ;
    pred:Integration_of_Functions ""5"" ;
    pred:Inconsistency ""3"" ;
    pred:Ease_of_Learning ""5"" ;
    pred:Cumbersome_to_Use ""5"" ;
    pred:Confidence_in_Use ""4"" ;
    pred:Need_to_Learn_Before_Use ""2"" .

:Respondent22 a :Person ;
    pred:Name ""Clinician 22"" ;
    pred:Group ""C"" ;
    pred:Frequent_Usage ""2"" ;
    pred:System_Complexity ""2"" ;
    pred:Ease_of_Use ""4"" ;
    pred:Need_for_Technical_Support ""2"" ;
    pred:Integration_of_Functions ""5"" ;
    pred:Inconsistency ""2"" ;
    pred:Ease_of_Learning ""4"" ;
    pred:Cumbersome_to_Use ""1"" ;
    pred:Confidence_in_Use ""4"" ;
    pred:Need_to_Learn_Before_Use ""2"" .

:Respondent45 a :Person ;
    pred:Name ""Clinician 45"" ;
    pred:Group ""A"" ;
    pred:Frequent_Usage ""2"" ;
    pred:System_Complexity ""1"" ;
    pred:Ease_of_Use ""5"" ;
    pred:Need_for_Technical_Support ""5"" ;
    pred:Integration_of_Functions ""2"" ;
    pred:Inconsistency ""4"" ;
    pred:Ease_of_Learning ""3"" ;
    pred:Cumbersome_to_Use ""1"" ;
    pred:Confidence_in_Use ""2"" ;
    pred:Need_to_Learn_Before_Use ""4"" .

",2,"<questionnaire>
@prefix : <http://example.org/survey#> .
@prefix pred: <http://example.org/predicate#> .

# Questions
:QName pred:text ""Name of the respondent [Open-ended]"" .
:QGroup pred:text ""Group of the respondent [MCQ: A. Senior B. Junior C. Middle D. Intern]"" .
:QFrequent_Usage pred:text ""I think that I would like to use this system frequently. [Likert 1–5: 1 = Strongly Disagree, 5 = Strongly Agree]"" .
:QSystem_Complexity pred:text ""I found the system unnecessarily complex. [Likert 1–5: 1 = Strongly Disagree, 5 = Strongly Agree]"" .
:QEase_of_Use pred:text ""I thought the system was easy to use. [Likert 1–5: 1 = Strongly Disagree, 5 = Strongly Agree]"" .
:QNeed_for_Technical_Support pred:text ""I think that I would need the support of a technical person to be able to use this system. [Likert 1–5: 1 = Strongly Disagree, 5 = Strongly Agree]"" .
:QIntegration_of_Functions pred:text ""I found the various functions in this system were well integrated. [Likert 1–5: 1 = Strongly Disagree, 5 = Strongly Agree]"" .
:QInconsistency pred:text ""I thought there was too much inconsistency in this system. [Likert 1–5: 1 = Strongly Disagree, 5 = Strongly Agree]"" .
:QEase_of_Learning pred:text ""I would imagine that most people would learn to use this system very quickly. [Likert 1–5: 1 = Strongly Disagree, 5 = Strongly Agree]"" .
:QCumbersome_to_Use pred:text ""I found the system very awkward to use. [Likert 1–5: 1 = Strongly Disagree, 5 = Strongly Agree]"" .
:QConfidence_in_Use pred:text ""I felt very confident using the system. [Likert 1–5: 1 = Strongly Disagree, 5 = Strongly Agree]"" .
:QNeed_to_Learn_Before_Use pred:text ""I needed to learn a lot of things before I could get going with this system. [Likert 1–5: 1 = Strongly Disagree, 5 = Strongly Agree]"" .

# Responses
:Respondent39 a :Person ;
    pred:Name ""Clinician 39"" ;
    pred:Group ""A"" ;
    pred:Frequent_Usage ""3"" ;
    pred:System_Complexity ""5"" ;
    pred:Ease_of_Use ""2"" ;
    pred:Need_for_Technical_Support ""5"" ;
    pred:Integration_of_Functions ""5"" ;
    pred:Inconsistency ""3"" ;
    pred:Ease_of_Learning ""5"" ;
    pred:Cumbersome_to_Use ""5"" ;
    pred:Confidence_in_Use ""4"" ;
    pred:Need_to_Learn_Before_Use ""2"" .

:Respondent22 a :Person ;
    pred:Name ""Clinician 22"" ;
    pred:Group ""C"" ;
    pred:Frequent_Usage ""2"" ;
    pred:System_Complexity ""2"" ;
    pred:Ease_of_Use ""4"" ;
    pred:Need_for_Technical_Support ""2"" ;
    pred:Integration_of_Functions ""5"" ;
    pred:Inconsistency ""2"" ;
    pred:Ease_of_Learning ""4"" ;
    pred:Cumbersome_to_Use ""1"" ;
    pred:Confidence_in_Use ""4"" ;
    pred:Need_to_Learn_Before_Use ""2"" .

:Respondent45 a :Person ;
    pred:Name ""Clinician 45"" ;
    pred:Group ""A"" ;
    pred:Frequent_Usage ""2"" ;
    pred:System_Complexity ""1"" ;
    pred:Ease_of_Use ""5"" ;
    pred:Need_for_Technical_Support ""5"" ;
    pred:Integration_of_Functions ""2"" ;
    pred:Inconsistency ""4"" ;
    pred:Ease_of_Learning ""3"" ;
    pred:Cumbersome_to_Use ""1"" ;
    pred:Confidence_in_Use ""2"" ;
    pred:Need_to_Learn_Before_Use ""4"" .

</questionnaire>

<role>
You are a meticulous data analyst AI. Your primary function is to accurately analyze structured data and provide precise, verifiable answers.

</role>

<format>
You will be given a dataset with two key parts:

A 'questions' section: This is your data dictionary or schema. It is the single source of truth for understanding what each field and score means. Refer to it carefully.

A 'responses' section: This contains the raw data from each individual respondent.

To answer the question correctly, you must first use the 'questions' schema to fully understand the context and meaning of the data points within the 'responses'. Do not rely on any prior knowledge outside of this provided data. Base your entire analysis on the information given.

</format>

<output>
Provide your final answer directly and concisely. Output must be the human-readable value, not an option code.

Rules:
- For MCQ fields, map any letter codes in the Responses (case-insensitive) to the corresponding option text from the Questions schema, and output only that text. Do NOT include the letter or both.
  Example: If the schema is ""[MCQ: A. Abnormal B. Inconclusive C. Normal]"" and the response is ""a"", output ""Abnormal"".
- For open-ended fields, output the exact text value.
- If the question asks for a count, provide only the number (e.g., ""42"").
- If the question asks for a list of names or IDs, provide a simple comma-separated list (e.g., ""17, 21, 23"").
- Preserve capitalization exactly as in the schema (e.g., output ""Abnormal"", not ""abnormal"" or ""A"").

</output>

<task>
What is the need for technical support score for Clinician 22?
</task>",2,True
case_36,answer_lookup,What is the group for Clinician 90?,"@prefix : <http://example.org/survey#> .
@prefix pred: <http://example.org/predicate#> .

# Questions
:QName pred:text ""Name of the respondent [Open-ended]"" .
:QGroup pred:text ""Group of the respondent [MCQ: A. Senior B. Junior C. Middle D. Intern]"" .
:QFrequent_Usage pred:text ""I think that I would like to use this system frequently. [Likert 1–5: 1 = Strongly Disagree, 5 = Strongly Agree]"" .
:QSystem_Complexity pred:text ""I found the system unnecessarily complex. [Likert 1–5: 1 = Strongly Disagree, 5 = Strongly Agree]"" .
:QEase_of_Use pred:text ""I thought the system was easy to use. [Likert 1–5: 1 = Strongly Disagree, 5 = Strongly Agree]"" .
:QNeed_for_Technical_Support pred:text ""I think that I would need the support of a technical person to be able to use this system. [Likert 1–5: 1 = Strongly Disagree, 5 = Strongly Agree]"" .
:QIntegration_of_Functions pred:text ""I found the various functions in this system were well integrated. [Likert 1–5: 1 = Strongly Disagree, 5 = Strongly Agree]"" .
:QInconsistency pred:text ""I thought there was too much inconsistency in this system. [Likert 1–5: 1 = Strongly Disagree, 5 = Strongly Agree]"" .
:QEase_of_Learning pred:text ""I would imagine that most people would learn to use this system very quickly. [Likert 1–5: 1 = Strongly Disagree, 5 = Strongly Agree]"" .
:QCumbersome_to_Use pred:text ""I found the system very awkward to use. [Likert 1–5: 1 = Strongly Disagree, 5 = Strongly Agree]"" .
:QConfidence_in_Use pred:text ""I felt very confident using the system. [Likert 1–5: 1 = Strongly Disagree, 5 = Strongly Agree]"" .
:QNeed_to_Learn_Before_Use pred:text ""I needed to learn a lot of things before I could get going with this system. [Likert 1–5: 1 = Strongly Disagree, 5 = Strongly Agree]"" .

# Responses
:Respondent90 a :Person ;
    pred:Name ""Clinician 90"" ;
    pred:Group ""A"" ;
    pred:Frequent_Usage ""5"" ;
    pred:System_Complexity ""1"" ;
    pred:Ease_of_Use ""4"" ;
    pred:Need_for_Technical_Support ""1"" ;
    pred:Integration_of_Functions ""5"" ;
    pred:Inconsistency ""1"" ;
    pred:Ease_of_Learning ""5"" ;
    pred:Cumbersome_to_Use ""1"" ;
    pred:Confidence_in_Use ""5"" ;
    pred:Need_to_Learn_Before_Use ""1"" .

:Respondent4 a :Person ;
    pred:Name ""Clinician 4"" ;
    pred:Group ""D"" ;
    pred:Frequent_Usage ""4"" ;
    pred:System_Complexity ""5"" ;
    pred:Ease_of_Use ""5"" ;
    pred:Need_for_Technical_Support ""4"" ;
    pred:Integration_of_Functions ""5"" ;
    pred:Inconsistency ""4"" ;
    pred:Ease_of_Learning ""4"" ;
    pred:Cumbersome_to_Use ""1"" ;
    pred:Confidence_in_Use ""4"" ;
    pred:Need_to_Learn_Before_Use ""5"" .

:Respondent77 a :Person ;
    pred:Name ""Clinician 77"" ;
    pred:Group ""B"" ;
    pred:Frequent_Usage ""4"" ;
    pred:System_Complexity ""1"" ;
    pred:Ease_of_Use ""4"" ;
    pred:Need_for_Technical_Support ""1"" ;
    pred:Integration_of_Functions ""3"" ;
    pred:Inconsistency ""1"" ;
    pred:Ease_of_Learning ""5"" ;
    pred:Cumbersome_to_Use ""1"" ;
    pred:Confidence_in_Use ""4"" ;
    pred:Need_to_Learn_Before_Use ""3"" .

",A,"<questionnaire>
@prefix : <http://example.org/survey#> .
@prefix pred: <http://example.org/predicate#> .

# Questions
:QName pred:text ""Name of the respondent [Open-ended]"" .
:QGroup pred:text ""Group of the respondent [MCQ: A. Senior B. Junior C. Middle D. Intern]"" .
:QFrequent_Usage pred:text ""I think that I would like to use this system frequently. [Likert 1–5: 1 = Strongly Disagree, 5 = Strongly Agree]"" .
:QSystem_Complexity pred:text ""I found the system unnecessarily complex. [Likert 1–5: 1 = Strongly Disagree, 5 = Strongly Agree]"" .
:QEase_of_Use pred:text ""I thought the system was easy to use. [Likert 1–5: 1 = Strongly Disagree, 5 = Strongly Agree]"" .
:QNeed_for_Technical_Support pred:text ""I think that I would need the support of a technical person to be able to use this system. [Likert 1–5: 1 = Strongly Disagree, 5 = Strongly Agree]"" .
:QIntegration_of_Functions pred:text ""I found the various functions in this system were well integrated. [Likert 1–5: 1 = Strongly Disagree, 5 = Strongly Agree]"" .
:QInconsistency pred:text ""I thought there was too much inconsistency in this system. [Likert 1–5: 1 = Strongly Disagree, 5 = Strongly Agree]"" .
:QEase_of_Learning pred:text ""I would imagine that most people would learn to use this system very quickly. [Likert 1–5: 1 = Strongly Disagree, 5 = Strongly Agree]"" .
:QCumbersome_to_Use pred:text ""I found the system very awkward to use. [Likert 1–5: 1 = Strongly Disagree, 5 = Strongly Agree]"" .
:QConfidence_in_Use pred:text ""I felt very confident using the system. [Likert 1–5: 1 = Strongly Disagree, 5 = Strongly Agree]"" .
:QNeed_to_Learn_Before_Use pred:text ""I needed to learn a lot of things before I could get going with this system. [Likert 1–5: 1 = Strongly Disagree, 5 = Strongly Agree]"" .

# Responses
:Respondent90 a :Person ;
    pred:Name ""Clinician 90"" ;
    pred:Group ""A"" ;
    pred:Frequent_Usage ""5"" ;
    pred:System_Complexity ""1"" ;
    pred:Ease_of_Use ""4"" ;
    pred:Need_for_Technical_Support ""1"" ;
    pred:Integration_of_Functions ""5"" ;
    pred:Inconsistency ""1"" ;
    pred:Ease_of_Learning ""5"" ;
    pred:Cumbersome_to_Use ""1"" ;
    pred:Confidence_in_Use ""5"" ;
    pred:Need_to_Learn_Before_Use ""1"" .

:Respondent4 a :Person ;
    pred:Name ""Clinician 4"" ;
    pred:Group ""D"" ;
    pred:Frequent_Usage ""4"" ;
    pred:System_Complexity ""5"" ;
    pred:Ease_of_Use ""5"" ;
    pred:Need_for_Technical_Support ""4"" ;
    pred:Integration_of_Functions ""5"" ;
    pred:Inconsistency ""4"" ;
    pred:Ease_of_Learning ""4"" ;
    pred:Cumbersome_to_Use ""1"" ;
    pred:Confidence_in_Use ""4"" ;
    pred:Need_to_Learn_Before_Use ""5"" .

:Respondent77 a :Person ;
    pred:Name ""Clinician 77"" ;
    pred:Group ""B"" ;
    pred:Frequent_Usage ""4"" ;
    pred:System_Complexity ""1"" ;
    pred:Ease_of_Use ""4"" ;
    pred:Need_for_Technical_Support ""1"" ;
    pred:Integration_of_Functions ""3"" ;
    pred:Inconsistency ""1"" ;
    pred:Ease_of_Learning ""5"" ;
    pred:Cumbersome_to_Use ""1"" ;
    pred:Confidence_in_Use ""4"" ;
    pred:Need_to_Learn_Before_Use ""3"" .

</questionnaire>

<role>
You are a meticulous data analyst AI. Your primary function is to accurately analyze structured data and provide precise, verifiable answers.

</role>

<format>
You will be given a dataset with two key parts:

A 'questions' section: This is your data dictionary or schema. It is the single source of truth for understanding what each field and score means. Refer to it carefully.

A 'responses' section: This contains the raw data from each individual respondent.

To answer the question correctly, you must first use the 'questions' schema to fully understand the context and meaning of the data points within the 'responses'. Do not rely on any prior knowledge outside of this provided data. Base your entire analysis on the information given.

</format>

<output>
Provide your final answer directly and concisely. Output must be the human-readable value, not an option code.

Rules:
- For MCQ fields, map any letter codes in the Responses (case-insensitive) to the corresponding option text from the Questions schema, and output only that text. Do NOT include the letter or both.
  Example: If the schema is ""[MCQ: A. Abnormal B. Inconclusive C. Normal]"" and the response is ""a"", output ""Abnormal"".
- For open-ended fields, output the exact text value.
- If the question asks for a count, provide only the number (e.g., ""42"").
- If the question asks for a list of names or IDs, provide a simple comma-separated list (e.g., ""17, 21, 23"").
- Preserve capitalization exactly as in the schema (e.g., output ""Abnormal"", not ""abnormal"" or ""A"").

</output>

<task>
What is the group for Clinician 90?
</task>",Senior,False
case_37,answer_lookup,What is the ease of learning score for Clinician 8?,"@prefix : <http://example.org/survey#> .
@prefix pred: <http://example.org/predicate#> .

# Questions
:QName pred:text ""Name of the respondent [Open-ended]"" .
:QGroup pred:text ""Group of the respondent [MCQ: A. Senior B. Junior C. Middle D. Intern]"" .
:QFrequent_Usage pred:text ""I think that I would like to use this system frequently. [Likert 1–5: 1 = Strongly Disagree, 5 = Strongly Agree]"" .
:QSystem_Complexity pred:text ""I found the system unnecessarily complex. [Likert 1–5: 1 = Strongly Disagree, 5 = Strongly Agree]"" .
:QEase_of_Use pred:text ""I thought the system was easy to use. [Likert 1–5: 1 = Strongly Disagree, 5 = Strongly Agree]"" .
:QNeed_for_Technical_Support pred:text ""I think that I would need the support of a technical person to be able to use this system. [Likert 1–5: 1 = Strongly Disagree, 5 = Strongly Agree]"" .
:QIntegration_of_Functions pred:text ""I found the various functions in this system were well integrated. [Likert 1–5: 1 = Strongly Disagree, 5 = Strongly Agree]"" .
:QInconsistency pred:text ""I thought there was too much inconsistency in this system. [Likert 1–5: 1 = Strongly Disagree, 5 = Strongly Agree]"" .
:QEase_of_Learning pred:text ""I would imagine that most people would learn to use this system very quickly. [Likert 1–5: 1 = Strongly Disagree, 5 = Strongly Agree]"" .
:QCumbersome_to_Use pred:text ""I found the system very awkward to use. [Likert 1–5: 1 = Strongly Disagree, 5 = Strongly Agree]"" .
:QConfidence_in_Use pred:text ""I felt very confident using the system. [Likert 1–5: 1 = Strongly Disagree, 5 = Strongly Agree]"" .
:QNeed_to_Learn_Before_Use pred:text ""I needed to learn a lot of things before I could get going with this system. [Likert 1–5: 1 = Strongly Disagree, 5 = Strongly Agree]"" .

# Responses
:Respondent50 a :Person ;
    pred:Name ""Clinician 50"" ;
    pred:Group ""D"" ;
    pred:Frequent_Usage ""5"" ;
    pred:System_Complexity ""1"" ;
    pred:Ease_of_Use ""5"" ;
    pred:Need_for_Technical_Support ""2"" ;
    pred:Integration_of_Functions ""5"" ;
    pred:Inconsistency ""1"" ;
    pred:Ease_of_Learning ""5"" ;
    pred:Cumbersome_to_Use ""1"" ;
    pred:Confidence_in_Use ""5"" ;
    pred:Need_to_Learn_Before_Use ""2"" .

:Respondent8 a :Person ;
    pred:Name ""Clinician 8"" ;
    pred:Group ""A"" ;
    pred:Frequent_Usage ""5"" ;
    pred:System_Complexity ""1"" ;
    pred:Ease_of_Use ""5"" ;
    pred:Need_for_Technical_Support ""5"" ;
    pred:Integration_of_Functions ""5"" ;
    pred:Inconsistency ""1"" ;
    pred:Ease_of_Learning ""5"" ;
    pred:Cumbersome_to_Use ""1"" ;
    pred:Confidence_in_Use ""5"" ;
    pred:Need_to_Learn_Before_Use ""3"" .

:Respondent48 a :Person ;
    pred:Name ""Clinician 48"" ;
    pred:Group ""D"" ;
    pred:Frequent_Usage ""4"" ;
    pred:System_Complexity ""1"" ;
    pred:Ease_of_Use ""5"" ;
    pred:Need_for_Technical_Support ""1"" ;
    pred:Integration_of_Functions ""5"" ;
    pred:Inconsistency ""1"" ;
    pred:Ease_of_Learning ""5"" ;
    pred:Cumbersome_to_Use ""1"" ;
    pred:Confidence_in_Use ""5"" ;
    pred:Need_to_Learn_Before_Use ""1"" .

",5,"<questionnaire>
@prefix : <http://example.org/survey#> .
@prefix pred: <http://example.org/predicate#> .

# Questions
:QName pred:text ""Name of the respondent [Open-ended]"" .
:QGroup pred:text ""Group of the respondent [MCQ: A. Senior B. Junior C. Middle D. Intern]"" .
:QFrequent_Usage pred:text ""I think that I would like to use this system frequently. [Likert 1–5: 1 = Strongly Disagree, 5 = Strongly Agree]"" .
:QSystem_Complexity pred:text ""I found the system unnecessarily complex. [Likert 1–5: 1 = Strongly Disagree, 5 = Strongly Agree]"" .
:QEase_of_Use pred:text ""I thought the system was easy to use. [Likert 1–5: 1 = Strongly Disagree, 5 = Strongly Agree]"" .
:QNeed_for_Technical_Support pred:text ""I think that I would need the support of a technical person to be able to use this system. [Likert 1–5: 1 = Strongly Disagree, 5 = Strongly Agree]"" .
:QIntegration_of_Functions pred:text ""I found the various functions in this system were well integrated. [Likert 1–5: 1 = Strongly Disagree, 5 = Strongly Agree]"" .
:QInconsistency pred:text ""I thought there was too much inconsistency in this system. [Likert 1–5: 1 = Strongly Disagree, 5 = Strongly Agree]"" .
:QEase_of_Learning pred:text ""I would imagine that most people would learn to use this system very quickly. [Likert 1–5: 1 = Strongly Disagree, 5 = Strongly Agree]"" .
:QCumbersome_to_Use pred:text ""I found the system very awkward to use. [Likert 1–5: 1 = Strongly Disagree, 5 = Strongly Agree]"" .
:QConfidence_in_Use pred:text ""I felt very confident using the system. [Likert 1–5: 1 = Strongly Disagree, 5 = Strongly Agree]"" .
:QNeed_to_Learn_Before_Use pred:text ""I needed to learn a lot of things before I could get going with this system. [Likert 1–5: 1 = Strongly Disagree, 5 = Strongly Agree]"" .

# Responses
:Respondent50 a :Person ;
    pred:Name ""Clinician 50"" ;
    pred:Group ""D"" ;
    pred:Frequent_Usage ""5"" ;
    pred:System_Complexity ""1"" ;
    pred:Ease_of_Use ""5"" ;
    pred:Need_for_Technical_Support ""2"" ;
    pred:Integration_of_Functions ""5"" ;
    pred:Inconsistency ""1"" ;
    pred:Ease_of_Learning ""5"" ;
    pred:Cumbersome_to_Use ""1"" ;
    pred:Confidence_in_Use ""5"" ;
    pred:Need_to_Learn_Before_Use ""2"" .

:Respondent8 a :Person ;
    pred:Name ""Clinician 8"" ;
    pred:Group ""A"" ;
    pred:Frequent_Usage ""5"" ;
    pred:System_Complexity ""1"" ;
    pred:Ease_of_Use ""5"" ;
    pred:Need_for_Technical_Support ""5"" ;
    pred:Integration_of_Functions ""5"" ;
    pred:Inconsistency ""1"" ;
    pred:Ease_of_Learning ""5"" ;
    pred:Cumbersome_to_Use ""1"" ;
    pred:Confidence_in_Use ""5"" ;
    pred:Need_to_Learn_Before_Use ""3"" .

:Respondent48 a :Person ;
    pred:Name ""Clinician 48"" ;
    pred:Group ""D"" ;
    pred:Frequent_Usage ""4"" ;
    pred:System_Complexity ""1"" ;
    pred:Ease_of_Use ""5"" ;
    pred:Need_for_Technical_Support ""1"" ;
    pred:Integration_of_Functions ""5"" ;
    pred:Inconsistency ""1"" ;
    pred:Ease_of_Learning ""5"" ;
    pred:Cumbersome_to_Use ""1"" ;
    pred:Confidence_in_Use ""5"" ;
    pred:Need_to_Learn_Before_Use ""1"" .

</questionnaire>

<role>
You are a meticulous data analyst AI. Your primary function is to accurately analyze structured data and provide precise, verifiable answers.

</role>

<format>
You will be given a dataset with two key parts:

A 'questions' section: This is your data dictionary or schema. It is the single source of truth for understanding what each field and score means. Refer to it carefully.

A 'responses' section: This contains the raw data from each individual respondent.

To answer the question correctly, you must first use the 'questions' schema to fully understand the context and meaning of the data points within the 'responses'. Do not rely on any prior knowledge outside of this provided data. Base your entire analysis on the information given.

</format>

<output>
Provide your final answer directly and concisely. Output must be the human-readable value, not an option code.

Rules:
- For MCQ fields, map any letter codes in the Responses (case-insensitive) to the corresponding option text from the Questions schema, and output only that text. Do NOT include the letter or both.
  Example: If the schema is ""[MCQ: A. Abnormal B. Inconclusive C. Normal]"" and the response is ""a"", output ""Abnormal"".
- For open-ended fields, output the exact text value.
- If the question asks for a count, provide only the number (e.g., ""42"").
- If the question asks for a list of names or IDs, provide a simple comma-separated list (e.g., ""17, 21, 23"").
- Preserve capitalization exactly as in the schema (e.g., output ""Abnormal"", not ""abnormal"" or ""A"").

</output>

<task>
What is the ease of learning score for Clinician 8?
</task>",5,True
case_38,answer_lookup,What is the confidence in use score for Clinician 25?,"@prefix : <http://example.org/survey#> .
@prefix pred: <http://example.org/predicate#> .

# Questions
:QName pred:text ""Name of the respondent [Open-ended]"" .
:QGroup pred:text ""Group of the respondent [MCQ: A. Senior B. Junior C. Middle D. Intern]"" .
:QFrequent_Usage pred:text ""I think that I would like to use this system frequently. [Likert 1–5: 1 = Strongly Disagree, 5 = Strongly Agree]"" .
:QSystem_Complexity pred:text ""I found the system unnecessarily complex. [Likert 1–5: 1 = Strongly Disagree, 5 = Strongly Agree]"" .
:QEase_of_Use pred:text ""I thought the system was easy to use. [Likert 1–5: 1 = Strongly Disagree, 5 = Strongly Agree]"" .
:QNeed_for_Technical_Support pred:text ""I think that I would need the support of a technical person to be able to use this system. [Likert 1–5: 1 = Strongly Disagree, 5 = Strongly Agree]"" .
:QIntegration_of_Functions pred:text ""I found the various functions in this system were well integrated. [Likert 1–5: 1 = Strongly Disagree, 5 = Strongly Agree]"" .
:QInconsistency pred:text ""I thought there was too much inconsistency in this system. [Likert 1–5: 1 = Strongly Disagree, 5 = Strongly Agree]"" .
:QEase_of_Learning pred:text ""I would imagine that most people would learn to use this system very quickly. [Likert 1–5: 1 = Strongly Disagree, 5 = Strongly Agree]"" .
:QCumbersome_to_Use pred:text ""I found the system very awkward to use. [Likert 1–5: 1 = Strongly Disagree, 5 = Strongly Agree]"" .
:QConfidence_in_Use pred:text ""I felt very confident using the system. [Likert 1–5: 1 = Strongly Disagree, 5 = Strongly Agree]"" .
:QNeed_to_Learn_Before_Use pred:text ""I needed to learn a lot of things before I could get going with this system. [Likert 1–5: 1 = Strongly Disagree, 5 = Strongly Agree]"" .

# Responses
:Respondent77 a :Person ;
    pred:Name ""Clinician 77"" ;
    pred:Group ""B"" ;
    pred:Frequent_Usage ""4"" ;
    pred:System_Complexity ""1"" ;
    pred:Ease_of_Use ""4"" ;
    pred:Need_for_Technical_Support ""1"" ;
    pred:Integration_of_Functions ""3"" ;
    pred:Inconsistency ""1"" ;
    pred:Ease_of_Learning ""5"" ;
    pred:Cumbersome_to_Use ""1"" ;
    pred:Confidence_in_Use ""4"" ;
    pred:Need_to_Learn_Before_Use ""3"" .

:Respondent59 a :Person ;
    pred:Name ""Clinician 59"" ;
    pred:Group ""C"" ;
    pred:Frequent_Usage ""5"" ;
    pred:System_Complexity ""1"" ;
    pred:Ease_of_Use ""5"" ;
    pred:Need_for_Technical_Support ""1"" ;
    pred:Integration_of_Functions ""5"" ;
    pred:Inconsistency ""1"" ;
    pred:Ease_of_Learning ""5"" ;
    pred:Cumbersome_to_Use ""1"" ;
    pred:Confidence_in_Use ""5"" ;
    pred:Need_to_Learn_Before_Use ""1"" .

:Respondent25 a :Person ;
    pred:Name ""Clinician 25"" ;
    pred:Group ""C"" ;
    pred:Frequent_Usage ""4"" ;
    pred:System_Complexity ""1"" ;
    pred:Ease_of_Use ""4"" ;
    pred:Need_for_Technical_Support ""1"" ;
    pred:Integration_of_Functions ""4"" ;
    pred:Inconsistency ""2"" ;
    pred:Ease_of_Learning ""5"" ;
    pred:Cumbersome_to_Use ""1"" ;
    pred:Confidence_in_Use ""4"" ;
    pred:Need_to_Learn_Before_Use ""4"" .

",4,"<questionnaire>
@prefix : <http://example.org/survey#> .
@prefix pred: <http://example.org/predicate#> .

# Questions
:QName pred:text ""Name of the respondent [Open-ended]"" .
:QGroup pred:text ""Group of the respondent [MCQ: A. Senior B. Junior C. Middle D. Intern]"" .
:QFrequent_Usage pred:text ""I think that I would like to use this system frequently. [Likert 1–5: 1 = Strongly Disagree, 5 = Strongly Agree]"" .
:QSystem_Complexity pred:text ""I found the system unnecessarily complex. [Likert 1–5: 1 = Strongly Disagree, 5 = Strongly Agree]"" .
:QEase_of_Use pred:text ""I thought the system was easy to use. [Likert 1–5: 1 = Strongly Disagree, 5 = Strongly Agree]"" .
:QNeed_for_Technical_Support pred:text ""I think that I would need the support of a technical person to be able to use this system. [Likert 1–5: 1 = Strongly Disagree, 5 = Strongly Agree]"" .
:QIntegration_of_Functions pred:text ""I found the various functions in this system were well integrated. [Likert 1–5: 1 = Strongly Disagree, 5 = Strongly Agree]"" .
:QInconsistency pred:text ""I thought there was too much inconsistency in this system. [Likert 1–5: 1 = Strongly Disagree, 5 = Strongly Agree]"" .
:QEase_of_Learning pred:text ""I would imagine that most people would learn to use this system very quickly. [Likert 1–5: 1 = Strongly Disagree, 5 = Strongly Agree]"" .
:QCumbersome_to_Use pred:text ""I found the system very awkward to use. [Likert 1–5: 1 = Strongly Disagree, 5 = Strongly Agree]"" .
:QConfidence_in_Use pred:text ""I felt very confident using the system. [Likert 1–5: 1 = Strongly Disagree, 5 = Strongly Agree]"" .
:QNeed_to_Learn_Before_Use pred:text ""I needed to learn a lot of things before I could get going with this system. [Likert 1–5: 1 = Strongly Disagree, 5 = Strongly Agree]"" .

# Responses
:Respondent77 a :Person ;
    pred:Name ""Clinician 77"" ;
    pred:Group ""B"" ;
    pred:Frequent_Usage ""4"" ;
    pred:System_Complexity ""1"" ;
    pred:Ease_of_Use ""4"" ;
    pred:Need_for_Technical_Support ""1"" ;
    pred:Integration_of_Functions ""3"" ;
    pred:Inconsistency ""1"" ;
    pred:Ease_of_Learning ""5"" ;
    pred:Cumbersome_to_Use ""1"" ;
    pred:Confidence_in_Use ""4"" ;
    pred:Need_to_Learn_Before_Use ""3"" .

:Respondent59 a :Person ;
    pred:Name ""Clinician 59"" ;
    pred:Group ""C"" ;
    pred:Frequent_Usage ""5"" ;
    pred:System_Complexity ""1"" ;
    pred:Ease_of_Use ""5"" ;
    pred:Need_for_Technical_Support ""1"" ;
    pred:Integration_of_Functions ""5"" ;
    pred:Inconsistency ""1"" ;
    pred:Ease_of_Learning ""5"" ;
    pred:Cumbersome_to_Use ""1"" ;
    pred:Confidence_in_Use ""5"" ;
    pred:Need_to_Learn_Before_Use ""1"" .

:Respondent25 a :Person ;
    pred:Name ""Clinician 25"" ;
    pred:Group ""C"" ;
    pred:Frequent_Usage ""4"" ;
    pred:System_Complexity ""1"" ;
    pred:Ease_of_Use ""4"" ;
    pred:Need_for_Technical_Support ""1"" ;
    pred:Integration_of_Functions ""4"" ;
    pred:Inconsistency ""2"" ;
    pred:Ease_of_Learning ""5"" ;
    pred:Cumbersome_to_Use ""1"" ;
    pred:Confidence_in_Use ""4"" ;
    pred:Need_to_Learn_Before_Use ""4"" .

</questionnaire>

<role>
You are a meticulous data analyst AI. Your primary function is to accurately analyze structured data and provide precise, verifiable answers.

</role>

<format>
You will be given a dataset with two key parts:

A 'questions' section: This is your data dictionary or schema. It is the single source of truth for understanding what each field and score means. Refer to it carefully.

A 'responses' section: This contains the raw data from each individual respondent.

To answer the question correctly, you must first use the 'questions' schema to fully understand the context and meaning of the data points within the 'responses'. Do not rely on any prior knowledge outside of this provided data. Base your entire analysis on the information given.

</format>

<output>
Provide your final answer directly and concisely. Output must be the human-readable value, not an option code.

Rules:
- For MCQ fields, map any letter codes in the Responses (case-insensitive) to the corresponding option text from the Questions schema, and output only that text. Do NOT include the letter or both.
  Example: If the schema is ""[MCQ: A. Abnormal B. Inconclusive C. Normal]"" and the response is ""a"", output ""Abnormal"".
- For open-ended fields, output the exact text value.
- If the question asks for a count, provide only the number (e.g., ""42"").
- If the question asks for a list of names or IDs, provide a simple comma-separated list (e.g., ""17, 21, 23"").
- Preserve capitalization exactly as in the schema (e.g., output ""Abnormal"", not ""abnormal"" or ""A"").

</output>

<task>
What is the confidence in use score for Clinician 25?
</task>",4,True
case_39,answer_lookup,What is the confidence in use score for Clinician 20?,"@prefix : <http://example.org/survey#> .
@prefix pred: <http://example.org/predicate#> .

# Questions
:QName pred:text ""Name of the respondent [Open-ended]"" .
:QGroup pred:text ""Group of the respondent [MCQ: A. Senior B. Junior C. Middle D. Intern]"" .
:QFrequent_Usage pred:text ""I think that I would like to use this system frequently. [Likert 1–5: 1 = Strongly Disagree, 5 = Strongly Agree]"" .
:QSystem_Complexity pred:text ""I found the system unnecessarily complex. [Likert 1–5: 1 = Strongly Disagree, 5 = Strongly Agree]"" .
:QEase_of_Use pred:text ""I thought the system was easy to use. [Likert 1–5: 1 = Strongly Disagree, 5 = Strongly Agree]"" .
:QNeed_for_Technical_Support pred:text ""I think that I would need the support of a technical person to be able to use this system. [Likert 1–5: 1 = Strongly Disagree, 5 = Strongly Agree]"" .
:QIntegration_of_Functions pred:text ""I found the various functions in this system were well integrated. [Likert 1–5: 1 = Strongly Disagree, 5 = Strongly Agree]"" .
:QInconsistency pred:text ""I thought there was too much inconsistency in this system. [Likert 1–5: 1 = Strongly Disagree, 5 = Strongly Agree]"" .
:QEase_of_Learning pred:text ""I would imagine that most people would learn to use this system very quickly. [Likert 1–5: 1 = Strongly Disagree, 5 = Strongly Agree]"" .
:QCumbersome_to_Use pred:text ""I found the system very awkward to use. [Likert 1–5: 1 = Strongly Disagree, 5 = Strongly Agree]"" .
:QConfidence_in_Use pred:text ""I felt very confident using the system. [Likert 1–5: 1 = Strongly Disagree, 5 = Strongly Agree]"" .
:QNeed_to_Learn_Before_Use pred:text ""I needed to learn a lot of things before I could get going with this system. [Likert 1–5: 1 = Strongly Disagree, 5 = Strongly Agree]"" .

# Responses
:Respondent70 a :Person ;
    pred:Name ""Clinician 70"" ;
    pred:Group ""C"" ;
    pred:Frequent_Usage ""3"" ;
    pred:System_Complexity ""1"" ;
    pred:Ease_of_Use ""5"" ;
    pred:Need_for_Technical_Support ""1"" ;
    pred:Integration_of_Functions ""5"" ;
    pred:Inconsistency ""1"" ;
    pred:Ease_of_Learning ""5"" ;
    pred:Cumbersome_to_Use ""1"" ;
    pred:Confidence_in_Use ""4"" ;
    pred:Need_to_Learn_Before_Use ""1"" .

:Respondent36 a :Person ;
    pred:Name ""Clinician 36"" ;
    pred:Group ""B"" ;
    pred:Frequent_Usage ""2"" ;
    pred:System_Complexity ""4"" ;
    pred:Ease_of_Use ""1"" ;
    pred:Need_for_Technical_Support ""2"" ;
    pred:Integration_of_Functions ""4"" ;
    pred:Inconsistency ""1"" ;
    pred:Ease_of_Learning ""2"" ;
    pred:Cumbersome_to_Use ""3"" ;
    pred:Confidence_in_Use ""5"" ;
    pred:Need_to_Learn_Before_Use ""1"" .

:Respondent20 a :Person ;
    pred:Name ""Clinician 20"" ;
    pred:Group ""A"" ;
    pred:Frequent_Usage ""1"" ;
    pred:System_Complexity ""1"" ;
    pred:Ease_of_Use ""4"" ;
    pred:Need_for_Technical_Support ""2"" ;
    pred:Integration_of_Functions ""4"" ;
    pred:Inconsistency ""3"" ;
    pred:Ease_of_Learning ""4"" ;
    pred:Cumbersome_to_Use ""2"" ;
    pred:Confidence_in_Use ""4"" ;
    pred:Need_to_Learn_Before_Use ""2"" .

",4,"<questionnaire>
@prefix : <http://example.org/survey#> .
@prefix pred: <http://example.org/predicate#> .

# Questions
:QName pred:text ""Name of the respondent [Open-ended]"" .
:QGroup pred:text ""Group of the respondent [MCQ: A. Senior B. Junior C. Middle D. Intern]"" .
:QFrequent_Usage pred:text ""I think that I would like to use this system frequently. [Likert 1–5: 1 = Strongly Disagree, 5 = Strongly Agree]"" .
:QSystem_Complexity pred:text ""I found the system unnecessarily complex. [Likert 1–5: 1 = Strongly Disagree, 5 = Strongly Agree]"" .
:QEase_of_Use pred:text ""I thought the system was easy to use. [Likert 1–5: 1 = Strongly Disagree, 5 = Strongly Agree]"" .
:QNeed_for_Technical_Support pred:text ""I think that I would need the support of a technical person to be able to use this system. [Likert 1–5: 1 = Strongly Disagree, 5 = Strongly Agree]"" .
:QIntegration_of_Functions pred:text ""I found the various functions in this system were well integrated. [Likert 1–5: 1 = Strongly Disagree, 5 = Strongly Agree]"" .
:QInconsistency pred:text ""I thought there was too much inconsistency in this system. [Likert 1–5: 1 = Strongly Disagree, 5 = Strongly Agree]"" .
:QEase_of_Learning pred:text ""I would imagine that most people would learn to use this system very quickly. [Likert 1–5: 1 = Strongly Disagree, 5 = Strongly Agree]"" .
:QCumbersome_to_Use pred:text ""I found the system very awkward to use. [Likert 1–5: 1 = Strongly Disagree, 5 = Strongly Agree]"" .
:QConfidence_in_Use pred:text ""I felt very confident using the system. [Likert 1–5: 1 = Strongly Disagree, 5 = Strongly Agree]"" .
:QNeed_to_Learn_Before_Use pred:text ""I needed to learn a lot of things before I could get going with this system. [Likert 1–5: 1 = Strongly Disagree, 5 = Strongly Agree]"" .

# Responses
:Respondent70 a :Person ;
    pred:Name ""Clinician 70"" ;
    pred:Group ""C"" ;
    pred:Frequent_Usage ""3"" ;
    pred:System_Complexity ""1"" ;
    pred:Ease_of_Use ""5"" ;
    pred:Need_for_Technical_Support ""1"" ;
    pred:Integration_of_Functions ""5"" ;
    pred:Inconsistency ""1"" ;
    pred:Ease_of_Learning ""5"" ;
    pred:Cumbersome_to_Use ""1"" ;
    pred:Confidence_in_Use ""4"" ;
    pred:Need_to_Learn_Before_Use ""1"" .

:Respondent36 a :Person ;
    pred:Name ""Clinician 36"" ;
    pred:Group ""B"" ;
    pred:Frequent_Usage ""2"" ;
    pred:System_Complexity ""4"" ;
    pred:Ease_of_Use ""1"" ;
    pred:Need_for_Technical_Support ""2"" ;
    pred:Integration_of_Functions ""4"" ;
    pred:Inconsistency ""1"" ;
    pred:Ease_of_Learning ""2"" ;
    pred:Cumbersome_to_Use ""3"" ;
    pred:Confidence_in_Use ""5"" ;
    pred:Need_to_Learn_Before_Use ""1"" .

:Respondent20 a :Person ;
    pred:Name ""Clinician 20"" ;
    pred:Group ""A"" ;
    pred:Frequent_Usage ""1"" ;
    pred:System_Complexity ""1"" ;
    pred:Ease_of_Use ""4"" ;
    pred:Need_for_Technical_Support ""2"" ;
    pred:Integration_of_Functions ""4"" ;
    pred:Inconsistency ""3"" ;
    pred:Ease_of_Learning ""4"" ;
    pred:Cumbersome_to_Use ""2"" ;
    pred:Confidence_in_Use ""4"" ;
    pred:Need_to_Learn_Before_Use ""2"" .

</questionnaire>

<role>
You are a meticulous data analyst AI. Your primary function is to accurately analyze structured data and provide precise, verifiable answers.

</role>

<format>
You will be given a dataset with two key parts:

A 'questions' section: This is your data dictionary or schema. It is the single source of truth for understanding what each field and score means. Refer to it carefully.

A 'responses' section: This contains the raw data from each individual respondent.

To answer the question correctly, you must first use the 'questions' schema to fully understand the context and meaning of the data points within the 'responses'. Do not rely on any prior knowledge outside of this provided data. Base your entire analysis on the information given.

</format>

<output>
Provide your final answer directly and concisely. Output must be the human-readable value, not an option code.

Rules:
- For MCQ fields, map any letter codes in the Responses (case-insensitive) to the corresponding option text from the Questions schema, and output only that text. Do NOT include the letter or both.
  Example: If the schema is ""[MCQ: A. Abnormal B. Inconclusive C. Normal]"" and the response is ""a"", output ""Abnormal"".
- For open-ended fields, output the exact text value.
- If the question asks for a count, provide only the number (e.g., ""42"").
- If the question asks for a list of names or IDs, provide a simple comma-separated list (e.g., ""17, 21, 23"").
- Preserve capitalization exactly as in the schema (e.g., output ""Abnormal"", not ""abnormal"" or ""A"").

</output>

<task>
What is the confidence in use score for Clinician 20?
</task>",4,True
case_40,answer_lookup,What is the integration of functions score for Clinician 9?,"@prefix : <http://example.org/survey#> .
@prefix pred: <http://example.org/predicate#> .

# Questions
:QName pred:text ""Name of the respondent [Open-ended]"" .
:QGroup pred:text ""Group of the respondent [MCQ: A. Senior B. Junior C. Middle D. Intern]"" .
:QFrequent_Usage pred:text ""I think that I would like to use this system frequently. [Likert 1–5: 1 = Strongly Disagree, 5 = Strongly Agree]"" .
:QSystem_Complexity pred:text ""I found the system unnecessarily complex. [Likert 1–5: 1 = Strongly Disagree, 5 = Strongly Agree]"" .
:QEase_of_Use pred:text ""I thought the system was easy to use. [Likert 1–5: 1 = Strongly Disagree, 5 = Strongly Agree]"" .
:QNeed_for_Technical_Support pred:text ""I think that I would need the support of a technical person to be able to use this system. [Likert 1–5: 1 = Strongly Disagree, 5 = Strongly Agree]"" .
:QIntegration_of_Functions pred:text ""I found the various functions in this system were well integrated. [Likert 1–5: 1 = Strongly Disagree, 5 = Strongly Agree]"" .
:QInconsistency pred:text ""I thought there was too much inconsistency in this system. [Likert 1–5: 1 = Strongly Disagree, 5 = Strongly Agree]"" .
:QEase_of_Learning pred:text ""I would imagine that most people would learn to use this system very quickly. [Likert 1–5: 1 = Strongly Disagree, 5 = Strongly Agree]"" .
:QCumbersome_to_Use pred:text ""I found the system very awkward to use. [Likert 1–5: 1 = Strongly Disagree, 5 = Strongly Agree]"" .
:QConfidence_in_Use pred:text ""I felt very confident using the system. [Likert 1–5: 1 = Strongly Disagree, 5 = Strongly Agree]"" .
:QNeed_to_Learn_Before_Use pred:text ""I needed to learn a lot of things before I could get going with this system. [Likert 1–5: 1 = Strongly Disagree, 5 = Strongly Agree]"" .

# Responses
:Respondent50 a :Person ;
    pred:Name ""Clinician 50"" ;
    pred:Group ""D"" ;
    pred:Frequent_Usage ""5"" ;
    pred:System_Complexity ""1"" ;
    pred:Ease_of_Use ""5"" ;
    pred:Need_for_Technical_Support ""2"" ;
    pred:Integration_of_Functions ""5"" ;
    pred:Inconsistency ""1"" ;
    pred:Ease_of_Learning ""5"" ;
    pred:Cumbersome_to_Use ""1"" ;
    pred:Confidence_in_Use ""5"" ;
    pred:Need_to_Learn_Before_Use ""2"" .

:Respondent9 a :Person ;
    pred:Name ""Clinician 9"" ;
    pred:Group ""B"" ;
    pred:Frequent_Usage ""4"" ;
    pred:System_Complexity ""2"" ;
    pred:Ease_of_Use ""4"" ;
    pred:Need_for_Technical_Support ""4"" ;
    pred:Integration_of_Functions ""5"" ;
    pred:Inconsistency ""2"" ;
    pred:Ease_of_Learning ""5"" ;
    pred:Cumbersome_to_Use ""1"" ;
    pred:Confidence_in_Use ""4"" ;
    pred:Need_to_Learn_Before_Use ""1"" .

:Respondent78 a :Person ;
    pred:Name ""Clinician 78"" ;
    pred:Group ""D"" ;
    pred:Frequent_Usage ""5"" ;
    pred:System_Complexity ""1"" ;
    pred:Ease_of_Use ""5"" ;
    pred:Need_for_Technical_Support ""1"" ;
    pred:Integration_of_Functions ""5"" ;
    pred:Inconsistency ""1"" ;
    pred:Ease_of_Learning ""5"" ;
    pred:Cumbersome_to_Use ""1"" ;
    pred:Confidence_in_Use ""5"" ;
    pred:Need_to_Learn_Before_Use ""1"" .

",5,"<questionnaire>
@prefix : <http://example.org/survey#> .
@prefix pred: <http://example.org/predicate#> .

# Questions
:QName pred:text ""Name of the respondent [Open-ended]"" .
:QGroup pred:text ""Group of the respondent [MCQ: A. Senior B. Junior C. Middle D. Intern]"" .
:QFrequent_Usage pred:text ""I think that I would like to use this system frequently. [Likert 1–5: 1 = Strongly Disagree, 5 = Strongly Agree]"" .
:QSystem_Complexity pred:text ""I found the system unnecessarily complex. [Likert 1–5: 1 = Strongly Disagree, 5 = Strongly Agree]"" .
:QEase_of_Use pred:text ""I thought the system was easy to use. [Likert 1–5: 1 = Strongly Disagree, 5 = Strongly Agree]"" .
:QNeed_for_Technical_Support pred:text ""I think that I would need the support of a technical person to be able to use this system. [Likert 1–5: 1 = Strongly Disagree, 5 = Strongly Agree]"" .
:QIntegration_of_Functions pred:text ""I found the various functions in this system were well integrated. [Likert 1–5: 1 = Strongly Disagree, 5 = Strongly Agree]"" .
:QInconsistency pred:text ""I thought there was too much inconsistency in this system. [Likert 1–5: 1 = Strongly Disagree, 5 = Strongly Agree]"" .
:QEase_of_Learning pred:text ""I would imagine that most people would learn to use this system very quickly. [Likert 1–5: 1 = Strongly Disagree, 5 = Strongly Agree]"" .
:QCumbersome_to_Use pred:text ""I found the system very awkward to use. [Likert 1–5: 1 = Strongly Disagree, 5 = Strongly Agree]"" .
:QConfidence_in_Use pred:text ""I felt very confident using the system. [Likert 1–5: 1 = Strongly Disagree, 5 = Strongly Agree]"" .
:QNeed_to_Learn_Before_Use pred:text ""I needed to learn a lot of things before I could get going with this system. [Likert 1–5: 1 = Strongly Disagree, 5 = Strongly Agree]"" .

# Responses
:Respondent50 a :Person ;
    pred:Name ""Clinician 50"" ;
    pred:Group ""D"" ;
    pred:Frequent_Usage ""5"" ;
    pred:System_Complexity ""1"" ;
    pred:Ease_of_Use ""5"" ;
    pred:Need_for_Technical_Support ""2"" ;
    pred:Integration_of_Functions ""5"" ;
    pred:Inconsistency ""1"" ;
    pred:Ease_of_Learning ""5"" ;
    pred:Cumbersome_to_Use ""1"" ;
    pred:Confidence_in_Use ""5"" ;
    pred:Need_to_Learn_Before_Use ""2"" .

:Respondent9 a :Person ;
    pred:Name ""Clinician 9"" ;
    pred:Group ""B"" ;
    pred:Frequent_Usage ""4"" ;
    pred:System_Complexity ""2"" ;
    pred:Ease_of_Use ""4"" ;
    pred:Need_for_Technical_Support ""4"" ;
    pred:Integration_of_Functions ""5"" ;
    pred:Inconsistency ""2"" ;
    pred:Ease_of_Learning ""5"" ;
    pred:Cumbersome_to_Use ""1"" ;
    pred:Confidence_in_Use ""4"" ;
    pred:Need_to_Learn_Before_Use ""1"" .

:Respondent78 a :Person ;
    pred:Name ""Clinician 78"" ;
    pred:Group ""D"" ;
    pred:Frequent_Usage ""5"" ;
    pred:System_Complexity ""1"" ;
    pred:Ease_of_Use ""5"" ;
    pred:Need_for_Technical_Support ""1"" ;
    pred:Integration_of_Functions ""5"" ;
    pred:Inconsistency ""1"" ;
    pred:Ease_of_Learning ""5"" ;
    pred:Cumbersome_to_Use ""1"" ;
    pred:Confidence_in_Use ""5"" ;
    pred:Need_to_Learn_Before_Use ""1"" .

</questionnaire>

<role>
You are a meticulous data analyst AI. Your primary function is to accurately analyze structured data and provide precise, verifiable answers.

</role>

<format>
You will be given a dataset with two key parts:

A 'questions' section: This is your data dictionary or schema. It is the single source of truth for understanding what each field and score means. Refer to it carefully.

A 'responses' section: This contains the raw data from each individual respondent.

To answer the question correctly, you must first use the 'questions' schema to fully understand the context and meaning of the data points within the 'responses'. Do not rely on any prior knowledge outside of this provided data. Base your entire analysis on the information given.

</format>

<output>
Provide your final answer directly and concisely. Output must be the human-readable value, not an option code.

Rules:
- For MCQ fields, map any letter codes in the Responses (case-insensitive) to the corresponding option text from the Questions schema, and output only that text. Do NOT include the letter or both.
  Example: If the schema is ""[MCQ: A. Abnormal B. Inconclusive C. Normal]"" and the response is ""a"", output ""Abnormal"".
- For open-ended fields, output the exact text value.
- If the question asks for a count, provide only the number (e.g., ""42"").
- If the question asks for a list of names or IDs, provide a simple comma-separated list (e.g., ""17, 21, 23"").
- Preserve capitalization exactly as in the schema (e.g., output ""Abnormal"", not ""abnormal"" or ""A"").

</output>

<task>
What is the integration of functions score for Clinician 9?
</task>",5,True
case_41,answer_lookup,What is the frequent usage score for Clinician 53?,"@prefix : <http://example.org/survey#> .
@prefix pred: <http://example.org/predicate#> .

# Questions
:QName pred:text ""Name of the respondent [Open-ended]"" .
:QGroup pred:text ""Group of the respondent [MCQ: A. Senior B. Junior C. Middle D. Intern]"" .
:QFrequent_Usage pred:text ""I think that I would like to use this system frequently. [Likert 1–5: 1 = Strongly Disagree, 5 = Strongly Agree]"" .
:QSystem_Complexity pred:text ""I found the system unnecessarily complex. [Likert 1–5: 1 = Strongly Disagree, 5 = Strongly Agree]"" .
:QEase_of_Use pred:text ""I thought the system was easy to use. [Likert 1–5: 1 = Strongly Disagree, 5 = Strongly Agree]"" .
:QNeed_for_Technical_Support pred:text ""I think that I would need the support of a technical person to be able to use this system. [Likert 1–5: 1 = Strongly Disagree, 5 = Strongly Agree]"" .
:QIntegration_of_Functions pred:text ""I found the various functions in this system were well integrated. [Likert 1–5: 1 = Strongly Disagree, 5 = Strongly Agree]"" .
:QInconsistency pred:text ""I thought there was too much inconsistency in this system. [Likert 1–5: 1 = Strongly Disagree, 5 = Strongly Agree]"" .
:QEase_of_Learning pred:text ""I would imagine that most people would learn to use this system very quickly. [Likert 1–5: 1 = Strongly Disagree, 5 = Strongly Agree]"" .
:QCumbersome_to_Use pred:text ""I found the system very awkward to use. [Likert 1–5: 1 = Strongly Disagree, 5 = Strongly Agree]"" .
:QConfidence_in_Use pred:text ""I felt very confident using the system. [Likert 1–5: 1 = Strongly Disagree, 5 = Strongly Agree]"" .
:QNeed_to_Learn_Before_Use pred:text ""I needed to learn a lot of things before I could get going with this system. [Likert 1–5: 1 = Strongly Disagree, 5 = Strongly Agree]"" .

# Responses
:Respondent62 a :Person ;
    pred:Name ""Clinician 62"" ;
    pred:Group ""C"" ;
    pred:Frequent_Usage ""2"" ;
    pred:System_Complexity ""3"" ;
    pred:Ease_of_Use ""1"" ;
    pred:Need_for_Technical_Support ""5"" ;
    pred:Integration_of_Functions ""1"" ;
    pred:Inconsistency ""5"" ;
    pred:Ease_of_Learning ""1"" ;
    pred:Cumbersome_to_Use ""4"" ;
    pred:Confidence_in_Use ""2"" ;
    pred:Need_to_Learn_Before_Use ""4"" .

:Respondent6 a :Person ;
    pred:Name ""Clinician 6"" ;
    pred:Group ""D"" ;
    pred:Frequent_Usage ""4"" ;
    pred:System_Complexity ""1"" ;
    pred:Ease_of_Use ""5"" ;
    pred:Need_for_Technical_Support ""1"" ;
    pred:Integration_of_Functions ""4"" ;
    pred:Inconsistency ""1"" ;
    pred:Ease_of_Learning ""5"" ;
    pred:Cumbersome_to_Use ""1"" ;
    pred:Confidence_in_Use ""5"" ;
    pred:Need_to_Learn_Before_Use ""1"" .

:Respondent53 a :Person ;
    pred:Name ""Clinician 53"" ;
    pred:Group ""A"" ;
    pred:Frequent_Usage ""5"" ;
    pred:System_Complexity ""1"" ;
    pred:Ease_of_Use ""5"" ;
    pred:Need_for_Technical_Support ""1"" ;
    pred:Integration_of_Functions ""5"" ;
    pred:Inconsistency ""1"" ;
    pred:Ease_of_Learning ""5"" ;
    pred:Cumbersome_to_Use ""1"" ;
    pred:Confidence_in_Use ""5"" ;
    pred:Need_to_Learn_Before_Use ""1"" .

",5,"<questionnaire>
@prefix : <http://example.org/survey#> .
@prefix pred: <http://example.org/predicate#> .

# Questions
:QName pred:text ""Name of the respondent [Open-ended]"" .
:QGroup pred:text ""Group of the respondent [MCQ: A. Senior B. Junior C. Middle D. Intern]"" .
:QFrequent_Usage pred:text ""I think that I would like to use this system frequently. [Likert 1–5: 1 = Strongly Disagree, 5 = Strongly Agree]"" .
:QSystem_Complexity pred:text ""I found the system unnecessarily complex. [Likert 1–5: 1 = Strongly Disagree, 5 = Strongly Agree]"" .
:QEase_of_Use pred:text ""I thought the system was easy to use. [Likert 1–5: 1 = Strongly Disagree, 5 = Strongly Agree]"" .
:QNeed_for_Technical_Support pred:text ""I think that I would need the support of a technical person to be able to use this system. [Likert 1–5: 1 = Strongly Disagree, 5 = Strongly Agree]"" .
:QIntegration_of_Functions pred:text ""I found the various functions in this system were well integrated. [Likert 1–5: 1 = Strongly Disagree, 5 = Strongly Agree]"" .
:QInconsistency pred:text ""I thought there was too much inconsistency in this system. [Likert 1–5: 1 = Strongly Disagree, 5 = Strongly Agree]"" .
:QEase_of_Learning pred:text ""I would imagine that most people would learn to use this system very quickly. [Likert 1–5: 1 = Strongly Disagree, 5 = Strongly Agree]"" .
:QCumbersome_to_Use pred:text ""I found the system very awkward to use. [Likert 1–5: 1 = Strongly Disagree, 5 = Strongly Agree]"" .
:QConfidence_in_Use pred:text ""I felt very confident using the system. [Likert 1–5: 1 = Strongly Disagree, 5 = Strongly Agree]"" .
:QNeed_to_Learn_Before_Use pred:text ""I needed to learn a lot of things before I could get going with this system. [Likert 1–5: 1 = Strongly Disagree, 5 = Strongly Agree]"" .

# Responses
:Respondent62 a :Person ;
    pred:Name ""Clinician 62"" ;
    pred:Group ""C"" ;
    pred:Frequent_Usage ""2"" ;
    pred:System_Complexity ""3"" ;
    pred:Ease_of_Use ""1"" ;
    pred:Need_for_Technical_Support ""5"" ;
    pred:Integration_of_Functions ""1"" ;
    pred:Inconsistency ""5"" ;
    pred:Ease_of_Learning ""1"" ;
    pred:Cumbersome_to_Use ""4"" ;
    pred:Confidence_in_Use ""2"" ;
    pred:Need_to_Learn_Before_Use ""4"" .

:Respondent6 a :Person ;
    pred:Name ""Clinician 6"" ;
    pred:Group ""D"" ;
    pred:Frequent_Usage ""4"" ;
    pred:System_Complexity ""1"" ;
    pred:Ease_of_Use ""5"" ;
    pred:Need_for_Technical_Support ""1"" ;
    pred:Integration_of_Functions ""4"" ;
    pred:Inconsistency ""1"" ;
    pred:Ease_of_Learning ""5"" ;
    pred:Cumbersome_to_Use ""1"" ;
    pred:Confidence_in_Use ""5"" ;
    pred:Need_to_Learn_Before_Use ""1"" .

:Respondent53 a :Person ;
    pred:Name ""Clinician 53"" ;
    pred:Group ""A"" ;
    pred:Frequent_Usage ""5"" ;
    pred:System_Complexity ""1"" ;
    pred:Ease_of_Use ""5"" ;
    pred:Need_for_Technical_Support ""1"" ;
    pred:Integration_of_Functions ""5"" ;
    pred:Inconsistency ""1"" ;
    pred:Ease_of_Learning ""5"" ;
    pred:Cumbersome_to_Use ""1"" ;
    pred:Confidence_in_Use ""5"" ;
    pred:Need_to_Learn_Before_Use ""1"" .

</questionnaire>

<role>
You are a meticulous data analyst AI. Your primary function is to accurately analyze structured data and provide precise, verifiable answers.

</role>

<format>
You will be given a dataset with two key parts:

A 'questions' section: This is your data dictionary or schema. It is the single source of truth for understanding what each field and score means. Refer to it carefully.

A 'responses' section: This contains the raw data from each individual respondent.

To answer the question correctly, you must first use the 'questions' schema to fully understand the context and meaning of the data points within the 'responses'. Do not rely on any prior knowledge outside of this provided data. Base your entire analysis on the information given.

</format>

<output>
Provide your final answer directly and concisely. Output must be the human-readable value, not an option code.

Rules:
- For MCQ fields, map any letter codes in the Responses (case-insensitive) to the corresponding option text from the Questions schema, and output only that text. Do NOT include the letter or both.
  Example: If the schema is ""[MCQ: A. Abnormal B. Inconclusive C. Normal]"" and the response is ""a"", output ""Abnormal"".
- For open-ended fields, output the exact text value.
- If the question asks for a count, provide only the number (e.g., ""42"").
- If the question asks for a list of names or IDs, provide a simple comma-separated list (e.g., ""17, 21, 23"").
- Preserve capitalization exactly as in the schema (e.g., output ""Abnormal"", not ""abnormal"" or ""A"").

</output>

<task>
What is the frequent usage score for Clinician 53?
</task>",5,True
case_42,answer_lookup,What is the need for technical support score for Clinician 32?,"@prefix : <http://example.org/survey#> .
@prefix pred: <http://example.org/predicate#> .

# Questions
:QName pred:text ""Name of the respondent [Open-ended]"" .
:QGroup pred:text ""Group of the respondent [MCQ: A. Senior B. Junior C. Middle D. Intern]"" .
:QFrequent_Usage pred:text ""I think that I would like to use this system frequently. [Likert 1–5: 1 = Strongly Disagree, 5 = Strongly Agree]"" .
:QSystem_Complexity pred:text ""I found the system unnecessarily complex. [Likert 1–5: 1 = Strongly Disagree, 5 = Strongly Agree]"" .
:QEase_of_Use pred:text ""I thought the system was easy to use. [Likert 1–5: 1 = Strongly Disagree, 5 = Strongly Agree]"" .
:QNeed_for_Technical_Support pred:text ""I think that I would need the support of a technical person to be able to use this system. [Likert 1–5: 1 = Strongly Disagree, 5 = Strongly Agree]"" .
:QIntegration_of_Functions pred:text ""I found the various functions in this system were well integrated. [Likert 1–5: 1 = Strongly Disagree, 5 = Strongly Agree]"" .
:QInconsistency pred:text ""I thought there was too much inconsistency in this system. [Likert 1–5: 1 = Strongly Disagree, 5 = Strongly Agree]"" .
:QEase_of_Learning pred:text ""I would imagine that most people would learn to use this system very quickly. [Likert 1–5: 1 = Strongly Disagree, 5 = Strongly Agree]"" .
:QCumbersome_to_Use pred:text ""I found the system very awkward to use. [Likert 1–5: 1 = Strongly Disagree, 5 = Strongly Agree]"" .
:QConfidence_in_Use pred:text ""I felt very confident using the system. [Likert 1–5: 1 = Strongly Disagree, 5 = Strongly Agree]"" .
:QNeed_to_Learn_Before_Use pred:text ""I needed to learn a lot of things before I could get going with this system. [Likert 1–5: 1 = Strongly Disagree, 5 = Strongly Agree]"" .

# Responses
:Respondent42 a :Person ;
    pred:Name ""Clinician 42"" ;
    pred:Group ""B"" ;
    pred:Frequent_Usage ""3"" ;
    pred:System_Complexity ""1"" ;
    pred:Ease_of_Use ""3"" ;
    pred:Need_for_Technical_Support ""1"" ;
    pred:Integration_of_Functions ""5"" ;
    pred:Inconsistency ""1"" ;
    pred:Ease_of_Learning ""5"" ;
    pred:Cumbersome_to_Use ""4"" ;
    pred:Confidence_in_Use ""4"" ;
    pred:Need_to_Learn_Before_Use ""3"" .

:Respondent32 a :Person ;
    pred:Name ""Clinician 32"" ;
    pred:Group ""B"" ;
    pred:Frequent_Usage ""3"" ;
    pred:System_Complexity ""3"" ;
    pred:Ease_of_Use ""5"" ;
    pred:Need_for_Technical_Support ""3"" ;
    pred:Integration_of_Functions ""5"" ;
    pred:Inconsistency ""5"" ;
    pred:Ease_of_Learning ""5"" ;
    pred:Cumbersome_to_Use ""1"" ;
    pred:Confidence_in_Use ""4"" ;
    pred:Need_to_Learn_Before_Use ""1"" .

:Respondent25 a :Person ;
    pred:Name ""Clinician 25"" ;
    pred:Group ""C"" ;
    pred:Frequent_Usage ""4"" ;
    pred:System_Complexity ""1"" ;
    pred:Ease_of_Use ""4"" ;
    pred:Need_for_Technical_Support ""1"" ;
    pred:Integration_of_Functions ""4"" ;
    pred:Inconsistency ""2"" ;
    pred:Ease_of_Learning ""5"" ;
    pred:Cumbersome_to_Use ""1"" ;
    pred:Confidence_in_Use ""4"" ;
    pred:Need_to_Learn_Before_Use ""4"" .

",3,"<questionnaire>
@prefix : <http://example.org/survey#> .
@prefix pred: <http://example.org/predicate#> .

# Questions
:QName pred:text ""Name of the respondent [Open-ended]"" .
:QGroup pred:text ""Group of the respondent [MCQ: A. Senior B. Junior C. Middle D. Intern]"" .
:QFrequent_Usage pred:text ""I think that I would like to use this system frequently. [Likert 1–5: 1 = Strongly Disagree, 5 = Strongly Agree]"" .
:QSystem_Complexity pred:text ""I found the system unnecessarily complex. [Likert 1–5: 1 = Strongly Disagree, 5 = Strongly Agree]"" .
:QEase_of_Use pred:text ""I thought the system was easy to use. [Likert 1–5: 1 = Strongly Disagree, 5 = Strongly Agree]"" .
:QNeed_for_Technical_Support pred:text ""I think that I would need the support of a technical person to be able to use this system. [Likert 1–5: 1 = Strongly Disagree, 5 = Strongly Agree]"" .
:QIntegration_of_Functions pred:text ""I found the various functions in this system were well integrated. [Likert 1–5: 1 = Strongly Disagree, 5 = Strongly Agree]"" .
:QInconsistency pred:text ""I thought there was too much inconsistency in this system. [Likert 1–5: 1 = Strongly Disagree, 5 = Strongly Agree]"" .
:QEase_of_Learning pred:text ""I would imagine that most people would learn to use this system very quickly. [Likert 1–5: 1 = Strongly Disagree, 5 = Strongly Agree]"" .
:QCumbersome_to_Use pred:text ""I found the system very awkward to use. [Likert 1–5: 1 = Strongly Disagree, 5 = Strongly Agree]"" .
:QConfidence_in_Use pred:text ""I felt very confident using the system. [Likert 1–5: 1 = Strongly Disagree, 5 = Strongly Agree]"" .
:QNeed_to_Learn_Before_Use pred:text ""I needed to learn a lot of things before I could get going with this system. [Likert 1–5: 1 = Strongly Disagree, 5 = Strongly Agree]"" .

# Responses
:Respondent42 a :Person ;
    pred:Name ""Clinician 42"" ;
    pred:Group ""B"" ;
    pred:Frequent_Usage ""3"" ;
    pred:System_Complexity ""1"" ;
    pred:Ease_of_Use ""3"" ;
    pred:Need_for_Technical_Support ""1"" ;
    pred:Integration_of_Functions ""5"" ;
    pred:Inconsistency ""1"" ;
    pred:Ease_of_Learning ""5"" ;
    pred:Cumbersome_to_Use ""4"" ;
    pred:Confidence_in_Use ""4"" ;
    pred:Need_to_Learn_Before_Use ""3"" .

:Respondent32 a :Person ;
    pred:Name ""Clinician 32"" ;
    pred:Group ""B"" ;
    pred:Frequent_Usage ""3"" ;
    pred:System_Complexity ""3"" ;
    pred:Ease_of_Use ""5"" ;
    pred:Need_for_Technical_Support ""3"" ;
    pred:Integration_of_Functions ""5"" ;
    pred:Inconsistency ""5"" ;
    pred:Ease_of_Learning ""5"" ;
    pred:Cumbersome_to_Use ""1"" ;
    pred:Confidence_in_Use ""4"" ;
    pred:Need_to_Learn_Before_Use ""1"" .

:Respondent25 a :Person ;
    pred:Name ""Clinician 25"" ;
    pred:Group ""C"" ;
    pred:Frequent_Usage ""4"" ;
    pred:System_Complexity ""1"" ;
    pred:Ease_of_Use ""4"" ;
    pred:Need_for_Technical_Support ""1"" ;
    pred:Integration_of_Functions ""4"" ;
    pred:Inconsistency ""2"" ;
    pred:Ease_of_Learning ""5"" ;
    pred:Cumbersome_to_Use ""1"" ;
    pred:Confidence_in_Use ""4"" ;
    pred:Need_to_Learn_Before_Use ""4"" .

</questionnaire>

<role>
You are a meticulous data analyst AI. Your primary function is to accurately analyze structured data and provide precise, verifiable answers.

</role>

<format>
You will be given a dataset with two key parts:

A 'questions' section: This is your data dictionary or schema. It is the single source of truth for understanding what each field and score means. Refer to it carefully.

A 'responses' section: This contains the raw data from each individual respondent.

To answer the question correctly, you must first use the 'questions' schema to fully understand the context and meaning of the data points within the 'responses'. Do not rely on any prior knowledge outside of this provided data. Base your entire analysis on the information given.

</format>

<output>
Provide your final answer directly and concisely. Output must be the human-readable value, not an option code.

Rules:
- For MCQ fields, map any letter codes in the Responses (case-insensitive) to the corresponding option text from the Questions schema, and output only that text. Do NOT include the letter or both.
  Example: If the schema is ""[MCQ: A. Abnormal B. Inconclusive C. Normal]"" and the response is ""a"", output ""Abnormal"".
- For open-ended fields, output the exact text value.
- If the question asks for a count, provide only the number (e.g., ""42"").
- If the question asks for a list of names or IDs, provide a simple comma-separated list (e.g., ""17, 21, 23"").
- Preserve capitalization exactly as in the schema (e.g., output ""Abnormal"", not ""abnormal"" or ""A"").

</output>

<task>
What is the need for technical support score for Clinician 32?
</task>",3,True
case_43,answer_lookup,What is the cumbersome to use score for Clinician 8?,"@prefix : <http://example.org/survey#> .
@prefix pred: <http://example.org/predicate#> .

# Questions
:QName pred:text ""Name of the respondent [Open-ended]"" .
:QGroup pred:text ""Group of the respondent [MCQ: A. Senior B. Junior C. Middle D. Intern]"" .
:QFrequent_Usage pred:text ""I think that I would like to use this system frequently. [Likert 1–5: 1 = Strongly Disagree, 5 = Strongly Agree]"" .
:QSystem_Complexity pred:text ""I found the system unnecessarily complex. [Likert 1–5: 1 = Strongly Disagree, 5 = Strongly Agree]"" .
:QEase_of_Use pred:text ""I thought the system was easy to use. [Likert 1–5: 1 = Strongly Disagree, 5 = Strongly Agree]"" .
:QNeed_for_Technical_Support pred:text ""I think that I would need the support of a technical person to be able to use this system. [Likert 1–5: 1 = Strongly Disagree, 5 = Strongly Agree]"" .
:QIntegration_of_Functions pred:text ""I found the various functions in this system were well integrated. [Likert 1–5: 1 = Strongly Disagree, 5 = Strongly Agree]"" .
:QInconsistency pred:text ""I thought there was too much inconsistency in this system. [Likert 1–5: 1 = Strongly Disagree, 5 = Strongly Agree]"" .
:QEase_of_Learning pred:text ""I would imagine that most people would learn to use this system very quickly. [Likert 1–5: 1 = Strongly Disagree, 5 = Strongly Agree]"" .
:QCumbersome_to_Use pred:text ""I found the system very awkward to use. [Likert 1–5: 1 = Strongly Disagree, 5 = Strongly Agree]"" .
:QConfidence_in_Use pred:text ""I felt very confident using the system. [Likert 1–5: 1 = Strongly Disagree, 5 = Strongly Agree]"" .
:QNeed_to_Learn_Before_Use pred:text ""I needed to learn a lot of things before I could get going with this system. [Likert 1–5: 1 = Strongly Disagree, 5 = Strongly Agree]"" .

# Responses
:Respondent8 a :Person ;
    pred:Name ""Clinician 8"" ;
    pred:Group ""A"" ;
    pred:Frequent_Usage ""5"" ;
    pred:System_Complexity ""1"" ;
    pred:Ease_of_Use ""5"" ;
    pred:Need_for_Technical_Support ""5"" ;
    pred:Integration_of_Functions ""5"" ;
    pred:Inconsistency ""1"" ;
    pred:Ease_of_Learning ""5"" ;
    pred:Cumbersome_to_Use ""1"" ;
    pred:Confidence_in_Use ""5"" ;
    pred:Need_to_Learn_Before_Use ""3"" .

:Respondent62 a :Person ;
    pred:Name ""Clinician 62"" ;
    pred:Group ""C"" ;
    pred:Frequent_Usage ""2"" ;
    pred:System_Complexity ""3"" ;
    pred:Ease_of_Use ""1"" ;
    pred:Need_for_Technical_Support ""5"" ;
    pred:Integration_of_Functions ""1"" ;
    pred:Inconsistency ""5"" ;
    pred:Ease_of_Learning ""1"" ;
    pred:Cumbersome_to_Use ""4"" ;
    pred:Confidence_in_Use ""2"" ;
    pred:Need_to_Learn_Before_Use ""4"" .

:Respondent11 a :Person ;
    pred:Name ""Clinician 11"" ;
    pred:Group ""C"" ;
    pred:Frequent_Usage ""1"" ;
    pred:System_Complexity ""1"" ;
    pred:Ease_of_Use ""5"" ;
    pred:Need_for_Technical_Support ""1"" ;
    pred:Integration_of_Functions ""3"" ;
    pred:Inconsistency ""1"" ;
    pred:Ease_of_Learning ""1"" ;
    pred:Cumbersome_to_Use ""1"" ;
    pred:Confidence_in_Use ""5"" ;
    pred:Need_to_Learn_Before_Use ""1"" .

",1,"<questionnaire>
@prefix : <http://example.org/survey#> .
@prefix pred: <http://example.org/predicate#> .

# Questions
:QName pred:text ""Name of the respondent [Open-ended]"" .
:QGroup pred:text ""Group of the respondent [MCQ: A. Senior B. Junior C. Middle D. Intern]"" .
:QFrequent_Usage pred:text ""I think that I would like to use this system frequently. [Likert 1–5: 1 = Strongly Disagree, 5 = Strongly Agree]"" .
:QSystem_Complexity pred:text ""I found the system unnecessarily complex. [Likert 1–5: 1 = Strongly Disagree, 5 = Strongly Agree]"" .
:QEase_of_Use pred:text ""I thought the system was easy to use. [Likert 1–5: 1 = Strongly Disagree, 5 = Strongly Agree]"" .
:QNeed_for_Technical_Support pred:text ""I think that I would need the support of a technical person to be able to use this system. [Likert 1–5: 1 = Strongly Disagree, 5 = Strongly Agree]"" .
:QIntegration_of_Functions pred:text ""I found the various functions in this system were well integrated. [Likert 1–5: 1 = Strongly Disagree, 5 = Strongly Agree]"" .
:QInconsistency pred:text ""I thought there was too much inconsistency in this system. [Likert 1–5: 1 = Strongly Disagree, 5 = Strongly Agree]"" .
:QEase_of_Learning pred:text ""I would imagine that most people would learn to use this system very quickly. [Likert 1–5: 1 = Strongly Disagree, 5 = Strongly Agree]"" .
:QCumbersome_to_Use pred:text ""I found the system very awkward to use. [Likert 1–5: 1 = Strongly Disagree, 5 = Strongly Agree]"" .
:QConfidence_in_Use pred:text ""I felt very confident using the system. [Likert 1–5: 1 = Strongly Disagree, 5 = Strongly Agree]"" .
:QNeed_to_Learn_Before_Use pred:text ""I needed to learn a lot of things before I could get going with this system. [Likert 1–5: 1 = Strongly Disagree, 5 = Strongly Agree]"" .

# Responses
:Respondent8 a :Person ;
    pred:Name ""Clinician 8"" ;
    pred:Group ""A"" ;
    pred:Frequent_Usage ""5"" ;
    pred:System_Complexity ""1"" ;
    pred:Ease_of_Use ""5"" ;
    pred:Need_for_Technical_Support ""5"" ;
    pred:Integration_of_Functions ""5"" ;
    pred:Inconsistency ""1"" ;
    pred:Ease_of_Learning ""5"" ;
    pred:Cumbersome_to_Use ""1"" ;
    pred:Confidence_in_Use ""5"" ;
    pred:Need_to_Learn_Before_Use ""3"" .

:Respondent62 a :Person ;
    pred:Name ""Clinician 62"" ;
    pred:Group ""C"" ;
    pred:Frequent_Usage ""2"" ;
    pred:System_Complexity ""3"" ;
    pred:Ease_of_Use ""1"" ;
    pred:Need_for_Technical_Support ""5"" ;
    pred:Integration_of_Functions ""1"" ;
    pred:Inconsistency ""5"" ;
    pred:Ease_of_Learning ""1"" ;
    pred:Cumbersome_to_Use ""4"" ;
    pred:Confidence_in_Use ""2"" ;
    pred:Need_to_Learn_Before_Use ""4"" .

:Respondent11 a :Person ;
    pred:Name ""Clinician 11"" ;
    pred:Group ""C"" ;
    pred:Frequent_Usage ""1"" ;
    pred:System_Complexity ""1"" ;
    pred:Ease_of_Use ""5"" ;
    pred:Need_for_Technical_Support ""1"" ;
    pred:Integration_of_Functions ""3"" ;
    pred:Inconsistency ""1"" ;
    pred:Ease_of_Learning ""1"" ;
    pred:Cumbersome_to_Use ""1"" ;
    pred:Confidence_in_Use ""5"" ;
    pred:Need_to_Learn_Before_Use ""1"" .

</questionnaire>

<role>
You are a meticulous data analyst AI. Your primary function is to accurately analyze structured data and provide precise, verifiable answers.

</role>

<format>
You will be given a dataset with two key parts:

A 'questions' section: This is your data dictionary or schema. It is the single source of truth for understanding what each field and score means. Refer to it carefully.

A 'responses' section: This contains the raw data from each individual respondent.

To answer the question correctly, you must first use the 'questions' schema to fully understand the context and meaning of the data points within the 'responses'. Do not rely on any prior knowledge outside of this provided data. Base your entire analysis on the information given.

</format>

<output>
Provide your final answer directly and concisely. Output must be the human-readable value, not an option code.

Rules:
- For MCQ fields, map any letter codes in the Responses (case-insensitive) to the corresponding option text from the Questions schema, and output only that text. Do NOT include the letter or both.
  Example: If the schema is ""[MCQ: A. Abnormal B. Inconclusive C. Normal]"" and the response is ""a"", output ""Abnormal"".
- For open-ended fields, output the exact text value.
- If the question asks for a count, provide only the number (e.g., ""42"").
- If the question asks for a list of names or IDs, provide a simple comma-separated list (e.g., ""17, 21, 23"").
- Preserve capitalization exactly as in the schema (e.g., output ""Abnormal"", not ""abnormal"" or ""A"").

</output>

<task>
What is the cumbersome to use score for Clinician 8?
</task>",1,True
case_44,answer_lookup,What is the need for technical support score for Clinician 33?,"@prefix : <http://example.org/survey#> .
@prefix pred: <http://example.org/predicate#> .

# Questions
:QName pred:text ""Name of the respondent [Open-ended]"" .
:QGroup pred:text ""Group of the respondent [MCQ: A. Senior B. Junior C. Middle D. Intern]"" .
:QFrequent_Usage pred:text ""I think that I would like to use this system frequently. [Likert 1–5: 1 = Strongly Disagree, 5 = Strongly Agree]"" .
:QSystem_Complexity pred:text ""I found the system unnecessarily complex. [Likert 1–5: 1 = Strongly Disagree, 5 = Strongly Agree]"" .
:QEase_of_Use pred:text ""I thought the system was easy to use. [Likert 1–5: 1 = Strongly Disagree, 5 = Strongly Agree]"" .
:QNeed_for_Technical_Support pred:text ""I think that I would need the support of a technical person to be able to use this system. [Likert 1–5: 1 = Strongly Disagree, 5 = Strongly Agree]"" .
:QIntegration_of_Functions pred:text ""I found the various functions in this system were well integrated. [Likert 1–5: 1 = Strongly Disagree, 5 = Strongly Agree]"" .
:QInconsistency pred:text ""I thought there was too much inconsistency in this system. [Likert 1–5: 1 = Strongly Disagree, 5 = Strongly Agree]"" .
:QEase_of_Learning pred:text ""I would imagine that most people would learn to use this system very quickly. [Likert 1–5: 1 = Strongly Disagree, 5 = Strongly Agree]"" .
:QCumbersome_to_Use pred:text ""I found the system very awkward to use. [Likert 1–5: 1 = Strongly Disagree, 5 = Strongly Agree]"" .
:QConfidence_in_Use pred:text ""I felt very confident using the system. [Likert 1–5: 1 = Strongly Disagree, 5 = Strongly Agree]"" .
:QNeed_to_Learn_Before_Use pred:text ""I needed to learn a lot of things before I could get going with this system. [Likert 1–5: 1 = Strongly Disagree, 5 = Strongly Agree]"" .

# Responses
:Respondent33 a :Person ;
    pred:Name ""Clinician 33"" ;
    pred:Group ""D"" ;
    pred:Frequent_Usage ""3"" ;
    pred:System_Complexity ""3"" ;
    pred:Ease_of_Use ""3"" ;
    pred:Need_for_Technical_Support ""3"" ;
    pred:Integration_of_Functions ""3"" ;
    pred:Inconsistency ""4"" ;
    pred:Ease_of_Learning ""2"" ;
    pred:Cumbersome_to_Use ""4"" ;
    pred:Confidence_in_Use ""5"" ;
    pred:Need_to_Learn_Before_Use ""5"" .

:Respondent63 a :Person ;
    pred:Name ""Clinician 63"" ;
    pred:Group ""D"" ;
    pred:Frequent_Usage ""2"" ;
    pred:System_Complexity ""3"" ;
    pred:Ease_of_Use ""1"" ;
    pred:Need_for_Technical_Support ""5"" ;
    pred:Integration_of_Functions ""2"" ;
    pred:Inconsistency ""4"" ;
    pred:Ease_of_Learning ""1"" ;
    pred:Cumbersome_to_Use ""4"" ;
    pred:Confidence_in_Use ""2"" ;
    pred:Need_to_Learn_Before_Use ""5"" .

:Respondent90 a :Person ;
    pred:Name ""Clinician 90"" ;
    pred:Group ""A"" ;
    pred:Frequent_Usage ""5"" ;
    pred:System_Complexity ""1"" ;
    pred:Ease_of_Use ""4"" ;
    pred:Need_for_Technical_Support ""1"" ;
    pred:Integration_of_Functions ""5"" ;
    pred:Inconsistency ""1"" ;
    pred:Ease_of_Learning ""5"" ;
    pred:Cumbersome_to_Use ""1"" ;
    pred:Confidence_in_Use ""5"" ;
    pred:Need_to_Learn_Before_Use ""1"" .

",3,"<questionnaire>
@prefix : <http://example.org/survey#> .
@prefix pred: <http://example.org/predicate#> .

# Questions
:QName pred:text ""Name of the respondent [Open-ended]"" .
:QGroup pred:text ""Group of the respondent [MCQ: A. Senior B. Junior C. Middle D. Intern]"" .
:QFrequent_Usage pred:text ""I think that I would like to use this system frequently. [Likert 1–5: 1 = Strongly Disagree, 5 = Strongly Agree]"" .
:QSystem_Complexity pred:text ""I found the system unnecessarily complex. [Likert 1–5: 1 = Strongly Disagree, 5 = Strongly Agree]"" .
:QEase_of_Use pred:text ""I thought the system was easy to use. [Likert 1–5: 1 = Strongly Disagree, 5 = Strongly Agree]"" .
:QNeed_for_Technical_Support pred:text ""I think that I would need the support of a technical person to be able to use this system. [Likert 1–5: 1 = Strongly Disagree, 5 = Strongly Agree]"" .
:QIntegration_of_Functions pred:text ""I found the various functions in this system were well integrated. [Likert 1–5: 1 = Strongly Disagree, 5 = Strongly Agree]"" .
:QInconsistency pred:text ""I thought there was too much inconsistency in this system. [Likert 1–5: 1 = Strongly Disagree, 5 = Strongly Agree]"" .
:QEase_of_Learning pred:text ""I would imagine that most people would learn to use this system very quickly. [Likert 1–5: 1 = Strongly Disagree, 5 = Strongly Agree]"" .
:QCumbersome_to_Use pred:text ""I found the system very awkward to use. [Likert 1–5: 1 = Strongly Disagree, 5 = Strongly Agree]"" .
:QConfidence_in_Use pred:text ""I felt very confident using the system. [Likert 1–5: 1 = Strongly Disagree, 5 = Strongly Agree]"" .
:QNeed_to_Learn_Before_Use pred:text ""I needed to learn a lot of things before I could get going with this system. [Likert 1–5: 1 = Strongly Disagree, 5 = Strongly Agree]"" .

# Responses
:Respondent33 a :Person ;
    pred:Name ""Clinician 33"" ;
    pred:Group ""D"" ;
    pred:Frequent_Usage ""3"" ;
    pred:System_Complexity ""3"" ;
    pred:Ease_of_Use ""3"" ;
    pred:Need_for_Technical_Support ""3"" ;
    pred:Integration_of_Functions ""3"" ;
    pred:Inconsistency ""4"" ;
    pred:Ease_of_Learning ""2"" ;
    pred:Cumbersome_to_Use ""4"" ;
    pred:Confidence_in_Use ""5"" ;
    pred:Need_to_Learn_Before_Use ""5"" .

:Respondent63 a :Person ;
    pred:Name ""Clinician 63"" ;
    pred:Group ""D"" ;
    pred:Frequent_Usage ""2"" ;
    pred:System_Complexity ""3"" ;
    pred:Ease_of_Use ""1"" ;
    pred:Need_for_Technical_Support ""5"" ;
    pred:Integration_of_Functions ""2"" ;
    pred:Inconsistency ""4"" ;
    pred:Ease_of_Learning ""1"" ;
    pred:Cumbersome_to_Use ""4"" ;
    pred:Confidence_in_Use ""2"" ;
    pred:Need_to_Learn_Before_Use ""5"" .

:Respondent90 a :Person ;
    pred:Name ""Clinician 90"" ;
    pred:Group ""A"" ;
    pred:Frequent_Usage ""5"" ;
    pred:System_Complexity ""1"" ;
    pred:Ease_of_Use ""4"" ;
    pred:Need_for_Technical_Support ""1"" ;
    pred:Integration_of_Functions ""5"" ;
    pred:Inconsistency ""1"" ;
    pred:Ease_of_Learning ""5"" ;
    pred:Cumbersome_to_Use ""1"" ;
    pred:Confidence_in_Use ""5"" ;
    pred:Need_to_Learn_Before_Use ""1"" .

</questionnaire>

<role>
You are a meticulous data analyst AI. Your primary function is to accurately analyze structured data and provide precise, verifiable answers.

</role>

<format>
You will be given a dataset with two key parts:

A 'questions' section: This is your data dictionary or schema. It is the single source of truth for understanding what each field and score means. Refer to it carefully.

A 'responses' section: This contains the raw data from each individual respondent.

To answer the question correctly, you must first use the 'questions' schema to fully understand the context and meaning of the data points within the 'responses'. Do not rely on any prior knowledge outside of this provided data. Base your entire analysis on the information given.

</format>

<output>
Provide your final answer directly and concisely. Output must be the human-readable value, not an option code.

Rules:
- For MCQ fields, map any letter codes in the Responses (case-insensitive) to the corresponding option text from the Questions schema, and output only that text. Do NOT include the letter or both.
  Example: If the schema is ""[MCQ: A. Abnormal B. Inconclusive C. Normal]"" and the response is ""a"", output ""Abnormal"".
- For open-ended fields, output the exact text value.
- If the question asks for a count, provide only the number (e.g., ""42"").
- If the question asks for a list of names or IDs, provide a simple comma-separated list (e.g., ""17, 21, 23"").
- Preserve capitalization exactly as in the schema (e.g., output ""Abnormal"", not ""abnormal"" or ""A"").

</output>

<task>
What is the need for technical support score for Clinician 33?
</task>",3,True
case_45,answer_lookup,What is the need for technical support score for Clinician 5?,"@prefix : <http://example.org/survey#> .
@prefix pred: <http://example.org/predicate#> .

# Questions
:QName pred:text ""Name of the respondent [Open-ended]"" .
:QGroup pred:text ""Group of the respondent [MCQ: A. Senior B. Junior C. Middle D. Intern]"" .
:QFrequent_Usage pred:text ""I think that I would like to use this system frequently. [Likert 1–5: 1 = Strongly Disagree, 5 = Strongly Agree]"" .
:QSystem_Complexity pred:text ""I found the system unnecessarily complex. [Likert 1–5: 1 = Strongly Disagree, 5 = Strongly Agree]"" .
:QEase_of_Use pred:text ""I thought the system was easy to use. [Likert 1–5: 1 = Strongly Disagree, 5 = Strongly Agree]"" .
:QNeed_for_Technical_Support pred:text ""I think that I would need the support of a technical person to be able to use this system. [Likert 1–5: 1 = Strongly Disagree, 5 = Strongly Agree]"" .
:QIntegration_of_Functions pred:text ""I found the various functions in this system were well integrated. [Likert 1–5: 1 = Strongly Disagree, 5 = Strongly Agree]"" .
:QInconsistency pred:text ""I thought there was too much inconsistency in this system. [Likert 1–5: 1 = Strongly Disagree, 5 = Strongly Agree]"" .
:QEase_of_Learning pred:text ""I would imagine that most people would learn to use this system very quickly. [Likert 1–5: 1 = Strongly Disagree, 5 = Strongly Agree]"" .
:QCumbersome_to_Use pred:text ""I found the system very awkward to use. [Likert 1–5: 1 = Strongly Disagree, 5 = Strongly Agree]"" .
:QConfidence_in_Use pred:text ""I felt very confident using the system. [Likert 1–5: 1 = Strongly Disagree, 5 = Strongly Agree]"" .
:QNeed_to_Learn_Before_Use pred:text ""I needed to learn a lot of things before I could get going with this system. [Likert 1–5: 1 = Strongly Disagree, 5 = Strongly Agree]"" .

# Responses
:Respondent90 a :Person ;
    pred:Name ""Clinician 90"" ;
    pred:Group ""A"" ;
    pred:Frequent_Usage ""5"" ;
    pred:System_Complexity ""1"" ;
    pred:Ease_of_Use ""4"" ;
    pred:Need_for_Technical_Support ""1"" ;
    pred:Integration_of_Functions ""5"" ;
    pred:Inconsistency ""1"" ;
    pred:Ease_of_Learning ""5"" ;
    pred:Cumbersome_to_Use ""1"" ;
    pred:Confidence_in_Use ""5"" ;
    pred:Need_to_Learn_Before_Use ""1"" .

:Respondent5 a :Person ;
    pred:Name ""Clinician 5"" ;
    pred:Group ""D"" ;
    pred:Frequent_Usage ""4"" ;
    pred:System_Complexity ""1"" ;
    pred:Ease_of_Use ""4"" ;
    pred:Need_for_Technical_Support ""1"" ;
    pred:Integration_of_Functions ""4"" ;
    pred:Inconsistency ""1"" ;
    pred:Ease_of_Learning ""5"" ;
    pred:Cumbersome_to_Use ""1"" ;
    pred:Confidence_in_Use ""4"" ;
    pred:Need_to_Learn_Before_Use ""1"" .

:Respondent38 a :Person ;
    pred:Name ""Clinician 38"" ;
    pred:Group ""D"" ;
    pred:Frequent_Usage ""2"" ;
    pred:System_Complexity ""1"" ;
    pred:Ease_of_Use ""2"" ;
    pred:Need_for_Technical_Support ""2"" ;
    pred:Integration_of_Functions ""4"" ;
    pred:Inconsistency ""1"" ;
    pred:Ease_of_Learning ""3"" ;
    pred:Cumbersome_to_Use ""3"" ;
    pred:Confidence_in_Use ""1"" ;
    pred:Need_to_Learn_Before_Use ""1"" .

",1,"<questionnaire>
@prefix : <http://example.org/survey#> .
@prefix pred: <http://example.org/predicate#> .

# Questions
:QName pred:text ""Name of the respondent [Open-ended]"" .
:QGroup pred:text ""Group of the respondent [MCQ: A. Senior B. Junior C. Middle D. Intern]"" .
:QFrequent_Usage pred:text ""I think that I would like to use this system frequently. [Likert 1–5: 1 = Strongly Disagree, 5 = Strongly Agree]"" .
:QSystem_Complexity pred:text ""I found the system unnecessarily complex. [Likert 1–5: 1 = Strongly Disagree, 5 = Strongly Agree]"" .
:QEase_of_Use pred:text ""I thought the system was easy to use. [Likert 1–5: 1 = Strongly Disagree, 5 = Strongly Agree]"" .
:QNeed_for_Technical_Support pred:text ""I think that I would need the support of a technical person to be able to use this system. [Likert 1–5: 1 = Strongly Disagree, 5 = Strongly Agree]"" .
:QIntegration_of_Functions pred:text ""I found the various functions in this system were well integrated. [Likert 1–5: 1 = Strongly Disagree, 5 = Strongly Agree]"" .
:QInconsistency pred:text ""I thought there was too much inconsistency in this system. [Likert 1–5: 1 = Strongly Disagree, 5 = Strongly Agree]"" .
:QEase_of_Learning pred:text ""I would imagine that most people would learn to use this system very quickly. [Likert 1–5: 1 = Strongly Disagree, 5 = Strongly Agree]"" .
:QCumbersome_to_Use pred:text ""I found the system very awkward to use. [Likert 1–5: 1 = Strongly Disagree, 5 = Strongly Agree]"" .
:QConfidence_in_Use pred:text ""I felt very confident using the system. [Likert 1–5: 1 = Strongly Disagree, 5 = Strongly Agree]"" .
:QNeed_to_Learn_Before_Use pred:text ""I needed to learn a lot of things before I could get going with this system. [Likert 1–5: 1 = Strongly Disagree, 5 = Strongly Agree]"" .

# Responses
:Respondent90 a :Person ;
    pred:Name ""Clinician 90"" ;
    pred:Group ""A"" ;
    pred:Frequent_Usage ""5"" ;
    pred:System_Complexity ""1"" ;
    pred:Ease_of_Use ""4"" ;
    pred:Need_for_Technical_Support ""1"" ;
    pred:Integration_of_Functions ""5"" ;
    pred:Inconsistency ""1"" ;
    pred:Ease_of_Learning ""5"" ;
    pred:Cumbersome_to_Use ""1"" ;
    pred:Confidence_in_Use ""5"" ;
    pred:Need_to_Learn_Before_Use ""1"" .

:Respondent5 a :Person ;
    pred:Name ""Clinician 5"" ;
    pred:Group ""D"" ;
    pred:Frequent_Usage ""4"" ;
    pred:System_Complexity ""1"" ;
    pred:Ease_of_Use ""4"" ;
    pred:Need_for_Technical_Support ""1"" ;
    pred:Integration_of_Functions ""4"" ;
    pred:Inconsistency ""1"" ;
    pred:Ease_of_Learning ""5"" ;
    pred:Cumbersome_to_Use ""1"" ;
    pred:Confidence_in_Use ""4"" ;
    pred:Need_to_Learn_Before_Use ""1"" .

:Respondent38 a :Person ;
    pred:Name ""Clinician 38"" ;
    pred:Group ""D"" ;
    pred:Frequent_Usage ""2"" ;
    pred:System_Complexity ""1"" ;
    pred:Ease_of_Use ""2"" ;
    pred:Need_for_Technical_Support ""2"" ;
    pred:Integration_of_Functions ""4"" ;
    pred:Inconsistency ""1"" ;
    pred:Ease_of_Learning ""3"" ;
    pred:Cumbersome_to_Use ""3"" ;
    pred:Confidence_in_Use ""1"" ;
    pred:Need_to_Learn_Before_Use ""1"" .

</questionnaire>

<role>
You are a meticulous data analyst AI. Your primary function is to accurately analyze structured data and provide precise, verifiable answers.

</role>

<format>
You will be given a dataset with two key parts:

A 'questions' section: This is your data dictionary or schema. It is the single source of truth for understanding what each field and score means. Refer to it carefully.

A 'responses' section: This contains the raw data from each individual respondent.

To answer the question correctly, you must first use the 'questions' schema to fully understand the context and meaning of the data points within the 'responses'. Do not rely on any prior knowledge outside of this provided data. Base your entire analysis on the information given.

</format>

<output>
Provide your final answer directly and concisely. Output must be the human-readable value, not an option code.

Rules:
- For MCQ fields, map any letter codes in the Responses (case-insensitive) to the corresponding option text from the Questions schema, and output only that text. Do NOT include the letter or both.
  Example: If the schema is ""[MCQ: A. Abnormal B. Inconclusive C. Normal]"" and the response is ""a"", output ""Abnormal"".
- For open-ended fields, output the exact text value.
- If the question asks for a count, provide only the number (e.g., ""42"").
- If the question asks for a list of names or IDs, provide a simple comma-separated list (e.g., ""17, 21, 23"").
- Preserve capitalization exactly as in the schema (e.g., output ""Abnormal"", not ""abnormal"" or ""A"").

</output>

<task>
What is the need for technical support score for Clinician 5?
</task>",1,True
case_46,answer_lookup,What is the ease of learning score for Clinician 53?,"@prefix : <http://example.org/survey#> .
@prefix pred: <http://example.org/predicate#> .

# Questions
:QName pred:text ""Name of the respondent [Open-ended]"" .
:QGroup pred:text ""Group of the respondent [MCQ: A. Senior B. Junior C. Middle D. Intern]"" .
:QFrequent_Usage pred:text ""I think that I would like to use this system frequently. [Likert 1–5: 1 = Strongly Disagree, 5 = Strongly Agree]"" .
:QSystem_Complexity pred:text ""I found the system unnecessarily complex. [Likert 1–5: 1 = Strongly Disagree, 5 = Strongly Agree]"" .
:QEase_of_Use pred:text ""I thought the system was easy to use. [Likert 1–5: 1 = Strongly Disagree, 5 = Strongly Agree]"" .
:QNeed_for_Technical_Support pred:text ""I think that I would need the support of a technical person to be able to use this system. [Likert 1–5: 1 = Strongly Disagree, 5 = Strongly Agree]"" .
:QIntegration_of_Functions pred:text ""I found the various functions in this system were well integrated. [Likert 1–5: 1 = Strongly Disagree, 5 = Strongly Agree]"" .
:QInconsistency pred:text ""I thought there was too much inconsistency in this system. [Likert 1–5: 1 = Strongly Disagree, 5 = Strongly Agree]"" .
:QEase_of_Learning pred:text ""I would imagine that most people would learn to use this system very quickly. [Likert 1–5: 1 = Strongly Disagree, 5 = Strongly Agree]"" .
:QCumbersome_to_Use pred:text ""I found the system very awkward to use. [Likert 1–5: 1 = Strongly Disagree, 5 = Strongly Agree]"" .
:QConfidence_in_Use pred:text ""I felt very confident using the system. [Likert 1–5: 1 = Strongly Disagree, 5 = Strongly Agree]"" .
:QNeed_to_Learn_Before_Use pred:text ""I needed to learn a lot of things before I could get going with this system. [Likert 1–5: 1 = Strongly Disagree, 5 = Strongly Agree]"" .

# Responses
:Respondent47 a :Person ;
    pred:Name ""Clinician 47"" ;
    pred:Group ""D"" ;
    pred:Frequent_Usage ""5"" ;
    pred:System_Complexity ""1"" ;
    pred:Ease_of_Use ""5"" ;
    pred:Need_for_Technical_Support ""4"" ;
    pred:Integration_of_Functions ""5"" ;
    pred:Inconsistency ""1"" ;
    pred:Ease_of_Learning ""4"" ;
    pred:Cumbersome_to_Use ""1"" ;
    pred:Confidence_in_Use ""4"" ;
    pred:Need_to_Learn_Before_Use ""3"" .

:Respondent53 a :Person ;
    pred:Name ""Clinician 53"" ;
    pred:Group ""A"" ;
    pred:Frequent_Usage ""5"" ;
    pred:System_Complexity ""1"" ;
    pred:Ease_of_Use ""5"" ;
    pred:Need_for_Technical_Support ""1"" ;
    pred:Integration_of_Functions ""5"" ;
    pred:Inconsistency ""1"" ;
    pred:Ease_of_Learning ""5"" ;
    pred:Cumbersome_to_Use ""1"" ;
    pred:Confidence_in_Use ""5"" ;
    pred:Need_to_Learn_Before_Use ""1"" .

:Respondent3 a :Person ;
    pred:Name ""Clinician 3"" ;
    pred:Group ""D"" ;
    pred:Frequent_Usage ""1"" ;
    pred:System_Complexity ""2"" ;
    pred:Ease_of_Use ""3"" ;
    pred:Need_for_Technical_Support ""4"" ;
    pred:Integration_of_Functions ""4"" ;
    pred:Inconsistency ""4"" ;
    pred:Ease_of_Learning ""2"" ;
    pred:Cumbersome_to_Use ""2"" ;
    pred:Confidence_in_Use ""1"" ;
    pred:Need_to_Learn_Before_Use ""5"" .

",5,"<questionnaire>
@prefix : <http://example.org/survey#> .
@prefix pred: <http://example.org/predicate#> .

# Questions
:QName pred:text ""Name of the respondent [Open-ended]"" .
:QGroup pred:text ""Group of the respondent [MCQ: A. Senior B. Junior C. Middle D. Intern]"" .
:QFrequent_Usage pred:text ""I think that I would like to use this system frequently. [Likert 1–5: 1 = Strongly Disagree, 5 = Strongly Agree]"" .
:QSystem_Complexity pred:text ""I found the system unnecessarily complex. [Likert 1–5: 1 = Strongly Disagree, 5 = Strongly Agree]"" .
:QEase_of_Use pred:text ""I thought the system was easy to use. [Likert 1–5: 1 = Strongly Disagree, 5 = Strongly Agree]"" .
:QNeed_for_Technical_Support pred:text ""I think that I would need the support of a technical person to be able to use this system. [Likert 1–5: 1 = Strongly Disagree, 5 = Strongly Agree]"" .
:QIntegration_of_Functions pred:text ""I found the various functions in this system were well integrated. [Likert 1–5: 1 = Strongly Disagree, 5 = Strongly Agree]"" .
:QInconsistency pred:text ""I thought there was too much inconsistency in this system. [Likert 1–5: 1 = Strongly Disagree, 5 = Strongly Agree]"" .
:QEase_of_Learning pred:text ""I would imagine that most people would learn to use this system very quickly. [Likert 1–5: 1 = Strongly Disagree, 5 = Strongly Agree]"" .
:QCumbersome_to_Use pred:text ""I found the system very awkward to use. [Likert 1–5: 1 = Strongly Disagree, 5 = Strongly Agree]"" .
:QConfidence_in_Use pred:text ""I felt very confident using the system. [Likert 1–5: 1 = Strongly Disagree, 5 = Strongly Agree]"" .
:QNeed_to_Learn_Before_Use pred:text ""I needed to learn a lot of things before I could get going with this system. [Likert 1–5: 1 = Strongly Disagree, 5 = Strongly Agree]"" .

# Responses
:Respondent47 a :Person ;
    pred:Name ""Clinician 47"" ;
    pred:Group ""D"" ;
    pred:Frequent_Usage ""5"" ;
    pred:System_Complexity ""1"" ;
    pred:Ease_of_Use ""5"" ;
    pred:Need_for_Technical_Support ""4"" ;
    pred:Integration_of_Functions ""5"" ;
    pred:Inconsistency ""1"" ;
    pred:Ease_of_Learning ""4"" ;
    pred:Cumbersome_to_Use ""1"" ;
    pred:Confidence_in_Use ""4"" ;
    pred:Need_to_Learn_Before_Use ""3"" .

:Respondent53 a :Person ;
    pred:Name ""Clinician 53"" ;
    pred:Group ""A"" ;
    pred:Frequent_Usage ""5"" ;
    pred:System_Complexity ""1"" ;
    pred:Ease_of_Use ""5"" ;
    pred:Need_for_Technical_Support ""1"" ;
    pred:Integration_of_Functions ""5"" ;
    pred:Inconsistency ""1"" ;
    pred:Ease_of_Learning ""5"" ;
    pred:Cumbersome_to_Use ""1"" ;
    pred:Confidence_in_Use ""5"" ;
    pred:Need_to_Learn_Before_Use ""1"" .

:Respondent3 a :Person ;
    pred:Name ""Clinician 3"" ;
    pred:Group ""D"" ;
    pred:Frequent_Usage ""1"" ;
    pred:System_Complexity ""2"" ;
    pred:Ease_of_Use ""3"" ;
    pred:Need_for_Technical_Support ""4"" ;
    pred:Integration_of_Functions ""4"" ;
    pred:Inconsistency ""4"" ;
    pred:Ease_of_Learning ""2"" ;
    pred:Cumbersome_to_Use ""2"" ;
    pred:Confidence_in_Use ""1"" ;
    pred:Need_to_Learn_Before_Use ""5"" .

</questionnaire>

<role>
You are a meticulous data analyst AI. Your primary function is to accurately analyze structured data and provide precise, verifiable answers.

</role>

<format>
You will be given a dataset with two key parts:

A 'questions' section: This is your data dictionary or schema. It is the single source of truth for understanding what each field and score means. Refer to it carefully.

A 'responses' section: This contains the raw data from each individual respondent.

To answer the question correctly, you must first use the 'questions' schema to fully understand the context and meaning of the data points within the 'responses'. Do not rely on any prior knowledge outside of this provided data. Base your entire analysis on the information given.

</format>

<output>
Provide your final answer directly and concisely. Output must be the human-readable value, not an option code.

Rules:
- For MCQ fields, map any letter codes in the Responses (case-insensitive) to the corresponding option text from the Questions schema, and output only that text. Do NOT include the letter or both.
  Example: If the schema is ""[MCQ: A. Abnormal B. Inconclusive C. Normal]"" and the response is ""a"", output ""Abnormal"".
- For open-ended fields, output the exact text value.
- If the question asks for a count, provide only the number (e.g., ""42"").
- If the question asks for a list of names or IDs, provide a simple comma-separated list (e.g., ""17, 21, 23"").
- Preserve capitalization exactly as in the schema (e.g., output ""Abnormal"", not ""abnormal"" or ""A"").

</output>

<task>
What is the ease of learning score for Clinician 53?
</task>",5,True
case_47,answer_lookup,What is the ease of learning score for Clinician 10?,"@prefix : <http://example.org/survey#> .
@prefix pred: <http://example.org/predicate#> .

# Questions
:QName pred:text ""Name of the respondent [Open-ended]"" .
:QGroup pred:text ""Group of the respondent [MCQ: A. Senior B. Junior C. Middle D. Intern]"" .
:QFrequent_Usage pred:text ""I think that I would like to use this system frequently. [Likert 1–5: 1 = Strongly Disagree, 5 = Strongly Agree]"" .
:QSystem_Complexity pred:text ""I found the system unnecessarily complex. [Likert 1–5: 1 = Strongly Disagree, 5 = Strongly Agree]"" .
:QEase_of_Use pred:text ""I thought the system was easy to use. [Likert 1–5: 1 = Strongly Disagree, 5 = Strongly Agree]"" .
:QNeed_for_Technical_Support pred:text ""I think that I would need the support of a technical person to be able to use this system. [Likert 1–5: 1 = Strongly Disagree, 5 = Strongly Agree]"" .
:QIntegration_of_Functions pred:text ""I found the various functions in this system were well integrated. [Likert 1–5: 1 = Strongly Disagree, 5 = Strongly Agree]"" .
:QInconsistency pred:text ""I thought there was too much inconsistency in this system. [Likert 1–5: 1 = Strongly Disagree, 5 = Strongly Agree]"" .
:QEase_of_Learning pred:text ""I would imagine that most people would learn to use this system very quickly. [Likert 1–5: 1 = Strongly Disagree, 5 = Strongly Agree]"" .
:QCumbersome_to_Use pred:text ""I found the system very awkward to use. [Likert 1–5: 1 = Strongly Disagree, 5 = Strongly Agree]"" .
:QConfidence_in_Use pred:text ""I felt very confident using the system. [Likert 1–5: 1 = Strongly Disagree, 5 = Strongly Agree]"" .
:QNeed_to_Learn_Before_Use pred:text ""I needed to learn a lot of things before I could get going with this system. [Likert 1–5: 1 = Strongly Disagree, 5 = Strongly Agree]"" .

# Responses
:Respondent56 a :Person ;
    pred:Name ""Clinician 56"" ;
    pred:Group ""C"" ;
    pred:Frequent_Usage ""4"" ;
    pred:System_Complexity ""1"" ;
    pred:Ease_of_Use ""5"" ;
    pred:Need_for_Technical_Support ""2"" ;
    pred:Integration_of_Functions ""5"" ;
    pred:Inconsistency ""1"" ;
    pred:Ease_of_Learning ""5"" ;
    pred:Cumbersome_to_Use ""1"" ;
    pred:Confidence_in_Use ""5"" ;
    pred:Need_to_Learn_Before_Use ""1"" .

:Respondent55 a :Person ;
    pred:Name ""Clinician 55"" ;
    pred:Group ""A"" ;
    pred:Frequent_Usage ""5"" ;
    pred:System_Complexity ""2"" ;
    pred:Ease_of_Use ""4"" ;
    pred:Need_for_Technical_Support ""1"" ;
    pred:Integration_of_Functions ""5"" ;
    pred:Inconsistency ""1"" ;
    pred:Ease_of_Learning ""5"" ;
    pred:Cumbersome_to_Use ""1"" ;
    pred:Confidence_in_Use ""5"" ;
    pred:Need_to_Learn_Before_Use ""1"" .

:Respondent10 a :Person ;
    pred:Name ""Clinician 10"" ;
    pred:Group ""A"" ;
    pred:Frequent_Usage ""4"" ;
    pred:System_Complexity ""1"" ;
    pred:Ease_of_Use ""2"" ;
    pred:Need_for_Technical_Support ""2"" ;
    pred:Integration_of_Functions ""5"" ;
    pred:Inconsistency ""2"" ;
    pred:Ease_of_Learning ""5"" ;
    pred:Cumbersome_to_Use ""1"" ;
    pred:Confidence_in_Use ""4"" ;
    pred:Need_to_Learn_Before_Use ""2"" .

",5,"<questionnaire>
@prefix : <http://example.org/survey#> .
@prefix pred: <http://example.org/predicate#> .

# Questions
:QName pred:text ""Name of the respondent [Open-ended]"" .
:QGroup pred:text ""Group of the respondent [MCQ: A. Senior B. Junior C. Middle D. Intern]"" .
:QFrequent_Usage pred:text ""I think that I would like to use this system frequently. [Likert 1–5: 1 = Strongly Disagree, 5 = Strongly Agree]"" .
:QSystem_Complexity pred:text ""I found the system unnecessarily complex. [Likert 1–5: 1 = Strongly Disagree, 5 = Strongly Agree]"" .
:QEase_of_Use pred:text ""I thought the system was easy to use. [Likert 1–5: 1 = Strongly Disagree, 5 = Strongly Agree]"" .
:QNeed_for_Technical_Support pred:text ""I think that I would need the support of a technical person to be able to use this system. [Likert 1–5: 1 = Strongly Disagree, 5 = Strongly Agree]"" .
:QIntegration_of_Functions pred:text ""I found the various functions in this system were well integrated. [Likert 1–5: 1 = Strongly Disagree, 5 = Strongly Agree]"" .
:QInconsistency pred:text ""I thought there was too much inconsistency in this system. [Likert 1–5: 1 = Strongly Disagree, 5 = Strongly Agree]"" .
:QEase_of_Learning pred:text ""I would imagine that most people would learn to use this system very quickly. [Likert 1–5: 1 = Strongly Disagree, 5 = Strongly Agree]"" .
:QCumbersome_to_Use pred:text ""I found the system very awkward to use. [Likert 1–5: 1 = Strongly Disagree, 5 = Strongly Agree]"" .
:QConfidence_in_Use pred:text ""I felt very confident using the system. [Likert 1–5: 1 = Strongly Disagree, 5 = Strongly Agree]"" .
:QNeed_to_Learn_Before_Use pred:text ""I needed to learn a lot of things before I could get going with this system. [Likert 1–5: 1 = Strongly Disagree, 5 = Strongly Agree]"" .

# Responses
:Respondent56 a :Person ;
    pred:Name ""Clinician 56"" ;
    pred:Group ""C"" ;
    pred:Frequent_Usage ""4"" ;
    pred:System_Complexity ""1"" ;
    pred:Ease_of_Use ""5"" ;
    pred:Need_for_Technical_Support ""2"" ;
    pred:Integration_of_Functions ""5"" ;
    pred:Inconsistency ""1"" ;
    pred:Ease_of_Learning ""5"" ;
    pred:Cumbersome_to_Use ""1"" ;
    pred:Confidence_in_Use ""5"" ;
    pred:Need_to_Learn_Before_Use ""1"" .

:Respondent55 a :Person ;
    pred:Name ""Clinician 55"" ;
    pred:Group ""A"" ;
    pred:Frequent_Usage ""5"" ;
    pred:System_Complexity ""2"" ;
    pred:Ease_of_Use ""4"" ;
    pred:Need_for_Technical_Support ""1"" ;
    pred:Integration_of_Functions ""5"" ;
    pred:Inconsistency ""1"" ;
    pred:Ease_of_Learning ""5"" ;
    pred:Cumbersome_to_Use ""1"" ;
    pred:Confidence_in_Use ""5"" ;
    pred:Need_to_Learn_Before_Use ""1"" .

:Respondent10 a :Person ;
    pred:Name ""Clinician 10"" ;
    pred:Group ""A"" ;
    pred:Frequent_Usage ""4"" ;
    pred:System_Complexity ""1"" ;
    pred:Ease_of_Use ""2"" ;
    pred:Need_for_Technical_Support ""2"" ;
    pred:Integration_of_Functions ""5"" ;
    pred:Inconsistency ""2"" ;
    pred:Ease_of_Learning ""5"" ;
    pred:Cumbersome_to_Use ""1"" ;
    pred:Confidence_in_Use ""4"" ;
    pred:Need_to_Learn_Before_Use ""2"" .

</questionnaire>

<role>
You are a meticulous data analyst AI. Your primary function is to accurately analyze structured data and provide precise, verifiable answers.

</role>

<format>
You will be given a dataset with two key parts:

A 'questions' section: This is your data dictionary or schema. It is the single source of truth for understanding what each field and score means. Refer to it carefully.

A 'responses' section: This contains the raw data from each individual respondent.

To answer the question correctly, you must first use the 'questions' schema to fully understand the context and meaning of the data points within the 'responses'. Do not rely on any prior knowledge outside of this provided data. Base your entire analysis on the information given.

</format>

<output>
Provide your final answer directly and concisely. Output must be the human-readable value, not an option code.

Rules:
- For MCQ fields, map any letter codes in the Responses (case-insensitive) to the corresponding option text from the Questions schema, and output only that text. Do NOT include the letter or both.
  Example: If the schema is ""[MCQ: A. Abnormal B. Inconclusive C. Normal]"" and the response is ""a"", output ""Abnormal"".
- For open-ended fields, output the exact text value.
- If the question asks for a count, provide only the number (e.g., ""42"").
- If the question asks for a list of names or IDs, provide a simple comma-separated list (e.g., ""17, 21, 23"").
- Preserve capitalization exactly as in the schema (e.g., output ""Abnormal"", not ""abnormal"" or ""A"").

</output>

<task>
What is the ease of learning score for Clinician 10?
</task>",5,True
case_48,answer_lookup,What is the inconsistency score for Clinician 57?,"@prefix : <http://example.org/survey#> .
@prefix pred: <http://example.org/predicate#> .

# Questions
:QName pred:text ""Name of the respondent [Open-ended]"" .
:QGroup pred:text ""Group of the respondent [MCQ: A. Senior B. Junior C. Middle D. Intern]"" .
:QFrequent_Usage pred:text ""I think that I would like to use this system frequently. [Likert 1–5: 1 = Strongly Disagree, 5 = Strongly Agree]"" .
:QSystem_Complexity pred:text ""I found the system unnecessarily complex. [Likert 1–5: 1 = Strongly Disagree, 5 = Strongly Agree]"" .
:QEase_of_Use pred:text ""I thought the system was easy to use. [Likert 1–5: 1 = Strongly Disagree, 5 = Strongly Agree]"" .
:QNeed_for_Technical_Support pred:text ""I think that I would need the support of a technical person to be able to use this system. [Likert 1–5: 1 = Strongly Disagree, 5 = Strongly Agree]"" .
:QIntegration_of_Functions pred:text ""I found the various functions in this system were well integrated. [Likert 1–5: 1 = Strongly Disagree, 5 = Strongly Agree]"" .
:QInconsistency pred:text ""I thought there was too much inconsistency in this system. [Likert 1–5: 1 = Strongly Disagree, 5 = Strongly Agree]"" .
:QEase_of_Learning pred:text ""I would imagine that most people would learn to use this system very quickly. [Likert 1–5: 1 = Strongly Disagree, 5 = Strongly Agree]"" .
:QCumbersome_to_Use pred:text ""I found the system very awkward to use. [Likert 1–5: 1 = Strongly Disagree, 5 = Strongly Agree]"" .
:QConfidence_in_Use pred:text ""I felt very confident using the system. [Likert 1–5: 1 = Strongly Disagree, 5 = Strongly Agree]"" .
:QNeed_to_Learn_Before_Use pred:text ""I needed to learn a lot of things before I could get going with this system. [Likert 1–5: 1 = Strongly Disagree, 5 = Strongly Agree]"" .

# Responses
:Respondent53 a :Person ;
    pred:Name ""Clinician 53"" ;
    pred:Group ""A"" ;
    pred:Frequent_Usage ""5"" ;
    pred:System_Complexity ""1"" ;
    pred:Ease_of_Use ""5"" ;
    pred:Need_for_Technical_Support ""1"" ;
    pred:Integration_of_Functions ""5"" ;
    pred:Inconsistency ""1"" ;
    pred:Ease_of_Learning ""5"" ;
    pred:Cumbersome_to_Use ""1"" ;
    pred:Confidence_in_Use ""5"" ;
    pred:Need_to_Learn_Before_Use ""1"" .

:Respondent57 a :Person ;
    pred:Name ""Clinician 57"" ;
    pred:Group ""C"" ;
    pred:Frequent_Usage ""1"" ;
    pred:System_Complexity ""4"" ;
    pred:Ease_of_Use ""2"" ;
    pred:Need_for_Technical_Support ""4"" ;
    pred:Integration_of_Functions ""2"" ;
    pred:Inconsistency ""4"" ;
    pred:Ease_of_Learning ""2"" ;
    pred:Cumbersome_to_Use ""5"" ;
    pred:Confidence_in_Use ""2"" ;
    pred:Need_to_Learn_Before_Use ""5"" .

:Respondent89 a :Person ;
    pred:Name ""Clinician 89"" ;
    pred:Group ""B"" ;
    pred:Frequent_Usage ""5"" ;
    pred:System_Complexity ""1"" ;
    pred:Ease_of_Use ""5"" ;
    pred:Need_for_Technical_Support ""2"" ;
    pred:Integration_of_Functions ""5"" ;
    pred:Inconsistency ""1"" ;
    pred:Ease_of_Learning ""5"" ;
    pred:Cumbersome_to_Use ""1"" ;
    pred:Confidence_in_Use ""5"" ;
    pred:Need_to_Learn_Before_Use ""1"" .

",4,"<questionnaire>
@prefix : <http://example.org/survey#> .
@prefix pred: <http://example.org/predicate#> .

# Questions
:QName pred:text ""Name of the respondent [Open-ended]"" .
:QGroup pred:text ""Group of the respondent [MCQ: A. Senior B. Junior C. Middle D. Intern]"" .
:QFrequent_Usage pred:text ""I think that I would like to use this system frequently. [Likert 1–5: 1 = Strongly Disagree, 5 = Strongly Agree]"" .
:QSystem_Complexity pred:text ""I found the system unnecessarily complex. [Likert 1–5: 1 = Strongly Disagree, 5 = Strongly Agree]"" .
:QEase_of_Use pred:text ""I thought the system was easy to use. [Likert 1–5: 1 = Strongly Disagree, 5 = Strongly Agree]"" .
:QNeed_for_Technical_Support pred:text ""I think that I would need the support of a technical person to be able to use this system. [Likert 1–5: 1 = Strongly Disagree, 5 = Strongly Agree]"" .
:QIntegration_of_Functions pred:text ""I found the various functions in this system were well integrated. [Likert 1–5: 1 = Strongly Disagree, 5 = Strongly Agree]"" .
:QInconsistency pred:text ""I thought there was too much inconsistency in this system. [Likert 1–5: 1 = Strongly Disagree, 5 = Strongly Agree]"" .
:QEase_of_Learning pred:text ""I would imagine that most people would learn to use this system very quickly. [Likert 1–5: 1 = Strongly Disagree, 5 = Strongly Agree]"" .
:QCumbersome_to_Use pred:text ""I found the system very awkward to use. [Likert 1–5: 1 = Strongly Disagree, 5 = Strongly Agree]"" .
:QConfidence_in_Use pred:text ""I felt very confident using the system. [Likert 1–5: 1 = Strongly Disagree, 5 = Strongly Agree]"" .
:QNeed_to_Learn_Before_Use pred:text ""I needed to learn a lot of things before I could get going with this system. [Likert 1–5: 1 = Strongly Disagree, 5 = Strongly Agree]"" .

# Responses
:Respondent53 a :Person ;
    pred:Name ""Clinician 53"" ;
    pred:Group ""A"" ;
    pred:Frequent_Usage ""5"" ;
    pred:System_Complexity ""1"" ;
    pred:Ease_of_Use ""5"" ;
    pred:Need_for_Technical_Support ""1"" ;
    pred:Integration_of_Functions ""5"" ;
    pred:Inconsistency ""1"" ;
    pred:Ease_of_Learning ""5"" ;
    pred:Cumbersome_to_Use ""1"" ;
    pred:Confidence_in_Use ""5"" ;
    pred:Need_to_Learn_Before_Use ""1"" .

:Respondent57 a :Person ;
    pred:Name ""Clinician 57"" ;
    pred:Group ""C"" ;
    pred:Frequent_Usage ""1"" ;
    pred:System_Complexity ""4"" ;
    pred:Ease_of_Use ""2"" ;
    pred:Need_for_Technical_Support ""4"" ;
    pred:Integration_of_Functions ""2"" ;
    pred:Inconsistency ""4"" ;
    pred:Ease_of_Learning ""2"" ;
    pred:Cumbersome_to_Use ""5"" ;
    pred:Confidence_in_Use ""2"" ;
    pred:Need_to_Learn_Before_Use ""5"" .

:Respondent89 a :Person ;
    pred:Name ""Clinician 89"" ;
    pred:Group ""B"" ;
    pred:Frequent_Usage ""5"" ;
    pred:System_Complexity ""1"" ;
    pred:Ease_of_Use ""5"" ;
    pred:Need_for_Technical_Support ""2"" ;
    pred:Integration_of_Functions ""5"" ;
    pred:Inconsistency ""1"" ;
    pred:Ease_of_Learning ""5"" ;
    pred:Cumbersome_to_Use ""1"" ;
    pred:Confidence_in_Use ""5"" ;
    pred:Need_to_Learn_Before_Use ""1"" .

</questionnaire>

<role>
You are a meticulous data analyst AI. Your primary function is to accurately analyze structured data and provide precise, verifiable answers.

</role>

<format>
You will be given a dataset with two key parts:

A 'questions' section: This is your data dictionary or schema. It is the single source of truth for understanding what each field and score means. Refer to it carefully.

A 'responses' section: This contains the raw data from each individual respondent.

To answer the question correctly, you must first use the 'questions' schema to fully understand the context and meaning of the data points within the 'responses'. Do not rely on any prior knowledge outside of this provided data. Base your entire analysis on the information given.

</format>

<output>
Provide your final answer directly and concisely. Output must be the human-readable value, not an option code.

Rules:
- For MCQ fields, map any letter codes in the Responses (case-insensitive) to the corresponding option text from the Questions schema, and output only that text. Do NOT include the letter or both.
  Example: If the schema is ""[MCQ: A. Abnormal B. Inconclusive C. Normal]"" and the response is ""a"", output ""Abnormal"".
- For open-ended fields, output the exact text value.
- If the question asks for a count, provide only the number (e.g., ""42"").
- If the question asks for a list of names or IDs, provide a simple comma-separated list (e.g., ""17, 21, 23"").
- Preserve capitalization exactly as in the schema (e.g., output ""Abnormal"", not ""abnormal"" or ""A"").

</output>

<task>
What is the inconsistency score for Clinician 57?
</task>",4,True
case_49,answer_lookup,What is the need to learn before use score for Clinician 14?,"@prefix : <http://example.org/survey#> .
@prefix pred: <http://example.org/predicate#> .

# Questions
:QName pred:text ""Name of the respondent [Open-ended]"" .
:QGroup pred:text ""Group of the respondent [MCQ: A. Senior B. Junior C. Middle D. Intern]"" .
:QFrequent_Usage pred:text ""I think that I would like to use this system frequently. [Likert 1–5: 1 = Strongly Disagree, 5 = Strongly Agree]"" .
:QSystem_Complexity pred:text ""I found the system unnecessarily complex. [Likert 1–5: 1 = Strongly Disagree, 5 = Strongly Agree]"" .
:QEase_of_Use pred:text ""I thought the system was easy to use. [Likert 1–5: 1 = Strongly Disagree, 5 = Strongly Agree]"" .
:QNeed_for_Technical_Support pred:text ""I think that I would need the support of a technical person to be able to use this system. [Likert 1–5: 1 = Strongly Disagree, 5 = Strongly Agree]"" .
:QIntegration_of_Functions pred:text ""I found the various functions in this system were well integrated. [Likert 1–5: 1 = Strongly Disagree, 5 = Strongly Agree]"" .
:QInconsistency pred:text ""I thought there was too much inconsistency in this system. [Likert 1–5: 1 = Strongly Disagree, 5 = Strongly Agree]"" .
:QEase_of_Learning pred:text ""I would imagine that most people would learn to use this system very quickly. [Likert 1–5: 1 = Strongly Disagree, 5 = Strongly Agree]"" .
:QCumbersome_to_Use pred:text ""I found the system very awkward to use. [Likert 1–5: 1 = Strongly Disagree, 5 = Strongly Agree]"" .
:QConfidence_in_Use pred:text ""I felt very confident using the system. [Likert 1–5: 1 = Strongly Disagree, 5 = Strongly Agree]"" .
:QNeed_to_Learn_Before_Use pred:text ""I needed to learn a lot of things before I could get going with this system. [Likert 1–5: 1 = Strongly Disagree, 5 = Strongly Agree]"" .

# Responses
:Respondent22 a :Person ;
    pred:Name ""Clinician 22"" ;
    pred:Group ""C"" ;
    pred:Frequent_Usage ""2"" ;
    pred:System_Complexity ""2"" ;
    pred:Ease_of_Use ""4"" ;
    pred:Need_for_Technical_Support ""2"" ;
    pred:Integration_of_Functions ""5"" ;
    pred:Inconsistency ""2"" ;
    pred:Ease_of_Learning ""4"" ;
    pred:Cumbersome_to_Use ""1"" ;
    pred:Confidence_in_Use ""4"" ;
    pred:Need_to_Learn_Before_Use ""2"" .

:Respondent71 a :Person ;
    pred:Name ""Clinician 71"" ;
    pred:Group ""C"" ;
    pred:Frequent_Usage ""4"" ;
    pred:System_Complexity ""1"" ;
    pred:Ease_of_Use ""5"" ;
    pred:Need_for_Technical_Support ""1"" ;
    pred:Integration_of_Functions ""5"" ;
    pred:Inconsistency ""1"" ;
    pred:Ease_of_Learning ""5"" ;
    pred:Cumbersome_to_Use ""1"" ;
    pred:Confidence_in_Use ""5"" ;
    pred:Need_to_Learn_Before_Use ""1"" .

:Respondent14 a :Person ;
    pred:Name ""Clinician 14"" ;
    pred:Group ""C"" ;
    pred:Frequent_Usage ""1"" ;
    pred:System_Complexity ""1"" ;
    pred:Ease_of_Use ""5"" ;
    pred:Need_for_Technical_Support ""1"" ;
    pred:Integration_of_Functions ""3"" ;
    pred:Inconsistency ""1"" ;
    pred:Ease_of_Learning ""4"" ;
    pred:Cumbersome_to_Use ""2"" ;
    pred:Confidence_in_Use ""4"" ;
    pred:Need_to_Learn_Before_Use ""2"" .

",2,"<questionnaire>
@prefix : <http://example.org/survey#> .
@prefix pred: <http://example.org/predicate#> .

# Questions
:QName pred:text ""Name of the respondent [Open-ended]"" .
:QGroup pred:text ""Group of the respondent [MCQ: A. Senior B. Junior C. Middle D. Intern]"" .
:QFrequent_Usage pred:text ""I think that I would like to use this system frequently. [Likert 1–5: 1 = Strongly Disagree, 5 = Strongly Agree]"" .
:QSystem_Complexity pred:text ""I found the system unnecessarily complex. [Likert 1–5: 1 = Strongly Disagree, 5 = Strongly Agree]"" .
:QEase_of_Use pred:text ""I thought the system was easy to use. [Likert 1–5: 1 = Strongly Disagree, 5 = Strongly Agree]"" .
:QNeed_for_Technical_Support pred:text ""I think that I would need the support of a technical person to be able to use this system. [Likert 1–5: 1 = Strongly Disagree, 5 = Strongly Agree]"" .
:QIntegration_of_Functions pred:text ""I found the various functions in this system were well integrated. [Likert 1–5: 1 = Strongly Disagree, 5 = Strongly Agree]"" .
:QInconsistency pred:text ""I thought there was too much inconsistency in this system. [Likert 1–5: 1 = Strongly Disagree, 5 = Strongly Agree]"" .
:QEase_of_Learning pred:text ""I would imagine that most people would learn to use this system very quickly. [Likert 1–5: 1 = Strongly Disagree, 5 = Strongly Agree]"" .
:QCumbersome_to_Use pred:text ""I found the system very awkward to use. [Likert 1–5: 1 = Strongly Disagree, 5 = Strongly Agree]"" .
:QConfidence_in_Use pred:text ""I felt very confident using the system. [Likert 1–5: 1 = Strongly Disagree, 5 = Strongly Agree]"" .
:QNeed_to_Learn_Before_Use pred:text ""I needed to learn a lot of things before I could get going with this system. [Likert 1–5: 1 = Strongly Disagree, 5 = Strongly Agree]"" .

# Responses
:Respondent22 a :Person ;
    pred:Name ""Clinician 22"" ;
    pred:Group ""C"" ;
    pred:Frequent_Usage ""2"" ;
    pred:System_Complexity ""2"" ;
    pred:Ease_of_Use ""4"" ;
    pred:Need_for_Technical_Support ""2"" ;
    pred:Integration_of_Functions ""5"" ;
    pred:Inconsistency ""2"" ;
    pred:Ease_of_Learning ""4"" ;
    pred:Cumbersome_to_Use ""1"" ;
    pred:Confidence_in_Use ""4"" ;
    pred:Need_to_Learn_Before_Use ""2"" .

:Respondent71 a :Person ;
    pred:Name ""Clinician 71"" ;
    pred:Group ""C"" ;
    pred:Frequent_Usage ""4"" ;
    pred:System_Complexity ""1"" ;
    pred:Ease_of_Use ""5"" ;
    pred:Need_for_Technical_Support ""1"" ;
    pred:Integration_of_Functions ""5"" ;
    pred:Inconsistency ""1"" ;
    pred:Ease_of_Learning ""5"" ;
    pred:Cumbersome_to_Use ""1"" ;
    pred:Confidence_in_Use ""5"" ;
    pred:Need_to_Learn_Before_Use ""1"" .

:Respondent14 a :Person ;
    pred:Name ""Clinician 14"" ;
    pred:Group ""C"" ;
    pred:Frequent_Usage ""1"" ;
    pred:System_Complexity ""1"" ;
    pred:Ease_of_Use ""5"" ;
    pred:Need_for_Technical_Support ""1"" ;
    pred:Integration_of_Functions ""3"" ;
    pred:Inconsistency ""1"" ;
    pred:Ease_of_Learning ""4"" ;
    pred:Cumbersome_to_Use ""2"" ;
    pred:Confidence_in_Use ""4"" ;
    pred:Need_to_Learn_Before_Use ""2"" .

</questionnaire>

<role>
You are a meticulous data analyst AI. Your primary function is to accurately analyze structured data and provide precise, verifiable answers.

</role>

<format>
You will be given a dataset with two key parts:

A 'questions' section: This is your data dictionary or schema. It is the single source of truth for understanding what each field and score means. Refer to it carefully.

A 'responses' section: This contains the raw data from each individual respondent.

To answer the question correctly, you must first use the 'questions' schema to fully understand the context and meaning of the data points within the 'responses'. Do not rely on any prior knowledge outside of this provided data. Base your entire analysis on the information given.

</format>

<output>
Provide your final answer directly and concisely. Output must be the human-readable value, not an option code.

Rules:
- For MCQ fields, map any letter codes in the Responses (case-insensitive) to the corresponding option text from the Questions schema, and output only that text. Do NOT include the letter or both.
  Example: If the schema is ""[MCQ: A. Abnormal B. Inconclusive C. Normal]"" and the response is ""a"", output ""Abnormal"".
- For open-ended fields, output the exact text value.
- If the question asks for a count, provide only the number (e.g., ""42"").
- If the question asks for a list of names or IDs, provide a simple comma-separated list (e.g., ""17, 21, 23"").
- Preserve capitalization exactly as in the schema (e.g., output ""Abnormal"", not ""abnormal"" or ""A"").

</output>

<task>
What is the need to learn before use score for Clinician 14?
</task>",2,True
case_50,answer_lookup,What is the group for Clinician 85?,"@prefix : <http://example.org/survey#> .
@prefix pred: <http://example.org/predicate#> .

# Questions
:QName pred:text ""Name of the respondent [Open-ended]"" .
:QGroup pred:text ""Group of the respondent [MCQ: A. Senior B. Junior C. Middle D. Intern]"" .
:QFrequent_Usage pred:text ""I think that I would like to use this system frequently. [Likert 1–5: 1 = Strongly Disagree, 5 = Strongly Agree]"" .
:QSystem_Complexity pred:text ""I found the system unnecessarily complex. [Likert 1–5: 1 = Strongly Disagree, 5 = Strongly Agree]"" .
:QEase_of_Use pred:text ""I thought the system was easy to use. [Likert 1–5: 1 = Strongly Disagree, 5 = Strongly Agree]"" .
:QNeed_for_Technical_Support pred:text ""I think that I would need the support of a technical person to be able to use this system. [Likert 1–5: 1 = Strongly Disagree, 5 = Strongly Agree]"" .
:QIntegration_of_Functions pred:text ""I found the various functions in this system were well integrated. [Likert 1–5: 1 = Strongly Disagree, 5 = Strongly Agree]"" .
:QInconsistency pred:text ""I thought there was too much inconsistency in this system. [Likert 1–5: 1 = Strongly Disagree, 5 = Strongly Agree]"" .
:QEase_of_Learning pred:text ""I would imagine that most people would learn to use this system very quickly. [Likert 1–5: 1 = Strongly Disagree, 5 = Strongly Agree]"" .
:QCumbersome_to_Use pred:text ""I found the system very awkward to use. [Likert 1–5: 1 = Strongly Disagree, 5 = Strongly Agree]"" .
:QConfidence_in_Use pred:text ""I felt very confident using the system. [Likert 1–5: 1 = Strongly Disagree, 5 = Strongly Agree]"" .
:QNeed_to_Learn_Before_Use pred:text ""I needed to learn a lot of things before I could get going with this system. [Likert 1–5: 1 = Strongly Disagree, 5 = Strongly Agree]"" .

# Responses
:Respondent31 a :Person ;
    pred:Name ""Clinician 31"" ;
    pred:Group ""D"" ;
    pred:Frequent_Usage ""2"" ;
    pred:System_Complexity ""1"" ;
    pred:Ease_of_Use ""5"" ;
    pred:Need_for_Technical_Support ""1"" ;
    pred:Integration_of_Functions ""3"" ;
    pred:Inconsistency ""1"" ;
    pred:Ease_of_Learning ""4"" ;
    pred:Cumbersome_to_Use ""1"" ;
    pred:Confidence_in_Use ""3"" ;
    pred:Need_to_Learn_Before_Use ""1"" .

:Respondent44 a :Person ;
    pred:Name ""Clinician 44"" ;
    pred:Group ""B"" ;
    pred:Frequent_Usage ""3"" ;
    pred:System_Complexity ""2"" ;
    pred:Ease_of_Use ""5"" ;
    pred:Need_for_Technical_Support ""1"" ;
    pred:Integration_of_Functions ""2"" ;
    pred:Inconsistency ""1"" ;
    pred:Ease_of_Learning ""3"" ;
    pred:Cumbersome_to_Use ""1"" ;
    pred:Confidence_in_Use ""1"" ;
    pred:Need_to_Learn_Before_Use ""4"" .

:Respondent85 a :Person ;
    pred:Name ""Clinician 85"" ;
    pred:Group ""A"" ;
    pred:Frequent_Usage ""3"" ;
    pred:System_Complexity ""1"" ;
    pred:Ease_of_Use ""5"" ;
    pred:Need_for_Technical_Support ""1"" ;
    pred:Integration_of_Functions ""5"" ;
    pred:Inconsistency ""1"" ;
    pred:Ease_of_Learning ""5"" ;
    pred:Cumbersome_to_Use ""1"" ;
    pred:Confidence_in_Use ""5"" ;
    pred:Need_to_Learn_Before_Use ""1"" .

",A,"<questionnaire>
@prefix : <http://example.org/survey#> .
@prefix pred: <http://example.org/predicate#> .

# Questions
:QName pred:text ""Name of the respondent [Open-ended]"" .
:QGroup pred:text ""Group of the respondent [MCQ: A. Senior B. Junior C. Middle D. Intern]"" .
:QFrequent_Usage pred:text ""I think that I would like to use this system frequently. [Likert 1–5: 1 = Strongly Disagree, 5 = Strongly Agree]"" .
:QSystem_Complexity pred:text ""I found the system unnecessarily complex. [Likert 1–5: 1 = Strongly Disagree, 5 = Strongly Agree]"" .
:QEase_of_Use pred:text ""I thought the system was easy to use. [Likert 1–5: 1 = Strongly Disagree, 5 = Strongly Agree]"" .
:QNeed_for_Technical_Support pred:text ""I think that I would need the support of a technical person to be able to use this system. [Likert 1–5: 1 = Strongly Disagree, 5 = Strongly Agree]"" .
:QIntegration_of_Functions pred:text ""I found the various functions in this system were well integrated. [Likert 1–5: 1 = Strongly Disagree, 5 = Strongly Agree]"" .
:QInconsistency pred:text ""I thought there was too much inconsistency in this system. [Likert 1–5: 1 = Strongly Disagree, 5 = Strongly Agree]"" .
:QEase_of_Learning pred:text ""I would imagine that most people would learn to use this system very quickly. [Likert 1–5: 1 = Strongly Disagree, 5 = Strongly Agree]"" .
:QCumbersome_to_Use pred:text ""I found the system very awkward to use. [Likert 1–5: 1 = Strongly Disagree, 5 = Strongly Agree]"" .
:QConfidence_in_Use pred:text ""I felt very confident using the system. [Likert 1–5: 1 = Strongly Disagree, 5 = Strongly Agree]"" .
:QNeed_to_Learn_Before_Use pred:text ""I needed to learn a lot of things before I could get going with this system. [Likert 1–5: 1 = Strongly Disagree, 5 = Strongly Agree]"" .

# Responses
:Respondent31 a :Person ;
    pred:Name ""Clinician 31"" ;
    pred:Group ""D"" ;
    pred:Frequent_Usage ""2"" ;
    pred:System_Complexity ""1"" ;
    pred:Ease_of_Use ""5"" ;
    pred:Need_for_Technical_Support ""1"" ;
    pred:Integration_of_Functions ""3"" ;
    pred:Inconsistency ""1"" ;
    pred:Ease_of_Learning ""4"" ;
    pred:Cumbersome_to_Use ""1"" ;
    pred:Confidence_in_Use ""3"" ;
    pred:Need_to_Learn_Before_Use ""1"" .

:Respondent44 a :Person ;
    pred:Name ""Clinician 44"" ;
    pred:Group ""B"" ;
    pred:Frequent_Usage ""3"" ;
    pred:System_Complexity ""2"" ;
    pred:Ease_of_Use ""5"" ;
    pred:Need_for_Technical_Support ""1"" ;
    pred:Integration_of_Functions ""2"" ;
    pred:Inconsistency ""1"" ;
    pred:Ease_of_Learning ""3"" ;
    pred:Cumbersome_to_Use ""1"" ;
    pred:Confidence_in_Use ""1"" ;
    pred:Need_to_Learn_Before_Use ""4"" .

:Respondent85 a :Person ;
    pred:Name ""Clinician 85"" ;
    pred:Group ""A"" ;
    pred:Frequent_Usage ""3"" ;
    pred:System_Complexity ""1"" ;
    pred:Ease_of_Use ""5"" ;
    pred:Need_for_Technical_Support ""1"" ;
    pred:Integration_of_Functions ""5"" ;
    pred:Inconsistency ""1"" ;
    pred:Ease_of_Learning ""5"" ;
    pred:Cumbersome_to_Use ""1"" ;
    pred:Confidence_in_Use ""5"" ;
    pred:Need_to_Learn_Before_Use ""1"" .

</questionnaire>

<role>
You are a meticulous data analyst AI. Your primary function is to accurately analyze structured data and provide precise, verifiable answers.

</role>

<format>
You will be given a dataset with two key parts:

A 'questions' section: This is your data dictionary or schema. It is the single source of truth for understanding what each field and score means. Refer to it carefully.

A 'responses' section: This contains the raw data from each individual respondent.

To answer the question correctly, you must first use the 'questions' schema to fully understand the context and meaning of the data points within the 'responses'. Do not rely on any prior knowledge outside of this provided data. Base your entire analysis on the information given.

</format>

<output>
Provide your final answer directly and concisely. Output must be the human-readable value, not an option code.

Rules:
- For MCQ fields, map any letter codes in the Responses (case-insensitive) to the corresponding option text from the Questions schema, and output only that text. Do NOT include the letter or both.
  Example: If the schema is ""[MCQ: A. Abnormal B. Inconclusive C. Normal]"" and the response is ""a"", output ""Abnormal"".
- For open-ended fields, output the exact text value.
- If the question asks for a count, provide only the number (e.g., ""42"").
- If the question asks for a list of names or IDs, provide a simple comma-separated list (e.g., ""17, 21, 23"").
- Preserve capitalization exactly as in the schema (e.g., output ""Abnormal"", not ""abnormal"" or ""A"").

</output>

<task>
What is the group for Clinician 85?
</task>",Senior,False
