case_id,task,question,questionnaire,expected_answer,prompt,Response,Correct
case_1,answer_lookup,What is the session name for respondent 21?,"{
  ""questions"": {
    ""Date"": ""What is the date of the session? [Open-ended]"",
    ""SessionName"": ""What is the name of the session? [Open-ended]"",
    ""Identification"": ""Identification of self, role, and patient. [Rubric: 0 = Requires direct prompting, 1 = Introduces themselves but only after a hint, 2 = Introduces themselves but information is incomplete, 3 = Introduces themselves and information is complete]"",
    ""Situation"": ""Identifies the main problem(s). [Rubric: 0 = Unable to identify the main problem(s), 1 = Identifies the main problem(s) after extended prompting, 2 = Identifies the main problem(s) with fewer prompts needed, 3 = Identifies and prioritizes the main problem(s) unprompted]"",
    ""Background (history)"": ""Gives appropriate history. [Rubric: 0 = History is unstructured or non-relevant, 1 = Relevant history but frequent clarification needed, 2 = Relevant history with few further questions needed, 3 = Comprehensive focused history]"",
    ""Background (examination)"": ""Gives appropriate examination/observations. [Rubric: 0 = Observations are omitted or irrelevant, 1 = Observations reported but frequent clarification needed, 2 = Observations reported with few further questions needed, 3 = Comprehensive focused examination/observations]"",
    ""Assessment"": ""Makes logical assessment (correlates problem, history, exam, context). [Rubric: 0 = No logical assessment, 1 = Assessment only after extended questioning, 2 = Assessment after minimal questioning, 3 = Comprehensive logical assessment without questioning]"",
    ""Recommendation (clear recommendation)"": ""Makes a clear recommendation. [Rubric: 0 = No recommendation, 1 = Clear recommendation only after extended questioning, 2 = Clear recommendation after minimal questioning, 3 = Clear comprehensive recommendation without questioning]"",
    ""Recommendation (global rating scale)"": ""Global Rating Scale (GRS) - How confident am I that I received an accurate picture of the patient? [Rubric: 0 = Not at all confident, 1 = Confident but required extended questioning, 2 = Confident but required some further questioning, 3 = Confident and required little or no questioning]"",
    ""Comments"": ""Comments on the session. [Open-ended]""
  },
  ""responses"": [
    {
      ""respondent"": ""21"",
      ""answers"": {
        ""Date"": ""2025-05-16"",
        ""SessionName"": ""II (Anaphylaxsis)"",
        ""Identification"": 3,
        ""Situation"": 3,
        ""Background (history)"": 2,
        ""Background (examination)"": 2,
        ""Assessment"": 2,
        ""Recommendation (clear recommendation)"": 3,
        ""Recommendation (global rating scale)"": 2,
        ""Comments"": ""Overall a bit unclear communication reflected""
      }
    },
    {
      ""respondent"": ""17"",
      ""answers"": {
        ""Date"": ""2025-05-04"",
        ""SessionName"": ""IV - VT"",
        ""Identification"": 3,
        ""Situation"": 3,
        ""Background (history)"": 2,
        ""Background (examination)"": 2,
        ""Assessment"": 3,
        ""Recommendation (clear recommendation)"": 2,
        ""Recommendation (global rating scale)"": 2,
        ""Comments"": ""Not very concise or clear communication\nSatisfactory""
      }
    },
    {
      ""respondent"": ""23"",
      ""answers"": {
        ""Date"": ""2025-05-16"",
        ""SessionName"": ""I (Myocardial infarction)"",
        ""Identification"": 3,
        ""Situation"": 2,
        ""Background (history)"": 3,
        ""Background (examination)"": 1,
        ""Assessment"": 2,
        ""Recommendation (clear recommendation)"": 3,
        ""Recommendation (global rating scale)"": 3,
        ""Comments"": ""Diagnostic clarity is present\nGood and early assessment of condition is done""
      }
    }
  ]
}",II (Anaphylaxsis),"<example>
What is the session name for respondent 21?

DATA:

{
  ""questions"": {
    ""Date"": ""What is the date of the session? [Open-ended]"",
    ""SessionName"": ""What is the name of the session? [Open-ended]"",
    ""Identification"": ""Identification of self, role, and patient. [Rubric: 0 = Requires direct prompting, 1 = Introduces themselves but only after a hint, 2 = Introduces themselves but information is incomplete, 3 = Introduces themselves and information is complete]"",
    ""Situation"": ""Identifies the main problem(s). [Rubric: 0 = Unable to identify the main problem(s), 1 = Identifies the main problem(s) after extended prompting, 2 = Identifies the main problem(s) with fewer prompts needed, 3 = Identifies and prioritizes the main problem(s) unprompted]"",
    ""Background (history)"": ""Gives appropriate history. [Rubric: 0 = History is unstructured or non-relevant, 1 = Relevant history but frequent clarification needed, 2 = Relevant history with few further questions needed, 3 = Comprehensive focused history]"",
    ""Background (examination)"": ""Gives appropriate examination/observations. [Rubric: 0 = Observations are omitted or irrelevant, 1 = Observations reported but frequent clarification needed, 2 = Observations reported with few further questions needed, 3 = Comprehensive focused examination/observations]"",
    ""Assessment"": ""Makes logical assessment (correlates problem, history, exam, context). [Rubric: 0 = No logical assessment, 1 = Assessment only after extended questioning, 2 = Assessment after minimal questioning, 3 = Comprehensive logical assessment without questioning]"",
    ""Recommendation (clear recommendation)"": ""Makes a clear recommendation. [Rubric: 0 = No recommendation, 1 = Clear recommendation only after extended questioning, 2 = Clear recommendation after minimal questioning, 3 = Clear comprehensive recommendation without questioning]"",
    ""Recommendation (global rating scale)"": ""Global Rating Scale (GRS) - How confident am I that I received an accurate picture of the patient? [Rubric: 0 = Not at all confident, 1 = Confident but required extended questioning, 2 = Confident but required some further questioning, 3 = Confident and required little or no questioning]"",
    ""Comments"": ""Comments on the session. [Open-ended]""
  },
  ""responses"": [
    {
      ""respondent"": ""21"",
      ""answers"": {
        ""Date"": ""2025-05-16"",
        ""SessionName"": ""II (Anaphylaxsis)"",
        ""Identification"": 3,
        ""Situation"": 3,
        ""Background (history)"": 2,
        ""Background (examination)"": 2,
        ""Assessment"": 2,
        ""Recommendation (clear recommendation)"": 3,
        ""Recommendation (global rating scale)"": 2,
        ""Comments"": ""Overall a bit unclear communication reflected""
      }
    },
    {
      ""respondent"": ""17"",
      ""answers"": {
        ""Date"": ""2025-05-04"",
        ""SessionName"": ""IV - VT"",
        ""Identification"": 3,
        ""Situation"": 3,
        ""Background (history)"": 2,
        ""Background (examination)"": 2,
        ""Assessment"": 3,
        ""Recommendation (clear recommendation)"": 2,
        ""Recommendation (global rating scale)"": 2,
        ""Comments"": ""Not very concise or clear communication\nSatisfactory""
      }
    },
    {
      ""respondent"": ""23"",
      ""answers"": {
        ""Date"": ""2025-05-16"",
        ""SessionName"": ""I (Myocardial infarction)"",
        ""Identification"": 3,
        ""Situation"": 2,
        ""Background (history)"": 3,
        ""Background (examination)"": 1,
        ""Assessment"": 2,
        ""Recommendation (clear recommendation)"": 3,
        ""Recommendation (global rating scale)"": 3,
        ""Comments"": ""Diagnostic clarity is present\nGood and early assessment of condition is done""
      }
    }
  ]
}

Answer: II (Anaphylaxsis)
</example>

<questionnaire>
{
  ""questions"": {
    ""Date"": ""What is the date of the session? [Open-ended]"",
    ""SessionName"": ""What is the name of the session? [Open-ended]"",
    ""Identification"": ""Identification of self, role, and patient. [Rubric: 0 = Requires direct prompting, 1 = Introduces themselves but only after a hint, 2 = Introduces themselves but information is incomplete, 3 = Introduces themselves and information is complete]"",
    ""Situation"": ""Identifies the main problem(s). [Rubric: 0 = Unable to identify the main problem(s), 1 = Identifies the main problem(s) after extended prompting, 2 = Identifies the main problem(s) with fewer prompts needed, 3 = Identifies and prioritizes the main problem(s) unprompted]"",
    ""Background (history)"": ""Gives appropriate history. [Rubric: 0 = History is unstructured or non-relevant, 1 = Relevant history but frequent clarification needed, 2 = Relevant history with few further questions needed, 3 = Comprehensive focused history]"",
    ""Background (examination)"": ""Gives appropriate examination/observations. [Rubric: 0 = Observations are omitted or irrelevant, 1 = Observations reported but frequent clarification needed, 2 = Observations reported with few further questions needed, 3 = Comprehensive focused examination/observations]"",
    ""Assessment"": ""Makes logical assessment (correlates problem, history, exam, context). [Rubric: 0 = No logical assessment, 1 = Assessment only after extended questioning, 2 = Assessment after minimal questioning, 3 = Comprehensive logical assessment without questioning]"",
    ""Recommendation (clear recommendation)"": ""Makes a clear recommendation. [Rubric: 0 = No recommendation, 1 = Clear recommendation only after extended questioning, 2 = Clear recommendation after minimal questioning, 3 = Clear comprehensive recommendation without questioning]"",
    ""Recommendation (global rating scale)"": ""Global Rating Scale (GRS) - How confident am I that I received an accurate picture of the patient? [Rubric: 0 = Not at all confident, 1 = Confident but required extended questioning, 2 = Confident but required some further questioning, 3 = Confident and required little or no questioning]"",
    ""Comments"": ""Comments on the session. [Open-ended]""
  },
  ""responses"": [
    {
      ""respondent"": ""21"",
      ""answers"": {
        ""Date"": ""2025-05-16"",
        ""SessionName"": ""II (Anaphylaxsis)"",
        ""Identification"": 3,
        ""Situation"": 3,
        ""Background (history)"": 2,
        ""Background (examination)"": 2,
        ""Assessment"": 2,
        ""Recommendation (clear recommendation)"": 3,
        ""Recommendation (global rating scale)"": 2,
        ""Comments"": ""Overall a bit unclear communication reflected""
      }
    },
    {
      ""respondent"": ""17"",
      ""answers"": {
        ""Date"": ""2025-05-04"",
        ""SessionName"": ""IV - VT"",
        ""Identification"": 3,
        ""Situation"": 3,
        ""Background (history)"": 2,
        ""Background (examination)"": 2,
        ""Assessment"": 3,
        ""Recommendation (clear recommendation)"": 2,
        ""Recommendation (global rating scale)"": 2,
        ""Comments"": ""Not very concise or clear communication\nSatisfactory""
      }
    },
    {
      ""respondent"": ""23"",
      ""answers"": {
        ""Date"": ""2025-05-16"",
        ""SessionName"": ""I (Myocardial infarction)"",
        ""Identification"": 3,
        ""Situation"": 2,
        ""Background (history)"": 3,
        ""Background (examination)"": 1,
        ""Assessment"": 2,
        ""Recommendation (clear recommendation)"": 3,
        ""Recommendation (global rating scale)"": 3,
        ""Comments"": ""Diagnostic clarity is present\nGood and early assessment of condition is done""
      }
    }
  ]
}
</questionnaire>

<role>
You are a meticulous data analyst AI. Your primary function is to accurately analyze structured data and provide precise, verifiable answers.
</role>

<output>
Provide your final answer directly and concisely. Output must be the human-readable value, not an option code.

Rules:
- For MCQ fields, map any letter codes in the Responses (case-insensitive) to the corresponding option text from the Questions schema, and output only that text. Do NOT include the letter or both.
  Example: If the schema is ""[MCQ: A. Abnormal B. Inconclusive C. Normal]"" and the response is ""a"", output ""Abnormal"".
- For open-ended fields, output the exact text value.
- If the question asks for a count, provide only the number (e.g., ""42"").
- If the question asks for a list of names or IDs, provide a simple comma-separated list (e.g., ""17, 21, 23"").
- Preserve capitalization exactly as in the schema (e.g., output ""Abnormal"", not ""abnormal"" or ""A"").
</output>

<task>
What is the session name for respondent 21?
</task>",,
case_2,answer_lookup,What is the identification score for respondent 17?,"{
  ""questions"": {
    ""Date"": ""What is the date of the session? [Open-ended]"",
    ""SessionName"": ""What is the name of the session? [Open-ended]"",
    ""Identification"": ""Identification of self, role, and patient. [Rubric: 0 = Requires direct prompting, 1 = Introduces themselves but only after a hint, 2 = Introduces themselves but information is incomplete, 3 = Introduces themselves and information is complete]"",
    ""Situation"": ""Identifies the main problem(s). [Rubric: 0 = Unable to identify the main problem(s), 1 = Identifies the main problem(s) after extended prompting, 2 = Identifies the main problem(s) with fewer prompts needed, 3 = Identifies and prioritizes the main problem(s) unprompted]"",
    ""Background (history)"": ""Gives appropriate history. [Rubric: 0 = History is unstructured or non-relevant, 1 = Relevant history but frequent clarification needed, 2 = Relevant history with few further questions needed, 3 = Comprehensive focused history]"",
    ""Background (examination)"": ""Gives appropriate examination/observations. [Rubric: 0 = Observations are omitted or irrelevant, 1 = Observations reported but frequent clarification needed, 2 = Observations reported with few further questions needed, 3 = Comprehensive focused examination/observations]"",
    ""Assessment"": ""Makes logical assessment (correlates problem, history, exam, context). [Rubric: 0 = No logical assessment, 1 = Assessment only after extended questioning, 2 = Assessment after minimal questioning, 3 = Comprehensive logical assessment without questioning]"",
    ""Recommendation (clear recommendation)"": ""Makes a clear recommendation. [Rubric: 0 = No recommendation, 1 = Clear recommendation only after extended questioning, 2 = Clear recommendation after minimal questioning, 3 = Clear comprehensive recommendation without questioning]"",
    ""Recommendation (global rating scale)"": ""Global Rating Scale (GRS) - How confident am I that I received an accurate picture of the patient? [Rubric: 0 = Not at all confident, 1 = Confident but required extended questioning, 2 = Confident but required some further questioning, 3 = Confident and required little or no questioning]"",
    ""Comments"": ""Comments on the session. [Open-ended]""
  },
  ""responses"": [
    {
      ""respondent"": ""17"",
      ""answers"": {
        ""Date"": ""2025-05-04"",
        ""SessionName"": ""IV - VT"",
        ""Identification"": 3,
        ""Situation"": 3,
        ""Background (history)"": 2,
        ""Background (examination)"": 2,
        ""Assessment"": 3,
        ""Recommendation (clear recommendation)"": 2,
        ""Recommendation (global rating scale)"": 2,
        ""Comments"": ""Not very concise or clear communication\nSatisfactory""
      }
    },
    {
      ""respondent"": ""19"",
      ""answers"": {
        ""Date"": ""2025-05-04"",
        ""SessionName"": ""V (Hypoglycemia)"",
        ""Identification"": 3,
        ""Situation"": 3,
        ""Background (history)"": 3,
        ""Background (examination)"": 3,
        ""Assessment"": 3,
        ""Recommendation (clear recommendation)"": 3,
        ""Recommendation (global rating scale)"": 2,
        ""Comments"": ""Concise - clear\nSatisfactory""
      }
    },
    {
      ""respondent"": ""14"",
      ""answers"": {
        ""Date"": ""2025-05-02"",
        ""SessionName"": ""V (Hypoglycemia)"",
        ""Identification"": 3,
        ""Situation"": 2,
        ""Background (history)"": 2,
        ""Background (examination)"": 2,
        ""Assessment"": 3,
        ""Recommendation (clear recommendation)"": 2,
        ""Recommendation (global rating scale)"": 3,
        ""Comments"": ""Satisfactory""
      }
    }
  ]
}",3,"<example>
What is the session name for respondent 21?

DATA:

{
  ""questions"": {
    ""Date"": ""What is the date of the session? [Open-ended]"",
    ""SessionName"": ""What is the name of the session? [Open-ended]"",
    ""Identification"": ""Identification of self, role, and patient. [Rubric: 0 = Requires direct prompting, 1 = Introduces themselves but only after a hint, 2 = Introduces themselves but information is incomplete, 3 = Introduces themselves and information is complete]"",
    ""Situation"": ""Identifies the main problem(s). [Rubric: 0 = Unable to identify the main problem(s), 1 = Identifies the main problem(s) after extended prompting, 2 = Identifies the main problem(s) with fewer prompts needed, 3 = Identifies and prioritizes the main problem(s) unprompted]"",
    ""Background (history)"": ""Gives appropriate history. [Rubric: 0 = History is unstructured or non-relevant, 1 = Relevant history but frequent clarification needed, 2 = Relevant history with few further questions needed, 3 = Comprehensive focused history]"",
    ""Background (examination)"": ""Gives appropriate examination/observations. [Rubric: 0 = Observations are omitted or irrelevant, 1 = Observations reported but frequent clarification needed, 2 = Observations reported with few further questions needed, 3 = Comprehensive focused examination/observations]"",
    ""Assessment"": ""Makes logical assessment (correlates problem, history, exam, context). [Rubric: 0 = No logical assessment, 1 = Assessment only after extended questioning, 2 = Assessment after minimal questioning, 3 = Comprehensive logical assessment without questioning]"",
    ""Recommendation (clear recommendation)"": ""Makes a clear recommendation. [Rubric: 0 = No recommendation, 1 = Clear recommendation only after extended questioning, 2 = Clear recommendation after minimal questioning, 3 = Clear comprehensive recommendation without questioning]"",
    ""Recommendation (global rating scale)"": ""Global Rating Scale (GRS) - How confident am I that I received an accurate picture of the patient? [Rubric: 0 = Not at all confident, 1 = Confident but required extended questioning, 2 = Confident but required some further questioning, 3 = Confident and required little or no questioning]"",
    ""Comments"": ""Comments on the session. [Open-ended]""
  },
  ""responses"": [
    {
      ""respondent"": ""21"",
      ""answers"": {
        ""Date"": ""2025-05-16"",
        ""SessionName"": ""II (Anaphylaxsis)"",
        ""Identification"": 3,
        ""Situation"": 3,
        ""Background (history)"": 2,
        ""Background (examination)"": 2,
        ""Assessment"": 2,
        ""Recommendation (clear recommendation)"": 3,
        ""Recommendation (global rating scale)"": 2,
        ""Comments"": ""Overall a bit unclear communication reflected""
      }
    },
    {
      ""respondent"": ""17"",
      ""answers"": {
        ""Date"": ""2025-05-04"",
        ""SessionName"": ""IV - VT"",
        ""Identification"": 3,
        ""Situation"": 3,
        ""Background (history)"": 2,
        ""Background (examination)"": 2,
        ""Assessment"": 3,
        ""Recommendation (clear recommendation)"": 2,
        ""Recommendation (global rating scale)"": 2,
        ""Comments"": ""Not very concise or clear communication\nSatisfactory""
      }
    },
    {
      ""respondent"": ""23"",
      ""answers"": {
        ""Date"": ""2025-05-16"",
        ""SessionName"": ""I (Myocardial infarction)"",
        ""Identification"": 3,
        ""Situation"": 2,
        ""Background (history)"": 3,
        ""Background (examination)"": 1,
        ""Assessment"": 2,
        ""Recommendation (clear recommendation)"": 3,
        ""Recommendation (global rating scale)"": 3,
        ""Comments"": ""Diagnostic clarity is present\nGood and early assessment of condition is done""
      }
    }
  ]
}

Answer: II (Anaphylaxsis)
</example>

<questionnaire>
{
  ""questions"": {
    ""Date"": ""What is the date of the session? [Open-ended]"",
    ""SessionName"": ""What is the name of the session? [Open-ended]"",
    ""Identification"": ""Identification of self, role, and patient. [Rubric: 0 = Requires direct prompting, 1 = Introduces themselves but only after a hint, 2 = Introduces themselves but information is incomplete, 3 = Introduces themselves and information is complete]"",
    ""Situation"": ""Identifies the main problem(s). [Rubric: 0 = Unable to identify the main problem(s), 1 = Identifies the main problem(s) after extended prompting, 2 = Identifies the main problem(s) with fewer prompts needed, 3 = Identifies and prioritizes the main problem(s) unprompted]"",
    ""Background (history)"": ""Gives appropriate history. [Rubric: 0 = History is unstructured or non-relevant, 1 = Relevant history but frequent clarification needed, 2 = Relevant history with few further questions needed, 3 = Comprehensive focused history]"",
    ""Background (examination)"": ""Gives appropriate examination/observations. [Rubric: 0 = Observations are omitted or irrelevant, 1 = Observations reported but frequent clarification needed, 2 = Observations reported with few further questions needed, 3 = Comprehensive focused examination/observations]"",
    ""Assessment"": ""Makes logical assessment (correlates problem, history, exam, context). [Rubric: 0 = No logical assessment, 1 = Assessment only after extended questioning, 2 = Assessment after minimal questioning, 3 = Comprehensive logical assessment without questioning]"",
    ""Recommendation (clear recommendation)"": ""Makes a clear recommendation. [Rubric: 0 = No recommendation, 1 = Clear recommendation only after extended questioning, 2 = Clear recommendation after minimal questioning, 3 = Clear comprehensive recommendation without questioning]"",
    ""Recommendation (global rating scale)"": ""Global Rating Scale (GRS) - How confident am I that I received an accurate picture of the patient? [Rubric: 0 = Not at all confident, 1 = Confident but required extended questioning, 2 = Confident but required some further questioning, 3 = Confident and required little or no questioning]"",
    ""Comments"": ""Comments on the session. [Open-ended]""
  },
  ""responses"": [
    {
      ""respondent"": ""17"",
      ""answers"": {
        ""Date"": ""2025-05-04"",
        ""SessionName"": ""IV - VT"",
        ""Identification"": 3,
        ""Situation"": 3,
        ""Background (history)"": 2,
        ""Background (examination)"": 2,
        ""Assessment"": 3,
        ""Recommendation (clear recommendation)"": 2,
        ""Recommendation (global rating scale)"": 2,
        ""Comments"": ""Not very concise or clear communication\nSatisfactory""
      }
    },
    {
      ""respondent"": ""19"",
      ""answers"": {
        ""Date"": ""2025-05-04"",
        ""SessionName"": ""V (Hypoglycemia)"",
        ""Identification"": 3,
        ""Situation"": 3,
        ""Background (history)"": 3,
        ""Background (examination)"": 3,
        ""Assessment"": 3,
        ""Recommendation (clear recommendation)"": 3,
        ""Recommendation (global rating scale)"": 2,
        ""Comments"": ""Concise - clear\nSatisfactory""
      }
    },
    {
      ""respondent"": ""14"",
      ""answers"": {
        ""Date"": ""2025-05-02"",
        ""SessionName"": ""V (Hypoglycemia)"",
        ""Identification"": 3,
        ""Situation"": 2,
        ""Background (history)"": 2,
        ""Background (examination)"": 2,
        ""Assessment"": 3,
        ""Recommendation (clear recommendation)"": 2,
        ""Recommendation (global rating scale)"": 3,
        ""Comments"": ""Satisfactory""
      }
    }
  ]
}
</questionnaire>

<role>
You are a meticulous data analyst AI. Your primary function is to accurately analyze structured data and provide precise, verifiable answers.
</role>

<output>
Provide your final answer directly and concisely. Output must be the human-readable value, not an option code.

Rules:
- For MCQ fields, map any letter codes in the Responses (case-insensitive) to the corresponding option text from the Questions schema, and output only that text. Do NOT include the letter or both.
  Example: If the schema is ""[MCQ: A. Abnormal B. Inconclusive C. Normal]"" and the response is ""a"", output ""Abnormal"".
- For open-ended fields, output the exact text value.
- If the question asks for a count, provide only the number (e.g., ""42"").
- If the question asks for a list of names or IDs, provide a simple comma-separated list (e.g., ""17, 21, 23"").
- Preserve capitalization exactly as in the schema (e.g., output ""Abnormal"", not ""abnormal"" or ""A"").
</output>

<task>
What is the identification score for respondent 17?
</task>",,
case_3,answer_lookup,What is the date for respondent 13?,"{
  ""questions"": {
    ""Date"": ""What is the date of the session? [Open-ended]"",
    ""SessionName"": ""What is the name of the session? [Open-ended]"",
    ""Identification"": ""Identification of self, role, and patient. [Rubric: 0 = Requires direct prompting, 1 = Introduces themselves but only after a hint, 2 = Introduces themselves but information is incomplete, 3 = Introduces themselves and information is complete]"",
    ""Situation"": ""Identifies the main problem(s). [Rubric: 0 = Unable to identify the main problem(s), 1 = Identifies the main problem(s) after extended prompting, 2 = Identifies the main problem(s) with fewer prompts needed, 3 = Identifies and prioritizes the main problem(s) unprompted]"",
    ""Background (history)"": ""Gives appropriate history. [Rubric: 0 = History is unstructured or non-relevant, 1 = Relevant history but frequent clarification needed, 2 = Relevant history with few further questions needed, 3 = Comprehensive focused history]"",
    ""Background (examination)"": ""Gives appropriate examination/observations. [Rubric: 0 = Observations are omitted or irrelevant, 1 = Observations reported but frequent clarification needed, 2 = Observations reported with few further questions needed, 3 = Comprehensive focused examination/observations]"",
    ""Assessment"": ""Makes logical assessment (correlates problem, history, exam, context). [Rubric: 0 = No logical assessment, 1 = Assessment only after extended questioning, 2 = Assessment after minimal questioning, 3 = Comprehensive logical assessment without questioning]"",
    ""Recommendation (clear recommendation)"": ""Makes a clear recommendation. [Rubric: 0 = No recommendation, 1 = Clear recommendation only after extended questioning, 2 = Clear recommendation after minimal questioning, 3 = Clear comprehensive recommendation without questioning]"",
    ""Recommendation (global rating scale)"": ""Global Rating Scale (GRS) - How confident am I that I received an accurate picture of the patient? [Rubric: 0 = Not at all confident, 1 = Confident but required extended questioning, 2 = Confident but required some further questioning, 3 = Confident and required little or no questioning]"",
    ""Comments"": ""Comments on the session. [Open-ended]""
  },
  ""responses"": [
    {
      ""respondent"": ""13"",
      ""answers"": {
        ""Date"": ""2025-05-02"",
        ""SessionName"": ""I - MI"",
        ""Identification"": 3,
        ""Situation"": 3,
        ""Background (history)"": 3,
        ""Background (examination)"": 3,
        ""Assessment"": 3,
        ""Recommendation (clear recommendation)"": 2,
        ""Recommendation (global rating scale)"": 3,
        ""Comments"": ""Consent denied for video recordings\nSatisfactory""
      }
    },
    {
      ""respondent"": ""14"",
      ""answers"": {
        ""Date"": ""2025-05-02"",
        ""SessionName"": ""V (Hypoglycemia)"",
        ""Identification"": 3,
        ""Situation"": 2,
        ""Background (history)"": 2,
        ""Background (examination)"": 2,
        ""Assessment"": 3,
        ""Recommendation (clear recommendation)"": 2,
        ""Recommendation (global rating scale)"": 3,
        ""Comments"": ""Satisfactory""
      }
    },
    {
      ""respondent"": ""23"",
      ""answers"": {
        ""Date"": ""2025-05-16"",
        ""SessionName"": ""I (Myocardial infarction)"",
        ""Identification"": 3,
        ""Situation"": 2,
        ""Background (history)"": 3,
        ""Background (examination)"": 1,
        ""Assessment"": 2,
        ""Recommendation (clear recommendation)"": 3,
        ""Recommendation (global rating scale)"": 3,
        ""Comments"": ""Diagnostic clarity is present\nGood and early assessment of condition is done""
      }
    }
  ]
}",2025-05-02,"<example>
What is the session name for respondent 21?

DATA:

{
  ""questions"": {
    ""Date"": ""What is the date of the session? [Open-ended]"",
    ""SessionName"": ""What is the name of the session? [Open-ended]"",
    ""Identification"": ""Identification of self, role, and patient. [Rubric: 0 = Requires direct prompting, 1 = Introduces themselves but only after a hint, 2 = Introduces themselves but information is incomplete, 3 = Introduces themselves and information is complete]"",
    ""Situation"": ""Identifies the main problem(s). [Rubric: 0 = Unable to identify the main problem(s), 1 = Identifies the main problem(s) after extended prompting, 2 = Identifies the main problem(s) with fewer prompts needed, 3 = Identifies and prioritizes the main problem(s) unprompted]"",
    ""Background (history)"": ""Gives appropriate history. [Rubric: 0 = History is unstructured or non-relevant, 1 = Relevant history but frequent clarification needed, 2 = Relevant history with few further questions needed, 3 = Comprehensive focused history]"",
    ""Background (examination)"": ""Gives appropriate examination/observations. [Rubric: 0 = Observations are omitted or irrelevant, 1 = Observations reported but frequent clarification needed, 2 = Observations reported with few further questions needed, 3 = Comprehensive focused examination/observations]"",
    ""Assessment"": ""Makes logical assessment (correlates problem, history, exam, context). [Rubric: 0 = No logical assessment, 1 = Assessment only after extended questioning, 2 = Assessment after minimal questioning, 3 = Comprehensive logical assessment without questioning]"",
    ""Recommendation (clear recommendation)"": ""Makes a clear recommendation. [Rubric: 0 = No recommendation, 1 = Clear recommendation only after extended questioning, 2 = Clear recommendation after minimal questioning, 3 = Clear comprehensive recommendation without questioning]"",
    ""Recommendation (global rating scale)"": ""Global Rating Scale (GRS) - How confident am I that I received an accurate picture of the patient? [Rubric: 0 = Not at all confident, 1 = Confident but required extended questioning, 2 = Confident but required some further questioning, 3 = Confident and required little or no questioning]"",
    ""Comments"": ""Comments on the session. [Open-ended]""
  },
  ""responses"": [
    {
      ""respondent"": ""21"",
      ""answers"": {
        ""Date"": ""2025-05-16"",
        ""SessionName"": ""II (Anaphylaxsis)"",
        ""Identification"": 3,
        ""Situation"": 3,
        ""Background (history)"": 2,
        ""Background (examination)"": 2,
        ""Assessment"": 2,
        ""Recommendation (clear recommendation)"": 3,
        ""Recommendation (global rating scale)"": 2,
        ""Comments"": ""Overall a bit unclear communication reflected""
      }
    },
    {
      ""respondent"": ""17"",
      ""answers"": {
        ""Date"": ""2025-05-04"",
        ""SessionName"": ""IV - VT"",
        ""Identification"": 3,
        ""Situation"": 3,
        ""Background (history)"": 2,
        ""Background (examination)"": 2,
        ""Assessment"": 3,
        ""Recommendation (clear recommendation)"": 2,
        ""Recommendation (global rating scale)"": 2,
        ""Comments"": ""Not very concise or clear communication\nSatisfactory""
      }
    },
    {
      ""respondent"": ""23"",
      ""answers"": {
        ""Date"": ""2025-05-16"",
        ""SessionName"": ""I (Myocardial infarction)"",
        ""Identification"": 3,
        ""Situation"": 2,
        ""Background (history)"": 3,
        ""Background (examination)"": 1,
        ""Assessment"": 2,
        ""Recommendation (clear recommendation)"": 3,
        ""Recommendation (global rating scale)"": 3,
        ""Comments"": ""Diagnostic clarity is present\nGood and early assessment of condition is done""
      }
    }
  ]
}

Answer: II (Anaphylaxsis)
</example>

<questionnaire>
{
  ""questions"": {
    ""Date"": ""What is the date of the session? [Open-ended]"",
    ""SessionName"": ""What is the name of the session? [Open-ended]"",
    ""Identification"": ""Identification of self, role, and patient. [Rubric: 0 = Requires direct prompting, 1 = Introduces themselves but only after a hint, 2 = Introduces themselves but information is incomplete, 3 = Introduces themselves and information is complete]"",
    ""Situation"": ""Identifies the main problem(s). [Rubric: 0 = Unable to identify the main problem(s), 1 = Identifies the main problem(s) after extended prompting, 2 = Identifies the main problem(s) with fewer prompts needed, 3 = Identifies and prioritizes the main problem(s) unprompted]"",
    ""Background (history)"": ""Gives appropriate history. [Rubric: 0 = History is unstructured or non-relevant, 1 = Relevant history but frequent clarification needed, 2 = Relevant history with few further questions needed, 3 = Comprehensive focused history]"",
    ""Background (examination)"": ""Gives appropriate examination/observations. [Rubric: 0 = Observations are omitted or irrelevant, 1 = Observations reported but frequent clarification needed, 2 = Observations reported with few further questions needed, 3 = Comprehensive focused examination/observations]"",
    ""Assessment"": ""Makes logical assessment (correlates problem, history, exam, context). [Rubric: 0 = No logical assessment, 1 = Assessment only after extended questioning, 2 = Assessment after minimal questioning, 3 = Comprehensive logical assessment without questioning]"",
    ""Recommendation (clear recommendation)"": ""Makes a clear recommendation. [Rubric: 0 = No recommendation, 1 = Clear recommendation only after extended questioning, 2 = Clear recommendation after minimal questioning, 3 = Clear comprehensive recommendation without questioning]"",
    ""Recommendation (global rating scale)"": ""Global Rating Scale (GRS) - How confident am I that I received an accurate picture of the patient? [Rubric: 0 = Not at all confident, 1 = Confident but required extended questioning, 2 = Confident but required some further questioning, 3 = Confident and required little or no questioning]"",
    ""Comments"": ""Comments on the session. [Open-ended]""
  },
  ""responses"": [
    {
      ""respondent"": ""13"",
      ""answers"": {
        ""Date"": ""2025-05-02"",
        ""SessionName"": ""I - MI"",
        ""Identification"": 3,
        ""Situation"": 3,
        ""Background (history)"": 3,
        ""Background (examination)"": 3,
        ""Assessment"": 3,
        ""Recommendation (clear recommendation)"": 2,
        ""Recommendation (global rating scale)"": 3,
        ""Comments"": ""Consent denied for video recordings\nSatisfactory""
      }
    },
    {
      ""respondent"": ""14"",
      ""answers"": {
        ""Date"": ""2025-05-02"",
        ""SessionName"": ""V (Hypoglycemia)"",
        ""Identification"": 3,
        ""Situation"": 2,
        ""Background (history)"": 2,
        ""Background (examination)"": 2,
        ""Assessment"": 3,
        ""Recommendation (clear recommendation)"": 2,
        ""Recommendation (global rating scale)"": 3,
        ""Comments"": ""Satisfactory""
      }
    },
    {
      ""respondent"": ""23"",
      ""answers"": {
        ""Date"": ""2025-05-16"",
        ""SessionName"": ""I (Myocardial infarction)"",
        ""Identification"": 3,
        ""Situation"": 2,
        ""Background (history)"": 3,
        ""Background (examination)"": 1,
        ""Assessment"": 2,
        ""Recommendation (clear recommendation)"": 3,
        ""Recommendation (global rating scale)"": 3,
        ""Comments"": ""Diagnostic clarity is present\nGood and early assessment of condition is done""
      }
    }
  ]
}
</questionnaire>

<role>
You are a meticulous data analyst AI. Your primary function is to accurately analyze structured data and provide precise, verifiable answers.
</role>

<output>
Provide your final answer directly and concisely. Output must be the human-readable value, not an option code.

Rules:
- For MCQ fields, map any letter codes in the Responses (case-insensitive) to the corresponding option text from the Questions schema, and output only that text. Do NOT include the letter or both.
  Example: If the schema is ""[MCQ: A. Abnormal B. Inconclusive C. Normal]"" and the response is ""a"", output ""Abnormal"".
- For open-ended fields, output the exact text value.
- If the question asks for a count, provide only the number (e.g., ""42"").
- If the question asks for a list of names or IDs, provide a simple comma-separated list (e.g., ""17, 21, 23"").
- Preserve capitalization exactly as in the schema (e.g., output ""Abnormal"", not ""abnormal"" or ""A"").
</output>

<task>
What is the date for respondent 13?
</task>",,
case_4,answer_lookup,What is the global rating score for respondent 17?,"{
  ""questions"": {
    ""Date"": ""What is the date of the session? [Open-ended]"",
    ""SessionName"": ""What is the name of the session? [Open-ended]"",
    ""Identification"": ""Identification of self, role, and patient. [Rubric: 0 = Requires direct prompting, 1 = Introduces themselves but only after a hint, 2 = Introduces themselves but information is incomplete, 3 = Introduces themselves and information is complete]"",
    ""Situation"": ""Identifies the main problem(s). [Rubric: 0 = Unable to identify the main problem(s), 1 = Identifies the main problem(s) after extended prompting, 2 = Identifies the main problem(s) with fewer prompts needed, 3 = Identifies and prioritizes the main problem(s) unprompted]"",
    ""Background (history)"": ""Gives appropriate history. [Rubric: 0 = History is unstructured or non-relevant, 1 = Relevant history but frequent clarification needed, 2 = Relevant history with few further questions needed, 3 = Comprehensive focused history]"",
    ""Background (examination)"": ""Gives appropriate examination/observations. [Rubric: 0 = Observations are omitted or irrelevant, 1 = Observations reported but frequent clarification needed, 2 = Observations reported with few further questions needed, 3 = Comprehensive focused examination/observations]"",
    ""Assessment"": ""Makes logical assessment (correlates problem, history, exam, context). [Rubric: 0 = No logical assessment, 1 = Assessment only after extended questioning, 2 = Assessment after minimal questioning, 3 = Comprehensive logical assessment without questioning]"",
    ""Recommendation (clear recommendation)"": ""Makes a clear recommendation. [Rubric: 0 = No recommendation, 1 = Clear recommendation only after extended questioning, 2 = Clear recommendation after minimal questioning, 3 = Clear comprehensive recommendation without questioning]"",
    ""Recommendation (global rating scale)"": ""Global Rating Scale (GRS) - How confident am I that I received an accurate picture of the patient? [Rubric: 0 = Not at all confident, 1 = Confident but required extended questioning, 2 = Confident but required some further questioning, 3 = Confident and required little or no questioning]"",
    ""Comments"": ""Comments on the session. [Open-ended]""
  },
  ""responses"": [
    {
      ""respondent"": ""17"",
      ""answers"": {
        ""Date"": ""2025-05-04"",
        ""SessionName"": ""IV - VT"",
        ""Identification"": 3,
        ""Situation"": 3,
        ""Background (history)"": 2,
        ""Background (examination)"": 2,
        ""Assessment"": 3,
        ""Recommendation (clear recommendation)"": 2,
        ""Recommendation (global rating scale)"": 2,
        ""Comments"": ""Not very concise or clear communication\nSatisfactory""
      }
    },
    {
      ""respondent"": ""4"",
      ""answers"": {
        ""Date"": ""2025-03-14"",
        ""SessionName"": ""I-VF"",
        ""Identification"": 3,
        ""Situation"": 3,
        ""Background (history)"": 2,
        ""Background (examination)"": 1,
        ""Assessment"": 2,
        ""Recommendation (clear recommendation)"": 2,
        ""Recommendation (global rating scale)"": 2,
        ""Comments"": ""Time: (10:29-10:54)\nVentricular fibrillation (CVS)\nLack of communication btween 2 main interns\nFurther brief to patient, ask patent concerns""
      }
    },
    {
      ""respondent"": ""23"",
      ""answers"": {
        ""Date"": ""2025-05-16"",
        ""SessionName"": ""I (Myocardial infarction)"",
        ""Identification"": 3,
        ""Situation"": 2,
        ""Background (history)"": 3,
        ""Background (examination)"": 1,
        ""Assessment"": 2,
        ""Recommendation (clear recommendation)"": 3,
        ""Recommendation (global rating scale)"": 3,
        ""Comments"": ""Diagnostic clarity is present\nGood and early assessment of condition is done""
      }
    }
  ]
}",2,"<example>
What is the session name for respondent 21?

DATA:

{
  ""questions"": {
    ""Date"": ""What is the date of the session? [Open-ended]"",
    ""SessionName"": ""What is the name of the session? [Open-ended]"",
    ""Identification"": ""Identification of self, role, and patient. [Rubric: 0 = Requires direct prompting, 1 = Introduces themselves but only after a hint, 2 = Introduces themselves but information is incomplete, 3 = Introduces themselves and information is complete]"",
    ""Situation"": ""Identifies the main problem(s). [Rubric: 0 = Unable to identify the main problem(s), 1 = Identifies the main problem(s) after extended prompting, 2 = Identifies the main problem(s) with fewer prompts needed, 3 = Identifies and prioritizes the main problem(s) unprompted]"",
    ""Background (history)"": ""Gives appropriate history. [Rubric: 0 = History is unstructured or non-relevant, 1 = Relevant history but frequent clarification needed, 2 = Relevant history with few further questions needed, 3 = Comprehensive focused history]"",
    ""Background (examination)"": ""Gives appropriate examination/observations. [Rubric: 0 = Observations are omitted or irrelevant, 1 = Observations reported but frequent clarification needed, 2 = Observations reported with few further questions needed, 3 = Comprehensive focused examination/observations]"",
    ""Assessment"": ""Makes logical assessment (correlates problem, history, exam, context). [Rubric: 0 = No logical assessment, 1 = Assessment only after extended questioning, 2 = Assessment after minimal questioning, 3 = Comprehensive logical assessment without questioning]"",
    ""Recommendation (clear recommendation)"": ""Makes a clear recommendation. [Rubric: 0 = No recommendation, 1 = Clear recommendation only after extended questioning, 2 = Clear recommendation after minimal questioning, 3 = Clear comprehensive recommendation without questioning]"",
    ""Recommendation (global rating scale)"": ""Global Rating Scale (GRS) - How confident am I that I received an accurate picture of the patient? [Rubric: 0 = Not at all confident, 1 = Confident but required extended questioning, 2 = Confident but required some further questioning, 3 = Confident and required little or no questioning]"",
    ""Comments"": ""Comments on the session. [Open-ended]""
  },
  ""responses"": [
    {
      ""respondent"": ""21"",
      ""answers"": {
        ""Date"": ""2025-05-16"",
        ""SessionName"": ""II (Anaphylaxsis)"",
        ""Identification"": 3,
        ""Situation"": 3,
        ""Background (history)"": 2,
        ""Background (examination)"": 2,
        ""Assessment"": 2,
        ""Recommendation (clear recommendation)"": 3,
        ""Recommendation (global rating scale)"": 2,
        ""Comments"": ""Overall a bit unclear communication reflected""
      }
    },
    {
      ""respondent"": ""17"",
      ""answers"": {
        ""Date"": ""2025-05-04"",
        ""SessionName"": ""IV - VT"",
        ""Identification"": 3,
        ""Situation"": 3,
        ""Background (history)"": 2,
        ""Background (examination)"": 2,
        ""Assessment"": 3,
        ""Recommendation (clear recommendation)"": 2,
        ""Recommendation (global rating scale)"": 2,
        ""Comments"": ""Not very concise or clear communication\nSatisfactory""
      }
    },
    {
      ""respondent"": ""23"",
      ""answers"": {
        ""Date"": ""2025-05-16"",
        ""SessionName"": ""I (Myocardial infarction)"",
        ""Identification"": 3,
        ""Situation"": 2,
        ""Background (history)"": 3,
        ""Background (examination)"": 1,
        ""Assessment"": 2,
        ""Recommendation (clear recommendation)"": 3,
        ""Recommendation (global rating scale)"": 3,
        ""Comments"": ""Diagnostic clarity is present\nGood and early assessment of condition is done""
      }
    }
  ]
}

Answer: II (Anaphylaxsis)
</example>

<questionnaire>
{
  ""questions"": {
    ""Date"": ""What is the date of the session? [Open-ended]"",
    ""SessionName"": ""What is the name of the session? [Open-ended]"",
    ""Identification"": ""Identification of self, role, and patient. [Rubric: 0 = Requires direct prompting, 1 = Introduces themselves but only after a hint, 2 = Introduces themselves but information is incomplete, 3 = Introduces themselves and information is complete]"",
    ""Situation"": ""Identifies the main problem(s). [Rubric: 0 = Unable to identify the main problem(s), 1 = Identifies the main problem(s) after extended prompting, 2 = Identifies the main problem(s) with fewer prompts needed, 3 = Identifies and prioritizes the main problem(s) unprompted]"",
    ""Background (history)"": ""Gives appropriate history. [Rubric: 0 = History is unstructured or non-relevant, 1 = Relevant history but frequent clarification needed, 2 = Relevant history with few further questions needed, 3 = Comprehensive focused history]"",
    ""Background (examination)"": ""Gives appropriate examination/observations. [Rubric: 0 = Observations are omitted or irrelevant, 1 = Observations reported but frequent clarification needed, 2 = Observations reported with few further questions needed, 3 = Comprehensive focused examination/observations]"",
    ""Assessment"": ""Makes logical assessment (correlates problem, history, exam, context). [Rubric: 0 = No logical assessment, 1 = Assessment only after extended questioning, 2 = Assessment after minimal questioning, 3 = Comprehensive logical assessment without questioning]"",
    ""Recommendation (clear recommendation)"": ""Makes a clear recommendation. [Rubric: 0 = No recommendation, 1 = Clear recommendation only after extended questioning, 2 = Clear recommendation after minimal questioning, 3 = Clear comprehensive recommendation without questioning]"",
    ""Recommendation (global rating scale)"": ""Global Rating Scale (GRS) - How confident am I that I received an accurate picture of the patient? [Rubric: 0 = Not at all confident, 1 = Confident but required extended questioning, 2 = Confident but required some further questioning, 3 = Confident and required little or no questioning]"",
    ""Comments"": ""Comments on the session. [Open-ended]""
  },
  ""responses"": [
    {
      ""respondent"": ""17"",
      ""answers"": {
        ""Date"": ""2025-05-04"",
        ""SessionName"": ""IV - VT"",
        ""Identification"": 3,
        ""Situation"": 3,
        ""Background (history)"": 2,
        ""Background (examination)"": 2,
        ""Assessment"": 3,
        ""Recommendation (clear recommendation)"": 2,
        ""Recommendation (global rating scale)"": 2,
        ""Comments"": ""Not very concise or clear communication\nSatisfactory""
      }
    },
    {
      ""respondent"": ""4"",
      ""answers"": {
        ""Date"": ""2025-03-14"",
        ""SessionName"": ""I-VF"",
        ""Identification"": 3,
        ""Situation"": 3,
        ""Background (history)"": 2,
        ""Background (examination)"": 1,
        ""Assessment"": 2,
        ""Recommendation (clear recommendation)"": 2,
        ""Recommendation (global rating scale)"": 2,
        ""Comments"": ""Time: (10:29-10:54)\nVentricular fibrillation (CVS)\nLack of communication btween 2 main interns\nFurther brief to patient, ask patent concerns""
      }
    },
    {
      ""respondent"": ""23"",
      ""answers"": {
        ""Date"": ""2025-05-16"",
        ""SessionName"": ""I (Myocardial infarction)"",
        ""Identification"": 3,
        ""Situation"": 2,
        ""Background (history)"": 3,
        ""Background (examination)"": 1,
        ""Assessment"": 2,
        ""Recommendation (clear recommendation)"": 3,
        ""Recommendation (global rating scale)"": 3,
        ""Comments"": ""Diagnostic clarity is present\nGood and early assessment of condition is done""
      }
    }
  ]
}
</questionnaire>

<role>
You are a meticulous data analyst AI. Your primary function is to accurately analyze structured data and provide precise, verifiable answers.
</role>

<output>
Provide your final answer directly and concisely. Output must be the human-readable value, not an option code.

Rules:
- For MCQ fields, map any letter codes in the Responses (case-insensitive) to the corresponding option text from the Questions schema, and output only that text. Do NOT include the letter or both.
  Example: If the schema is ""[MCQ: A. Abnormal B. Inconclusive C. Normal]"" and the response is ""a"", output ""Abnormal"".
- For open-ended fields, output the exact text value.
- If the question asks for a count, provide only the number (e.g., ""42"").
- If the question asks for a list of names or IDs, provide a simple comma-separated list (e.g., ""17, 21, 23"").
- Preserve capitalization exactly as in the schema (e.g., output ""Abnormal"", not ""abnormal"" or ""A"").
</output>

<task>
What is the global rating score for respondent 17?
</task>",,
case_5,answer_lookup,What is the identification score for respondent 2?,"{
  ""questions"": {
    ""Date"": ""What is the date of the session? [Open-ended]"",
    ""SessionName"": ""What is the name of the session? [Open-ended]"",
    ""Identification"": ""Identification of self, role, and patient. [Rubric: 0 = Requires direct prompting, 1 = Introduces themselves but only after a hint, 2 = Introduces themselves but information is incomplete, 3 = Introduces themselves and information is complete]"",
    ""Situation"": ""Identifies the main problem(s). [Rubric: 0 = Unable to identify the main problem(s), 1 = Identifies the main problem(s) after extended prompting, 2 = Identifies the main problem(s) with fewer prompts needed, 3 = Identifies and prioritizes the main problem(s) unprompted]"",
    ""Background (history)"": ""Gives appropriate history. [Rubric: 0 = History is unstructured or non-relevant, 1 = Relevant history but frequent clarification needed, 2 = Relevant history with few further questions needed, 3 = Comprehensive focused history]"",
    ""Background (examination)"": ""Gives appropriate examination/observations. [Rubric: 0 = Observations are omitted or irrelevant, 1 = Observations reported but frequent clarification needed, 2 = Observations reported with few further questions needed, 3 = Comprehensive focused examination/observations]"",
    ""Assessment"": ""Makes logical assessment (correlates problem, history, exam, context). [Rubric: 0 = No logical assessment, 1 = Assessment only after extended questioning, 2 = Assessment after minimal questioning, 3 = Comprehensive logical assessment without questioning]"",
    ""Recommendation (clear recommendation)"": ""Makes a clear recommendation. [Rubric: 0 = No recommendation, 1 = Clear recommendation only after extended questioning, 2 = Clear recommendation after minimal questioning, 3 = Clear comprehensive recommendation without questioning]"",
    ""Recommendation (global rating scale)"": ""Global Rating Scale (GRS) - How confident am I that I received an accurate picture of the patient? [Rubric: 0 = Not at all confident, 1 = Confident but required extended questioning, 2 = Confident but required some further questioning, 3 = Confident and required little or no questioning]"",
    ""Comments"": ""Comments on the session. [Open-ended]""
  },
  ""responses"": [
    {
      ""respondent"": ""2"",
      ""answers"": {
        ""Date"": ""2025-03-14"",
        ""SessionName"": ""II-Anaphylaxsis"",
        ""Identification"": 3,
        ""Situation"": 3,
        ""Background (history)"": 2,
        ""Background (examination)"": 2,
        ""Assessment"": 3,
        ""Recommendation (clear recommendation)"": 3,
        ""Recommendation (global rating scale)"": 3,
        ""Comments"": ""Time: (11:43-11:58)\nTalking to registrav could not summarize the condition of patient very clearly\nDID: Sepsis I Anaphylaxsis given by team""
      }
    },
    {
      ""respondent"": ""17"",
      ""answers"": {
        ""Date"": ""2025-05-04"",
        ""SessionName"": ""IV - VT"",
        ""Identification"": 3,
        ""Situation"": 3,
        ""Background (history)"": 2,
        ""Background (examination)"": 2,
        ""Assessment"": 3,
        ""Recommendation (clear recommendation)"": 2,
        ""Recommendation (global rating scale)"": 2,
        ""Comments"": ""Not very concise or clear communication\nSatisfactory""
      }
    },
    {
      ""respondent"": ""20"",
      ""answers"": {
        ""Date"": ""2025-05-16"",
        ""SessionName"": ""III (Sepsis)"",
        ""Identification"": 3,
        ""Situation"": 3,
        ""Background (history)"": 3,
        ""Background (examination)"": 2,
        ""Assessment"": 2,
        ""Recommendation (clear recommendation)"": 2,
        ""Recommendation (global rating scale)"": 2,
        ""Comments"": ""Clinical handover and communication skills, satisfactory\nNo panic, no arrest team\nSatisfactory""
      }
    }
  ]
}",3,"<example>
What is the session name for respondent 21?

DATA:

{
  ""questions"": {
    ""Date"": ""What is the date of the session? [Open-ended]"",
    ""SessionName"": ""What is the name of the session? [Open-ended]"",
    ""Identification"": ""Identification of self, role, and patient. [Rubric: 0 = Requires direct prompting, 1 = Introduces themselves but only after a hint, 2 = Introduces themselves but information is incomplete, 3 = Introduces themselves and information is complete]"",
    ""Situation"": ""Identifies the main problem(s). [Rubric: 0 = Unable to identify the main problem(s), 1 = Identifies the main problem(s) after extended prompting, 2 = Identifies the main problem(s) with fewer prompts needed, 3 = Identifies and prioritizes the main problem(s) unprompted]"",
    ""Background (history)"": ""Gives appropriate history. [Rubric: 0 = History is unstructured or non-relevant, 1 = Relevant history but frequent clarification needed, 2 = Relevant history with few further questions needed, 3 = Comprehensive focused history]"",
    ""Background (examination)"": ""Gives appropriate examination/observations. [Rubric: 0 = Observations are omitted or irrelevant, 1 = Observations reported but frequent clarification needed, 2 = Observations reported with few further questions needed, 3 = Comprehensive focused examination/observations]"",
    ""Assessment"": ""Makes logical assessment (correlates problem, history, exam, context). [Rubric: 0 = No logical assessment, 1 = Assessment only after extended questioning, 2 = Assessment after minimal questioning, 3 = Comprehensive logical assessment without questioning]"",
    ""Recommendation (clear recommendation)"": ""Makes a clear recommendation. [Rubric: 0 = No recommendation, 1 = Clear recommendation only after extended questioning, 2 = Clear recommendation after minimal questioning, 3 = Clear comprehensive recommendation without questioning]"",
    ""Recommendation (global rating scale)"": ""Global Rating Scale (GRS) - How confident am I that I received an accurate picture of the patient? [Rubric: 0 = Not at all confident, 1 = Confident but required extended questioning, 2 = Confident but required some further questioning, 3 = Confident and required little or no questioning]"",
    ""Comments"": ""Comments on the session. [Open-ended]""
  },
  ""responses"": [
    {
      ""respondent"": ""21"",
      ""answers"": {
        ""Date"": ""2025-05-16"",
        ""SessionName"": ""II (Anaphylaxsis)"",
        ""Identification"": 3,
        ""Situation"": 3,
        ""Background (history)"": 2,
        ""Background (examination)"": 2,
        ""Assessment"": 2,
        ""Recommendation (clear recommendation)"": 3,
        ""Recommendation (global rating scale)"": 2,
        ""Comments"": ""Overall a bit unclear communication reflected""
      }
    },
    {
      ""respondent"": ""17"",
      ""answers"": {
        ""Date"": ""2025-05-04"",
        ""SessionName"": ""IV - VT"",
        ""Identification"": 3,
        ""Situation"": 3,
        ""Background (history)"": 2,
        ""Background (examination)"": 2,
        ""Assessment"": 3,
        ""Recommendation (clear recommendation)"": 2,
        ""Recommendation (global rating scale)"": 2,
        ""Comments"": ""Not very concise or clear communication\nSatisfactory""
      }
    },
    {
      ""respondent"": ""23"",
      ""answers"": {
        ""Date"": ""2025-05-16"",
        ""SessionName"": ""I (Myocardial infarction)"",
        ""Identification"": 3,
        ""Situation"": 2,
        ""Background (history)"": 3,
        ""Background (examination)"": 1,
        ""Assessment"": 2,
        ""Recommendation (clear recommendation)"": 3,
        ""Recommendation (global rating scale)"": 3,
        ""Comments"": ""Diagnostic clarity is present\nGood and early assessment of condition is done""
      }
    }
  ]
}

Answer: II (Anaphylaxsis)
</example>

<questionnaire>
{
  ""questions"": {
    ""Date"": ""What is the date of the session? [Open-ended]"",
    ""SessionName"": ""What is the name of the session? [Open-ended]"",
    ""Identification"": ""Identification of self, role, and patient. [Rubric: 0 = Requires direct prompting, 1 = Introduces themselves but only after a hint, 2 = Introduces themselves but information is incomplete, 3 = Introduces themselves and information is complete]"",
    ""Situation"": ""Identifies the main problem(s). [Rubric: 0 = Unable to identify the main problem(s), 1 = Identifies the main problem(s) after extended prompting, 2 = Identifies the main problem(s) with fewer prompts needed, 3 = Identifies and prioritizes the main problem(s) unprompted]"",
    ""Background (history)"": ""Gives appropriate history. [Rubric: 0 = History is unstructured or non-relevant, 1 = Relevant history but frequent clarification needed, 2 = Relevant history with few further questions needed, 3 = Comprehensive focused history]"",
    ""Background (examination)"": ""Gives appropriate examination/observations. [Rubric: 0 = Observations are omitted or irrelevant, 1 = Observations reported but frequent clarification needed, 2 = Observations reported with few further questions needed, 3 = Comprehensive focused examination/observations]"",
    ""Assessment"": ""Makes logical assessment (correlates problem, history, exam, context). [Rubric: 0 = No logical assessment, 1 = Assessment only after extended questioning, 2 = Assessment after minimal questioning, 3 = Comprehensive logical assessment without questioning]"",
    ""Recommendation (clear recommendation)"": ""Makes a clear recommendation. [Rubric: 0 = No recommendation, 1 = Clear recommendation only after extended questioning, 2 = Clear recommendation after minimal questioning, 3 = Clear comprehensive recommendation without questioning]"",
    ""Recommendation (global rating scale)"": ""Global Rating Scale (GRS) - How confident am I that I received an accurate picture of the patient? [Rubric: 0 = Not at all confident, 1 = Confident but required extended questioning, 2 = Confident but required some further questioning, 3 = Confident and required little or no questioning]"",
    ""Comments"": ""Comments on the session. [Open-ended]""
  },
  ""responses"": [
    {
      ""respondent"": ""2"",
      ""answers"": {
        ""Date"": ""2025-03-14"",
        ""SessionName"": ""II-Anaphylaxsis"",
        ""Identification"": 3,
        ""Situation"": 3,
        ""Background (history)"": 2,
        ""Background (examination)"": 2,
        ""Assessment"": 3,
        ""Recommendation (clear recommendation)"": 3,
        ""Recommendation (global rating scale)"": 3,
        ""Comments"": ""Time: (11:43-11:58)\nTalking to registrav could not summarize the condition of patient very clearly\nDID: Sepsis I Anaphylaxsis given by team""
      }
    },
    {
      ""respondent"": ""17"",
      ""answers"": {
        ""Date"": ""2025-05-04"",
        ""SessionName"": ""IV - VT"",
        ""Identification"": 3,
        ""Situation"": 3,
        ""Background (history)"": 2,
        ""Background (examination)"": 2,
        ""Assessment"": 3,
        ""Recommendation (clear recommendation)"": 2,
        ""Recommendation (global rating scale)"": 2,
        ""Comments"": ""Not very concise or clear communication\nSatisfactory""
      }
    },
    {
      ""respondent"": ""20"",
      ""answers"": {
        ""Date"": ""2025-05-16"",
        ""SessionName"": ""III (Sepsis)"",
        ""Identification"": 3,
        ""Situation"": 3,
        ""Background (history)"": 3,
        ""Background (examination)"": 2,
        ""Assessment"": 2,
        ""Recommendation (clear recommendation)"": 2,
        ""Recommendation (global rating scale)"": 2,
        ""Comments"": ""Clinical handover and communication skills, satisfactory\nNo panic, no arrest team\nSatisfactory""
      }
    }
  ]
}
</questionnaire>

<role>
You are a meticulous data analyst AI. Your primary function is to accurately analyze structured data and provide precise, verifiable answers.
</role>

<output>
Provide your final answer directly and concisely. Output must be the human-readable value, not an option code.

Rules:
- For MCQ fields, map any letter codes in the Responses (case-insensitive) to the corresponding option text from the Questions schema, and output only that text. Do NOT include the letter or both.
  Example: If the schema is ""[MCQ: A. Abnormal B. Inconclusive C. Normal]"" and the response is ""a"", output ""Abnormal"".
- For open-ended fields, output the exact text value.
- If the question asks for a count, provide only the number (e.g., ""42"").
- If the question asks for a list of names or IDs, provide a simple comma-separated list (e.g., ""17, 21, 23"").
- Preserve capitalization exactly as in the schema (e.g., output ""Abnormal"", not ""abnormal"" or ""A"").
</output>

<task>
What is the identification score for respondent 2?
</task>",,
case_6,answer_lookup,What is the session name for respondent 3?,"{
  ""questions"": {
    ""Date"": ""What is the date of the session? [Open-ended]"",
    ""SessionName"": ""What is the name of the session? [Open-ended]"",
    ""Identification"": ""Identification of self, role, and patient. [Rubric: 0 = Requires direct prompting, 1 = Introduces themselves but only after a hint, 2 = Introduces themselves but information is incomplete, 3 = Introduces themselves and information is complete]"",
    ""Situation"": ""Identifies the main problem(s). [Rubric: 0 = Unable to identify the main problem(s), 1 = Identifies the main problem(s) after extended prompting, 2 = Identifies the main problem(s) with fewer prompts needed, 3 = Identifies and prioritizes the main problem(s) unprompted]"",
    ""Background (history)"": ""Gives appropriate history. [Rubric: 0 = History is unstructured or non-relevant, 1 = Relevant history but frequent clarification needed, 2 = Relevant history with few further questions needed, 3 = Comprehensive focused history]"",
    ""Background (examination)"": ""Gives appropriate examination/observations. [Rubric: 0 = Observations are omitted or irrelevant, 1 = Observations reported but frequent clarification needed, 2 = Observations reported with few further questions needed, 3 = Comprehensive focused examination/observations]"",
    ""Assessment"": ""Makes logical assessment (correlates problem, history, exam, context). [Rubric: 0 = No logical assessment, 1 = Assessment only after extended questioning, 2 = Assessment after minimal questioning, 3 = Comprehensive logical assessment without questioning]"",
    ""Recommendation (clear recommendation)"": ""Makes a clear recommendation. [Rubric: 0 = No recommendation, 1 = Clear recommendation only after extended questioning, 2 = Clear recommendation after minimal questioning, 3 = Clear comprehensive recommendation without questioning]"",
    ""Recommendation (global rating scale)"": ""Global Rating Scale (GRS) - How confident am I that I received an accurate picture of the patient? [Rubric: 0 = Not at all confident, 1 = Confident but required extended questioning, 2 = Confident but required some further questioning, 3 = Confident and required little or no questioning]"",
    ""Comments"": ""Comments on the session. [Open-ended]""
  },
  ""responses"": [
    {
      ""respondent"": ""3"",
      ""answers"": {
        ""Date"": ""2025-03-14"",
        ""SessionName"": ""IV-Hypoglycemia"",
        ""Identification"": 3,
        ""Situation"": 3,
        ""Background (history)"": 2,
        ""Background (examination)"": 2,
        ""Assessment"": 3,
        ""Recommendation (clear recommendation)"": 1,
        ""Recommendation (global rating scale)"": 1,
        ""Comments"": ""Time: (2:36-2:53)\nLate response for considering consultation""
      }
    },
    {
      ""respondent"": ""22"",
      ""answers"": {
        ""Date"": ""2025-05-16"",
        ""SessionName"": ""IV (VT)"",
        ""Identification"": 3,
        ""Situation"": 3,
        ""Background (history)"": 3,
        ""Background (examination)"": 3,
        ""Assessment"": 2,
        ""Recommendation (clear recommendation)"": 2,
        ""Recommendation (global rating scale)"": 3,
        ""Comments"": ""Clear communication skills\nGood""
      }
    },
    {
      ""respondent"": ""2"",
      ""answers"": {
        ""Date"": ""2025-03-14"",
        ""SessionName"": ""II-Anaphylaxsis"",
        ""Identification"": 3,
        ""Situation"": 3,
        ""Background (history)"": 2,
        ""Background (examination)"": 2,
        ""Assessment"": 3,
        ""Recommendation (clear recommendation)"": 3,
        ""Recommendation (global rating scale)"": 3,
        ""Comments"": ""Time: (11:43-11:58)\nTalking to registrav could not summarize the condition of patient very clearly\nDID: Sepsis I Anaphylaxsis given by team""
      }
    }
  ]
}",IV-Hypoglycemia,"<example>
What is the session name for respondent 21?

DATA:

{
  ""questions"": {
    ""Date"": ""What is the date of the session? [Open-ended]"",
    ""SessionName"": ""What is the name of the session? [Open-ended]"",
    ""Identification"": ""Identification of self, role, and patient. [Rubric: 0 = Requires direct prompting, 1 = Introduces themselves but only after a hint, 2 = Introduces themselves but information is incomplete, 3 = Introduces themselves and information is complete]"",
    ""Situation"": ""Identifies the main problem(s). [Rubric: 0 = Unable to identify the main problem(s), 1 = Identifies the main problem(s) after extended prompting, 2 = Identifies the main problem(s) with fewer prompts needed, 3 = Identifies and prioritizes the main problem(s) unprompted]"",
    ""Background (history)"": ""Gives appropriate history. [Rubric: 0 = History is unstructured or non-relevant, 1 = Relevant history but frequent clarification needed, 2 = Relevant history with few further questions needed, 3 = Comprehensive focused history]"",
    ""Background (examination)"": ""Gives appropriate examination/observations. [Rubric: 0 = Observations are omitted or irrelevant, 1 = Observations reported but frequent clarification needed, 2 = Observations reported with few further questions needed, 3 = Comprehensive focused examination/observations]"",
    ""Assessment"": ""Makes logical assessment (correlates problem, history, exam, context). [Rubric: 0 = No logical assessment, 1 = Assessment only after extended questioning, 2 = Assessment after minimal questioning, 3 = Comprehensive logical assessment without questioning]"",
    ""Recommendation (clear recommendation)"": ""Makes a clear recommendation. [Rubric: 0 = No recommendation, 1 = Clear recommendation only after extended questioning, 2 = Clear recommendation after minimal questioning, 3 = Clear comprehensive recommendation without questioning]"",
    ""Recommendation (global rating scale)"": ""Global Rating Scale (GRS) - How confident am I that I received an accurate picture of the patient? [Rubric: 0 = Not at all confident, 1 = Confident but required extended questioning, 2 = Confident but required some further questioning, 3 = Confident and required little or no questioning]"",
    ""Comments"": ""Comments on the session. [Open-ended]""
  },
  ""responses"": [
    {
      ""respondent"": ""21"",
      ""answers"": {
        ""Date"": ""2025-05-16"",
        ""SessionName"": ""II (Anaphylaxsis)"",
        ""Identification"": 3,
        ""Situation"": 3,
        ""Background (history)"": 2,
        ""Background (examination)"": 2,
        ""Assessment"": 2,
        ""Recommendation (clear recommendation)"": 3,
        ""Recommendation (global rating scale)"": 2,
        ""Comments"": ""Overall a bit unclear communication reflected""
      }
    },
    {
      ""respondent"": ""17"",
      ""answers"": {
        ""Date"": ""2025-05-04"",
        ""SessionName"": ""IV - VT"",
        ""Identification"": 3,
        ""Situation"": 3,
        ""Background (history)"": 2,
        ""Background (examination)"": 2,
        ""Assessment"": 3,
        ""Recommendation (clear recommendation)"": 2,
        ""Recommendation (global rating scale)"": 2,
        ""Comments"": ""Not very concise or clear communication\nSatisfactory""
      }
    },
    {
      ""respondent"": ""23"",
      ""answers"": {
        ""Date"": ""2025-05-16"",
        ""SessionName"": ""I (Myocardial infarction)"",
        ""Identification"": 3,
        ""Situation"": 2,
        ""Background (history)"": 3,
        ""Background (examination)"": 1,
        ""Assessment"": 2,
        ""Recommendation (clear recommendation)"": 3,
        ""Recommendation (global rating scale)"": 3,
        ""Comments"": ""Diagnostic clarity is present\nGood and early assessment of condition is done""
      }
    }
  ]
}

Answer: II (Anaphylaxsis)
</example>

<questionnaire>
{
  ""questions"": {
    ""Date"": ""What is the date of the session? [Open-ended]"",
    ""SessionName"": ""What is the name of the session? [Open-ended]"",
    ""Identification"": ""Identification of self, role, and patient. [Rubric: 0 = Requires direct prompting, 1 = Introduces themselves but only after a hint, 2 = Introduces themselves but information is incomplete, 3 = Introduces themselves and information is complete]"",
    ""Situation"": ""Identifies the main problem(s). [Rubric: 0 = Unable to identify the main problem(s), 1 = Identifies the main problem(s) after extended prompting, 2 = Identifies the main problem(s) with fewer prompts needed, 3 = Identifies and prioritizes the main problem(s) unprompted]"",
    ""Background (history)"": ""Gives appropriate history. [Rubric: 0 = History is unstructured or non-relevant, 1 = Relevant history but frequent clarification needed, 2 = Relevant history with few further questions needed, 3 = Comprehensive focused history]"",
    ""Background (examination)"": ""Gives appropriate examination/observations. [Rubric: 0 = Observations are omitted or irrelevant, 1 = Observations reported but frequent clarification needed, 2 = Observations reported with few further questions needed, 3 = Comprehensive focused examination/observations]"",
    ""Assessment"": ""Makes logical assessment (correlates problem, history, exam, context). [Rubric: 0 = No logical assessment, 1 = Assessment only after extended questioning, 2 = Assessment after minimal questioning, 3 = Comprehensive logical assessment without questioning]"",
    ""Recommendation (clear recommendation)"": ""Makes a clear recommendation. [Rubric: 0 = No recommendation, 1 = Clear recommendation only after extended questioning, 2 = Clear recommendation after minimal questioning, 3 = Clear comprehensive recommendation without questioning]"",
    ""Recommendation (global rating scale)"": ""Global Rating Scale (GRS) - How confident am I that I received an accurate picture of the patient? [Rubric: 0 = Not at all confident, 1 = Confident but required extended questioning, 2 = Confident but required some further questioning, 3 = Confident and required little or no questioning]"",
    ""Comments"": ""Comments on the session. [Open-ended]""
  },
  ""responses"": [
    {
      ""respondent"": ""3"",
      ""answers"": {
        ""Date"": ""2025-03-14"",
        ""SessionName"": ""IV-Hypoglycemia"",
        ""Identification"": 3,
        ""Situation"": 3,
        ""Background (history)"": 2,
        ""Background (examination)"": 2,
        ""Assessment"": 3,
        ""Recommendation (clear recommendation)"": 1,
        ""Recommendation (global rating scale)"": 1,
        ""Comments"": ""Time: (2:36-2:53)\nLate response for considering consultation""
      }
    },
    {
      ""respondent"": ""22"",
      ""answers"": {
        ""Date"": ""2025-05-16"",
        ""SessionName"": ""IV (VT)"",
        ""Identification"": 3,
        ""Situation"": 3,
        ""Background (history)"": 3,
        ""Background (examination)"": 3,
        ""Assessment"": 2,
        ""Recommendation (clear recommendation)"": 2,
        ""Recommendation (global rating scale)"": 3,
        ""Comments"": ""Clear communication skills\nGood""
      }
    },
    {
      ""respondent"": ""2"",
      ""answers"": {
        ""Date"": ""2025-03-14"",
        ""SessionName"": ""II-Anaphylaxsis"",
        ""Identification"": 3,
        ""Situation"": 3,
        ""Background (history)"": 2,
        ""Background (examination)"": 2,
        ""Assessment"": 3,
        ""Recommendation (clear recommendation)"": 3,
        ""Recommendation (global rating scale)"": 3,
        ""Comments"": ""Time: (11:43-11:58)\nTalking to registrav could not summarize the condition of patient very clearly\nDID: Sepsis I Anaphylaxsis given by team""
      }
    }
  ]
}
</questionnaire>

<role>
You are a meticulous data analyst AI. Your primary function is to accurately analyze structured data and provide precise, verifiable answers.
</role>

<output>
Provide your final answer directly and concisely. Output must be the human-readable value, not an option code.

Rules:
- For MCQ fields, map any letter codes in the Responses (case-insensitive) to the corresponding option text from the Questions schema, and output only that text. Do NOT include the letter or both.
  Example: If the schema is ""[MCQ: A. Abnormal B. Inconclusive C. Normal]"" and the response is ""a"", output ""Abnormal"".
- For open-ended fields, output the exact text value.
- If the question asks for a count, provide only the number (e.g., ""42"").
- If the question asks for a list of names or IDs, provide a simple comma-separated list (e.g., ""17, 21, 23"").
- Preserve capitalization exactly as in the schema (e.g., output ""Abnormal"", not ""abnormal"" or ""A"").
</output>

<task>
What is the session name for respondent 3?
</task>",,
case_7,answer_lookup,What is the identification score for respondent 1?,"{
  ""questions"": {
    ""Date"": ""What is the date of the session? [Open-ended]"",
    ""SessionName"": ""What is the name of the session? [Open-ended]"",
    ""Identification"": ""Identification of self, role, and patient. [Rubric: 0 = Requires direct prompting, 1 = Introduces themselves but only after a hint, 2 = Introduces themselves but information is incomplete, 3 = Introduces themselves and information is complete]"",
    ""Situation"": ""Identifies the main problem(s). [Rubric: 0 = Unable to identify the main problem(s), 1 = Identifies the main problem(s) after extended prompting, 2 = Identifies the main problem(s) with fewer prompts needed, 3 = Identifies and prioritizes the main problem(s) unprompted]"",
    ""Background (history)"": ""Gives appropriate history. [Rubric: 0 = History is unstructured or non-relevant, 1 = Relevant history but frequent clarification needed, 2 = Relevant history with few further questions needed, 3 = Comprehensive focused history]"",
    ""Background (examination)"": ""Gives appropriate examination/observations. [Rubric: 0 = Observations are omitted or irrelevant, 1 = Observations reported but frequent clarification needed, 2 = Observations reported with few further questions needed, 3 = Comprehensive focused examination/observations]"",
    ""Assessment"": ""Makes logical assessment (correlates problem, history, exam, context). [Rubric: 0 = No logical assessment, 1 = Assessment only after extended questioning, 2 = Assessment after minimal questioning, 3 = Comprehensive logical assessment without questioning]"",
    ""Recommendation (clear recommendation)"": ""Makes a clear recommendation. [Rubric: 0 = No recommendation, 1 = Clear recommendation only after extended questioning, 2 = Clear recommendation after minimal questioning, 3 = Clear comprehensive recommendation without questioning]"",
    ""Recommendation (global rating scale)"": ""Global Rating Scale (GRS) - How confident am I that I received an accurate picture of the patient? [Rubric: 0 = Not at all confident, 1 = Confident but required extended questioning, 2 = Confident but required some further questioning, 3 = Confident and required little or no questioning]"",
    ""Comments"": ""Comments on the session. [Open-ended]""
  },
  ""responses"": [
    {
      ""respondent"": ""1"",
      ""answers"": {
        ""Date"": ""2025-03-14"",
        ""SessionName"": ""III-Sepsis"",
        ""Identification"": 3,
        ""Situation"": 3,
        ""Background (history)"": 2,
        ""Background (examination)"": 3,
        ""Assessment"": 2,
        ""Recommendation (clear recommendation)"": 2,
        ""Recommendation (global rating scale)"": 2,
        ""Comments"": ""Time: (1:00-1:17)""
      }
    },
    {
      ""respondent"": ""16"",
      ""answers"": {
        ""Date"": ""2025-05-04"",
        ""SessionName"": ""II - Anaphylaxsis"",
        ""Identification"": 3,
        ""Situation"": 3,
        ""Background (history)"": 3,
        ""Background (examination)"": 3,
        ""Assessment"": 3,
        ""Recommendation (clear recommendation)"": 2,
        ""Recommendation (global rating scale)"": 3,
        ""Comments"": ""Good clear and precise clinical handover\nGood""
      }
    },
    {
      ""respondent"": ""15"",
      ""answers"": {
        ""Date"": ""2025-05-04"",
        ""SessionName"": ""III - Sepsis"",
        ""Identification"": 3,
        ""Situation"": 3,
        ""Background (history)"": 2,
        ""Background (examination)"": 3,
        ""Assessment"": 2,
        ""Recommendation (clear recommendation)"": 2,
        ""Recommendation (global rating scale)"": 2,
        ""Comments"": ""Detailed Response - clear communication""
      }
    }
  ]
}",3,"<example>
What is the session name for respondent 21?

DATA:

{
  ""questions"": {
    ""Date"": ""What is the date of the session? [Open-ended]"",
    ""SessionName"": ""What is the name of the session? [Open-ended]"",
    ""Identification"": ""Identification of self, role, and patient. [Rubric: 0 = Requires direct prompting, 1 = Introduces themselves but only after a hint, 2 = Introduces themselves but information is incomplete, 3 = Introduces themselves and information is complete]"",
    ""Situation"": ""Identifies the main problem(s). [Rubric: 0 = Unable to identify the main problem(s), 1 = Identifies the main problem(s) after extended prompting, 2 = Identifies the main problem(s) with fewer prompts needed, 3 = Identifies and prioritizes the main problem(s) unprompted]"",
    ""Background (history)"": ""Gives appropriate history. [Rubric: 0 = History is unstructured or non-relevant, 1 = Relevant history but frequent clarification needed, 2 = Relevant history with few further questions needed, 3 = Comprehensive focused history]"",
    ""Background (examination)"": ""Gives appropriate examination/observations. [Rubric: 0 = Observations are omitted or irrelevant, 1 = Observations reported but frequent clarification needed, 2 = Observations reported with few further questions needed, 3 = Comprehensive focused examination/observations]"",
    ""Assessment"": ""Makes logical assessment (correlates problem, history, exam, context). [Rubric: 0 = No logical assessment, 1 = Assessment only after extended questioning, 2 = Assessment after minimal questioning, 3 = Comprehensive logical assessment without questioning]"",
    ""Recommendation (clear recommendation)"": ""Makes a clear recommendation. [Rubric: 0 = No recommendation, 1 = Clear recommendation only after extended questioning, 2 = Clear recommendation after minimal questioning, 3 = Clear comprehensive recommendation without questioning]"",
    ""Recommendation (global rating scale)"": ""Global Rating Scale (GRS) - How confident am I that I received an accurate picture of the patient? [Rubric: 0 = Not at all confident, 1 = Confident but required extended questioning, 2 = Confident but required some further questioning, 3 = Confident and required little or no questioning]"",
    ""Comments"": ""Comments on the session. [Open-ended]""
  },
  ""responses"": [
    {
      ""respondent"": ""21"",
      ""answers"": {
        ""Date"": ""2025-05-16"",
        ""SessionName"": ""II (Anaphylaxsis)"",
        ""Identification"": 3,
        ""Situation"": 3,
        ""Background (history)"": 2,
        ""Background (examination)"": 2,
        ""Assessment"": 2,
        ""Recommendation (clear recommendation)"": 3,
        ""Recommendation (global rating scale)"": 2,
        ""Comments"": ""Overall a bit unclear communication reflected""
      }
    },
    {
      ""respondent"": ""17"",
      ""answers"": {
        ""Date"": ""2025-05-04"",
        ""SessionName"": ""IV - VT"",
        ""Identification"": 3,
        ""Situation"": 3,
        ""Background (history)"": 2,
        ""Background (examination)"": 2,
        ""Assessment"": 3,
        ""Recommendation (clear recommendation)"": 2,
        ""Recommendation (global rating scale)"": 2,
        ""Comments"": ""Not very concise or clear communication\nSatisfactory""
      }
    },
    {
      ""respondent"": ""23"",
      ""answers"": {
        ""Date"": ""2025-05-16"",
        ""SessionName"": ""I (Myocardial infarction)"",
        ""Identification"": 3,
        ""Situation"": 2,
        ""Background (history)"": 3,
        ""Background (examination)"": 1,
        ""Assessment"": 2,
        ""Recommendation (clear recommendation)"": 3,
        ""Recommendation (global rating scale)"": 3,
        ""Comments"": ""Diagnostic clarity is present\nGood and early assessment of condition is done""
      }
    }
  ]
}

Answer: II (Anaphylaxsis)
</example>

<questionnaire>
{
  ""questions"": {
    ""Date"": ""What is the date of the session? [Open-ended]"",
    ""SessionName"": ""What is the name of the session? [Open-ended]"",
    ""Identification"": ""Identification of self, role, and patient. [Rubric: 0 = Requires direct prompting, 1 = Introduces themselves but only after a hint, 2 = Introduces themselves but information is incomplete, 3 = Introduces themselves and information is complete]"",
    ""Situation"": ""Identifies the main problem(s). [Rubric: 0 = Unable to identify the main problem(s), 1 = Identifies the main problem(s) after extended prompting, 2 = Identifies the main problem(s) with fewer prompts needed, 3 = Identifies and prioritizes the main problem(s) unprompted]"",
    ""Background (history)"": ""Gives appropriate history. [Rubric: 0 = History is unstructured or non-relevant, 1 = Relevant history but frequent clarification needed, 2 = Relevant history with few further questions needed, 3 = Comprehensive focused history]"",
    ""Background (examination)"": ""Gives appropriate examination/observations. [Rubric: 0 = Observations are omitted or irrelevant, 1 = Observations reported but frequent clarification needed, 2 = Observations reported with few further questions needed, 3 = Comprehensive focused examination/observations]"",
    ""Assessment"": ""Makes logical assessment (correlates problem, history, exam, context). [Rubric: 0 = No logical assessment, 1 = Assessment only after extended questioning, 2 = Assessment after minimal questioning, 3 = Comprehensive logical assessment without questioning]"",
    ""Recommendation (clear recommendation)"": ""Makes a clear recommendation. [Rubric: 0 = No recommendation, 1 = Clear recommendation only after extended questioning, 2 = Clear recommendation after minimal questioning, 3 = Clear comprehensive recommendation without questioning]"",
    ""Recommendation (global rating scale)"": ""Global Rating Scale (GRS) - How confident am I that I received an accurate picture of the patient? [Rubric: 0 = Not at all confident, 1 = Confident but required extended questioning, 2 = Confident but required some further questioning, 3 = Confident and required little or no questioning]"",
    ""Comments"": ""Comments on the session. [Open-ended]""
  },
  ""responses"": [
    {
      ""respondent"": ""1"",
      ""answers"": {
        ""Date"": ""2025-03-14"",
        ""SessionName"": ""III-Sepsis"",
        ""Identification"": 3,
        ""Situation"": 3,
        ""Background (history)"": 2,
        ""Background (examination)"": 3,
        ""Assessment"": 2,
        ""Recommendation (clear recommendation)"": 2,
        ""Recommendation (global rating scale)"": 2,
        ""Comments"": ""Time: (1:00-1:17)""
      }
    },
    {
      ""respondent"": ""16"",
      ""answers"": {
        ""Date"": ""2025-05-04"",
        ""SessionName"": ""II - Anaphylaxsis"",
        ""Identification"": 3,
        ""Situation"": 3,
        ""Background (history)"": 3,
        ""Background (examination)"": 3,
        ""Assessment"": 3,
        ""Recommendation (clear recommendation)"": 2,
        ""Recommendation (global rating scale)"": 3,
        ""Comments"": ""Good clear and precise clinical handover\nGood""
      }
    },
    {
      ""respondent"": ""15"",
      ""answers"": {
        ""Date"": ""2025-05-04"",
        ""SessionName"": ""III - Sepsis"",
        ""Identification"": 3,
        ""Situation"": 3,
        ""Background (history)"": 2,
        ""Background (examination)"": 3,
        ""Assessment"": 2,
        ""Recommendation (clear recommendation)"": 2,
        ""Recommendation (global rating scale)"": 2,
        ""Comments"": ""Detailed Response - clear communication""
      }
    }
  ]
}
</questionnaire>

<role>
You are a meticulous data analyst AI. Your primary function is to accurately analyze structured data and provide precise, verifiable answers.
</role>

<output>
Provide your final answer directly and concisely. Output must be the human-readable value, not an option code.

Rules:
- For MCQ fields, map any letter codes in the Responses (case-insensitive) to the corresponding option text from the Questions schema, and output only that text. Do NOT include the letter or both.
  Example: If the schema is ""[MCQ: A. Abnormal B. Inconclusive C. Normal]"" and the response is ""a"", output ""Abnormal"".
- For open-ended fields, output the exact text value.
- If the question asks for a count, provide only the number (e.g., ""42"").
- If the question asks for a list of names or IDs, provide a simple comma-separated list (e.g., ""17, 21, 23"").
- Preserve capitalization exactly as in the schema (e.g., output ""Abnormal"", not ""abnormal"" or ""A"").
</output>

<task>
What is the identification score for respondent 1?
</task>",,
case_8,answer_lookup,What is the session name for respondent 11?,"{
  ""questions"": {
    ""Date"": ""What is the date of the session? [Open-ended]"",
    ""SessionName"": ""What is the name of the session? [Open-ended]"",
    ""Identification"": ""Identification of self, role, and patient. [Rubric: 0 = Requires direct prompting, 1 = Introduces themselves but only after a hint, 2 = Introduces themselves but information is incomplete, 3 = Introduces themselves and information is complete]"",
    ""Situation"": ""Identifies the main problem(s). [Rubric: 0 = Unable to identify the main problem(s), 1 = Identifies the main problem(s) after extended prompting, 2 = Identifies the main problem(s) with fewer prompts needed, 3 = Identifies and prioritizes the main problem(s) unprompted]"",
    ""Background (history)"": ""Gives appropriate history. [Rubric: 0 = History is unstructured or non-relevant, 1 = Relevant history but frequent clarification needed, 2 = Relevant history with few further questions needed, 3 = Comprehensive focused history]"",
    ""Background (examination)"": ""Gives appropriate examination/observations. [Rubric: 0 = Observations are omitted or irrelevant, 1 = Observations reported but frequent clarification needed, 2 = Observations reported with few further questions needed, 3 = Comprehensive focused examination/observations]"",
    ""Assessment"": ""Makes logical assessment (correlates problem, history, exam, context). [Rubric: 0 = No logical assessment, 1 = Assessment only after extended questioning, 2 = Assessment after minimal questioning, 3 = Comprehensive logical assessment without questioning]"",
    ""Recommendation (clear recommendation)"": ""Makes a clear recommendation. [Rubric: 0 = No recommendation, 1 = Clear recommendation only after extended questioning, 2 = Clear recommendation after minimal questioning, 3 = Clear comprehensive recommendation without questioning]"",
    ""Recommendation (global rating scale)"": ""Global Rating Scale (GRS) - How confident am I that I received an accurate picture of the patient? [Rubric: 0 = Not at all confident, 1 = Confident but required extended questioning, 2 = Confident but required some further questioning, 3 = Confident and required little or no questioning]"",
    ""Comments"": ""Comments on the session. [Open-ended]""
  },
  ""responses"": [
    {
      ""respondent"": ""11"",
      ""answers"": {
        ""Date"": ""2025-05-02"",
        ""SessionName"": ""II (Anaphylaxis)"",
        ""Identification"": 3,
        ""Situation"": 3,
        ""Background (history)"": 3,
        ""Background (examination)"": 3,
        ""Assessment"": 2,
        ""Recommendation (clear recommendation)"": 3,
        ""Recommendation (global rating scale)"": 3,
        ""Comments"": ""Good""
      }
    },
    {
      ""respondent"": ""9"",
      ""answers"": {
        ""Date"": ""2025-04-04"",
        ""SessionName"": ""MI"",
        ""Identification"": 2,
        ""Situation"": 3,
        ""Background (history)"": 2,
        ""Background (examination)"": 3,
        ""Assessment"": 3,
        ""Recommendation (clear recommendation)"": 2,
        ""Recommendation (global rating scale)"": 2,
        ""Comments"": """"
      }
    },
    {
      ""respondent"": ""13"",
      ""answers"": {
        ""Date"": ""2025-05-02"",
        ""SessionName"": ""I - MI"",
        ""Identification"": 3,
        ""Situation"": 3,
        ""Background (history)"": 3,
        ""Background (examination)"": 3,
        ""Assessment"": 3,
        ""Recommendation (clear recommendation)"": 2,
        ""Recommendation (global rating scale)"": 3,
        ""Comments"": ""Consent denied for video recordings\nSatisfactory""
      }
    }
  ]
}",II (Anaphylaxis),"<example>
What is the session name for respondent 21?

DATA:

{
  ""questions"": {
    ""Date"": ""What is the date of the session? [Open-ended]"",
    ""SessionName"": ""What is the name of the session? [Open-ended]"",
    ""Identification"": ""Identification of self, role, and patient. [Rubric: 0 = Requires direct prompting, 1 = Introduces themselves but only after a hint, 2 = Introduces themselves but information is incomplete, 3 = Introduces themselves and information is complete]"",
    ""Situation"": ""Identifies the main problem(s). [Rubric: 0 = Unable to identify the main problem(s), 1 = Identifies the main problem(s) after extended prompting, 2 = Identifies the main problem(s) with fewer prompts needed, 3 = Identifies and prioritizes the main problem(s) unprompted]"",
    ""Background (history)"": ""Gives appropriate history. [Rubric: 0 = History is unstructured or non-relevant, 1 = Relevant history but frequent clarification needed, 2 = Relevant history with few further questions needed, 3 = Comprehensive focused history]"",
    ""Background (examination)"": ""Gives appropriate examination/observations. [Rubric: 0 = Observations are omitted or irrelevant, 1 = Observations reported but frequent clarification needed, 2 = Observations reported with few further questions needed, 3 = Comprehensive focused examination/observations]"",
    ""Assessment"": ""Makes logical assessment (correlates problem, history, exam, context). [Rubric: 0 = No logical assessment, 1 = Assessment only after extended questioning, 2 = Assessment after minimal questioning, 3 = Comprehensive logical assessment without questioning]"",
    ""Recommendation (clear recommendation)"": ""Makes a clear recommendation. [Rubric: 0 = No recommendation, 1 = Clear recommendation only after extended questioning, 2 = Clear recommendation after minimal questioning, 3 = Clear comprehensive recommendation without questioning]"",
    ""Recommendation (global rating scale)"": ""Global Rating Scale (GRS) - How confident am I that I received an accurate picture of the patient? [Rubric: 0 = Not at all confident, 1 = Confident but required extended questioning, 2 = Confident but required some further questioning, 3 = Confident and required little or no questioning]"",
    ""Comments"": ""Comments on the session. [Open-ended]""
  },
  ""responses"": [
    {
      ""respondent"": ""21"",
      ""answers"": {
        ""Date"": ""2025-05-16"",
        ""SessionName"": ""II (Anaphylaxsis)"",
        ""Identification"": 3,
        ""Situation"": 3,
        ""Background (history)"": 2,
        ""Background (examination)"": 2,
        ""Assessment"": 2,
        ""Recommendation (clear recommendation)"": 3,
        ""Recommendation (global rating scale)"": 2,
        ""Comments"": ""Overall a bit unclear communication reflected""
      }
    },
    {
      ""respondent"": ""17"",
      ""answers"": {
        ""Date"": ""2025-05-04"",
        ""SessionName"": ""IV - VT"",
        ""Identification"": 3,
        ""Situation"": 3,
        ""Background (history)"": 2,
        ""Background (examination)"": 2,
        ""Assessment"": 3,
        ""Recommendation (clear recommendation)"": 2,
        ""Recommendation (global rating scale)"": 2,
        ""Comments"": ""Not very concise or clear communication\nSatisfactory""
      }
    },
    {
      ""respondent"": ""23"",
      ""answers"": {
        ""Date"": ""2025-05-16"",
        ""SessionName"": ""I (Myocardial infarction)"",
        ""Identification"": 3,
        ""Situation"": 2,
        ""Background (history)"": 3,
        ""Background (examination)"": 1,
        ""Assessment"": 2,
        ""Recommendation (clear recommendation)"": 3,
        ""Recommendation (global rating scale)"": 3,
        ""Comments"": ""Diagnostic clarity is present\nGood and early assessment of condition is done""
      }
    }
  ]
}

Answer: II (Anaphylaxsis)
</example>

<questionnaire>
{
  ""questions"": {
    ""Date"": ""What is the date of the session? [Open-ended]"",
    ""SessionName"": ""What is the name of the session? [Open-ended]"",
    ""Identification"": ""Identification of self, role, and patient. [Rubric: 0 = Requires direct prompting, 1 = Introduces themselves but only after a hint, 2 = Introduces themselves but information is incomplete, 3 = Introduces themselves and information is complete]"",
    ""Situation"": ""Identifies the main problem(s). [Rubric: 0 = Unable to identify the main problem(s), 1 = Identifies the main problem(s) after extended prompting, 2 = Identifies the main problem(s) with fewer prompts needed, 3 = Identifies and prioritizes the main problem(s) unprompted]"",
    ""Background (history)"": ""Gives appropriate history. [Rubric: 0 = History is unstructured or non-relevant, 1 = Relevant history but frequent clarification needed, 2 = Relevant history with few further questions needed, 3 = Comprehensive focused history]"",
    ""Background (examination)"": ""Gives appropriate examination/observations. [Rubric: 0 = Observations are omitted or irrelevant, 1 = Observations reported but frequent clarification needed, 2 = Observations reported with few further questions needed, 3 = Comprehensive focused examination/observations]"",
    ""Assessment"": ""Makes logical assessment (correlates problem, history, exam, context). [Rubric: 0 = No logical assessment, 1 = Assessment only after extended questioning, 2 = Assessment after minimal questioning, 3 = Comprehensive logical assessment without questioning]"",
    ""Recommendation (clear recommendation)"": ""Makes a clear recommendation. [Rubric: 0 = No recommendation, 1 = Clear recommendation only after extended questioning, 2 = Clear recommendation after minimal questioning, 3 = Clear comprehensive recommendation without questioning]"",
    ""Recommendation (global rating scale)"": ""Global Rating Scale (GRS) - How confident am I that I received an accurate picture of the patient? [Rubric: 0 = Not at all confident, 1 = Confident but required extended questioning, 2 = Confident but required some further questioning, 3 = Confident and required little or no questioning]"",
    ""Comments"": ""Comments on the session. [Open-ended]""
  },
  ""responses"": [
    {
      ""respondent"": ""11"",
      ""answers"": {
        ""Date"": ""2025-05-02"",
        ""SessionName"": ""II (Anaphylaxis)"",
        ""Identification"": 3,
        ""Situation"": 3,
        ""Background (history)"": 3,
        ""Background (examination)"": 3,
        ""Assessment"": 2,
        ""Recommendation (clear recommendation)"": 3,
        ""Recommendation (global rating scale)"": 3,
        ""Comments"": ""Good""
      }
    },
    {
      ""respondent"": ""9"",
      ""answers"": {
        ""Date"": ""2025-04-04"",
        ""SessionName"": ""MI"",
        ""Identification"": 2,
        ""Situation"": 3,
        ""Background (history)"": 2,
        ""Background (examination)"": 3,
        ""Assessment"": 3,
        ""Recommendation (clear recommendation)"": 2,
        ""Recommendation (global rating scale)"": 2,
        ""Comments"": """"
      }
    },
    {
      ""respondent"": ""13"",
      ""answers"": {
        ""Date"": ""2025-05-02"",
        ""SessionName"": ""I - MI"",
        ""Identification"": 3,
        ""Situation"": 3,
        ""Background (history)"": 3,
        ""Background (examination)"": 3,
        ""Assessment"": 3,
        ""Recommendation (clear recommendation)"": 2,
        ""Recommendation (global rating scale)"": 3,
        ""Comments"": ""Consent denied for video recordings\nSatisfactory""
      }
    }
  ]
}
</questionnaire>

<role>
You are a meticulous data analyst AI. Your primary function is to accurately analyze structured data and provide precise, verifiable answers.
</role>

<output>
Provide your final answer directly and concisely. Output must be the human-readable value, not an option code.

Rules:
- For MCQ fields, map any letter codes in the Responses (case-insensitive) to the corresponding option text from the Questions schema, and output only that text. Do NOT include the letter or both.
  Example: If the schema is ""[MCQ: A. Abnormal B. Inconclusive C. Normal]"" and the response is ""a"", output ""Abnormal"".
- For open-ended fields, output the exact text value.
- If the question asks for a count, provide only the number (e.g., ""42"").
- If the question asks for a list of names or IDs, provide a simple comma-separated list (e.g., ""17, 21, 23"").
- Preserve capitalization exactly as in the schema (e.g., output ""Abnormal"", not ""abnormal"" or ""A"").
</output>

<task>
What is the session name for respondent 11?
</task>",,
case_9,answer_lookup,What is the identification score for respondent 5?,"{
  ""questions"": {
    ""Date"": ""What is the date of the session? [Open-ended]"",
    ""SessionName"": ""What is the name of the session? [Open-ended]"",
    ""Identification"": ""Identification of self, role, and patient. [Rubric: 0 = Requires direct prompting, 1 = Introduces themselves but only after a hint, 2 = Introduces themselves but information is incomplete, 3 = Introduces themselves and information is complete]"",
    ""Situation"": ""Identifies the main problem(s). [Rubric: 0 = Unable to identify the main problem(s), 1 = Identifies the main problem(s) after extended prompting, 2 = Identifies the main problem(s) with fewer prompts needed, 3 = Identifies and prioritizes the main problem(s) unprompted]"",
    ""Background (history)"": ""Gives appropriate history. [Rubric: 0 = History is unstructured or non-relevant, 1 = Relevant history but frequent clarification needed, 2 = Relevant history with few further questions needed, 3 = Comprehensive focused history]"",
    ""Background (examination)"": ""Gives appropriate examination/observations. [Rubric: 0 = Observations are omitted or irrelevant, 1 = Observations reported but frequent clarification needed, 2 = Observations reported with few further questions needed, 3 = Comprehensive focused examination/observations]"",
    ""Assessment"": ""Makes logical assessment (correlates problem, history, exam, context). [Rubric: 0 = No logical assessment, 1 = Assessment only after extended questioning, 2 = Assessment after minimal questioning, 3 = Comprehensive logical assessment without questioning]"",
    ""Recommendation (clear recommendation)"": ""Makes a clear recommendation. [Rubric: 0 = No recommendation, 1 = Clear recommendation only after extended questioning, 2 = Clear recommendation after minimal questioning, 3 = Clear comprehensive recommendation without questioning]"",
    ""Recommendation (global rating scale)"": ""Global Rating Scale (GRS) - How confident am I that I received an accurate picture of the patient? [Rubric: 0 = Not at all confident, 1 = Confident but required extended questioning, 2 = Confident but required some further questioning, 3 = Confident and required little or no questioning]"",
    ""Comments"": ""Comments on the session. [Open-ended]""
  },
  ""responses"": [
    {
      ""respondent"": ""5"",
      ""answers"": {
        ""Date"": ""2025-03-14"",
        ""SessionName"": ""(MI)-VT"",
        ""Identification"": 0,
        ""Situation"": 2,
        ""Background (history)"": 2,
        ""Background (examination)"": 2,
        ""Assessment"": 2,
        ""Recommendation (clear recommendation)"": 2,
        ""Recommendation (global rating scale)"": 2,
        ""Comments"": ""Time: (15:53-16:14)""
      }
    },
    {
      ""respondent"": ""2"",
      ""answers"": {
        ""Date"": ""2025-03-14"",
        ""SessionName"": ""II-Anaphylaxsis"",
        ""Identification"": 3,
        ""Situation"": 3,
        ""Background (history)"": 2,
        ""Background (examination)"": 2,
        ""Assessment"": 3,
        ""Recommendation (clear recommendation)"": 3,
        ""Recommendation (global rating scale)"": 3,
        ""Comments"": ""Time: (11:43-11:58)\nTalking to registrav could not summarize the condition of patient very clearly\nDID: Sepsis I Anaphylaxsis given by team""
      }
    },
    {
      ""respondent"": ""18"",
      ""answers"": {
        ""Date"": ""2025-05-04"",
        ""SessionName"": ""I - MI"",
        ""Identification"": 3,
        ""Situation"": 3,
        ""Background (history)"": 3,
        ""Background (examination)"": 3,
        ""Assessment"": 2,
        ""Recommendation (clear recommendation)"": 3,
        ""Recommendation (global rating scale)"": 2,
        ""Comments"": ""Wrong CPR position\nClarity is a bit low over whole case scenario\nSatisfactory""
      }
    }
  ]
}",0,"<example>
What is the session name for respondent 21?

DATA:

{
  ""questions"": {
    ""Date"": ""What is the date of the session? [Open-ended]"",
    ""SessionName"": ""What is the name of the session? [Open-ended]"",
    ""Identification"": ""Identification of self, role, and patient. [Rubric: 0 = Requires direct prompting, 1 = Introduces themselves but only after a hint, 2 = Introduces themselves but information is incomplete, 3 = Introduces themselves and information is complete]"",
    ""Situation"": ""Identifies the main problem(s). [Rubric: 0 = Unable to identify the main problem(s), 1 = Identifies the main problem(s) after extended prompting, 2 = Identifies the main problem(s) with fewer prompts needed, 3 = Identifies and prioritizes the main problem(s) unprompted]"",
    ""Background (history)"": ""Gives appropriate history. [Rubric: 0 = History is unstructured or non-relevant, 1 = Relevant history but frequent clarification needed, 2 = Relevant history with few further questions needed, 3 = Comprehensive focused history]"",
    ""Background (examination)"": ""Gives appropriate examination/observations. [Rubric: 0 = Observations are omitted or irrelevant, 1 = Observations reported but frequent clarification needed, 2 = Observations reported with few further questions needed, 3 = Comprehensive focused examination/observations]"",
    ""Assessment"": ""Makes logical assessment (correlates problem, history, exam, context). [Rubric: 0 = No logical assessment, 1 = Assessment only after extended questioning, 2 = Assessment after minimal questioning, 3 = Comprehensive logical assessment without questioning]"",
    ""Recommendation (clear recommendation)"": ""Makes a clear recommendation. [Rubric: 0 = No recommendation, 1 = Clear recommendation only after extended questioning, 2 = Clear recommendation after minimal questioning, 3 = Clear comprehensive recommendation without questioning]"",
    ""Recommendation (global rating scale)"": ""Global Rating Scale (GRS) - How confident am I that I received an accurate picture of the patient? [Rubric: 0 = Not at all confident, 1 = Confident but required extended questioning, 2 = Confident but required some further questioning, 3 = Confident and required little or no questioning]"",
    ""Comments"": ""Comments on the session. [Open-ended]""
  },
  ""responses"": [
    {
      ""respondent"": ""21"",
      ""answers"": {
        ""Date"": ""2025-05-16"",
        ""SessionName"": ""II (Anaphylaxsis)"",
        ""Identification"": 3,
        ""Situation"": 3,
        ""Background (history)"": 2,
        ""Background (examination)"": 2,
        ""Assessment"": 2,
        ""Recommendation (clear recommendation)"": 3,
        ""Recommendation (global rating scale)"": 2,
        ""Comments"": ""Overall a bit unclear communication reflected""
      }
    },
    {
      ""respondent"": ""17"",
      ""answers"": {
        ""Date"": ""2025-05-04"",
        ""SessionName"": ""IV - VT"",
        ""Identification"": 3,
        ""Situation"": 3,
        ""Background (history)"": 2,
        ""Background (examination)"": 2,
        ""Assessment"": 3,
        ""Recommendation (clear recommendation)"": 2,
        ""Recommendation (global rating scale)"": 2,
        ""Comments"": ""Not very concise or clear communication\nSatisfactory""
      }
    },
    {
      ""respondent"": ""23"",
      ""answers"": {
        ""Date"": ""2025-05-16"",
        ""SessionName"": ""I (Myocardial infarction)"",
        ""Identification"": 3,
        ""Situation"": 2,
        ""Background (history)"": 3,
        ""Background (examination)"": 1,
        ""Assessment"": 2,
        ""Recommendation (clear recommendation)"": 3,
        ""Recommendation (global rating scale)"": 3,
        ""Comments"": ""Diagnostic clarity is present\nGood and early assessment of condition is done""
      }
    }
  ]
}

Answer: II (Anaphylaxsis)
</example>

<questionnaire>
{
  ""questions"": {
    ""Date"": ""What is the date of the session? [Open-ended]"",
    ""SessionName"": ""What is the name of the session? [Open-ended]"",
    ""Identification"": ""Identification of self, role, and patient. [Rubric: 0 = Requires direct prompting, 1 = Introduces themselves but only after a hint, 2 = Introduces themselves but information is incomplete, 3 = Introduces themselves and information is complete]"",
    ""Situation"": ""Identifies the main problem(s). [Rubric: 0 = Unable to identify the main problem(s), 1 = Identifies the main problem(s) after extended prompting, 2 = Identifies the main problem(s) with fewer prompts needed, 3 = Identifies and prioritizes the main problem(s) unprompted]"",
    ""Background (history)"": ""Gives appropriate history. [Rubric: 0 = History is unstructured or non-relevant, 1 = Relevant history but frequent clarification needed, 2 = Relevant history with few further questions needed, 3 = Comprehensive focused history]"",
    ""Background (examination)"": ""Gives appropriate examination/observations. [Rubric: 0 = Observations are omitted or irrelevant, 1 = Observations reported but frequent clarification needed, 2 = Observations reported with few further questions needed, 3 = Comprehensive focused examination/observations]"",
    ""Assessment"": ""Makes logical assessment (correlates problem, history, exam, context). [Rubric: 0 = No logical assessment, 1 = Assessment only after extended questioning, 2 = Assessment after minimal questioning, 3 = Comprehensive logical assessment without questioning]"",
    ""Recommendation (clear recommendation)"": ""Makes a clear recommendation. [Rubric: 0 = No recommendation, 1 = Clear recommendation only after extended questioning, 2 = Clear recommendation after minimal questioning, 3 = Clear comprehensive recommendation without questioning]"",
    ""Recommendation (global rating scale)"": ""Global Rating Scale (GRS) - How confident am I that I received an accurate picture of the patient? [Rubric: 0 = Not at all confident, 1 = Confident but required extended questioning, 2 = Confident but required some further questioning, 3 = Confident and required little or no questioning]"",
    ""Comments"": ""Comments on the session. [Open-ended]""
  },
  ""responses"": [
    {
      ""respondent"": ""5"",
      ""answers"": {
        ""Date"": ""2025-03-14"",
        ""SessionName"": ""(MI)-VT"",
        ""Identification"": 0,
        ""Situation"": 2,
        ""Background (history)"": 2,
        ""Background (examination)"": 2,
        ""Assessment"": 2,
        ""Recommendation (clear recommendation)"": 2,
        ""Recommendation (global rating scale)"": 2,
        ""Comments"": ""Time: (15:53-16:14)""
      }
    },
    {
      ""respondent"": ""2"",
      ""answers"": {
        ""Date"": ""2025-03-14"",
        ""SessionName"": ""II-Anaphylaxsis"",
        ""Identification"": 3,
        ""Situation"": 3,
        ""Background (history)"": 2,
        ""Background (examination)"": 2,
        ""Assessment"": 3,
        ""Recommendation (clear recommendation)"": 3,
        ""Recommendation (global rating scale)"": 3,
        ""Comments"": ""Time: (11:43-11:58)\nTalking to registrav could not summarize the condition of patient very clearly\nDID: Sepsis I Anaphylaxsis given by team""
      }
    },
    {
      ""respondent"": ""18"",
      ""answers"": {
        ""Date"": ""2025-05-04"",
        ""SessionName"": ""I - MI"",
        ""Identification"": 3,
        ""Situation"": 3,
        ""Background (history)"": 3,
        ""Background (examination)"": 3,
        ""Assessment"": 2,
        ""Recommendation (clear recommendation)"": 3,
        ""Recommendation (global rating scale)"": 2,
        ""Comments"": ""Wrong CPR position\nClarity is a bit low over whole case scenario\nSatisfactory""
      }
    }
  ]
}
</questionnaire>

<role>
You are a meticulous data analyst AI. Your primary function is to accurately analyze structured data and provide precise, verifiable answers.
</role>

<output>
Provide your final answer directly and concisely. Output must be the human-readable value, not an option code.

Rules:
- For MCQ fields, map any letter codes in the Responses (case-insensitive) to the corresponding option text from the Questions schema, and output only that text. Do NOT include the letter or both.
  Example: If the schema is ""[MCQ: A. Abnormal B. Inconclusive C. Normal]"" and the response is ""a"", output ""Abnormal"".
- For open-ended fields, output the exact text value.
- If the question asks for a count, provide only the number (e.g., ""42"").
- If the question asks for a list of names or IDs, provide a simple comma-separated list (e.g., ""17, 21, 23"").
- Preserve capitalization exactly as in the schema (e.g., output ""Abnormal"", not ""abnormal"" or ""A"").
</output>

<task>
What is the identification score for respondent 5?
</task>",,
case_10,answer_lookup,What is the global rating score for respondent 20?,"{
  ""questions"": {
    ""Date"": ""What is the date of the session? [Open-ended]"",
    ""SessionName"": ""What is the name of the session? [Open-ended]"",
    ""Identification"": ""Identification of self, role, and patient. [Rubric: 0 = Requires direct prompting, 1 = Introduces themselves but only after a hint, 2 = Introduces themselves but information is incomplete, 3 = Introduces themselves and information is complete]"",
    ""Situation"": ""Identifies the main problem(s). [Rubric: 0 = Unable to identify the main problem(s), 1 = Identifies the main problem(s) after extended prompting, 2 = Identifies the main problem(s) with fewer prompts needed, 3 = Identifies and prioritizes the main problem(s) unprompted]"",
    ""Background (history)"": ""Gives appropriate history. [Rubric: 0 = History is unstructured or non-relevant, 1 = Relevant history but frequent clarification needed, 2 = Relevant history with few further questions needed, 3 = Comprehensive focused history]"",
    ""Background (examination)"": ""Gives appropriate examination/observations. [Rubric: 0 = Observations are omitted or irrelevant, 1 = Observations reported but frequent clarification needed, 2 = Observations reported with few further questions needed, 3 = Comprehensive focused examination/observations]"",
    ""Assessment"": ""Makes logical assessment (correlates problem, history, exam, context). [Rubric: 0 = No logical assessment, 1 = Assessment only after extended questioning, 2 = Assessment after minimal questioning, 3 = Comprehensive logical assessment without questioning]"",
    ""Recommendation (clear recommendation)"": ""Makes a clear recommendation. [Rubric: 0 = No recommendation, 1 = Clear recommendation only after extended questioning, 2 = Clear recommendation after minimal questioning, 3 = Clear comprehensive recommendation without questioning]"",
    ""Recommendation (global rating scale)"": ""Global Rating Scale (GRS) - How confident am I that I received an accurate picture of the patient? [Rubric: 0 = Not at all confident, 1 = Confident but required extended questioning, 2 = Confident but required some further questioning, 3 = Confident and required little or no questioning]"",
    ""Comments"": ""Comments on the session. [Open-ended]""
  },
  ""responses"": [
    {
      ""respondent"": ""20"",
      ""answers"": {
        ""Date"": ""2025-05-16"",
        ""SessionName"": ""III (Sepsis)"",
        ""Identification"": 3,
        ""Situation"": 3,
        ""Background (history)"": 3,
        ""Background (examination)"": 2,
        ""Assessment"": 2,
        ""Recommendation (clear recommendation)"": 2,
        ""Recommendation (global rating scale)"": 2,
        ""Comments"": ""Clinical handover and communication skills, satisfactory\nNo panic, no arrest team\nSatisfactory""
      }
    },
    {
      ""respondent"": ""4"",
      ""answers"": {
        ""Date"": ""2025-03-14"",
        ""SessionName"": ""I-VF"",
        ""Identification"": 3,
        ""Situation"": 3,
        ""Background (history)"": 2,
        ""Background (examination)"": 1,
        ""Assessment"": 2,
        ""Recommendation (clear recommendation)"": 2,
        ""Recommendation (global rating scale)"": 2,
        ""Comments"": ""Time: (10:29-10:54)\nVentricular fibrillation (CVS)\nLack of communication btween 2 main interns\nFurther brief to patient, ask patent concerns""
      }
    },
    {
      ""respondent"": ""5"",
      ""answers"": {
        ""Date"": ""2025-03-14"",
        ""SessionName"": ""(MI)-VT"",
        ""Identification"": 0,
        ""Situation"": 2,
        ""Background (history)"": 2,
        ""Background (examination)"": 2,
        ""Assessment"": 2,
        ""Recommendation (clear recommendation)"": 2,
        ""Recommendation (global rating scale)"": 2,
        ""Comments"": ""Time: (15:53-16:14)""
      }
    }
  ]
}",2,"<example>
What is the session name for respondent 21?

DATA:

{
  ""questions"": {
    ""Date"": ""What is the date of the session? [Open-ended]"",
    ""SessionName"": ""What is the name of the session? [Open-ended]"",
    ""Identification"": ""Identification of self, role, and patient. [Rubric: 0 = Requires direct prompting, 1 = Introduces themselves but only after a hint, 2 = Introduces themselves but information is incomplete, 3 = Introduces themselves and information is complete]"",
    ""Situation"": ""Identifies the main problem(s). [Rubric: 0 = Unable to identify the main problem(s), 1 = Identifies the main problem(s) after extended prompting, 2 = Identifies the main problem(s) with fewer prompts needed, 3 = Identifies and prioritizes the main problem(s) unprompted]"",
    ""Background (history)"": ""Gives appropriate history. [Rubric: 0 = History is unstructured or non-relevant, 1 = Relevant history but frequent clarification needed, 2 = Relevant history with few further questions needed, 3 = Comprehensive focused history]"",
    ""Background (examination)"": ""Gives appropriate examination/observations. [Rubric: 0 = Observations are omitted or irrelevant, 1 = Observations reported but frequent clarification needed, 2 = Observations reported with few further questions needed, 3 = Comprehensive focused examination/observations]"",
    ""Assessment"": ""Makes logical assessment (correlates problem, history, exam, context). [Rubric: 0 = No logical assessment, 1 = Assessment only after extended questioning, 2 = Assessment after minimal questioning, 3 = Comprehensive logical assessment without questioning]"",
    ""Recommendation (clear recommendation)"": ""Makes a clear recommendation. [Rubric: 0 = No recommendation, 1 = Clear recommendation only after extended questioning, 2 = Clear recommendation after minimal questioning, 3 = Clear comprehensive recommendation without questioning]"",
    ""Recommendation (global rating scale)"": ""Global Rating Scale (GRS) - How confident am I that I received an accurate picture of the patient? [Rubric: 0 = Not at all confident, 1 = Confident but required extended questioning, 2 = Confident but required some further questioning, 3 = Confident and required little or no questioning]"",
    ""Comments"": ""Comments on the session. [Open-ended]""
  },
  ""responses"": [
    {
      ""respondent"": ""21"",
      ""answers"": {
        ""Date"": ""2025-05-16"",
        ""SessionName"": ""II (Anaphylaxsis)"",
        ""Identification"": 3,
        ""Situation"": 3,
        ""Background (history)"": 2,
        ""Background (examination)"": 2,
        ""Assessment"": 2,
        ""Recommendation (clear recommendation)"": 3,
        ""Recommendation (global rating scale)"": 2,
        ""Comments"": ""Overall a bit unclear communication reflected""
      }
    },
    {
      ""respondent"": ""17"",
      ""answers"": {
        ""Date"": ""2025-05-04"",
        ""SessionName"": ""IV - VT"",
        ""Identification"": 3,
        ""Situation"": 3,
        ""Background (history)"": 2,
        ""Background (examination)"": 2,
        ""Assessment"": 3,
        ""Recommendation (clear recommendation)"": 2,
        ""Recommendation (global rating scale)"": 2,
        ""Comments"": ""Not very concise or clear communication\nSatisfactory""
      }
    },
    {
      ""respondent"": ""23"",
      ""answers"": {
        ""Date"": ""2025-05-16"",
        ""SessionName"": ""I (Myocardial infarction)"",
        ""Identification"": 3,
        ""Situation"": 2,
        ""Background (history)"": 3,
        ""Background (examination)"": 1,
        ""Assessment"": 2,
        ""Recommendation (clear recommendation)"": 3,
        ""Recommendation (global rating scale)"": 3,
        ""Comments"": ""Diagnostic clarity is present\nGood and early assessment of condition is done""
      }
    }
  ]
}

Answer: II (Anaphylaxsis)
</example>

<questionnaire>
{
  ""questions"": {
    ""Date"": ""What is the date of the session? [Open-ended]"",
    ""SessionName"": ""What is the name of the session? [Open-ended]"",
    ""Identification"": ""Identification of self, role, and patient. [Rubric: 0 = Requires direct prompting, 1 = Introduces themselves but only after a hint, 2 = Introduces themselves but information is incomplete, 3 = Introduces themselves and information is complete]"",
    ""Situation"": ""Identifies the main problem(s). [Rubric: 0 = Unable to identify the main problem(s), 1 = Identifies the main problem(s) after extended prompting, 2 = Identifies the main problem(s) with fewer prompts needed, 3 = Identifies and prioritizes the main problem(s) unprompted]"",
    ""Background (history)"": ""Gives appropriate history. [Rubric: 0 = History is unstructured or non-relevant, 1 = Relevant history but frequent clarification needed, 2 = Relevant history with few further questions needed, 3 = Comprehensive focused history]"",
    ""Background (examination)"": ""Gives appropriate examination/observations. [Rubric: 0 = Observations are omitted or irrelevant, 1 = Observations reported but frequent clarification needed, 2 = Observations reported with few further questions needed, 3 = Comprehensive focused examination/observations]"",
    ""Assessment"": ""Makes logical assessment (correlates problem, history, exam, context). [Rubric: 0 = No logical assessment, 1 = Assessment only after extended questioning, 2 = Assessment after minimal questioning, 3 = Comprehensive logical assessment without questioning]"",
    ""Recommendation (clear recommendation)"": ""Makes a clear recommendation. [Rubric: 0 = No recommendation, 1 = Clear recommendation only after extended questioning, 2 = Clear recommendation after minimal questioning, 3 = Clear comprehensive recommendation without questioning]"",
    ""Recommendation (global rating scale)"": ""Global Rating Scale (GRS) - How confident am I that I received an accurate picture of the patient? [Rubric: 0 = Not at all confident, 1 = Confident but required extended questioning, 2 = Confident but required some further questioning, 3 = Confident and required little or no questioning]"",
    ""Comments"": ""Comments on the session. [Open-ended]""
  },
  ""responses"": [
    {
      ""respondent"": ""20"",
      ""answers"": {
        ""Date"": ""2025-05-16"",
        ""SessionName"": ""III (Sepsis)"",
        ""Identification"": 3,
        ""Situation"": 3,
        ""Background (history)"": 3,
        ""Background (examination)"": 2,
        ""Assessment"": 2,
        ""Recommendation (clear recommendation)"": 2,
        ""Recommendation (global rating scale)"": 2,
        ""Comments"": ""Clinical handover and communication skills, satisfactory\nNo panic, no arrest team\nSatisfactory""
      }
    },
    {
      ""respondent"": ""4"",
      ""answers"": {
        ""Date"": ""2025-03-14"",
        ""SessionName"": ""I-VF"",
        ""Identification"": 3,
        ""Situation"": 3,
        ""Background (history)"": 2,
        ""Background (examination)"": 1,
        ""Assessment"": 2,
        ""Recommendation (clear recommendation)"": 2,
        ""Recommendation (global rating scale)"": 2,
        ""Comments"": ""Time: (10:29-10:54)\nVentricular fibrillation (CVS)\nLack of communication btween 2 main interns\nFurther brief to patient, ask patent concerns""
      }
    },
    {
      ""respondent"": ""5"",
      ""answers"": {
        ""Date"": ""2025-03-14"",
        ""SessionName"": ""(MI)-VT"",
        ""Identification"": 0,
        ""Situation"": 2,
        ""Background (history)"": 2,
        ""Background (examination)"": 2,
        ""Assessment"": 2,
        ""Recommendation (clear recommendation)"": 2,
        ""Recommendation (global rating scale)"": 2,
        ""Comments"": ""Time: (15:53-16:14)""
      }
    }
  ]
}
</questionnaire>

<role>
You are a meticulous data analyst AI. Your primary function is to accurately analyze structured data and provide precise, verifiable answers.
</role>

<output>
Provide your final answer directly and concisely. Output must be the human-readable value, not an option code.

Rules:
- For MCQ fields, map any letter codes in the Responses (case-insensitive) to the corresponding option text from the Questions schema, and output only that text. Do NOT include the letter or both.
  Example: If the schema is ""[MCQ: A. Abnormal B. Inconclusive C. Normal]"" and the response is ""a"", output ""Abnormal"".
- For open-ended fields, output the exact text value.
- If the question asks for a count, provide only the number (e.g., ""42"").
- If the question asks for a list of names or IDs, provide a simple comma-separated list (e.g., ""17, 21, 23"").
- Preserve capitalization exactly as in the schema (e.g., output ""Abnormal"", not ""abnormal"" or ""A"").
</output>

<task>
What is the global rating score for respondent 20?
</task>",,
case_11,answer_lookup,What is the session name for respondent 3?,"{
  ""questions"": {
    ""Date"": ""What is the date of the session? [Open-ended]"",
    ""SessionName"": ""What is the name of the session? [Open-ended]"",
    ""Identification"": ""Identification of self, role, and patient. [Rubric: 0 = Requires direct prompting, 1 = Introduces themselves but only after a hint, 2 = Introduces themselves but information is incomplete, 3 = Introduces themselves and information is complete]"",
    ""Situation"": ""Identifies the main problem(s). [Rubric: 0 = Unable to identify the main problem(s), 1 = Identifies the main problem(s) after extended prompting, 2 = Identifies the main problem(s) with fewer prompts needed, 3 = Identifies and prioritizes the main problem(s) unprompted]"",
    ""Background (history)"": ""Gives appropriate history. [Rubric: 0 = History is unstructured or non-relevant, 1 = Relevant history but frequent clarification needed, 2 = Relevant history with few further questions needed, 3 = Comprehensive focused history]"",
    ""Background (examination)"": ""Gives appropriate examination/observations. [Rubric: 0 = Observations are omitted or irrelevant, 1 = Observations reported but frequent clarification needed, 2 = Observations reported with few further questions needed, 3 = Comprehensive focused examination/observations]"",
    ""Assessment"": ""Makes logical assessment (correlates problem, history, exam, context). [Rubric: 0 = No logical assessment, 1 = Assessment only after extended questioning, 2 = Assessment after minimal questioning, 3 = Comprehensive logical assessment without questioning]"",
    ""Recommendation (clear recommendation)"": ""Makes a clear recommendation. [Rubric: 0 = No recommendation, 1 = Clear recommendation only after extended questioning, 2 = Clear recommendation after minimal questioning, 3 = Clear comprehensive recommendation without questioning]"",
    ""Recommendation (global rating scale)"": ""Global Rating Scale (GRS) - How confident am I that I received an accurate picture of the patient? [Rubric: 0 = Not at all confident, 1 = Confident but required extended questioning, 2 = Confident but required some further questioning, 3 = Confident and required little or no questioning]"",
    ""Comments"": ""Comments on the session. [Open-ended]""
  },
  ""responses"": [
    {
      ""respondent"": ""3"",
      ""answers"": {
        ""Date"": ""2025-03-14"",
        ""SessionName"": ""IV-Hypoglycemia"",
        ""Identification"": 3,
        ""Situation"": 3,
        ""Background (history)"": 2,
        ""Background (examination)"": 2,
        ""Assessment"": 3,
        ""Recommendation (clear recommendation)"": 1,
        ""Recommendation (global rating scale)"": 1,
        ""Comments"": ""Time: (2:36-2:53)\nLate response for considering consultation""
      }
    },
    {
      ""respondent"": ""20"",
      ""answers"": {
        ""Date"": ""2025-05-16"",
        ""SessionName"": ""III (Sepsis)"",
        ""Identification"": 3,
        ""Situation"": 3,
        ""Background (history)"": 3,
        ""Background (examination)"": 2,
        ""Assessment"": 2,
        ""Recommendation (clear recommendation)"": 2,
        ""Recommendation (global rating scale)"": 2,
        ""Comments"": ""Clinical handover and communication skills, satisfactory\nNo panic, no arrest team\nSatisfactory""
      }
    },
    {
      ""respondent"": ""12"",
      ""answers"": {
        ""Date"": ""2025-05-02"",
        ""SessionName"": ""IV (VT)"",
        ""Identification"": 3,
        ""Situation"": 3,
        ""Background (history)"": 2,
        ""Background (examination)"": -1,
        ""Assessment"": 3,
        ""Recommendation (clear recommendation)"": 2,
        ""Recommendation (global rating scale)"": 3,
        ""Comments"": ""Good""
      }
    }
  ]
}",IV-Hypoglycemia,"<example>
What is the session name for respondent 21?

DATA:

{
  ""questions"": {
    ""Date"": ""What is the date of the session? [Open-ended]"",
    ""SessionName"": ""What is the name of the session? [Open-ended]"",
    ""Identification"": ""Identification of self, role, and patient. [Rubric: 0 = Requires direct prompting, 1 = Introduces themselves but only after a hint, 2 = Introduces themselves but information is incomplete, 3 = Introduces themselves and information is complete]"",
    ""Situation"": ""Identifies the main problem(s). [Rubric: 0 = Unable to identify the main problem(s), 1 = Identifies the main problem(s) after extended prompting, 2 = Identifies the main problem(s) with fewer prompts needed, 3 = Identifies and prioritizes the main problem(s) unprompted]"",
    ""Background (history)"": ""Gives appropriate history. [Rubric: 0 = History is unstructured or non-relevant, 1 = Relevant history but frequent clarification needed, 2 = Relevant history with few further questions needed, 3 = Comprehensive focused history]"",
    ""Background (examination)"": ""Gives appropriate examination/observations. [Rubric: 0 = Observations are omitted or irrelevant, 1 = Observations reported but frequent clarification needed, 2 = Observations reported with few further questions needed, 3 = Comprehensive focused examination/observations]"",
    ""Assessment"": ""Makes logical assessment (correlates problem, history, exam, context). [Rubric: 0 = No logical assessment, 1 = Assessment only after extended questioning, 2 = Assessment after minimal questioning, 3 = Comprehensive logical assessment without questioning]"",
    ""Recommendation (clear recommendation)"": ""Makes a clear recommendation. [Rubric: 0 = No recommendation, 1 = Clear recommendation only after extended questioning, 2 = Clear recommendation after minimal questioning, 3 = Clear comprehensive recommendation without questioning]"",
    ""Recommendation (global rating scale)"": ""Global Rating Scale (GRS) - How confident am I that I received an accurate picture of the patient? [Rubric: 0 = Not at all confident, 1 = Confident but required extended questioning, 2 = Confident but required some further questioning, 3 = Confident and required little or no questioning]"",
    ""Comments"": ""Comments on the session. [Open-ended]""
  },
  ""responses"": [
    {
      ""respondent"": ""21"",
      ""answers"": {
        ""Date"": ""2025-05-16"",
        ""SessionName"": ""II (Anaphylaxsis)"",
        ""Identification"": 3,
        ""Situation"": 3,
        ""Background (history)"": 2,
        ""Background (examination)"": 2,
        ""Assessment"": 2,
        ""Recommendation (clear recommendation)"": 3,
        ""Recommendation (global rating scale)"": 2,
        ""Comments"": ""Overall a bit unclear communication reflected""
      }
    },
    {
      ""respondent"": ""17"",
      ""answers"": {
        ""Date"": ""2025-05-04"",
        ""SessionName"": ""IV - VT"",
        ""Identification"": 3,
        ""Situation"": 3,
        ""Background (history)"": 2,
        ""Background (examination)"": 2,
        ""Assessment"": 3,
        ""Recommendation (clear recommendation)"": 2,
        ""Recommendation (global rating scale)"": 2,
        ""Comments"": ""Not very concise or clear communication\nSatisfactory""
      }
    },
    {
      ""respondent"": ""23"",
      ""answers"": {
        ""Date"": ""2025-05-16"",
        ""SessionName"": ""I (Myocardial infarction)"",
        ""Identification"": 3,
        ""Situation"": 2,
        ""Background (history)"": 3,
        ""Background (examination)"": 1,
        ""Assessment"": 2,
        ""Recommendation (clear recommendation)"": 3,
        ""Recommendation (global rating scale)"": 3,
        ""Comments"": ""Diagnostic clarity is present\nGood and early assessment of condition is done""
      }
    }
  ]
}

Answer: II (Anaphylaxsis)
</example>

<questionnaire>
{
  ""questions"": {
    ""Date"": ""What is the date of the session? [Open-ended]"",
    ""SessionName"": ""What is the name of the session? [Open-ended]"",
    ""Identification"": ""Identification of self, role, and patient. [Rubric: 0 = Requires direct prompting, 1 = Introduces themselves but only after a hint, 2 = Introduces themselves but information is incomplete, 3 = Introduces themselves and information is complete]"",
    ""Situation"": ""Identifies the main problem(s). [Rubric: 0 = Unable to identify the main problem(s), 1 = Identifies the main problem(s) after extended prompting, 2 = Identifies the main problem(s) with fewer prompts needed, 3 = Identifies and prioritizes the main problem(s) unprompted]"",
    ""Background (history)"": ""Gives appropriate history. [Rubric: 0 = History is unstructured or non-relevant, 1 = Relevant history but frequent clarification needed, 2 = Relevant history with few further questions needed, 3 = Comprehensive focused history]"",
    ""Background (examination)"": ""Gives appropriate examination/observations. [Rubric: 0 = Observations are omitted or irrelevant, 1 = Observations reported but frequent clarification needed, 2 = Observations reported with few further questions needed, 3 = Comprehensive focused examination/observations]"",
    ""Assessment"": ""Makes logical assessment (correlates problem, history, exam, context). [Rubric: 0 = No logical assessment, 1 = Assessment only after extended questioning, 2 = Assessment after minimal questioning, 3 = Comprehensive logical assessment without questioning]"",
    ""Recommendation (clear recommendation)"": ""Makes a clear recommendation. [Rubric: 0 = No recommendation, 1 = Clear recommendation only after extended questioning, 2 = Clear recommendation after minimal questioning, 3 = Clear comprehensive recommendation without questioning]"",
    ""Recommendation (global rating scale)"": ""Global Rating Scale (GRS) - How confident am I that I received an accurate picture of the patient? [Rubric: 0 = Not at all confident, 1 = Confident but required extended questioning, 2 = Confident but required some further questioning, 3 = Confident and required little or no questioning]"",
    ""Comments"": ""Comments on the session. [Open-ended]""
  },
  ""responses"": [
    {
      ""respondent"": ""3"",
      ""answers"": {
        ""Date"": ""2025-03-14"",
        ""SessionName"": ""IV-Hypoglycemia"",
        ""Identification"": 3,
        ""Situation"": 3,
        ""Background (history)"": 2,
        ""Background (examination)"": 2,
        ""Assessment"": 3,
        ""Recommendation (clear recommendation)"": 1,
        ""Recommendation (global rating scale)"": 1,
        ""Comments"": ""Time: (2:36-2:53)\nLate response for considering consultation""
      }
    },
    {
      ""respondent"": ""20"",
      ""answers"": {
        ""Date"": ""2025-05-16"",
        ""SessionName"": ""III (Sepsis)"",
        ""Identification"": 3,
        ""Situation"": 3,
        ""Background (history)"": 3,
        ""Background (examination)"": 2,
        ""Assessment"": 2,
        ""Recommendation (clear recommendation)"": 2,
        ""Recommendation (global rating scale)"": 2,
        ""Comments"": ""Clinical handover and communication skills, satisfactory\nNo panic, no arrest team\nSatisfactory""
      }
    },
    {
      ""respondent"": ""12"",
      ""answers"": {
        ""Date"": ""2025-05-02"",
        ""SessionName"": ""IV (VT)"",
        ""Identification"": 3,
        ""Situation"": 3,
        ""Background (history)"": 2,
        ""Background (examination)"": -1,
        ""Assessment"": 3,
        ""Recommendation (clear recommendation)"": 2,
        ""Recommendation (global rating scale)"": 3,
        ""Comments"": ""Good""
      }
    }
  ]
}
</questionnaire>

<role>
You are a meticulous data analyst AI. Your primary function is to accurately analyze structured data and provide precise, verifiable answers.
</role>

<output>
Provide your final answer directly and concisely. Output must be the human-readable value, not an option code.

Rules:
- For MCQ fields, map any letter codes in the Responses (case-insensitive) to the corresponding option text from the Questions schema, and output only that text. Do NOT include the letter or both.
  Example: If the schema is ""[MCQ: A. Abnormal B. Inconclusive C. Normal]"" and the response is ""a"", output ""Abnormal"".
- For open-ended fields, output the exact text value.
- If the question asks for a count, provide only the number (e.g., ""42"").
- If the question asks for a list of names or IDs, provide a simple comma-separated list (e.g., ""17, 21, 23"").
- Preserve capitalization exactly as in the schema (e.g., output ""Abnormal"", not ""abnormal"" or ""A"").
</output>

<task>
What is the session name for respondent 3?
</task>",,
case_12,answer_lookup,What is the date for respondent 15?,"{
  ""questions"": {
    ""Date"": ""What is the date of the session? [Open-ended]"",
    ""SessionName"": ""What is the name of the session? [Open-ended]"",
    ""Identification"": ""Identification of self, role, and patient. [Rubric: 0 = Requires direct prompting, 1 = Introduces themselves but only after a hint, 2 = Introduces themselves but information is incomplete, 3 = Introduces themselves and information is complete]"",
    ""Situation"": ""Identifies the main problem(s). [Rubric: 0 = Unable to identify the main problem(s), 1 = Identifies the main problem(s) after extended prompting, 2 = Identifies the main problem(s) with fewer prompts needed, 3 = Identifies and prioritizes the main problem(s) unprompted]"",
    ""Background (history)"": ""Gives appropriate history. [Rubric: 0 = History is unstructured or non-relevant, 1 = Relevant history but frequent clarification needed, 2 = Relevant history with few further questions needed, 3 = Comprehensive focused history]"",
    ""Background (examination)"": ""Gives appropriate examination/observations. [Rubric: 0 = Observations are omitted or irrelevant, 1 = Observations reported but frequent clarification needed, 2 = Observations reported with few further questions needed, 3 = Comprehensive focused examination/observations]"",
    ""Assessment"": ""Makes logical assessment (correlates problem, history, exam, context). [Rubric: 0 = No logical assessment, 1 = Assessment only after extended questioning, 2 = Assessment after minimal questioning, 3 = Comprehensive logical assessment without questioning]"",
    ""Recommendation (clear recommendation)"": ""Makes a clear recommendation. [Rubric: 0 = No recommendation, 1 = Clear recommendation only after extended questioning, 2 = Clear recommendation after minimal questioning, 3 = Clear comprehensive recommendation without questioning]"",
    ""Recommendation (global rating scale)"": ""Global Rating Scale (GRS) - How confident am I that I received an accurate picture of the patient? [Rubric: 0 = Not at all confident, 1 = Confident but required extended questioning, 2 = Confident but required some further questioning, 3 = Confident and required little or no questioning]"",
    ""Comments"": ""Comments on the session. [Open-ended]""
  },
  ""responses"": [
    {
      ""respondent"": ""15"",
      ""answers"": {
        ""Date"": ""2025-05-04"",
        ""SessionName"": ""III - Sepsis"",
        ""Identification"": 3,
        ""Situation"": 3,
        ""Background (history)"": 2,
        ""Background (examination)"": 3,
        ""Assessment"": 2,
        ""Recommendation (clear recommendation)"": 2,
        ""Recommendation (global rating scale)"": 2,
        ""Comments"": ""Detailed Response - clear communication""
      }
    },
    {
      ""respondent"": ""10"",
      ""answers"": {
        ""Date"": ""2025-05-02"",
        ""SessionName"": ""III (Sepsis)"",
        ""Identification"": 3,
        ""Situation"": 3,
        ""Background (history)"": 3,
        ""Background (examination)"": 2,
        ""Assessment"": 2,
        ""Recommendation (clear recommendation)"": 2,
        ""Recommendation (global rating scale)"": 3,
        ""Comments"": ""Clear communication during handover\nGood""
      }
    },
    {
      ""respondent"": ""9"",
      ""answers"": {
        ""Date"": ""2025-04-04"",
        ""SessionName"": ""MI"",
        ""Identification"": 2,
        ""Situation"": 3,
        ""Background (history)"": 2,
        ""Background (examination)"": 3,
        ""Assessment"": 3,
        ""Recommendation (clear recommendation)"": 2,
        ""Recommendation (global rating scale)"": 2,
        ""Comments"": """"
      }
    }
  ]
}",2025-05-04,"<example>
What is the session name for respondent 21?

DATA:

{
  ""questions"": {
    ""Date"": ""What is the date of the session? [Open-ended]"",
    ""SessionName"": ""What is the name of the session? [Open-ended]"",
    ""Identification"": ""Identification of self, role, and patient. [Rubric: 0 = Requires direct prompting, 1 = Introduces themselves but only after a hint, 2 = Introduces themselves but information is incomplete, 3 = Introduces themselves and information is complete]"",
    ""Situation"": ""Identifies the main problem(s). [Rubric: 0 = Unable to identify the main problem(s), 1 = Identifies the main problem(s) after extended prompting, 2 = Identifies the main problem(s) with fewer prompts needed, 3 = Identifies and prioritizes the main problem(s) unprompted]"",
    ""Background (history)"": ""Gives appropriate history. [Rubric: 0 = History is unstructured or non-relevant, 1 = Relevant history but frequent clarification needed, 2 = Relevant history with few further questions needed, 3 = Comprehensive focused history]"",
    ""Background (examination)"": ""Gives appropriate examination/observations. [Rubric: 0 = Observations are omitted or irrelevant, 1 = Observations reported but frequent clarification needed, 2 = Observations reported with few further questions needed, 3 = Comprehensive focused examination/observations]"",
    ""Assessment"": ""Makes logical assessment (correlates problem, history, exam, context). [Rubric: 0 = No logical assessment, 1 = Assessment only after extended questioning, 2 = Assessment after minimal questioning, 3 = Comprehensive logical assessment without questioning]"",
    ""Recommendation (clear recommendation)"": ""Makes a clear recommendation. [Rubric: 0 = No recommendation, 1 = Clear recommendation only after extended questioning, 2 = Clear recommendation after minimal questioning, 3 = Clear comprehensive recommendation without questioning]"",
    ""Recommendation (global rating scale)"": ""Global Rating Scale (GRS) - How confident am I that I received an accurate picture of the patient? [Rubric: 0 = Not at all confident, 1 = Confident but required extended questioning, 2 = Confident but required some further questioning, 3 = Confident and required little or no questioning]"",
    ""Comments"": ""Comments on the session. [Open-ended]""
  },
  ""responses"": [
    {
      ""respondent"": ""21"",
      ""answers"": {
        ""Date"": ""2025-05-16"",
        ""SessionName"": ""II (Anaphylaxsis)"",
        ""Identification"": 3,
        ""Situation"": 3,
        ""Background (history)"": 2,
        ""Background (examination)"": 2,
        ""Assessment"": 2,
        ""Recommendation (clear recommendation)"": 3,
        ""Recommendation (global rating scale)"": 2,
        ""Comments"": ""Overall a bit unclear communication reflected""
      }
    },
    {
      ""respondent"": ""17"",
      ""answers"": {
        ""Date"": ""2025-05-04"",
        ""SessionName"": ""IV - VT"",
        ""Identification"": 3,
        ""Situation"": 3,
        ""Background (history)"": 2,
        ""Background (examination)"": 2,
        ""Assessment"": 3,
        ""Recommendation (clear recommendation)"": 2,
        ""Recommendation (global rating scale)"": 2,
        ""Comments"": ""Not very concise or clear communication\nSatisfactory""
      }
    },
    {
      ""respondent"": ""23"",
      ""answers"": {
        ""Date"": ""2025-05-16"",
        ""SessionName"": ""I (Myocardial infarction)"",
        ""Identification"": 3,
        ""Situation"": 2,
        ""Background (history)"": 3,
        ""Background (examination)"": 1,
        ""Assessment"": 2,
        ""Recommendation (clear recommendation)"": 3,
        ""Recommendation (global rating scale)"": 3,
        ""Comments"": ""Diagnostic clarity is present\nGood and early assessment of condition is done""
      }
    }
  ]
}

Answer: II (Anaphylaxsis)
</example>

<questionnaire>
{
  ""questions"": {
    ""Date"": ""What is the date of the session? [Open-ended]"",
    ""SessionName"": ""What is the name of the session? [Open-ended]"",
    ""Identification"": ""Identification of self, role, and patient. [Rubric: 0 = Requires direct prompting, 1 = Introduces themselves but only after a hint, 2 = Introduces themselves but information is incomplete, 3 = Introduces themselves and information is complete]"",
    ""Situation"": ""Identifies the main problem(s). [Rubric: 0 = Unable to identify the main problem(s), 1 = Identifies the main problem(s) after extended prompting, 2 = Identifies the main problem(s) with fewer prompts needed, 3 = Identifies and prioritizes the main problem(s) unprompted]"",
    ""Background (history)"": ""Gives appropriate history. [Rubric: 0 = History is unstructured or non-relevant, 1 = Relevant history but frequent clarification needed, 2 = Relevant history with few further questions needed, 3 = Comprehensive focused history]"",
    ""Background (examination)"": ""Gives appropriate examination/observations. [Rubric: 0 = Observations are omitted or irrelevant, 1 = Observations reported but frequent clarification needed, 2 = Observations reported with few further questions needed, 3 = Comprehensive focused examination/observations]"",
    ""Assessment"": ""Makes logical assessment (correlates problem, history, exam, context). [Rubric: 0 = No logical assessment, 1 = Assessment only after extended questioning, 2 = Assessment after minimal questioning, 3 = Comprehensive logical assessment without questioning]"",
    ""Recommendation (clear recommendation)"": ""Makes a clear recommendation. [Rubric: 0 = No recommendation, 1 = Clear recommendation only after extended questioning, 2 = Clear recommendation after minimal questioning, 3 = Clear comprehensive recommendation without questioning]"",
    ""Recommendation (global rating scale)"": ""Global Rating Scale (GRS) - How confident am I that I received an accurate picture of the patient? [Rubric: 0 = Not at all confident, 1 = Confident but required extended questioning, 2 = Confident but required some further questioning, 3 = Confident and required little or no questioning]"",
    ""Comments"": ""Comments on the session. [Open-ended]""
  },
  ""responses"": [
    {
      ""respondent"": ""15"",
      ""answers"": {
        ""Date"": ""2025-05-04"",
        ""SessionName"": ""III - Sepsis"",
        ""Identification"": 3,
        ""Situation"": 3,
        ""Background (history)"": 2,
        ""Background (examination)"": 3,
        ""Assessment"": 2,
        ""Recommendation (clear recommendation)"": 2,
        ""Recommendation (global rating scale)"": 2,
        ""Comments"": ""Detailed Response - clear communication""
      }
    },
    {
      ""respondent"": ""10"",
      ""answers"": {
        ""Date"": ""2025-05-02"",
        ""SessionName"": ""III (Sepsis)"",
        ""Identification"": 3,
        ""Situation"": 3,
        ""Background (history)"": 3,
        ""Background (examination)"": 2,
        ""Assessment"": 2,
        ""Recommendation (clear recommendation)"": 2,
        ""Recommendation (global rating scale)"": 3,
        ""Comments"": ""Clear communication during handover\nGood""
      }
    },
    {
      ""respondent"": ""9"",
      ""answers"": {
        ""Date"": ""2025-04-04"",
        ""SessionName"": ""MI"",
        ""Identification"": 2,
        ""Situation"": 3,
        ""Background (history)"": 2,
        ""Background (examination)"": 3,
        ""Assessment"": 3,
        ""Recommendation (clear recommendation)"": 2,
        ""Recommendation (global rating scale)"": 2,
        ""Comments"": """"
      }
    }
  ]
}
</questionnaire>

<role>
You are a meticulous data analyst AI. Your primary function is to accurately analyze structured data and provide precise, verifiable answers.
</role>

<output>
Provide your final answer directly and concisely. Output must be the human-readable value, not an option code.

Rules:
- For MCQ fields, map any letter codes in the Responses (case-insensitive) to the corresponding option text from the Questions schema, and output only that text. Do NOT include the letter or both.
  Example: If the schema is ""[MCQ: A. Abnormal B. Inconclusive C. Normal]"" and the response is ""a"", output ""Abnormal"".
- For open-ended fields, output the exact text value.
- If the question asks for a count, provide only the number (e.g., ""42"").
- If the question asks for a list of names or IDs, provide a simple comma-separated list (e.g., ""17, 21, 23"").
- Preserve capitalization exactly as in the schema (e.g., output ""Abnormal"", not ""abnormal"" or ""A"").
</output>

<task>
What is the date for respondent 15?
</task>",,
case_13,answer_lookup,What is the clinical assessment score for respondent 11?,"{
  ""questions"": {
    ""Date"": ""What is the date of the session? [Open-ended]"",
    ""SessionName"": ""What is the name of the session? [Open-ended]"",
    ""Identification"": ""Identification of self, role, and patient. [Rubric: 0 = Requires direct prompting, 1 = Introduces themselves but only after a hint, 2 = Introduces themselves but information is incomplete, 3 = Introduces themselves and information is complete]"",
    ""Situation"": ""Identifies the main problem(s). [Rubric: 0 = Unable to identify the main problem(s), 1 = Identifies the main problem(s) after extended prompting, 2 = Identifies the main problem(s) with fewer prompts needed, 3 = Identifies and prioritizes the main problem(s) unprompted]"",
    ""Background (history)"": ""Gives appropriate history. [Rubric: 0 = History is unstructured or non-relevant, 1 = Relevant history but frequent clarification needed, 2 = Relevant history with few further questions needed, 3 = Comprehensive focused history]"",
    ""Background (examination)"": ""Gives appropriate examination/observations. [Rubric: 0 = Observations are omitted or irrelevant, 1 = Observations reported but frequent clarification needed, 2 = Observations reported with few further questions needed, 3 = Comprehensive focused examination/observations]"",
    ""Assessment"": ""Makes logical assessment (correlates problem, history, exam, context). [Rubric: 0 = No logical assessment, 1 = Assessment only after extended questioning, 2 = Assessment after minimal questioning, 3 = Comprehensive logical assessment without questioning]"",
    ""Recommendation (clear recommendation)"": ""Makes a clear recommendation. [Rubric: 0 = No recommendation, 1 = Clear recommendation only after extended questioning, 2 = Clear recommendation after minimal questioning, 3 = Clear comprehensive recommendation without questioning]"",
    ""Recommendation (global rating scale)"": ""Global Rating Scale (GRS) - How confident am I that I received an accurate picture of the patient? [Rubric: 0 = Not at all confident, 1 = Confident but required extended questioning, 2 = Confident but required some further questioning, 3 = Confident and required little or no questioning]"",
    ""Comments"": ""Comments on the session. [Open-ended]""
  },
  ""responses"": [
    {
      ""respondent"": ""11"",
      ""answers"": {
        ""Date"": ""2025-05-02"",
        ""SessionName"": ""II (Anaphylaxis)"",
        ""Identification"": 3,
        ""Situation"": 3,
        ""Background (history)"": 3,
        ""Background (examination)"": 3,
        ""Assessment"": 2,
        ""Recommendation (clear recommendation)"": 3,
        ""Recommendation (global rating scale)"": 3,
        ""Comments"": ""Good""
      }
    },
    {
      ""respondent"": ""21"",
      ""answers"": {
        ""Date"": ""2025-05-16"",
        ""SessionName"": ""II (Anaphylaxsis)"",
        ""Identification"": 3,
        ""Situation"": 3,
        ""Background (history)"": 2,
        ""Background (examination)"": 2,
        ""Assessment"": 2,
        ""Recommendation (clear recommendation)"": 3,
        ""Recommendation (global rating scale)"": 2,
        ""Comments"": ""Overall a bit unclear communication reflected""
      }
    },
    {
      ""respondent"": ""20"",
      ""answers"": {
        ""Date"": ""2025-05-16"",
        ""SessionName"": ""III (Sepsis)"",
        ""Identification"": 3,
        ""Situation"": 3,
        ""Background (history)"": 3,
        ""Background (examination)"": 2,
        ""Assessment"": 2,
        ""Recommendation (clear recommendation)"": 2,
        ""Recommendation (global rating scale)"": 2,
        ""Comments"": ""Clinical handover and communication skills, satisfactory\nNo panic, no arrest team\nSatisfactory""
      }
    }
  ]
}",2,"<example>
What is the session name for respondent 21?

DATA:

{
  ""questions"": {
    ""Date"": ""What is the date of the session? [Open-ended]"",
    ""SessionName"": ""What is the name of the session? [Open-ended]"",
    ""Identification"": ""Identification of self, role, and patient. [Rubric: 0 = Requires direct prompting, 1 = Introduces themselves but only after a hint, 2 = Introduces themselves but information is incomplete, 3 = Introduces themselves and information is complete]"",
    ""Situation"": ""Identifies the main problem(s). [Rubric: 0 = Unable to identify the main problem(s), 1 = Identifies the main problem(s) after extended prompting, 2 = Identifies the main problem(s) with fewer prompts needed, 3 = Identifies and prioritizes the main problem(s) unprompted]"",
    ""Background (history)"": ""Gives appropriate history. [Rubric: 0 = History is unstructured or non-relevant, 1 = Relevant history but frequent clarification needed, 2 = Relevant history with few further questions needed, 3 = Comprehensive focused history]"",
    ""Background (examination)"": ""Gives appropriate examination/observations. [Rubric: 0 = Observations are omitted or irrelevant, 1 = Observations reported but frequent clarification needed, 2 = Observations reported with few further questions needed, 3 = Comprehensive focused examination/observations]"",
    ""Assessment"": ""Makes logical assessment (correlates problem, history, exam, context). [Rubric: 0 = No logical assessment, 1 = Assessment only after extended questioning, 2 = Assessment after minimal questioning, 3 = Comprehensive logical assessment without questioning]"",
    ""Recommendation (clear recommendation)"": ""Makes a clear recommendation. [Rubric: 0 = No recommendation, 1 = Clear recommendation only after extended questioning, 2 = Clear recommendation after minimal questioning, 3 = Clear comprehensive recommendation without questioning]"",
    ""Recommendation (global rating scale)"": ""Global Rating Scale (GRS) - How confident am I that I received an accurate picture of the patient? [Rubric: 0 = Not at all confident, 1 = Confident but required extended questioning, 2 = Confident but required some further questioning, 3 = Confident and required little or no questioning]"",
    ""Comments"": ""Comments on the session. [Open-ended]""
  },
  ""responses"": [
    {
      ""respondent"": ""21"",
      ""answers"": {
        ""Date"": ""2025-05-16"",
        ""SessionName"": ""II (Anaphylaxsis)"",
        ""Identification"": 3,
        ""Situation"": 3,
        ""Background (history)"": 2,
        ""Background (examination)"": 2,
        ""Assessment"": 2,
        ""Recommendation (clear recommendation)"": 3,
        ""Recommendation (global rating scale)"": 2,
        ""Comments"": ""Overall a bit unclear communication reflected""
      }
    },
    {
      ""respondent"": ""17"",
      ""answers"": {
        ""Date"": ""2025-05-04"",
        ""SessionName"": ""IV - VT"",
        ""Identification"": 3,
        ""Situation"": 3,
        ""Background (history)"": 2,
        ""Background (examination)"": 2,
        ""Assessment"": 3,
        ""Recommendation (clear recommendation)"": 2,
        ""Recommendation (global rating scale)"": 2,
        ""Comments"": ""Not very concise or clear communication\nSatisfactory""
      }
    },
    {
      ""respondent"": ""23"",
      ""answers"": {
        ""Date"": ""2025-05-16"",
        ""SessionName"": ""I (Myocardial infarction)"",
        ""Identification"": 3,
        ""Situation"": 2,
        ""Background (history)"": 3,
        ""Background (examination)"": 1,
        ""Assessment"": 2,
        ""Recommendation (clear recommendation)"": 3,
        ""Recommendation (global rating scale)"": 3,
        ""Comments"": ""Diagnostic clarity is present\nGood and early assessment of condition is done""
      }
    }
  ]
}

Answer: II (Anaphylaxsis)
</example>

<questionnaire>
{
  ""questions"": {
    ""Date"": ""What is the date of the session? [Open-ended]"",
    ""SessionName"": ""What is the name of the session? [Open-ended]"",
    ""Identification"": ""Identification of self, role, and patient. [Rubric: 0 = Requires direct prompting, 1 = Introduces themselves but only after a hint, 2 = Introduces themselves but information is incomplete, 3 = Introduces themselves and information is complete]"",
    ""Situation"": ""Identifies the main problem(s). [Rubric: 0 = Unable to identify the main problem(s), 1 = Identifies the main problem(s) after extended prompting, 2 = Identifies the main problem(s) with fewer prompts needed, 3 = Identifies and prioritizes the main problem(s) unprompted]"",
    ""Background (history)"": ""Gives appropriate history. [Rubric: 0 = History is unstructured or non-relevant, 1 = Relevant history but frequent clarification needed, 2 = Relevant history with few further questions needed, 3 = Comprehensive focused history]"",
    ""Background (examination)"": ""Gives appropriate examination/observations. [Rubric: 0 = Observations are omitted or irrelevant, 1 = Observations reported but frequent clarification needed, 2 = Observations reported with few further questions needed, 3 = Comprehensive focused examination/observations]"",
    ""Assessment"": ""Makes logical assessment (correlates problem, history, exam, context). [Rubric: 0 = No logical assessment, 1 = Assessment only after extended questioning, 2 = Assessment after minimal questioning, 3 = Comprehensive logical assessment without questioning]"",
    ""Recommendation (clear recommendation)"": ""Makes a clear recommendation. [Rubric: 0 = No recommendation, 1 = Clear recommendation only after extended questioning, 2 = Clear recommendation after minimal questioning, 3 = Clear comprehensive recommendation without questioning]"",
    ""Recommendation (global rating scale)"": ""Global Rating Scale (GRS) - How confident am I that I received an accurate picture of the patient? [Rubric: 0 = Not at all confident, 1 = Confident but required extended questioning, 2 = Confident but required some further questioning, 3 = Confident and required little or no questioning]"",
    ""Comments"": ""Comments on the session. [Open-ended]""
  },
  ""responses"": [
    {
      ""respondent"": ""11"",
      ""answers"": {
        ""Date"": ""2025-05-02"",
        ""SessionName"": ""II (Anaphylaxis)"",
        ""Identification"": 3,
        ""Situation"": 3,
        ""Background (history)"": 3,
        ""Background (examination)"": 3,
        ""Assessment"": 2,
        ""Recommendation (clear recommendation)"": 3,
        ""Recommendation (global rating scale)"": 3,
        ""Comments"": ""Good""
      }
    },
    {
      ""respondent"": ""21"",
      ""answers"": {
        ""Date"": ""2025-05-16"",
        ""SessionName"": ""II (Anaphylaxsis)"",
        ""Identification"": 3,
        ""Situation"": 3,
        ""Background (history)"": 2,
        ""Background (examination)"": 2,
        ""Assessment"": 2,
        ""Recommendation (clear recommendation)"": 3,
        ""Recommendation (global rating scale)"": 2,
        ""Comments"": ""Overall a bit unclear communication reflected""
      }
    },
    {
      ""respondent"": ""20"",
      ""answers"": {
        ""Date"": ""2025-05-16"",
        ""SessionName"": ""III (Sepsis)"",
        ""Identification"": 3,
        ""Situation"": 3,
        ""Background (history)"": 3,
        ""Background (examination)"": 2,
        ""Assessment"": 2,
        ""Recommendation (clear recommendation)"": 2,
        ""Recommendation (global rating scale)"": 2,
        ""Comments"": ""Clinical handover and communication skills, satisfactory\nNo panic, no arrest team\nSatisfactory""
      }
    }
  ]
}
</questionnaire>

<role>
You are a meticulous data analyst AI. Your primary function is to accurately analyze structured data and provide precise, verifiable answers.
</role>

<output>
Provide your final answer directly and concisely. Output must be the human-readable value, not an option code.

Rules:
- For MCQ fields, map any letter codes in the Responses (case-insensitive) to the corresponding option text from the Questions schema, and output only that text. Do NOT include the letter or both.
  Example: If the schema is ""[MCQ: A. Abnormal B. Inconclusive C. Normal]"" and the response is ""a"", output ""Abnormal"".
- For open-ended fields, output the exact text value.
- If the question asks for a count, provide only the number (e.g., ""42"").
- If the question asks for a list of names or IDs, provide a simple comma-separated list (e.g., ""17, 21, 23"").
- Preserve capitalization exactly as in the schema (e.g., output ""Abnormal"", not ""abnormal"" or ""A"").
</output>

<task>
What is the clinical assessment score for respondent 11?
</task>",,
case_14,answer_lookup,What is the clinical assessment score for respondent 1?,"{
  ""questions"": {
    ""Date"": ""What is the date of the session? [Open-ended]"",
    ""SessionName"": ""What is the name of the session? [Open-ended]"",
    ""Identification"": ""Identification of self, role, and patient. [Rubric: 0 = Requires direct prompting, 1 = Introduces themselves but only after a hint, 2 = Introduces themselves but information is incomplete, 3 = Introduces themselves and information is complete]"",
    ""Situation"": ""Identifies the main problem(s). [Rubric: 0 = Unable to identify the main problem(s), 1 = Identifies the main problem(s) after extended prompting, 2 = Identifies the main problem(s) with fewer prompts needed, 3 = Identifies and prioritizes the main problem(s) unprompted]"",
    ""Background (history)"": ""Gives appropriate history. [Rubric: 0 = History is unstructured or non-relevant, 1 = Relevant history but frequent clarification needed, 2 = Relevant history with few further questions needed, 3 = Comprehensive focused history]"",
    ""Background (examination)"": ""Gives appropriate examination/observations. [Rubric: 0 = Observations are omitted or irrelevant, 1 = Observations reported but frequent clarification needed, 2 = Observations reported with few further questions needed, 3 = Comprehensive focused examination/observations]"",
    ""Assessment"": ""Makes logical assessment (correlates problem, history, exam, context). [Rubric: 0 = No logical assessment, 1 = Assessment only after extended questioning, 2 = Assessment after minimal questioning, 3 = Comprehensive logical assessment without questioning]"",
    ""Recommendation (clear recommendation)"": ""Makes a clear recommendation. [Rubric: 0 = No recommendation, 1 = Clear recommendation only after extended questioning, 2 = Clear recommendation after minimal questioning, 3 = Clear comprehensive recommendation without questioning]"",
    ""Recommendation (global rating scale)"": ""Global Rating Scale (GRS) - How confident am I that I received an accurate picture of the patient? [Rubric: 0 = Not at all confident, 1 = Confident but required extended questioning, 2 = Confident but required some further questioning, 3 = Confident and required little or no questioning]"",
    ""Comments"": ""Comments on the session. [Open-ended]""
  },
  ""responses"": [
    {
      ""respondent"": ""1"",
      ""answers"": {
        ""Date"": ""2025-03-14"",
        ""SessionName"": ""III-Sepsis"",
        ""Identification"": 3,
        ""Situation"": 3,
        ""Background (history)"": 2,
        ""Background (examination)"": 3,
        ""Assessment"": 2,
        ""Recommendation (clear recommendation)"": 2,
        ""Recommendation (global rating scale)"": 2,
        ""Comments"": ""Time: (1:00-1:17)""
      }
    },
    {
      ""respondent"": ""11"",
      ""answers"": {
        ""Date"": ""2025-05-02"",
        ""SessionName"": ""II (Anaphylaxis)"",
        ""Identification"": 3,
        ""Situation"": 3,
        ""Background (history)"": 3,
        ""Background (examination)"": 3,
        ""Assessment"": 2,
        ""Recommendation (clear recommendation)"": 3,
        ""Recommendation (global rating scale)"": 3,
        ""Comments"": ""Good""
      }
    },
    {
      ""respondent"": ""6"",
      ""answers"": {
        ""Date"": ""2025-04-04"",
        ""SessionName"": ""III-Sepsis"",
        ""Identification"": -1,
        ""Situation"": 2,
        ""Background (history)"": 3,
        ""Background (examination)"": 3,
        ""Assessment"": 3,
        ""Recommendation (clear recommendation)"": 3,
        ""Recommendation (global rating scale)"": 3,
        ""Comments"": ""The patient/simulation is not oriented in TPP.\nClear communication between Reg and colleague during handover""
      }
    }
  ]
}",2,"<example>
What is the session name for respondent 21?

DATA:

{
  ""questions"": {
    ""Date"": ""What is the date of the session? [Open-ended]"",
    ""SessionName"": ""What is the name of the session? [Open-ended]"",
    ""Identification"": ""Identification of self, role, and patient. [Rubric: 0 = Requires direct prompting, 1 = Introduces themselves but only after a hint, 2 = Introduces themselves but information is incomplete, 3 = Introduces themselves and information is complete]"",
    ""Situation"": ""Identifies the main problem(s). [Rubric: 0 = Unable to identify the main problem(s), 1 = Identifies the main problem(s) after extended prompting, 2 = Identifies the main problem(s) with fewer prompts needed, 3 = Identifies and prioritizes the main problem(s) unprompted]"",
    ""Background (history)"": ""Gives appropriate history. [Rubric: 0 = History is unstructured or non-relevant, 1 = Relevant history but frequent clarification needed, 2 = Relevant history with few further questions needed, 3 = Comprehensive focused history]"",
    ""Background (examination)"": ""Gives appropriate examination/observations. [Rubric: 0 = Observations are omitted or irrelevant, 1 = Observations reported but frequent clarification needed, 2 = Observations reported with few further questions needed, 3 = Comprehensive focused examination/observations]"",
    ""Assessment"": ""Makes logical assessment (correlates problem, history, exam, context). [Rubric: 0 = No logical assessment, 1 = Assessment only after extended questioning, 2 = Assessment after minimal questioning, 3 = Comprehensive logical assessment without questioning]"",
    ""Recommendation (clear recommendation)"": ""Makes a clear recommendation. [Rubric: 0 = No recommendation, 1 = Clear recommendation only after extended questioning, 2 = Clear recommendation after minimal questioning, 3 = Clear comprehensive recommendation without questioning]"",
    ""Recommendation (global rating scale)"": ""Global Rating Scale (GRS) - How confident am I that I received an accurate picture of the patient? [Rubric: 0 = Not at all confident, 1 = Confident but required extended questioning, 2 = Confident but required some further questioning, 3 = Confident and required little or no questioning]"",
    ""Comments"": ""Comments on the session. [Open-ended]""
  },
  ""responses"": [
    {
      ""respondent"": ""21"",
      ""answers"": {
        ""Date"": ""2025-05-16"",
        ""SessionName"": ""II (Anaphylaxsis)"",
        ""Identification"": 3,
        ""Situation"": 3,
        ""Background (history)"": 2,
        ""Background (examination)"": 2,
        ""Assessment"": 2,
        ""Recommendation (clear recommendation)"": 3,
        ""Recommendation (global rating scale)"": 2,
        ""Comments"": ""Overall a bit unclear communication reflected""
      }
    },
    {
      ""respondent"": ""17"",
      ""answers"": {
        ""Date"": ""2025-05-04"",
        ""SessionName"": ""IV - VT"",
        ""Identification"": 3,
        ""Situation"": 3,
        ""Background (history)"": 2,
        ""Background (examination)"": 2,
        ""Assessment"": 3,
        ""Recommendation (clear recommendation)"": 2,
        ""Recommendation (global rating scale)"": 2,
        ""Comments"": ""Not very concise or clear communication\nSatisfactory""
      }
    },
    {
      ""respondent"": ""23"",
      ""answers"": {
        ""Date"": ""2025-05-16"",
        ""SessionName"": ""I (Myocardial infarction)"",
        ""Identification"": 3,
        ""Situation"": 2,
        ""Background (history)"": 3,
        ""Background (examination)"": 1,
        ""Assessment"": 2,
        ""Recommendation (clear recommendation)"": 3,
        ""Recommendation (global rating scale)"": 3,
        ""Comments"": ""Diagnostic clarity is present\nGood and early assessment of condition is done""
      }
    }
  ]
}

Answer: II (Anaphylaxsis)
</example>

<questionnaire>
{
  ""questions"": {
    ""Date"": ""What is the date of the session? [Open-ended]"",
    ""SessionName"": ""What is the name of the session? [Open-ended]"",
    ""Identification"": ""Identification of self, role, and patient. [Rubric: 0 = Requires direct prompting, 1 = Introduces themselves but only after a hint, 2 = Introduces themselves but information is incomplete, 3 = Introduces themselves and information is complete]"",
    ""Situation"": ""Identifies the main problem(s). [Rubric: 0 = Unable to identify the main problem(s), 1 = Identifies the main problem(s) after extended prompting, 2 = Identifies the main problem(s) with fewer prompts needed, 3 = Identifies and prioritizes the main problem(s) unprompted]"",
    ""Background (history)"": ""Gives appropriate history. [Rubric: 0 = History is unstructured or non-relevant, 1 = Relevant history but frequent clarification needed, 2 = Relevant history with few further questions needed, 3 = Comprehensive focused history]"",
    ""Background (examination)"": ""Gives appropriate examination/observations. [Rubric: 0 = Observations are omitted or irrelevant, 1 = Observations reported but frequent clarification needed, 2 = Observations reported with few further questions needed, 3 = Comprehensive focused examination/observations]"",
    ""Assessment"": ""Makes logical assessment (correlates problem, history, exam, context). [Rubric: 0 = No logical assessment, 1 = Assessment only after extended questioning, 2 = Assessment after minimal questioning, 3 = Comprehensive logical assessment without questioning]"",
    ""Recommendation (clear recommendation)"": ""Makes a clear recommendation. [Rubric: 0 = No recommendation, 1 = Clear recommendation only after extended questioning, 2 = Clear recommendation after minimal questioning, 3 = Clear comprehensive recommendation without questioning]"",
    ""Recommendation (global rating scale)"": ""Global Rating Scale (GRS) - How confident am I that I received an accurate picture of the patient? [Rubric: 0 = Not at all confident, 1 = Confident but required extended questioning, 2 = Confident but required some further questioning, 3 = Confident and required little or no questioning]"",
    ""Comments"": ""Comments on the session. [Open-ended]""
  },
  ""responses"": [
    {
      ""respondent"": ""1"",
      ""answers"": {
        ""Date"": ""2025-03-14"",
        ""SessionName"": ""III-Sepsis"",
        ""Identification"": 3,
        ""Situation"": 3,
        ""Background (history)"": 2,
        ""Background (examination)"": 3,
        ""Assessment"": 2,
        ""Recommendation (clear recommendation)"": 2,
        ""Recommendation (global rating scale)"": 2,
        ""Comments"": ""Time: (1:00-1:17)""
      }
    },
    {
      ""respondent"": ""11"",
      ""answers"": {
        ""Date"": ""2025-05-02"",
        ""SessionName"": ""II (Anaphylaxis)"",
        ""Identification"": 3,
        ""Situation"": 3,
        ""Background (history)"": 3,
        ""Background (examination)"": 3,
        ""Assessment"": 2,
        ""Recommendation (clear recommendation)"": 3,
        ""Recommendation (global rating scale)"": 3,
        ""Comments"": ""Good""
      }
    },
    {
      ""respondent"": ""6"",
      ""answers"": {
        ""Date"": ""2025-04-04"",
        ""SessionName"": ""III-Sepsis"",
        ""Identification"": -1,
        ""Situation"": 2,
        ""Background (history)"": 3,
        ""Background (examination)"": 3,
        ""Assessment"": 3,
        ""Recommendation (clear recommendation)"": 3,
        ""Recommendation (global rating scale)"": 3,
        ""Comments"": ""The patient/simulation is not oriented in TPP.\nClear communication between Reg and colleague during handover""
      }
    }
  ]
}
</questionnaire>

<role>
You are a meticulous data analyst AI. Your primary function is to accurately analyze structured data and provide precise, verifiable answers.
</role>

<output>
Provide your final answer directly and concisely. Output must be the human-readable value, not an option code.

Rules:
- For MCQ fields, map any letter codes in the Responses (case-insensitive) to the corresponding option text from the Questions schema, and output only that text. Do NOT include the letter or both.
  Example: If the schema is ""[MCQ: A. Abnormal B. Inconclusive C. Normal]"" and the response is ""a"", output ""Abnormal"".
- For open-ended fields, output the exact text value.
- If the question asks for a count, provide only the number (e.g., ""42"").
- If the question asks for a list of names or IDs, provide a simple comma-separated list (e.g., ""17, 21, 23"").
- Preserve capitalization exactly as in the schema (e.g., output ""Abnormal"", not ""abnormal"" or ""A"").
</output>

<task>
What is the clinical assessment score for respondent 1?
</task>",,
case_15,answer_lookup,What is the identification score for respondent 5?,"{
  ""questions"": {
    ""Date"": ""What is the date of the session? [Open-ended]"",
    ""SessionName"": ""What is the name of the session? [Open-ended]"",
    ""Identification"": ""Identification of self, role, and patient. [Rubric: 0 = Requires direct prompting, 1 = Introduces themselves but only after a hint, 2 = Introduces themselves but information is incomplete, 3 = Introduces themselves and information is complete]"",
    ""Situation"": ""Identifies the main problem(s). [Rubric: 0 = Unable to identify the main problem(s), 1 = Identifies the main problem(s) after extended prompting, 2 = Identifies the main problem(s) with fewer prompts needed, 3 = Identifies and prioritizes the main problem(s) unprompted]"",
    ""Background (history)"": ""Gives appropriate history. [Rubric: 0 = History is unstructured or non-relevant, 1 = Relevant history but frequent clarification needed, 2 = Relevant history with few further questions needed, 3 = Comprehensive focused history]"",
    ""Background (examination)"": ""Gives appropriate examination/observations. [Rubric: 0 = Observations are omitted or irrelevant, 1 = Observations reported but frequent clarification needed, 2 = Observations reported with few further questions needed, 3 = Comprehensive focused examination/observations]"",
    ""Assessment"": ""Makes logical assessment (correlates problem, history, exam, context). [Rubric: 0 = No logical assessment, 1 = Assessment only after extended questioning, 2 = Assessment after minimal questioning, 3 = Comprehensive logical assessment without questioning]"",
    ""Recommendation (clear recommendation)"": ""Makes a clear recommendation. [Rubric: 0 = No recommendation, 1 = Clear recommendation only after extended questioning, 2 = Clear recommendation after minimal questioning, 3 = Clear comprehensive recommendation without questioning]"",
    ""Recommendation (global rating scale)"": ""Global Rating Scale (GRS) - How confident am I that I received an accurate picture of the patient? [Rubric: 0 = Not at all confident, 1 = Confident but required extended questioning, 2 = Confident but required some further questioning, 3 = Confident and required little or no questioning]"",
    ""Comments"": ""Comments on the session. [Open-ended]""
  },
  ""responses"": [
    {
      ""respondent"": ""6"",
      ""answers"": {
        ""Date"": ""2025-04-04"",
        ""SessionName"": ""III-Sepsis"",
        ""Identification"": -1,
        ""Situation"": 2,
        ""Background (history)"": 3,
        ""Background (examination)"": 3,
        ""Assessment"": 3,
        ""Recommendation (clear recommendation)"": 3,
        ""Recommendation (global rating scale)"": 3,
        ""Comments"": ""The patient/simulation is not oriented in TPP.\nClear communication between Reg and colleague during handover""
      }
    },
    {
      ""respondent"": ""5"",
      ""answers"": {
        ""Date"": ""2025-03-14"",
        ""SessionName"": ""(MI)-VT"",
        ""Identification"": 0,
        ""Situation"": 2,
        ""Background (history)"": 2,
        ""Background (examination)"": 2,
        ""Assessment"": 2,
        ""Recommendation (clear recommendation)"": 2,
        ""Recommendation (global rating scale)"": 2,
        ""Comments"": ""Time: (15:53-16:14)""
      }
    },
    {
      ""respondent"": ""16"",
      ""answers"": {
        ""Date"": ""2025-05-04"",
        ""SessionName"": ""II - Anaphylaxsis"",
        ""Identification"": 3,
        ""Situation"": 3,
        ""Background (history)"": 3,
        ""Background (examination)"": 3,
        ""Assessment"": 3,
        ""Recommendation (clear recommendation)"": 2,
        ""Recommendation (global rating scale)"": 3,
        ""Comments"": ""Good clear and precise clinical handover\nGood""
      }
    }
  ]
}",0,"<example>
What is the session name for respondent 21?

DATA:

{
  ""questions"": {
    ""Date"": ""What is the date of the session? [Open-ended]"",
    ""SessionName"": ""What is the name of the session? [Open-ended]"",
    ""Identification"": ""Identification of self, role, and patient. [Rubric: 0 = Requires direct prompting, 1 = Introduces themselves but only after a hint, 2 = Introduces themselves but information is incomplete, 3 = Introduces themselves and information is complete]"",
    ""Situation"": ""Identifies the main problem(s). [Rubric: 0 = Unable to identify the main problem(s), 1 = Identifies the main problem(s) after extended prompting, 2 = Identifies the main problem(s) with fewer prompts needed, 3 = Identifies and prioritizes the main problem(s) unprompted]"",
    ""Background (history)"": ""Gives appropriate history. [Rubric: 0 = History is unstructured or non-relevant, 1 = Relevant history but frequent clarification needed, 2 = Relevant history with few further questions needed, 3 = Comprehensive focused history]"",
    ""Background (examination)"": ""Gives appropriate examination/observations. [Rubric: 0 = Observations are omitted or irrelevant, 1 = Observations reported but frequent clarification needed, 2 = Observations reported with few further questions needed, 3 = Comprehensive focused examination/observations]"",
    ""Assessment"": ""Makes logical assessment (correlates problem, history, exam, context). [Rubric: 0 = No logical assessment, 1 = Assessment only after extended questioning, 2 = Assessment after minimal questioning, 3 = Comprehensive logical assessment without questioning]"",
    ""Recommendation (clear recommendation)"": ""Makes a clear recommendation. [Rubric: 0 = No recommendation, 1 = Clear recommendation only after extended questioning, 2 = Clear recommendation after minimal questioning, 3 = Clear comprehensive recommendation without questioning]"",
    ""Recommendation (global rating scale)"": ""Global Rating Scale (GRS) - How confident am I that I received an accurate picture of the patient? [Rubric: 0 = Not at all confident, 1 = Confident but required extended questioning, 2 = Confident but required some further questioning, 3 = Confident and required little or no questioning]"",
    ""Comments"": ""Comments on the session. [Open-ended]""
  },
  ""responses"": [
    {
      ""respondent"": ""21"",
      ""answers"": {
        ""Date"": ""2025-05-16"",
        ""SessionName"": ""II (Anaphylaxsis)"",
        ""Identification"": 3,
        ""Situation"": 3,
        ""Background (history)"": 2,
        ""Background (examination)"": 2,
        ""Assessment"": 2,
        ""Recommendation (clear recommendation)"": 3,
        ""Recommendation (global rating scale)"": 2,
        ""Comments"": ""Overall a bit unclear communication reflected""
      }
    },
    {
      ""respondent"": ""17"",
      ""answers"": {
        ""Date"": ""2025-05-04"",
        ""SessionName"": ""IV - VT"",
        ""Identification"": 3,
        ""Situation"": 3,
        ""Background (history)"": 2,
        ""Background (examination)"": 2,
        ""Assessment"": 3,
        ""Recommendation (clear recommendation)"": 2,
        ""Recommendation (global rating scale)"": 2,
        ""Comments"": ""Not very concise or clear communication\nSatisfactory""
      }
    },
    {
      ""respondent"": ""23"",
      ""answers"": {
        ""Date"": ""2025-05-16"",
        ""SessionName"": ""I (Myocardial infarction)"",
        ""Identification"": 3,
        ""Situation"": 2,
        ""Background (history)"": 3,
        ""Background (examination)"": 1,
        ""Assessment"": 2,
        ""Recommendation (clear recommendation)"": 3,
        ""Recommendation (global rating scale)"": 3,
        ""Comments"": ""Diagnostic clarity is present\nGood and early assessment of condition is done""
      }
    }
  ]
}

Answer: II (Anaphylaxsis)
</example>

<questionnaire>
{
  ""questions"": {
    ""Date"": ""What is the date of the session? [Open-ended]"",
    ""SessionName"": ""What is the name of the session? [Open-ended]"",
    ""Identification"": ""Identification of self, role, and patient. [Rubric: 0 = Requires direct prompting, 1 = Introduces themselves but only after a hint, 2 = Introduces themselves but information is incomplete, 3 = Introduces themselves and information is complete]"",
    ""Situation"": ""Identifies the main problem(s). [Rubric: 0 = Unable to identify the main problem(s), 1 = Identifies the main problem(s) after extended prompting, 2 = Identifies the main problem(s) with fewer prompts needed, 3 = Identifies and prioritizes the main problem(s) unprompted]"",
    ""Background (history)"": ""Gives appropriate history. [Rubric: 0 = History is unstructured or non-relevant, 1 = Relevant history but frequent clarification needed, 2 = Relevant history with few further questions needed, 3 = Comprehensive focused history]"",
    ""Background (examination)"": ""Gives appropriate examination/observations. [Rubric: 0 = Observations are omitted or irrelevant, 1 = Observations reported but frequent clarification needed, 2 = Observations reported with few further questions needed, 3 = Comprehensive focused examination/observations]"",
    ""Assessment"": ""Makes logical assessment (correlates problem, history, exam, context). [Rubric: 0 = No logical assessment, 1 = Assessment only after extended questioning, 2 = Assessment after minimal questioning, 3 = Comprehensive logical assessment without questioning]"",
    ""Recommendation (clear recommendation)"": ""Makes a clear recommendation. [Rubric: 0 = No recommendation, 1 = Clear recommendation only after extended questioning, 2 = Clear recommendation after minimal questioning, 3 = Clear comprehensive recommendation without questioning]"",
    ""Recommendation (global rating scale)"": ""Global Rating Scale (GRS) - How confident am I that I received an accurate picture of the patient? [Rubric: 0 = Not at all confident, 1 = Confident but required extended questioning, 2 = Confident but required some further questioning, 3 = Confident and required little or no questioning]"",
    ""Comments"": ""Comments on the session. [Open-ended]""
  },
  ""responses"": [
    {
      ""respondent"": ""6"",
      ""answers"": {
        ""Date"": ""2025-04-04"",
        ""SessionName"": ""III-Sepsis"",
        ""Identification"": -1,
        ""Situation"": 2,
        ""Background (history)"": 3,
        ""Background (examination)"": 3,
        ""Assessment"": 3,
        ""Recommendation (clear recommendation)"": 3,
        ""Recommendation (global rating scale)"": 3,
        ""Comments"": ""The patient/simulation is not oriented in TPP.\nClear communication between Reg and colleague during handover""
      }
    },
    {
      ""respondent"": ""5"",
      ""answers"": {
        ""Date"": ""2025-03-14"",
        ""SessionName"": ""(MI)-VT"",
        ""Identification"": 0,
        ""Situation"": 2,
        ""Background (history)"": 2,
        ""Background (examination)"": 2,
        ""Assessment"": 2,
        ""Recommendation (clear recommendation)"": 2,
        ""Recommendation (global rating scale)"": 2,
        ""Comments"": ""Time: (15:53-16:14)""
      }
    },
    {
      ""respondent"": ""16"",
      ""answers"": {
        ""Date"": ""2025-05-04"",
        ""SessionName"": ""II - Anaphylaxsis"",
        ""Identification"": 3,
        ""Situation"": 3,
        ""Background (history)"": 3,
        ""Background (examination)"": 3,
        ""Assessment"": 3,
        ""Recommendation (clear recommendation)"": 2,
        ""Recommendation (global rating scale)"": 3,
        ""Comments"": ""Good clear and precise clinical handover\nGood""
      }
    }
  ]
}
</questionnaire>

<role>
You are a meticulous data analyst AI. Your primary function is to accurately analyze structured data and provide precise, verifiable answers.
</role>

<output>
Provide your final answer directly and concisely. Output must be the human-readable value, not an option code.

Rules:
- For MCQ fields, map any letter codes in the Responses (case-insensitive) to the corresponding option text from the Questions schema, and output only that text. Do NOT include the letter or both.
  Example: If the schema is ""[MCQ: A. Abnormal B. Inconclusive C. Normal]"" and the response is ""a"", output ""Abnormal"".
- For open-ended fields, output the exact text value.
- If the question asks for a count, provide only the number (e.g., ""42"").
- If the question asks for a list of names or IDs, provide a simple comma-separated list (e.g., ""17, 21, 23"").
- Preserve capitalization exactly as in the schema (e.g., output ""Abnormal"", not ""abnormal"" or ""A"").
</output>

<task>
What is the identification score for respondent 5?
</task>",,
case_16,answer_lookup,What is the global rating score for respondent 11?,"{
  ""questions"": {
    ""Date"": ""What is the date of the session? [Open-ended]"",
    ""SessionName"": ""What is the name of the session? [Open-ended]"",
    ""Identification"": ""Identification of self, role, and patient. [Rubric: 0 = Requires direct prompting, 1 = Introduces themselves but only after a hint, 2 = Introduces themselves but information is incomplete, 3 = Introduces themselves and information is complete]"",
    ""Situation"": ""Identifies the main problem(s). [Rubric: 0 = Unable to identify the main problem(s), 1 = Identifies the main problem(s) after extended prompting, 2 = Identifies the main problem(s) with fewer prompts needed, 3 = Identifies and prioritizes the main problem(s) unprompted]"",
    ""Background (history)"": ""Gives appropriate history. [Rubric: 0 = History is unstructured or non-relevant, 1 = Relevant history but frequent clarification needed, 2 = Relevant history with few further questions needed, 3 = Comprehensive focused history]"",
    ""Background (examination)"": ""Gives appropriate examination/observations. [Rubric: 0 = Observations are omitted or irrelevant, 1 = Observations reported but frequent clarification needed, 2 = Observations reported with few further questions needed, 3 = Comprehensive focused examination/observations]"",
    ""Assessment"": ""Makes logical assessment (correlates problem, history, exam, context). [Rubric: 0 = No logical assessment, 1 = Assessment only after extended questioning, 2 = Assessment after minimal questioning, 3 = Comprehensive logical assessment without questioning]"",
    ""Recommendation (clear recommendation)"": ""Makes a clear recommendation. [Rubric: 0 = No recommendation, 1 = Clear recommendation only after extended questioning, 2 = Clear recommendation after minimal questioning, 3 = Clear comprehensive recommendation without questioning]"",
    ""Recommendation (global rating scale)"": ""Global Rating Scale (GRS) - How confident am I that I received an accurate picture of the patient? [Rubric: 0 = Not at all confident, 1 = Confident but required extended questioning, 2 = Confident but required some further questioning, 3 = Confident and required little or no questioning]"",
    ""Comments"": ""Comments on the session. [Open-ended]""
  },
  ""responses"": [
    {
      ""respondent"": ""11"",
      ""answers"": {
        ""Date"": ""2025-05-02"",
        ""SessionName"": ""II (Anaphylaxis)"",
        ""Identification"": 3,
        ""Situation"": 3,
        ""Background (history)"": 3,
        ""Background (examination)"": 3,
        ""Assessment"": 2,
        ""Recommendation (clear recommendation)"": 3,
        ""Recommendation (global rating scale)"": 3,
        ""Comments"": ""Good""
      }
    },
    {
      ""respondent"": ""22"",
      ""answers"": {
        ""Date"": ""2025-05-16"",
        ""SessionName"": ""IV (VT)"",
        ""Identification"": 3,
        ""Situation"": 3,
        ""Background (history)"": 3,
        ""Background (examination)"": 3,
        ""Assessment"": 2,
        ""Recommendation (clear recommendation)"": 2,
        ""Recommendation (global rating scale)"": 3,
        ""Comments"": ""Clear communication skills\nGood""
      }
    },
    {
      ""respondent"": ""23"",
      ""answers"": {
        ""Date"": ""2025-05-16"",
        ""SessionName"": ""I (Myocardial infarction)"",
        ""Identification"": 3,
        ""Situation"": 2,
        ""Background (history)"": 3,
        ""Background (examination)"": 1,
        ""Assessment"": 2,
        ""Recommendation (clear recommendation)"": 3,
        ""Recommendation (global rating scale)"": 3,
        ""Comments"": ""Diagnostic clarity is present\nGood and early assessment of condition is done""
      }
    }
  ]
}",3,"<example>
What is the session name for respondent 21?

DATA:

{
  ""questions"": {
    ""Date"": ""What is the date of the session? [Open-ended]"",
    ""SessionName"": ""What is the name of the session? [Open-ended]"",
    ""Identification"": ""Identification of self, role, and patient. [Rubric: 0 = Requires direct prompting, 1 = Introduces themselves but only after a hint, 2 = Introduces themselves but information is incomplete, 3 = Introduces themselves and information is complete]"",
    ""Situation"": ""Identifies the main problem(s). [Rubric: 0 = Unable to identify the main problem(s), 1 = Identifies the main problem(s) after extended prompting, 2 = Identifies the main problem(s) with fewer prompts needed, 3 = Identifies and prioritizes the main problem(s) unprompted]"",
    ""Background (history)"": ""Gives appropriate history. [Rubric: 0 = History is unstructured or non-relevant, 1 = Relevant history but frequent clarification needed, 2 = Relevant history with few further questions needed, 3 = Comprehensive focused history]"",
    ""Background (examination)"": ""Gives appropriate examination/observations. [Rubric: 0 = Observations are omitted or irrelevant, 1 = Observations reported but frequent clarification needed, 2 = Observations reported with few further questions needed, 3 = Comprehensive focused examination/observations]"",
    ""Assessment"": ""Makes logical assessment (correlates problem, history, exam, context). [Rubric: 0 = No logical assessment, 1 = Assessment only after extended questioning, 2 = Assessment after minimal questioning, 3 = Comprehensive logical assessment without questioning]"",
    ""Recommendation (clear recommendation)"": ""Makes a clear recommendation. [Rubric: 0 = No recommendation, 1 = Clear recommendation only after extended questioning, 2 = Clear recommendation after minimal questioning, 3 = Clear comprehensive recommendation without questioning]"",
    ""Recommendation (global rating scale)"": ""Global Rating Scale (GRS) - How confident am I that I received an accurate picture of the patient? [Rubric: 0 = Not at all confident, 1 = Confident but required extended questioning, 2 = Confident but required some further questioning, 3 = Confident and required little or no questioning]"",
    ""Comments"": ""Comments on the session. [Open-ended]""
  },
  ""responses"": [
    {
      ""respondent"": ""21"",
      ""answers"": {
        ""Date"": ""2025-05-16"",
        ""SessionName"": ""II (Anaphylaxsis)"",
        ""Identification"": 3,
        ""Situation"": 3,
        ""Background (history)"": 2,
        ""Background (examination)"": 2,
        ""Assessment"": 2,
        ""Recommendation (clear recommendation)"": 3,
        ""Recommendation (global rating scale)"": 2,
        ""Comments"": ""Overall a bit unclear communication reflected""
      }
    },
    {
      ""respondent"": ""17"",
      ""answers"": {
        ""Date"": ""2025-05-04"",
        ""SessionName"": ""IV - VT"",
        ""Identification"": 3,
        ""Situation"": 3,
        ""Background (history)"": 2,
        ""Background (examination)"": 2,
        ""Assessment"": 3,
        ""Recommendation (clear recommendation)"": 2,
        ""Recommendation (global rating scale)"": 2,
        ""Comments"": ""Not very concise or clear communication\nSatisfactory""
      }
    },
    {
      ""respondent"": ""23"",
      ""answers"": {
        ""Date"": ""2025-05-16"",
        ""SessionName"": ""I (Myocardial infarction)"",
        ""Identification"": 3,
        ""Situation"": 2,
        ""Background (history)"": 3,
        ""Background (examination)"": 1,
        ""Assessment"": 2,
        ""Recommendation (clear recommendation)"": 3,
        ""Recommendation (global rating scale)"": 3,
        ""Comments"": ""Diagnostic clarity is present\nGood and early assessment of condition is done""
      }
    }
  ]
}

Answer: II (Anaphylaxsis)
</example>

<questionnaire>
{
  ""questions"": {
    ""Date"": ""What is the date of the session? [Open-ended]"",
    ""SessionName"": ""What is the name of the session? [Open-ended]"",
    ""Identification"": ""Identification of self, role, and patient. [Rubric: 0 = Requires direct prompting, 1 = Introduces themselves but only after a hint, 2 = Introduces themselves but information is incomplete, 3 = Introduces themselves and information is complete]"",
    ""Situation"": ""Identifies the main problem(s). [Rubric: 0 = Unable to identify the main problem(s), 1 = Identifies the main problem(s) after extended prompting, 2 = Identifies the main problem(s) with fewer prompts needed, 3 = Identifies and prioritizes the main problem(s) unprompted]"",
    ""Background (history)"": ""Gives appropriate history. [Rubric: 0 = History is unstructured or non-relevant, 1 = Relevant history but frequent clarification needed, 2 = Relevant history with few further questions needed, 3 = Comprehensive focused history]"",
    ""Background (examination)"": ""Gives appropriate examination/observations. [Rubric: 0 = Observations are omitted or irrelevant, 1 = Observations reported but frequent clarification needed, 2 = Observations reported with few further questions needed, 3 = Comprehensive focused examination/observations]"",
    ""Assessment"": ""Makes logical assessment (correlates problem, history, exam, context). [Rubric: 0 = No logical assessment, 1 = Assessment only after extended questioning, 2 = Assessment after minimal questioning, 3 = Comprehensive logical assessment without questioning]"",
    ""Recommendation (clear recommendation)"": ""Makes a clear recommendation. [Rubric: 0 = No recommendation, 1 = Clear recommendation only after extended questioning, 2 = Clear recommendation after minimal questioning, 3 = Clear comprehensive recommendation without questioning]"",
    ""Recommendation (global rating scale)"": ""Global Rating Scale (GRS) - How confident am I that I received an accurate picture of the patient? [Rubric: 0 = Not at all confident, 1 = Confident but required extended questioning, 2 = Confident but required some further questioning, 3 = Confident and required little or no questioning]"",
    ""Comments"": ""Comments on the session. [Open-ended]""
  },
  ""responses"": [
    {
      ""respondent"": ""11"",
      ""answers"": {
        ""Date"": ""2025-05-02"",
        ""SessionName"": ""II (Anaphylaxis)"",
        ""Identification"": 3,
        ""Situation"": 3,
        ""Background (history)"": 3,
        ""Background (examination)"": 3,
        ""Assessment"": 2,
        ""Recommendation (clear recommendation)"": 3,
        ""Recommendation (global rating scale)"": 3,
        ""Comments"": ""Good""
      }
    },
    {
      ""respondent"": ""22"",
      ""answers"": {
        ""Date"": ""2025-05-16"",
        ""SessionName"": ""IV (VT)"",
        ""Identification"": 3,
        ""Situation"": 3,
        ""Background (history)"": 3,
        ""Background (examination)"": 3,
        ""Assessment"": 2,
        ""Recommendation (clear recommendation)"": 2,
        ""Recommendation (global rating scale)"": 3,
        ""Comments"": ""Clear communication skills\nGood""
      }
    },
    {
      ""respondent"": ""23"",
      ""answers"": {
        ""Date"": ""2025-05-16"",
        ""SessionName"": ""I (Myocardial infarction)"",
        ""Identification"": 3,
        ""Situation"": 2,
        ""Background (history)"": 3,
        ""Background (examination)"": 1,
        ""Assessment"": 2,
        ""Recommendation (clear recommendation)"": 3,
        ""Recommendation (global rating scale)"": 3,
        ""Comments"": ""Diagnostic clarity is present\nGood and early assessment of condition is done""
      }
    }
  ]
}
</questionnaire>

<role>
You are a meticulous data analyst AI. Your primary function is to accurately analyze structured data and provide precise, verifiable answers.
</role>

<output>
Provide your final answer directly and concisely. Output must be the human-readable value, not an option code.

Rules:
- For MCQ fields, map any letter codes in the Responses (case-insensitive) to the corresponding option text from the Questions schema, and output only that text. Do NOT include the letter or both.
  Example: If the schema is ""[MCQ: A. Abnormal B. Inconclusive C. Normal]"" and the response is ""a"", output ""Abnormal"".
- For open-ended fields, output the exact text value.
- If the question asks for a count, provide only the number (e.g., ""42"").
- If the question asks for a list of names or IDs, provide a simple comma-separated list (e.g., ""17, 21, 23"").
- Preserve capitalization exactly as in the schema (e.g., output ""Abnormal"", not ""abnormal"" or ""A"").
</output>

<task>
What is the global rating score for respondent 11?
</task>",,
case_17,answer_lookup,What is the identification score for respondent 1?,"{
  ""questions"": {
    ""Date"": ""What is the date of the session? [Open-ended]"",
    ""SessionName"": ""What is the name of the session? [Open-ended]"",
    ""Identification"": ""Identification of self, role, and patient. [Rubric: 0 = Requires direct prompting, 1 = Introduces themselves but only after a hint, 2 = Introduces themselves but information is incomplete, 3 = Introduces themselves and information is complete]"",
    ""Situation"": ""Identifies the main problem(s). [Rubric: 0 = Unable to identify the main problem(s), 1 = Identifies the main problem(s) after extended prompting, 2 = Identifies the main problem(s) with fewer prompts needed, 3 = Identifies and prioritizes the main problem(s) unprompted]"",
    ""Background (history)"": ""Gives appropriate history. [Rubric: 0 = History is unstructured or non-relevant, 1 = Relevant history but frequent clarification needed, 2 = Relevant history with few further questions needed, 3 = Comprehensive focused history]"",
    ""Background (examination)"": ""Gives appropriate examination/observations. [Rubric: 0 = Observations are omitted or irrelevant, 1 = Observations reported but frequent clarification needed, 2 = Observations reported with few further questions needed, 3 = Comprehensive focused examination/observations]"",
    ""Assessment"": ""Makes logical assessment (correlates problem, history, exam, context). [Rubric: 0 = No logical assessment, 1 = Assessment only after extended questioning, 2 = Assessment after minimal questioning, 3 = Comprehensive logical assessment without questioning]"",
    ""Recommendation (clear recommendation)"": ""Makes a clear recommendation. [Rubric: 0 = No recommendation, 1 = Clear recommendation only after extended questioning, 2 = Clear recommendation after minimal questioning, 3 = Clear comprehensive recommendation without questioning]"",
    ""Recommendation (global rating scale)"": ""Global Rating Scale (GRS) - How confident am I that I received an accurate picture of the patient? [Rubric: 0 = Not at all confident, 1 = Confident but required extended questioning, 2 = Confident but required some further questioning, 3 = Confident and required little or no questioning]"",
    ""Comments"": ""Comments on the session. [Open-ended]""
  },
  ""responses"": [
    {
      ""respondent"": ""1"",
      ""answers"": {
        ""Date"": ""2025-03-14"",
        ""SessionName"": ""III-Sepsis"",
        ""Identification"": 3,
        ""Situation"": 3,
        ""Background (history)"": 2,
        ""Background (examination)"": 3,
        ""Assessment"": 2,
        ""Recommendation (clear recommendation)"": 2,
        ""Recommendation (global rating scale)"": 2,
        ""Comments"": ""Time: (1:00-1:17)""
      }
    },
    {
      ""respondent"": ""22"",
      ""answers"": {
        ""Date"": ""2025-05-16"",
        ""SessionName"": ""IV (VT)"",
        ""Identification"": 3,
        ""Situation"": 3,
        ""Background (history)"": 3,
        ""Background (examination)"": 3,
        ""Assessment"": 2,
        ""Recommendation (clear recommendation)"": 2,
        ""Recommendation (global rating scale)"": 3,
        ""Comments"": ""Clear communication skills\nGood""
      }
    },
    {
      ""respondent"": ""15"",
      ""answers"": {
        ""Date"": ""2025-05-04"",
        ""SessionName"": ""III - Sepsis"",
        ""Identification"": 3,
        ""Situation"": 3,
        ""Background (history)"": 2,
        ""Background (examination)"": 3,
        ""Assessment"": 2,
        ""Recommendation (clear recommendation)"": 2,
        ""Recommendation (global rating scale)"": 2,
        ""Comments"": ""Detailed Response - clear communication""
      }
    }
  ]
}",3,"<example>
What is the session name for respondent 21?

DATA:

{
  ""questions"": {
    ""Date"": ""What is the date of the session? [Open-ended]"",
    ""SessionName"": ""What is the name of the session? [Open-ended]"",
    ""Identification"": ""Identification of self, role, and patient. [Rubric: 0 = Requires direct prompting, 1 = Introduces themselves but only after a hint, 2 = Introduces themselves but information is incomplete, 3 = Introduces themselves and information is complete]"",
    ""Situation"": ""Identifies the main problem(s). [Rubric: 0 = Unable to identify the main problem(s), 1 = Identifies the main problem(s) after extended prompting, 2 = Identifies the main problem(s) with fewer prompts needed, 3 = Identifies and prioritizes the main problem(s) unprompted]"",
    ""Background (history)"": ""Gives appropriate history. [Rubric: 0 = History is unstructured or non-relevant, 1 = Relevant history but frequent clarification needed, 2 = Relevant history with few further questions needed, 3 = Comprehensive focused history]"",
    ""Background (examination)"": ""Gives appropriate examination/observations. [Rubric: 0 = Observations are omitted or irrelevant, 1 = Observations reported but frequent clarification needed, 2 = Observations reported with few further questions needed, 3 = Comprehensive focused examination/observations]"",
    ""Assessment"": ""Makes logical assessment (correlates problem, history, exam, context). [Rubric: 0 = No logical assessment, 1 = Assessment only after extended questioning, 2 = Assessment after minimal questioning, 3 = Comprehensive logical assessment without questioning]"",
    ""Recommendation (clear recommendation)"": ""Makes a clear recommendation. [Rubric: 0 = No recommendation, 1 = Clear recommendation only after extended questioning, 2 = Clear recommendation after minimal questioning, 3 = Clear comprehensive recommendation without questioning]"",
    ""Recommendation (global rating scale)"": ""Global Rating Scale (GRS) - How confident am I that I received an accurate picture of the patient? [Rubric: 0 = Not at all confident, 1 = Confident but required extended questioning, 2 = Confident but required some further questioning, 3 = Confident and required little or no questioning]"",
    ""Comments"": ""Comments on the session. [Open-ended]""
  },
  ""responses"": [
    {
      ""respondent"": ""21"",
      ""answers"": {
        ""Date"": ""2025-05-16"",
        ""SessionName"": ""II (Anaphylaxsis)"",
        ""Identification"": 3,
        ""Situation"": 3,
        ""Background (history)"": 2,
        ""Background (examination)"": 2,
        ""Assessment"": 2,
        ""Recommendation (clear recommendation)"": 3,
        ""Recommendation (global rating scale)"": 2,
        ""Comments"": ""Overall a bit unclear communication reflected""
      }
    },
    {
      ""respondent"": ""17"",
      ""answers"": {
        ""Date"": ""2025-05-04"",
        ""SessionName"": ""IV - VT"",
        ""Identification"": 3,
        ""Situation"": 3,
        ""Background (history)"": 2,
        ""Background (examination)"": 2,
        ""Assessment"": 3,
        ""Recommendation (clear recommendation)"": 2,
        ""Recommendation (global rating scale)"": 2,
        ""Comments"": ""Not very concise or clear communication\nSatisfactory""
      }
    },
    {
      ""respondent"": ""23"",
      ""answers"": {
        ""Date"": ""2025-05-16"",
        ""SessionName"": ""I (Myocardial infarction)"",
        ""Identification"": 3,
        ""Situation"": 2,
        ""Background (history)"": 3,
        ""Background (examination)"": 1,
        ""Assessment"": 2,
        ""Recommendation (clear recommendation)"": 3,
        ""Recommendation (global rating scale)"": 3,
        ""Comments"": ""Diagnostic clarity is present\nGood and early assessment of condition is done""
      }
    }
  ]
}

Answer: II (Anaphylaxsis)
</example>

<questionnaire>
{
  ""questions"": {
    ""Date"": ""What is the date of the session? [Open-ended]"",
    ""SessionName"": ""What is the name of the session? [Open-ended]"",
    ""Identification"": ""Identification of self, role, and patient. [Rubric: 0 = Requires direct prompting, 1 = Introduces themselves but only after a hint, 2 = Introduces themselves but information is incomplete, 3 = Introduces themselves and information is complete]"",
    ""Situation"": ""Identifies the main problem(s). [Rubric: 0 = Unable to identify the main problem(s), 1 = Identifies the main problem(s) after extended prompting, 2 = Identifies the main problem(s) with fewer prompts needed, 3 = Identifies and prioritizes the main problem(s) unprompted]"",
    ""Background (history)"": ""Gives appropriate history. [Rubric: 0 = History is unstructured or non-relevant, 1 = Relevant history but frequent clarification needed, 2 = Relevant history with few further questions needed, 3 = Comprehensive focused history]"",
    ""Background (examination)"": ""Gives appropriate examination/observations. [Rubric: 0 = Observations are omitted or irrelevant, 1 = Observations reported but frequent clarification needed, 2 = Observations reported with few further questions needed, 3 = Comprehensive focused examination/observations]"",
    ""Assessment"": ""Makes logical assessment (correlates problem, history, exam, context). [Rubric: 0 = No logical assessment, 1 = Assessment only after extended questioning, 2 = Assessment after minimal questioning, 3 = Comprehensive logical assessment without questioning]"",
    ""Recommendation (clear recommendation)"": ""Makes a clear recommendation. [Rubric: 0 = No recommendation, 1 = Clear recommendation only after extended questioning, 2 = Clear recommendation after minimal questioning, 3 = Clear comprehensive recommendation without questioning]"",
    ""Recommendation (global rating scale)"": ""Global Rating Scale (GRS) - How confident am I that I received an accurate picture of the patient? [Rubric: 0 = Not at all confident, 1 = Confident but required extended questioning, 2 = Confident but required some further questioning, 3 = Confident and required little or no questioning]"",
    ""Comments"": ""Comments on the session. [Open-ended]""
  },
  ""responses"": [
    {
      ""respondent"": ""1"",
      ""answers"": {
        ""Date"": ""2025-03-14"",
        ""SessionName"": ""III-Sepsis"",
        ""Identification"": 3,
        ""Situation"": 3,
        ""Background (history)"": 2,
        ""Background (examination)"": 3,
        ""Assessment"": 2,
        ""Recommendation (clear recommendation)"": 2,
        ""Recommendation (global rating scale)"": 2,
        ""Comments"": ""Time: (1:00-1:17)""
      }
    },
    {
      ""respondent"": ""22"",
      ""answers"": {
        ""Date"": ""2025-05-16"",
        ""SessionName"": ""IV (VT)"",
        ""Identification"": 3,
        ""Situation"": 3,
        ""Background (history)"": 3,
        ""Background (examination)"": 3,
        ""Assessment"": 2,
        ""Recommendation (clear recommendation)"": 2,
        ""Recommendation (global rating scale)"": 3,
        ""Comments"": ""Clear communication skills\nGood""
      }
    },
    {
      ""respondent"": ""15"",
      ""answers"": {
        ""Date"": ""2025-05-04"",
        ""SessionName"": ""III - Sepsis"",
        ""Identification"": 3,
        ""Situation"": 3,
        ""Background (history)"": 2,
        ""Background (examination)"": 3,
        ""Assessment"": 2,
        ""Recommendation (clear recommendation)"": 2,
        ""Recommendation (global rating scale)"": 2,
        ""Comments"": ""Detailed Response - clear communication""
      }
    }
  ]
}
</questionnaire>

<role>
You are a meticulous data analyst AI. Your primary function is to accurately analyze structured data and provide precise, verifiable answers.
</role>

<output>
Provide your final answer directly and concisely. Output must be the human-readable value, not an option code.

Rules:
- For MCQ fields, map any letter codes in the Responses (case-insensitive) to the corresponding option text from the Questions schema, and output only that text. Do NOT include the letter or both.
  Example: If the schema is ""[MCQ: A. Abnormal B. Inconclusive C. Normal]"" and the response is ""a"", output ""Abnormal"".
- For open-ended fields, output the exact text value.
- If the question asks for a count, provide only the number (e.g., ""42"").
- If the question asks for a list of names or IDs, provide a simple comma-separated list (e.g., ""17, 21, 23"").
- Preserve capitalization exactly as in the schema (e.g., output ""Abnormal"", not ""abnormal"" or ""A"").
</output>

<task>
What is the identification score for respondent 1?
</task>",,
case_18,answer_lookup,What is the global rating score for respondent 20?,"{
  ""questions"": {
    ""Date"": ""What is the date of the session? [Open-ended]"",
    ""SessionName"": ""What is the name of the session? [Open-ended]"",
    ""Identification"": ""Identification of self, role, and patient. [Rubric: 0 = Requires direct prompting, 1 = Introduces themselves but only after a hint, 2 = Introduces themselves but information is incomplete, 3 = Introduces themselves and information is complete]"",
    ""Situation"": ""Identifies the main problem(s). [Rubric: 0 = Unable to identify the main problem(s), 1 = Identifies the main problem(s) after extended prompting, 2 = Identifies the main problem(s) with fewer prompts needed, 3 = Identifies and prioritizes the main problem(s) unprompted]"",
    ""Background (history)"": ""Gives appropriate history. [Rubric: 0 = History is unstructured or non-relevant, 1 = Relevant history but frequent clarification needed, 2 = Relevant history with few further questions needed, 3 = Comprehensive focused history]"",
    ""Background (examination)"": ""Gives appropriate examination/observations. [Rubric: 0 = Observations are omitted or irrelevant, 1 = Observations reported but frequent clarification needed, 2 = Observations reported with few further questions needed, 3 = Comprehensive focused examination/observations]"",
    ""Assessment"": ""Makes logical assessment (correlates problem, history, exam, context). [Rubric: 0 = No logical assessment, 1 = Assessment only after extended questioning, 2 = Assessment after minimal questioning, 3 = Comprehensive logical assessment without questioning]"",
    ""Recommendation (clear recommendation)"": ""Makes a clear recommendation. [Rubric: 0 = No recommendation, 1 = Clear recommendation only after extended questioning, 2 = Clear recommendation after minimal questioning, 3 = Clear comprehensive recommendation without questioning]"",
    ""Recommendation (global rating scale)"": ""Global Rating Scale (GRS) - How confident am I that I received an accurate picture of the patient? [Rubric: 0 = Not at all confident, 1 = Confident but required extended questioning, 2 = Confident but required some further questioning, 3 = Confident and required little or no questioning]"",
    ""Comments"": ""Comments on the session. [Open-ended]""
  },
  ""responses"": [
    {
      ""respondent"": ""20"",
      ""answers"": {
        ""Date"": ""2025-05-16"",
        ""SessionName"": ""III (Sepsis)"",
        ""Identification"": 3,
        ""Situation"": 3,
        ""Background (history)"": 3,
        ""Background (examination)"": 2,
        ""Assessment"": 2,
        ""Recommendation (clear recommendation)"": 2,
        ""Recommendation (global rating scale)"": 2,
        ""Comments"": ""Clinical handover and communication skills, satisfactory\nNo panic, no arrest team\nSatisfactory""
      }
    },
    {
      ""respondent"": ""4"",
      ""answers"": {
        ""Date"": ""2025-03-14"",
        ""SessionName"": ""I-VF"",
        ""Identification"": 3,
        ""Situation"": 3,
        ""Background (history)"": 2,
        ""Background (examination)"": 1,
        ""Assessment"": 2,
        ""Recommendation (clear recommendation)"": 2,
        ""Recommendation (global rating scale)"": 2,
        ""Comments"": ""Time: (10:29-10:54)\nVentricular fibrillation (CVS)\nLack of communication btween 2 main interns\nFurther brief to patient, ask patent concerns""
      }
    },
    {
      ""respondent"": ""17"",
      ""answers"": {
        ""Date"": ""2025-05-04"",
        ""SessionName"": ""IV - VT"",
        ""Identification"": 3,
        ""Situation"": 3,
        ""Background (history)"": 2,
        ""Background (examination)"": 2,
        ""Assessment"": 3,
        ""Recommendation (clear recommendation)"": 2,
        ""Recommendation (global rating scale)"": 2,
        ""Comments"": ""Not very concise or clear communication\nSatisfactory""
      }
    }
  ]
}",2,"<example>
What is the session name for respondent 21?

DATA:

{
  ""questions"": {
    ""Date"": ""What is the date of the session? [Open-ended]"",
    ""SessionName"": ""What is the name of the session? [Open-ended]"",
    ""Identification"": ""Identification of self, role, and patient. [Rubric: 0 = Requires direct prompting, 1 = Introduces themselves but only after a hint, 2 = Introduces themselves but information is incomplete, 3 = Introduces themselves and information is complete]"",
    ""Situation"": ""Identifies the main problem(s). [Rubric: 0 = Unable to identify the main problem(s), 1 = Identifies the main problem(s) after extended prompting, 2 = Identifies the main problem(s) with fewer prompts needed, 3 = Identifies and prioritizes the main problem(s) unprompted]"",
    ""Background (history)"": ""Gives appropriate history. [Rubric: 0 = History is unstructured or non-relevant, 1 = Relevant history but frequent clarification needed, 2 = Relevant history with few further questions needed, 3 = Comprehensive focused history]"",
    ""Background (examination)"": ""Gives appropriate examination/observations. [Rubric: 0 = Observations are omitted or irrelevant, 1 = Observations reported but frequent clarification needed, 2 = Observations reported with few further questions needed, 3 = Comprehensive focused examination/observations]"",
    ""Assessment"": ""Makes logical assessment (correlates problem, history, exam, context). [Rubric: 0 = No logical assessment, 1 = Assessment only after extended questioning, 2 = Assessment after minimal questioning, 3 = Comprehensive logical assessment without questioning]"",
    ""Recommendation (clear recommendation)"": ""Makes a clear recommendation. [Rubric: 0 = No recommendation, 1 = Clear recommendation only after extended questioning, 2 = Clear recommendation after minimal questioning, 3 = Clear comprehensive recommendation without questioning]"",
    ""Recommendation (global rating scale)"": ""Global Rating Scale (GRS) - How confident am I that I received an accurate picture of the patient? [Rubric: 0 = Not at all confident, 1 = Confident but required extended questioning, 2 = Confident but required some further questioning, 3 = Confident and required little or no questioning]"",
    ""Comments"": ""Comments on the session. [Open-ended]""
  },
  ""responses"": [
    {
      ""respondent"": ""21"",
      ""answers"": {
        ""Date"": ""2025-05-16"",
        ""SessionName"": ""II (Anaphylaxsis)"",
        ""Identification"": 3,
        ""Situation"": 3,
        ""Background (history)"": 2,
        ""Background (examination)"": 2,
        ""Assessment"": 2,
        ""Recommendation (clear recommendation)"": 3,
        ""Recommendation (global rating scale)"": 2,
        ""Comments"": ""Overall a bit unclear communication reflected""
      }
    },
    {
      ""respondent"": ""17"",
      ""answers"": {
        ""Date"": ""2025-05-04"",
        ""SessionName"": ""IV - VT"",
        ""Identification"": 3,
        ""Situation"": 3,
        ""Background (history)"": 2,
        ""Background (examination)"": 2,
        ""Assessment"": 3,
        ""Recommendation (clear recommendation)"": 2,
        ""Recommendation (global rating scale)"": 2,
        ""Comments"": ""Not very concise or clear communication\nSatisfactory""
      }
    },
    {
      ""respondent"": ""23"",
      ""answers"": {
        ""Date"": ""2025-05-16"",
        ""SessionName"": ""I (Myocardial infarction)"",
        ""Identification"": 3,
        ""Situation"": 2,
        ""Background (history)"": 3,
        ""Background (examination)"": 1,
        ""Assessment"": 2,
        ""Recommendation (clear recommendation)"": 3,
        ""Recommendation (global rating scale)"": 3,
        ""Comments"": ""Diagnostic clarity is present\nGood and early assessment of condition is done""
      }
    }
  ]
}

Answer: II (Anaphylaxsis)
</example>

<questionnaire>
{
  ""questions"": {
    ""Date"": ""What is the date of the session? [Open-ended]"",
    ""SessionName"": ""What is the name of the session? [Open-ended]"",
    ""Identification"": ""Identification of self, role, and patient. [Rubric: 0 = Requires direct prompting, 1 = Introduces themselves but only after a hint, 2 = Introduces themselves but information is incomplete, 3 = Introduces themselves and information is complete]"",
    ""Situation"": ""Identifies the main problem(s). [Rubric: 0 = Unable to identify the main problem(s), 1 = Identifies the main problem(s) after extended prompting, 2 = Identifies the main problem(s) with fewer prompts needed, 3 = Identifies and prioritizes the main problem(s) unprompted]"",
    ""Background (history)"": ""Gives appropriate history. [Rubric: 0 = History is unstructured or non-relevant, 1 = Relevant history but frequent clarification needed, 2 = Relevant history with few further questions needed, 3 = Comprehensive focused history]"",
    ""Background (examination)"": ""Gives appropriate examination/observations. [Rubric: 0 = Observations are omitted or irrelevant, 1 = Observations reported but frequent clarification needed, 2 = Observations reported with few further questions needed, 3 = Comprehensive focused examination/observations]"",
    ""Assessment"": ""Makes logical assessment (correlates problem, history, exam, context). [Rubric: 0 = No logical assessment, 1 = Assessment only after extended questioning, 2 = Assessment after minimal questioning, 3 = Comprehensive logical assessment without questioning]"",
    ""Recommendation (clear recommendation)"": ""Makes a clear recommendation. [Rubric: 0 = No recommendation, 1 = Clear recommendation only after extended questioning, 2 = Clear recommendation after minimal questioning, 3 = Clear comprehensive recommendation without questioning]"",
    ""Recommendation (global rating scale)"": ""Global Rating Scale (GRS) - How confident am I that I received an accurate picture of the patient? [Rubric: 0 = Not at all confident, 1 = Confident but required extended questioning, 2 = Confident but required some further questioning, 3 = Confident and required little or no questioning]"",
    ""Comments"": ""Comments on the session. [Open-ended]""
  },
  ""responses"": [
    {
      ""respondent"": ""20"",
      ""answers"": {
        ""Date"": ""2025-05-16"",
        ""SessionName"": ""III (Sepsis)"",
        ""Identification"": 3,
        ""Situation"": 3,
        ""Background (history)"": 3,
        ""Background (examination)"": 2,
        ""Assessment"": 2,
        ""Recommendation (clear recommendation)"": 2,
        ""Recommendation (global rating scale)"": 2,
        ""Comments"": ""Clinical handover and communication skills, satisfactory\nNo panic, no arrest team\nSatisfactory""
      }
    },
    {
      ""respondent"": ""4"",
      ""answers"": {
        ""Date"": ""2025-03-14"",
        ""SessionName"": ""I-VF"",
        ""Identification"": 3,
        ""Situation"": 3,
        ""Background (history)"": 2,
        ""Background (examination)"": 1,
        ""Assessment"": 2,
        ""Recommendation (clear recommendation)"": 2,
        ""Recommendation (global rating scale)"": 2,
        ""Comments"": ""Time: (10:29-10:54)\nVentricular fibrillation (CVS)\nLack of communication btween 2 main interns\nFurther brief to patient, ask patent concerns""
      }
    },
    {
      ""respondent"": ""17"",
      ""answers"": {
        ""Date"": ""2025-05-04"",
        ""SessionName"": ""IV - VT"",
        ""Identification"": 3,
        ""Situation"": 3,
        ""Background (history)"": 2,
        ""Background (examination)"": 2,
        ""Assessment"": 3,
        ""Recommendation (clear recommendation)"": 2,
        ""Recommendation (global rating scale)"": 2,
        ""Comments"": ""Not very concise or clear communication\nSatisfactory""
      }
    }
  ]
}
</questionnaire>

<role>
You are a meticulous data analyst AI. Your primary function is to accurately analyze structured data and provide precise, verifiable answers.
</role>

<output>
Provide your final answer directly and concisely. Output must be the human-readable value, not an option code.

Rules:
- For MCQ fields, map any letter codes in the Responses (case-insensitive) to the corresponding option text from the Questions schema, and output only that text. Do NOT include the letter or both.
  Example: If the schema is ""[MCQ: A. Abnormal B. Inconclusive C. Normal]"" and the response is ""a"", output ""Abnormal"".
- For open-ended fields, output the exact text value.
- If the question asks for a count, provide only the number (e.g., ""42"").
- If the question asks for a list of names or IDs, provide a simple comma-separated list (e.g., ""17, 21, 23"").
- Preserve capitalization exactly as in the schema (e.g., output ""Abnormal"", not ""abnormal"" or ""A"").
</output>

<task>
What is the global rating score for respondent 20?
</task>",,
case_19,answer_lookup,What is the global rating score for respondent 1?,"{
  ""questions"": {
    ""Date"": ""What is the date of the session? [Open-ended]"",
    ""SessionName"": ""What is the name of the session? [Open-ended]"",
    ""Identification"": ""Identification of self, role, and patient. [Rubric: 0 = Requires direct prompting, 1 = Introduces themselves but only after a hint, 2 = Introduces themselves but information is incomplete, 3 = Introduces themselves and information is complete]"",
    ""Situation"": ""Identifies the main problem(s). [Rubric: 0 = Unable to identify the main problem(s), 1 = Identifies the main problem(s) after extended prompting, 2 = Identifies the main problem(s) with fewer prompts needed, 3 = Identifies and prioritizes the main problem(s) unprompted]"",
    ""Background (history)"": ""Gives appropriate history. [Rubric: 0 = History is unstructured or non-relevant, 1 = Relevant history but frequent clarification needed, 2 = Relevant history with few further questions needed, 3 = Comprehensive focused history]"",
    ""Background (examination)"": ""Gives appropriate examination/observations. [Rubric: 0 = Observations are omitted or irrelevant, 1 = Observations reported but frequent clarification needed, 2 = Observations reported with few further questions needed, 3 = Comprehensive focused examination/observations]"",
    ""Assessment"": ""Makes logical assessment (correlates problem, history, exam, context). [Rubric: 0 = No logical assessment, 1 = Assessment only after extended questioning, 2 = Assessment after minimal questioning, 3 = Comprehensive logical assessment without questioning]"",
    ""Recommendation (clear recommendation)"": ""Makes a clear recommendation. [Rubric: 0 = No recommendation, 1 = Clear recommendation only after extended questioning, 2 = Clear recommendation after minimal questioning, 3 = Clear comprehensive recommendation without questioning]"",
    ""Recommendation (global rating scale)"": ""Global Rating Scale (GRS) - How confident am I that I received an accurate picture of the patient? [Rubric: 0 = Not at all confident, 1 = Confident but required extended questioning, 2 = Confident but required some further questioning, 3 = Confident and required little or no questioning]"",
    ""Comments"": ""Comments on the session. [Open-ended]""
  },
  ""responses"": [
    {
      ""respondent"": ""1"",
      ""answers"": {
        ""Date"": ""2025-03-14"",
        ""SessionName"": ""III-Sepsis"",
        ""Identification"": 3,
        ""Situation"": 3,
        ""Background (history)"": 2,
        ""Background (examination)"": 3,
        ""Assessment"": 2,
        ""Recommendation (clear recommendation)"": 2,
        ""Recommendation (global rating scale)"": 2,
        ""Comments"": ""Time: (1:00-1:17)""
      }
    },
    {
      ""respondent"": ""22"",
      ""answers"": {
        ""Date"": ""2025-05-16"",
        ""SessionName"": ""IV (VT)"",
        ""Identification"": 3,
        ""Situation"": 3,
        ""Background (history)"": 3,
        ""Background (examination)"": 3,
        ""Assessment"": 2,
        ""Recommendation (clear recommendation)"": 2,
        ""Recommendation (global rating scale)"": 3,
        ""Comments"": ""Clear communication skills\nGood""
      }
    },
    {
      ""respondent"": ""21"",
      ""answers"": {
        ""Date"": ""2025-05-16"",
        ""SessionName"": ""II (Anaphylaxsis)"",
        ""Identification"": 3,
        ""Situation"": 3,
        ""Background (history)"": 2,
        ""Background (examination)"": 2,
        ""Assessment"": 2,
        ""Recommendation (clear recommendation)"": 3,
        ""Recommendation (global rating scale)"": 2,
        ""Comments"": ""Overall a bit unclear communication reflected""
      }
    }
  ]
}",2,"<example>
What is the session name for respondent 21?

DATA:

{
  ""questions"": {
    ""Date"": ""What is the date of the session? [Open-ended]"",
    ""SessionName"": ""What is the name of the session? [Open-ended]"",
    ""Identification"": ""Identification of self, role, and patient. [Rubric: 0 = Requires direct prompting, 1 = Introduces themselves but only after a hint, 2 = Introduces themselves but information is incomplete, 3 = Introduces themselves and information is complete]"",
    ""Situation"": ""Identifies the main problem(s). [Rubric: 0 = Unable to identify the main problem(s), 1 = Identifies the main problem(s) after extended prompting, 2 = Identifies the main problem(s) with fewer prompts needed, 3 = Identifies and prioritizes the main problem(s) unprompted]"",
    ""Background (history)"": ""Gives appropriate history. [Rubric: 0 = History is unstructured or non-relevant, 1 = Relevant history but frequent clarification needed, 2 = Relevant history with few further questions needed, 3 = Comprehensive focused history]"",
    ""Background (examination)"": ""Gives appropriate examination/observations. [Rubric: 0 = Observations are omitted or irrelevant, 1 = Observations reported but frequent clarification needed, 2 = Observations reported with few further questions needed, 3 = Comprehensive focused examination/observations]"",
    ""Assessment"": ""Makes logical assessment (correlates problem, history, exam, context). [Rubric: 0 = No logical assessment, 1 = Assessment only after extended questioning, 2 = Assessment after minimal questioning, 3 = Comprehensive logical assessment without questioning]"",
    ""Recommendation (clear recommendation)"": ""Makes a clear recommendation. [Rubric: 0 = No recommendation, 1 = Clear recommendation only after extended questioning, 2 = Clear recommendation after minimal questioning, 3 = Clear comprehensive recommendation without questioning]"",
    ""Recommendation (global rating scale)"": ""Global Rating Scale (GRS) - How confident am I that I received an accurate picture of the patient? [Rubric: 0 = Not at all confident, 1 = Confident but required extended questioning, 2 = Confident but required some further questioning, 3 = Confident and required little or no questioning]"",
    ""Comments"": ""Comments on the session. [Open-ended]""
  },
  ""responses"": [
    {
      ""respondent"": ""21"",
      ""answers"": {
        ""Date"": ""2025-05-16"",
        ""SessionName"": ""II (Anaphylaxsis)"",
        ""Identification"": 3,
        ""Situation"": 3,
        ""Background (history)"": 2,
        ""Background (examination)"": 2,
        ""Assessment"": 2,
        ""Recommendation (clear recommendation)"": 3,
        ""Recommendation (global rating scale)"": 2,
        ""Comments"": ""Overall a bit unclear communication reflected""
      }
    },
    {
      ""respondent"": ""17"",
      ""answers"": {
        ""Date"": ""2025-05-04"",
        ""SessionName"": ""IV - VT"",
        ""Identification"": 3,
        ""Situation"": 3,
        ""Background (history)"": 2,
        ""Background (examination)"": 2,
        ""Assessment"": 3,
        ""Recommendation (clear recommendation)"": 2,
        ""Recommendation (global rating scale)"": 2,
        ""Comments"": ""Not very concise or clear communication\nSatisfactory""
      }
    },
    {
      ""respondent"": ""23"",
      ""answers"": {
        ""Date"": ""2025-05-16"",
        ""SessionName"": ""I (Myocardial infarction)"",
        ""Identification"": 3,
        ""Situation"": 2,
        ""Background (history)"": 3,
        ""Background (examination)"": 1,
        ""Assessment"": 2,
        ""Recommendation (clear recommendation)"": 3,
        ""Recommendation (global rating scale)"": 3,
        ""Comments"": ""Diagnostic clarity is present\nGood and early assessment of condition is done""
      }
    }
  ]
}

Answer: II (Anaphylaxsis)
</example>

<questionnaire>
{
  ""questions"": {
    ""Date"": ""What is the date of the session? [Open-ended]"",
    ""SessionName"": ""What is the name of the session? [Open-ended]"",
    ""Identification"": ""Identification of self, role, and patient. [Rubric: 0 = Requires direct prompting, 1 = Introduces themselves but only after a hint, 2 = Introduces themselves but information is incomplete, 3 = Introduces themselves and information is complete]"",
    ""Situation"": ""Identifies the main problem(s). [Rubric: 0 = Unable to identify the main problem(s), 1 = Identifies the main problem(s) after extended prompting, 2 = Identifies the main problem(s) with fewer prompts needed, 3 = Identifies and prioritizes the main problem(s) unprompted]"",
    ""Background (history)"": ""Gives appropriate history. [Rubric: 0 = History is unstructured or non-relevant, 1 = Relevant history but frequent clarification needed, 2 = Relevant history with few further questions needed, 3 = Comprehensive focused history]"",
    ""Background (examination)"": ""Gives appropriate examination/observations. [Rubric: 0 = Observations are omitted or irrelevant, 1 = Observations reported but frequent clarification needed, 2 = Observations reported with few further questions needed, 3 = Comprehensive focused examination/observations]"",
    ""Assessment"": ""Makes logical assessment (correlates problem, history, exam, context). [Rubric: 0 = No logical assessment, 1 = Assessment only after extended questioning, 2 = Assessment after minimal questioning, 3 = Comprehensive logical assessment without questioning]"",
    ""Recommendation (clear recommendation)"": ""Makes a clear recommendation. [Rubric: 0 = No recommendation, 1 = Clear recommendation only after extended questioning, 2 = Clear recommendation after minimal questioning, 3 = Clear comprehensive recommendation without questioning]"",
    ""Recommendation (global rating scale)"": ""Global Rating Scale (GRS) - How confident am I that I received an accurate picture of the patient? [Rubric: 0 = Not at all confident, 1 = Confident but required extended questioning, 2 = Confident but required some further questioning, 3 = Confident and required little or no questioning]"",
    ""Comments"": ""Comments on the session. [Open-ended]""
  },
  ""responses"": [
    {
      ""respondent"": ""1"",
      ""answers"": {
        ""Date"": ""2025-03-14"",
        ""SessionName"": ""III-Sepsis"",
        ""Identification"": 3,
        ""Situation"": 3,
        ""Background (history)"": 2,
        ""Background (examination)"": 3,
        ""Assessment"": 2,
        ""Recommendation (clear recommendation)"": 2,
        ""Recommendation (global rating scale)"": 2,
        ""Comments"": ""Time: (1:00-1:17)""
      }
    },
    {
      ""respondent"": ""22"",
      ""answers"": {
        ""Date"": ""2025-05-16"",
        ""SessionName"": ""IV (VT)"",
        ""Identification"": 3,
        ""Situation"": 3,
        ""Background (history)"": 3,
        ""Background (examination)"": 3,
        ""Assessment"": 2,
        ""Recommendation (clear recommendation)"": 2,
        ""Recommendation (global rating scale)"": 3,
        ""Comments"": ""Clear communication skills\nGood""
      }
    },
    {
      ""respondent"": ""21"",
      ""answers"": {
        ""Date"": ""2025-05-16"",
        ""SessionName"": ""II (Anaphylaxsis)"",
        ""Identification"": 3,
        ""Situation"": 3,
        ""Background (history)"": 2,
        ""Background (examination)"": 2,
        ""Assessment"": 2,
        ""Recommendation (clear recommendation)"": 3,
        ""Recommendation (global rating scale)"": 2,
        ""Comments"": ""Overall a bit unclear communication reflected""
      }
    }
  ]
}
</questionnaire>

<role>
You are a meticulous data analyst AI. Your primary function is to accurately analyze structured data and provide precise, verifiable answers.
</role>

<output>
Provide your final answer directly and concisely. Output must be the human-readable value, not an option code.

Rules:
- For MCQ fields, map any letter codes in the Responses (case-insensitive) to the corresponding option text from the Questions schema, and output only that text. Do NOT include the letter or both.
  Example: If the schema is ""[MCQ: A. Abnormal B. Inconclusive C. Normal]"" and the response is ""a"", output ""Abnormal"".
- For open-ended fields, output the exact text value.
- If the question asks for a count, provide only the number (e.g., ""42"").
- If the question asks for a list of names or IDs, provide a simple comma-separated list (e.g., ""17, 21, 23"").
- Preserve capitalization exactly as in the schema (e.g., output ""Abnormal"", not ""abnormal"" or ""A"").
</output>

<task>
What is the global rating score for respondent 1?
</task>",,
case_20,answer_lookup,What is the clinical assessment score for respondent 10?,"{
  ""questions"": {
    ""Date"": ""What is the date of the session? [Open-ended]"",
    ""SessionName"": ""What is the name of the session? [Open-ended]"",
    ""Identification"": ""Identification of self, role, and patient. [Rubric: 0 = Requires direct prompting, 1 = Introduces themselves but only after a hint, 2 = Introduces themselves but information is incomplete, 3 = Introduces themselves and information is complete]"",
    ""Situation"": ""Identifies the main problem(s). [Rubric: 0 = Unable to identify the main problem(s), 1 = Identifies the main problem(s) after extended prompting, 2 = Identifies the main problem(s) with fewer prompts needed, 3 = Identifies and prioritizes the main problem(s) unprompted]"",
    ""Background (history)"": ""Gives appropriate history. [Rubric: 0 = History is unstructured or non-relevant, 1 = Relevant history but frequent clarification needed, 2 = Relevant history with few further questions needed, 3 = Comprehensive focused history]"",
    ""Background (examination)"": ""Gives appropriate examination/observations. [Rubric: 0 = Observations are omitted or irrelevant, 1 = Observations reported but frequent clarification needed, 2 = Observations reported with few further questions needed, 3 = Comprehensive focused examination/observations]"",
    ""Assessment"": ""Makes logical assessment (correlates problem, history, exam, context). [Rubric: 0 = No logical assessment, 1 = Assessment only after extended questioning, 2 = Assessment after minimal questioning, 3 = Comprehensive logical assessment without questioning]"",
    ""Recommendation (clear recommendation)"": ""Makes a clear recommendation. [Rubric: 0 = No recommendation, 1 = Clear recommendation only after extended questioning, 2 = Clear recommendation after minimal questioning, 3 = Clear comprehensive recommendation without questioning]"",
    ""Recommendation (global rating scale)"": ""Global Rating Scale (GRS) - How confident am I that I received an accurate picture of the patient? [Rubric: 0 = Not at all confident, 1 = Confident but required extended questioning, 2 = Confident but required some further questioning, 3 = Confident and required little or no questioning]"",
    ""Comments"": ""Comments on the session. [Open-ended]""
  },
  ""responses"": [
    {
      ""respondent"": ""10"",
      ""answers"": {
        ""Date"": ""2025-05-02"",
        ""SessionName"": ""III (Sepsis)"",
        ""Identification"": 3,
        ""Situation"": 3,
        ""Background (history)"": 3,
        ""Background (examination)"": 2,
        ""Assessment"": 2,
        ""Recommendation (clear recommendation)"": 2,
        ""Recommendation (global rating scale)"": 3,
        ""Comments"": ""Clear communication during handover\nGood""
      }
    },
    {
      ""respondent"": ""9"",
      ""answers"": {
        ""Date"": ""2025-04-04"",
        ""SessionName"": ""MI"",
        ""Identification"": 2,
        ""Situation"": 3,
        ""Background (history)"": 2,
        ""Background (examination)"": 3,
        ""Assessment"": 3,
        ""Recommendation (clear recommendation)"": 2,
        ""Recommendation (global rating scale)"": 2,
        ""Comments"": """"
      }
    },
    {
      ""respondent"": ""2"",
      ""answers"": {
        ""Date"": ""2025-03-14"",
        ""SessionName"": ""II-Anaphylaxsis"",
        ""Identification"": 3,
        ""Situation"": 3,
        ""Background (history)"": 2,
        ""Background (examination)"": 2,
        ""Assessment"": 3,
        ""Recommendation (clear recommendation)"": 3,
        ""Recommendation (global rating scale)"": 3,
        ""Comments"": ""Time: (11:43-11:58)\nTalking to registrav could not summarize the condition of patient very clearly\nDID: Sepsis I Anaphylaxsis given by team""
      }
    }
  ]
}",2,"<example>
What is the session name for respondent 21?

DATA:

{
  ""questions"": {
    ""Date"": ""What is the date of the session? [Open-ended]"",
    ""SessionName"": ""What is the name of the session? [Open-ended]"",
    ""Identification"": ""Identification of self, role, and patient. [Rubric: 0 = Requires direct prompting, 1 = Introduces themselves but only after a hint, 2 = Introduces themselves but information is incomplete, 3 = Introduces themselves and information is complete]"",
    ""Situation"": ""Identifies the main problem(s). [Rubric: 0 = Unable to identify the main problem(s), 1 = Identifies the main problem(s) after extended prompting, 2 = Identifies the main problem(s) with fewer prompts needed, 3 = Identifies and prioritizes the main problem(s) unprompted]"",
    ""Background (history)"": ""Gives appropriate history. [Rubric: 0 = History is unstructured or non-relevant, 1 = Relevant history but frequent clarification needed, 2 = Relevant history with few further questions needed, 3 = Comprehensive focused history]"",
    ""Background (examination)"": ""Gives appropriate examination/observations. [Rubric: 0 = Observations are omitted or irrelevant, 1 = Observations reported but frequent clarification needed, 2 = Observations reported with few further questions needed, 3 = Comprehensive focused examination/observations]"",
    ""Assessment"": ""Makes logical assessment (correlates problem, history, exam, context). [Rubric: 0 = No logical assessment, 1 = Assessment only after extended questioning, 2 = Assessment after minimal questioning, 3 = Comprehensive logical assessment without questioning]"",
    ""Recommendation (clear recommendation)"": ""Makes a clear recommendation. [Rubric: 0 = No recommendation, 1 = Clear recommendation only after extended questioning, 2 = Clear recommendation after minimal questioning, 3 = Clear comprehensive recommendation without questioning]"",
    ""Recommendation (global rating scale)"": ""Global Rating Scale (GRS) - How confident am I that I received an accurate picture of the patient? [Rubric: 0 = Not at all confident, 1 = Confident but required extended questioning, 2 = Confident but required some further questioning, 3 = Confident and required little or no questioning]"",
    ""Comments"": ""Comments on the session. [Open-ended]""
  },
  ""responses"": [
    {
      ""respondent"": ""21"",
      ""answers"": {
        ""Date"": ""2025-05-16"",
        ""SessionName"": ""II (Anaphylaxsis)"",
        ""Identification"": 3,
        ""Situation"": 3,
        ""Background (history)"": 2,
        ""Background (examination)"": 2,
        ""Assessment"": 2,
        ""Recommendation (clear recommendation)"": 3,
        ""Recommendation (global rating scale)"": 2,
        ""Comments"": ""Overall a bit unclear communication reflected""
      }
    },
    {
      ""respondent"": ""17"",
      ""answers"": {
        ""Date"": ""2025-05-04"",
        ""SessionName"": ""IV - VT"",
        ""Identification"": 3,
        ""Situation"": 3,
        ""Background (history)"": 2,
        ""Background (examination)"": 2,
        ""Assessment"": 3,
        ""Recommendation (clear recommendation)"": 2,
        ""Recommendation (global rating scale)"": 2,
        ""Comments"": ""Not very concise or clear communication\nSatisfactory""
      }
    },
    {
      ""respondent"": ""23"",
      ""answers"": {
        ""Date"": ""2025-05-16"",
        ""SessionName"": ""I (Myocardial infarction)"",
        ""Identification"": 3,
        ""Situation"": 2,
        ""Background (history)"": 3,
        ""Background (examination)"": 1,
        ""Assessment"": 2,
        ""Recommendation (clear recommendation)"": 3,
        ""Recommendation (global rating scale)"": 3,
        ""Comments"": ""Diagnostic clarity is present\nGood and early assessment of condition is done""
      }
    }
  ]
}

Answer: II (Anaphylaxsis)
</example>

<questionnaire>
{
  ""questions"": {
    ""Date"": ""What is the date of the session? [Open-ended]"",
    ""SessionName"": ""What is the name of the session? [Open-ended]"",
    ""Identification"": ""Identification of self, role, and patient. [Rubric: 0 = Requires direct prompting, 1 = Introduces themselves but only after a hint, 2 = Introduces themselves but information is incomplete, 3 = Introduces themselves and information is complete]"",
    ""Situation"": ""Identifies the main problem(s). [Rubric: 0 = Unable to identify the main problem(s), 1 = Identifies the main problem(s) after extended prompting, 2 = Identifies the main problem(s) with fewer prompts needed, 3 = Identifies and prioritizes the main problem(s) unprompted]"",
    ""Background (history)"": ""Gives appropriate history. [Rubric: 0 = History is unstructured or non-relevant, 1 = Relevant history but frequent clarification needed, 2 = Relevant history with few further questions needed, 3 = Comprehensive focused history]"",
    ""Background (examination)"": ""Gives appropriate examination/observations. [Rubric: 0 = Observations are omitted or irrelevant, 1 = Observations reported but frequent clarification needed, 2 = Observations reported with few further questions needed, 3 = Comprehensive focused examination/observations]"",
    ""Assessment"": ""Makes logical assessment (correlates problem, history, exam, context). [Rubric: 0 = No logical assessment, 1 = Assessment only after extended questioning, 2 = Assessment after minimal questioning, 3 = Comprehensive logical assessment without questioning]"",
    ""Recommendation (clear recommendation)"": ""Makes a clear recommendation. [Rubric: 0 = No recommendation, 1 = Clear recommendation only after extended questioning, 2 = Clear recommendation after minimal questioning, 3 = Clear comprehensive recommendation without questioning]"",
    ""Recommendation (global rating scale)"": ""Global Rating Scale (GRS) - How confident am I that I received an accurate picture of the patient? [Rubric: 0 = Not at all confident, 1 = Confident but required extended questioning, 2 = Confident but required some further questioning, 3 = Confident and required little or no questioning]"",
    ""Comments"": ""Comments on the session. [Open-ended]""
  },
  ""responses"": [
    {
      ""respondent"": ""10"",
      ""answers"": {
        ""Date"": ""2025-05-02"",
        ""SessionName"": ""III (Sepsis)"",
        ""Identification"": 3,
        ""Situation"": 3,
        ""Background (history)"": 3,
        ""Background (examination)"": 2,
        ""Assessment"": 2,
        ""Recommendation (clear recommendation)"": 2,
        ""Recommendation (global rating scale)"": 3,
        ""Comments"": ""Clear communication during handover\nGood""
      }
    },
    {
      ""respondent"": ""9"",
      ""answers"": {
        ""Date"": ""2025-04-04"",
        ""SessionName"": ""MI"",
        ""Identification"": 2,
        ""Situation"": 3,
        ""Background (history)"": 2,
        ""Background (examination)"": 3,
        ""Assessment"": 3,
        ""Recommendation (clear recommendation)"": 2,
        ""Recommendation (global rating scale)"": 2,
        ""Comments"": """"
      }
    },
    {
      ""respondent"": ""2"",
      ""answers"": {
        ""Date"": ""2025-03-14"",
        ""SessionName"": ""II-Anaphylaxsis"",
        ""Identification"": 3,
        ""Situation"": 3,
        ""Background (history)"": 2,
        ""Background (examination)"": 2,
        ""Assessment"": 3,
        ""Recommendation (clear recommendation)"": 3,
        ""Recommendation (global rating scale)"": 3,
        ""Comments"": ""Time: (11:43-11:58)\nTalking to registrav could not summarize the condition of patient very clearly\nDID: Sepsis I Anaphylaxsis given by team""
      }
    }
  ]
}
</questionnaire>

<role>
You are a meticulous data analyst AI. Your primary function is to accurately analyze structured data and provide precise, verifiable answers.
</role>

<output>
Provide your final answer directly and concisely. Output must be the human-readable value, not an option code.

Rules:
- For MCQ fields, map any letter codes in the Responses (case-insensitive) to the corresponding option text from the Questions schema, and output only that text. Do NOT include the letter or both.
  Example: If the schema is ""[MCQ: A. Abnormal B. Inconclusive C. Normal]"" and the response is ""a"", output ""Abnormal"".
- For open-ended fields, output the exact text value.
- If the question asks for a count, provide only the number (e.g., ""42"").
- If the question asks for a list of names or IDs, provide a simple comma-separated list (e.g., ""17, 21, 23"").
- Preserve capitalization exactly as in the schema (e.g., output ""Abnormal"", not ""abnormal"" or ""A"").
</output>

<task>
What is the clinical assessment score for respondent 10?
</task>",,
case_21,answer_lookup,What is the identification score for respondent 8?,"{
  ""questions"": {
    ""Date"": ""What is the date of the session? [Open-ended]"",
    ""SessionName"": ""What is the name of the session? [Open-ended]"",
    ""Identification"": ""Identification of self, role, and patient. [Rubric: 0 = Requires direct prompting, 1 = Introduces themselves but only after a hint, 2 = Introduces themselves but information is incomplete, 3 = Introduces themselves and information is complete]"",
    ""Situation"": ""Identifies the main problem(s). [Rubric: 0 = Unable to identify the main problem(s), 1 = Identifies the main problem(s) after extended prompting, 2 = Identifies the main problem(s) with fewer prompts needed, 3 = Identifies and prioritizes the main problem(s) unprompted]"",
    ""Background (history)"": ""Gives appropriate history. [Rubric: 0 = History is unstructured or non-relevant, 1 = Relevant history but frequent clarification needed, 2 = Relevant history with few further questions needed, 3 = Comprehensive focused history]"",
    ""Background (examination)"": ""Gives appropriate examination/observations. [Rubric: 0 = Observations are omitted or irrelevant, 1 = Observations reported but frequent clarification needed, 2 = Observations reported with few further questions needed, 3 = Comprehensive focused examination/observations]"",
    ""Assessment"": ""Makes logical assessment (correlates problem, history, exam, context). [Rubric: 0 = No logical assessment, 1 = Assessment only after extended questioning, 2 = Assessment after minimal questioning, 3 = Comprehensive logical assessment without questioning]"",
    ""Recommendation (clear recommendation)"": ""Makes a clear recommendation. [Rubric: 0 = No recommendation, 1 = Clear recommendation only after extended questioning, 2 = Clear recommendation after minimal questioning, 3 = Clear comprehensive recommendation without questioning]"",
    ""Recommendation (global rating scale)"": ""Global Rating Scale (GRS) - How confident am I that I received an accurate picture of the patient? [Rubric: 0 = Not at all confident, 1 = Confident but required extended questioning, 2 = Confident but required some further questioning, 3 = Confident and required little or no questioning]"",
    ""Comments"": ""Comments on the session. [Open-ended]""
  },
  ""responses"": [
    {
      ""respondent"": ""8"",
      ""answers"": {
        ""Date"": ""2025-04-04"",
        ""SessionName"": ""IV (AF)"",
        ""Identification"": 3,
        ""Situation"": 3,
        ""Background (history)"": 3,
        ""Background (examination)"": 3,
        ""Assessment"": 3,
        ""Recommendation (clear recommendation)"": 3,
        ""Recommendation (global rating scale)"": 3,
        ""Comments"": ""Clear communication and handover""
      }
    },
    {
      ""respondent"": ""2"",
      ""answers"": {
        ""Date"": ""2025-03-14"",
        ""SessionName"": ""II-Anaphylaxsis"",
        ""Identification"": 3,
        ""Situation"": 3,
        ""Background (history)"": 2,
        ""Background (examination)"": 2,
        ""Assessment"": 3,
        ""Recommendation (clear recommendation)"": 3,
        ""Recommendation (global rating scale)"": 3,
        ""Comments"": ""Time: (11:43-11:58)\nTalking to registrav could not summarize the condition of patient very clearly\nDID: Sepsis I Anaphylaxsis given by team""
      }
    },
    {
      ""respondent"": ""9"",
      ""answers"": {
        ""Date"": ""2025-04-04"",
        ""SessionName"": ""MI"",
        ""Identification"": 2,
        ""Situation"": 3,
        ""Background (history)"": 2,
        ""Background (examination)"": 3,
        ""Assessment"": 3,
        ""Recommendation (clear recommendation)"": 2,
        ""Recommendation (global rating scale)"": 2,
        ""Comments"": """"
      }
    }
  ]
}",3,"<example>
What is the session name for respondent 21?

DATA:

{
  ""questions"": {
    ""Date"": ""What is the date of the session? [Open-ended]"",
    ""SessionName"": ""What is the name of the session? [Open-ended]"",
    ""Identification"": ""Identification of self, role, and patient. [Rubric: 0 = Requires direct prompting, 1 = Introduces themselves but only after a hint, 2 = Introduces themselves but information is incomplete, 3 = Introduces themselves and information is complete]"",
    ""Situation"": ""Identifies the main problem(s). [Rubric: 0 = Unable to identify the main problem(s), 1 = Identifies the main problem(s) after extended prompting, 2 = Identifies the main problem(s) with fewer prompts needed, 3 = Identifies and prioritizes the main problem(s) unprompted]"",
    ""Background (history)"": ""Gives appropriate history. [Rubric: 0 = History is unstructured or non-relevant, 1 = Relevant history but frequent clarification needed, 2 = Relevant history with few further questions needed, 3 = Comprehensive focused history]"",
    ""Background (examination)"": ""Gives appropriate examination/observations. [Rubric: 0 = Observations are omitted or irrelevant, 1 = Observations reported but frequent clarification needed, 2 = Observations reported with few further questions needed, 3 = Comprehensive focused examination/observations]"",
    ""Assessment"": ""Makes logical assessment (correlates problem, history, exam, context). [Rubric: 0 = No logical assessment, 1 = Assessment only after extended questioning, 2 = Assessment after minimal questioning, 3 = Comprehensive logical assessment without questioning]"",
    ""Recommendation (clear recommendation)"": ""Makes a clear recommendation. [Rubric: 0 = No recommendation, 1 = Clear recommendation only after extended questioning, 2 = Clear recommendation after minimal questioning, 3 = Clear comprehensive recommendation without questioning]"",
    ""Recommendation (global rating scale)"": ""Global Rating Scale (GRS) - How confident am I that I received an accurate picture of the patient? [Rubric: 0 = Not at all confident, 1 = Confident but required extended questioning, 2 = Confident but required some further questioning, 3 = Confident and required little or no questioning]"",
    ""Comments"": ""Comments on the session. [Open-ended]""
  },
  ""responses"": [
    {
      ""respondent"": ""21"",
      ""answers"": {
        ""Date"": ""2025-05-16"",
        ""SessionName"": ""II (Anaphylaxsis)"",
        ""Identification"": 3,
        ""Situation"": 3,
        ""Background (history)"": 2,
        ""Background (examination)"": 2,
        ""Assessment"": 2,
        ""Recommendation (clear recommendation)"": 3,
        ""Recommendation (global rating scale)"": 2,
        ""Comments"": ""Overall a bit unclear communication reflected""
      }
    },
    {
      ""respondent"": ""17"",
      ""answers"": {
        ""Date"": ""2025-05-04"",
        ""SessionName"": ""IV - VT"",
        ""Identification"": 3,
        ""Situation"": 3,
        ""Background (history)"": 2,
        ""Background (examination)"": 2,
        ""Assessment"": 3,
        ""Recommendation (clear recommendation)"": 2,
        ""Recommendation (global rating scale)"": 2,
        ""Comments"": ""Not very concise or clear communication\nSatisfactory""
      }
    },
    {
      ""respondent"": ""23"",
      ""answers"": {
        ""Date"": ""2025-05-16"",
        ""SessionName"": ""I (Myocardial infarction)"",
        ""Identification"": 3,
        ""Situation"": 2,
        ""Background (history)"": 3,
        ""Background (examination)"": 1,
        ""Assessment"": 2,
        ""Recommendation (clear recommendation)"": 3,
        ""Recommendation (global rating scale)"": 3,
        ""Comments"": ""Diagnostic clarity is present\nGood and early assessment of condition is done""
      }
    }
  ]
}

Answer: II (Anaphylaxsis)
</example>

<questionnaire>
{
  ""questions"": {
    ""Date"": ""What is the date of the session? [Open-ended]"",
    ""SessionName"": ""What is the name of the session? [Open-ended]"",
    ""Identification"": ""Identification of self, role, and patient. [Rubric: 0 = Requires direct prompting, 1 = Introduces themselves but only after a hint, 2 = Introduces themselves but information is incomplete, 3 = Introduces themselves and information is complete]"",
    ""Situation"": ""Identifies the main problem(s). [Rubric: 0 = Unable to identify the main problem(s), 1 = Identifies the main problem(s) after extended prompting, 2 = Identifies the main problem(s) with fewer prompts needed, 3 = Identifies and prioritizes the main problem(s) unprompted]"",
    ""Background (history)"": ""Gives appropriate history. [Rubric: 0 = History is unstructured or non-relevant, 1 = Relevant history but frequent clarification needed, 2 = Relevant history with few further questions needed, 3 = Comprehensive focused history]"",
    ""Background (examination)"": ""Gives appropriate examination/observations. [Rubric: 0 = Observations are omitted or irrelevant, 1 = Observations reported but frequent clarification needed, 2 = Observations reported with few further questions needed, 3 = Comprehensive focused examination/observations]"",
    ""Assessment"": ""Makes logical assessment (correlates problem, history, exam, context). [Rubric: 0 = No logical assessment, 1 = Assessment only after extended questioning, 2 = Assessment after minimal questioning, 3 = Comprehensive logical assessment without questioning]"",
    ""Recommendation (clear recommendation)"": ""Makes a clear recommendation. [Rubric: 0 = No recommendation, 1 = Clear recommendation only after extended questioning, 2 = Clear recommendation after minimal questioning, 3 = Clear comprehensive recommendation without questioning]"",
    ""Recommendation (global rating scale)"": ""Global Rating Scale (GRS) - How confident am I that I received an accurate picture of the patient? [Rubric: 0 = Not at all confident, 1 = Confident but required extended questioning, 2 = Confident but required some further questioning, 3 = Confident and required little or no questioning]"",
    ""Comments"": ""Comments on the session. [Open-ended]""
  },
  ""responses"": [
    {
      ""respondent"": ""8"",
      ""answers"": {
        ""Date"": ""2025-04-04"",
        ""SessionName"": ""IV (AF)"",
        ""Identification"": 3,
        ""Situation"": 3,
        ""Background (history)"": 3,
        ""Background (examination)"": 3,
        ""Assessment"": 3,
        ""Recommendation (clear recommendation)"": 3,
        ""Recommendation (global rating scale)"": 3,
        ""Comments"": ""Clear communication and handover""
      }
    },
    {
      ""respondent"": ""2"",
      ""answers"": {
        ""Date"": ""2025-03-14"",
        ""SessionName"": ""II-Anaphylaxsis"",
        ""Identification"": 3,
        ""Situation"": 3,
        ""Background (history)"": 2,
        ""Background (examination)"": 2,
        ""Assessment"": 3,
        ""Recommendation (clear recommendation)"": 3,
        ""Recommendation (global rating scale)"": 3,
        ""Comments"": ""Time: (11:43-11:58)\nTalking to registrav could not summarize the condition of patient very clearly\nDID: Sepsis I Anaphylaxsis given by team""
      }
    },
    {
      ""respondent"": ""9"",
      ""answers"": {
        ""Date"": ""2025-04-04"",
        ""SessionName"": ""MI"",
        ""Identification"": 2,
        ""Situation"": 3,
        ""Background (history)"": 2,
        ""Background (examination)"": 3,
        ""Assessment"": 3,
        ""Recommendation (clear recommendation)"": 2,
        ""Recommendation (global rating scale)"": 2,
        ""Comments"": """"
      }
    }
  ]
}
</questionnaire>

<role>
You are a meticulous data analyst AI. Your primary function is to accurately analyze structured data and provide precise, verifiable answers.
</role>

<output>
Provide your final answer directly and concisely. Output must be the human-readable value, not an option code.

Rules:
- For MCQ fields, map any letter codes in the Responses (case-insensitive) to the corresponding option text from the Questions schema, and output only that text. Do NOT include the letter or both.
  Example: If the schema is ""[MCQ: A. Abnormal B. Inconclusive C. Normal]"" and the response is ""a"", output ""Abnormal"".
- For open-ended fields, output the exact text value.
- If the question asks for a count, provide only the number (e.g., ""42"").
- If the question asks for a list of names or IDs, provide a simple comma-separated list (e.g., ""17, 21, 23"").
- Preserve capitalization exactly as in the schema (e.g., output ""Abnormal"", not ""abnormal"" or ""A"").
</output>

<task>
What is the identification score for respondent 8?
</task>",,
case_22,answer_lookup,What is the global rating score for respondent 19?,"{
  ""questions"": {
    ""Date"": ""What is the date of the session? [Open-ended]"",
    ""SessionName"": ""What is the name of the session? [Open-ended]"",
    ""Identification"": ""Identification of self, role, and patient. [Rubric: 0 = Requires direct prompting, 1 = Introduces themselves but only after a hint, 2 = Introduces themselves but information is incomplete, 3 = Introduces themselves and information is complete]"",
    ""Situation"": ""Identifies the main problem(s). [Rubric: 0 = Unable to identify the main problem(s), 1 = Identifies the main problem(s) after extended prompting, 2 = Identifies the main problem(s) with fewer prompts needed, 3 = Identifies and prioritizes the main problem(s) unprompted]"",
    ""Background (history)"": ""Gives appropriate history. [Rubric: 0 = History is unstructured or non-relevant, 1 = Relevant history but frequent clarification needed, 2 = Relevant history with few further questions needed, 3 = Comprehensive focused history]"",
    ""Background (examination)"": ""Gives appropriate examination/observations. [Rubric: 0 = Observations are omitted or irrelevant, 1 = Observations reported but frequent clarification needed, 2 = Observations reported with few further questions needed, 3 = Comprehensive focused examination/observations]"",
    ""Assessment"": ""Makes logical assessment (correlates problem, history, exam, context). [Rubric: 0 = No logical assessment, 1 = Assessment only after extended questioning, 2 = Assessment after minimal questioning, 3 = Comprehensive logical assessment without questioning]"",
    ""Recommendation (clear recommendation)"": ""Makes a clear recommendation. [Rubric: 0 = No recommendation, 1 = Clear recommendation only after extended questioning, 2 = Clear recommendation after minimal questioning, 3 = Clear comprehensive recommendation without questioning]"",
    ""Recommendation (global rating scale)"": ""Global Rating Scale (GRS) - How confident am I that I received an accurate picture of the patient? [Rubric: 0 = Not at all confident, 1 = Confident but required extended questioning, 2 = Confident but required some further questioning, 3 = Confident and required little or no questioning]"",
    ""Comments"": ""Comments on the session. [Open-ended]""
  },
  ""responses"": [
    {
      ""respondent"": ""6"",
      ""answers"": {
        ""Date"": ""2025-04-04"",
        ""SessionName"": ""III-Sepsis"",
        ""Identification"": -1,
        ""Situation"": 2,
        ""Background (history)"": 3,
        ""Background (examination)"": 3,
        ""Assessment"": 3,
        ""Recommendation (clear recommendation)"": 3,
        ""Recommendation (global rating scale)"": 3,
        ""Comments"": ""The patient/simulation is not oriented in TPP.\nClear communication between Reg and colleague during handover""
      }
    },
    {
      ""respondent"": ""19"",
      ""answers"": {
        ""Date"": ""2025-05-04"",
        ""SessionName"": ""V (Hypoglycemia)"",
        ""Identification"": 3,
        ""Situation"": 3,
        ""Background (history)"": 3,
        ""Background (examination)"": 3,
        ""Assessment"": 3,
        ""Recommendation (clear recommendation)"": 3,
        ""Recommendation (global rating scale)"": 2,
        ""Comments"": ""Concise - clear\nSatisfactory""
      }
    },
    {
      ""respondent"": ""5"",
      ""answers"": {
        ""Date"": ""2025-03-14"",
        ""SessionName"": ""(MI)-VT"",
        ""Identification"": 0,
        ""Situation"": 2,
        ""Background (history)"": 2,
        ""Background (examination)"": 2,
        ""Assessment"": 2,
        ""Recommendation (clear recommendation)"": 2,
        ""Recommendation (global rating scale)"": 2,
        ""Comments"": ""Time: (15:53-16:14)""
      }
    }
  ]
}",2,"<example>
What is the session name for respondent 21?

DATA:

{
  ""questions"": {
    ""Date"": ""What is the date of the session? [Open-ended]"",
    ""SessionName"": ""What is the name of the session? [Open-ended]"",
    ""Identification"": ""Identification of self, role, and patient. [Rubric: 0 = Requires direct prompting, 1 = Introduces themselves but only after a hint, 2 = Introduces themselves but information is incomplete, 3 = Introduces themselves and information is complete]"",
    ""Situation"": ""Identifies the main problem(s). [Rubric: 0 = Unable to identify the main problem(s), 1 = Identifies the main problem(s) after extended prompting, 2 = Identifies the main problem(s) with fewer prompts needed, 3 = Identifies and prioritizes the main problem(s) unprompted]"",
    ""Background (history)"": ""Gives appropriate history. [Rubric: 0 = History is unstructured or non-relevant, 1 = Relevant history but frequent clarification needed, 2 = Relevant history with few further questions needed, 3 = Comprehensive focused history]"",
    ""Background (examination)"": ""Gives appropriate examination/observations. [Rubric: 0 = Observations are omitted or irrelevant, 1 = Observations reported but frequent clarification needed, 2 = Observations reported with few further questions needed, 3 = Comprehensive focused examination/observations]"",
    ""Assessment"": ""Makes logical assessment (correlates problem, history, exam, context). [Rubric: 0 = No logical assessment, 1 = Assessment only after extended questioning, 2 = Assessment after minimal questioning, 3 = Comprehensive logical assessment without questioning]"",
    ""Recommendation (clear recommendation)"": ""Makes a clear recommendation. [Rubric: 0 = No recommendation, 1 = Clear recommendation only after extended questioning, 2 = Clear recommendation after minimal questioning, 3 = Clear comprehensive recommendation without questioning]"",
    ""Recommendation (global rating scale)"": ""Global Rating Scale (GRS) - How confident am I that I received an accurate picture of the patient? [Rubric: 0 = Not at all confident, 1 = Confident but required extended questioning, 2 = Confident but required some further questioning, 3 = Confident and required little or no questioning]"",
    ""Comments"": ""Comments on the session. [Open-ended]""
  },
  ""responses"": [
    {
      ""respondent"": ""21"",
      ""answers"": {
        ""Date"": ""2025-05-16"",
        ""SessionName"": ""II (Anaphylaxsis)"",
        ""Identification"": 3,
        ""Situation"": 3,
        ""Background (history)"": 2,
        ""Background (examination)"": 2,
        ""Assessment"": 2,
        ""Recommendation (clear recommendation)"": 3,
        ""Recommendation (global rating scale)"": 2,
        ""Comments"": ""Overall a bit unclear communication reflected""
      }
    },
    {
      ""respondent"": ""17"",
      ""answers"": {
        ""Date"": ""2025-05-04"",
        ""SessionName"": ""IV - VT"",
        ""Identification"": 3,
        ""Situation"": 3,
        ""Background (history)"": 2,
        ""Background (examination)"": 2,
        ""Assessment"": 3,
        ""Recommendation (clear recommendation)"": 2,
        ""Recommendation (global rating scale)"": 2,
        ""Comments"": ""Not very concise or clear communication\nSatisfactory""
      }
    },
    {
      ""respondent"": ""23"",
      ""answers"": {
        ""Date"": ""2025-05-16"",
        ""SessionName"": ""I (Myocardial infarction)"",
        ""Identification"": 3,
        ""Situation"": 2,
        ""Background (history)"": 3,
        ""Background (examination)"": 1,
        ""Assessment"": 2,
        ""Recommendation (clear recommendation)"": 3,
        ""Recommendation (global rating scale)"": 3,
        ""Comments"": ""Diagnostic clarity is present\nGood and early assessment of condition is done""
      }
    }
  ]
}

Answer: II (Anaphylaxsis)
</example>

<questionnaire>
{
  ""questions"": {
    ""Date"": ""What is the date of the session? [Open-ended]"",
    ""SessionName"": ""What is the name of the session? [Open-ended]"",
    ""Identification"": ""Identification of self, role, and patient. [Rubric: 0 = Requires direct prompting, 1 = Introduces themselves but only after a hint, 2 = Introduces themselves but information is incomplete, 3 = Introduces themselves and information is complete]"",
    ""Situation"": ""Identifies the main problem(s). [Rubric: 0 = Unable to identify the main problem(s), 1 = Identifies the main problem(s) after extended prompting, 2 = Identifies the main problem(s) with fewer prompts needed, 3 = Identifies and prioritizes the main problem(s) unprompted]"",
    ""Background (history)"": ""Gives appropriate history. [Rubric: 0 = History is unstructured or non-relevant, 1 = Relevant history but frequent clarification needed, 2 = Relevant history with few further questions needed, 3 = Comprehensive focused history]"",
    ""Background (examination)"": ""Gives appropriate examination/observations. [Rubric: 0 = Observations are omitted or irrelevant, 1 = Observations reported but frequent clarification needed, 2 = Observations reported with few further questions needed, 3 = Comprehensive focused examination/observations]"",
    ""Assessment"": ""Makes logical assessment (correlates problem, history, exam, context). [Rubric: 0 = No logical assessment, 1 = Assessment only after extended questioning, 2 = Assessment after minimal questioning, 3 = Comprehensive logical assessment without questioning]"",
    ""Recommendation (clear recommendation)"": ""Makes a clear recommendation. [Rubric: 0 = No recommendation, 1 = Clear recommendation only after extended questioning, 2 = Clear recommendation after minimal questioning, 3 = Clear comprehensive recommendation without questioning]"",
    ""Recommendation (global rating scale)"": ""Global Rating Scale (GRS) - How confident am I that I received an accurate picture of the patient? [Rubric: 0 = Not at all confident, 1 = Confident but required extended questioning, 2 = Confident but required some further questioning, 3 = Confident and required little or no questioning]"",
    ""Comments"": ""Comments on the session. [Open-ended]""
  },
  ""responses"": [
    {
      ""respondent"": ""6"",
      ""answers"": {
        ""Date"": ""2025-04-04"",
        ""SessionName"": ""III-Sepsis"",
        ""Identification"": -1,
        ""Situation"": 2,
        ""Background (history)"": 3,
        ""Background (examination)"": 3,
        ""Assessment"": 3,
        ""Recommendation (clear recommendation)"": 3,
        ""Recommendation (global rating scale)"": 3,
        ""Comments"": ""The patient/simulation is not oriented in TPP.\nClear communication between Reg and colleague during handover""
      }
    },
    {
      ""respondent"": ""19"",
      ""answers"": {
        ""Date"": ""2025-05-04"",
        ""SessionName"": ""V (Hypoglycemia)"",
        ""Identification"": 3,
        ""Situation"": 3,
        ""Background (history)"": 3,
        ""Background (examination)"": 3,
        ""Assessment"": 3,
        ""Recommendation (clear recommendation)"": 3,
        ""Recommendation (global rating scale)"": 2,
        ""Comments"": ""Concise - clear\nSatisfactory""
      }
    },
    {
      ""respondent"": ""5"",
      ""answers"": {
        ""Date"": ""2025-03-14"",
        ""SessionName"": ""(MI)-VT"",
        ""Identification"": 0,
        ""Situation"": 2,
        ""Background (history)"": 2,
        ""Background (examination)"": 2,
        ""Assessment"": 2,
        ""Recommendation (clear recommendation)"": 2,
        ""Recommendation (global rating scale)"": 2,
        ""Comments"": ""Time: (15:53-16:14)""
      }
    }
  ]
}
</questionnaire>

<role>
You are a meticulous data analyst AI. Your primary function is to accurately analyze structured data and provide precise, verifiable answers.
</role>

<output>
Provide your final answer directly and concisely. Output must be the human-readable value, not an option code.

Rules:
- For MCQ fields, map any letter codes in the Responses (case-insensitive) to the corresponding option text from the Questions schema, and output only that text. Do NOT include the letter or both.
  Example: If the schema is ""[MCQ: A. Abnormal B. Inconclusive C. Normal]"" and the response is ""a"", output ""Abnormal"".
- For open-ended fields, output the exact text value.
- If the question asks for a count, provide only the number (e.g., ""42"").
- If the question asks for a list of names or IDs, provide a simple comma-separated list (e.g., ""17, 21, 23"").
- Preserve capitalization exactly as in the schema (e.g., output ""Abnormal"", not ""abnormal"" or ""A"").
</output>

<task>
What is the global rating score for respondent 19?
</task>",,
case_23,answer_lookup,What is the date for respondent 11?,"{
  ""questions"": {
    ""Date"": ""What is the date of the session? [Open-ended]"",
    ""SessionName"": ""What is the name of the session? [Open-ended]"",
    ""Identification"": ""Identification of self, role, and patient. [Rubric: 0 = Requires direct prompting, 1 = Introduces themselves but only after a hint, 2 = Introduces themselves but information is incomplete, 3 = Introduces themselves and information is complete]"",
    ""Situation"": ""Identifies the main problem(s). [Rubric: 0 = Unable to identify the main problem(s), 1 = Identifies the main problem(s) after extended prompting, 2 = Identifies the main problem(s) with fewer prompts needed, 3 = Identifies and prioritizes the main problem(s) unprompted]"",
    ""Background (history)"": ""Gives appropriate history. [Rubric: 0 = History is unstructured or non-relevant, 1 = Relevant history but frequent clarification needed, 2 = Relevant history with few further questions needed, 3 = Comprehensive focused history]"",
    ""Background (examination)"": ""Gives appropriate examination/observations. [Rubric: 0 = Observations are omitted or irrelevant, 1 = Observations reported but frequent clarification needed, 2 = Observations reported with few further questions needed, 3 = Comprehensive focused examination/observations]"",
    ""Assessment"": ""Makes logical assessment (correlates problem, history, exam, context). [Rubric: 0 = No logical assessment, 1 = Assessment only after extended questioning, 2 = Assessment after minimal questioning, 3 = Comprehensive logical assessment without questioning]"",
    ""Recommendation (clear recommendation)"": ""Makes a clear recommendation. [Rubric: 0 = No recommendation, 1 = Clear recommendation only after extended questioning, 2 = Clear recommendation after minimal questioning, 3 = Clear comprehensive recommendation without questioning]"",
    ""Recommendation (global rating scale)"": ""Global Rating Scale (GRS) - How confident am I that I received an accurate picture of the patient? [Rubric: 0 = Not at all confident, 1 = Confident but required extended questioning, 2 = Confident but required some further questioning, 3 = Confident and required little or no questioning]"",
    ""Comments"": ""Comments on the session. [Open-ended]""
  },
  ""responses"": [
    {
      ""respondent"": ""11"",
      ""answers"": {
        ""Date"": ""2025-05-02"",
        ""SessionName"": ""II (Anaphylaxis)"",
        ""Identification"": 3,
        ""Situation"": 3,
        ""Background (history)"": 3,
        ""Background (examination)"": 3,
        ""Assessment"": 2,
        ""Recommendation (clear recommendation)"": 3,
        ""Recommendation (global rating scale)"": 3,
        ""Comments"": ""Good""
      }
    },
    {
      ""respondent"": ""4"",
      ""answers"": {
        ""Date"": ""2025-03-14"",
        ""SessionName"": ""I-VF"",
        ""Identification"": 3,
        ""Situation"": 3,
        ""Background (history)"": 2,
        ""Background (examination)"": 1,
        ""Assessment"": 2,
        ""Recommendation (clear recommendation)"": 2,
        ""Recommendation (global rating scale)"": 2,
        ""Comments"": ""Time: (10:29-10:54)\nVentricular fibrillation (CVS)\nLack of communication btween 2 main interns\nFurther brief to patient, ask patent concerns""
      }
    },
    {
      ""respondent"": ""19"",
      ""answers"": {
        ""Date"": ""2025-05-04"",
        ""SessionName"": ""V (Hypoglycemia)"",
        ""Identification"": 3,
        ""Situation"": 3,
        ""Background (history)"": 3,
        ""Background (examination)"": 3,
        ""Assessment"": 3,
        ""Recommendation (clear recommendation)"": 3,
        ""Recommendation (global rating scale)"": 2,
        ""Comments"": ""Concise - clear\nSatisfactory""
      }
    }
  ]
}",2025-05-02,"<example>
What is the session name for respondent 21?

DATA:

{
  ""questions"": {
    ""Date"": ""What is the date of the session? [Open-ended]"",
    ""SessionName"": ""What is the name of the session? [Open-ended]"",
    ""Identification"": ""Identification of self, role, and patient. [Rubric: 0 = Requires direct prompting, 1 = Introduces themselves but only after a hint, 2 = Introduces themselves but information is incomplete, 3 = Introduces themselves and information is complete]"",
    ""Situation"": ""Identifies the main problem(s). [Rubric: 0 = Unable to identify the main problem(s), 1 = Identifies the main problem(s) after extended prompting, 2 = Identifies the main problem(s) with fewer prompts needed, 3 = Identifies and prioritizes the main problem(s) unprompted]"",
    ""Background (history)"": ""Gives appropriate history. [Rubric: 0 = History is unstructured or non-relevant, 1 = Relevant history but frequent clarification needed, 2 = Relevant history with few further questions needed, 3 = Comprehensive focused history]"",
    ""Background (examination)"": ""Gives appropriate examination/observations. [Rubric: 0 = Observations are omitted or irrelevant, 1 = Observations reported but frequent clarification needed, 2 = Observations reported with few further questions needed, 3 = Comprehensive focused examination/observations]"",
    ""Assessment"": ""Makes logical assessment (correlates problem, history, exam, context). [Rubric: 0 = No logical assessment, 1 = Assessment only after extended questioning, 2 = Assessment after minimal questioning, 3 = Comprehensive logical assessment without questioning]"",
    ""Recommendation (clear recommendation)"": ""Makes a clear recommendation. [Rubric: 0 = No recommendation, 1 = Clear recommendation only after extended questioning, 2 = Clear recommendation after minimal questioning, 3 = Clear comprehensive recommendation without questioning]"",
    ""Recommendation (global rating scale)"": ""Global Rating Scale (GRS) - How confident am I that I received an accurate picture of the patient? [Rubric: 0 = Not at all confident, 1 = Confident but required extended questioning, 2 = Confident but required some further questioning, 3 = Confident and required little or no questioning]"",
    ""Comments"": ""Comments on the session. [Open-ended]""
  },
  ""responses"": [
    {
      ""respondent"": ""21"",
      ""answers"": {
        ""Date"": ""2025-05-16"",
        ""SessionName"": ""II (Anaphylaxsis)"",
        ""Identification"": 3,
        ""Situation"": 3,
        ""Background (history)"": 2,
        ""Background (examination)"": 2,
        ""Assessment"": 2,
        ""Recommendation (clear recommendation)"": 3,
        ""Recommendation (global rating scale)"": 2,
        ""Comments"": ""Overall a bit unclear communication reflected""
      }
    },
    {
      ""respondent"": ""17"",
      ""answers"": {
        ""Date"": ""2025-05-04"",
        ""SessionName"": ""IV - VT"",
        ""Identification"": 3,
        ""Situation"": 3,
        ""Background (history)"": 2,
        ""Background (examination)"": 2,
        ""Assessment"": 3,
        ""Recommendation (clear recommendation)"": 2,
        ""Recommendation (global rating scale)"": 2,
        ""Comments"": ""Not very concise or clear communication\nSatisfactory""
      }
    },
    {
      ""respondent"": ""23"",
      ""answers"": {
        ""Date"": ""2025-05-16"",
        ""SessionName"": ""I (Myocardial infarction)"",
        ""Identification"": 3,
        ""Situation"": 2,
        ""Background (history)"": 3,
        ""Background (examination)"": 1,
        ""Assessment"": 2,
        ""Recommendation (clear recommendation)"": 3,
        ""Recommendation (global rating scale)"": 3,
        ""Comments"": ""Diagnostic clarity is present\nGood and early assessment of condition is done""
      }
    }
  ]
}

Answer: II (Anaphylaxsis)
</example>

<questionnaire>
{
  ""questions"": {
    ""Date"": ""What is the date of the session? [Open-ended]"",
    ""SessionName"": ""What is the name of the session? [Open-ended]"",
    ""Identification"": ""Identification of self, role, and patient. [Rubric: 0 = Requires direct prompting, 1 = Introduces themselves but only after a hint, 2 = Introduces themselves but information is incomplete, 3 = Introduces themselves and information is complete]"",
    ""Situation"": ""Identifies the main problem(s). [Rubric: 0 = Unable to identify the main problem(s), 1 = Identifies the main problem(s) after extended prompting, 2 = Identifies the main problem(s) with fewer prompts needed, 3 = Identifies and prioritizes the main problem(s) unprompted]"",
    ""Background (history)"": ""Gives appropriate history. [Rubric: 0 = History is unstructured or non-relevant, 1 = Relevant history but frequent clarification needed, 2 = Relevant history with few further questions needed, 3 = Comprehensive focused history]"",
    ""Background (examination)"": ""Gives appropriate examination/observations. [Rubric: 0 = Observations are omitted or irrelevant, 1 = Observations reported but frequent clarification needed, 2 = Observations reported with few further questions needed, 3 = Comprehensive focused examination/observations]"",
    ""Assessment"": ""Makes logical assessment (correlates problem, history, exam, context). [Rubric: 0 = No logical assessment, 1 = Assessment only after extended questioning, 2 = Assessment after minimal questioning, 3 = Comprehensive logical assessment without questioning]"",
    ""Recommendation (clear recommendation)"": ""Makes a clear recommendation. [Rubric: 0 = No recommendation, 1 = Clear recommendation only after extended questioning, 2 = Clear recommendation after minimal questioning, 3 = Clear comprehensive recommendation without questioning]"",
    ""Recommendation (global rating scale)"": ""Global Rating Scale (GRS) - How confident am I that I received an accurate picture of the patient? [Rubric: 0 = Not at all confident, 1 = Confident but required extended questioning, 2 = Confident but required some further questioning, 3 = Confident and required little or no questioning]"",
    ""Comments"": ""Comments on the session. [Open-ended]""
  },
  ""responses"": [
    {
      ""respondent"": ""11"",
      ""answers"": {
        ""Date"": ""2025-05-02"",
        ""SessionName"": ""II (Anaphylaxis)"",
        ""Identification"": 3,
        ""Situation"": 3,
        ""Background (history)"": 3,
        ""Background (examination)"": 3,
        ""Assessment"": 2,
        ""Recommendation (clear recommendation)"": 3,
        ""Recommendation (global rating scale)"": 3,
        ""Comments"": ""Good""
      }
    },
    {
      ""respondent"": ""4"",
      ""answers"": {
        ""Date"": ""2025-03-14"",
        ""SessionName"": ""I-VF"",
        ""Identification"": 3,
        ""Situation"": 3,
        ""Background (history)"": 2,
        ""Background (examination)"": 1,
        ""Assessment"": 2,
        ""Recommendation (clear recommendation)"": 2,
        ""Recommendation (global rating scale)"": 2,
        ""Comments"": ""Time: (10:29-10:54)\nVentricular fibrillation (CVS)\nLack of communication btween 2 main interns\nFurther brief to patient, ask patent concerns""
      }
    },
    {
      ""respondent"": ""19"",
      ""answers"": {
        ""Date"": ""2025-05-04"",
        ""SessionName"": ""V (Hypoglycemia)"",
        ""Identification"": 3,
        ""Situation"": 3,
        ""Background (history)"": 3,
        ""Background (examination)"": 3,
        ""Assessment"": 3,
        ""Recommendation (clear recommendation)"": 3,
        ""Recommendation (global rating scale)"": 2,
        ""Comments"": ""Concise - clear\nSatisfactory""
      }
    }
  ]
}
</questionnaire>

<role>
You are a meticulous data analyst AI. Your primary function is to accurately analyze structured data and provide precise, verifiable answers.
</role>

<output>
Provide your final answer directly and concisely. Output must be the human-readable value, not an option code.

Rules:
- For MCQ fields, map any letter codes in the Responses (case-insensitive) to the corresponding option text from the Questions schema, and output only that text. Do NOT include the letter or both.
  Example: If the schema is ""[MCQ: A. Abnormal B. Inconclusive C. Normal]"" and the response is ""a"", output ""Abnormal"".
- For open-ended fields, output the exact text value.
- If the question asks for a count, provide only the number (e.g., ""42"").
- If the question asks for a list of names or IDs, provide a simple comma-separated list (e.g., ""17, 21, 23"").
- Preserve capitalization exactly as in the schema (e.g., output ""Abnormal"", not ""abnormal"" or ""A"").
</output>

<task>
What is the date for respondent 11?
</task>",,
case_24,answer_lookup,What is the global rating score for respondent 19?,"{
  ""questions"": {
    ""Date"": ""What is the date of the session? [Open-ended]"",
    ""SessionName"": ""What is the name of the session? [Open-ended]"",
    ""Identification"": ""Identification of self, role, and patient. [Rubric: 0 = Requires direct prompting, 1 = Introduces themselves but only after a hint, 2 = Introduces themselves but information is incomplete, 3 = Introduces themselves and information is complete]"",
    ""Situation"": ""Identifies the main problem(s). [Rubric: 0 = Unable to identify the main problem(s), 1 = Identifies the main problem(s) after extended prompting, 2 = Identifies the main problem(s) with fewer prompts needed, 3 = Identifies and prioritizes the main problem(s) unprompted]"",
    ""Background (history)"": ""Gives appropriate history. [Rubric: 0 = History is unstructured or non-relevant, 1 = Relevant history but frequent clarification needed, 2 = Relevant history with few further questions needed, 3 = Comprehensive focused history]"",
    ""Background (examination)"": ""Gives appropriate examination/observations. [Rubric: 0 = Observations are omitted or irrelevant, 1 = Observations reported but frequent clarification needed, 2 = Observations reported with few further questions needed, 3 = Comprehensive focused examination/observations]"",
    ""Assessment"": ""Makes logical assessment (correlates problem, history, exam, context). [Rubric: 0 = No logical assessment, 1 = Assessment only after extended questioning, 2 = Assessment after minimal questioning, 3 = Comprehensive logical assessment without questioning]"",
    ""Recommendation (clear recommendation)"": ""Makes a clear recommendation. [Rubric: 0 = No recommendation, 1 = Clear recommendation only after extended questioning, 2 = Clear recommendation after minimal questioning, 3 = Clear comprehensive recommendation without questioning]"",
    ""Recommendation (global rating scale)"": ""Global Rating Scale (GRS) - How confident am I that I received an accurate picture of the patient? [Rubric: 0 = Not at all confident, 1 = Confident but required extended questioning, 2 = Confident but required some further questioning, 3 = Confident and required little or no questioning]"",
    ""Comments"": ""Comments on the session. [Open-ended]""
  },
  ""responses"": [
    {
      ""respondent"": ""19"",
      ""answers"": {
        ""Date"": ""2025-05-04"",
        ""SessionName"": ""V (Hypoglycemia)"",
        ""Identification"": 3,
        ""Situation"": 3,
        ""Background (history)"": 3,
        ""Background (examination)"": 3,
        ""Assessment"": 3,
        ""Recommendation (clear recommendation)"": 3,
        ""Recommendation (global rating scale)"": 2,
        ""Comments"": ""Concise - clear\nSatisfactory""
      }
    },
    {
      ""respondent"": ""6"",
      ""answers"": {
        ""Date"": ""2025-04-04"",
        ""SessionName"": ""III-Sepsis"",
        ""Identification"": -1,
        ""Situation"": 2,
        ""Background (history)"": 3,
        ""Background (examination)"": 3,
        ""Assessment"": 3,
        ""Recommendation (clear recommendation)"": 3,
        ""Recommendation (global rating scale)"": 3,
        ""Comments"": ""The patient/simulation is not oriented in TPP.\nClear communication between Reg and colleague during handover""
      }
    },
    {
      ""respondent"": ""23"",
      ""answers"": {
        ""Date"": ""2025-05-16"",
        ""SessionName"": ""I (Myocardial infarction)"",
        ""Identification"": 3,
        ""Situation"": 2,
        ""Background (history)"": 3,
        ""Background (examination)"": 1,
        ""Assessment"": 2,
        ""Recommendation (clear recommendation)"": 3,
        ""Recommendation (global rating scale)"": 3,
        ""Comments"": ""Diagnostic clarity is present\nGood and early assessment of condition is done""
      }
    }
  ]
}",2,"<example>
What is the session name for respondent 21?

DATA:

{
  ""questions"": {
    ""Date"": ""What is the date of the session? [Open-ended]"",
    ""SessionName"": ""What is the name of the session? [Open-ended]"",
    ""Identification"": ""Identification of self, role, and patient. [Rubric: 0 = Requires direct prompting, 1 = Introduces themselves but only after a hint, 2 = Introduces themselves but information is incomplete, 3 = Introduces themselves and information is complete]"",
    ""Situation"": ""Identifies the main problem(s). [Rubric: 0 = Unable to identify the main problem(s), 1 = Identifies the main problem(s) after extended prompting, 2 = Identifies the main problem(s) with fewer prompts needed, 3 = Identifies and prioritizes the main problem(s) unprompted]"",
    ""Background (history)"": ""Gives appropriate history. [Rubric: 0 = History is unstructured or non-relevant, 1 = Relevant history but frequent clarification needed, 2 = Relevant history with few further questions needed, 3 = Comprehensive focused history]"",
    ""Background (examination)"": ""Gives appropriate examination/observations. [Rubric: 0 = Observations are omitted or irrelevant, 1 = Observations reported but frequent clarification needed, 2 = Observations reported with few further questions needed, 3 = Comprehensive focused examination/observations]"",
    ""Assessment"": ""Makes logical assessment (correlates problem, history, exam, context). [Rubric: 0 = No logical assessment, 1 = Assessment only after extended questioning, 2 = Assessment after minimal questioning, 3 = Comprehensive logical assessment without questioning]"",
    ""Recommendation (clear recommendation)"": ""Makes a clear recommendation. [Rubric: 0 = No recommendation, 1 = Clear recommendation only after extended questioning, 2 = Clear recommendation after minimal questioning, 3 = Clear comprehensive recommendation without questioning]"",
    ""Recommendation (global rating scale)"": ""Global Rating Scale (GRS) - How confident am I that I received an accurate picture of the patient? [Rubric: 0 = Not at all confident, 1 = Confident but required extended questioning, 2 = Confident but required some further questioning, 3 = Confident and required little or no questioning]"",
    ""Comments"": ""Comments on the session. [Open-ended]""
  },
  ""responses"": [
    {
      ""respondent"": ""21"",
      ""answers"": {
        ""Date"": ""2025-05-16"",
        ""SessionName"": ""II (Anaphylaxsis)"",
        ""Identification"": 3,
        ""Situation"": 3,
        ""Background (history)"": 2,
        ""Background (examination)"": 2,
        ""Assessment"": 2,
        ""Recommendation (clear recommendation)"": 3,
        ""Recommendation (global rating scale)"": 2,
        ""Comments"": ""Overall a bit unclear communication reflected""
      }
    },
    {
      ""respondent"": ""17"",
      ""answers"": {
        ""Date"": ""2025-05-04"",
        ""SessionName"": ""IV - VT"",
        ""Identification"": 3,
        ""Situation"": 3,
        ""Background (history)"": 2,
        ""Background (examination)"": 2,
        ""Assessment"": 3,
        ""Recommendation (clear recommendation)"": 2,
        ""Recommendation (global rating scale)"": 2,
        ""Comments"": ""Not very concise or clear communication\nSatisfactory""
      }
    },
    {
      ""respondent"": ""23"",
      ""answers"": {
        ""Date"": ""2025-05-16"",
        ""SessionName"": ""I (Myocardial infarction)"",
        ""Identification"": 3,
        ""Situation"": 2,
        ""Background (history)"": 3,
        ""Background (examination)"": 1,
        ""Assessment"": 2,
        ""Recommendation (clear recommendation)"": 3,
        ""Recommendation (global rating scale)"": 3,
        ""Comments"": ""Diagnostic clarity is present\nGood and early assessment of condition is done""
      }
    }
  ]
}

Answer: II (Anaphylaxsis)
</example>

<questionnaire>
{
  ""questions"": {
    ""Date"": ""What is the date of the session? [Open-ended]"",
    ""SessionName"": ""What is the name of the session? [Open-ended]"",
    ""Identification"": ""Identification of self, role, and patient. [Rubric: 0 = Requires direct prompting, 1 = Introduces themselves but only after a hint, 2 = Introduces themselves but information is incomplete, 3 = Introduces themselves and information is complete]"",
    ""Situation"": ""Identifies the main problem(s). [Rubric: 0 = Unable to identify the main problem(s), 1 = Identifies the main problem(s) after extended prompting, 2 = Identifies the main problem(s) with fewer prompts needed, 3 = Identifies and prioritizes the main problem(s) unprompted]"",
    ""Background (history)"": ""Gives appropriate history. [Rubric: 0 = History is unstructured or non-relevant, 1 = Relevant history but frequent clarification needed, 2 = Relevant history with few further questions needed, 3 = Comprehensive focused history]"",
    ""Background (examination)"": ""Gives appropriate examination/observations. [Rubric: 0 = Observations are omitted or irrelevant, 1 = Observations reported but frequent clarification needed, 2 = Observations reported with few further questions needed, 3 = Comprehensive focused examination/observations]"",
    ""Assessment"": ""Makes logical assessment (correlates problem, history, exam, context). [Rubric: 0 = No logical assessment, 1 = Assessment only after extended questioning, 2 = Assessment after minimal questioning, 3 = Comprehensive logical assessment without questioning]"",
    ""Recommendation (clear recommendation)"": ""Makes a clear recommendation. [Rubric: 0 = No recommendation, 1 = Clear recommendation only after extended questioning, 2 = Clear recommendation after minimal questioning, 3 = Clear comprehensive recommendation without questioning]"",
    ""Recommendation (global rating scale)"": ""Global Rating Scale (GRS) - How confident am I that I received an accurate picture of the patient? [Rubric: 0 = Not at all confident, 1 = Confident but required extended questioning, 2 = Confident but required some further questioning, 3 = Confident and required little or no questioning]"",
    ""Comments"": ""Comments on the session. [Open-ended]""
  },
  ""responses"": [
    {
      ""respondent"": ""19"",
      ""answers"": {
        ""Date"": ""2025-05-04"",
        ""SessionName"": ""V (Hypoglycemia)"",
        ""Identification"": 3,
        ""Situation"": 3,
        ""Background (history)"": 3,
        ""Background (examination)"": 3,
        ""Assessment"": 3,
        ""Recommendation (clear recommendation)"": 3,
        ""Recommendation (global rating scale)"": 2,
        ""Comments"": ""Concise - clear\nSatisfactory""
      }
    },
    {
      ""respondent"": ""6"",
      ""answers"": {
        ""Date"": ""2025-04-04"",
        ""SessionName"": ""III-Sepsis"",
        ""Identification"": -1,
        ""Situation"": 2,
        ""Background (history)"": 3,
        ""Background (examination)"": 3,
        ""Assessment"": 3,
        ""Recommendation (clear recommendation)"": 3,
        ""Recommendation (global rating scale)"": 3,
        ""Comments"": ""The patient/simulation is not oriented in TPP.\nClear communication between Reg and colleague during handover""
      }
    },
    {
      ""respondent"": ""23"",
      ""answers"": {
        ""Date"": ""2025-05-16"",
        ""SessionName"": ""I (Myocardial infarction)"",
        ""Identification"": 3,
        ""Situation"": 2,
        ""Background (history)"": 3,
        ""Background (examination)"": 1,
        ""Assessment"": 2,
        ""Recommendation (clear recommendation)"": 3,
        ""Recommendation (global rating scale)"": 3,
        ""Comments"": ""Diagnostic clarity is present\nGood and early assessment of condition is done""
      }
    }
  ]
}
</questionnaire>

<role>
You are a meticulous data analyst AI. Your primary function is to accurately analyze structured data and provide precise, verifiable answers.
</role>

<output>
Provide your final answer directly and concisely. Output must be the human-readable value, not an option code.

Rules:
- For MCQ fields, map any letter codes in the Responses (case-insensitive) to the corresponding option text from the Questions schema, and output only that text. Do NOT include the letter or both.
  Example: If the schema is ""[MCQ: A. Abnormal B. Inconclusive C. Normal]"" and the response is ""a"", output ""Abnormal"".
- For open-ended fields, output the exact text value.
- If the question asks for a count, provide only the number (e.g., ""42"").
- If the question asks for a list of names or IDs, provide a simple comma-separated list (e.g., ""17, 21, 23"").
- Preserve capitalization exactly as in the schema (e.g., output ""Abnormal"", not ""abnormal"" or ""A"").
</output>

<task>
What is the global rating score for respondent 19?
</task>",,
case_25,answer_lookup,What is the session name for respondent 18?,"{
  ""questions"": {
    ""Date"": ""What is the date of the session? [Open-ended]"",
    ""SessionName"": ""What is the name of the session? [Open-ended]"",
    ""Identification"": ""Identification of self, role, and patient. [Rubric: 0 = Requires direct prompting, 1 = Introduces themselves but only after a hint, 2 = Introduces themselves but information is incomplete, 3 = Introduces themselves and information is complete]"",
    ""Situation"": ""Identifies the main problem(s). [Rubric: 0 = Unable to identify the main problem(s), 1 = Identifies the main problem(s) after extended prompting, 2 = Identifies the main problem(s) with fewer prompts needed, 3 = Identifies and prioritizes the main problem(s) unprompted]"",
    ""Background (history)"": ""Gives appropriate history. [Rubric: 0 = History is unstructured or non-relevant, 1 = Relevant history but frequent clarification needed, 2 = Relevant history with few further questions needed, 3 = Comprehensive focused history]"",
    ""Background (examination)"": ""Gives appropriate examination/observations. [Rubric: 0 = Observations are omitted or irrelevant, 1 = Observations reported but frequent clarification needed, 2 = Observations reported with few further questions needed, 3 = Comprehensive focused examination/observations]"",
    ""Assessment"": ""Makes logical assessment (correlates problem, history, exam, context). [Rubric: 0 = No logical assessment, 1 = Assessment only after extended questioning, 2 = Assessment after minimal questioning, 3 = Comprehensive logical assessment without questioning]"",
    ""Recommendation (clear recommendation)"": ""Makes a clear recommendation. [Rubric: 0 = No recommendation, 1 = Clear recommendation only after extended questioning, 2 = Clear recommendation after minimal questioning, 3 = Clear comprehensive recommendation without questioning]"",
    ""Recommendation (global rating scale)"": ""Global Rating Scale (GRS) - How confident am I that I received an accurate picture of the patient? [Rubric: 0 = Not at all confident, 1 = Confident but required extended questioning, 2 = Confident but required some further questioning, 3 = Confident and required little or no questioning]"",
    ""Comments"": ""Comments on the session. [Open-ended]""
  },
  ""responses"": [
    {
      ""respondent"": ""18"",
      ""answers"": {
        ""Date"": ""2025-05-04"",
        ""SessionName"": ""I - MI"",
        ""Identification"": 3,
        ""Situation"": 3,
        ""Background (history)"": 3,
        ""Background (examination)"": 3,
        ""Assessment"": 2,
        ""Recommendation (clear recommendation)"": 3,
        ""Recommendation (global rating scale)"": 2,
        ""Comments"": ""Wrong CPR position\nClarity is a bit low over whole case scenario\nSatisfactory""
      }
    },
    {
      ""respondent"": ""13"",
      ""answers"": {
        ""Date"": ""2025-05-02"",
        ""SessionName"": ""I - MI"",
        ""Identification"": 3,
        ""Situation"": 3,
        ""Background (history)"": 3,
        ""Background (examination)"": 3,
        ""Assessment"": 3,
        ""Recommendation (clear recommendation)"": 2,
        ""Recommendation (global rating scale)"": 3,
        ""Comments"": ""Consent denied for video recordings\nSatisfactory""
      }
    },
    {
      ""respondent"": ""12"",
      ""answers"": {
        ""Date"": ""2025-05-02"",
        ""SessionName"": ""IV (VT)"",
        ""Identification"": 3,
        ""Situation"": 3,
        ""Background (history)"": 2,
        ""Background (examination)"": -1,
        ""Assessment"": 3,
        ""Recommendation (clear recommendation)"": 2,
        ""Recommendation (global rating scale)"": 3,
        ""Comments"": ""Good""
      }
    }
  ]
}",I - MI,"<example>
What is the session name for respondent 21?

DATA:

{
  ""questions"": {
    ""Date"": ""What is the date of the session? [Open-ended]"",
    ""SessionName"": ""What is the name of the session? [Open-ended]"",
    ""Identification"": ""Identification of self, role, and patient. [Rubric: 0 = Requires direct prompting, 1 = Introduces themselves but only after a hint, 2 = Introduces themselves but information is incomplete, 3 = Introduces themselves and information is complete]"",
    ""Situation"": ""Identifies the main problem(s). [Rubric: 0 = Unable to identify the main problem(s), 1 = Identifies the main problem(s) after extended prompting, 2 = Identifies the main problem(s) with fewer prompts needed, 3 = Identifies and prioritizes the main problem(s) unprompted]"",
    ""Background (history)"": ""Gives appropriate history. [Rubric: 0 = History is unstructured or non-relevant, 1 = Relevant history but frequent clarification needed, 2 = Relevant history with few further questions needed, 3 = Comprehensive focused history]"",
    ""Background (examination)"": ""Gives appropriate examination/observations. [Rubric: 0 = Observations are omitted or irrelevant, 1 = Observations reported but frequent clarification needed, 2 = Observations reported with few further questions needed, 3 = Comprehensive focused examination/observations]"",
    ""Assessment"": ""Makes logical assessment (correlates problem, history, exam, context). [Rubric: 0 = No logical assessment, 1 = Assessment only after extended questioning, 2 = Assessment after minimal questioning, 3 = Comprehensive logical assessment without questioning]"",
    ""Recommendation (clear recommendation)"": ""Makes a clear recommendation. [Rubric: 0 = No recommendation, 1 = Clear recommendation only after extended questioning, 2 = Clear recommendation after minimal questioning, 3 = Clear comprehensive recommendation without questioning]"",
    ""Recommendation (global rating scale)"": ""Global Rating Scale (GRS) - How confident am I that I received an accurate picture of the patient? [Rubric: 0 = Not at all confident, 1 = Confident but required extended questioning, 2 = Confident but required some further questioning, 3 = Confident and required little or no questioning]"",
    ""Comments"": ""Comments on the session. [Open-ended]""
  },
  ""responses"": [
    {
      ""respondent"": ""21"",
      ""answers"": {
        ""Date"": ""2025-05-16"",
        ""SessionName"": ""II (Anaphylaxsis)"",
        ""Identification"": 3,
        ""Situation"": 3,
        ""Background (history)"": 2,
        ""Background (examination)"": 2,
        ""Assessment"": 2,
        ""Recommendation (clear recommendation)"": 3,
        ""Recommendation (global rating scale)"": 2,
        ""Comments"": ""Overall a bit unclear communication reflected""
      }
    },
    {
      ""respondent"": ""17"",
      ""answers"": {
        ""Date"": ""2025-05-04"",
        ""SessionName"": ""IV - VT"",
        ""Identification"": 3,
        ""Situation"": 3,
        ""Background (history)"": 2,
        ""Background (examination)"": 2,
        ""Assessment"": 3,
        ""Recommendation (clear recommendation)"": 2,
        ""Recommendation (global rating scale)"": 2,
        ""Comments"": ""Not very concise or clear communication\nSatisfactory""
      }
    },
    {
      ""respondent"": ""23"",
      ""answers"": {
        ""Date"": ""2025-05-16"",
        ""SessionName"": ""I (Myocardial infarction)"",
        ""Identification"": 3,
        ""Situation"": 2,
        ""Background (history)"": 3,
        ""Background (examination)"": 1,
        ""Assessment"": 2,
        ""Recommendation (clear recommendation)"": 3,
        ""Recommendation (global rating scale)"": 3,
        ""Comments"": ""Diagnostic clarity is present\nGood and early assessment of condition is done""
      }
    }
  ]
}

Answer: II (Anaphylaxsis)
</example>

<questionnaire>
{
  ""questions"": {
    ""Date"": ""What is the date of the session? [Open-ended]"",
    ""SessionName"": ""What is the name of the session? [Open-ended]"",
    ""Identification"": ""Identification of self, role, and patient. [Rubric: 0 = Requires direct prompting, 1 = Introduces themselves but only after a hint, 2 = Introduces themselves but information is incomplete, 3 = Introduces themselves and information is complete]"",
    ""Situation"": ""Identifies the main problem(s). [Rubric: 0 = Unable to identify the main problem(s), 1 = Identifies the main problem(s) after extended prompting, 2 = Identifies the main problem(s) with fewer prompts needed, 3 = Identifies and prioritizes the main problem(s) unprompted]"",
    ""Background (history)"": ""Gives appropriate history. [Rubric: 0 = History is unstructured or non-relevant, 1 = Relevant history but frequent clarification needed, 2 = Relevant history with few further questions needed, 3 = Comprehensive focused history]"",
    ""Background (examination)"": ""Gives appropriate examination/observations. [Rubric: 0 = Observations are omitted or irrelevant, 1 = Observations reported but frequent clarification needed, 2 = Observations reported with few further questions needed, 3 = Comprehensive focused examination/observations]"",
    ""Assessment"": ""Makes logical assessment (correlates problem, history, exam, context). [Rubric: 0 = No logical assessment, 1 = Assessment only after extended questioning, 2 = Assessment after minimal questioning, 3 = Comprehensive logical assessment without questioning]"",
    ""Recommendation (clear recommendation)"": ""Makes a clear recommendation. [Rubric: 0 = No recommendation, 1 = Clear recommendation only after extended questioning, 2 = Clear recommendation after minimal questioning, 3 = Clear comprehensive recommendation without questioning]"",
    ""Recommendation (global rating scale)"": ""Global Rating Scale (GRS) - How confident am I that I received an accurate picture of the patient? [Rubric: 0 = Not at all confident, 1 = Confident but required extended questioning, 2 = Confident but required some further questioning, 3 = Confident and required little or no questioning]"",
    ""Comments"": ""Comments on the session. [Open-ended]""
  },
  ""responses"": [
    {
      ""respondent"": ""18"",
      ""answers"": {
        ""Date"": ""2025-05-04"",
        ""SessionName"": ""I - MI"",
        ""Identification"": 3,
        ""Situation"": 3,
        ""Background (history)"": 3,
        ""Background (examination)"": 3,
        ""Assessment"": 2,
        ""Recommendation (clear recommendation)"": 3,
        ""Recommendation (global rating scale)"": 2,
        ""Comments"": ""Wrong CPR position\nClarity is a bit low over whole case scenario\nSatisfactory""
      }
    },
    {
      ""respondent"": ""13"",
      ""answers"": {
        ""Date"": ""2025-05-02"",
        ""SessionName"": ""I - MI"",
        ""Identification"": 3,
        ""Situation"": 3,
        ""Background (history)"": 3,
        ""Background (examination)"": 3,
        ""Assessment"": 3,
        ""Recommendation (clear recommendation)"": 2,
        ""Recommendation (global rating scale)"": 3,
        ""Comments"": ""Consent denied for video recordings\nSatisfactory""
      }
    },
    {
      ""respondent"": ""12"",
      ""answers"": {
        ""Date"": ""2025-05-02"",
        ""SessionName"": ""IV (VT)"",
        ""Identification"": 3,
        ""Situation"": 3,
        ""Background (history)"": 2,
        ""Background (examination)"": -1,
        ""Assessment"": 3,
        ""Recommendation (clear recommendation)"": 2,
        ""Recommendation (global rating scale)"": 3,
        ""Comments"": ""Good""
      }
    }
  ]
}
</questionnaire>

<role>
You are a meticulous data analyst AI. Your primary function is to accurately analyze structured data and provide precise, verifiable answers.
</role>

<output>
Provide your final answer directly and concisely. Output must be the human-readable value, not an option code.

Rules:
- For MCQ fields, map any letter codes in the Responses (case-insensitive) to the corresponding option text from the Questions schema, and output only that text. Do NOT include the letter or both.
  Example: If the schema is ""[MCQ: A. Abnormal B. Inconclusive C. Normal]"" and the response is ""a"", output ""Abnormal"".
- For open-ended fields, output the exact text value.
- If the question asks for a count, provide only the number (e.g., ""42"").
- If the question asks for a list of names or IDs, provide a simple comma-separated list (e.g., ""17, 21, 23"").
- Preserve capitalization exactly as in the schema (e.g., output ""Abnormal"", not ""abnormal"" or ""A"").
</output>

<task>
What is the session name for respondent 18?
</task>",,
case_26,answer_lookup,What is the session name for respondent 5?,"{
  ""questions"": {
    ""Date"": ""What is the date of the session? [Open-ended]"",
    ""SessionName"": ""What is the name of the session? [Open-ended]"",
    ""Identification"": ""Identification of self, role, and patient. [Rubric: 0 = Requires direct prompting, 1 = Introduces themselves but only after a hint, 2 = Introduces themselves but information is incomplete, 3 = Introduces themselves and information is complete]"",
    ""Situation"": ""Identifies the main problem(s). [Rubric: 0 = Unable to identify the main problem(s), 1 = Identifies the main problem(s) after extended prompting, 2 = Identifies the main problem(s) with fewer prompts needed, 3 = Identifies and prioritizes the main problem(s) unprompted]"",
    ""Background (history)"": ""Gives appropriate history. [Rubric: 0 = History is unstructured or non-relevant, 1 = Relevant history but frequent clarification needed, 2 = Relevant history with few further questions needed, 3 = Comprehensive focused history]"",
    ""Background (examination)"": ""Gives appropriate examination/observations. [Rubric: 0 = Observations are omitted or irrelevant, 1 = Observations reported but frequent clarification needed, 2 = Observations reported with few further questions needed, 3 = Comprehensive focused examination/observations]"",
    ""Assessment"": ""Makes logical assessment (correlates problem, history, exam, context). [Rubric: 0 = No logical assessment, 1 = Assessment only after extended questioning, 2 = Assessment after minimal questioning, 3 = Comprehensive logical assessment without questioning]"",
    ""Recommendation (clear recommendation)"": ""Makes a clear recommendation. [Rubric: 0 = No recommendation, 1 = Clear recommendation only after extended questioning, 2 = Clear recommendation after minimal questioning, 3 = Clear comprehensive recommendation without questioning]"",
    ""Recommendation (global rating scale)"": ""Global Rating Scale (GRS) - How confident am I that I received an accurate picture of the patient? [Rubric: 0 = Not at all confident, 1 = Confident but required extended questioning, 2 = Confident but required some further questioning, 3 = Confident and required little or no questioning]"",
    ""Comments"": ""Comments on the session. [Open-ended]""
  },
  ""responses"": [
    {
      ""respondent"": ""5"",
      ""answers"": {
        ""Date"": ""2025-03-14"",
        ""SessionName"": ""(MI)-VT"",
        ""Identification"": 0,
        ""Situation"": 2,
        ""Background (history)"": 2,
        ""Background (examination)"": 2,
        ""Assessment"": 2,
        ""Recommendation (clear recommendation)"": 2,
        ""Recommendation (global rating scale)"": 2,
        ""Comments"": ""Time: (15:53-16:14)""
      }
    },
    {
      ""respondent"": ""7"",
      ""answers"": {
        ""Date"": ""2025-04-04"",
        ""SessionName"": ""II (Anaphylactic Shock)"",
        ""Identification"": 3,
        ""Situation"": 2,
        ""Background (history)"": 3,
        ""Background (examination)"": 3,
        ""Assessment"": 2,
        ""Recommendation (clear recommendation)"": 2,
        ""Recommendation (global rating scale)"": 3,
        ""Comments"": """"
      }
    },
    {
      ""respondent"": ""1"",
      ""answers"": {
        ""Date"": ""2025-03-14"",
        ""SessionName"": ""III-Sepsis"",
        ""Identification"": 3,
        ""Situation"": 3,
        ""Background (history)"": 2,
        ""Background (examination)"": 3,
        ""Assessment"": 2,
        ""Recommendation (clear recommendation)"": 2,
        ""Recommendation (global rating scale)"": 2,
        ""Comments"": ""Time: (1:00-1:17)""
      }
    }
  ]
}",(MI)-VT,"<example>
What is the session name for respondent 21?

DATA:

{
  ""questions"": {
    ""Date"": ""What is the date of the session? [Open-ended]"",
    ""SessionName"": ""What is the name of the session? [Open-ended]"",
    ""Identification"": ""Identification of self, role, and patient. [Rubric: 0 = Requires direct prompting, 1 = Introduces themselves but only after a hint, 2 = Introduces themselves but information is incomplete, 3 = Introduces themselves and information is complete]"",
    ""Situation"": ""Identifies the main problem(s). [Rubric: 0 = Unable to identify the main problem(s), 1 = Identifies the main problem(s) after extended prompting, 2 = Identifies the main problem(s) with fewer prompts needed, 3 = Identifies and prioritizes the main problem(s) unprompted]"",
    ""Background (history)"": ""Gives appropriate history. [Rubric: 0 = History is unstructured or non-relevant, 1 = Relevant history but frequent clarification needed, 2 = Relevant history with few further questions needed, 3 = Comprehensive focused history]"",
    ""Background (examination)"": ""Gives appropriate examination/observations. [Rubric: 0 = Observations are omitted or irrelevant, 1 = Observations reported but frequent clarification needed, 2 = Observations reported with few further questions needed, 3 = Comprehensive focused examination/observations]"",
    ""Assessment"": ""Makes logical assessment (correlates problem, history, exam, context). [Rubric: 0 = No logical assessment, 1 = Assessment only after extended questioning, 2 = Assessment after minimal questioning, 3 = Comprehensive logical assessment without questioning]"",
    ""Recommendation (clear recommendation)"": ""Makes a clear recommendation. [Rubric: 0 = No recommendation, 1 = Clear recommendation only after extended questioning, 2 = Clear recommendation after minimal questioning, 3 = Clear comprehensive recommendation without questioning]"",
    ""Recommendation (global rating scale)"": ""Global Rating Scale (GRS) - How confident am I that I received an accurate picture of the patient? [Rubric: 0 = Not at all confident, 1 = Confident but required extended questioning, 2 = Confident but required some further questioning, 3 = Confident and required little or no questioning]"",
    ""Comments"": ""Comments on the session. [Open-ended]""
  },
  ""responses"": [
    {
      ""respondent"": ""21"",
      ""answers"": {
        ""Date"": ""2025-05-16"",
        ""SessionName"": ""II (Anaphylaxsis)"",
        ""Identification"": 3,
        ""Situation"": 3,
        ""Background (history)"": 2,
        ""Background (examination)"": 2,
        ""Assessment"": 2,
        ""Recommendation (clear recommendation)"": 3,
        ""Recommendation (global rating scale)"": 2,
        ""Comments"": ""Overall a bit unclear communication reflected""
      }
    },
    {
      ""respondent"": ""17"",
      ""answers"": {
        ""Date"": ""2025-05-04"",
        ""SessionName"": ""IV - VT"",
        ""Identification"": 3,
        ""Situation"": 3,
        ""Background (history)"": 2,
        ""Background (examination)"": 2,
        ""Assessment"": 3,
        ""Recommendation (clear recommendation)"": 2,
        ""Recommendation (global rating scale)"": 2,
        ""Comments"": ""Not very concise or clear communication\nSatisfactory""
      }
    },
    {
      ""respondent"": ""23"",
      ""answers"": {
        ""Date"": ""2025-05-16"",
        ""SessionName"": ""I (Myocardial infarction)"",
        ""Identification"": 3,
        ""Situation"": 2,
        ""Background (history)"": 3,
        ""Background (examination)"": 1,
        ""Assessment"": 2,
        ""Recommendation (clear recommendation)"": 3,
        ""Recommendation (global rating scale)"": 3,
        ""Comments"": ""Diagnostic clarity is present\nGood and early assessment of condition is done""
      }
    }
  ]
}

Answer: II (Anaphylaxsis)
</example>

<questionnaire>
{
  ""questions"": {
    ""Date"": ""What is the date of the session? [Open-ended]"",
    ""SessionName"": ""What is the name of the session? [Open-ended]"",
    ""Identification"": ""Identification of self, role, and patient. [Rubric: 0 = Requires direct prompting, 1 = Introduces themselves but only after a hint, 2 = Introduces themselves but information is incomplete, 3 = Introduces themselves and information is complete]"",
    ""Situation"": ""Identifies the main problem(s). [Rubric: 0 = Unable to identify the main problem(s), 1 = Identifies the main problem(s) after extended prompting, 2 = Identifies the main problem(s) with fewer prompts needed, 3 = Identifies and prioritizes the main problem(s) unprompted]"",
    ""Background (history)"": ""Gives appropriate history. [Rubric: 0 = History is unstructured or non-relevant, 1 = Relevant history but frequent clarification needed, 2 = Relevant history with few further questions needed, 3 = Comprehensive focused history]"",
    ""Background (examination)"": ""Gives appropriate examination/observations. [Rubric: 0 = Observations are omitted or irrelevant, 1 = Observations reported but frequent clarification needed, 2 = Observations reported with few further questions needed, 3 = Comprehensive focused examination/observations]"",
    ""Assessment"": ""Makes logical assessment (correlates problem, history, exam, context). [Rubric: 0 = No logical assessment, 1 = Assessment only after extended questioning, 2 = Assessment after minimal questioning, 3 = Comprehensive logical assessment without questioning]"",
    ""Recommendation (clear recommendation)"": ""Makes a clear recommendation. [Rubric: 0 = No recommendation, 1 = Clear recommendation only after extended questioning, 2 = Clear recommendation after minimal questioning, 3 = Clear comprehensive recommendation without questioning]"",
    ""Recommendation (global rating scale)"": ""Global Rating Scale (GRS) - How confident am I that I received an accurate picture of the patient? [Rubric: 0 = Not at all confident, 1 = Confident but required extended questioning, 2 = Confident but required some further questioning, 3 = Confident and required little or no questioning]"",
    ""Comments"": ""Comments on the session. [Open-ended]""
  },
  ""responses"": [
    {
      ""respondent"": ""5"",
      ""answers"": {
        ""Date"": ""2025-03-14"",
        ""SessionName"": ""(MI)-VT"",
        ""Identification"": 0,
        ""Situation"": 2,
        ""Background (history)"": 2,
        ""Background (examination)"": 2,
        ""Assessment"": 2,
        ""Recommendation (clear recommendation)"": 2,
        ""Recommendation (global rating scale)"": 2,
        ""Comments"": ""Time: (15:53-16:14)""
      }
    },
    {
      ""respondent"": ""7"",
      ""answers"": {
        ""Date"": ""2025-04-04"",
        ""SessionName"": ""II (Anaphylactic Shock)"",
        ""Identification"": 3,
        ""Situation"": 2,
        ""Background (history)"": 3,
        ""Background (examination)"": 3,
        ""Assessment"": 2,
        ""Recommendation (clear recommendation)"": 2,
        ""Recommendation (global rating scale)"": 3,
        ""Comments"": """"
      }
    },
    {
      ""respondent"": ""1"",
      ""answers"": {
        ""Date"": ""2025-03-14"",
        ""SessionName"": ""III-Sepsis"",
        ""Identification"": 3,
        ""Situation"": 3,
        ""Background (history)"": 2,
        ""Background (examination)"": 3,
        ""Assessment"": 2,
        ""Recommendation (clear recommendation)"": 2,
        ""Recommendation (global rating scale)"": 2,
        ""Comments"": ""Time: (1:00-1:17)""
      }
    }
  ]
}
</questionnaire>

<role>
You are a meticulous data analyst AI. Your primary function is to accurately analyze structured data and provide precise, verifiable answers.
</role>

<output>
Provide your final answer directly and concisely. Output must be the human-readable value, not an option code.

Rules:
- For MCQ fields, map any letter codes in the Responses (case-insensitive) to the corresponding option text from the Questions schema, and output only that text. Do NOT include the letter or both.
  Example: If the schema is ""[MCQ: A. Abnormal B. Inconclusive C. Normal]"" and the response is ""a"", output ""Abnormal"".
- For open-ended fields, output the exact text value.
- If the question asks for a count, provide only the number (e.g., ""42"").
- If the question asks for a list of names or IDs, provide a simple comma-separated list (e.g., ""17, 21, 23"").
- Preserve capitalization exactly as in the schema (e.g., output ""Abnormal"", not ""abnormal"" or ""A"").
</output>

<task>
What is the session name for respondent 5?
</task>",,
case_27,answer_lookup,What is the global rating score for respondent 2?,"{
  ""questions"": {
    ""Date"": ""What is the date of the session? [Open-ended]"",
    ""SessionName"": ""What is the name of the session? [Open-ended]"",
    ""Identification"": ""Identification of self, role, and patient. [Rubric: 0 = Requires direct prompting, 1 = Introduces themselves but only after a hint, 2 = Introduces themselves but information is incomplete, 3 = Introduces themselves and information is complete]"",
    ""Situation"": ""Identifies the main problem(s). [Rubric: 0 = Unable to identify the main problem(s), 1 = Identifies the main problem(s) after extended prompting, 2 = Identifies the main problem(s) with fewer prompts needed, 3 = Identifies and prioritizes the main problem(s) unprompted]"",
    ""Background (history)"": ""Gives appropriate history. [Rubric: 0 = History is unstructured or non-relevant, 1 = Relevant history but frequent clarification needed, 2 = Relevant history with few further questions needed, 3 = Comprehensive focused history]"",
    ""Background (examination)"": ""Gives appropriate examination/observations. [Rubric: 0 = Observations are omitted or irrelevant, 1 = Observations reported but frequent clarification needed, 2 = Observations reported with few further questions needed, 3 = Comprehensive focused examination/observations]"",
    ""Assessment"": ""Makes logical assessment (correlates problem, history, exam, context). [Rubric: 0 = No logical assessment, 1 = Assessment only after extended questioning, 2 = Assessment after minimal questioning, 3 = Comprehensive logical assessment without questioning]"",
    ""Recommendation (clear recommendation)"": ""Makes a clear recommendation. [Rubric: 0 = No recommendation, 1 = Clear recommendation only after extended questioning, 2 = Clear recommendation after minimal questioning, 3 = Clear comprehensive recommendation without questioning]"",
    ""Recommendation (global rating scale)"": ""Global Rating Scale (GRS) - How confident am I that I received an accurate picture of the patient? [Rubric: 0 = Not at all confident, 1 = Confident but required extended questioning, 2 = Confident but required some further questioning, 3 = Confident and required little or no questioning]"",
    ""Comments"": ""Comments on the session. [Open-ended]""
  },
  ""responses"": [
    {
      ""respondent"": ""2"",
      ""answers"": {
        ""Date"": ""2025-03-14"",
        ""SessionName"": ""II-Anaphylaxsis"",
        ""Identification"": 3,
        ""Situation"": 3,
        ""Background (history)"": 2,
        ""Background (examination)"": 2,
        ""Assessment"": 3,
        ""Recommendation (clear recommendation)"": 3,
        ""Recommendation (global rating scale)"": 3,
        ""Comments"": ""Time: (11:43-11:58)\nTalking to registrav could not summarize the condition of patient very clearly\nDID: Sepsis I Anaphylaxsis given by team""
      }
    },
    {
      ""respondent"": ""8"",
      ""answers"": {
        ""Date"": ""2025-04-04"",
        ""SessionName"": ""IV (AF)"",
        ""Identification"": 3,
        ""Situation"": 3,
        ""Background (history)"": 3,
        ""Background (examination)"": 3,
        ""Assessment"": 3,
        ""Recommendation (clear recommendation)"": 3,
        ""Recommendation (global rating scale)"": 3,
        ""Comments"": ""Clear communication and handover""
      }
    },
    {
      ""respondent"": ""3"",
      ""answers"": {
        ""Date"": ""2025-03-14"",
        ""SessionName"": ""IV-Hypoglycemia"",
        ""Identification"": 3,
        ""Situation"": 3,
        ""Background (history)"": 2,
        ""Background (examination)"": 2,
        ""Assessment"": 3,
        ""Recommendation (clear recommendation)"": 1,
        ""Recommendation (global rating scale)"": 1,
        ""Comments"": ""Time: (2:36-2:53)\nLate response for considering consultation""
      }
    }
  ]
}",3,"<example>
What is the session name for respondent 21?

DATA:

{
  ""questions"": {
    ""Date"": ""What is the date of the session? [Open-ended]"",
    ""SessionName"": ""What is the name of the session? [Open-ended]"",
    ""Identification"": ""Identification of self, role, and patient. [Rubric: 0 = Requires direct prompting, 1 = Introduces themselves but only after a hint, 2 = Introduces themselves but information is incomplete, 3 = Introduces themselves and information is complete]"",
    ""Situation"": ""Identifies the main problem(s). [Rubric: 0 = Unable to identify the main problem(s), 1 = Identifies the main problem(s) after extended prompting, 2 = Identifies the main problem(s) with fewer prompts needed, 3 = Identifies and prioritizes the main problem(s) unprompted]"",
    ""Background (history)"": ""Gives appropriate history. [Rubric: 0 = History is unstructured or non-relevant, 1 = Relevant history but frequent clarification needed, 2 = Relevant history with few further questions needed, 3 = Comprehensive focused history]"",
    ""Background (examination)"": ""Gives appropriate examination/observations. [Rubric: 0 = Observations are omitted or irrelevant, 1 = Observations reported but frequent clarification needed, 2 = Observations reported with few further questions needed, 3 = Comprehensive focused examination/observations]"",
    ""Assessment"": ""Makes logical assessment (correlates problem, history, exam, context). [Rubric: 0 = No logical assessment, 1 = Assessment only after extended questioning, 2 = Assessment after minimal questioning, 3 = Comprehensive logical assessment without questioning]"",
    ""Recommendation (clear recommendation)"": ""Makes a clear recommendation. [Rubric: 0 = No recommendation, 1 = Clear recommendation only after extended questioning, 2 = Clear recommendation after minimal questioning, 3 = Clear comprehensive recommendation without questioning]"",
    ""Recommendation (global rating scale)"": ""Global Rating Scale (GRS) - How confident am I that I received an accurate picture of the patient? [Rubric: 0 = Not at all confident, 1 = Confident but required extended questioning, 2 = Confident but required some further questioning, 3 = Confident and required little or no questioning]"",
    ""Comments"": ""Comments on the session. [Open-ended]""
  },
  ""responses"": [
    {
      ""respondent"": ""21"",
      ""answers"": {
        ""Date"": ""2025-05-16"",
        ""SessionName"": ""II (Anaphylaxsis)"",
        ""Identification"": 3,
        ""Situation"": 3,
        ""Background (history)"": 2,
        ""Background (examination)"": 2,
        ""Assessment"": 2,
        ""Recommendation (clear recommendation)"": 3,
        ""Recommendation (global rating scale)"": 2,
        ""Comments"": ""Overall a bit unclear communication reflected""
      }
    },
    {
      ""respondent"": ""17"",
      ""answers"": {
        ""Date"": ""2025-05-04"",
        ""SessionName"": ""IV - VT"",
        ""Identification"": 3,
        ""Situation"": 3,
        ""Background (history)"": 2,
        ""Background (examination)"": 2,
        ""Assessment"": 3,
        ""Recommendation (clear recommendation)"": 2,
        ""Recommendation (global rating scale)"": 2,
        ""Comments"": ""Not very concise or clear communication\nSatisfactory""
      }
    },
    {
      ""respondent"": ""23"",
      ""answers"": {
        ""Date"": ""2025-05-16"",
        ""SessionName"": ""I (Myocardial infarction)"",
        ""Identification"": 3,
        ""Situation"": 2,
        ""Background (history)"": 3,
        ""Background (examination)"": 1,
        ""Assessment"": 2,
        ""Recommendation (clear recommendation)"": 3,
        ""Recommendation (global rating scale)"": 3,
        ""Comments"": ""Diagnostic clarity is present\nGood and early assessment of condition is done""
      }
    }
  ]
}

Answer: II (Anaphylaxsis)
</example>

<questionnaire>
{
  ""questions"": {
    ""Date"": ""What is the date of the session? [Open-ended]"",
    ""SessionName"": ""What is the name of the session? [Open-ended]"",
    ""Identification"": ""Identification of self, role, and patient. [Rubric: 0 = Requires direct prompting, 1 = Introduces themselves but only after a hint, 2 = Introduces themselves but information is incomplete, 3 = Introduces themselves and information is complete]"",
    ""Situation"": ""Identifies the main problem(s). [Rubric: 0 = Unable to identify the main problem(s), 1 = Identifies the main problem(s) after extended prompting, 2 = Identifies the main problem(s) with fewer prompts needed, 3 = Identifies and prioritizes the main problem(s) unprompted]"",
    ""Background (history)"": ""Gives appropriate history. [Rubric: 0 = History is unstructured or non-relevant, 1 = Relevant history but frequent clarification needed, 2 = Relevant history with few further questions needed, 3 = Comprehensive focused history]"",
    ""Background (examination)"": ""Gives appropriate examination/observations. [Rubric: 0 = Observations are omitted or irrelevant, 1 = Observations reported but frequent clarification needed, 2 = Observations reported with few further questions needed, 3 = Comprehensive focused examination/observations]"",
    ""Assessment"": ""Makes logical assessment (correlates problem, history, exam, context). [Rubric: 0 = No logical assessment, 1 = Assessment only after extended questioning, 2 = Assessment after minimal questioning, 3 = Comprehensive logical assessment without questioning]"",
    ""Recommendation (clear recommendation)"": ""Makes a clear recommendation. [Rubric: 0 = No recommendation, 1 = Clear recommendation only after extended questioning, 2 = Clear recommendation after minimal questioning, 3 = Clear comprehensive recommendation without questioning]"",
    ""Recommendation (global rating scale)"": ""Global Rating Scale (GRS) - How confident am I that I received an accurate picture of the patient? [Rubric: 0 = Not at all confident, 1 = Confident but required extended questioning, 2 = Confident but required some further questioning, 3 = Confident and required little or no questioning]"",
    ""Comments"": ""Comments on the session. [Open-ended]""
  },
  ""responses"": [
    {
      ""respondent"": ""2"",
      ""answers"": {
        ""Date"": ""2025-03-14"",
        ""SessionName"": ""II-Anaphylaxsis"",
        ""Identification"": 3,
        ""Situation"": 3,
        ""Background (history)"": 2,
        ""Background (examination)"": 2,
        ""Assessment"": 3,
        ""Recommendation (clear recommendation)"": 3,
        ""Recommendation (global rating scale)"": 3,
        ""Comments"": ""Time: (11:43-11:58)\nTalking to registrav could not summarize the condition of patient very clearly\nDID: Sepsis I Anaphylaxsis given by team""
      }
    },
    {
      ""respondent"": ""8"",
      ""answers"": {
        ""Date"": ""2025-04-04"",
        ""SessionName"": ""IV (AF)"",
        ""Identification"": 3,
        ""Situation"": 3,
        ""Background (history)"": 3,
        ""Background (examination)"": 3,
        ""Assessment"": 3,
        ""Recommendation (clear recommendation)"": 3,
        ""Recommendation (global rating scale)"": 3,
        ""Comments"": ""Clear communication and handover""
      }
    },
    {
      ""respondent"": ""3"",
      ""answers"": {
        ""Date"": ""2025-03-14"",
        ""SessionName"": ""IV-Hypoglycemia"",
        ""Identification"": 3,
        ""Situation"": 3,
        ""Background (history)"": 2,
        ""Background (examination)"": 2,
        ""Assessment"": 3,
        ""Recommendation (clear recommendation)"": 1,
        ""Recommendation (global rating scale)"": 1,
        ""Comments"": ""Time: (2:36-2:53)\nLate response for considering consultation""
      }
    }
  ]
}
</questionnaire>

<role>
You are a meticulous data analyst AI. Your primary function is to accurately analyze structured data and provide precise, verifiable answers.
</role>

<output>
Provide your final answer directly and concisely. Output must be the human-readable value, not an option code.

Rules:
- For MCQ fields, map any letter codes in the Responses (case-insensitive) to the corresponding option text from the Questions schema, and output only that text. Do NOT include the letter or both.
  Example: If the schema is ""[MCQ: A. Abnormal B. Inconclusive C. Normal]"" and the response is ""a"", output ""Abnormal"".
- For open-ended fields, output the exact text value.
- If the question asks for a count, provide only the number (e.g., ""42"").
- If the question asks for a list of names or IDs, provide a simple comma-separated list (e.g., ""17, 21, 23"").
- Preserve capitalization exactly as in the schema (e.g., output ""Abnormal"", not ""abnormal"" or ""A"").
</output>

<task>
What is the global rating score for respondent 2?
</task>",,
case_28,answer_lookup,What is the session name for respondent 1?,"{
  ""questions"": {
    ""Date"": ""What is the date of the session? [Open-ended]"",
    ""SessionName"": ""What is the name of the session? [Open-ended]"",
    ""Identification"": ""Identification of self, role, and patient. [Rubric: 0 = Requires direct prompting, 1 = Introduces themselves but only after a hint, 2 = Introduces themselves but information is incomplete, 3 = Introduces themselves and information is complete]"",
    ""Situation"": ""Identifies the main problem(s). [Rubric: 0 = Unable to identify the main problem(s), 1 = Identifies the main problem(s) after extended prompting, 2 = Identifies the main problem(s) with fewer prompts needed, 3 = Identifies and prioritizes the main problem(s) unprompted]"",
    ""Background (history)"": ""Gives appropriate history. [Rubric: 0 = History is unstructured or non-relevant, 1 = Relevant history but frequent clarification needed, 2 = Relevant history with few further questions needed, 3 = Comprehensive focused history]"",
    ""Background (examination)"": ""Gives appropriate examination/observations. [Rubric: 0 = Observations are omitted or irrelevant, 1 = Observations reported but frequent clarification needed, 2 = Observations reported with few further questions needed, 3 = Comprehensive focused examination/observations]"",
    ""Assessment"": ""Makes logical assessment (correlates problem, history, exam, context). [Rubric: 0 = No logical assessment, 1 = Assessment only after extended questioning, 2 = Assessment after minimal questioning, 3 = Comprehensive logical assessment without questioning]"",
    ""Recommendation (clear recommendation)"": ""Makes a clear recommendation. [Rubric: 0 = No recommendation, 1 = Clear recommendation only after extended questioning, 2 = Clear recommendation after minimal questioning, 3 = Clear comprehensive recommendation without questioning]"",
    ""Recommendation (global rating scale)"": ""Global Rating Scale (GRS) - How confident am I that I received an accurate picture of the patient? [Rubric: 0 = Not at all confident, 1 = Confident but required extended questioning, 2 = Confident but required some further questioning, 3 = Confident and required little or no questioning]"",
    ""Comments"": ""Comments on the session. [Open-ended]""
  },
  ""responses"": [
    {
      ""respondent"": ""1"",
      ""answers"": {
        ""Date"": ""2025-03-14"",
        ""SessionName"": ""III-Sepsis"",
        ""Identification"": 3,
        ""Situation"": 3,
        ""Background (history)"": 2,
        ""Background (examination)"": 3,
        ""Assessment"": 2,
        ""Recommendation (clear recommendation)"": 2,
        ""Recommendation (global rating scale)"": 2,
        ""Comments"": ""Time: (1:00-1:17)""
      }
    },
    {
      ""respondent"": ""12"",
      ""answers"": {
        ""Date"": ""2025-05-02"",
        ""SessionName"": ""IV (VT)"",
        ""Identification"": 3,
        ""Situation"": 3,
        ""Background (history)"": 2,
        ""Background (examination)"": -1,
        ""Assessment"": 3,
        ""Recommendation (clear recommendation)"": 2,
        ""Recommendation (global rating scale)"": 3,
        ""Comments"": ""Good""
      }
    },
    {
      ""respondent"": ""13"",
      ""answers"": {
        ""Date"": ""2025-05-02"",
        ""SessionName"": ""I - MI"",
        ""Identification"": 3,
        ""Situation"": 3,
        ""Background (history)"": 3,
        ""Background (examination)"": 3,
        ""Assessment"": 3,
        ""Recommendation (clear recommendation)"": 2,
        ""Recommendation (global rating scale)"": 3,
        ""Comments"": ""Consent denied for video recordings\nSatisfactory""
      }
    }
  ]
}",III-Sepsis,"<example>
What is the session name for respondent 21?

DATA:

{
  ""questions"": {
    ""Date"": ""What is the date of the session? [Open-ended]"",
    ""SessionName"": ""What is the name of the session? [Open-ended]"",
    ""Identification"": ""Identification of self, role, and patient. [Rubric: 0 = Requires direct prompting, 1 = Introduces themselves but only after a hint, 2 = Introduces themselves but information is incomplete, 3 = Introduces themselves and information is complete]"",
    ""Situation"": ""Identifies the main problem(s). [Rubric: 0 = Unable to identify the main problem(s), 1 = Identifies the main problem(s) after extended prompting, 2 = Identifies the main problem(s) with fewer prompts needed, 3 = Identifies and prioritizes the main problem(s) unprompted]"",
    ""Background (history)"": ""Gives appropriate history. [Rubric: 0 = History is unstructured or non-relevant, 1 = Relevant history but frequent clarification needed, 2 = Relevant history with few further questions needed, 3 = Comprehensive focused history]"",
    ""Background (examination)"": ""Gives appropriate examination/observations. [Rubric: 0 = Observations are omitted or irrelevant, 1 = Observations reported but frequent clarification needed, 2 = Observations reported with few further questions needed, 3 = Comprehensive focused examination/observations]"",
    ""Assessment"": ""Makes logical assessment (correlates problem, history, exam, context). [Rubric: 0 = No logical assessment, 1 = Assessment only after extended questioning, 2 = Assessment after minimal questioning, 3 = Comprehensive logical assessment without questioning]"",
    ""Recommendation (clear recommendation)"": ""Makes a clear recommendation. [Rubric: 0 = No recommendation, 1 = Clear recommendation only after extended questioning, 2 = Clear recommendation after minimal questioning, 3 = Clear comprehensive recommendation without questioning]"",
    ""Recommendation (global rating scale)"": ""Global Rating Scale (GRS) - How confident am I that I received an accurate picture of the patient? [Rubric: 0 = Not at all confident, 1 = Confident but required extended questioning, 2 = Confident but required some further questioning, 3 = Confident and required little or no questioning]"",
    ""Comments"": ""Comments on the session. [Open-ended]""
  },
  ""responses"": [
    {
      ""respondent"": ""21"",
      ""answers"": {
        ""Date"": ""2025-05-16"",
        ""SessionName"": ""II (Anaphylaxsis)"",
        ""Identification"": 3,
        ""Situation"": 3,
        ""Background (history)"": 2,
        ""Background (examination)"": 2,
        ""Assessment"": 2,
        ""Recommendation (clear recommendation)"": 3,
        ""Recommendation (global rating scale)"": 2,
        ""Comments"": ""Overall a bit unclear communication reflected""
      }
    },
    {
      ""respondent"": ""17"",
      ""answers"": {
        ""Date"": ""2025-05-04"",
        ""SessionName"": ""IV - VT"",
        ""Identification"": 3,
        ""Situation"": 3,
        ""Background (history)"": 2,
        ""Background (examination)"": 2,
        ""Assessment"": 3,
        ""Recommendation (clear recommendation)"": 2,
        ""Recommendation (global rating scale)"": 2,
        ""Comments"": ""Not very concise or clear communication\nSatisfactory""
      }
    },
    {
      ""respondent"": ""23"",
      ""answers"": {
        ""Date"": ""2025-05-16"",
        ""SessionName"": ""I (Myocardial infarction)"",
        ""Identification"": 3,
        ""Situation"": 2,
        ""Background (history)"": 3,
        ""Background (examination)"": 1,
        ""Assessment"": 2,
        ""Recommendation (clear recommendation)"": 3,
        ""Recommendation (global rating scale)"": 3,
        ""Comments"": ""Diagnostic clarity is present\nGood and early assessment of condition is done""
      }
    }
  ]
}

Answer: II (Anaphylaxsis)
</example>

<questionnaire>
{
  ""questions"": {
    ""Date"": ""What is the date of the session? [Open-ended]"",
    ""SessionName"": ""What is the name of the session? [Open-ended]"",
    ""Identification"": ""Identification of self, role, and patient. [Rubric: 0 = Requires direct prompting, 1 = Introduces themselves but only after a hint, 2 = Introduces themselves but information is incomplete, 3 = Introduces themselves and information is complete]"",
    ""Situation"": ""Identifies the main problem(s). [Rubric: 0 = Unable to identify the main problem(s), 1 = Identifies the main problem(s) after extended prompting, 2 = Identifies the main problem(s) with fewer prompts needed, 3 = Identifies and prioritizes the main problem(s) unprompted]"",
    ""Background (history)"": ""Gives appropriate history. [Rubric: 0 = History is unstructured or non-relevant, 1 = Relevant history but frequent clarification needed, 2 = Relevant history with few further questions needed, 3 = Comprehensive focused history]"",
    ""Background (examination)"": ""Gives appropriate examination/observations. [Rubric: 0 = Observations are omitted or irrelevant, 1 = Observations reported but frequent clarification needed, 2 = Observations reported with few further questions needed, 3 = Comprehensive focused examination/observations]"",
    ""Assessment"": ""Makes logical assessment (correlates problem, history, exam, context). [Rubric: 0 = No logical assessment, 1 = Assessment only after extended questioning, 2 = Assessment after minimal questioning, 3 = Comprehensive logical assessment without questioning]"",
    ""Recommendation (clear recommendation)"": ""Makes a clear recommendation. [Rubric: 0 = No recommendation, 1 = Clear recommendation only after extended questioning, 2 = Clear recommendation after minimal questioning, 3 = Clear comprehensive recommendation without questioning]"",
    ""Recommendation (global rating scale)"": ""Global Rating Scale (GRS) - How confident am I that I received an accurate picture of the patient? [Rubric: 0 = Not at all confident, 1 = Confident but required extended questioning, 2 = Confident but required some further questioning, 3 = Confident and required little or no questioning]"",
    ""Comments"": ""Comments on the session. [Open-ended]""
  },
  ""responses"": [
    {
      ""respondent"": ""1"",
      ""answers"": {
        ""Date"": ""2025-03-14"",
        ""SessionName"": ""III-Sepsis"",
        ""Identification"": 3,
        ""Situation"": 3,
        ""Background (history)"": 2,
        ""Background (examination)"": 3,
        ""Assessment"": 2,
        ""Recommendation (clear recommendation)"": 2,
        ""Recommendation (global rating scale)"": 2,
        ""Comments"": ""Time: (1:00-1:17)""
      }
    },
    {
      ""respondent"": ""12"",
      ""answers"": {
        ""Date"": ""2025-05-02"",
        ""SessionName"": ""IV (VT)"",
        ""Identification"": 3,
        ""Situation"": 3,
        ""Background (history)"": 2,
        ""Background (examination)"": -1,
        ""Assessment"": 3,
        ""Recommendation (clear recommendation)"": 2,
        ""Recommendation (global rating scale)"": 3,
        ""Comments"": ""Good""
      }
    },
    {
      ""respondent"": ""13"",
      ""answers"": {
        ""Date"": ""2025-05-02"",
        ""SessionName"": ""I - MI"",
        ""Identification"": 3,
        ""Situation"": 3,
        ""Background (history)"": 3,
        ""Background (examination)"": 3,
        ""Assessment"": 3,
        ""Recommendation (clear recommendation)"": 2,
        ""Recommendation (global rating scale)"": 3,
        ""Comments"": ""Consent denied for video recordings\nSatisfactory""
      }
    }
  ]
}
</questionnaire>

<role>
You are a meticulous data analyst AI. Your primary function is to accurately analyze structured data and provide precise, verifiable answers.
</role>

<output>
Provide your final answer directly and concisely. Output must be the human-readable value, not an option code.

Rules:
- For MCQ fields, map any letter codes in the Responses (case-insensitive) to the corresponding option text from the Questions schema, and output only that text. Do NOT include the letter or both.
  Example: If the schema is ""[MCQ: A. Abnormal B. Inconclusive C. Normal]"" and the response is ""a"", output ""Abnormal"".
- For open-ended fields, output the exact text value.
- If the question asks for a count, provide only the number (e.g., ""42"").
- If the question asks for a list of names or IDs, provide a simple comma-separated list (e.g., ""17, 21, 23"").
- Preserve capitalization exactly as in the schema (e.g., output ""Abnormal"", not ""abnormal"" or ""A"").
</output>

<task>
What is the session name for respondent 1?
</task>",,
case_29,answer_lookup,What is the global rating score for respondent 3?,"{
  ""questions"": {
    ""Date"": ""What is the date of the session? [Open-ended]"",
    ""SessionName"": ""What is the name of the session? [Open-ended]"",
    ""Identification"": ""Identification of self, role, and patient. [Rubric: 0 = Requires direct prompting, 1 = Introduces themselves but only after a hint, 2 = Introduces themselves but information is incomplete, 3 = Introduces themselves and information is complete]"",
    ""Situation"": ""Identifies the main problem(s). [Rubric: 0 = Unable to identify the main problem(s), 1 = Identifies the main problem(s) after extended prompting, 2 = Identifies the main problem(s) with fewer prompts needed, 3 = Identifies and prioritizes the main problem(s) unprompted]"",
    ""Background (history)"": ""Gives appropriate history. [Rubric: 0 = History is unstructured or non-relevant, 1 = Relevant history but frequent clarification needed, 2 = Relevant history with few further questions needed, 3 = Comprehensive focused history]"",
    ""Background (examination)"": ""Gives appropriate examination/observations. [Rubric: 0 = Observations are omitted or irrelevant, 1 = Observations reported but frequent clarification needed, 2 = Observations reported with few further questions needed, 3 = Comprehensive focused examination/observations]"",
    ""Assessment"": ""Makes logical assessment (correlates problem, history, exam, context). [Rubric: 0 = No logical assessment, 1 = Assessment only after extended questioning, 2 = Assessment after minimal questioning, 3 = Comprehensive logical assessment without questioning]"",
    ""Recommendation (clear recommendation)"": ""Makes a clear recommendation. [Rubric: 0 = No recommendation, 1 = Clear recommendation only after extended questioning, 2 = Clear recommendation after minimal questioning, 3 = Clear comprehensive recommendation without questioning]"",
    ""Recommendation (global rating scale)"": ""Global Rating Scale (GRS) - How confident am I that I received an accurate picture of the patient? [Rubric: 0 = Not at all confident, 1 = Confident but required extended questioning, 2 = Confident but required some further questioning, 3 = Confident and required little or no questioning]"",
    ""Comments"": ""Comments on the session. [Open-ended]""
  },
  ""responses"": [
    {
      ""respondent"": ""3"",
      ""answers"": {
        ""Date"": ""2025-03-14"",
        ""SessionName"": ""IV-Hypoglycemia"",
        ""Identification"": 3,
        ""Situation"": 3,
        ""Background (history)"": 2,
        ""Background (examination)"": 2,
        ""Assessment"": 3,
        ""Recommendation (clear recommendation)"": 1,
        ""Recommendation (global rating scale)"": 1,
        ""Comments"": ""Time: (2:36-2:53)\nLate response for considering consultation""
      }
    },
    {
      ""respondent"": ""22"",
      ""answers"": {
        ""Date"": ""2025-05-16"",
        ""SessionName"": ""IV (VT)"",
        ""Identification"": 3,
        ""Situation"": 3,
        ""Background (history)"": 3,
        ""Background (examination)"": 3,
        ""Assessment"": 2,
        ""Recommendation (clear recommendation)"": 2,
        ""Recommendation (global rating scale)"": 3,
        ""Comments"": ""Clear communication skills\nGood""
      }
    },
    {
      ""respondent"": ""14"",
      ""answers"": {
        ""Date"": ""2025-05-02"",
        ""SessionName"": ""V (Hypoglycemia)"",
        ""Identification"": 3,
        ""Situation"": 2,
        ""Background (history)"": 2,
        ""Background (examination)"": 2,
        ""Assessment"": 3,
        ""Recommendation (clear recommendation)"": 2,
        ""Recommendation (global rating scale)"": 3,
        ""Comments"": ""Satisfactory""
      }
    }
  ]
}",1,"<example>
What is the session name for respondent 21?

DATA:

{
  ""questions"": {
    ""Date"": ""What is the date of the session? [Open-ended]"",
    ""SessionName"": ""What is the name of the session? [Open-ended]"",
    ""Identification"": ""Identification of self, role, and patient. [Rubric: 0 = Requires direct prompting, 1 = Introduces themselves but only after a hint, 2 = Introduces themselves but information is incomplete, 3 = Introduces themselves and information is complete]"",
    ""Situation"": ""Identifies the main problem(s). [Rubric: 0 = Unable to identify the main problem(s), 1 = Identifies the main problem(s) after extended prompting, 2 = Identifies the main problem(s) with fewer prompts needed, 3 = Identifies and prioritizes the main problem(s) unprompted]"",
    ""Background (history)"": ""Gives appropriate history. [Rubric: 0 = History is unstructured or non-relevant, 1 = Relevant history but frequent clarification needed, 2 = Relevant history with few further questions needed, 3 = Comprehensive focused history]"",
    ""Background (examination)"": ""Gives appropriate examination/observations. [Rubric: 0 = Observations are omitted or irrelevant, 1 = Observations reported but frequent clarification needed, 2 = Observations reported with few further questions needed, 3 = Comprehensive focused examination/observations]"",
    ""Assessment"": ""Makes logical assessment (correlates problem, history, exam, context). [Rubric: 0 = No logical assessment, 1 = Assessment only after extended questioning, 2 = Assessment after minimal questioning, 3 = Comprehensive logical assessment without questioning]"",
    ""Recommendation (clear recommendation)"": ""Makes a clear recommendation. [Rubric: 0 = No recommendation, 1 = Clear recommendation only after extended questioning, 2 = Clear recommendation after minimal questioning, 3 = Clear comprehensive recommendation without questioning]"",
    ""Recommendation (global rating scale)"": ""Global Rating Scale (GRS) - How confident am I that I received an accurate picture of the patient? [Rubric: 0 = Not at all confident, 1 = Confident but required extended questioning, 2 = Confident but required some further questioning, 3 = Confident and required little or no questioning]"",
    ""Comments"": ""Comments on the session. [Open-ended]""
  },
  ""responses"": [
    {
      ""respondent"": ""21"",
      ""answers"": {
        ""Date"": ""2025-05-16"",
        ""SessionName"": ""II (Anaphylaxsis)"",
        ""Identification"": 3,
        ""Situation"": 3,
        ""Background (history)"": 2,
        ""Background (examination)"": 2,
        ""Assessment"": 2,
        ""Recommendation (clear recommendation)"": 3,
        ""Recommendation (global rating scale)"": 2,
        ""Comments"": ""Overall a bit unclear communication reflected""
      }
    },
    {
      ""respondent"": ""17"",
      ""answers"": {
        ""Date"": ""2025-05-04"",
        ""SessionName"": ""IV - VT"",
        ""Identification"": 3,
        ""Situation"": 3,
        ""Background (history)"": 2,
        ""Background (examination)"": 2,
        ""Assessment"": 3,
        ""Recommendation (clear recommendation)"": 2,
        ""Recommendation (global rating scale)"": 2,
        ""Comments"": ""Not very concise or clear communication\nSatisfactory""
      }
    },
    {
      ""respondent"": ""23"",
      ""answers"": {
        ""Date"": ""2025-05-16"",
        ""SessionName"": ""I (Myocardial infarction)"",
        ""Identification"": 3,
        ""Situation"": 2,
        ""Background (history)"": 3,
        ""Background (examination)"": 1,
        ""Assessment"": 2,
        ""Recommendation (clear recommendation)"": 3,
        ""Recommendation (global rating scale)"": 3,
        ""Comments"": ""Diagnostic clarity is present\nGood and early assessment of condition is done""
      }
    }
  ]
}

Answer: II (Anaphylaxsis)
</example>

<questionnaire>
{
  ""questions"": {
    ""Date"": ""What is the date of the session? [Open-ended]"",
    ""SessionName"": ""What is the name of the session? [Open-ended]"",
    ""Identification"": ""Identification of self, role, and patient. [Rubric: 0 = Requires direct prompting, 1 = Introduces themselves but only after a hint, 2 = Introduces themselves but information is incomplete, 3 = Introduces themselves and information is complete]"",
    ""Situation"": ""Identifies the main problem(s). [Rubric: 0 = Unable to identify the main problem(s), 1 = Identifies the main problem(s) after extended prompting, 2 = Identifies the main problem(s) with fewer prompts needed, 3 = Identifies and prioritizes the main problem(s) unprompted]"",
    ""Background (history)"": ""Gives appropriate history. [Rubric: 0 = History is unstructured or non-relevant, 1 = Relevant history but frequent clarification needed, 2 = Relevant history with few further questions needed, 3 = Comprehensive focused history]"",
    ""Background (examination)"": ""Gives appropriate examination/observations. [Rubric: 0 = Observations are omitted or irrelevant, 1 = Observations reported but frequent clarification needed, 2 = Observations reported with few further questions needed, 3 = Comprehensive focused examination/observations]"",
    ""Assessment"": ""Makes logical assessment (correlates problem, history, exam, context). [Rubric: 0 = No logical assessment, 1 = Assessment only after extended questioning, 2 = Assessment after minimal questioning, 3 = Comprehensive logical assessment without questioning]"",
    ""Recommendation (clear recommendation)"": ""Makes a clear recommendation. [Rubric: 0 = No recommendation, 1 = Clear recommendation only after extended questioning, 2 = Clear recommendation after minimal questioning, 3 = Clear comprehensive recommendation without questioning]"",
    ""Recommendation (global rating scale)"": ""Global Rating Scale (GRS) - How confident am I that I received an accurate picture of the patient? [Rubric: 0 = Not at all confident, 1 = Confident but required extended questioning, 2 = Confident but required some further questioning, 3 = Confident and required little or no questioning]"",
    ""Comments"": ""Comments on the session. [Open-ended]""
  },
  ""responses"": [
    {
      ""respondent"": ""3"",
      ""answers"": {
        ""Date"": ""2025-03-14"",
        ""SessionName"": ""IV-Hypoglycemia"",
        ""Identification"": 3,
        ""Situation"": 3,
        ""Background (history)"": 2,
        ""Background (examination)"": 2,
        ""Assessment"": 3,
        ""Recommendation (clear recommendation)"": 1,
        ""Recommendation (global rating scale)"": 1,
        ""Comments"": ""Time: (2:36-2:53)\nLate response for considering consultation""
      }
    },
    {
      ""respondent"": ""22"",
      ""answers"": {
        ""Date"": ""2025-05-16"",
        ""SessionName"": ""IV (VT)"",
        ""Identification"": 3,
        ""Situation"": 3,
        ""Background (history)"": 3,
        ""Background (examination)"": 3,
        ""Assessment"": 2,
        ""Recommendation (clear recommendation)"": 2,
        ""Recommendation (global rating scale)"": 3,
        ""Comments"": ""Clear communication skills\nGood""
      }
    },
    {
      ""respondent"": ""14"",
      ""answers"": {
        ""Date"": ""2025-05-02"",
        ""SessionName"": ""V (Hypoglycemia)"",
        ""Identification"": 3,
        ""Situation"": 2,
        ""Background (history)"": 2,
        ""Background (examination)"": 2,
        ""Assessment"": 3,
        ""Recommendation (clear recommendation)"": 2,
        ""Recommendation (global rating scale)"": 3,
        ""Comments"": ""Satisfactory""
      }
    }
  ]
}
</questionnaire>

<role>
You are a meticulous data analyst AI. Your primary function is to accurately analyze structured data and provide precise, verifiable answers.
</role>

<output>
Provide your final answer directly and concisely. Output must be the human-readable value, not an option code.

Rules:
- For MCQ fields, map any letter codes in the Responses (case-insensitive) to the corresponding option text from the Questions schema, and output only that text. Do NOT include the letter or both.
  Example: If the schema is ""[MCQ: A. Abnormal B. Inconclusive C. Normal]"" and the response is ""a"", output ""Abnormal"".
- For open-ended fields, output the exact text value.
- If the question asks for a count, provide only the number (e.g., ""42"").
- If the question asks for a list of names or IDs, provide a simple comma-separated list (e.g., ""17, 21, 23"").
- Preserve capitalization exactly as in the schema (e.g., output ""Abnormal"", not ""abnormal"" or ""A"").
</output>

<task>
What is the global rating score for respondent 3?
</task>",,
case_30,answer_lookup,What is the date for respondent 22?,"{
  ""questions"": {
    ""Date"": ""What is the date of the session? [Open-ended]"",
    ""SessionName"": ""What is the name of the session? [Open-ended]"",
    ""Identification"": ""Identification of self, role, and patient. [Rubric: 0 = Requires direct prompting, 1 = Introduces themselves but only after a hint, 2 = Introduces themselves but information is incomplete, 3 = Introduces themselves and information is complete]"",
    ""Situation"": ""Identifies the main problem(s). [Rubric: 0 = Unable to identify the main problem(s), 1 = Identifies the main problem(s) after extended prompting, 2 = Identifies the main problem(s) with fewer prompts needed, 3 = Identifies and prioritizes the main problem(s) unprompted]"",
    ""Background (history)"": ""Gives appropriate history. [Rubric: 0 = History is unstructured or non-relevant, 1 = Relevant history but frequent clarification needed, 2 = Relevant history with few further questions needed, 3 = Comprehensive focused history]"",
    ""Background (examination)"": ""Gives appropriate examination/observations. [Rubric: 0 = Observations are omitted or irrelevant, 1 = Observations reported but frequent clarification needed, 2 = Observations reported with few further questions needed, 3 = Comprehensive focused examination/observations]"",
    ""Assessment"": ""Makes logical assessment (correlates problem, history, exam, context). [Rubric: 0 = No logical assessment, 1 = Assessment only after extended questioning, 2 = Assessment after minimal questioning, 3 = Comprehensive logical assessment without questioning]"",
    ""Recommendation (clear recommendation)"": ""Makes a clear recommendation. [Rubric: 0 = No recommendation, 1 = Clear recommendation only after extended questioning, 2 = Clear recommendation after minimal questioning, 3 = Clear comprehensive recommendation without questioning]"",
    ""Recommendation (global rating scale)"": ""Global Rating Scale (GRS) - How confident am I that I received an accurate picture of the patient? [Rubric: 0 = Not at all confident, 1 = Confident but required extended questioning, 2 = Confident but required some further questioning, 3 = Confident and required little or no questioning]"",
    ""Comments"": ""Comments on the session. [Open-ended]""
  },
  ""responses"": [
    {
      ""respondent"": ""22"",
      ""answers"": {
        ""Date"": ""2025-05-16"",
        ""SessionName"": ""IV (VT)"",
        ""Identification"": 3,
        ""Situation"": 3,
        ""Background (history)"": 3,
        ""Background (examination)"": 3,
        ""Assessment"": 2,
        ""Recommendation (clear recommendation)"": 2,
        ""Recommendation (global rating scale)"": 3,
        ""Comments"": ""Clear communication skills\nGood""
      }
    },
    {
      ""respondent"": ""19"",
      ""answers"": {
        ""Date"": ""2025-05-04"",
        ""SessionName"": ""V (Hypoglycemia)"",
        ""Identification"": 3,
        ""Situation"": 3,
        ""Background (history)"": 3,
        ""Background (examination)"": 3,
        ""Assessment"": 3,
        ""Recommendation (clear recommendation)"": 3,
        ""Recommendation (global rating scale)"": 2,
        ""Comments"": ""Concise - clear\nSatisfactory""
      }
    },
    {
      ""respondent"": ""9"",
      ""answers"": {
        ""Date"": ""2025-04-04"",
        ""SessionName"": ""MI"",
        ""Identification"": 2,
        ""Situation"": 3,
        ""Background (history)"": 2,
        ""Background (examination)"": 3,
        ""Assessment"": 3,
        ""Recommendation (clear recommendation)"": 2,
        ""Recommendation (global rating scale)"": 2,
        ""Comments"": """"
      }
    }
  ]
}",2025-05-16,"<example>
What is the session name for respondent 21?

DATA:

{
  ""questions"": {
    ""Date"": ""What is the date of the session? [Open-ended]"",
    ""SessionName"": ""What is the name of the session? [Open-ended]"",
    ""Identification"": ""Identification of self, role, and patient. [Rubric: 0 = Requires direct prompting, 1 = Introduces themselves but only after a hint, 2 = Introduces themselves but information is incomplete, 3 = Introduces themselves and information is complete]"",
    ""Situation"": ""Identifies the main problem(s). [Rubric: 0 = Unable to identify the main problem(s), 1 = Identifies the main problem(s) after extended prompting, 2 = Identifies the main problem(s) with fewer prompts needed, 3 = Identifies and prioritizes the main problem(s) unprompted]"",
    ""Background (history)"": ""Gives appropriate history. [Rubric: 0 = History is unstructured or non-relevant, 1 = Relevant history but frequent clarification needed, 2 = Relevant history with few further questions needed, 3 = Comprehensive focused history]"",
    ""Background (examination)"": ""Gives appropriate examination/observations. [Rubric: 0 = Observations are omitted or irrelevant, 1 = Observations reported but frequent clarification needed, 2 = Observations reported with few further questions needed, 3 = Comprehensive focused examination/observations]"",
    ""Assessment"": ""Makes logical assessment (correlates problem, history, exam, context). [Rubric: 0 = No logical assessment, 1 = Assessment only after extended questioning, 2 = Assessment after minimal questioning, 3 = Comprehensive logical assessment without questioning]"",
    ""Recommendation (clear recommendation)"": ""Makes a clear recommendation. [Rubric: 0 = No recommendation, 1 = Clear recommendation only after extended questioning, 2 = Clear recommendation after minimal questioning, 3 = Clear comprehensive recommendation without questioning]"",
    ""Recommendation (global rating scale)"": ""Global Rating Scale (GRS) - How confident am I that I received an accurate picture of the patient? [Rubric: 0 = Not at all confident, 1 = Confident but required extended questioning, 2 = Confident but required some further questioning, 3 = Confident and required little or no questioning]"",
    ""Comments"": ""Comments on the session. [Open-ended]""
  },
  ""responses"": [
    {
      ""respondent"": ""21"",
      ""answers"": {
        ""Date"": ""2025-05-16"",
        ""SessionName"": ""II (Anaphylaxsis)"",
        ""Identification"": 3,
        ""Situation"": 3,
        ""Background (history)"": 2,
        ""Background (examination)"": 2,
        ""Assessment"": 2,
        ""Recommendation (clear recommendation)"": 3,
        ""Recommendation (global rating scale)"": 2,
        ""Comments"": ""Overall a bit unclear communication reflected""
      }
    },
    {
      ""respondent"": ""17"",
      ""answers"": {
        ""Date"": ""2025-05-04"",
        ""SessionName"": ""IV - VT"",
        ""Identification"": 3,
        ""Situation"": 3,
        ""Background (history)"": 2,
        ""Background (examination)"": 2,
        ""Assessment"": 3,
        ""Recommendation (clear recommendation)"": 2,
        ""Recommendation (global rating scale)"": 2,
        ""Comments"": ""Not very concise or clear communication\nSatisfactory""
      }
    },
    {
      ""respondent"": ""23"",
      ""answers"": {
        ""Date"": ""2025-05-16"",
        ""SessionName"": ""I (Myocardial infarction)"",
        ""Identification"": 3,
        ""Situation"": 2,
        ""Background (history)"": 3,
        ""Background (examination)"": 1,
        ""Assessment"": 2,
        ""Recommendation (clear recommendation)"": 3,
        ""Recommendation (global rating scale)"": 3,
        ""Comments"": ""Diagnostic clarity is present\nGood and early assessment of condition is done""
      }
    }
  ]
}

Answer: II (Anaphylaxsis)
</example>

<questionnaire>
{
  ""questions"": {
    ""Date"": ""What is the date of the session? [Open-ended]"",
    ""SessionName"": ""What is the name of the session? [Open-ended]"",
    ""Identification"": ""Identification of self, role, and patient. [Rubric: 0 = Requires direct prompting, 1 = Introduces themselves but only after a hint, 2 = Introduces themselves but information is incomplete, 3 = Introduces themselves and information is complete]"",
    ""Situation"": ""Identifies the main problem(s). [Rubric: 0 = Unable to identify the main problem(s), 1 = Identifies the main problem(s) after extended prompting, 2 = Identifies the main problem(s) with fewer prompts needed, 3 = Identifies and prioritizes the main problem(s) unprompted]"",
    ""Background (history)"": ""Gives appropriate history. [Rubric: 0 = History is unstructured or non-relevant, 1 = Relevant history but frequent clarification needed, 2 = Relevant history with few further questions needed, 3 = Comprehensive focused history]"",
    ""Background (examination)"": ""Gives appropriate examination/observations. [Rubric: 0 = Observations are omitted or irrelevant, 1 = Observations reported but frequent clarification needed, 2 = Observations reported with few further questions needed, 3 = Comprehensive focused examination/observations]"",
    ""Assessment"": ""Makes logical assessment (correlates problem, history, exam, context). [Rubric: 0 = No logical assessment, 1 = Assessment only after extended questioning, 2 = Assessment after minimal questioning, 3 = Comprehensive logical assessment without questioning]"",
    ""Recommendation (clear recommendation)"": ""Makes a clear recommendation. [Rubric: 0 = No recommendation, 1 = Clear recommendation only after extended questioning, 2 = Clear recommendation after minimal questioning, 3 = Clear comprehensive recommendation without questioning]"",
    ""Recommendation (global rating scale)"": ""Global Rating Scale (GRS) - How confident am I that I received an accurate picture of the patient? [Rubric: 0 = Not at all confident, 1 = Confident but required extended questioning, 2 = Confident but required some further questioning, 3 = Confident and required little or no questioning]"",
    ""Comments"": ""Comments on the session. [Open-ended]""
  },
  ""responses"": [
    {
      ""respondent"": ""22"",
      ""answers"": {
        ""Date"": ""2025-05-16"",
        ""SessionName"": ""IV (VT)"",
        ""Identification"": 3,
        ""Situation"": 3,
        ""Background (history)"": 3,
        ""Background (examination)"": 3,
        ""Assessment"": 2,
        ""Recommendation (clear recommendation)"": 2,
        ""Recommendation (global rating scale)"": 3,
        ""Comments"": ""Clear communication skills\nGood""
      }
    },
    {
      ""respondent"": ""19"",
      ""answers"": {
        ""Date"": ""2025-05-04"",
        ""SessionName"": ""V (Hypoglycemia)"",
        ""Identification"": 3,
        ""Situation"": 3,
        ""Background (history)"": 3,
        ""Background (examination)"": 3,
        ""Assessment"": 3,
        ""Recommendation (clear recommendation)"": 3,
        ""Recommendation (global rating scale)"": 2,
        ""Comments"": ""Concise - clear\nSatisfactory""
      }
    },
    {
      ""respondent"": ""9"",
      ""answers"": {
        ""Date"": ""2025-04-04"",
        ""SessionName"": ""MI"",
        ""Identification"": 2,
        ""Situation"": 3,
        ""Background (history)"": 2,
        ""Background (examination)"": 3,
        ""Assessment"": 3,
        ""Recommendation (clear recommendation)"": 2,
        ""Recommendation (global rating scale)"": 2,
        ""Comments"": """"
      }
    }
  ]
}
</questionnaire>

<role>
You are a meticulous data analyst AI. Your primary function is to accurately analyze structured data and provide precise, verifiable answers.
</role>

<output>
Provide your final answer directly and concisely. Output must be the human-readable value, not an option code.

Rules:
- For MCQ fields, map any letter codes in the Responses (case-insensitive) to the corresponding option text from the Questions schema, and output only that text. Do NOT include the letter or both.
  Example: If the schema is ""[MCQ: A. Abnormal B. Inconclusive C. Normal]"" and the response is ""a"", output ""Abnormal"".
- For open-ended fields, output the exact text value.
- If the question asks for a count, provide only the number (e.g., ""42"").
- If the question asks for a list of names or IDs, provide a simple comma-separated list (e.g., ""17, 21, 23"").
- Preserve capitalization exactly as in the schema (e.g., output ""Abnormal"", not ""abnormal"" or ""A"").
</output>

<task>
What is the date for respondent 22?
</task>",,
case_31,answer_lookup,What is the identification score for respondent 15?,"{
  ""questions"": {
    ""Date"": ""What is the date of the session? [Open-ended]"",
    ""SessionName"": ""What is the name of the session? [Open-ended]"",
    ""Identification"": ""Identification of self, role, and patient. [Rubric: 0 = Requires direct prompting, 1 = Introduces themselves but only after a hint, 2 = Introduces themselves but information is incomplete, 3 = Introduces themselves and information is complete]"",
    ""Situation"": ""Identifies the main problem(s). [Rubric: 0 = Unable to identify the main problem(s), 1 = Identifies the main problem(s) after extended prompting, 2 = Identifies the main problem(s) with fewer prompts needed, 3 = Identifies and prioritizes the main problem(s) unprompted]"",
    ""Background (history)"": ""Gives appropriate history. [Rubric: 0 = History is unstructured or non-relevant, 1 = Relevant history but frequent clarification needed, 2 = Relevant history with few further questions needed, 3 = Comprehensive focused history]"",
    ""Background (examination)"": ""Gives appropriate examination/observations. [Rubric: 0 = Observations are omitted or irrelevant, 1 = Observations reported but frequent clarification needed, 2 = Observations reported with few further questions needed, 3 = Comprehensive focused examination/observations]"",
    ""Assessment"": ""Makes logical assessment (correlates problem, history, exam, context). [Rubric: 0 = No logical assessment, 1 = Assessment only after extended questioning, 2 = Assessment after minimal questioning, 3 = Comprehensive logical assessment without questioning]"",
    ""Recommendation (clear recommendation)"": ""Makes a clear recommendation. [Rubric: 0 = No recommendation, 1 = Clear recommendation only after extended questioning, 2 = Clear recommendation after minimal questioning, 3 = Clear comprehensive recommendation without questioning]"",
    ""Recommendation (global rating scale)"": ""Global Rating Scale (GRS) - How confident am I that I received an accurate picture of the patient? [Rubric: 0 = Not at all confident, 1 = Confident but required extended questioning, 2 = Confident but required some further questioning, 3 = Confident and required little or no questioning]"",
    ""Comments"": ""Comments on the session. [Open-ended]""
  },
  ""responses"": [
    {
      ""respondent"": ""15"",
      ""answers"": {
        ""Date"": ""2025-05-04"",
        ""SessionName"": ""III - Sepsis"",
        ""Identification"": 3,
        ""Situation"": 3,
        ""Background (history)"": 2,
        ""Background (examination)"": 3,
        ""Assessment"": 2,
        ""Recommendation (clear recommendation)"": 2,
        ""Recommendation (global rating scale)"": 2,
        ""Comments"": ""Detailed Response - clear communication""
      }
    },
    {
      ""respondent"": ""4"",
      ""answers"": {
        ""Date"": ""2025-03-14"",
        ""SessionName"": ""I-VF"",
        ""Identification"": 3,
        ""Situation"": 3,
        ""Background (history)"": 2,
        ""Background (examination)"": 1,
        ""Assessment"": 2,
        ""Recommendation (clear recommendation)"": 2,
        ""Recommendation (global rating scale)"": 2,
        ""Comments"": ""Time: (10:29-10:54)\nVentricular fibrillation (CVS)\nLack of communication btween 2 main interns\nFurther brief to patient, ask patent concerns""
      }
    },
    {
      ""respondent"": ""14"",
      ""answers"": {
        ""Date"": ""2025-05-02"",
        ""SessionName"": ""V (Hypoglycemia)"",
        ""Identification"": 3,
        ""Situation"": 2,
        ""Background (history)"": 2,
        ""Background (examination)"": 2,
        ""Assessment"": 3,
        ""Recommendation (clear recommendation)"": 2,
        ""Recommendation (global rating scale)"": 3,
        ""Comments"": ""Satisfactory""
      }
    }
  ]
}",3,"<example>
What is the session name for respondent 21?

DATA:

{
  ""questions"": {
    ""Date"": ""What is the date of the session? [Open-ended]"",
    ""SessionName"": ""What is the name of the session? [Open-ended]"",
    ""Identification"": ""Identification of self, role, and patient. [Rubric: 0 = Requires direct prompting, 1 = Introduces themselves but only after a hint, 2 = Introduces themselves but information is incomplete, 3 = Introduces themselves and information is complete]"",
    ""Situation"": ""Identifies the main problem(s). [Rubric: 0 = Unable to identify the main problem(s), 1 = Identifies the main problem(s) after extended prompting, 2 = Identifies the main problem(s) with fewer prompts needed, 3 = Identifies and prioritizes the main problem(s) unprompted]"",
    ""Background (history)"": ""Gives appropriate history. [Rubric: 0 = History is unstructured or non-relevant, 1 = Relevant history but frequent clarification needed, 2 = Relevant history with few further questions needed, 3 = Comprehensive focused history]"",
    ""Background (examination)"": ""Gives appropriate examination/observations. [Rubric: 0 = Observations are omitted or irrelevant, 1 = Observations reported but frequent clarification needed, 2 = Observations reported with few further questions needed, 3 = Comprehensive focused examination/observations]"",
    ""Assessment"": ""Makes logical assessment (correlates problem, history, exam, context). [Rubric: 0 = No logical assessment, 1 = Assessment only after extended questioning, 2 = Assessment after minimal questioning, 3 = Comprehensive logical assessment without questioning]"",
    ""Recommendation (clear recommendation)"": ""Makes a clear recommendation. [Rubric: 0 = No recommendation, 1 = Clear recommendation only after extended questioning, 2 = Clear recommendation after minimal questioning, 3 = Clear comprehensive recommendation without questioning]"",
    ""Recommendation (global rating scale)"": ""Global Rating Scale (GRS) - How confident am I that I received an accurate picture of the patient? [Rubric: 0 = Not at all confident, 1 = Confident but required extended questioning, 2 = Confident but required some further questioning, 3 = Confident and required little or no questioning]"",
    ""Comments"": ""Comments on the session. [Open-ended]""
  },
  ""responses"": [
    {
      ""respondent"": ""21"",
      ""answers"": {
        ""Date"": ""2025-05-16"",
        ""SessionName"": ""II (Anaphylaxsis)"",
        ""Identification"": 3,
        ""Situation"": 3,
        ""Background (history)"": 2,
        ""Background (examination)"": 2,
        ""Assessment"": 2,
        ""Recommendation (clear recommendation)"": 3,
        ""Recommendation (global rating scale)"": 2,
        ""Comments"": ""Overall a bit unclear communication reflected""
      }
    },
    {
      ""respondent"": ""17"",
      ""answers"": {
        ""Date"": ""2025-05-04"",
        ""SessionName"": ""IV - VT"",
        ""Identification"": 3,
        ""Situation"": 3,
        ""Background (history)"": 2,
        ""Background (examination)"": 2,
        ""Assessment"": 3,
        ""Recommendation (clear recommendation)"": 2,
        ""Recommendation (global rating scale)"": 2,
        ""Comments"": ""Not very concise or clear communication\nSatisfactory""
      }
    },
    {
      ""respondent"": ""23"",
      ""answers"": {
        ""Date"": ""2025-05-16"",
        ""SessionName"": ""I (Myocardial infarction)"",
        ""Identification"": 3,
        ""Situation"": 2,
        ""Background (history)"": 3,
        ""Background (examination)"": 1,
        ""Assessment"": 2,
        ""Recommendation (clear recommendation)"": 3,
        ""Recommendation (global rating scale)"": 3,
        ""Comments"": ""Diagnostic clarity is present\nGood and early assessment of condition is done""
      }
    }
  ]
}

Answer: II (Anaphylaxsis)
</example>

<questionnaire>
{
  ""questions"": {
    ""Date"": ""What is the date of the session? [Open-ended]"",
    ""SessionName"": ""What is the name of the session? [Open-ended]"",
    ""Identification"": ""Identification of self, role, and patient. [Rubric: 0 = Requires direct prompting, 1 = Introduces themselves but only after a hint, 2 = Introduces themselves but information is incomplete, 3 = Introduces themselves and information is complete]"",
    ""Situation"": ""Identifies the main problem(s). [Rubric: 0 = Unable to identify the main problem(s), 1 = Identifies the main problem(s) after extended prompting, 2 = Identifies the main problem(s) with fewer prompts needed, 3 = Identifies and prioritizes the main problem(s) unprompted]"",
    ""Background (history)"": ""Gives appropriate history. [Rubric: 0 = History is unstructured or non-relevant, 1 = Relevant history but frequent clarification needed, 2 = Relevant history with few further questions needed, 3 = Comprehensive focused history]"",
    ""Background (examination)"": ""Gives appropriate examination/observations. [Rubric: 0 = Observations are omitted or irrelevant, 1 = Observations reported but frequent clarification needed, 2 = Observations reported with few further questions needed, 3 = Comprehensive focused examination/observations]"",
    ""Assessment"": ""Makes logical assessment (correlates problem, history, exam, context). [Rubric: 0 = No logical assessment, 1 = Assessment only after extended questioning, 2 = Assessment after minimal questioning, 3 = Comprehensive logical assessment without questioning]"",
    ""Recommendation (clear recommendation)"": ""Makes a clear recommendation. [Rubric: 0 = No recommendation, 1 = Clear recommendation only after extended questioning, 2 = Clear recommendation after minimal questioning, 3 = Clear comprehensive recommendation without questioning]"",
    ""Recommendation (global rating scale)"": ""Global Rating Scale (GRS) - How confident am I that I received an accurate picture of the patient? [Rubric: 0 = Not at all confident, 1 = Confident but required extended questioning, 2 = Confident but required some further questioning, 3 = Confident and required little or no questioning]"",
    ""Comments"": ""Comments on the session. [Open-ended]""
  },
  ""responses"": [
    {
      ""respondent"": ""15"",
      ""answers"": {
        ""Date"": ""2025-05-04"",
        ""SessionName"": ""III - Sepsis"",
        ""Identification"": 3,
        ""Situation"": 3,
        ""Background (history)"": 2,
        ""Background (examination)"": 3,
        ""Assessment"": 2,
        ""Recommendation (clear recommendation)"": 2,
        ""Recommendation (global rating scale)"": 2,
        ""Comments"": ""Detailed Response - clear communication""
      }
    },
    {
      ""respondent"": ""4"",
      ""answers"": {
        ""Date"": ""2025-03-14"",
        ""SessionName"": ""I-VF"",
        ""Identification"": 3,
        ""Situation"": 3,
        ""Background (history)"": 2,
        ""Background (examination)"": 1,
        ""Assessment"": 2,
        ""Recommendation (clear recommendation)"": 2,
        ""Recommendation (global rating scale)"": 2,
        ""Comments"": ""Time: (10:29-10:54)\nVentricular fibrillation (CVS)\nLack of communication btween 2 main interns\nFurther brief to patient, ask patent concerns""
      }
    },
    {
      ""respondent"": ""14"",
      ""answers"": {
        ""Date"": ""2025-05-02"",
        ""SessionName"": ""V (Hypoglycemia)"",
        ""Identification"": 3,
        ""Situation"": 2,
        ""Background (history)"": 2,
        ""Background (examination)"": 2,
        ""Assessment"": 3,
        ""Recommendation (clear recommendation)"": 2,
        ""Recommendation (global rating scale)"": 3,
        ""Comments"": ""Satisfactory""
      }
    }
  ]
}
</questionnaire>

<role>
You are a meticulous data analyst AI. Your primary function is to accurately analyze structured data and provide precise, verifiable answers.
</role>

<output>
Provide your final answer directly and concisely. Output must be the human-readable value, not an option code.

Rules:
- For MCQ fields, map any letter codes in the Responses (case-insensitive) to the corresponding option text from the Questions schema, and output only that text. Do NOT include the letter or both.
  Example: If the schema is ""[MCQ: A. Abnormal B. Inconclusive C. Normal]"" and the response is ""a"", output ""Abnormal"".
- For open-ended fields, output the exact text value.
- If the question asks for a count, provide only the number (e.g., ""42"").
- If the question asks for a list of names or IDs, provide a simple comma-separated list (e.g., ""17, 21, 23"").
- Preserve capitalization exactly as in the schema (e.g., output ""Abnormal"", not ""abnormal"" or ""A"").
</output>

<task>
What is the identification score for respondent 15?
</task>",,
case_32,answer_lookup,What is the identification score for respondent 16?,"{
  ""questions"": {
    ""Date"": ""What is the date of the session? [Open-ended]"",
    ""SessionName"": ""What is the name of the session? [Open-ended]"",
    ""Identification"": ""Identification of self, role, and patient. [Rubric: 0 = Requires direct prompting, 1 = Introduces themselves but only after a hint, 2 = Introduces themselves but information is incomplete, 3 = Introduces themselves and information is complete]"",
    ""Situation"": ""Identifies the main problem(s). [Rubric: 0 = Unable to identify the main problem(s), 1 = Identifies the main problem(s) after extended prompting, 2 = Identifies the main problem(s) with fewer prompts needed, 3 = Identifies and prioritizes the main problem(s) unprompted]"",
    ""Background (history)"": ""Gives appropriate history. [Rubric: 0 = History is unstructured or non-relevant, 1 = Relevant history but frequent clarification needed, 2 = Relevant history with few further questions needed, 3 = Comprehensive focused history]"",
    ""Background (examination)"": ""Gives appropriate examination/observations. [Rubric: 0 = Observations are omitted or irrelevant, 1 = Observations reported but frequent clarification needed, 2 = Observations reported with few further questions needed, 3 = Comprehensive focused examination/observations]"",
    ""Assessment"": ""Makes logical assessment (correlates problem, history, exam, context). [Rubric: 0 = No logical assessment, 1 = Assessment only after extended questioning, 2 = Assessment after minimal questioning, 3 = Comprehensive logical assessment without questioning]"",
    ""Recommendation (clear recommendation)"": ""Makes a clear recommendation. [Rubric: 0 = No recommendation, 1 = Clear recommendation only after extended questioning, 2 = Clear recommendation after minimal questioning, 3 = Clear comprehensive recommendation without questioning]"",
    ""Recommendation (global rating scale)"": ""Global Rating Scale (GRS) - How confident am I that I received an accurate picture of the patient? [Rubric: 0 = Not at all confident, 1 = Confident but required extended questioning, 2 = Confident but required some further questioning, 3 = Confident and required little or no questioning]"",
    ""Comments"": ""Comments on the session. [Open-ended]""
  },
  ""responses"": [
    {
      ""respondent"": ""16"",
      ""answers"": {
        ""Date"": ""2025-05-04"",
        ""SessionName"": ""II - Anaphylaxsis"",
        ""Identification"": 3,
        ""Situation"": 3,
        ""Background (history)"": 3,
        ""Background (examination)"": 3,
        ""Assessment"": 3,
        ""Recommendation (clear recommendation)"": 2,
        ""Recommendation (global rating scale)"": 3,
        ""Comments"": ""Good clear and precise clinical handover\nGood""
      }
    },
    {
      ""respondent"": ""9"",
      ""answers"": {
        ""Date"": ""2025-04-04"",
        ""SessionName"": ""MI"",
        ""Identification"": 2,
        ""Situation"": 3,
        ""Background (history)"": 2,
        ""Background (examination)"": 3,
        ""Assessment"": 3,
        ""Recommendation (clear recommendation)"": 2,
        ""Recommendation (global rating scale)"": 2,
        ""Comments"": """"
      }
    },
    {
      ""respondent"": ""13"",
      ""answers"": {
        ""Date"": ""2025-05-02"",
        ""SessionName"": ""I - MI"",
        ""Identification"": 3,
        ""Situation"": 3,
        ""Background (history)"": 3,
        ""Background (examination)"": 3,
        ""Assessment"": 3,
        ""Recommendation (clear recommendation)"": 2,
        ""Recommendation (global rating scale)"": 3,
        ""Comments"": ""Consent denied for video recordings\nSatisfactory""
      }
    }
  ]
}",3,"<example>
What is the session name for respondent 21?

DATA:

{
  ""questions"": {
    ""Date"": ""What is the date of the session? [Open-ended]"",
    ""SessionName"": ""What is the name of the session? [Open-ended]"",
    ""Identification"": ""Identification of self, role, and patient. [Rubric: 0 = Requires direct prompting, 1 = Introduces themselves but only after a hint, 2 = Introduces themselves but information is incomplete, 3 = Introduces themselves and information is complete]"",
    ""Situation"": ""Identifies the main problem(s). [Rubric: 0 = Unable to identify the main problem(s), 1 = Identifies the main problem(s) after extended prompting, 2 = Identifies the main problem(s) with fewer prompts needed, 3 = Identifies and prioritizes the main problem(s) unprompted]"",
    ""Background (history)"": ""Gives appropriate history. [Rubric: 0 = History is unstructured or non-relevant, 1 = Relevant history but frequent clarification needed, 2 = Relevant history with few further questions needed, 3 = Comprehensive focused history]"",
    ""Background (examination)"": ""Gives appropriate examination/observations. [Rubric: 0 = Observations are omitted or irrelevant, 1 = Observations reported but frequent clarification needed, 2 = Observations reported with few further questions needed, 3 = Comprehensive focused examination/observations]"",
    ""Assessment"": ""Makes logical assessment (correlates problem, history, exam, context). [Rubric: 0 = No logical assessment, 1 = Assessment only after extended questioning, 2 = Assessment after minimal questioning, 3 = Comprehensive logical assessment without questioning]"",
    ""Recommendation (clear recommendation)"": ""Makes a clear recommendation. [Rubric: 0 = No recommendation, 1 = Clear recommendation only after extended questioning, 2 = Clear recommendation after minimal questioning, 3 = Clear comprehensive recommendation without questioning]"",
    ""Recommendation (global rating scale)"": ""Global Rating Scale (GRS) - How confident am I that I received an accurate picture of the patient? [Rubric: 0 = Not at all confident, 1 = Confident but required extended questioning, 2 = Confident but required some further questioning, 3 = Confident and required little or no questioning]"",
    ""Comments"": ""Comments on the session. [Open-ended]""
  },
  ""responses"": [
    {
      ""respondent"": ""21"",
      ""answers"": {
        ""Date"": ""2025-05-16"",
        ""SessionName"": ""II (Anaphylaxsis)"",
        ""Identification"": 3,
        ""Situation"": 3,
        ""Background (history)"": 2,
        ""Background (examination)"": 2,
        ""Assessment"": 2,
        ""Recommendation (clear recommendation)"": 3,
        ""Recommendation (global rating scale)"": 2,
        ""Comments"": ""Overall a bit unclear communication reflected""
      }
    },
    {
      ""respondent"": ""17"",
      ""answers"": {
        ""Date"": ""2025-05-04"",
        ""SessionName"": ""IV - VT"",
        ""Identification"": 3,
        ""Situation"": 3,
        ""Background (history)"": 2,
        ""Background (examination)"": 2,
        ""Assessment"": 3,
        ""Recommendation (clear recommendation)"": 2,
        ""Recommendation (global rating scale)"": 2,
        ""Comments"": ""Not very concise or clear communication\nSatisfactory""
      }
    },
    {
      ""respondent"": ""23"",
      ""answers"": {
        ""Date"": ""2025-05-16"",
        ""SessionName"": ""I (Myocardial infarction)"",
        ""Identification"": 3,
        ""Situation"": 2,
        ""Background (history)"": 3,
        ""Background (examination)"": 1,
        ""Assessment"": 2,
        ""Recommendation (clear recommendation)"": 3,
        ""Recommendation (global rating scale)"": 3,
        ""Comments"": ""Diagnostic clarity is present\nGood and early assessment of condition is done""
      }
    }
  ]
}

Answer: II (Anaphylaxsis)
</example>

<questionnaire>
{
  ""questions"": {
    ""Date"": ""What is the date of the session? [Open-ended]"",
    ""SessionName"": ""What is the name of the session? [Open-ended]"",
    ""Identification"": ""Identification of self, role, and patient. [Rubric: 0 = Requires direct prompting, 1 = Introduces themselves but only after a hint, 2 = Introduces themselves but information is incomplete, 3 = Introduces themselves and information is complete]"",
    ""Situation"": ""Identifies the main problem(s). [Rubric: 0 = Unable to identify the main problem(s), 1 = Identifies the main problem(s) after extended prompting, 2 = Identifies the main problem(s) with fewer prompts needed, 3 = Identifies and prioritizes the main problem(s) unprompted]"",
    ""Background (history)"": ""Gives appropriate history. [Rubric: 0 = History is unstructured or non-relevant, 1 = Relevant history but frequent clarification needed, 2 = Relevant history with few further questions needed, 3 = Comprehensive focused history]"",
    ""Background (examination)"": ""Gives appropriate examination/observations. [Rubric: 0 = Observations are omitted or irrelevant, 1 = Observations reported but frequent clarification needed, 2 = Observations reported with few further questions needed, 3 = Comprehensive focused examination/observations]"",
    ""Assessment"": ""Makes logical assessment (correlates problem, history, exam, context). [Rubric: 0 = No logical assessment, 1 = Assessment only after extended questioning, 2 = Assessment after minimal questioning, 3 = Comprehensive logical assessment without questioning]"",
    ""Recommendation (clear recommendation)"": ""Makes a clear recommendation. [Rubric: 0 = No recommendation, 1 = Clear recommendation only after extended questioning, 2 = Clear recommendation after minimal questioning, 3 = Clear comprehensive recommendation without questioning]"",
    ""Recommendation (global rating scale)"": ""Global Rating Scale (GRS) - How confident am I that I received an accurate picture of the patient? [Rubric: 0 = Not at all confident, 1 = Confident but required extended questioning, 2 = Confident but required some further questioning, 3 = Confident and required little or no questioning]"",
    ""Comments"": ""Comments on the session. [Open-ended]""
  },
  ""responses"": [
    {
      ""respondent"": ""16"",
      ""answers"": {
        ""Date"": ""2025-05-04"",
        ""SessionName"": ""II - Anaphylaxsis"",
        ""Identification"": 3,
        ""Situation"": 3,
        ""Background (history)"": 3,
        ""Background (examination)"": 3,
        ""Assessment"": 3,
        ""Recommendation (clear recommendation)"": 2,
        ""Recommendation (global rating scale)"": 3,
        ""Comments"": ""Good clear and precise clinical handover\nGood""
      }
    },
    {
      ""respondent"": ""9"",
      ""answers"": {
        ""Date"": ""2025-04-04"",
        ""SessionName"": ""MI"",
        ""Identification"": 2,
        ""Situation"": 3,
        ""Background (history)"": 2,
        ""Background (examination)"": 3,
        ""Assessment"": 3,
        ""Recommendation (clear recommendation)"": 2,
        ""Recommendation (global rating scale)"": 2,
        ""Comments"": """"
      }
    },
    {
      ""respondent"": ""13"",
      ""answers"": {
        ""Date"": ""2025-05-02"",
        ""SessionName"": ""I - MI"",
        ""Identification"": 3,
        ""Situation"": 3,
        ""Background (history)"": 3,
        ""Background (examination)"": 3,
        ""Assessment"": 3,
        ""Recommendation (clear recommendation)"": 2,
        ""Recommendation (global rating scale)"": 3,
        ""Comments"": ""Consent denied for video recordings\nSatisfactory""
      }
    }
  ]
}
</questionnaire>

<role>
You are a meticulous data analyst AI. Your primary function is to accurately analyze structured data and provide precise, verifiable answers.
</role>

<output>
Provide your final answer directly and concisely. Output must be the human-readable value, not an option code.

Rules:
- For MCQ fields, map any letter codes in the Responses (case-insensitive) to the corresponding option text from the Questions schema, and output only that text. Do NOT include the letter or both.
  Example: If the schema is ""[MCQ: A. Abnormal B. Inconclusive C. Normal]"" and the response is ""a"", output ""Abnormal"".
- For open-ended fields, output the exact text value.
- If the question asks for a count, provide only the number (e.g., ""42"").
- If the question asks for a list of names or IDs, provide a simple comma-separated list (e.g., ""17, 21, 23"").
- Preserve capitalization exactly as in the schema (e.g., output ""Abnormal"", not ""abnormal"" or ""A"").
</output>

<task>
What is the identification score for respondent 16?
</task>",,
case_33,answer_lookup,What is the global rating score for respondent 19?,"{
  ""questions"": {
    ""Date"": ""What is the date of the session? [Open-ended]"",
    ""SessionName"": ""What is the name of the session? [Open-ended]"",
    ""Identification"": ""Identification of self, role, and patient. [Rubric: 0 = Requires direct prompting, 1 = Introduces themselves but only after a hint, 2 = Introduces themselves but information is incomplete, 3 = Introduces themselves and information is complete]"",
    ""Situation"": ""Identifies the main problem(s). [Rubric: 0 = Unable to identify the main problem(s), 1 = Identifies the main problem(s) after extended prompting, 2 = Identifies the main problem(s) with fewer prompts needed, 3 = Identifies and prioritizes the main problem(s) unprompted]"",
    ""Background (history)"": ""Gives appropriate history. [Rubric: 0 = History is unstructured or non-relevant, 1 = Relevant history but frequent clarification needed, 2 = Relevant history with few further questions needed, 3 = Comprehensive focused history]"",
    ""Background (examination)"": ""Gives appropriate examination/observations. [Rubric: 0 = Observations are omitted or irrelevant, 1 = Observations reported but frequent clarification needed, 2 = Observations reported with few further questions needed, 3 = Comprehensive focused examination/observations]"",
    ""Assessment"": ""Makes logical assessment (correlates problem, history, exam, context). [Rubric: 0 = No logical assessment, 1 = Assessment only after extended questioning, 2 = Assessment after minimal questioning, 3 = Comprehensive logical assessment without questioning]"",
    ""Recommendation (clear recommendation)"": ""Makes a clear recommendation. [Rubric: 0 = No recommendation, 1 = Clear recommendation only after extended questioning, 2 = Clear recommendation after minimal questioning, 3 = Clear comprehensive recommendation without questioning]"",
    ""Recommendation (global rating scale)"": ""Global Rating Scale (GRS) - How confident am I that I received an accurate picture of the patient? [Rubric: 0 = Not at all confident, 1 = Confident but required extended questioning, 2 = Confident but required some further questioning, 3 = Confident and required little or no questioning]"",
    ""Comments"": ""Comments on the session. [Open-ended]""
  },
  ""responses"": [
    {
      ""respondent"": ""19"",
      ""answers"": {
        ""Date"": ""2025-05-04"",
        ""SessionName"": ""V (Hypoglycemia)"",
        ""Identification"": 3,
        ""Situation"": 3,
        ""Background (history)"": 3,
        ""Background (examination)"": 3,
        ""Assessment"": 3,
        ""Recommendation (clear recommendation)"": 3,
        ""Recommendation (global rating scale)"": 2,
        ""Comments"": ""Concise - clear\nSatisfactory""
      }
    },
    {
      ""respondent"": ""13"",
      ""answers"": {
        ""Date"": ""2025-05-02"",
        ""SessionName"": ""I - MI"",
        ""Identification"": 3,
        ""Situation"": 3,
        ""Background (history)"": 3,
        ""Background (examination)"": 3,
        ""Assessment"": 3,
        ""Recommendation (clear recommendation)"": 2,
        ""Recommendation (global rating scale)"": 3,
        ""Comments"": ""Consent denied for video recordings\nSatisfactory""
      }
    },
    {
      ""respondent"": ""22"",
      ""answers"": {
        ""Date"": ""2025-05-16"",
        ""SessionName"": ""IV (VT)"",
        ""Identification"": 3,
        ""Situation"": 3,
        ""Background (history)"": 3,
        ""Background (examination)"": 3,
        ""Assessment"": 2,
        ""Recommendation (clear recommendation)"": 2,
        ""Recommendation (global rating scale)"": 3,
        ""Comments"": ""Clear communication skills\nGood""
      }
    }
  ]
}",2,"<example>
What is the session name for respondent 21?

DATA:

{
  ""questions"": {
    ""Date"": ""What is the date of the session? [Open-ended]"",
    ""SessionName"": ""What is the name of the session? [Open-ended]"",
    ""Identification"": ""Identification of self, role, and patient. [Rubric: 0 = Requires direct prompting, 1 = Introduces themselves but only after a hint, 2 = Introduces themselves but information is incomplete, 3 = Introduces themselves and information is complete]"",
    ""Situation"": ""Identifies the main problem(s). [Rubric: 0 = Unable to identify the main problem(s), 1 = Identifies the main problem(s) after extended prompting, 2 = Identifies the main problem(s) with fewer prompts needed, 3 = Identifies and prioritizes the main problem(s) unprompted]"",
    ""Background (history)"": ""Gives appropriate history. [Rubric: 0 = History is unstructured or non-relevant, 1 = Relevant history but frequent clarification needed, 2 = Relevant history with few further questions needed, 3 = Comprehensive focused history]"",
    ""Background (examination)"": ""Gives appropriate examination/observations. [Rubric: 0 = Observations are omitted or irrelevant, 1 = Observations reported but frequent clarification needed, 2 = Observations reported with few further questions needed, 3 = Comprehensive focused examination/observations]"",
    ""Assessment"": ""Makes logical assessment (correlates problem, history, exam, context). [Rubric: 0 = No logical assessment, 1 = Assessment only after extended questioning, 2 = Assessment after minimal questioning, 3 = Comprehensive logical assessment without questioning]"",
    ""Recommendation (clear recommendation)"": ""Makes a clear recommendation. [Rubric: 0 = No recommendation, 1 = Clear recommendation only after extended questioning, 2 = Clear recommendation after minimal questioning, 3 = Clear comprehensive recommendation without questioning]"",
    ""Recommendation (global rating scale)"": ""Global Rating Scale (GRS) - How confident am I that I received an accurate picture of the patient? [Rubric: 0 = Not at all confident, 1 = Confident but required extended questioning, 2 = Confident but required some further questioning, 3 = Confident and required little or no questioning]"",
    ""Comments"": ""Comments on the session. [Open-ended]""
  },
  ""responses"": [
    {
      ""respondent"": ""21"",
      ""answers"": {
        ""Date"": ""2025-05-16"",
        ""SessionName"": ""II (Anaphylaxsis)"",
        ""Identification"": 3,
        ""Situation"": 3,
        ""Background (history)"": 2,
        ""Background (examination)"": 2,
        ""Assessment"": 2,
        ""Recommendation (clear recommendation)"": 3,
        ""Recommendation (global rating scale)"": 2,
        ""Comments"": ""Overall a bit unclear communication reflected""
      }
    },
    {
      ""respondent"": ""17"",
      ""answers"": {
        ""Date"": ""2025-05-04"",
        ""SessionName"": ""IV - VT"",
        ""Identification"": 3,
        ""Situation"": 3,
        ""Background (history)"": 2,
        ""Background (examination)"": 2,
        ""Assessment"": 3,
        ""Recommendation (clear recommendation)"": 2,
        ""Recommendation (global rating scale)"": 2,
        ""Comments"": ""Not very concise or clear communication\nSatisfactory""
      }
    },
    {
      ""respondent"": ""23"",
      ""answers"": {
        ""Date"": ""2025-05-16"",
        ""SessionName"": ""I (Myocardial infarction)"",
        ""Identification"": 3,
        ""Situation"": 2,
        ""Background (history)"": 3,
        ""Background (examination)"": 1,
        ""Assessment"": 2,
        ""Recommendation (clear recommendation)"": 3,
        ""Recommendation (global rating scale)"": 3,
        ""Comments"": ""Diagnostic clarity is present\nGood and early assessment of condition is done""
      }
    }
  ]
}

Answer: II (Anaphylaxsis)
</example>

<questionnaire>
{
  ""questions"": {
    ""Date"": ""What is the date of the session? [Open-ended]"",
    ""SessionName"": ""What is the name of the session? [Open-ended]"",
    ""Identification"": ""Identification of self, role, and patient. [Rubric: 0 = Requires direct prompting, 1 = Introduces themselves but only after a hint, 2 = Introduces themselves but information is incomplete, 3 = Introduces themselves and information is complete]"",
    ""Situation"": ""Identifies the main problem(s). [Rubric: 0 = Unable to identify the main problem(s), 1 = Identifies the main problem(s) after extended prompting, 2 = Identifies the main problem(s) with fewer prompts needed, 3 = Identifies and prioritizes the main problem(s) unprompted]"",
    ""Background (history)"": ""Gives appropriate history. [Rubric: 0 = History is unstructured or non-relevant, 1 = Relevant history but frequent clarification needed, 2 = Relevant history with few further questions needed, 3 = Comprehensive focused history]"",
    ""Background (examination)"": ""Gives appropriate examination/observations. [Rubric: 0 = Observations are omitted or irrelevant, 1 = Observations reported but frequent clarification needed, 2 = Observations reported with few further questions needed, 3 = Comprehensive focused examination/observations]"",
    ""Assessment"": ""Makes logical assessment (correlates problem, history, exam, context). [Rubric: 0 = No logical assessment, 1 = Assessment only after extended questioning, 2 = Assessment after minimal questioning, 3 = Comprehensive logical assessment without questioning]"",
    ""Recommendation (clear recommendation)"": ""Makes a clear recommendation. [Rubric: 0 = No recommendation, 1 = Clear recommendation only after extended questioning, 2 = Clear recommendation after minimal questioning, 3 = Clear comprehensive recommendation without questioning]"",
    ""Recommendation (global rating scale)"": ""Global Rating Scale (GRS) - How confident am I that I received an accurate picture of the patient? [Rubric: 0 = Not at all confident, 1 = Confident but required extended questioning, 2 = Confident but required some further questioning, 3 = Confident and required little or no questioning]"",
    ""Comments"": ""Comments on the session. [Open-ended]""
  },
  ""responses"": [
    {
      ""respondent"": ""19"",
      ""answers"": {
        ""Date"": ""2025-05-04"",
        ""SessionName"": ""V (Hypoglycemia)"",
        ""Identification"": 3,
        ""Situation"": 3,
        ""Background (history)"": 3,
        ""Background (examination)"": 3,
        ""Assessment"": 3,
        ""Recommendation (clear recommendation)"": 3,
        ""Recommendation (global rating scale)"": 2,
        ""Comments"": ""Concise - clear\nSatisfactory""
      }
    },
    {
      ""respondent"": ""13"",
      ""answers"": {
        ""Date"": ""2025-05-02"",
        ""SessionName"": ""I - MI"",
        ""Identification"": 3,
        ""Situation"": 3,
        ""Background (history)"": 3,
        ""Background (examination)"": 3,
        ""Assessment"": 3,
        ""Recommendation (clear recommendation)"": 2,
        ""Recommendation (global rating scale)"": 3,
        ""Comments"": ""Consent denied for video recordings\nSatisfactory""
      }
    },
    {
      ""respondent"": ""22"",
      ""answers"": {
        ""Date"": ""2025-05-16"",
        ""SessionName"": ""IV (VT)"",
        ""Identification"": 3,
        ""Situation"": 3,
        ""Background (history)"": 3,
        ""Background (examination)"": 3,
        ""Assessment"": 2,
        ""Recommendation (clear recommendation)"": 2,
        ""Recommendation (global rating scale)"": 3,
        ""Comments"": ""Clear communication skills\nGood""
      }
    }
  ]
}
</questionnaire>

<role>
You are a meticulous data analyst AI. Your primary function is to accurately analyze structured data and provide precise, verifiable answers.
</role>

<output>
Provide your final answer directly and concisely. Output must be the human-readable value, not an option code.

Rules:
- For MCQ fields, map any letter codes in the Responses (case-insensitive) to the corresponding option text from the Questions schema, and output only that text. Do NOT include the letter or both.
  Example: If the schema is ""[MCQ: A. Abnormal B. Inconclusive C. Normal]"" and the response is ""a"", output ""Abnormal"".
- For open-ended fields, output the exact text value.
- If the question asks for a count, provide only the number (e.g., ""42"").
- If the question asks for a list of names or IDs, provide a simple comma-separated list (e.g., ""17, 21, 23"").
- Preserve capitalization exactly as in the schema (e.g., output ""Abnormal"", not ""abnormal"" or ""A"").
</output>

<task>
What is the global rating score for respondent 19?
</task>",,
case_34,answer_lookup,What is the identification score for respondent 1?,"{
  ""questions"": {
    ""Date"": ""What is the date of the session? [Open-ended]"",
    ""SessionName"": ""What is the name of the session? [Open-ended]"",
    ""Identification"": ""Identification of self, role, and patient. [Rubric: 0 = Requires direct prompting, 1 = Introduces themselves but only after a hint, 2 = Introduces themselves but information is incomplete, 3 = Introduces themselves and information is complete]"",
    ""Situation"": ""Identifies the main problem(s). [Rubric: 0 = Unable to identify the main problem(s), 1 = Identifies the main problem(s) after extended prompting, 2 = Identifies the main problem(s) with fewer prompts needed, 3 = Identifies and prioritizes the main problem(s) unprompted]"",
    ""Background (history)"": ""Gives appropriate history. [Rubric: 0 = History is unstructured or non-relevant, 1 = Relevant history but frequent clarification needed, 2 = Relevant history with few further questions needed, 3 = Comprehensive focused history]"",
    ""Background (examination)"": ""Gives appropriate examination/observations. [Rubric: 0 = Observations are omitted or irrelevant, 1 = Observations reported but frequent clarification needed, 2 = Observations reported with few further questions needed, 3 = Comprehensive focused examination/observations]"",
    ""Assessment"": ""Makes logical assessment (correlates problem, history, exam, context). [Rubric: 0 = No logical assessment, 1 = Assessment only after extended questioning, 2 = Assessment after minimal questioning, 3 = Comprehensive logical assessment without questioning]"",
    ""Recommendation (clear recommendation)"": ""Makes a clear recommendation. [Rubric: 0 = No recommendation, 1 = Clear recommendation only after extended questioning, 2 = Clear recommendation after minimal questioning, 3 = Clear comprehensive recommendation without questioning]"",
    ""Recommendation (global rating scale)"": ""Global Rating Scale (GRS) - How confident am I that I received an accurate picture of the patient? [Rubric: 0 = Not at all confident, 1 = Confident but required extended questioning, 2 = Confident but required some further questioning, 3 = Confident and required little or no questioning]"",
    ""Comments"": ""Comments on the session. [Open-ended]""
  },
  ""responses"": [
    {
      ""respondent"": ""1"",
      ""answers"": {
        ""Date"": ""2025-03-14"",
        ""SessionName"": ""III-Sepsis"",
        ""Identification"": 3,
        ""Situation"": 3,
        ""Background (history)"": 2,
        ""Background (examination)"": 3,
        ""Assessment"": 2,
        ""Recommendation (clear recommendation)"": 2,
        ""Recommendation (global rating scale)"": 2,
        ""Comments"": ""Time: (1:00-1:17)""
      }
    },
    {
      ""respondent"": ""18"",
      ""answers"": {
        ""Date"": ""2025-05-04"",
        ""SessionName"": ""I - MI"",
        ""Identification"": 3,
        ""Situation"": 3,
        ""Background (history)"": 3,
        ""Background (examination)"": 3,
        ""Assessment"": 2,
        ""Recommendation (clear recommendation)"": 3,
        ""Recommendation (global rating scale)"": 2,
        ""Comments"": ""Wrong CPR position\nClarity is a bit low over whole case scenario\nSatisfactory""
      }
    },
    {
      ""respondent"": ""7"",
      ""answers"": {
        ""Date"": ""2025-04-04"",
        ""SessionName"": ""II (Anaphylactic Shock)"",
        ""Identification"": 3,
        ""Situation"": 2,
        ""Background (history)"": 3,
        ""Background (examination)"": 3,
        ""Assessment"": 2,
        ""Recommendation (clear recommendation)"": 2,
        ""Recommendation (global rating scale)"": 3,
        ""Comments"": """"
      }
    }
  ]
}",3,"<example>
What is the session name for respondent 21?

DATA:

{
  ""questions"": {
    ""Date"": ""What is the date of the session? [Open-ended]"",
    ""SessionName"": ""What is the name of the session? [Open-ended]"",
    ""Identification"": ""Identification of self, role, and patient. [Rubric: 0 = Requires direct prompting, 1 = Introduces themselves but only after a hint, 2 = Introduces themselves but information is incomplete, 3 = Introduces themselves and information is complete]"",
    ""Situation"": ""Identifies the main problem(s). [Rubric: 0 = Unable to identify the main problem(s), 1 = Identifies the main problem(s) after extended prompting, 2 = Identifies the main problem(s) with fewer prompts needed, 3 = Identifies and prioritizes the main problem(s) unprompted]"",
    ""Background (history)"": ""Gives appropriate history. [Rubric: 0 = History is unstructured or non-relevant, 1 = Relevant history but frequent clarification needed, 2 = Relevant history with few further questions needed, 3 = Comprehensive focused history]"",
    ""Background (examination)"": ""Gives appropriate examination/observations. [Rubric: 0 = Observations are omitted or irrelevant, 1 = Observations reported but frequent clarification needed, 2 = Observations reported with few further questions needed, 3 = Comprehensive focused examination/observations]"",
    ""Assessment"": ""Makes logical assessment (correlates problem, history, exam, context). [Rubric: 0 = No logical assessment, 1 = Assessment only after extended questioning, 2 = Assessment after minimal questioning, 3 = Comprehensive logical assessment without questioning]"",
    ""Recommendation (clear recommendation)"": ""Makes a clear recommendation. [Rubric: 0 = No recommendation, 1 = Clear recommendation only after extended questioning, 2 = Clear recommendation after minimal questioning, 3 = Clear comprehensive recommendation without questioning]"",
    ""Recommendation (global rating scale)"": ""Global Rating Scale (GRS) - How confident am I that I received an accurate picture of the patient? [Rubric: 0 = Not at all confident, 1 = Confident but required extended questioning, 2 = Confident but required some further questioning, 3 = Confident and required little or no questioning]"",
    ""Comments"": ""Comments on the session. [Open-ended]""
  },
  ""responses"": [
    {
      ""respondent"": ""21"",
      ""answers"": {
        ""Date"": ""2025-05-16"",
        ""SessionName"": ""II (Anaphylaxsis)"",
        ""Identification"": 3,
        ""Situation"": 3,
        ""Background (history)"": 2,
        ""Background (examination)"": 2,
        ""Assessment"": 2,
        ""Recommendation (clear recommendation)"": 3,
        ""Recommendation (global rating scale)"": 2,
        ""Comments"": ""Overall a bit unclear communication reflected""
      }
    },
    {
      ""respondent"": ""17"",
      ""answers"": {
        ""Date"": ""2025-05-04"",
        ""SessionName"": ""IV - VT"",
        ""Identification"": 3,
        ""Situation"": 3,
        ""Background (history)"": 2,
        ""Background (examination)"": 2,
        ""Assessment"": 3,
        ""Recommendation (clear recommendation)"": 2,
        ""Recommendation (global rating scale)"": 2,
        ""Comments"": ""Not very concise or clear communication\nSatisfactory""
      }
    },
    {
      ""respondent"": ""23"",
      ""answers"": {
        ""Date"": ""2025-05-16"",
        ""SessionName"": ""I (Myocardial infarction)"",
        ""Identification"": 3,
        ""Situation"": 2,
        ""Background (history)"": 3,
        ""Background (examination)"": 1,
        ""Assessment"": 2,
        ""Recommendation (clear recommendation)"": 3,
        ""Recommendation (global rating scale)"": 3,
        ""Comments"": ""Diagnostic clarity is present\nGood and early assessment of condition is done""
      }
    }
  ]
}

Answer: II (Anaphylaxsis)
</example>

<questionnaire>
{
  ""questions"": {
    ""Date"": ""What is the date of the session? [Open-ended]"",
    ""SessionName"": ""What is the name of the session? [Open-ended]"",
    ""Identification"": ""Identification of self, role, and patient. [Rubric: 0 = Requires direct prompting, 1 = Introduces themselves but only after a hint, 2 = Introduces themselves but information is incomplete, 3 = Introduces themselves and information is complete]"",
    ""Situation"": ""Identifies the main problem(s). [Rubric: 0 = Unable to identify the main problem(s), 1 = Identifies the main problem(s) after extended prompting, 2 = Identifies the main problem(s) with fewer prompts needed, 3 = Identifies and prioritizes the main problem(s) unprompted]"",
    ""Background (history)"": ""Gives appropriate history. [Rubric: 0 = History is unstructured or non-relevant, 1 = Relevant history but frequent clarification needed, 2 = Relevant history with few further questions needed, 3 = Comprehensive focused history]"",
    ""Background (examination)"": ""Gives appropriate examination/observations. [Rubric: 0 = Observations are omitted or irrelevant, 1 = Observations reported but frequent clarification needed, 2 = Observations reported with few further questions needed, 3 = Comprehensive focused examination/observations]"",
    ""Assessment"": ""Makes logical assessment (correlates problem, history, exam, context). [Rubric: 0 = No logical assessment, 1 = Assessment only after extended questioning, 2 = Assessment after minimal questioning, 3 = Comprehensive logical assessment without questioning]"",
    ""Recommendation (clear recommendation)"": ""Makes a clear recommendation. [Rubric: 0 = No recommendation, 1 = Clear recommendation only after extended questioning, 2 = Clear recommendation after minimal questioning, 3 = Clear comprehensive recommendation without questioning]"",
    ""Recommendation (global rating scale)"": ""Global Rating Scale (GRS) - How confident am I that I received an accurate picture of the patient? [Rubric: 0 = Not at all confident, 1 = Confident but required extended questioning, 2 = Confident but required some further questioning, 3 = Confident and required little or no questioning]"",
    ""Comments"": ""Comments on the session. [Open-ended]""
  },
  ""responses"": [
    {
      ""respondent"": ""1"",
      ""answers"": {
        ""Date"": ""2025-03-14"",
        ""SessionName"": ""III-Sepsis"",
        ""Identification"": 3,
        ""Situation"": 3,
        ""Background (history)"": 2,
        ""Background (examination)"": 3,
        ""Assessment"": 2,
        ""Recommendation (clear recommendation)"": 2,
        ""Recommendation (global rating scale)"": 2,
        ""Comments"": ""Time: (1:00-1:17)""
      }
    },
    {
      ""respondent"": ""18"",
      ""answers"": {
        ""Date"": ""2025-05-04"",
        ""SessionName"": ""I - MI"",
        ""Identification"": 3,
        ""Situation"": 3,
        ""Background (history)"": 3,
        ""Background (examination)"": 3,
        ""Assessment"": 2,
        ""Recommendation (clear recommendation)"": 3,
        ""Recommendation (global rating scale)"": 2,
        ""Comments"": ""Wrong CPR position\nClarity is a bit low over whole case scenario\nSatisfactory""
      }
    },
    {
      ""respondent"": ""7"",
      ""answers"": {
        ""Date"": ""2025-04-04"",
        ""SessionName"": ""II (Anaphylactic Shock)"",
        ""Identification"": 3,
        ""Situation"": 2,
        ""Background (history)"": 3,
        ""Background (examination)"": 3,
        ""Assessment"": 2,
        ""Recommendation (clear recommendation)"": 2,
        ""Recommendation (global rating scale)"": 3,
        ""Comments"": """"
      }
    }
  ]
}
</questionnaire>

<role>
You are a meticulous data analyst AI. Your primary function is to accurately analyze structured data and provide precise, verifiable answers.
</role>

<output>
Provide your final answer directly and concisely. Output must be the human-readable value, not an option code.

Rules:
- For MCQ fields, map any letter codes in the Responses (case-insensitive) to the corresponding option text from the Questions schema, and output only that text. Do NOT include the letter or both.
  Example: If the schema is ""[MCQ: A. Abnormal B. Inconclusive C. Normal]"" and the response is ""a"", output ""Abnormal"".
- For open-ended fields, output the exact text value.
- If the question asks for a count, provide only the number (e.g., ""42"").
- If the question asks for a list of names or IDs, provide a simple comma-separated list (e.g., ""17, 21, 23"").
- Preserve capitalization exactly as in the schema (e.g., output ""Abnormal"", not ""abnormal"" or ""A"").
</output>

<task>
What is the identification score for respondent 1?
</task>",,
case_35,answer_lookup,What is the date for respondent 9?,"{
  ""questions"": {
    ""Date"": ""What is the date of the session? [Open-ended]"",
    ""SessionName"": ""What is the name of the session? [Open-ended]"",
    ""Identification"": ""Identification of self, role, and patient. [Rubric: 0 = Requires direct prompting, 1 = Introduces themselves but only after a hint, 2 = Introduces themselves but information is incomplete, 3 = Introduces themselves and information is complete]"",
    ""Situation"": ""Identifies the main problem(s). [Rubric: 0 = Unable to identify the main problem(s), 1 = Identifies the main problem(s) after extended prompting, 2 = Identifies the main problem(s) with fewer prompts needed, 3 = Identifies and prioritizes the main problem(s) unprompted]"",
    ""Background (history)"": ""Gives appropriate history. [Rubric: 0 = History is unstructured or non-relevant, 1 = Relevant history but frequent clarification needed, 2 = Relevant history with few further questions needed, 3 = Comprehensive focused history]"",
    ""Background (examination)"": ""Gives appropriate examination/observations. [Rubric: 0 = Observations are omitted or irrelevant, 1 = Observations reported but frequent clarification needed, 2 = Observations reported with few further questions needed, 3 = Comprehensive focused examination/observations]"",
    ""Assessment"": ""Makes logical assessment (correlates problem, history, exam, context). [Rubric: 0 = No logical assessment, 1 = Assessment only after extended questioning, 2 = Assessment after minimal questioning, 3 = Comprehensive logical assessment without questioning]"",
    ""Recommendation (clear recommendation)"": ""Makes a clear recommendation. [Rubric: 0 = No recommendation, 1 = Clear recommendation only after extended questioning, 2 = Clear recommendation after minimal questioning, 3 = Clear comprehensive recommendation without questioning]"",
    ""Recommendation (global rating scale)"": ""Global Rating Scale (GRS) - How confident am I that I received an accurate picture of the patient? [Rubric: 0 = Not at all confident, 1 = Confident but required extended questioning, 2 = Confident but required some further questioning, 3 = Confident and required little or no questioning]"",
    ""Comments"": ""Comments on the session. [Open-ended]""
  },
  ""responses"": [
    {
      ""respondent"": ""9"",
      ""answers"": {
        ""Date"": ""2025-04-04"",
        ""SessionName"": ""MI"",
        ""Identification"": 2,
        ""Situation"": 3,
        ""Background (history)"": 2,
        ""Background (examination)"": 3,
        ""Assessment"": 3,
        ""Recommendation (clear recommendation)"": 2,
        ""Recommendation (global rating scale)"": 2,
        ""Comments"": """"
      }
    },
    {
      ""respondent"": ""16"",
      ""answers"": {
        ""Date"": ""2025-05-04"",
        ""SessionName"": ""II - Anaphylaxsis"",
        ""Identification"": 3,
        ""Situation"": 3,
        ""Background (history)"": 3,
        ""Background (examination)"": 3,
        ""Assessment"": 3,
        ""Recommendation (clear recommendation)"": 2,
        ""Recommendation (global rating scale)"": 3,
        ""Comments"": ""Good clear and precise clinical handover\nGood""
      }
    },
    {
      ""respondent"": ""6"",
      ""answers"": {
        ""Date"": ""2025-04-04"",
        ""SessionName"": ""III-Sepsis"",
        ""Identification"": -1,
        ""Situation"": 2,
        ""Background (history)"": 3,
        ""Background (examination)"": 3,
        ""Assessment"": 3,
        ""Recommendation (clear recommendation)"": 3,
        ""Recommendation (global rating scale)"": 3,
        ""Comments"": ""The patient/simulation is not oriented in TPP.\nClear communication between Reg and colleague during handover""
      }
    }
  ]
}",2025-04-04,"<example>
What is the session name for respondent 21?

DATA:

{
  ""questions"": {
    ""Date"": ""What is the date of the session? [Open-ended]"",
    ""SessionName"": ""What is the name of the session? [Open-ended]"",
    ""Identification"": ""Identification of self, role, and patient. [Rubric: 0 = Requires direct prompting, 1 = Introduces themselves but only after a hint, 2 = Introduces themselves but information is incomplete, 3 = Introduces themselves and information is complete]"",
    ""Situation"": ""Identifies the main problem(s). [Rubric: 0 = Unable to identify the main problem(s), 1 = Identifies the main problem(s) after extended prompting, 2 = Identifies the main problem(s) with fewer prompts needed, 3 = Identifies and prioritizes the main problem(s) unprompted]"",
    ""Background (history)"": ""Gives appropriate history. [Rubric: 0 = History is unstructured or non-relevant, 1 = Relevant history but frequent clarification needed, 2 = Relevant history with few further questions needed, 3 = Comprehensive focused history]"",
    ""Background (examination)"": ""Gives appropriate examination/observations. [Rubric: 0 = Observations are omitted or irrelevant, 1 = Observations reported but frequent clarification needed, 2 = Observations reported with few further questions needed, 3 = Comprehensive focused examination/observations]"",
    ""Assessment"": ""Makes logical assessment (correlates problem, history, exam, context). [Rubric: 0 = No logical assessment, 1 = Assessment only after extended questioning, 2 = Assessment after minimal questioning, 3 = Comprehensive logical assessment without questioning]"",
    ""Recommendation (clear recommendation)"": ""Makes a clear recommendation. [Rubric: 0 = No recommendation, 1 = Clear recommendation only after extended questioning, 2 = Clear recommendation after minimal questioning, 3 = Clear comprehensive recommendation without questioning]"",
    ""Recommendation (global rating scale)"": ""Global Rating Scale (GRS) - How confident am I that I received an accurate picture of the patient? [Rubric: 0 = Not at all confident, 1 = Confident but required extended questioning, 2 = Confident but required some further questioning, 3 = Confident and required little or no questioning]"",
    ""Comments"": ""Comments on the session. [Open-ended]""
  },
  ""responses"": [
    {
      ""respondent"": ""21"",
      ""answers"": {
        ""Date"": ""2025-05-16"",
        ""SessionName"": ""II (Anaphylaxsis)"",
        ""Identification"": 3,
        ""Situation"": 3,
        ""Background (history)"": 2,
        ""Background (examination)"": 2,
        ""Assessment"": 2,
        ""Recommendation (clear recommendation)"": 3,
        ""Recommendation (global rating scale)"": 2,
        ""Comments"": ""Overall a bit unclear communication reflected""
      }
    },
    {
      ""respondent"": ""17"",
      ""answers"": {
        ""Date"": ""2025-05-04"",
        ""SessionName"": ""IV - VT"",
        ""Identification"": 3,
        ""Situation"": 3,
        ""Background (history)"": 2,
        ""Background (examination)"": 2,
        ""Assessment"": 3,
        ""Recommendation (clear recommendation)"": 2,
        ""Recommendation (global rating scale)"": 2,
        ""Comments"": ""Not very concise or clear communication\nSatisfactory""
      }
    },
    {
      ""respondent"": ""23"",
      ""answers"": {
        ""Date"": ""2025-05-16"",
        ""SessionName"": ""I (Myocardial infarction)"",
        ""Identification"": 3,
        ""Situation"": 2,
        ""Background (history)"": 3,
        ""Background (examination)"": 1,
        ""Assessment"": 2,
        ""Recommendation (clear recommendation)"": 3,
        ""Recommendation (global rating scale)"": 3,
        ""Comments"": ""Diagnostic clarity is present\nGood and early assessment of condition is done""
      }
    }
  ]
}

Answer: II (Anaphylaxsis)
</example>

<questionnaire>
{
  ""questions"": {
    ""Date"": ""What is the date of the session? [Open-ended]"",
    ""SessionName"": ""What is the name of the session? [Open-ended]"",
    ""Identification"": ""Identification of self, role, and patient. [Rubric: 0 = Requires direct prompting, 1 = Introduces themselves but only after a hint, 2 = Introduces themselves but information is incomplete, 3 = Introduces themselves and information is complete]"",
    ""Situation"": ""Identifies the main problem(s). [Rubric: 0 = Unable to identify the main problem(s), 1 = Identifies the main problem(s) after extended prompting, 2 = Identifies the main problem(s) with fewer prompts needed, 3 = Identifies and prioritizes the main problem(s) unprompted]"",
    ""Background (history)"": ""Gives appropriate history. [Rubric: 0 = History is unstructured or non-relevant, 1 = Relevant history but frequent clarification needed, 2 = Relevant history with few further questions needed, 3 = Comprehensive focused history]"",
    ""Background (examination)"": ""Gives appropriate examination/observations. [Rubric: 0 = Observations are omitted or irrelevant, 1 = Observations reported but frequent clarification needed, 2 = Observations reported with few further questions needed, 3 = Comprehensive focused examination/observations]"",
    ""Assessment"": ""Makes logical assessment (correlates problem, history, exam, context). [Rubric: 0 = No logical assessment, 1 = Assessment only after extended questioning, 2 = Assessment after minimal questioning, 3 = Comprehensive logical assessment without questioning]"",
    ""Recommendation (clear recommendation)"": ""Makes a clear recommendation. [Rubric: 0 = No recommendation, 1 = Clear recommendation only after extended questioning, 2 = Clear recommendation after minimal questioning, 3 = Clear comprehensive recommendation without questioning]"",
    ""Recommendation (global rating scale)"": ""Global Rating Scale (GRS) - How confident am I that I received an accurate picture of the patient? [Rubric: 0 = Not at all confident, 1 = Confident but required extended questioning, 2 = Confident but required some further questioning, 3 = Confident and required little or no questioning]"",
    ""Comments"": ""Comments on the session. [Open-ended]""
  },
  ""responses"": [
    {
      ""respondent"": ""9"",
      ""answers"": {
        ""Date"": ""2025-04-04"",
        ""SessionName"": ""MI"",
        ""Identification"": 2,
        ""Situation"": 3,
        ""Background (history)"": 2,
        ""Background (examination)"": 3,
        ""Assessment"": 3,
        ""Recommendation (clear recommendation)"": 2,
        ""Recommendation (global rating scale)"": 2,
        ""Comments"": """"
      }
    },
    {
      ""respondent"": ""16"",
      ""answers"": {
        ""Date"": ""2025-05-04"",
        ""SessionName"": ""II - Anaphylaxsis"",
        ""Identification"": 3,
        ""Situation"": 3,
        ""Background (history)"": 3,
        ""Background (examination)"": 3,
        ""Assessment"": 3,
        ""Recommendation (clear recommendation)"": 2,
        ""Recommendation (global rating scale)"": 3,
        ""Comments"": ""Good clear and precise clinical handover\nGood""
      }
    },
    {
      ""respondent"": ""6"",
      ""answers"": {
        ""Date"": ""2025-04-04"",
        ""SessionName"": ""III-Sepsis"",
        ""Identification"": -1,
        ""Situation"": 2,
        ""Background (history)"": 3,
        ""Background (examination)"": 3,
        ""Assessment"": 3,
        ""Recommendation (clear recommendation)"": 3,
        ""Recommendation (global rating scale)"": 3,
        ""Comments"": ""The patient/simulation is not oriented in TPP.\nClear communication between Reg and colleague during handover""
      }
    }
  ]
}
</questionnaire>

<role>
You are a meticulous data analyst AI. Your primary function is to accurately analyze structured data and provide precise, verifiable answers.
</role>

<output>
Provide your final answer directly and concisely. Output must be the human-readable value, not an option code.

Rules:
- For MCQ fields, map any letter codes in the Responses (case-insensitive) to the corresponding option text from the Questions schema, and output only that text. Do NOT include the letter or both.
  Example: If the schema is ""[MCQ: A. Abnormal B. Inconclusive C. Normal]"" and the response is ""a"", output ""Abnormal"".
- For open-ended fields, output the exact text value.
- If the question asks for a count, provide only the number (e.g., ""42"").
- If the question asks for a list of names or IDs, provide a simple comma-separated list (e.g., ""17, 21, 23"").
- Preserve capitalization exactly as in the schema (e.g., output ""Abnormal"", not ""abnormal"" or ""A"").
</output>

<task>
What is the date for respondent 9?
</task>",,
case_36,answer_lookup,What is the date for respondent 3?,"{
  ""questions"": {
    ""Date"": ""What is the date of the session? [Open-ended]"",
    ""SessionName"": ""What is the name of the session? [Open-ended]"",
    ""Identification"": ""Identification of self, role, and patient. [Rubric: 0 = Requires direct prompting, 1 = Introduces themselves but only after a hint, 2 = Introduces themselves but information is incomplete, 3 = Introduces themselves and information is complete]"",
    ""Situation"": ""Identifies the main problem(s). [Rubric: 0 = Unable to identify the main problem(s), 1 = Identifies the main problem(s) after extended prompting, 2 = Identifies the main problem(s) with fewer prompts needed, 3 = Identifies and prioritizes the main problem(s) unprompted]"",
    ""Background (history)"": ""Gives appropriate history. [Rubric: 0 = History is unstructured or non-relevant, 1 = Relevant history but frequent clarification needed, 2 = Relevant history with few further questions needed, 3 = Comprehensive focused history]"",
    ""Background (examination)"": ""Gives appropriate examination/observations. [Rubric: 0 = Observations are omitted or irrelevant, 1 = Observations reported but frequent clarification needed, 2 = Observations reported with few further questions needed, 3 = Comprehensive focused examination/observations]"",
    ""Assessment"": ""Makes logical assessment (correlates problem, history, exam, context). [Rubric: 0 = No logical assessment, 1 = Assessment only after extended questioning, 2 = Assessment after minimal questioning, 3 = Comprehensive logical assessment without questioning]"",
    ""Recommendation (clear recommendation)"": ""Makes a clear recommendation. [Rubric: 0 = No recommendation, 1 = Clear recommendation only after extended questioning, 2 = Clear recommendation after minimal questioning, 3 = Clear comprehensive recommendation without questioning]"",
    ""Recommendation (global rating scale)"": ""Global Rating Scale (GRS) - How confident am I that I received an accurate picture of the patient? [Rubric: 0 = Not at all confident, 1 = Confident but required extended questioning, 2 = Confident but required some further questioning, 3 = Confident and required little or no questioning]"",
    ""Comments"": ""Comments on the session. [Open-ended]""
  },
  ""responses"": [
    {
      ""respondent"": ""3"",
      ""answers"": {
        ""Date"": ""2025-03-14"",
        ""SessionName"": ""IV-Hypoglycemia"",
        ""Identification"": 3,
        ""Situation"": 3,
        ""Background (history)"": 2,
        ""Background (examination)"": 2,
        ""Assessment"": 3,
        ""Recommendation (clear recommendation)"": 1,
        ""Recommendation (global rating scale)"": 1,
        ""Comments"": ""Time: (2:36-2:53)\nLate response for considering consultation""
      }
    },
    {
      ""respondent"": ""2"",
      ""answers"": {
        ""Date"": ""2025-03-14"",
        ""SessionName"": ""II-Anaphylaxsis"",
        ""Identification"": 3,
        ""Situation"": 3,
        ""Background (history)"": 2,
        ""Background (examination)"": 2,
        ""Assessment"": 3,
        ""Recommendation (clear recommendation)"": 3,
        ""Recommendation (global rating scale)"": 3,
        ""Comments"": ""Time: (11:43-11:58)\nTalking to registrav could not summarize the condition of patient very clearly\nDID: Sepsis I Anaphylaxsis given by team""
      }
    },
    {
      ""respondent"": ""12"",
      ""answers"": {
        ""Date"": ""2025-05-02"",
        ""SessionName"": ""IV (VT)"",
        ""Identification"": 3,
        ""Situation"": 3,
        ""Background (history)"": 2,
        ""Background (examination)"": -1,
        ""Assessment"": 3,
        ""Recommendation (clear recommendation)"": 2,
        ""Recommendation (global rating scale)"": 3,
        ""Comments"": ""Good""
      }
    }
  ]
}",2025-03-14,"<example>
What is the session name for respondent 21?

DATA:

{
  ""questions"": {
    ""Date"": ""What is the date of the session? [Open-ended]"",
    ""SessionName"": ""What is the name of the session? [Open-ended]"",
    ""Identification"": ""Identification of self, role, and patient. [Rubric: 0 = Requires direct prompting, 1 = Introduces themselves but only after a hint, 2 = Introduces themselves but information is incomplete, 3 = Introduces themselves and information is complete]"",
    ""Situation"": ""Identifies the main problem(s). [Rubric: 0 = Unable to identify the main problem(s), 1 = Identifies the main problem(s) after extended prompting, 2 = Identifies the main problem(s) with fewer prompts needed, 3 = Identifies and prioritizes the main problem(s) unprompted]"",
    ""Background (history)"": ""Gives appropriate history. [Rubric: 0 = History is unstructured or non-relevant, 1 = Relevant history but frequent clarification needed, 2 = Relevant history with few further questions needed, 3 = Comprehensive focused history]"",
    ""Background (examination)"": ""Gives appropriate examination/observations. [Rubric: 0 = Observations are omitted or irrelevant, 1 = Observations reported but frequent clarification needed, 2 = Observations reported with few further questions needed, 3 = Comprehensive focused examination/observations]"",
    ""Assessment"": ""Makes logical assessment (correlates problem, history, exam, context). [Rubric: 0 = No logical assessment, 1 = Assessment only after extended questioning, 2 = Assessment after minimal questioning, 3 = Comprehensive logical assessment without questioning]"",
    ""Recommendation (clear recommendation)"": ""Makes a clear recommendation. [Rubric: 0 = No recommendation, 1 = Clear recommendation only after extended questioning, 2 = Clear recommendation after minimal questioning, 3 = Clear comprehensive recommendation without questioning]"",
    ""Recommendation (global rating scale)"": ""Global Rating Scale (GRS) - How confident am I that I received an accurate picture of the patient? [Rubric: 0 = Not at all confident, 1 = Confident but required extended questioning, 2 = Confident but required some further questioning, 3 = Confident and required little or no questioning]"",
    ""Comments"": ""Comments on the session. [Open-ended]""
  },
  ""responses"": [
    {
      ""respondent"": ""21"",
      ""answers"": {
        ""Date"": ""2025-05-16"",
        ""SessionName"": ""II (Anaphylaxsis)"",
        ""Identification"": 3,
        ""Situation"": 3,
        ""Background (history)"": 2,
        ""Background (examination)"": 2,
        ""Assessment"": 2,
        ""Recommendation (clear recommendation)"": 3,
        ""Recommendation (global rating scale)"": 2,
        ""Comments"": ""Overall a bit unclear communication reflected""
      }
    },
    {
      ""respondent"": ""17"",
      ""answers"": {
        ""Date"": ""2025-05-04"",
        ""SessionName"": ""IV - VT"",
        ""Identification"": 3,
        ""Situation"": 3,
        ""Background (history)"": 2,
        ""Background (examination)"": 2,
        ""Assessment"": 3,
        ""Recommendation (clear recommendation)"": 2,
        ""Recommendation (global rating scale)"": 2,
        ""Comments"": ""Not very concise or clear communication\nSatisfactory""
      }
    },
    {
      ""respondent"": ""23"",
      ""answers"": {
        ""Date"": ""2025-05-16"",
        ""SessionName"": ""I (Myocardial infarction)"",
        ""Identification"": 3,
        ""Situation"": 2,
        ""Background (history)"": 3,
        ""Background (examination)"": 1,
        ""Assessment"": 2,
        ""Recommendation (clear recommendation)"": 3,
        ""Recommendation (global rating scale)"": 3,
        ""Comments"": ""Diagnostic clarity is present\nGood and early assessment of condition is done""
      }
    }
  ]
}

Answer: II (Anaphylaxsis)
</example>

<questionnaire>
{
  ""questions"": {
    ""Date"": ""What is the date of the session? [Open-ended]"",
    ""SessionName"": ""What is the name of the session? [Open-ended]"",
    ""Identification"": ""Identification of self, role, and patient. [Rubric: 0 = Requires direct prompting, 1 = Introduces themselves but only after a hint, 2 = Introduces themselves but information is incomplete, 3 = Introduces themselves and information is complete]"",
    ""Situation"": ""Identifies the main problem(s). [Rubric: 0 = Unable to identify the main problem(s), 1 = Identifies the main problem(s) after extended prompting, 2 = Identifies the main problem(s) with fewer prompts needed, 3 = Identifies and prioritizes the main problem(s) unprompted]"",
    ""Background (history)"": ""Gives appropriate history. [Rubric: 0 = History is unstructured or non-relevant, 1 = Relevant history but frequent clarification needed, 2 = Relevant history with few further questions needed, 3 = Comprehensive focused history]"",
    ""Background (examination)"": ""Gives appropriate examination/observations. [Rubric: 0 = Observations are omitted or irrelevant, 1 = Observations reported but frequent clarification needed, 2 = Observations reported with few further questions needed, 3 = Comprehensive focused examination/observations]"",
    ""Assessment"": ""Makes logical assessment (correlates problem, history, exam, context). [Rubric: 0 = No logical assessment, 1 = Assessment only after extended questioning, 2 = Assessment after minimal questioning, 3 = Comprehensive logical assessment without questioning]"",
    ""Recommendation (clear recommendation)"": ""Makes a clear recommendation. [Rubric: 0 = No recommendation, 1 = Clear recommendation only after extended questioning, 2 = Clear recommendation after minimal questioning, 3 = Clear comprehensive recommendation without questioning]"",
    ""Recommendation (global rating scale)"": ""Global Rating Scale (GRS) - How confident am I that I received an accurate picture of the patient? [Rubric: 0 = Not at all confident, 1 = Confident but required extended questioning, 2 = Confident but required some further questioning, 3 = Confident and required little or no questioning]"",
    ""Comments"": ""Comments on the session. [Open-ended]""
  },
  ""responses"": [
    {
      ""respondent"": ""3"",
      ""answers"": {
        ""Date"": ""2025-03-14"",
        ""SessionName"": ""IV-Hypoglycemia"",
        ""Identification"": 3,
        ""Situation"": 3,
        ""Background (history)"": 2,
        ""Background (examination)"": 2,
        ""Assessment"": 3,
        ""Recommendation (clear recommendation)"": 1,
        ""Recommendation (global rating scale)"": 1,
        ""Comments"": ""Time: (2:36-2:53)\nLate response for considering consultation""
      }
    },
    {
      ""respondent"": ""2"",
      ""answers"": {
        ""Date"": ""2025-03-14"",
        ""SessionName"": ""II-Anaphylaxsis"",
        ""Identification"": 3,
        ""Situation"": 3,
        ""Background (history)"": 2,
        ""Background (examination)"": 2,
        ""Assessment"": 3,
        ""Recommendation (clear recommendation)"": 3,
        ""Recommendation (global rating scale)"": 3,
        ""Comments"": ""Time: (11:43-11:58)\nTalking to registrav could not summarize the condition of patient very clearly\nDID: Sepsis I Anaphylaxsis given by team""
      }
    },
    {
      ""respondent"": ""12"",
      ""answers"": {
        ""Date"": ""2025-05-02"",
        ""SessionName"": ""IV (VT)"",
        ""Identification"": 3,
        ""Situation"": 3,
        ""Background (history)"": 2,
        ""Background (examination)"": -1,
        ""Assessment"": 3,
        ""Recommendation (clear recommendation)"": 2,
        ""Recommendation (global rating scale)"": 3,
        ""Comments"": ""Good""
      }
    }
  ]
}
</questionnaire>

<role>
You are a meticulous data analyst AI. Your primary function is to accurately analyze structured data and provide precise, verifiable answers.
</role>

<output>
Provide your final answer directly and concisely. Output must be the human-readable value, not an option code.

Rules:
- For MCQ fields, map any letter codes in the Responses (case-insensitive) to the corresponding option text from the Questions schema, and output only that text. Do NOT include the letter or both.
  Example: If the schema is ""[MCQ: A. Abnormal B. Inconclusive C. Normal]"" and the response is ""a"", output ""Abnormal"".
- For open-ended fields, output the exact text value.
- If the question asks for a count, provide only the number (e.g., ""42"").
- If the question asks for a list of names or IDs, provide a simple comma-separated list (e.g., ""17, 21, 23"").
- Preserve capitalization exactly as in the schema (e.g., output ""Abnormal"", not ""abnormal"" or ""A"").
</output>

<task>
What is the date for respondent 3?
</task>",,
case_37,answer_lookup,What is the identification score for respondent 23?,"{
  ""questions"": {
    ""Date"": ""What is the date of the session? [Open-ended]"",
    ""SessionName"": ""What is the name of the session? [Open-ended]"",
    ""Identification"": ""Identification of self, role, and patient. [Rubric: 0 = Requires direct prompting, 1 = Introduces themselves but only after a hint, 2 = Introduces themselves but information is incomplete, 3 = Introduces themselves and information is complete]"",
    ""Situation"": ""Identifies the main problem(s). [Rubric: 0 = Unable to identify the main problem(s), 1 = Identifies the main problem(s) after extended prompting, 2 = Identifies the main problem(s) with fewer prompts needed, 3 = Identifies and prioritizes the main problem(s) unprompted]"",
    ""Background (history)"": ""Gives appropriate history. [Rubric: 0 = History is unstructured or non-relevant, 1 = Relevant history but frequent clarification needed, 2 = Relevant history with few further questions needed, 3 = Comprehensive focused history]"",
    ""Background (examination)"": ""Gives appropriate examination/observations. [Rubric: 0 = Observations are omitted or irrelevant, 1 = Observations reported but frequent clarification needed, 2 = Observations reported with few further questions needed, 3 = Comprehensive focused examination/observations]"",
    ""Assessment"": ""Makes logical assessment (correlates problem, history, exam, context). [Rubric: 0 = No logical assessment, 1 = Assessment only after extended questioning, 2 = Assessment after minimal questioning, 3 = Comprehensive logical assessment without questioning]"",
    ""Recommendation (clear recommendation)"": ""Makes a clear recommendation. [Rubric: 0 = No recommendation, 1 = Clear recommendation only after extended questioning, 2 = Clear recommendation after minimal questioning, 3 = Clear comprehensive recommendation without questioning]"",
    ""Recommendation (global rating scale)"": ""Global Rating Scale (GRS) - How confident am I that I received an accurate picture of the patient? [Rubric: 0 = Not at all confident, 1 = Confident but required extended questioning, 2 = Confident but required some further questioning, 3 = Confident and required little or no questioning]"",
    ""Comments"": ""Comments on the session. [Open-ended]""
  },
  ""responses"": [
    {
      ""respondent"": ""23"",
      ""answers"": {
        ""Date"": ""2025-05-16"",
        ""SessionName"": ""I (Myocardial infarction)"",
        ""Identification"": 3,
        ""Situation"": 2,
        ""Background (history)"": 3,
        ""Background (examination)"": 1,
        ""Assessment"": 2,
        ""Recommendation (clear recommendation)"": 3,
        ""Recommendation (global rating scale)"": 3,
        ""Comments"": ""Diagnostic clarity is present\nGood and early assessment of condition is done""
      }
    },
    {
      ""respondent"": ""17"",
      ""answers"": {
        ""Date"": ""2025-05-04"",
        ""SessionName"": ""IV - VT"",
        ""Identification"": 3,
        ""Situation"": 3,
        ""Background (history)"": 2,
        ""Background (examination)"": 2,
        ""Assessment"": 3,
        ""Recommendation (clear recommendation)"": 2,
        ""Recommendation (global rating scale)"": 2,
        ""Comments"": ""Not very concise or clear communication\nSatisfactory""
      }
    },
    {
      ""respondent"": ""15"",
      ""answers"": {
        ""Date"": ""2025-05-04"",
        ""SessionName"": ""III - Sepsis"",
        ""Identification"": 3,
        ""Situation"": 3,
        ""Background (history)"": 2,
        ""Background (examination)"": 3,
        ""Assessment"": 2,
        ""Recommendation (clear recommendation)"": 2,
        ""Recommendation (global rating scale)"": 2,
        ""Comments"": ""Detailed Response - clear communication""
      }
    }
  ]
}",3,"<example>
What is the session name for respondent 21?

DATA:

{
  ""questions"": {
    ""Date"": ""What is the date of the session? [Open-ended]"",
    ""SessionName"": ""What is the name of the session? [Open-ended]"",
    ""Identification"": ""Identification of self, role, and patient. [Rubric: 0 = Requires direct prompting, 1 = Introduces themselves but only after a hint, 2 = Introduces themselves but information is incomplete, 3 = Introduces themselves and information is complete]"",
    ""Situation"": ""Identifies the main problem(s). [Rubric: 0 = Unable to identify the main problem(s), 1 = Identifies the main problem(s) after extended prompting, 2 = Identifies the main problem(s) with fewer prompts needed, 3 = Identifies and prioritizes the main problem(s) unprompted]"",
    ""Background (history)"": ""Gives appropriate history. [Rubric: 0 = History is unstructured or non-relevant, 1 = Relevant history but frequent clarification needed, 2 = Relevant history with few further questions needed, 3 = Comprehensive focused history]"",
    ""Background (examination)"": ""Gives appropriate examination/observations. [Rubric: 0 = Observations are omitted or irrelevant, 1 = Observations reported but frequent clarification needed, 2 = Observations reported with few further questions needed, 3 = Comprehensive focused examination/observations]"",
    ""Assessment"": ""Makes logical assessment (correlates problem, history, exam, context). [Rubric: 0 = No logical assessment, 1 = Assessment only after extended questioning, 2 = Assessment after minimal questioning, 3 = Comprehensive logical assessment without questioning]"",
    ""Recommendation (clear recommendation)"": ""Makes a clear recommendation. [Rubric: 0 = No recommendation, 1 = Clear recommendation only after extended questioning, 2 = Clear recommendation after minimal questioning, 3 = Clear comprehensive recommendation without questioning]"",
    ""Recommendation (global rating scale)"": ""Global Rating Scale (GRS) - How confident am I that I received an accurate picture of the patient? [Rubric: 0 = Not at all confident, 1 = Confident but required extended questioning, 2 = Confident but required some further questioning, 3 = Confident and required little or no questioning]"",
    ""Comments"": ""Comments on the session. [Open-ended]""
  },
  ""responses"": [
    {
      ""respondent"": ""21"",
      ""answers"": {
        ""Date"": ""2025-05-16"",
        ""SessionName"": ""II (Anaphylaxsis)"",
        ""Identification"": 3,
        ""Situation"": 3,
        ""Background (history)"": 2,
        ""Background (examination)"": 2,
        ""Assessment"": 2,
        ""Recommendation (clear recommendation)"": 3,
        ""Recommendation (global rating scale)"": 2,
        ""Comments"": ""Overall a bit unclear communication reflected""
      }
    },
    {
      ""respondent"": ""17"",
      ""answers"": {
        ""Date"": ""2025-05-04"",
        ""SessionName"": ""IV - VT"",
        ""Identification"": 3,
        ""Situation"": 3,
        ""Background (history)"": 2,
        ""Background (examination)"": 2,
        ""Assessment"": 3,
        ""Recommendation (clear recommendation)"": 2,
        ""Recommendation (global rating scale)"": 2,
        ""Comments"": ""Not very concise or clear communication\nSatisfactory""
      }
    },
    {
      ""respondent"": ""23"",
      ""answers"": {
        ""Date"": ""2025-05-16"",
        ""SessionName"": ""I (Myocardial infarction)"",
        ""Identification"": 3,
        ""Situation"": 2,
        ""Background (history)"": 3,
        ""Background (examination)"": 1,
        ""Assessment"": 2,
        ""Recommendation (clear recommendation)"": 3,
        ""Recommendation (global rating scale)"": 3,
        ""Comments"": ""Diagnostic clarity is present\nGood and early assessment of condition is done""
      }
    }
  ]
}

Answer: II (Anaphylaxsis)
</example>

<questionnaire>
{
  ""questions"": {
    ""Date"": ""What is the date of the session? [Open-ended]"",
    ""SessionName"": ""What is the name of the session? [Open-ended]"",
    ""Identification"": ""Identification of self, role, and patient. [Rubric: 0 = Requires direct prompting, 1 = Introduces themselves but only after a hint, 2 = Introduces themselves but information is incomplete, 3 = Introduces themselves and information is complete]"",
    ""Situation"": ""Identifies the main problem(s). [Rubric: 0 = Unable to identify the main problem(s), 1 = Identifies the main problem(s) after extended prompting, 2 = Identifies the main problem(s) with fewer prompts needed, 3 = Identifies and prioritizes the main problem(s) unprompted]"",
    ""Background (history)"": ""Gives appropriate history. [Rubric: 0 = History is unstructured or non-relevant, 1 = Relevant history but frequent clarification needed, 2 = Relevant history with few further questions needed, 3 = Comprehensive focused history]"",
    ""Background (examination)"": ""Gives appropriate examination/observations. [Rubric: 0 = Observations are omitted or irrelevant, 1 = Observations reported but frequent clarification needed, 2 = Observations reported with few further questions needed, 3 = Comprehensive focused examination/observations]"",
    ""Assessment"": ""Makes logical assessment (correlates problem, history, exam, context). [Rubric: 0 = No logical assessment, 1 = Assessment only after extended questioning, 2 = Assessment after minimal questioning, 3 = Comprehensive logical assessment without questioning]"",
    ""Recommendation (clear recommendation)"": ""Makes a clear recommendation. [Rubric: 0 = No recommendation, 1 = Clear recommendation only after extended questioning, 2 = Clear recommendation after minimal questioning, 3 = Clear comprehensive recommendation without questioning]"",
    ""Recommendation (global rating scale)"": ""Global Rating Scale (GRS) - How confident am I that I received an accurate picture of the patient? [Rubric: 0 = Not at all confident, 1 = Confident but required extended questioning, 2 = Confident but required some further questioning, 3 = Confident and required little or no questioning]"",
    ""Comments"": ""Comments on the session. [Open-ended]""
  },
  ""responses"": [
    {
      ""respondent"": ""23"",
      ""answers"": {
        ""Date"": ""2025-05-16"",
        ""SessionName"": ""I (Myocardial infarction)"",
        ""Identification"": 3,
        ""Situation"": 2,
        ""Background (history)"": 3,
        ""Background (examination)"": 1,
        ""Assessment"": 2,
        ""Recommendation (clear recommendation)"": 3,
        ""Recommendation (global rating scale)"": 3,
        ""Comments"": ""Diagnostic clarity is present\nGood and early assessment of condition is done""
      }
    },
    {
      ""respondent"": ""17"",
      ""answers"": {
        ""Date"": ""2025-05-04"",
        ""SessionName"": ""IV - VT"",
        ""Identification"": 3,
        ""Situation"": 3,
        ""Background (history)"": 2,
        ""Background (examination)"": 2,
        ""Assessment"": 3,
        ""Recommendation (clear recommendation)"": 2,
        ""Recommendation (global rating scale)"": 2,
        ""Comments"": ""Not very concise or clear communication\nSatisfactory""
      }
    },
    {
      ""respondent"": ""15"",
      ""answers"": {
        ""Date"": ""2025-05-04"",
        ""SessionName"": ""III - Sepsis"",
        ""Identification"": 3,
        ""Situation"": 3,
        ""Background (history)"": 2,
        ""Background (examination)"": 3,
        ""Assessment"": 2,
        ""Recommendation (clear recommendation)"": 2,
        ""Recommendation (global rating scale)"": 2,
        ""Comments"": ""Detailed Response - clear communication""
      }
    }
  ]
}
</questionnaire>

<role>
You are a meticulous data analyst AI. Your primary function is to accurately analyze structured data and provide precise, verifiable answers.
</role>

<output>
Provide your final answer directly and concisely. Output must be the human-readable value, not an option code.

Rules:
- For MCQ fields, map any letter codes in the Responses (case-insensitive) to the corresponding option text from the Questions schema, and output only that text. Do NOT include the letter or both.
  Example: If the schema is ""[MCQ: A. Abnormal B. Inconclusive C. Normal]"" and the response is ""a"", output ""Abnormal"".
- For open-ended fields, output the exact text value.
- If the question asks for a count, provide only the number (e.g., ""42"").
- If the question asks for a list of names or IDs, provide a simple comma-separated list (e.g., ""17, 21, 23"").
- Preserve capitalization exactly as in the schema (e.g., output ""Abnormal"", not ""abnormal"" or ""A"").
</output>

<task>
What is the identification score for respondent 23?
</task>",,
case_38,answer_lookup,What is the global rating score for respondent 14?,"{
  ""questions"": {
    ""Date"": ""What is the date of the session? [Open-ended]"",
    ""SessionName"": ""What is the name of the session? [Open-ended]"",
    ""Identification"": ""Identification of self, role, and patient. [Rubric: 0 = Requires direct prompting, 1 = Introduces themselves but only after a hint, 2 = Introduces themselves but information is incomplete, 3 = Introduces themselves and information is complete]"",
    ""Situation"": ""Identifies the main problem(s). [Rubric: 0 = Unable to identify the main problem(s), 1 = Identifies the main problem(s) after extended prompting, 2 = Identifies the main problem(s) with fewer prompts needed, 3 = Identifies and prioritizes the main problem(s) unprompted]"",
    ""Background (history)"": ""Gives appropriate history. [Rubric: 0 = History is unstructured or non-relevant, 1 = Relevant history but frequent clarification needed, 2 = Relevant history with few further questions needed, 3 = Comprehensive focused history]"",
    ""Background (examination)"": ""Gives appropriate examination/observations. [Rubric: 0 = Observations are omitted or irrelevant, 1 = Observations reported but frequent clarification needed, 2 = Observations reported with few further questions needed, 3 = Comprehensive focused examination/observations]"",
    ""Assessment"": ""Makes logical assessment (correlates problem, history, exam, context). [Rubric: 0 = No logical assessment, 1 = Assessment only after extended questioning, 2 = Assessment after minimal questioning, 3 = Comprehensive logical assessment without questioning]"",
    ""Recommendation (clear recommendation)"": ""Makes a clear recommendation. [Rubric: 0 = No recommendation, 1 = Clear recommendation only after extended questioning, 2 = Clear recommendation after minimal questioning, 3 = Clear comprehensive recommendation without questioning]"",
    ""Recommendation (global rating scale)"": ""Global Rating Scale (GRS) - How confident am I that I received an accurate picture of the patient? [Rubric: 0 = Not at all confident, 1 = Confident but required extended questioning, 2 = Confident but required some further questioning, 3 = Confident and required little or no questioning]"",
    ""Comments"": ""Comments on the session. [Open-ended]""
  },
  ""responses"": [
    {
      ""respondent"": ""14"",
      ""answers"": {
        ""Date"": ""2025-05-02"",
        ""SessionName"": ""V (Hypoglycemia)"",
        ""Identification"": 3,
        ""Situation"": 2,
        ""Background (history)"": 2,
        ""Background (examination)"": 2,
        ""Assessment"": 3,
        ""Recommendation (clear recommendation)"": 2,
        ""Recommendation (global rating scale)"": 3,
        ""Comments"": ""Satisfactory""
      }
    },
    {
      ""respondent"": ""15"",
      ""answers"": {
        ""Date"": ""2025-05-04"",
        ""SessionName"": ""III - Sepsis"",
        ""Identification"": 3,
        ""Situation"": 3,
        ""Background (history)"": 2,
        ""Background (examination)"": 3,
        ""Assessment"": 2,
        ""Recommendation (clear recommendation)"": 2,
        ""Recommendation (global rating scale)"": 2,
        ""Comments"": ""Detailed Response - clear communication""
      }
    },
    {
      ""respondent"": ""12"",
      ""answers"": {
        ""Date"": ""2025-05-02"",
        ""SessionName"": ""IV (VT)"",
        ""Identification"": 3,
        ""Situation"": 3,
        ""Background (history)"": 2,
        ""Background (examination)"": -1,
        ""Assessment"": 3,
        ""Recommendation (clear recommendation)"": 2,
        ""Recommendation (global rating scale)"": 3,
        ""Comments"": ""Good""
      }
    }
  ]
}",3,"<example>
What is the session name for respondent 21?

DATA:

{
  ""questions"": {
    ""Date"": ""What is the date of the session? [Open-ended]"",
    ""SessionName"": ""What is the name of the session? [Open-ended]"",
    ""Identification"": ""Identification of self, role, and patient. [Rubric: 0 = Requires direct prompting, 1 = Introduces themselves but only after a hint, 2 = Introduces themselves but information is incomplete, 3 = Introduces themselves and information is complete]"",
    ""Situation"": ""Identifies the main problem(s). [Rubric: 0 = Unable to identify the main problem(s), 1 = Identifies the main problem(s) after extended prompting, 2 = Identifies the main problem(s) with fewer prompts needed, 3 = Identifies and prioritizes the main problem(s) unprompted]"",
    ""Background (history)"": ""Gives appropriate history. [Rubric: 0 = History is unstructured or non-relevant, 1 = Relevant history but frequent clarification needed, 2 = Relevant history with few further questions needed, 3 = Comprehensive focused history]"",
    ""Background (examination)"": ""Gives appropriate examination/observations. [Rubric: 0 = Observations are omitted or irrelevant, 1 = Observations reported but frequent clarification needed, 2 = Observations reported with few further questions needed, 3 = Comprehensive focused examination/observations]"",
    ""Assessment"": ""Makes logical assessment (correlates problem, history, exam, context). [Rubric: 0 = No logical assessment, 1 = Assessment only after extended questioning, 2 = Assessment after minimal questioning, 3 = Comprehensive logical assessment without questioning]"",
    ""Recommendation (clear recommendation)"": ""Makes a clear recommendation. [Rubric: 0 = No recommendation, 1 = Clear recommendation only after extended questioning, 2 = Clear recommendation after minimal questioning, 3 = Clear comprehensive recommendation without questioning]"",
    ""Recommendation (global rating scale)"": ""Global Rating Scale (GRS) - How confident am I that I received an accurate picture of the patient? [Rubric: 0 = Not at all confident, 1 = Confident but required extended questioning, 2 = Confident but required some further questioning, 3 = Confident and required little or no questioning]"",
    ""Comments"": ""Comments on the session. [Open-ended]""
  },
  ""responses"": [
    {
      ""respondent"": ""21"",
      ""answers"": {
        ""Date"": ""2025-05-16"",
        ""SessionName"": ""II (Anaphylaxsis)"",
        ""Identification"": 3,
        ""Situation"": 3,
        ""Background (history)"": 2,
        ""Background (examination)"": 2,
        ""Assessment"": 2,
        ""Recommendation (clear recommendation)"": 3,
        ""Recommendation (global rating scale)"": 2,
        ""Comments"": ""Overall a bit unclear communication reflected""
      }
    },
    {
      ""respondent"": ""17"",
      ""answers"": {
        ""Date"": ""2025-05-04"",
        ""SessionName"": ""IV - VT"",
        ""Identification"": 3,
        ""Situation"": 3,
        ""Background (history)"": 2,
        ""Background (examination)"": 2,
        ""Assessment"": 3,
        ""Recommendation (clear recommendation)"": 2,
        ""Recommendation (global rating scale)"": 2,
        ""Comments"": ""Not very concise or clear communication\nSatisfactory""
      }
    },
    {
      ""respondent"": ""23"",
      ""answers"": {
        ""Date"": ""2025-05-16"",
        ""SessionName"": ""I (Myocardial infarction)"",
        ""Identification"": 3,
        ""Situation"": 2,
        ""Background (history)"": 3,
        ""Background (examination)"": 1,
        ""Assessment"": 2,
        ""Recommendation (clear recommendation)"": 3,
        ""Recommendation (global rating scale)"": 3,
        ""Comments"": ""Diagnostic clarity is present\nGood and early assessment of condition is done""
      }
    }
  ]
}

Answer: II (Anaphylaxsis)
</example>

<questionnaire>
{
  ""questions"": {
    ""Date"": ""What is the date of the session? [Open-ended]"",
    ""SessionName"": ""What is the name of the session? [Open-ended]"",
    ""Identification"": ""Identification of self, role, and patient. [Rubric: 0 = Requires direct prompting, 1 = Introduces themselves but only after a hint, 2 = Introduces themselves but information is incomplete, 3 = Introduces themselves and information is complete]"",
    ""Situation"": ""Identifies the main problem(s). [Rubric: 0 = Unable to identify the main problem(s), 1 = Identifies the main problem(s) after extended prompting, 2 = Identifies the main problem(s) with fewer prompts needed, 3 = Identifies and prioritizes the main problem(s) unprompted]"",
    ""Background (history)"": ""Gives appropriate history. [Rubric: 0 = History is unstructured or non-relevant, 1 = Relevant history but frequent clarification needed, 2 = Relevant history with few further questions needed, 3 = Comprehensive focused history]"",
    ""Background (examination)"": ""Gives appropriate examination/observations. [Rubric: 0 = Observations are omitted or irrelevant, 1 = Observations reported but frequent clarification needed, 2 = Observations reported with few further questions needed, 3 = Comprehensive focused examination/observations]"",
    ""Assessment"": ""Makes logical assessment (correlates problem, history, exam, context). [Rubric: 0 = No logical assessment, 1 = Assessment only after extended questioning, 2 = Assessment after minimal questioning, 3 = Comprehensive logical assessment without questioning]"",
    ""Recommendation (clear recommendation)"": ""Makes a clear recommendation. [Rubric: 0 = No recommendation, 1 = Clear recommendation only after extended questioning, 2 = Clear recommendation after minimal questioning, 3 = Clear comprehensive recommendation without questioning]"",
    ""Recommendation (global rating scale)"": ""Global Rating Scale (GRS) - How confident am I that I received an accurate picture of the patient? [Rubric: 0 = Not at all confident, 1 = Confident but required extended questioning, 2 = Confident but required some further questioning, 3 = Confident and required little or no questioning]"",
    ""Comments"": ""Comments on the session. [Open-ended]""
  },
  ""responses"": [
    {
      ""respondent"": ""14"",
      ""answers"": {
        ""Date"": ""2025-05-02"",
        ""SessionName"": ""V (Hypoglycemia)"",
        ""Identification"": 3,
        ""Situation"": 2,
        ""Background (history)"": 2,
        ""Background (examination)"": 2,
        ""Assessment"": 3,
        ""Recommendation (clear recommendation)"": 2,
        ""Recommendation (global rating scale)"": 3,
        ""Comments"": ""Satisfactory""
      }
    },
    {
      ""respondent"": ""15"",
      ""answers"": {
        ""Date"": ""2025-05-04"",
        ""SessionName"": ""III - Sepsis"",
        ""Identification"": 3,
        ""Situation"": 3,
        ""Background (history)"": 2,
        ""Background (examination)"": 3,
        ""Assessment"": 2,
        ""Recommendation (clear recommendation)"": 2,
        ""Recommendation (global rating scale)"": 2,
        ""Comments"": ""Detailed Response - clear communication""
      }
    },
    {
      ""respondent"": ""12"",
      ""answers"": {
        ""Date"": ""2025-05-02"",
        ""SessionName"": ""IV (VT)"",
        ""Identification"": 3,
        ""Situation"": 3,
        ""Background (history)"": 2,
        ""Background (examination)"": -1,
        ""Assessment"": 3,
        ""Recommendation (clear recommendation)"": 2,
        ""Recommendation (global rating scale)"": 3,
        ""Comments"": ""Good""
      }
    }
  ]
}
</questionnaire>

<role>
You are a meticulous data analyst AI. Your primary function is to accurately analyze structured data and provide precise, verifiable answers.
</role>

<output>
Provide your final answer directly and concisely. Output must be the human-readable value, not an option code.

Rules:
- For MCQ fields, map any letter codes in the Responses (case-insensitive) to the corresponding option text from the Questions schema, and output only that text. Do NOT include the letter or both.
  Example: If the schema is ""[MCQ: A. Abnormal B. Inconclusive C. Normal]"" and the response is ""a"", output ""Abnormal"".
- For open-ended fields, output the exact text value.
- If the question asks for a count, provide only the number (e.g., ""42"").
- If the question asks for a list of names or IDs, provide a simple comma-separated list (e.g., ""17, 21, 23"").
- Preserve capitalization exactly as in the schema (e.g., output ""Abnormal"", not ""abnormal"" or ""A"").
</output>

<task>
What is the global rating score for respondent 14?
</task>",,
case_39,answer_lookup,What is the identification score for respondent 19?,"{
  ""questions"": {
    ""Date"": ""What is the date of the session? [Open-ended]"",
    ""SessionName"": ""What is the name of the session? [Open-ended]"",
    ""Identification"": ""Identification of self, role, and patient. [Rubric: 0 = Requires direct prompting, 1 = Introduces themselves but only after a hint, 2 = Introduces themselves but information is incomplete, 3 = Introduces themselves and information is complete]"",
    ""Situation"": ""Identifies the main problem(s). [Rubric: 0 = Unable to identify the main problem(s), 1 = Identifies the main problem(s) after extended prompting, 2 = Identifies the main problem(s) with fewer prompts needed, 3 = Identifies and prioritizes the main problem(s) unprompted]"",
    ""Background (history)"": ""Gives appropriate history. [Rubric: 0 = History is unstructured or non-relevant, 1 = Relevant history but frequent clarification needed, 2 = Relevant history with few further questions needed, 3 = Comprehensive focused history]"",
    ""Background (examination)"": ""Gives appropriate examination/observations. [Rubric: 0 = Observations are omitted or irrelevant, 1 = Observations reported but frequent clarification needed, 2 = Observations reported with few further questions needed, 3 = Comprehensive focused examination/observations]"",
    ""Assessment"": ""Makes logical assessment (correlates problem, history, exam, context). [Rubric: 0 = No logical assessment, 1 = Assessment only after extended questioning, 2 = Assessment after minimal questioning, 3 = Comprehensive logical assessment without questioning]"",
    ""Recommendation (clear recommendation)"": ""Makes a clear recommendation. [Rubric: 0 = No recommendation, 1 = Clear recommendation only after extended questioning, 2 = Clear recommendation after minimal questioning, 3 = Clear comprehensive recommendation without questioning]"",
    ""Recommendation (global rating scale)"": ""Global Rating Scale (GRS) - How confident am I that I received an accurate picture of the patient? [Rubric: 0 = Not at all confident, 1 = Confident but required extended questioning, 2 = Confident but required some further questioning, 3 = Confident and required little or no questioning]"",
    ""Comments"": ""Comments on the session. [Open-ended]""
  },
  ""responses"": [
    {
      ""respondent"": ""19"",
      ""answers"": {
        ""Date"": ""2025-05-04"",
        ""SessionName"": ""V (Hypoglycemia)"",
        ""Identification"": 3,
        ""Situation"": 3,
        ""Background (history)"": 3,
        ""Background (examination)"": 3,
        ""Assessment"": 3,
        ""Recommendation (clear recommendation)"": 3,
        ""Recommendation (global rating scale)"": 2,
        ""Comments"": ""Concise - clear\nSatisfactory""
      }
    },
    {
      ""respondent"": ""3"",
      ""answers"": {
        ""Date"": ""2025-03-14"",
        ""SessionName"": ""IV-Hypoglycemia"",
        ""Identification"": 3,
        ""Situation"": 3,
        ""Background (history)"": 2,
        ""Background (examination)"": 2,
        ""Assessment"": 3,
        ""Recommendation (clear recommendation)"": 1,
        ""Recommendation (global rating scale)"": 1,
        ""Comments"": ""Time: (2:36-2:53)\nLate response for considering consultation""
      }
    },
    {
      ""respondent"": ""21"",
      ""answers"": {
        ""Date"": ""2025-05-16"",
        ""SessionName"": ""II (Anaphylaxsis)"",
        ""Identification"": 3,
        ""Situation"": 3,
        ""Background (history)"": 2,
        ""Background (examination)"": 2,
        ""Assessment"": 2,
        ""Recommendation (clear recommendation)"": 3,
        ""Recommendation (global rating scale)"": 2,
        ""Comments"": ""Overall a bit unclear communication reflected""
      }
    }
  ]
}",3,"<example>
What is the session name for respondent 21?

DATA:

{
  ""questions"": {
    ""Date"": ""What is the date of the session? [Open-ended]"",
    ""SessionName"": ""What is the name of the session? [Open-ended]"",
    ""Identification"": ""Identification of self, role, and patient. [Rubric: 0 = Requires direct prompting, 1 = Introduces themselves but only after a hint, 2 = Introduces themselves but information is incomplete, 3 = Introduces themselves and information is complete]"",
    ""Situation"": ""Identifies the main problem(s). [Rubric: 0 = Unable to identify the main problem(s), 1 = Identifies the main problem(s) after extended prompting, 2 = Identifies the main problem(s) with fewer prompts needed, 3 = Identifies and prioritizes the main problem(s) unprompted]"",
    ""Background (history)"": ""Gives appropriate history. [Rubric: 0 = History is unstructured or non-relevant, 1 = Relevant history but frequent clarification needed, 2 = Relevant history with few further questions needed, 3 = Comprehensive focused history]"",
    ""Background (examination)"": ""Gives appropriate examination/observations. [Rubric: 0 = Observations are omitted or irrelevant, 1 = Observations reported but frequent clarification needed, 2 = Observations reported with few further questions needed, 3 = Comprehensive focused examination/observations]"",
    ""Assessment"": ""Makes logical assessment (correlates problem, history, exam, context). [Rubric: 0 = No logical assessment, 1 = Assessment only after extended questioning, 2 = Assessment after minimal questioning, 3 = Comprehensive logical assessment without questioning]"",
    ""Recommendation (clear recommendation)"": ""Makes a clear recommendation. [Rubric: 0 = No recommendation, 1 = Clear recommendation only after extended questioning, 2 = Clear recommendation after minimal questioning, 3 = Clear comprehensive recommendation without questioning]"",
    ""Recommendation (global rating scale)"": ""Global Rating Scale (GRS) - How confident am I that I received an accurate picture of the patient? [Rubric: 0 = Not at all confident, 1 = Confident but required extended questioning, 2 = Confident but required some further questioning, 3 = Confident and required little or no questioning]"",
    ""Comments"": ""Comments on the session. [Open-ended]""
  },
  ""responses"": [
    {
      ""respondent"": ""21"",
      ""answers"": {
        ""Date"": ""2025-05-16"",
        ""SessionName"": ""II (Anaphylaxsis)"",
        ""Identification"": 3,
        ""Situation"": 3,
        ""Background (history)"": 2,
        ""Background (examination)"": 2,
        ""Assessment"": 2,
        ""Recommendation (clear recommendation)"": 3,
        ""Recommendation (global rating scale)"": 2,
        ""Comments"": ""Overall a bit unclear communication reflected""
      }
    },
    {
      ""respondent"": ""17"",
      ""answers"": {
        ""Date"": ""2025-05-04"",
        ""SessionName"": ""IV - VT"",
        ""Identification"": 3,
        ""Situation"": 3,
        ""Background (history)"": 2,
        ""Background (examination)"": 2,
        ""Assessment"": 3,
        ""Recommendation (clear recommendation)"": 2,
        ""Recommendation (global rating scale)"": 2,
        ""Comments"": ""Not very concise or clear communication\nSatisfactory""
      }
    },
    {
      ""respondent"": ""23"",
      ""answers"": {
        ""Date"": ""2025-05-16"",
        ""SessionName"": ""I (Myocardial infarction)"",
        ""Identification"": 3,
        ""Situation"": 2,
        ""Background (history)"": 3,
        ""Background (examination)"": 1,
        ""Assessment"": 2,
        ""Recommendation (clear recommendation)"": 3,
        ""Recommendation (global rating scale)"": 3,
        ""Comments"": ""Diagnostic clarity is present\nGood and early assessment of condition is done""
      }
    }
  ]
}

Answer: II (Anaphylaxsis)
</example>

<questionnaire>
{
  ""questions"": {
    ""Date"": ""What is the date of the session? [Open-ended]"",
    ""SessionName"": ""What is the name of the session? [Open-ended]"",
    ""Identification"": ""Identification of self, role, and patient. [Rubric: 0 = Requires direct prompting, 1 = Introduces themselves but only after a hint, 2 = Introduces themselves but information is incomplete, 3 = Introduces themselves and information is complete]"",
    ""Situation"": ""Identifies the main problem(s). [Rubric: 0 = Unable to identify the main problem(s), 1 = Identifies the main problem(s) after extended prompting, 2 = Identifies the main problem(s) with fewer prompts needed, 3 = Identifies and prioritizes the main problem(s) unprompted]"",
    ""Background (history)"": ""Gives appropriate history. [Rubric: 0 = History is unstructured or non-relevant, 1 = Relevant history but frequent clarification needed, 2 = Relevant history with few further questions needed, 3 = Comprehensive focused history]"",
    ""Background (examination)"": ""Gives appropriate examination/observations. [Rubric: 0 = Observations are omitted or irrelevant, 1 = Observations reported but frequent clarification needed, 2 = Observations reported with few further questions needed, 3 = Comprehensive focused examination/observations]"",
    ""Assessment"": ""Makes logical assessment (correlates problem, history, exam, context). [Rubric: 0 = No logical assessment, 1 = Assessment only after extended questioning, 2 = Assessment after minimal questioning, 3 = Comprehensive logical assessment without questioning]"",
    ""Recommendation (clear recommendation)"": ""Makes a clear recommendation. [Rubric: 0 = No recommendation, 1 = Clear recommendation only after extended questioning, 2 = Clear recommendation after minimal questioning, 3 = Clear comprehensive recommendation without questioning]"",
    ""Recommendation (global rating scale)"": ""Global Rating Scale (GRS) - How confident am I that I received an accurate picture of the patient? [Rubric: 0 = Not at all confident, 1 = Confident but required extended questioning, 2 = Confident but required some further questioning, 3 = Confident and required little or no questioning]"",
    ""Comments"": ""Comments on the session. [Open-ended]""
  },
  ""responses"": [
    {
      ""respondent"": ""19"",
      ""answers"": {
        ""Date"": ""2025-05-04"",
        ""SessionName"": ""V (Hypoglycemia)"",
        ""Identification"": 3,
        ""Situation"": 3,
        ""Background (history)"": 3,
        ""Background (examination)"": 3,
        ""Assessment"": 3,
        ""Recommendation (clear recommendation)"": 3,
        ""Recommendation (global rating scale)"": 2,
        ""Comments"": ""Concise - clear\nSatisfactory""
      }
    },
    {
      ""respondent"": ""3"",
      ""answers"": {
        ""Date"": ""2025-03-14"",
        ""SessionName"": ""IV-Hypoglycemia"",
        ""Identification"": 3,
        ""Situation"": 3,
        ""Background (history)"": 2,
        ""Background (examination)"": 2,
        ""Assessment"": 3,
        ""Recommendation (clear recommendation)"": 1,
        ""Recommendation (global rating scale)"": 1,
        ""Comments"": ""Time: (2:36-2:53)\nLate response for considering consultation""
      }
    },
    {
      ""respondent"": ""21"",
      ""answers"": {
        ""Date"": ""2025-05-16"",
        ""SessionName"": ""II (Anaphylaxsis)"",
        ""Identification"": 3,
        ""Situation"": 3,
        ""Background (history)"": 2,
        ""Background (examination)"": 2,
        ""Assessment"": 2,
        ""Recommendation (clear recommendation)"": 3,
        ""Recommendation (global rating scale)"": 2,
        ""Comments"": ""Overall a bit unclear communication reflected""
      }
    }
  ]
}
</questionnaire>

<role>
You are a meticulous data analyst AI. Your primary function is to accurately analyze structured data and provide precise, verifiable answers.
</role>

<output>
Provide your final answer directly and concisely. Output must be the human-readable value, not an option code.

Rules:
- For MCQ fields, map any letter codes in the Responses (case-insensitive) to the corresponding option text from the Questions schema, and output only that text. Do NOT include the letter or both.
  Example: If the schema is ""[MCQ: A. Abnormal B. Inconclusive C. Normal]"" and the response is ""a"", output ""Abnormal"".
- For open-ended fields, output the exact text value.
- If the question asks for a count, provide only the number (e.g., ""42"").
- If the question asks for a list of names or IDs, provide a simple comma-separated list (e.g., ""17, 21, 23"").
- Preserve capitalization exactly as in the schema (e.g., output ""Abnormal"", not ""abnormal"" or ""A"").
</output>

<task>
What is the identification score for respondent 19?
</task>",,
case_40,answer_lookup,What is the session name for respondent 9?,"{
  ""questions"": {
    ""Date"": ""What is the date of the session? [Open-ended]"",
    ""SessionName"": ""What is the name of the session? [Open-ended]"",
    ""Identification"": ""Identification of self, role, and patient. [Rubric: 0 = Requires direct prompting, 1 = Introduces themselves but only after a hint, 2 = Introduces themselves but information is incomplete, 3 = Introduces themselves and information is complete]"",
    ""Situation"": ""Identifies the main problem(s). [Rubric: 0 = Unable to identify the main problem(s), 1 = Identifies the main problem(s) after extended prompting, 2 = Identifies the main problem(s) with fewer prompts needed, 3 = Identifies and prioritizes the main problem(s) unprompted]"",
    ""Background (history)"": ""Gives appropriate history. [Rubric: 0 = History is unstructured or non-relevant, 1 = Relevant history but frequent clarification needed, 2 = Relevant history with few further questions needed, 3 = Comprehensive focused history]"",
    ""Background (examination)"": ""Gives appropriate examination/observations. [Rubric: 0 = Observations are omitted or irrelevant, 1 = Observations reported but frequent clarification needed, 2 = Observations reported with few further questions needed, 3 = Comprehensive focused examination/observations]"",
    ""Assessment"": ""Makes logical assessment (correlates problem, history, exam, context). [Rubric: 0 = No logical assessment, 1 = Assessment only after extended questioning, 2 = Assessment after minimal questioning, 3 = Comprehensive logical assessment without questioning]"",
    ""Recommendation (clear recommendation)"": ""Makes a clear recommendation. [Rubric: 0 = No recommendation, 1 = Clear recommendation only after extended questioning, 2 = Clear recommendation after minimal questioning, 3 = Clear comprehensive recommendation without questioning]"",
    ""Recommendation (global rating scale)"": ""Global Rating Scale (GRS) - How confident am I that I received an accurate picture of the patient? [Rubric: 0 = Not at all confident, 1 = Confident but required extended questioning, 2 = Confident but required some further questioning, 3 = Confident and required little or no questioning]"",
    ""Comments"": ""Comments on the session. [Open-ended]""
  },
  ""responses"": [
    {
      ""respondent"": ""9"",
      ""answers"": {
        ""Date"": ""2025-04-04"",
        ""SessionName"": ""MI"",
        ""Identification"": 2,
        ""Situation"": 3,
        ""Background (history)"": 2,
        ""Background (examination)"": 3,
        ""Assessment"": 3,
        ""Recommendation (clear recommendation)"": 2,
        ""Recommendation (global rating scale)"": 2,
        ""Comments"": """"
      }
    },
    {
      ""respondent"": ""3"",
      ""answers"": {
        ""Date"": ""2025-03-14"",
        ""SessionName"": ""IV-Hypoglycemia"",
        ""Identification"": 3,
        ""Situation"": 3,
        ""Background (history)"": 2,
        ""Background (examination)"": 2,
        ""Assessment"": 3,
        ""Recommendation (clear recommendation)"": 1,
        ""Recommendation (global rating scale)"": 1,
        ""Comments"": ""Time: (2:36-2:53)\nLate response for considering consultation""
      }
    },
    {
      ""respondent"": ""10"",
      ""answers"": {
        ""Date"": ""2025-05-02"",
        ""SessionName"": ""III (Sepsis)"",
        ""Identification"": 3,
        ""Situation"": 3,
        ""Background (history)"": 3,
        ""Background (examination)"": 2,
        ""Assessment"": 2,
        ""Recommendation (clear recommendation)"": 2,
        ""Recommendation (global rating scale)"": 3,
        ""Comments"": ""Clear communication during handover\nGood""
      }
    }
  ]
}",MI,"<example>
What is the session name for respondent 21?

DATA:

{
  ""questions"": {
    ""Date"": ""What is the date of the session? [Open-ended]"",
    ""SessionName"": ""What is the name of the session? [Open-ended]"",
    ""Identification"": ""Identification of self, role, and patient. [Rubric: 0 = Requires direct prompting, 1 = Introduces themselves but only after a hint, 2 = Introduces themselves but information is incomplete, 3 = Introduces themselves and information is complete]"",
    ""Situation"": ""Identifies the main problem(s). [Rubric: 0 = Unable to identify the main problem(s), 1 = Identifies the main problem(s) after extended prompting, 2 = Identifies the main problem(s) with fewer prompts needed, 3 = Identifies and prioritizes the main problem(s) unprompted]"",
    ""Background (history)"": ""Gives appropriate history. [Rubric: 0 = History is unstructured or non-relevant, 1 = Relevant history but frequent clarification needed, 2 = Relevant history with few further questions needed, 3 = Comprehensive focused history]"",
    ""Background (examination)"": ""Gives appropriate examination/observations. [Rubric: 0 = Observations are omitted or irrelevant, 1 = Observations reported but frequent clarification needed, 2 = Observations reported with few further questions needed, 3 = Comprehensive focused examination/observations]"",
    ""Assessment"": ""Makes logical assessment (correlates problem, history, exam, context). [Rubric: 0 = No logical assessment, 1 = Assessment only after extended questioning, 2 = Assessment after minimal questioning, 3 = Comprehensive logical assessment without questioning]"",
    ""Recommendation (clear recommendation)"": ""Makes a clear recommendation. [Rubric: 0 = No recommendation, 1 = Clear recommendation only after extended questioning, 2 = Clear recommendation after minimal questioning, 3 = Clear comprehensive recommendation without questioning]"",
    ""Recommendation (global rating scale)"": ""Global Rating Scale (GRS) - How confident am I that I received an accurate picture of the patient? [Rubric: 0 = Not at all confident, 1 = Confident but required extended questioning, 2 = Confident but required some further questioning, 3 = Confident and required little or no questioning]"",
    ""Comments"": ""Comments on the session. [Open-ended]""
  },
  ""responses"": [
    {
      ""respondent"": ""21"",
      ""answers"": {
        ""Date"": ""2025-05-16"",
        ""SessionName"": ""II (Anaphylaxsis)"",
        ""Identification"": 3,
        ""Situation"": 3,
        ""Background (history)"": 2,
        ""Background (examination)"": 2,
        ""Assessment"": 2,
        ""Recommendation (clear recommendation)"": 3,
        ""Recommendation (global rating scale)"": 2,
        ""Comments"": ""Overall a bit unclear communication reflected""
      }
    },
    {
      ""respondent"": ""17"",
      ""answers"": {
        ""Date"": ""2025-05-04"",
        ""SessionName"": ""IV - VT"",
        ""Identification"": 3,
        ""Situation"": 3,
        ""Background (history)"": 2,
        ""Background (examination)"": 2,
        ""Assessment"": 3,
        ""Recommendation (clear recommendation)"": 2,
        ""Recommendation (global rating scale)"": 2,
        ""Comments"": ""Not very concise or clear communication\nSatisfactory""
      }
    },
    {
      ""respondent"": ""23"",
      ""answers"": {
        ""Date"": ""2025-05-16"",
        ""SessionName"": ""I (Myocardial infarction)"",
        ""Identification"": 3,
        ""Situation"": 2,
        ""Background (history)"": 3,
        ""Background (examination)"": 1,
        ""Assessment"": 2,
        ""Recommendation (clear recommendation)"": 3,
        ""Recommendation (global rating scale)"": 3,
        ""Comments"": ""Diagnostic clarity is present\nGood and early assessment of condition is done""
      }
    }
  ]
}

Answer: II (Anaphylaxsis)
</example>

<questionnaire>
{
  ""questions"": {
    ""Date"": ""What is the date of the session? [Open-ended]"",
    ""SessionName"": ""What is the name of the session? [Open-ended]"",
    ""Identification"": ""Identification of self, role, and patient. [Rubric: 0 = Requires direct prompting, 1 = Introduces themselves but only after a hint, 2 = Introduces themselves but information is incomplete, 3 = Introduces themselves and information is complete]"",
    ""Situation"": ""Identifies the main problem(s). [Rubric: 0 = Unable to identify the main problem(s), 1 = Identifies the main problem(s) after extended prompting, 2 = Identifies the main problem(s) with fewer prompts needed, 3 = Identifies and prioritizes the main problem(s) unprompted]"",
    ""Background (history)"": ""Gives appropriate history. [Rubric: 0 = History is unstructured or non-relevant, 1 = Relevant history but frequent clarification needed, 2 = Relevant history with few further questions needed, 3 = Comprehensive focused history]"",
    ""Background (examination)"": ""Gives appropriate examination/observations. [Rubric: 0 = Observations are omitted or irrelevant, 1 = Observations reported but frequent clarification needed, 2 = Observations reported with few further questions needed, 3 = Comprehensive focused examination/observations]"",
    ""Assessment"": ""Makes logical assessment (correlates problem, history, exam, context). [Rubric: 0 = No logical assessment, 1 = Assessment only after extended questioning, 2 = Assessment after minimal questioning, 3 = Comprehensive logical assessment without questioning]"",
    ""Recommendation (clear recommendation)"": ""Makes a clear recommendation. [Rubric: 0 = No recommendation, 1 = Clear recommendation only after extended questioning, 2 = Clear recommendation after minimal questioning, 3 = Clear comprehensive recommendation without questioning]"",
    ""Recommendation (global rating scale)"": ""Global Rating Scale (GRS) - How confident am I that I received an accurate picture of the patient? [Rubric: 0 = Not at all confident, 1 = Confident but required extended questioning, 2 = Confident but required some further questioning, 3 = Confident and required little or no questioning]"",
    ""Comments"": ""Comments on the session. [Open-ended]""
  },
  ""responses"": [
    {
      ""respondent"": ""9"",
      ""answers"": {
        ""Date"": ""2025-04-04"",
        ""SessionName"": ""MI"",
        ""Identification"": 2,
        ""Situation"": 3,
        ""Background (history)"": 2,
        ""Background (examination)"": 3,
        ""Assessment"": 3,
        ""Recommendation (clear recommendation)"": 2,
        ""Recommendation (global rating scale)"": 2,
        ""Comments"": """"
      }
    },
    {
      ""respondent"": ""3"",
      ""answers"": {
        ""Date"": ""2025-03-14"",
        ""SessionName"": ""IV-Hypoglycemia"",
        ""Identification"": 3,
        ""Situation"": 3,
        ""Background (history)"": 2,
        ""Background (examination)"": 2,
        ""Assessment"": 3,
        ""Recommendation (clear recommendation)"": 1,
        ""Recommendation (global rating scale)"": 1,
        ""Comments"": ""Time: (2:36-2:53)\nLate response for considering consultation""
      }
    },
    {
      ""respondent"": ""10"",
      ""answers"": {
        ""Date"": ""2025-05-02"",
        ""SessionName"": ""III (Sepsis)"",
        ""Identification"": 3,
        ""Situation"": 3,
        ""Background (history)"": 3,
        ""Background (examination)"": 2,
        ""Assessment"": 2,
        ""Recommendation (clear recommendation)"": 2,
        ""Recommendation (global rating scale)"": 3,
        ""Comments"": ""Clear communication during handover\nGood""
      }
    }
  ]
}
</questionnaire>

<role>
You are a meticulous data analyst AI. Your primary function is to accurately analyze structured data and provide precise, verifiable answers.
</role>

<output>
Provide your final answer directly and concisely. Output must be the human-readable value, not an option code.

Rules:
- For MCQ fields, map any letter codes in the Responses (case-insensitive) to the corresponding option text from the Questions schema, and output only that text. Do NOT include the letter or both.
  Example: If the schema is ""[MCQ: A. Abnormal B. Inconclusive C. Normal]"" and the response is ""a"", output ""Abnormal"".
- For open-ended fields, output the exact text value.
- If the question asks for a count, provide only the number (e.g., ""42"").
- If the question asks for a list of names or IDs, provide a simple comma-separated list (e.g., ""17, 21, 23"").
- Preserve capitalization exactly as in the schema (e.g., output ""Abnormal"", not ""abnormal"" or ""A"").
</output>

<task>
What is the session name for respondent 9?
</task>",,
case_41,answer_lookup,What is the global rating score for respondent 18?,"{
  ""questions"": {
    ""Date"": ""What is the date of the session? [Open-ended]"",
    ""SessionName"": ""What is the name of the session? [Open-ended]"",
    ""Identification"": ""Identification of self, role, and patient. [Rubric: 0 = Requires direct prompting, 1 = Introduces themselves but only after a hint, 2 = Introduces themselves but information is incomplete, 3 = Introduces themselves and information is complete]"",
    ""Situation"": ""Identifies the main problem(s). [Rubric: 0 = Unable to identify the main problem(s), 1 = Identifies the main problem(s) after extended prompting, 2 = Identifies the main problem(s) with fewer prompts needed, 3 = Identifies and prioritizes the main problem(s) unprompted]"",
    ""Background (history)"": ""Gives appropriate history. [Rubric: 0 = History is unstructured or non-relevant, 1 = Relevant history but frequent clarification needed, 2 = Relevant history with few further questions needed, 3 = Comprehensive focused history]"",
    ""Background (examination)"": ""Gives appropriate examination/observations. [Rubric: 0 = Observations are omitted or irrelevant, 1 = Observations reported but frequent clarification needed, 2 = Observations reported with few further questions needed, 3 = Comprehensive focused examination/observations]"",
    ""Assessment"": ""Makes logical assessment (correlates problem, history, exam, context). [Rubric: 0 = No logical assessment, 1 = Assessment only after extended questioning, 2 = Assessment after minimal questioning, 3 = Comprehensive logical assessment without questioning]"",
    ""Recommendation (clear recommendation)"": ""Makes a clear recommendation. [Rubric: 0 = No recommendation, 1 = Clear recommendation only after extended questioning, 2 = Clear recommendation after minimal questioning, 3 = Clear comprehensive recommendation without questioning]"",
    ""Recommendation (global rating scale)"": ""Global Rating Scale (GRS) - How confident am I that I received an accurate picture of the patient? [Rubric: 0 = Not at all confident, 1 = Confident but required extended questioning, 2 = Confident but required some further questioning, 3 = Confident and required little or no questioning]"",
    ""Comments"": ""Comments on the session. [Open-ended]""
  },
  ""responses"": [
    {
      ""respondent"": ""18"",
      ""answers"": {
        ""Date"": ""2025-05-04"",
        ""SessionName"": ""I - MI"",
        ""Identification"": 3,
        ""Situation"": 3,
        ""Background (history)"": 3,
        ""Background (examination)"": 3,
        ""Assessment"": 2,
        ""Recommendation (clear recommendation)"": 3,
        ""Recommendation (global rating scale)"": 2,
        ""Comments"": ""Wrong CPR position\nClarity is a bit low over whole case scenario\nSatisfactory""
      }
    },
    {
      ""respondent"": ""17"",
      ""answers"": {
        ""Date"": ""2025-05-04"",
        ""SessionName"": ""IV - VT"",
        ""Identification"": 3,
        ""Situation"": 3,
        ""Background (history)"": 2,
        ""Background (examination)"": 2,
        ""Assessment"": 3,
        ""Recommendation (clear recommendation)"": 2,
        ""Recommendation (global rating scale)"": 2,
        ""Comments"": ""Not very concise or clear communication\nSatisfactory""
      }
    },
    {
      ""respondent"": ""1"",
      ""answers"": {
        ""Date"": ""2025-03-14"",
        ""SessionName"": ""III-Sepsis"",
        ""Identification"": 3,
        ""Situation"": 3,
        ""Background (history)"": 2,
        ""Background (examination)"": 3,
        ""Assessment"": 2,
        ""Recommendation (clear recommendation)"": 2,
        ""Recommendation (global rating scale)"": 2,
        ""Comments"": ""Time: (1:00-1:17)""
      }
    }
  ]
}",2,"<example>
What is the session name for respondent 21?

DATA:

{
  ""questions"": {
    ""Date"": ""What is the date of the session? [Open-ended]"",
    ""SessionName"": ""What is the name of the session? [Open-ended]"",
    ""Identification"": ""Identification of self, role, and patient. [Rubric: 0 = Requires direct prompting, 1 = Introduces themselves but only after a hint, 2 = Introduces themselves but information is incomplete, 3 = Introduces themselves and information is complete]"",
    ""Situation"": ""Identifies the main problem(s). [Rubric: 0 = Unable to identify the main problem(s), 1 = Identifies the main problem(s) after extended prompting, 2 = Identifies the main problem(s) with fewer prompts needed, 3 = Identifies and prioritizes the main problem(s) unprompted]"",
    ""Background (history)"": ""Gives appropriate history. [Rubric: 0 = History is unstructured or non-relevant, 1 = Relevant history but frequent clarification needed, 2 = Relevant history with few further questions needed, 3 = Comprehensive focused history]"",
    ""Background (examination)"": ""Gives appropriate examination/observations. [Rubric: 0 = Observations are omitted or irrelevant, 1 = Observations reported but frequent clarification needed, 2 = Observations reported with few further questions needed, 3 = Comprehensive focused examination/observations]"",
    ""Assessment"": ""Makes logical assessment (correlates problem, history, exam, context). [Rubric: 0 = No logical assessment, 1 = Assessment only after extended questioning, 2 = Assessment after minimal questioning, 3 = Comprehensive logical assessment without questioning]"",
    ""Recommendation (clear recommendation)"": ""Makes a clear recommendation. [Rubric: 0 = No recommendation, 1 = Clear recommendation only after extended questioning, 2 = Clear recommendation after minimal questioning, 3 = Clear comprehensive recommendation without questioning]"",
    ""Recommendation (global rating scale)"": ""Global Rating Scale (GRS) - How confident am I that I received an accurate picture of the patient? [Rubric: 0 = Not at all confident, 1 = Confident but required extended questioning, 2 = Confident but required some further questioning, 3 = Confident and required little or no questioning]"",
    ""Comments"": ""Comments on the session. [Open-ended]""
  },
  ""responses"": [
    {
      ""respondent"": ""21"",
      ""answers"": {
        ""Date"": ""2025-05-16"",
        ""SessionName"": ""II (Anaphylaxsis)"",
        ""Identification"": 3,
        ""Situation"": 3,
        ""Background (history)"": 2,
        ""Background (examination)"": 2,
        ""Assessment"": 2,
        ""Recommendation (clear recommendation)"": 3,
        ""Recommendation (global rating scale)"": 2,
        ""Comments"": ""Overall a bit unclear communication reflected""
      }
    },
    {
      ""respondent"": ""17"",
      ""answers"": {
        ""Date"": ""2025-05-04"",
        ""SessionName"": ""IV - VT"",
        ""Identification"": 3,
        ""Situation"": 3,
        ""Background (history)"": 2,
        ""Background (examination)"": 2,
        ""Assessment"": 3,
        ""Recommendation (clear recommendation)"": 2,
        ""Recommendation (global rating scale)"": 2,
        ""Comments"": ""Not very concise or clear communication\nSatisfactory""
      }
    },
    {
      ""respondent"": ""23"",
      ""answers"": {
        ""Date"": ""2025-05-16"",
        ""SessionName"": ""I (Myocardial infarction)"",
        ""Identification"": 3,
        ""Situation"": 2,
        ""Background (history)"": 3,
        ""Background (examination)"": 1,
        ""Assessment"": 2,
        ""Recommendation (clear recommendation)"": 3,
        ""Recommendation (global rating scale)"": 3,
        ""Comments"": ""Diagnostic clarity is present\nGood and early assessment of condition is done""
      }
    }
  ]
}

Answer: II (Anaphylaxsis)
</example>

<questionnaire>
{
  ""questions"": {
    ""Date"": ""What is the date of the session? [Open-ended]"",
    ""SessionName"": ""What is the name of the session? [Open-ended]"",
    ""Identification"": ""Identification of self, role, and patient. [Rubric: 0 = Requires direct prompting, 1 = Introduces themselves but only after a hint, 2 = Introduces themselves but information is incomplete, 3 = Introduces themselves and information is complete]"",
    ""Situation"": ""Identifies the main problem(s). [Rubric: 0 = Unable to identify the main problem(s), 1 = Identifies the main problem(s) after extended prompting, 2 = Identifies the main problem(s) with fewer prompts needed, 3 = Identifies and prioritizes the main problem(s) unprompted]"",
    ""Background (history)"": ""Gives appropriate history. [Rubric: 0 = History is unstructured or non-relevant, 1 = Relevant history but frequent clarification needed, 2 = Relevant history with few further questions needed, 3 = Comprehensive focused history]"",
    ""Background (examination)"": ""Gives appropriate examination/observations. [Rubric: 0 = Observations are omitted or irrelevant, 1 = Observations reported but frequent clarification needed, 2 = Observations reported with few further questions needed, 3 = Comprehensive focused examination/observations]"",
    ""Assessment"": ""Makes logical assessment (correlates problem, history, exam, context). [Rubric: 0 = No logical assessment, 1 = Assessment only after extended questioning, 2 = Assessment after minimal questioning, 3 = Comprehensive logical assessment without questioning]"",
    ""Recommendation (clear recommendation)"": ""Makes a clear recommendation. [Rubric: 0 = No recommendation, 1 = Clear recommendation only after extended questioning, 2 = Clear recommendation after minimal questioning, 3 = Clear comprehensive recommendation without questioning]"",
    ""Recommendation (global rating scale)"": ""Global Rating Scale (GRS) - How confident am I that I received an accurate picture of the patient? [Rubric: 0 = Not at all confident, 1 = Confident but required extended questioning, 2 = Confident but required some further questioning, 3 = Confident and required little or no questioning]"",
    ""Comments"": ""Comments on the session. [Open-ended]""
  },
  ""responses"": [
    {
      ""respondent"": ""18"",
      ""answers"": {
        ""Date"": ""2025-05-04"",
        ""SessionName"": ""I - MI"",
        ""Identification"": 3,
        ""Situation"": 3,
        ""Background (history)"": 3,
        ""Background (examination)"": 3,
        ""Assessment"": 2,
        ""Recommendation (clear recommendation)"": 3,
        ""Recommendation (global rating scale)"": 2,
        ""Comments"": ""Wrong CPR position\nClarity is a bit low over whole case scenario\nSatisfactory""
      }
    },
    {
      ""respondent"": ""17"",
      ""answers"": {
        ""Date"": ""2025-05-04"",
        ""SessionName"": ""IV - VT"",
        ""Identification"": 3,
        ""Situation"": 3,
        ""Background (history)"": 2,
        ""Background (examination)"": 2,
        ""Assessment"": 3,
        ""Recommendation (clear recommendation)"": 2,
        ""Recommendation (global rating scale)"": 2,
        ""Comments"": ""Not very concise or clear communication\nSatisfactory""
      }
    },
    {
      ""respondent"": ""1"",
      ""answers"": {
        ""Date"": ""2025-03-14"",
        ""SessionName"": ""III-Sepsis"",
        ""Identification"": 3,
        ""Situation"": 3,
        ""Background (history)"": 2,
        ""Background (examination)"": 3,
        ""Assessment"": 2,
        ""Recommendation (clear recommendation)"": 2,
        ""Recommendation (global rating scale)"": 2,
        ""Comments"": ""Time: (1:00-1:17)""
      }
    }
  ]
}
</questionnaire>

<role>
You are a meticulous data analyst AI. Your primary function is to accurately analyze structured data and provide precise, verifiable answers.
</role>

<output>
Provide your final answer directly and concisely. Output must be the human-readable value, not an option code.

Rules:
- For MCQ fields, map any letter codes in the Responses (case-insensitive) to the corresponding option text from the Questions schema, and output only that text. Do NOT include the letter or both.
  Example: If the schema is ""[MCQ: A. Abnormal B. Inconclusive C. Normal]"" and the response is ""a"", output ""Abnormal"".
- For open-ended fields, output the exact text value.
- If the question asks for a count, provide only the number (e.g., ""42"").
- If the question asks for a list of names or IDs, provide a simple comma-separated list (e.g., ""17, 21, 23"").
- Preserve capitalization exactly as in the schema (e.g., output ""Abnormal"", not ""abnormal"" or ""A"").
</output>

<task>
What is the global rating score for respondent 18?
</task>",,
case_42,answer_lookup,What is the date for respondent 14?,"{
  ""questions"": {
    ""Date"": ""What is the date of the session? [Open-ended]"",
    ""SessionName"": ""What is the name of the session? [Open-ended]"",
    ""Identification"": ""Identification of self, role, and patient. [Rubric: 0 = Requires direct prompting, 1 = Introduces themselves but only after a hint, 2 = Introduces themselves but information is incomplete, 3 = Introduces themselves and information is complete]"",
    ""Situation"": ""Identifies the main problem(s). [Rubric: 0 = Unable to identify the main problem(s), 1 = Identifies the main problem(s) after extended prompting, 2 = Identifies the main problem(s) with fewer prompts needed, 3 = Identifies and prioritizes the main problem(s) unprompted]"",
    ""Background (history)"": ""Gives appropriate history. [Rubric: 0 = History is unstructured or non-relevant, 1 = Relevant history but frequent clarification needed, 2 = Relevant history with few further questions needed, 3 = Comprehensive focused history]"",
    ""Background (examination)"": ""Gives appropriate examination/observations. [Rubric: 0 = Observations are omitted or irrelevant, 1 = Observations reported but frequent clarification needed, 2 = Observations reported with few further questions needed, 3 = Comprehensive focused examination/observations]"",
    ""Assessment"": ""Makes logical assessment (correlates problem, history, exam, context). [Rubric: 0 = No logical assessment, 1 = Assessment only after extended questioning, 2 = Assessment after minimal questioning, 3 = Comprehensive logical assessment without questioning]"",
    ""Recommendation (clear recommendation)"": ""Makes a clear recommendation. [Rubric: 0 = No recommendation, 1 = Clear recommendation only after extended questioning, 2 = Clear recommendation after minimal questioning, 3 = Clear comprehensive recommendation without questioning]"",
    ""Recommendation (global rating scale)"": ""Global Rating Scale (GRS) - How confident am I that I received an accurate picture of the patient? [Rubric: 0 = Not at all confident, 1 = Confident but required extended questioning, 2 = Confident but required some further questioning, 3 = Confident and required little or no questioning]"",
    ""Comments"": ""Comments on the session. [Open-ended]""
  },
  ""responses"": [
    {
      ""respondent"": ""14"",
      ""answers"": {
        ""Date"": ""2025-05-02"",
        ""SessionName"": ""V (Hypoglycemia)"",
        ""Identification"": 3,
        ""Situation"": 2,
        ""Background (history)"": 2,
        ""Background (examination)"": 2,
        ""Assessment"": 3,
        ""Recommendation (clear recommendation)"": 2,
        ""Recommendation (global rating scale)"": 3,
        ""Comments"": ""Satisfactory""
      }
    },
    {
      ""respondent"": ""12"",
      ""answers"": {
        ""Date"": ""2025-05-02"",
        ""SessionName"": ""IV (VT)"",
        ""Identification"": 3,
        ""Situation"": 3,
        ""Background (history)"": 2,
        ""Background (examination)"": -1,
        ""Assessment"": 3,
        ""Recommendation (clear recommendation)"": 2,
        ""Recommendation (global rating scale)"": 3,
        ""Comments"": ""Good""
      }
    },
    {
      ""respondent"": ""11"",
      ""answers"": {
        ""Date"": ""2025-05-02"",
        ""SessionName"": ""II (Anaphylaxis)"",
        ""Identification"": 3,
        ""Situation"": 3,
        ""Background (history)"": 3,
        ""Background (examination)"": 3,
        ""Assessment"": 2,
        ""Recommendation (clear recommendation)"": 3,
        ""Recommendation (global rating scale)"": 3,
        ""Comments"": ""Good""
      }
    }
  ]
}",2025-05-02,"<example>
What is the session name for respondent 21?

DATA:

{
  ""questions"": {
    ""Date"": ""What is the date of the session? [Open-ended]"",
    ""SessionName"": ""What is the name of the session? [Open-ended]"",
    ""Identification"": ""Identification of self, role, and patient. [Rubric: 0 = Requires direct prompting, 1 = Introduces themselves but only after a hint, 2 = Introduces themselves but information is incomplete, 3 = Introduces themselves and information is complete]"",
    ""Situation"": ""Identifies the main problem(s). [Rubric: 0 = Unable to identify the main problem(s), 1 = Identifies the main problem(s) after extended prompting, 2 = Identifies the main problem(s) with fewer prompts needed, 3 = Identifies and prioritizes the main problem(s) unprompted]"",
    ""Background (history)"": ""Gives appropriate history. [Rubric: 0 = History is unstructured or non-relevant, 1 = Relevant history but frequent clarification needed, 2 = Relevant history with few further questions needed, 3 = Comprehensive focused history]"",
    ""Background (examination)"": ""Gives appropriate examination/observations. [Rubric: 0 = Observations are omitted or irrelevant, 1 = Observations reported but frequent clarification needed, 2 = Observations reported with few further questions needed, 3 = Comprehensive focused examination/observations]"",
    ""Assessment"": ""Makes logical assessment (correlates problem, history, exam, context). [Rubric: 0 = No logical assessment, 1 = Assessment only after extended questioning, 2 = Assessment after minimal questioning, 3 = Comprehensive logical assessment without questioning]"",
    ""Recommendation (clear recommendation)"": ""Makes a clear recommendation. [Rubric: 0 = No recommendation, 1 = Clear recommendation only after extended questioning, 2 = Clear recommendation after minimal questioning, 3 = Clear comprehensive recommendation without questioning]"",
    ""Recommendation (global rating scale)"": ""Global Rating Scale (GRS) - How confident am I that I received an accurate picture of the patient? [Rubric: 0 = Not at all confident, 1 = Confident but required extended questioning, 2 = Confident but required some further questioning, 3 = Confident and required little or no questioning]"",
    ""Comments"": ""Comments on the session. [Open-ended]""
  },
  ""responses"": [
    {
      ""respondent"": ""21"",
      ""answers"": {
        ""Date"": ""2025-05-16"",
        ""SessionName"": ""II (Anaphylaxsis)"",
        ""Identification"": 3,
        ""Situation"": 3,
        ""Background (history)"": 2,
        ""Background (examination)"": 2,
        ""Assessment"": 2,
        ""Recommendation (clear recommendation)"": 3,
        ""Recommendation (global rating scale)"": 2,
        ""Comments"": ""Overall a bit unclear communication reflected""
      }
    },
    {
      ""respondent"": ""17"",
      ""answers"": {
        ""Date"": ""2025-05-04"",
        ""SessionName"": ""IV - VT"",
        ""Identification"": 3,
        ""Situation"": 3,
        ""Background (history)"": 2,
        ""Background (examination)"": 2,
        ""Assessment"": 3,
        ""Recommendation (clear recommendation)"": 2,
        ""Recommendation (global rating scale)"": 2,
        ""Comments"": ""Not very concise or clear communication\nSatisfactory""
      }
    },
    {
      ""respondent"": ""23"",
      ""answers"": {
        ""Date"": ""2025-05-16"",
        ""SessionName"": ""I (Myocardial infarction)"",
        ""Identification"": 3,
        ""Situation"": 2,
        ""Background (history)"": 3,
        ""Background (examination)"": 1,
        ""Assessment"": 2,
        ""Recommendation (clear recommendation)"": 3,
        ""Recommendation (global rating scale)"": 3,
        ""Comments"": ""Diagnostic clarity is present\nGood and early assessment of condition is done""
      }
    }
  ]
}

Answer: II (Anaphylaxsis)
</example>

<questionnaire>
{
  ""questions"": {
    ""Date"": ""What is the date of the session? [Open-ended]"",
    ""SessionName"": ""What is the name of the session? [Open-ended]"",
    ""Identification"": ""Identification of self, role, and patient. [Rubric: 0 = Requires direct prompting, 1 = Introduces themselves but only after a hint, 2 = Introduces themselves but information is incomplete, 3 = Introduces themselves and information is complete]"",
    ""Situation"": ""Identifies the main problem(s). [Rubric: 0 = Unable to identify the main problem(s), 1 = Identifies the main problem(s) after extended prompting, 2 = Identifies the main problem(s) with fewer prompts needed, 3 = Identifies and prioritizes the main problem(s) unprompted]"",
    ""Background (history)"": ""Gives appropriate history. [Rubric: 0 = History is unstructured or non-relevant, 1 = Relevant history but frequent clarification needed, 2 = Relevant history with few further questions needed, 3 = Comprehensive focused history]"",
    ""Background (examination)"": ""Gives appropriate examination/observations. [Rubric: 0 = Observations are omitted or irrelevant, 1 = Observations reported but frequent clarification needed, 2 = Observations reported with few further questions needed, 3 = Comprehensive focused examination/observations]"",
    ""Assessment"": ""Makes logical assessment (correlates problem, history, exam, context). [Rubric: 0 = No logical assessment, 1 = Assessment only after extended questioning, 2 = Assessment after minimal questioning, 3 = Comprehensive logical assessment without questioning]"",
    ""Recommendation (clear recommendation)"": ""Makes a clear recommendation. [Rubric: 0 = No recommendation, 1 = Clear recommendation only after extended questioning, 2 = Clear recommendation after minimal questioning, 3 = Clear comprehensive recommendation without questioning]"",
    ""Recommendation (global rating scale)"": ""Global Rating Scale (GRS) - How confident am I that I received an accurate picture of the patient? [Rubric: 0 = Not at all confident, 1 = Confident but required extended questioning, 2 = Confident but required some further questioning, 3 = Confident and required little or no questioning]"",
    ""Comments"": ""Comments on the session. [Open-ended]""
  },
  ""responses"": [
    {
      ""respondent"": ""14"",
      ""answers"": {
        ""Date"": ""2025-05-02"",
        ""SessionName"": ""V (Hypoglycemia)"",
        ""Identification"": 3,
        ""Situation"": 2,
        ""Background (history)"": 2,
        ""Background (examination)"": 2,
        ""Assessment"": 3,
        ""Recommendation (clear recommendation)"": 2,
        ""Recommendation (global rating scale)"": 3,
        ""Comments"": ""Satisfactory""
      }
    },
    {
      ""respondent"": ""12"",
      ""answers"": {
        ""Date"": ""2025-05-02"",
        ""SessionName"": ""IV (VT)"",
        ""Identification"": 3,
        ""Situation"": 3,
        ""Background (history)"": 2,
        ""Background (examination)"": -1,
        ""Assessment"": 3,
        ""Recommendation (clear recommendation)"": 2,
        ""Recommendation (global rating scale)"": 3,
        ""Comments"": ""Good""
      }
    },
    {
      ""respondent"": ""11"",
      ""answers"": {
        ""Date"": ""2025-05-02"",
        ""SessionName"": ""II (Anaphylaxis)"",
        ""Identification"": 3,
        ""Situation"": 3,
        ""Background (history)"": 3,
        ""Background (examination)"": 3,
        ""Assessment"": 2,
        ""Recommendation (clear recommendation)"": 3,
        ""Recommendation (global rating scale)"": 3,
        ""Comments"": ""Good""
      }
    }
  ]
}
</questionnaire>

<role>
You are a meticulous data analyst AI. Your primary function is to accurately analyze structured data and provide precise, verifiable answers.
</role>

<output>
Provide your final answer directly and concisely. Output must be the human-readable value, not an option code.

Rules:
- For MCQ fields, map any letter codes in the Responses (case-insensitive) to the corresponding option text from the Questions schema, and output only that text. Do NOT include the letter or both.
  Example: If the schema is ""[MCQ: A. Abnormal B. Inconclusive C. Normal]"" and the response is ""a"", output ""Abnormal"".
- For open-ended fields, output the exact text value.
- If the question asks for a count, provide only the number (e.g., ""42"").
- If the question asks for a list of names or IDs, provide a simple comma-separated list (e.g., ""17, 21, 23"").
- Preserve capitalization exactly as in the schema (e.g., output ""Abnormal"", not ""abnormal"" or ""A"").
</output>

<task>
What is the date for respondent 14?
</task>",,
case_43,answer_lookup,What is the session name for respondent 4?,"{
  ""questions"": {
    ""Date"": ""What is the date of the session? [Open-ended]"",
    ""SessionName"": ""What is the name of the session? [Open-ended]"",
    ""Identification"": ""Identification of self, role, and patient. [Rubric: 0 = Requires direct prompting, 1 = Introduces themselves but only after a hint, 2 = Introduces themselves but information is incomplete, 3 = Introduces themselves and information is complete]"",
    ""Situation"": ""Identifies the main problem(s). [Rubric: 0 = Unable to identify the main problem(s), 1 = Identifies the main problem(s) after extended prompting, 2 = Identifies the main problem(s) with fewer prompts needed, 3 = Identifies and prioritizes the main problem(s) unprompted]"",
    ""Background (history)"": ""Gives appropriate history. [Rubric: 0 = History is unstructured or non-relevant, 1 = Relevant history but frequent clarification needed, 2 = Relevant history with few further questions needed, 3 = Comprehensive focused history]"",
    ""Background (examination)"": ""Gives appropriate examination/observations. [Rubric: 0 = Observations are omitted or irrelevant, 1 = Observations reported but frequent clarification needed, 2 = Observations reported with few further questions needed, 3 = Comprehensive focused examination/observations]"",
    ""Assessment"": ""Makes logical assessment (correlates problem, history, exam, context). [Rubric: 0 = No logical assessment, 1 = Assessment only after extended questioning, 2 = Assessment after minimal questioning, 3 = Comprehensive logical assessment without questioning]"",
    ""Recommendation (clear recommendation)"": ""Makes a clear recommendation. [Rubric: 0 = No recommendation, 1 = Clear recommendation only after extended questioning, 2 = Clear recommendation after minimal questioning, 3 = Clear comprehensive recommendation without questioning]"",
    ""Recommendation (global rating scale)"": ""Global Rating Scale (GRS) - How confident am I that I received an accurate picture of the patient? [Rubric: 0 = Not at all confident, 1 = Confident but required extended questioning, 2 = Confident but required some further questioning, 3 = Confident and required little or no questioning]"",
    ""Comments"": ""Comments on the session. [Open-ended]""
  },
  ""responses"": [
    {
      ""respondent"": ""4"",
      ""answers"": {
        ""Date"": ""2025-03-14"",
        ""SessionName"": ""I-VF"",
        ""Identification"": 3,
        ""Situation"": 3,
        ""Background (history)"": 2,
        ""Background (examination)"": 1,
        ""Assessment"": 2,
        ""Recommendation (clear recommendation)"": 2,
        ""Recommendation (global rating scale)"": 2,
        ""Comments"": ""Time: (10:29-10:54)\nVentricular fibrillation (CVS)\nLack of communication btween 2 main interns\nFurther brief to patient, ask patent concerns""
      }
    },
    {
      ""respondent"": ""11"",
      ""answers"": {
        ""Date"": ""2025-05-02"",
        ""SessionName"": ""II (Anaphylaxis)"",
        ""Identification"": 3,
        ""Situation"": 3,
        ""Background (history)"": 3,
        ""Background (examination)"": 3,
        ""Assessment"": 2,
        ""Recommendation (clear recommendation)"": 3,
        ""Recommendation (global rating scale)"": 3,
        ""Comments"": ""Good""
      }
    },
    {
      ""respondent"": ""9"",
      ""answers"": {
        ""Date"": ""2025-04-04"",
        ""SessionName"": ""MI"",
        ""Identification"": 2,
        ""Situation"": 3,
        ""Background (history)"": 2,
        ""Background (examination)"": 3,
        ""Assessment"": 3,
        ""Recommendation (clear recommendation)"": 2,
        ""Recommendation (global rating scale)"": 2,
        ""Comments"": """"
      }
    }
  ]
}",I-VF,"<example>
What is the session name for respondent 21?

DATA:

{
  ""questions"": {
    ""Date"": ""What is the date of the session? [Open-ended]"",
    ""SessionName"": ""What is the name of the session? [Open-ended]"",
    ""Identification"": ""Identification of self, role, and patient. [Rubric: 0 = Requires direct prompting, 1 = Introduces themselves but only after a hint, 2 = Introduces themselves but information is incomplete, 3 = Introduces themselves and information is complete]"",
    ""Situation"": ""Identifies the main problem(s). [Rubric: 0 = Unable to identify the main problem(s), 1 = Identifies the main problem(s) after extended prompting, 2 = Identifies the main problem(s) with fewer prompts needed, 3 = Identifies and prioritizes the main problem(s) unprompted]"",
    ""Background (history)"": ""Gives appropriate history. [Rubric: 0 = History is unstructured or non-relevant, 1 = Relevant history but frequent clarification needed, 2 = Relevant history with few further questions needed, 3 = Comprehensive focused history]"",
    ""Background (examination)"": ""Gives appropriate examination/observations. [Rubric: 0 = Observations are omitted or irrelevant, 1 = Observations reported but frequent clarification needed, 2 = Observations reported with few further questions needed, 3 = Comprehensive focused examination/observations]"",
    ""Assessment"": ""Makes logical assessment (correlates problem, history, exam, context). [Rubric: 0 = No logical assessment, 1 = Assessment only after extended questioning, 2 = Assessment after minimal questioning, 3 = Comprehensive logical assessment without questioning]"",
    ""Recommendation (clear recommendation)"": ""Makes a clear recommendation. [Rubric: 0 = No recommendation, 1 = Clear recommendation only after extended questioning, 2 = Clear recommendation after minimal questioning, 3 = Clear comprehensive recommendation without questioning]"",
    ""Recommendation (global rating scale)"": ""Global Rating Scale (GRS) - How confident am I that I received an accurate picture of the patient? [Rubric: 0 = Not at all confident, 1 = Confident but required extended questioning, 2 = Confident but required some further questioning, 3 = Confident and required little or no questioning]"",
    ""Comments"": ""Comments on the session. [Open-ended]""
  },
  ""responses"": [
    {
      ""respondent"": ""21"",
      ""answers"": {
        ""Date"": ""2025-05-16"",
        ""SessionName"": ""II (Anaphylaxsis)"",
        ""Identification"": 3,
        ""Situation"": 3,
        ""Background (history)"": 2,
        ""Background (examination)"": 2,
        ""Assessment"": 2,
        ""Recommendation (clear recommendation)"": 3,
        ""Recommendation (global rating scale)"": 2,
        ""Comments"": ""Overall a bit unclear communication reflected""
      }
    },
    {
      ""respondent"": ""17"",
      ""answers"": {
        ""Date"": ""2025-05-04"",
        ""SessionName"": ""IV - VT"",
        ""Identification"": 3,
        ""Situation"": 3,
        ""Background (history)"": 2,
        ""Background (examination)"": 2,
        ""Assessment"": 3,
        ""Recommendation (clear recommendation)"": 2,
        ""Recommendation (global rating scale)"": 2,
        ""Comments"": ""Not very concise or clear communication\nSatisfactory""
      }
    },
    {
      ""respondent"": ""23"",
      ""answers"": {
        ""Date"": ""2025-05-16"",
        ""SessionName"": ""I (Myocardial infarction)"",
        ""Identification"": 3,
        ""Situation"": 2,
        ""Background (history)"": 3,
        ""Background (examination)"": 1,
        ""Assessment"": 2,
        ""Recommendation (clear recommendation)"": 3,
        ""Recommendation (global rating scale)"": 3,
        ""Comments"": ""Diagnostic clarity is present\nGood and early assessment of condition is done""
      }
    }
  ]
}

Answer: II (Anaphylaxsis)
</example>

<questionnaire>
{
  ""questions"": {
    ""Date"": ""What is the date of the session? [Open-ended]"",
    ""SessionName"": ""What is the name of the session? [Open-ended]"",
    ""Identification"": ""Identification of self, role, and patient. [Rubric: 0 = Requires direct prompting, 1 = Introduces themselves but only after a hint, 2 = Introduces themselves but information is incomplete, 3 = Introduces themselves and information is complete]"",
    ""Situation"": ""Identifies the main problem(s). [Rubric: 0 = Unable to identify the main problem(s), 1 = Identifies the main problem(s) after extended prompting, 2 = Identifies the main problem(s) with fewer prompts needed, 3 = Identifies and prioritizes the main problem(s) unprompted]"",
    ""Background (history)"": ""Gives appropriate history. [Rubric: 0 = History is unstructured or non-relevant, 1 = Relevant history but frequent clarification needed, 2 = Relevant history with few further questions needed, 3 = Comprehensive focused history]"",
    ""Background (examination)"": ""Gives appropriate examination/observations. [Rubric: 0 = Observations are omitted or irrelevant, 1 = Observations reported but frequent clarification needed, 2 = Observations reported with few further questions needed, 3 = Comprehensive focused examination/observations]"",
    ""Assessment"": ""Makes logical assessment (correlates problem, history, exam, context). [Rubric: 0 = No logical assessment, 1 = Assessment only after extended questioning, 2 = Assessment after minimal questioning, 3 = Comprehensive logical assessment without questioning]"",
    ""Recommendation (clear recommendation)"": ""Makes a clear recommendation. [Rubric: 0 = No recommendation, 1 = Clear recommendation only after extended questioning, 2 = Clear recommendation after minimal questioning, 3 = Clear comprehensive recommendation without questioning]"",
    ""Recommendation (global rating scale)"": ""Global Rating Scale (GRS) - How confident am I that I received an accurate picture of the patient? [Rubric: 0 = Not at all confident, 1 = Confident but required extended questioning, 2 = Confident but required some further questioning, 3 = Confident and required little or no questioning]"",
    ""Comments"": ""Comments on the session. [Open-ended]""
  },
  ""responses"": [
    {
      ""respondent"": ""4"",
      ""answers"": {
        ""Date"": ""2025-03-14"",
        ""SessionName"": ""I-VF"",
        ""Identification"": 3,
        ""Situation"": 3,
        ""Background (history)"": 2,
        ""Background (examination)"": 1,
        ""Assessment"": 2,
        ""Recommendation (clear recommendation)"": 2,
        ""Recommendation (global rating scale)"": 2,
        ""Comments"": ""Time: (10:29-10:54)\nVentricular fibrillation (CVS)\nLack of communication btween 2 main interns\nFurther brief to patient, ask patent concerns""
      }
    },
    {
      ""respondent"": ""11"",
      ""answers"": {
        ""Date"": ""2025-05-02"",
        ""SessionName"": ""II (Anaphylaxis)"",
        ""Identification"": 3,
        ""Situation"": 3,
        ""Background (history)"": 3,
        ""Background (examination)"": 3,
        ""Assessment"": 2,
        ""Recommendation (clear recommendation)"": 3,
        ""Recommendation (global rating scale)"": 3,
        ""Comments"": ""Good""
      }
    },
    {
      ""respondent"": ""9"",
      ""answers"": {
        ""Date"": ""2025-04-04"",
        ""SessionName"": ""MI"",
        ""Identification"": 2,
        ""Situation"": 3,
        ""Background (history)"": 2,
        ""Background (examination)"": 3,
        ""Assessment"": 3,
        ""Recommendation (clear recommendation)"": 2,
        ""Recommendation (global rating scale)"": 2,
        ""Comments"": """"
      }
    }
  ]
}
</questionnaire>

<role>
You are a meticulous data analyst AI. Your primary function is to accurately analyze structured data and provide precise, verifiable answers.
</role>

<output>
Provide your final answer directly and concisely. Output must be the human-readable value, not an option code.

Rules:
- For MCQ fields, map any letter codes in the Responses (case-insensitive) to the corresponding option text from the Questions schema, and output only that text. Do NOT include the letter or both.
  Example: If the schema is ""[MCQ: A. Abnormal B. Inconclusive C. Normal]"" and the response is ""a"", output ""Abnormal"".
- For open-ended fields, output the exact text value.
- If the question asks for a count, provide only the number (e.g., ""42"").
- If the question asks for a list of names or IDs, provide a simple comma-separated list (e.g., ""17, 21, 23"").
- Preserve capitalization exactly as in the schema (e.g., output ""Abnormal"", not ""abnormal"" or ""A"").
</output>

<task>
What is the session name for respondent 4?
</task>",,
case_44,answer_lookup,What is the global rating score for respondent 10?,"{
  ""questions"": {
    ""Date"": ""What is the date of the session? [Open-ended]"",
    ""SessionName"": ""What is the name of the session? [Open-ended]"",
    ""Identification"": ""Identification of self, role, and patient. [Rubric: 0 = Requires direct prompting, 1 = Introduces themselves but only after a hint, 2 = Introduces themselves but information is incomplete, 3 = Introduces themselves and information is complete]"",
    ""Situation"": ""Identifies the main problem(s). [Rubric: 0 = Unable to identify the main problem(s), 1 = Identifies the main problem(s) after extended prompting, 2 = Identifies the main problem(s) with fewer prompts needed, 3 = Identifies and prioritizes the main problem(s) unprompted]"",
    ""Background (history)"": ""Gives appropriate history. [Rubric: 0 = History is unstructured or non-relevant, 1 = Relevant history but frequent clarification needed, 2 = Relevant history with few further questions needed, 3 = Comprehensive focused history]"",
    ""Background (examination)"": ""Gives appropriate examination/observations. [Rubric: 0 = Observations are omitted or irrelevant, 1 = Observations reported but frequent clarification needed, 2 = Observations reported with few further questions needed, 3 = Comprehensive focused examination/observations]"",
    ""Assessment"": ""Makes logical assessment (correlates problem, history, exam, context). [Rubric: 0 = No logical assessment, 1 = Assessment only after extended questioning, 2 = Assessment after minimal questioning, 3 = Comprehensive logical assessment without questioning]"",
    ""Recommendation (clear recommendation)"": ""Makes a clear recommendation. [Rubric: 0 = No recommendation, 1 = Clear recommendation only after extended questioning, 2 = Clear recommendation after minimal questioning, 3 = Clear comprehensive recommendation without questioning]"",
    ""Recommendation (global rating scale)"": ""Global Rating Scale (GRS) - How confident am I that I received an accurate picture of the patient? [Rubric: 0 = Not at all confident, 1 = Confident but required extended questioning, 2 = Confident but required some further questioning, 3 = Confident and required little or no questioning]"",
    ""Comments"": ""Comments on the session. [Open-ended]""
  },
  ""responses"": [
    {
      ""respondent"": ""10"",
      ""answers"": {
        ""Date"": ""2025-05-02"",
        ""SessionName"": ""III (Sepsis)"",
        ""Identification"": 3,
        ""Situation"": 3,
        ""Background (history)"": 3,
        ""Background (examination)"": 2,
        ""Assessment"": 2,
        ""Recommendation (clear recommendation)"": 2,
        ""Recommendation (global rating scale)"": 3,
        ""Comments"": ""Clear communication during handover\nGood""
      }
    },
    {
      ""respondent"": ""14"",
      ""answers"": {
        ""Date"": ""2025-05-02"",
        ""SessionName"": ""V (Hypoglycemia)"",
        ""Identification"": 3,
        ""Situation"": 2,
        ""Background (history)"": 2,
        ""Background (examination)"": 2,
        ""Assessment"": 3,
        ""Recommendation (clear recommendation)"": 2,
        ""Recommendation (global rating scale)"": 3,
        ""Comments"": ""Satisfactory""
      }
    },
    {
      ""respondent"": ""22"",
      ""answers"": {
        ""Date"": ""2025-05-16"",
        ""SessionName"": ""IV (VT)"",
        ""Identification"": 3,
        ""Situation"": 3,
        ""Background (history)"": 3,
        ""Background (examination)"": 3,
        ""Assessment"": 2,
        ""Recommendation (clear recommendation)"": 2,
        ""Recommendation (global rating scale)"": 3,
        ""Comments"": ""Clear communication skills\nGood""
      }
    }
  ]
}",3,"<example>
What is the session name for respondent 21?

DATA:

{
  ""questions"": {
    ""Date"": ""What is the date of the session? [Open-ended]"",
    ""SessionName"": ""What is the name of the session? [Open-ended]"",
    ""Identification"": ""Identification of self, role, and patient. [Rubric: 0 = Requires direct prompting, 1 = Introduces themselves but only after a hint, 2 = Introduces themselves but information is incomplete, 3 = Introduces themselves and information is complete]"",
    ""Situation"": ""Identifies the main problem(s). [Rubric: 0 = Unable to identify the main problem(s), 1 = Identifies the main problem(s) after extended prompting, 2 = Identifies the main problem(s) with fewer prompts needed, 3 = Identifies and prioritizes the main problem(s) unprompted]"",
    ""Background (history)"": ""Gives appropriate history. [Rubric: 0 = History is unstructured or non-relevant, 1 = Relevant history but frequent clarification needed, 2 = Relevant history with few further questions needed, 3 = Comprehensive focused history]"",
    ""Background (examination)"": ""Gives appropriate examination/observations. [Rubric: 0 = Observations are omitted or irrelevant, 1 = Observations reported but frequent clarification needed, 2 = Observations reported with few further questions needed, 3 = Comprehensive focused examination/observations]"",
    ""Assessment"": ""Makes logical assessment (correlates problem, history, exam, context). [Rubric: 0 = No logical assessment, 1 = Assessment only after extended questioning, 2 = Assessment after minimal questioning, 3 = Comprehensive logical assessment without questioning]"",
    ""Recommendation (clear recommendation)"": ""Makes a clear recommendation. [Rubric: 0 = No recommendation, 1 = Clear recommendation only after extended questioning, 2 = Clear recommendation after minimal questioning, 3 = Clear comprehensive recommendation without questioning]"",
    ""Recommendation (global rating scale)"": ""Global Rating Scale (GRS) - How confident am I that I received an accurate picture of the patient? [Rubric: 0 = Not at all confident, 1 = Confident but required extended questioning, 2 = Confident but required some further questioning, 3 = Confident and required little or no questioning]"",
    ""Comments"": ""Comments on the session. [Open-ended]""
  },
  ""responses"": [
    {
      ""respondent"": ""21"",
      ""answers"": {
        ""Date"": ""2025-05-16"",
        ""SessionName"": ""II (Anaphylaxsis)"",
        ""Identification"": 3,
        ""Situation"": 3,
        ""Background (history)"": 2,
        ""Background (examination)"": 2,
        ""Assessment"": 2,
        ""Recommendation (clear recommendation)"": 3,
        ""Recommendation (global rating scale)"": 2,
        ""Comments"": ""Overall a bit unclear communication reflected""
      }
    },
    {
      ""respondent"": ""17"",
      ""answers"": {
        ""Date"": ""2025-05-04"",
        ""SessionName"": ""IV - VT"",
        ""Identification"": 3,
        ""Situation"": 3,
        ""Background (history)"": 2,
        ""Background (examination)"": 2,
        ""Assessment"": 3,
        ""Recommendation (clear recommendation)"": 2,
        ""Recommendation (global rating scale)"": 2,
        ""Comments"": ""Not very concise or clear communication\nSatisfactory""
      }
    },
    {
      ""respondent"": ""23"",
      ""answers"": {
        ""Date"": ""2025-05-16"",
        ""SessionName"": ""I (Myocardial infarction)"",
        ""Identification"": 3,
        ""Situation"": 2,
        ""Background (history)"": 3,
        ""Background (examination)"": 1,
        ""Assessment"": 2,
        ""Recommendation (clear recommendation)"": 3,
        ""Recommendation (global rating scale)"": 3,
        ""Comments"": ""Diagnostic clarity is present\nGood and early assessment of condition is done""
      }
    }
  ]
}

Answer: II (Anaphylaxsis)
</example>

<questionnaire>
{
  ""questions"": {
    ""Date"": ""What is the date of the session? [Open-ended]"",
    ""SessionName"": ""What is the name of the session? [Open-ended]"",
    ""Identification"": ""Identification of self, role, and patient. [Rubric: 0 = Requires direct prompting, 1 = Introduces themselves but only after a hint, 2 = Introduces themselves but information is incomplete, 3 = Introduces themselves and information is complete]"",
    ""Situation"": ""Identifies the main problem(s). [Rubric: 0 = Unable to identify the main problem(s), 1 = Identifies the main problem(s) after extended prompting, 2 = Identifies the main problem(s) with fewer prompts needed, 3 = Identifies and prioritizes the main problem(s) unprompted]"",
    ""Background (history)"": ""Gives appropriate history. [Rubric: 0 = History is unstructured or non-relevant, 1 = Relevant history but frequent clarification needed, 2 = Relevant history with few further questions needed, 3 = Comprehensive focused history]"",
    ""Background (examination)"": ""Gives appropriate examination/observations. [Rubric: 0 = Observations are omitted or irrelevant, 1 = Observations reported but frequent clarification needed, 2 = Observations reported with few further questions needed, 3 = Comprehensive focused examination/observations]"",
    ""Assessment"": ""Makes logical assessment (correlates problem, history, exam, context). [Rubric: 0 = No logical assessment, 1 = Assessment only after extended questioning, 2 = Assessment after minimal questioning, 3 = Comprehensive logical assessment without questioning]"",
    ""Recommendation (clear recommendation)"": ""Makes a clear recommendation. [Rubric: 0 = No recommendation, 1 = Clear recommendation only after extended questioning, 2 = Clear recommendation after minimal questioning, 3 = Clear comprehensive recommendation without questioning]"",
    ""Recommendation (global rating scale)"": ""Global Rating Scale (GRS) - How confident am I that I received an accurate picture of the patient? [Rubric: 0 = Not at all confident, 1 = Confident but required extended questioning, 2 = Confident but required some further questioning, 3 = Confident and required little or no questioning]"",
    ""Comments"": ""Comments on the session. [Open-ended]""
  },
  ""responses"": [
    {
      ""respondent"": ""10"",
      ""answers"": {
        ""Date"": ""2025-05-02"",
        ""SessionName"": ""III (Sepsis)"",
        ""Identification"": 3,
        ""Situation"": 3,
        ""Background (history)"": 3,
        ""Background (examination)"": 2,
        ""Assessment"": 2,
        ""Recommendation (clear recommendation)"": 2,
        ""Recommendation (global rating scale)"": 3,
        ""Comments"": ""Clear communication during handover\nGood""
      }
    },
    {
      ""respondent"": ""14"",
      ""answers"": {
        ""Date"": ""2025-05-02"",
        ""SessionName"": ""V (Hypoglycemia)"",
        ""Identification"": 3,
        ""Situation"": 2,
        ""Background (history)"": 2,
        ""Background (examination)"": 2,
        ""Assessment"": 3,
        ""Recommendation (clear recommendation)"": 2,
        ""Recommendation (global rating scale)"": 3,
        ""Comments"": ""Satisfactory""
      }
    },
    {
      ""respondent"": ""22"",
      ""answers"": {
        ""Date"": ""2025-05-16"",
        ""SessionName"": ""IV (VT)"",
        ""Identification"": 3,
        ""Situation"": 3,
        ""Background (history)"": 3,
        ""Background (examination)"": 3,
        ""Assessment"": 2,
        ""Recommendation (clear recommendation)"": 2,
        ""Recommendation (global rating scale)"": 3,
        ""Comments"": ""Clear communication skills\nGood""
      }
    }
  ]
}
</questionnaire>

<role>
You are a meticulous data analyst AI. Your primary function is to accurately analyze structured data and provide precise, verifiable answers.
</role>

<output>
Provide your final answer directly and concisely. Output must be the human-readable value, not an option code.

Rules:
- For MCQ fields, map any letter codes in the Responses (case-insensitive) to the corresponding option text from the Questions schema, and output only that text. Do NOT include the letter or both.
  Example: If the schema is ""[MCQ: A. Abnormal B. Inconclusive C. Normal]"" and the response is ""a"", output ""Abnormal"".
- For open-ended fields, output the exact text value.
- If the question asks for a count, provide only the number (e.g., ""42"").
- If the question asks for a list of names or IDs, provide a simple comma-separated list (e.g., ""17, 21, 23"").
- Preserve capitalization exactly as in the schema (e.g., output ""Abnormal"", not ""abnormal"" or ""A"").
</output>

<task>
What is the global rating score for respondent 10?
</task>",,
case_45,answer_lookup,What is the global rating score for respondent 3?,"{
  ""questions"": {
    ""Date"": ""What is the date of the session? [Open-ended]"",
    ""SessionName"": ""What is the name of the session? [Open-ended]"",
    ""Identification"": ""Identification of self, role, and patient. [Rubric: 0 = Requires direct prompting, 1 = Introduces themselves but only after a hint, 2 = Introduces themselves but information is incomplete, 3 = Introduces themselves and information is complete]"",
    ""Situation"": ""Identifies the main problem(s). [Rubric: 0 = Unable to identify the main problem(s), 1 = Identifies the main problem(s) after extended prompting, 2 = Identifies the main problem(s) with fewer prompts needed, 3 = Identifies and prioritizes the main problem(s) unprompted]"",
    ""Background (history)"": ""Gives appropriate history. [Rubric: 0 = History is unstructured or non-relevant, 1 = Relevant history but frequent clarification needed, 2 = Relevant history with few further questions needed, 3 = Comprehensive focused history]"",
    ""Background (examination)"": ""Gives appropriate examination/observations. [Rubric: 0 = Observations are omitted or irrelevant, 1 = Observations reported but frequent clarification needed, 2 = Observations reported with few further questions needed, 3 = Comprehensive focused examination/observations]"",
    ""Assessment"": ""Makes logical assessment (correlates problem, history, exam, context). [Rubric: 0 = No logical assessment, 1 = Assessment only after extended questioning, 2 = Assessment after minimal questioning, 3 = Comprehensive logical assessment without questioning]"",
    ""Recommendation (clear recommendation)"": ""Makes a clear recommendation. [Rubric: 0 = No recommendation, 1 = Clear recommendation only after extended questioning, 2 = Clear recommendation after minimal questioning, 3 = Clear comprehensive recommendation without questioning]"",
    ""Recommendation (global rating scale)"": ""Global Rating Scale (GRS) - How confident am I that I received an accurate picture of the patient? [Rubric: 0 = Not at all confident, 1 = Confident but required extended questioning, 2 = Confident but required some further questioning, 3 = Confident and required little or no questioning]"",
    ""Comments"": ""Comments on the session. [Open-ended]""
  },
  ""responses"": [
    {
      ""respondent"": ""3"",
      ""answers"": {
        ""Date"": ""2025-03-14"",
        ""SessionName"": ""IV-Hypoglycemia"",
        ""Identification"": 3,
        ""Situation"": 3,
        ""Background (history)"": 2,
        ""Background (examination)"": 2,
        ""Assessment"": 3,
        ""Recommendation (clear recommendation)"": 1,
        ""Recommendation (global rating scale)"": 1,
        ""Comments"": ""Time: (2:36-2:53)\nLate response for considering consultation""
      }
    },
    {
      ""respondent"": ""21"",
      ""answers"": {
        ""Date"": ""2025-05-16"",
        ""SessionName"": ""II (Anaphylaxsis)"",
        ""Identification"": 3,
        ""Situation"": 3,
        ""Background (history)"": 2,
        ""Background (examination)"": 2,
        ""Assessment"": 2,
        ""Recommendation (clear recommendation)"": 3,
        ""Recommendation (global rating scale)"": 2,
        ""Comments"": ""Overall a bit unclear communication reflected""
      }
    },
    {
      ""respondent"": ""1"",
      ""answers"": {
        ""Date"": ""2025-03-14"",
        ""SessionName"": ""III-Sepsis"",
        ""Identification"": 3,
        ""Situation"": 3,
        ""Background (history)"": 2,
        ""Background (examination)"": 3,
        ""Assessment"": 2,
        ""Recommendation (clear recommendation)"": 2,
        ""Recommendation (global rating scale)"": 2,
        ""Comments"": ""Time: (1:00-1:17)""
      }
    }
  ]
}",1,"<example>
What is the session name for respondent 21?

DATA:

{
  ""questions"": {
    ""Date"": ""What is the date of the session? [Open-ended]"",
    ""SessionName"": ""What is the name of the session? [Open-ended]"",
    ""Identification"": ""Identification of self, role, and patient. [Rubric: 0 = Requires direct prompting, 1 = Introduces themselves but only after a hint, 2 = Introduces themselves but information is incomplete, 3 = Introduces themselves and information is complete]"",
    ""Situation"": ""Identifies the main problem(s). [Rubric: 0 = Unable to identify the main problem(s), 1 = Identifies the main problem(s) after extended prompting, 2 = Identifies the main problem(s) with fewer prompts needed, 3 = Identifies and prioritizes the main problem(s) unprompted]"",
    ""Background (history)"": ""Gives appropriate history. [Rubric: 0 = History is unstructured or non-relevant, 1 = Relevant history but frequent clarification needed, 2 = Relevant history with few further questions needed, 3 = Comprehensive focused history]"",
    ""Background (examination)"": ""Gives appropriate examination/observations. [Rubric: 0 = Observations are omitted or irrelevant, 1 = Observations reported but frequent clarification needed, 2 = Observations reported with few further questions needed, 3 = Comprehensive focused examination/observations]"",
    ""Assessment"": ""Makes logical assessment (correlates problem, history, exam, context). [Rubric: 0 = No logical assessment, 1 = Assessment only after extended questioning, 2 = Assessment after minimal questioning, 3 = Comprehensive logical assessment without questioning]"",
    ""Recommendation (clear recommendation)"": ""Makes a clear recommendation. [Rubric: 0 = No recommendation, 1 = Clear recommendation only after extended questioning, 2 = Clear recommendation after minimal questioning, 3 = Clear comprehensive recommendation without questioning]"",
    ""Recommendation (global rating scale)"": ""Global Rating Scale (GRS) - How confident am I that I received an accurate picture of the patient? [Rubric: 0 = Not at all confident, 1 = Confident but required extended questioning, 2 = Confident but required some further questioning, 3 = Confident and required little or no questioning]"",
    ""Comments"": ""Comments on the session. [Open-ended]""
  },
  ""responses"": [
    {
      ""respondent"": ""21"",
      ""answers"": {
        ""Date"": ""2025-05-16"",
        ""SessionName"": ""II (Anaphylaxsis)"",
        ""Identification"": 3,
        ""Situation"": 3,
        ""Background (history)"": 2,
        ""Background (examination)"": 2,
        ""Assessment"": 2,
        ""Recommendation (clear recommendation)"": 3,
        ""Recommendation (global rating scale)"": 2,
        ""Comments"": ""Overall a bit unclear communication reflected""
      }
    },
    {
      ""respondent"": ""17"",
      ""answers"": {
        ""Date"": ""2025-05-04"",
        ""SessionName"": ""IV - VT"",
        ""Identification"": 3,
        ""Situation"": 3,
        ""Background (history)"": 2,
        ""Background (examination)"": 2,
        ""Assessment"": 3,
        ""Recommendation (clear recommendation)"": 2,
        ""Recommendation (global rating scale)"": 2,
        ""Comments"": ""Not very concise or clear communication\nSatisfactory""
      }
    },
    {
      ""respondent"": ""23"",
      ""answers"": {
        ""Date"": ""2025-05-16"",
        ""SessionName"": ""I (Myocardial infarction)"",
        ""Identification"": 3,
        ""Situation"": 2,
        ""Background (history)"": 3,
        ""Background (examination)"": 1,
        ""Assessment"": 2,
        ""Recommendation (clear recommendation)"": 3,
        ""Recommendation (global rating scale)"": 3,
        ""Comments"": ""Diagnostic clarity is present\nGood and early assessment of condition is done""
      }
    }
  ]
}

Answer: II (Anaphylaxsis)
</example>

<questionnaire>
{
  ""questions"": {
    ""Date"": ""What is the date of the session? [Open-ended]"",
    ""SessionName"": ""What is the name of the session? [Open-ended]"",
    ""Identification"": ""Identification of self, role, and patient. [Rubric: 0 = Requires direct prompting, 1 = Introduces themselves but only after a hint, 2 = Introduces themselves but information is incomplete, 3 = Introduces themselves and information is complete]"",
    ""Situation"": ""Identifies the main problem(s). [Rubric: 0 = Unable to identify the main problem(s), 1 = Identifies the main problem(s) after extended prompting, 2 = Identifies the main problem(s) with fewer prompts needed, 3 = Identifies and prioritizes the main problem(s) unprompted]"",
    ""Background (history)"": ""Gives appropriate history. [Rubric: 0 = History is unstructured or non-relevant, 1 = Relevant history but frequent clarification needed, 2 = Relevant history with few further questions needed, 3 = Comprehensive focused history]"",
    ""Background (examination)"": ""Gives appropriate examination/observations. [Rubric: 0 = Observations are omitted or irrelevant, 1 = Observations reported but frequent clarification needed, 2 = Observations reported with few further questions needed, 3 = Comprehensive focused examination/observations]"",
    ""Assessment"": ""Makes logical assessment (correlates problem, history, exam, context). [Rubric: 0 = No logical assessment, 1 = Assessment only after extended questioning, 2 = Assessment after minimal questioning, 3 = Comprehensive logical assessment without questioning]"",
    ""Recommendation (clear recommendation)"": ""Makes a clear recommendation. [Rubric: 0 = No recommendation, 1 = Clear recommendation only after extended questioning, 2 = Clear recommendation after minimal questioning, 3 = Clear comprehensive recommendation without questioning]"",
    ""Recommendation (global rating scale)"": ""Global Rating Scale (GRS) - How confident am I that I received an accurate picture of the patient? [Rubric: 0 = Not at all confident, 1 = Confident but required extended questioning, 2 = Confident but required some further questioning, 3 = Confident and required little or no questioning]"",
    ""Comments"": ""Comments on the session. [Open-ended]""
  },
  ""responses"": [
    {
      ""respondent"": ""3"",
      ""answers"": {
        ""Date"": ""2025-03-14"",
        ""SessionName"": ""IV-Hypoglycemia"",
        ""Identification"": 3,
        ""Situation"": 3,
        ""Background (history)"": 2,
        ""Background (examination)"": 2,
        ""Assessment"": 3,
        ""Recommendation (clear recommendation)"": 1,
        ""Recommendation (global rating scale)"": 1,
        ""Comments"": ""Time: (2:36-2:53)\nLate response for considering consultation""
      }
    },
    {
      ""respondent"": ""21"",
      ""answers"": {
        ""Date"": ""2025-05-16"",
        ""SessionName"": ""II (Anaphylaxsis)"",
        ""Identification"": 3,
        ""Situation"": 3,
        ""Background (history)"": 2,
        ""Background (examination)"": 2,
        ""Assessment"": 2,
        ""Recommendation (clear recommendation)"": 3,
        ""Recommendation (global rating scale)"": 2,
        ""Comments"": ""Overall a bit unclear communication reflected""
      }
    },
    {
      ""respondent"": ""1"",
      ""answers"": {
        ""Date"": ""2025-03-14"",
        ""SessionName"": ""III-Sepsis"",
        ""Identification"": 3,
        ""Situation"": 3,
        ""Background (history)"": 2,
        ""Background (examination)"": 3,
        ""Assessment"": 2,
        ""Recommendation (clear recommendation)"": 2,
        ""Recommendation (global rating scale)"": 2,
        ""Comments"": ""Time: (1:00-1:17)""
      }
    }
  ]
}
</questionnaire>

<role>
You are a meticulous data analyst AI. Your primary function is to accurately analyze structured data and provide precise, verifiable answers.
</role>

<output>
Provide your final answer directly and concisely. Output must be the human-readable value, not an option code.

Rules:
- For MCQ fields, map any letter codes in the Responses (case-insensitive) to the corresponding option text from the Questions schema, and output only that text. Do NOT include the letter or both.
  Example: If the schema is ""[MCQ: A. Abnormal B. Inconclusive C. Normal]"" and the response is ""a"", output ""Abnormal"".
- For open-ended fields, output the exact text value.
- If the question asks for a count, provide only the number (e.g., ""42"").
- If the question asks for a list of names or IDs, provide a simple comma-separated list (e.g., ""17, 21, 23"").
- Preserve capitalization exactly as in the schema (e.g., output ""Abnormal"", not ""abnormal"" or ""A"").
</output>

<task>
What is the global rating score for respondent 3?
</task>",,
case_46,answer_lookup,What is the session name for respondent 14?,"{
  ""questions"": {
    ""Date"": ""What is the date of the session? [Open-ended]"",
    ""SessionName"": ""What is the name of the session? [Open-ended]"",
    ""Identification"": ""Identification of self, role, and patient. [Rubric: 0 = Requires direct prompting, 1 = Introduces themselves but only after a hint, 2 = Introduces themselves but information is incomplete, 3 = Introduces themselves and information is complete]"",
    ""Situation"": ""Identifies the main problem(s). [Rubric: 0 = Unable to identify the main problem(s), 1 = Identifies the main problem(s) after extended prompting, 2 = Identifies the main problem(s) with fewer prompts needed, 3 = Identifies and prioritizes the main problem(s) unprompted]"",
    ""Background (history)"": ""Gives appropriate history. [Rubric: 0 = History is unstructured or non-relevant, 1 = Relevant history but frequent clarification needed, 2 = Relevant history with few further questions needed, 3 = Comprehensive focused history]"",
    ""Background (examination)"": ""Gives appropriate examination/observations. [Rubric: 0 = Observations are omitted or irrelevant, 1 = Observations reported but frequent clarification needed, 2 = Observations reported with few further questions needed, 3 = Comprehensive focused examination/observations]"",
    ""Assessment"": ""Makes logical assessment (correlates problem, history, exam, context). [Rubric: 0 = No logical assessment, 1 = Assessment only after extended questioning, 2 = Assessment after minimal questioning, 3 = Comprehensive logical assessment without questioning]"",
    ""Recommendation (clear recommendation)"": ""Makes a clear recommendation. [Rubric: 0 = No recommendation, 1 = Clear recommendation only after extended questioning, 2 = Clear recommendation after minimal questioning, 3 = Clear comprehensive recommendation without questioning]"",
    ""Recommendation (global rating scale)"": ""Global Rating Scale (GRS) - How confident am I that I received an accurate picture of the patient? [Rubric: 0 = Not at all confident, 1 = Confident but required extended questioning, 2 = Confident but required some further questioning, 3 = Confident and required little or no questioning]"",
    ""Comments"": ""Comments on the session. [Open-ended]""
  },
  ""responses"": [
    {
      ""respondent"": ""14"",
      ""answers"": {
        ""Date"": ""2025-05-02"",
        ""SessionName"": ""V (Hypoglycemia)"",
        ""Identification"": 3,
        ""Situation"": 2,
        ""Background (history)"": 2,
        ""Background (examination)"": 2,
        ""Assessment"": 3,
        ""Recommendation (clear recommendation)"": 2,
        ""Recommendation (global rating scale)"": 3,
        ""Comments"": ""Satisfactory""
      }
    },
    {
      ""respondent"": ""16"",
      ""answers"": {
        ""Date"": ""2025-05-04"",
        ""SessionName"": ""II - Anaphylaxsis"",
        ""Identification"": 3,
        ""Situation"": 3,
        ""Background (history)"": 3,
        ""Background (examination)"": 3,
        ""Assessment"": 3,
        ""Recommendation (clear recommendation)"": 2,
        ""Recommendation (global rating scale)"": 3,
        ""Comments"": ""Good clear and precise clinical handover\nGood""
      }
    },
    {
      ""respondent"": ""11"",
      ""answers"": {
        ""Date"": ""2025-05-02"",
        ""SessionName"": ""II (Anaphylaxis)"",
        ""Identification"": 3,
        ""Situation"": 3,
        ""Background (history)"": 3,
        ""Background (examination)"": 3,
        ""Assessment"": 2,
        ""Recommendation (clear recommendation)"": 3,
        ""Recommendation (global rating scale)"": 3,
        ""Comments"": ""Good""
      }
    }
  ]
}",V (Hypoglycemia),"<example>
What is the session name for respondent 21?

DATA:

{
  ""questions"": {
    ""Date"": ""What is the date of the session? [Open-ended]"",
    ""SessionName"": ""What is the name of the session? [Open-ended]"",
    ""Identification"": ""Identification of self, role, and patient. [Rubric: 0 = Requires direct prompting, 1 = Introduces themselves but only after a hint, 2 = Introduces themselves but information is incomplete, 3 = Introduces themselves and information is complete]"",
    ""Situation"": ""Identifies the main problem(s). [Rubric: 0 = Unable to identify the main problem(s), 1 = Identifies the main problem(s) after extended prompting, 2 = Identifies the main problem(s) with fewer prompts needed, 3 = Identifies and prioritizes the main problem(s) unprompted]"",
    ""Background (history)"": ""Gives appropriate history. [Rubric: 0 = History is unstructured or non-relevant, 1 = Relevant history but frequent clarification needed, 2 = Relevant history with few further questions needed, 3 = Comprehensive focused history]"",
    ""Background (examination)"": ""Gives appropriate examination/observations. [Rubric: 0 = Observations are omitted or irrelevant, 1 = Observations reported but frequent clarification needed, 2 = Observations reported with few further questions needed, 3 = Comprehensive focused examination/observations]"",
    ""Assessment"": ""Makes logical assessment (correlates problem, history, exam, context). [Rubric: 0 = No logical assessment, 1 = Assessment only after extended questioning, 2 = Assessment after minimal questioning, 3 = Comprehensive logical assessment without questioning]"",
    ""Recommendation (clear recommendation)"": ""Makes a clear recommendation. [Rubric: 0 = No recommendation, 1 = Clear recommendation only after extended questioning, 2 = Clear recommendation after minimal questioning, 3 = Clear comprehensive recommendation without questioning]"",
    ""Recommendation (global rating scale)"": ""Global Rating Scale (GRS) - How confident am I that I received an accurate picture of the patient? [Rubric: 0 = Not at all confident, 1 = Confident but required extended questioning, 2 = Confident but required some further questioning, 3 = Confident and required little or no questioning]"",
    ""Comments"": ""Comments on the session. [Open-ended]""
  },
  ""responses"": [
    {
      ""respondent"": ""21"",
      ""answers"": {
        ""Date"": ""2025-05-16"",
        ""SessionName"": ""II (Anaphylaxsis)"",
        ""Identification"": 3,
        ""Situation"": 3,
        ""Background (history)"": 2,
        ""Background (examination)"": 2,
        ""Assessment"": 2,
        ""Recommendation (clear recommendation)"": 3,
        ""Recommendation (global rating scale)"": 2,
        ""Comments"": ""Overall a bit unclear communication reflected""
      }
    },
    {
      ""respondent"": ""17"",
      ""answers"": {
        ""Date"": ""2025-05-04"",
        ""SessionName"": ""IV - VT"",
        ""Identification"": 3,
        ""Situation"": 3,
        ""Background (history)"": 2,
        ""Background (examination)"": 2,
        ""Assessment"": 3,
        ""Recommendation (clear recommendation)"": 2,
        ""Recommendation (global rating scale)"": 2,
        ""Comments"": ""Not very concise or clear communication\nSatisfactory""
      }
    },
    {
      ""respondent"": ""23"",
      ""answers"": {
        ""Date"": ""2025-05-16"",
        ""SessionName"": ""I (Myocardial infarction)"",
        ""Identification"": 3,
        ""Situation"": 2,
        ""Background (history)"": 3,
        ""Background (examination)"": 1,
        ""Assessment"": 2,
        ""Recommendation (clear recommendation)"": 3,
        ""Recommendation (global rating scale)"": 3,
        ""Comments"": ""Diagnostic clarity is present\nGood and early assessment of condition is done""
      }
    }
  ]
}

Answer: II (Anaphylaxsis)
</example>

<questionnaire>
{
  ""questions"": {
    ""Date"": ""What is the date of the session? [Open-ended]"",
    ""SessionName"": ""What is the name of the session? [Open-ended]"",
    ""Identification"": ""Identification of self, role, and patient. [Rubric: 0 = Requires direct prompting, 1 = Introduces themselves but only after a hint, 2 = Introduces themselves but information is incomplete, 3 = Introduces themselves and information is complete]"",
    ""Situation"": ""Identifies the main problem(s). [Rubric: 0 = Unable to identify the main problem(s), 1 = Identifies the main problem(s) after extended prompting, 2 = Identifies the main problem(s) with fewer prompts needed, 3 = Identifies and prioritizes the main problem(s) unprompted]"",
    ""Background (history)"": ""Gives appropriate history. [Rubric: 0 = History is unstructured or non-relevant, 1 = Relevant history but frequent clarification needed, 2 = Relevant history with few further questions needed, 3 = Comprehensive focused history]"",
    ""Background (examination)"": ""Gives appropriate examination/observations. [Rubric: 0 = Observations are omitted or irrelevant, 1 = Observations reported but frequent clarification needed, 2 = Observations reported with few further questions needed, 3 = Comprehensive focused examination/observations]"",
    ""Assessment"": ""Makes logical assessment (correlates problem, history, exam, context). [Rubric: 0 = No logical assessment, 1 = Assessment only after extended questioning, 2 = Assessment after minimal questioning, 3 = Comprehensive logical assessment without questioning]"",
    ""Recommendation (clear recommendation)"": ""Makes a clear recommendation. [Rubric: 0 = No recommendation, 1 = Clear recommendation only after extended questioning, 2 = Clear recommendation after minimal questioning, 3 = Clear comprehensive recommendation without questioning]"",
    ""Recommendation (global rating scale)"": ""Global Rating Scale (GRS) - How confident am I that I received an accurate picture of the patient? [Rubric: 0 = Not at all confident, 1 = Confident but required extended questioning, 2 = Confident but required some further questioning, 3 = Confident and required little or no questioning]"",
    ""Comments"": ""Comments on the session. [Open-ended]""
  },
  ""responses"": [
    {
      ""respondent"": ""14"",
      ""answers"": {
        ""Date"": ""2025-05-02"",
        ""SessionName"": ""V (Hypoglycemia)"",
        ""Identification"": 3,
        ""Situation"": 2,
        ""Background (history)"": 2,
        ""Background (examination)"": 2,
        ""Assessment"": 3,
        ""Recommendation (clear recommendation)"": 2,
        ""Recommendation (global rating scale)"": 3,
        ""Comments"": ""Satisfactory""
      }
    },
    {
      ""respondent"": ""16"",
      ""answers"": {
        ""Date"": ""2025-05-04"",
        ""SessionName"": ""II - Anaphylaxsis"",
        ""Identification"": 3,
        ""Situation"": 3,
        ""Background (history)"": 3,
        ""Background (examination)"": 3,
        ""Assessment"": 3,
        ""Recommendation (clear recommendation)"": 2,
        ""Recommendation (global rating scale)"": 3,
        ""Comments"": ""Good clear and precise clinical handover\nGood""
      }
    },
    {
      ""respondent"": ""11"",
      ""answers"": {
        ""Date"": ""2025-05-02"",
        ""SessionName"": ""II (Anaphylaxis)"",
        ""Identification"": 3,
        ""Situation"": 3,
        ""Background (history)"": 3,
        ""Background (examination)"": 3,
        ""Assessment"": 2,
        ""Recommendation (clear recommendation)"": 3,
        ""Recommendation (global rating scale)"": 3,
        ""Comments"": ""Good""
      }
    }
  ]
}
</questionnaire>

<role>
You are a meticulous data analyst AI. Your primary function is to accurately analyze structured data and provide precise, verifiable answers.
</role>

<output>
Provide your final answer directly and concisely. Output must be the human-readable value, not an option code.

Rules:
- For MCQ fields, map any letter codes in the Responses (case-insensitive) to the corresponding option text from the Questions schema, and output only that text. Do NOT include the letter or both.
  Example: If the schema is ""[MCQ: A. Abnormal B. Inconclusive C. Normal]"" and the response is ""a"", output ""Abnormal"".
- For open-ended fields, output the exact text value.
- If the question asks for a count, provide only the number (e.g., ""42"").
- If the question asks for a list of names or IDs, provide a simple comma-separated list (e.g., ""17, 21, 23"").
- Preserve capitalization exactly as in the schema (e.g., output ""Abnormal"", not ""abnormal"" or ""A"").
</output>

<task>
What is the session name for respondent 14?
</task>",,
case_47,answer_lookup,What is the global rating score for respondent 9?,"{
  ""questions"": {
    ""Date"": ""What is the date of the session? [Open-ended]"",
    ""SessionName"": ""What is the name of the session? [Open-ended]"",
    ""Identification"": ""Identification of self, role, and patient. [Rubric: 0 = Requires direct prompting, 1 = Introduces themselves but only after a hint, 2 = Introduces themselves but information is incomplete, 3 = Introduces themselves and information is complete]"",
    ""Situation"": ""Identifies the main problem(s). [Rubric: 0 = Unable to identify the main problem(s), 1 = Identifies the main problem(s) after extended prompting, 2 = Identifies the main problem(s) with fewer prompts needed, 3 = Identifies and prioritizes the main problem(s) unprompted]"",
    ""Background (history)"": ""Gives appropriate history. [Rubric: 0 = History is unstructured or non-relevant, 1 = Relevant history but frequent clarification needed, 2 = Relevant history with few further questions needed, 3 = Comprehensive focused history]"",
    ""Background (examination)"": ""Gives appropriate examination/observations. [Rubric: 0 = Observations are omitted or irrelevant, 1 = Observations reported but frequent clarification needed, 2 = Observations reported with few further questions needed, 3 = Comprehensive focused examination/observations]"",
    ""Assessment"": ""Makes logical assessment (correlates problem, history, exam, context). [Rubric: 0 = No logical assessment, 1 = Assessment only after extended questioning, 2 = Assessment after minimal questioning, 3 = Comprehensive logical assessment without questioning]"",
    ""Recommendation (clear recommendation)"": ""Makes a clear recommendation. [Rubric: 0 = No recommendation, 1 = Clear recommendation only after extended questioning, 2 = Clear recommendation after minimal questioning, 3 = Clear comprehensive recommendation without questioning]"",
    ""Recommendation (global rating scale)"": ""Global Rating Scale (GRS) - How confident am I that I received an accurate picture of the patient? [Rubric: 0 = Not at all confident, 1 = Confident but required extended questioning, 2 = Confident but required some further questioning, 3 = Confident and required little or no questioning]"",
    ""Comments"": ""Comments on the session. [Open-ended]""
  },
  ""responses"": [
    {
      ""respondent"": ""9"",
      ""answers"": {
        ""Date"": ""2025-04-04"",
        ""SessionName"": ""MI"",
        ""Identification"": 2,
        ""Situation"": 3,
        ""Background (history)"": 2,
        ""Background (examination)"": 3,
        ""Assessment"": 3,
        ""Recommendation (clear recommendation)"": 2,
        ""Recommendation (global rating scale)"": 2,
        ""Comments"": """"
      }
    },
    {
      ""respondent"": ""17"",
      ""answers"": {
        ""Date"": ""2025-05-04"",
        ""SessionName"": ""IV - VT"",
        ""Identification"": 3,
        ""Situation"": 3,
        ""Background (history)"": 2,
        ""Background (examination)"": 2,
        ""Assessment"": 3,
        ""Recommendation (clear recommendation)"": 2,
        ""Recommendation (global rating scale)"": 2,
        ""Comments"": ""Not very concise or clear communication\nSatisfactory""
      }
    },
    {
      ""respondent"": ""1"",
      ""answers"": {
        ""Date"": ""2025-03-14"",
        ""SessionName"": ""III-Sepsis"",
        ""Identification"": 3,
        ""Situation"": 3,
        ""Background (history)"": 2,
        ""Background (examination)"": 3,
        ""Assessment"": 2,
        ""Recommendation (clear recommendation)"": 2,
        ""Recommendation (global rating scale)"": 2,
        ""Comments"": ""Time: (1:00-1:17)""
      }
    }
  ]
}",2,"<example>
What is the session name for respondent 21?

DATA:

{
  ""questions"": {
    ""Date"": ""What is the date of the session? [Open-ended]"",
    ""SessionName"": ""What is the name of the session? [Open-ended]"",
    ""Identification"": ""Identification of self, role, and patient. [Rubric: 0 = Requires direct prompting, 1 = Introduces themselves but only after a hint, 2 = Introduces themselves but information is incomplete, 3 = Introduces themselves and information is complete]"",
    ""Situation"": ""Identifies the main problem(s). [Rubric: 0 = Unable to identify the main problem(s), 1 = Identifies the main problem(s) after extended prompting, 2 = Identifies the main problem(s) with fewer prompts needed, 3 = Identifies and prioritizes the main problem(s) unprompted]"",
    ""Background (history)"": ""Gives appropriate history. [Rubric: 0 = History is unstructured or non-relevant, 1 = Relevant history but frequent clarification needed, 2 = Relevant history with few further questions needed, 3 = Comprehensive focused history]"",
    ""Background (examination)"": ""Gives appropriate examination/observations. [Rubric: 0 = Observations are omitted or irrelevant, 1 = Observations reported but frequent clarification needed, 2 = Observations reported with few further questions needed, 3 = Comprehensive focused examination/observations]"",
    ""Assessment"": ""Makes logical assessment (correlates problem, history, exam, context). [Rubric: 0 = No logical assessment, 1 = Assessment only after extended questioning, 2 = Assessment after minimal questioning, 3 = Comprehensive logical assessment without questioning]"",
    ""Recommendation (clear recommendation)"": ""Makes a clear recommendation. [Rubric: 0 = No recommendation, 1 = Clear recommendation only after extended questioning, 2 = Clear recommendation after minimal questioning, 3 = Clear comprehensive recommendation without questioning]"",
    ""Recommendation (global rating scale)"": ""Global Rating Scale (GRS) - How confident am I that I received an accurate picture of the patient? [Rubric: 0 = Not at all confident, 1 = Confident but required extended questioning, 2 = Confident but required some further questioning, 3 = Confident and required little or no questioning]"",
    ""Comments"": ""Comments on the session. [Open-ended]""
  },
  ""responses"": [
    {
      ""respondent"": ""21"",
      ""answers"": {
        ""Date"": ""2025-05-16"",
        ""SessionName"": ""II (Anaphylaxsis)"",
        ""Identification"": 3,
        ""Situation"": 3,
        ""Background (history)"": 2,
        ""Background (examination)"": 2,
        ""Assessment"": 2,
        ""Recommendation (clear recommendation)"": 3,
        ""Recommendation (global rating scale)"": 2,
        ""Comments"": ""Overall a bit unclear communication reflected""
      }
    },
    {
      ""respondent"": ""17"",
      ""answers"": {
        ""Date"": ""2025-05-04"",
        ""SessionName"": ""IV - VT"",
        ""Identification"": 3,
        ""Situation"": 3,
        ""Background (history)"": 2,
        ""Background (examination)"": 2,
        ""Assessment"": 3,
        ""Recommendation (clear recommendation)"": 2,
        ""Recommendation (global rating scale)"": 2,
        ""Comments"": ""Not very concise or clear communication\nSatisfactory""
      }
    },
    {
      ""respondent"": ""23"",
      ""answers"": {
        ""Date"": ""2025-05-16"",
        ""SessionName"": ""I (Myocardial infarction)"",
        ""Identification"": 3,
        ""Situation"": 2,
        ""Background (history)"": 3,
        ""Background (examination)"": 1,
        ""Assessment"": 2,
        ""Recommendation (clear recommendation)"": 3,
        ""Recommendation (global rating scale)"": 3,
        ""Comments"": ""Diagnostic clarity is present\nGood and early assessment of condition is done""
      }
    }
  ]
}

Answer: II (Anaphylaxsis)
</example>

<questionnaire>
{
  ""questions"": {
    ""Date"": ""What is the date of the session? [Open-ended]"",
    ""SessionName"": ""What is the name of the session? [Open-ended]"",
    ""Identification"": ""Identification of self, role, and patient. [Rubric: 0 = Requires direct prompting, 1 = Introduces themselves but only after a hint, 2 = Introduces themselves but information is incomplete, 3 = Introduces themselves and information is complete]"",
    ""Situation"": ""Identifies the main problem(s). [Rubric: 0 = Unable to identify the main problem(s), 1 = Identifies the main problem(s) after extended prompting, 2 = Identifies the main problem(s) with fewer prompts needed, 3 = Identifies and prioritizes the main problem(s) unprompted]"",
    ""Background (history)"": ""Gives appropriate history. [Rubric: 0 = History is unstructured or non-relevant, 1 = Relevant history but frequent clarification needed, 2 = Relevant history with few further questions needed, 3 = Comprehensive focused history]"",
    ""Background (examination)"": ""Gives appropriate examination/observations. [Rubric: 0 = Observations are omitted or irrelevant, 1 = Observations reported but frequent clarification needed, 2 = Observations reported with few further questions needed, 3 = Comprehensive focused examination/observations]"",
    ""Assessment"": ""Makes logical assessment (correlates problem, history, exam, context). [Rubric: 0 = No logical assessment, 1 = Assessment only after extended questioning, 2 = Assessment after minimal questioning, 3 = Comprehensive logical assessment without questioning]"",
    ""Recommendation (clear recommendation)"": ""Makes a clear recommendation. [Rubric: 0 = No recommendation, 1 = Clear recommendation only after extended questioning, 2 = Clear recommendation after minimal questioning, 3 = Clear comprehensive recommendation without questioning]"",
    ""Recommendation (global rating scale)"": ""Global Rating Scale (GRS) - How confident am I that I received an accurate picture of the patient? [Rubric: 0 = Not at all confident, 1 = Confident but required extended questioning, 2 = Confident but required some further questioning, 3 = Confident and required little or no questioning]"",
    ""Comments"": ""Comments on the session. [Open-ended]""
  },
  ""responses"": [
    {
      ""respondent"": ""9"",
      ""answers"": {
        ""Date"": ""2025-04-04"",
        ""SessionName"": ""MI"",
        ""Identification"": 2,
        ""Situation"": 3,
        ""Background (history)"": 2,
        ""Background (examination)"": 3,
        ""Assessment"": 3,
        ""Recommendation (clear recommendation)"": 2,
        ""Recommendation (global rating scale)"": 2,
        ""Comments"": """"
      }
    },
    {
      ""respondent"": ""17"",
      ""answers"": {
        ""Date"": ""2025-05-04"",
        ""SessionName"": ""IV - VT"",
        ""Identification"": 3,
        ""Situation"": 3,
        ""Background (history)"": 2,
        ""Background (examination)"": 2,
        ""Assessment"": 3,
        ""Recommendation (clear recommendation)"": 2,
        ""Recommendation (global rating scale)"": 2,
        ""Comments"": ""Not very concise or clear communication\nSatisfactory""
      }
    },
    {
      ""respondent"": ""1"",
      ""answers"": {
        ""Date"": ""2025-03-14"",
        ""SessionName"": ""III-Sepsis"",
        ""Identification"": 3,
        ""Situation"": 3,
        ""Background (history)"": 2,
        ""Background (examination)"": 3,
        ""Assessment"": 2,
        ""Recommendation (clear recommendation)"": 2,
        ""Recommendation (global rating scale)"": 2,
        ""Comments"": ""Time: (1:00-1:17)""
      }
    }
  ]
}
</questionnaire>

<role>
You are a meticulous data analyst AI. Your primary function is to accurately analyze structured data and provide precise, verifiable answers.
</role>

<output>
Provide your final answer directly and concisely. Output must be the human-readable value, not an option code.

Rules:
- For MCQ fields, map any letter codes in the Responses (case-insensitive) to the corresponding option text from the Questions schema, and output only that text. Do NOT include the letter or both.
  Example: If the schema is ""[MCQ: A. Abnormal B. Inconclusive C. Normal]"" and the response is ""a"", output ""Abnormal"".
- For open-ended fields, output the exact text value.
- If the question asks for a count, provide only the number (e.g., ""42"").
- If the question asks for a list of names or IDs, provide a simple comma-separated list (e.g., ""17, 21, 23"").
- Preserve capitalization exactly as in the schema (e.g., output ""Abnormal"", not ""abnormal"" or ""A"").
</output>

<task>
What is the global rating score for respondent 9?
</task>",,
case_48,answer_lookup,What is the session name for respondent 4?,"{
  ""questions"": {
    ""Date"": ""What is the date of the session? [Open-ended]"",
    ""SessionName"": ""What is the name of the session? [Open-ended]"",
    ""Identification"": ""Identification of self, role, and patient. [Rubric: 0 = Requires direct prompting, 1 = Introduces themselves but only after a hint, 2 = Introduces themselves but information is incomplete, 3 = Introduces themselves and information is complete]"",
    ""Situation"": ""Identifies the main problem(s). [Rubric: 0 = Unable to identify the main problem(s), 1 = Identifies the main problem(s) after extended prompting, 2 = Identifies the main problem(s) with fewer prompts needed, 3 = Identifies and prioritizes the main problem(s) unprompted]"",
    ""Background (history)"": ""Gives appropriate history. [Rubric: 0 = History is unstructured or non-relevant, 1 = Relevant history but frequent clarification needed, 2 = Relevant history with few further questions needed, 3 = Comprehensive focused history]"",
    ""Background (examination)"": ""Gives appropriate examination/observations. [Rubric: 0 = Observations are omitted or irrelevant, 1 = Observations reported but frequent clarification needed, 2 = Observations reported with few further questions needed, 3 = Comprehensive focused examination/observations]"",
    ""Assessment"": ""Makes logical assessment (correlates problem, history, exam, context). [Rubric: 0 = No logical assessment, 1 = Assessment only after extended questioning, 2 = Assessment after minimal questioning, 3 = Comprehensive logical assessment without questioning]"",
    ""Recommendation (clear recommendation)"": ""Makes a clear recommendation. [Rubric: 0 = No recommendation, 1 = Clear recommendation only after extended questioning, 2 = Clear recommendation after minimal questioning, 3 = Clear comprehensive recommendation without questioning]"",
    ""Recommendation (global rating scale)"": ""Global Rating Scale (GRS) - How confident am I that I received an accurate picture of the patient? [Rubric: 0 = Not at all confident, 1 = Confident but required extended questioning, 2 = Confident but required some further questioning, 3 = Confident and required little or no questioning]"",
    ""Comments"": ""Comments on the session. [Open-ended]""
  },
  ""responses"": [
    {
      ""respondent"": ""4"",
      ""answers"": {
        ""Date"": ""2025-03-14"",
        ""SessionName"": ""I-VF"",
        ""Identification"": 3,
        ""Situation"": 3,
        ""Background (history)"": 2,
        ""Background (examination)"": 1,
        ""Assessment"": 2,
        ""Recommendation (clear recommendation)"": 2,
        ""Recommendation (global rating scale)"": 2,
        ""Comments"": ""Time: (10:29-10:54)\nVentricular fibrillation (CVS)\nLack of communication btween 2 main interns\nFurther brief to patient, ask patent concerns""
      }
    },
    {
      ""respondent"": ""5"",
      ""answers"": {
        ""Date"": ""2025-03-14"",
        ""SessionName"": ""(MI)-VT"",
        ""Identification"": 0,
        ""Situation"": 2,
        ""Background (history)"": 2,
        ""Background (examination)"": 2,
        ""Assessment"": 2,
        ""Recommendation (clear recommendation)"": 2,
        ""Recommendation (global rating scale)"": 2,
        ""Comments"": ""Time: (15:53-16:14)""
      }
    },
    {
      ""respondent"": ""2"",
      ""answers"": {
        ""Date"": ""2025-03-14"",
        ""SessionName"": ""II-Anaphylaxsis"",
        ""Identification"": 3,
        ""Situation"": 3,
        ""Background (history)"": 2,
        ""Background (examination)"": 2,
        ""Assessment"": 3,
        ""Recommendation (clear recommendation)"": 3,
        ""Recommendation (global rating scale)"": 3,
        ""Comments"": ""Time: (11:43-11:58)\nTalking to registrav could not summarize the condition of patient very clearly\nDID: Sepsis I Anaphylaxsis given by team""
      }
    }
  ]
}",I-VF,"<example>
What is the session name for respondent 21?

DATA:

{
  ""questions"": {
    ""Date"": ""What is the date of the session? [Open-ended]"",
    ""SessionName"": ""What is the name of the session? [Open-ended]"",
    ""Identification"": ""Identification of self, role, and patient. [Rubric: 0 = Requires direct prompting, 1 = Introduces themselves but only after a hint, 2 = Introduces themselves but information is incomplete, 3 = Introduces themselves and information is complete]"",
    ""Situation"": ""Identifies the main problem(s). [Rubric: 0 = Unable to identify the main problem(s), 1 = Identifies the main problem(s) after extended prompting, 2 = Identifies the main problem(s) with fewer prompts needed, 3 = Identifies and prioritizes the main problem(s) unprompted]"",
    ""Background (history)"": ""Gives appropriate history. [Rubric: 0 = History is unstructured or non-relevant, 1 = Relevant history but frequent clarification needed, 2 = Relevant history with few further questions needed, 3 = Comprehensive focused history]"",
    ""Background (examination)"": ""Gives appropriate examination/observations. [Rubric: 0 = Observations are omitted or irrelevant, 1 = Observations reported but frequent clarification needed, 2 = Observations reported with few further questions needed, 3 = Comprehensive focused examination/observations]"",
    ""Assessment"": ""Makes logical assessment (correlates problem, history, exam, context). [Rubric: 0 = No logical assessment, 1 = Assessment only after extended questioning, 2 = Assessment after minimal questioning, 3 = Comprehensive logical assessment without questioning]"",
    ""Recommendation (clear recommendation)"": ""Makes a clear recommendation. [Rubric: 0 = No recommendation, 1 = Clear recommendation only after extended questioning, 2 = Clear recommendation after minimal questioning, 3 = Clear comprehensive recommendation without questioning]"",
    ""Recommendation (global rating scale)"": ""Global Rating Scale (GRS) - How confident am I that I received an accurate picture of the patient? [Rubric: 0 = Not at all confident, 1 = Confident but required extended questioning, 2 = Confident but required some further questioning, 3 = Confident and required little or no questioning]"",
    ""Comments"": ""Comments on the session. [Open-ended]""
  },
  ""responses"": [
    {
      ""respondent"": ""21"",
      ""answers"": {
        ""Date"": ""2025-05-16"",
        ""SessionName"": ""II (Anaphylaxsis)"",
        ""Identification"": 3,
        ""Situation"": 3,
        ""Background (history)"": 2,
        ""Background (examination)"": 2,
        ""Assessment"": 2,
        ""Recommendation (clear recommendation)"": 3,
        ""Recommendation (global rating scale)"": 2,
        ""Comments"": ""Overall a bit unclear communication reflected""
      }
    },
    {
      ""respondent"": ""17"",
      ""answers"": {
        ""Date"": ""2025-05-04"",
        ""SessionName"": ""IV - VT"",
        ""Identification"": 3,
        ""Situation"": 3,
        ""Background (history)"": 2,
        ""Background (examination)"": 2,
        ""Assessment"": 3,
        ""Recommendation (clear recommendation)"": 2,
        ""Recommendation (global rating scale)"": 2,
        ""Comments"": ""Not very concise or clear communication\nSatisfactory""
      }
    },
    {
      ""respondent"": ""23"",
      ""answers"": {
        ""Date"": ""2025-05-16"",
        ""SessionName"": ""I (Myocardial infarction)"",
        ""Identification"": 3,
        ""Situation"": 2,
        ""Background (history)"": 3,
        ""Background (examination)"": 1,
        ""Assessment"": 2,
        ""Recommendation (clear recommendation)"": 3,
        ""Recommendation (global rating scale)"": 3,
        ""Comments"": ""Diagnostic clarity is present\nGood and early assessment of condition is done""
      }
    }
  ]
}

Answer: II (Anaphylaxsis)
</example>

<questionnaire>
{
  ""questions"": {
    ""Date"": ""What is the date of the session? [Open-ended]"",
    ""SessionName"": ""What is the name of the session? [Open-ended]"",
    ""Identification"": ""Identification of self, role, and patient. [Rubric: 0 = Requires direct prompting, 1 = Introduces themselves but only after a hint, 2 = Introduces themselves but information is incomplete, 3 = Introduces themselves and information is complete]"",
    ""Situation"": ""Identifies the main problem(s). [Rubric: 0 = Unable to identify the main problem(s), 1 = Identifies the main problem(s) after extended prompting, 2 = Identifies the main problem(s) with fewer prompts needed, 3 = Identifies and prioritizes the main problem(s) unprompted]"",
    ""Background (history)"": ""Gives appropriate history. [Rubric: 0 = History is unstructured or non-relevant, 1 = Relevant history but frequent clarification needed, 2 = Relevant history with few further questions needed, 3 = Comprehensive focused history]"",
    ""Background (examination)"": ""Gives appropriate examination/observations. [Rubric: 0 = Observations are omitted or irrelevant, 1 = Observations reported but frequent clarification needed, 2 = Observations reported with few further questions needed, 3 = Comprehensive focused examination/observations]"",
    ""Assessment"": ""Makes logical assessment (correlates problem, history, exam, context). [Rubric: 0 = No logical assessment, 1 = Assessment only after extended questioning, 2 = Assessment after minimal questioning, 3 = Comprehensive logical assessment without questioning]"",
    ""Recommendation (clear recommendation)"": ""Makes a clear recommendation. [Rubric: 0 = No recommendation, 1 = Clear recommendation only after extended questioning, 2 = Clear recommendation after minimal questioning, 3 = Clear comprehensive recommendation without questioning]"",
    ""Recommendation (global rating scale)"": ""Global Rating Scale (GRS) - How confident am I that I received an accurate picture of the patient? [Rubric: 0 = Not at all confident, 1 = Confident but required extended questioning, 2 = Confident but required some further questioning, 3 = Confident and required little or no questioning]"",
    ""Comments"": ""Comments on the session. [Open-ended]""
  },
  ""responses"": [
    {
      ""respondent"": ""4"",
      ""answers"": {
        ""Date"": ""2025-03-14"",
        ""SessionName"": ""I-VF"",
        ""Identification"": 3,
        ""Situation"": 3,
        ""Background (history)"": 2,
        ""Background (examination)"": 1,
        ""Assessment"": 2,
        ""Recommendation (clear recommendation)"": 2,
        ""Recommendation (global rating scale)"": 2,
        ""Comments"": ""Time: (10:29-10:54)\nVentricular fibrillation (CVS)\nLack of communication btween 2 main interns\nFurther brief to patient, ask patent concerns""
      }
    },
    {
      ""respondent"": ""5"",
      ""answers"": {
        ""Date"": ""2025-03-14"",
        ""SessionName"": ""(MI)-VT"",
        ""Identification"": 0,
        ""Situation"": 2,
        ""Background (history)"": 2,
        ""Background (examination)"": 2,
        ""Assessment"": 2,
        ""Recommendation (clear recommendation)"": 2,
        ""Recommendation (global rating scale)"": 2,
        ""Comments"": ""Time: (15:53-16:14)""
      }
    },
    {
      ""respondent"": ""2"",
      ""answers"": {
        ""Date"": ""2025-03-14"",
        ""SessionName"": ""II-Anaphylaxsis"",
        ""Identification"": 3,
        ""Situation"": 3,
        ""Background (history)"": 2,
        ""Background (examination)"": 2,
        ""Assessment"": 3,
        ""Recommendation (clear recommendation)"": 3,
        ""Recommendation (global rating scale)"": 3,
        ""Comments"": ""Time: (11:43-11:58)\nTalking to registrav could not summarize the condition of patient very clearly\nDID: Sepsis I Anaphylaxsis given by team""
      }
    }
  ]
}
</questionnaire>

<role>
You are a meticulous data analyst AI. Your primary function is to accurately analyze structured data and provide precise, verifiable answers.
</role>

<output>
Provide your final answer directly and concisely. Output must be the human-readable value, not an option code.

Rules:
- For MCQ fields, map any letter codes in the Responses (case-insensitive) to the corresponding option text from the Questions schema, and output only that text. Do NOT include the letter or both.
  Example: If the schema is ""[MCQ: A. Abnormal B. Inconclusive C. Normal]"" and the response is ""a"", output ""Abnormal"".
- For open-ended fields, output the exact text value.
- If the question asks for a count, provide only the number (e.g., ""42"").
- If the question asks for a list of names or IDs, provide a simple comma-separated list (e.g., ""17, 21, 23"").
- Preserve capitalization exactly as in the schema (e.g., output ""Abnormal"", not ""abnormal"" or ""A"").
</output>

<task>
What is the session name for respondent 4?
</task>",,
case_49,answer_lookup,What is the identification score for respondent 14?,"{
  ""questions"": {
    ""Date"": ""What is the date of the session? [Open-ended]"",
    ""SessionName"": ""What is the name of the session? [Open-ended]"",
    ""Identification"": ""Identification of self, role, and patient. [Rubric: 0 = Requires direct prompting, 1 = Introduces themselves but only after a hint, 2 = Introduces themselves but information is incomplete, 3 = Introduces themselves and information is complete]"",
    ""Situation"": ""Identifies the main problem(s). [Rubric: 0 = Unable to identify the main problem(s), 1 = Identifies the main problem(s) after extended prompting, 2 = Identifies the main problem(s) with fewer prompts needed, 3 = Identifies and prioritizes the main problem(s) unprompted]"",
    ""Background (history)"": ""Gives appropriate history. [Rubric: 0 = History is unstructured or non-relevant, 1 = Relevant history but frequent clarification needed, 2 = Relevant history with few further questions needed, 3 = Comprehensive focused history]"",
    ""Background (examination)"": ""Gives appropriate examination/observations. [Rubric: 0 = Observations are omitted or irrelevant, 1 = Observations reported but frequent clarification needed, 2 = Observations reported with few further questions needed, 3 = Comprehensive focused examination/observations]"",
    ""Assessment"": ""Makes logical assessment (correlates problem, history, exam, context). [Rubric: 0 = No logical assessment, 1 = Assessment only after extended questioning, 2 = Assessment after minimal questioning, 3 = Comprehensive logical assessment without questioning]"",
    ""Recommendation (clear recommendation)"": ""Makes a clear recommendation. [Rubric: 0 = No recommendation, 1 = Clear recommendation only after extended questioning, 2 = Clear recommendation after minimal questioning, 3 = Clear comprehensive recommendation without questioning]"",
    ""Recommendation (global rating scale)"": ""Global Rating Scale (GRS) - How confident am I that I received an accurate picture of the patient? [Rubric: 0 = Not at all confident, 1 = Confident but required extended questioning, 2 = Confident but required some further questioning, 3 = Confident and required little or no questioning]"",
    ""Comments"": ""Comments on the session. [Open-ended]""
  },
  ""responses"": [
    {
      ""respondent"": ""14"",
      ""answers"": {
        ""Date"": ""2025-05-02"",
        ""SessionName"": ""V (Hypoglycemia)"",
        ""Identification"": 3,
        ""Situation"": 2,
        ""Background (history)"": 2,
        ""Background (examination)"": 2,
        ""Assessment"": 3,
        ""Recommendation (clear recommendation)"": 2,
        ""Recommendation (global rating scale)"": 3,
        ""Comments"": ""Satisfactory""
      }
    },
    {
      ""respondent"": ""17"",
      ""answers"": {
        ""Date"": ""2025-05-04"",
        ""SessionName"": ""IV - VT"",
        ""Identification"": 3,
        ""Situation"": 3,
        ""Background (history)"": 2,
        ""Background (examination)"": 2,
        ""Assessment"": 3,
        ""Recommendation (clear recommendation)"": 2,
        ""Recommendation (global rating scale)"": 2,
        ""Comments"": ""Not very concise or clear communication\nSatisfactory""
      }
    },
    {
      ""respondent"": ""5"",
      ""answers"": {
        ""Date"": ""2025-03-14"",
        ""SessionName"": ""(MI)-VT"",
        ""Identification"": 0,
        ""Situation"": 2,
        ""Background (history)"": 2,
        ""Background (examination)"": 2,
        ""Assessment"": 2,
        ""Recommendation (clear recommendation)"": 2,
        ""Recommendation (global rating scale)"": 2,
        ""Comments"": ""Time: (15:53-16:14)""
      }
    }
  ]
}",3,"<example>
What is the session name for respondent 21?

DATA:

{
  ""questions"": {
    ""Date"": ""What is the date of the session? [Open-ended]"",
    ""SessionName"": ""What is the name of the session? [Open-ended]"",
    ""Identification"": ""Identification of self, role, and patient. [Rubric: 0 = Requires direct prompting, 1 = Introduces themselves but only after a hint, 2 = Introduces themselves but information is incomplete, 3 = Introduces themselves and information is complete]"",
    ""Situation"": ""Identifies the main problem(s). [Rubric: 0 = Unable to identify the main problem(s), 1 = Identifies the main problem(s) after extended prompting, 2 = Identifies the main problem(s) with fewer prompts needed, 3 = Identifies and prioritizes the main problem(s) unprompted]"",
    ""Background (history)"": ""Gives appropriate history. [Rubric: 0 = History is unstructured or non-relevant, 1 = Relevant history but frequent clarification needed, 2 = Relevant history with few further questions needed, 3 = Comprehensive focused history]"",
    ""Background (examination)"": ""Gives appropriate examination/observations. [Rubric: 0 = Observations are omitted or irrelevant, 1 = Observations reported but frequent clarification needed, 2 = Observations reported with few further questions needed, 3 = Comprehensive focused examination/observations]"",
    ""Assessment"": ""Makes logical assessment (correlates problem, history, exam, context). [Rubric: 0 = No logical assessment, 1 = Assessment only after extended questioning, 2 = Assessment after minimal questioning, 3 = Comprehensive logical assessment without questioning]"",
    ""Recommendation (clear recommendation)"": ""Makes a clear recommendation. [Rubric: 0 = No recommendation, 1 = Clear recommendation only after extended questioning, 2 = Clear recommendation after minimal questioning, 3 = Clear comprehensive recommendation without questioning]"",
    ""Recommendation (global rating scale)"": ""Global Rating Scale (GRS) - How confident am I that I received an accurate picture of the patient? [Rubric: 0 = Not at all confident, 1 = Confident but required extended questioning, 2 = Confident but required some further questioning, 3 = Confident and required little or no questioning]"",
    ""Comments"": ""Comments on the session. [Open-ended]""
  },
  ""responses"": [
    {
      ""respondent"": ""21"",
      ""answers"": {
        ""Date"": ""2025-05-16"",
        ""SessionName"": ""II (Anaphylaxsis)"",
        ""Identification"": 3,
        ""Situation"": 3,
        ""Background (history)"": 2,
        ""Background (examination)"": 2,
        ""Assessment"": 2,
        ""Recommendation (clear recommendation)"": 3,
        ""Recommendation (global rating scale)"": 2,
        ""Comments"": ""Overall a bit unclear communication reflected""
      }
    },
    {
      ""respondent"": ""17"",
      ""answers"": {
        ""Date"": ""2025-05-04"",
        ""SessionName"": ""IV - VT"",
        ""Identification"": 3,
        ""Situation"": 3,
        ""Background (history)"": 2,
        ""Background (examination)"": 2,
        ""Assessment"": 3,
        ""Recommendation (clear recommendation)"": 2,
        ""Recommendation (global rating scale)"": 2,
        ""Comments"": ""Not very concise or clear communication\nSatisfactory""
      }
    },
    {
      ""respondent"": ""23"",
      ""answers"": {
        ""Date"": ""2025-05-16"",
        ""SessionName"": ""I (Myocardial infarction)"",
        ""Identification"": 3,
        ""Situation"": 2,
        ""Background (history)"": 3,
        ""Background (examination)"": 1,
        ""Assessment"": 2,
        ""Recommendation (clear recommendation)"": 3,
        ""Recommendation (global rating scale)"": 3,
        ""Comments"": ""Diagnostic clarity is present\nGood and early assessment of condition is done""
      }
    }
  ]
}

Answer: II (Anaphylaxsis)
</example>

<questionnaire>
{
  ""questions"": {
    ""Date"": ""What is the date of the session? [Open-ended]"",
    ""SessionName"": ""What is the name of the session? [Open-ended]"",
    ""Identification"": ""Identification of self, role, and patient. [Rubric: 0 = Requires direct prompting, 1 = Introduces themselves but only after a hint, 2 = Introduces themselves but information is incomplete, 3 = Introduces themselves and information is complete]"",
    ""Situation"": ""Identifies the main problem(s). [Rubric: 0 = Unable to identify the main problem(s), 1 = Identifies the main problem(s) after extended prompting, 2 = Identifies the main problem(s) with fewer prompts needed, 3 = Identifies and prioritizes the main problem(s) unprompted]"",
    ""Background (history)"": ""Gives appropriate history. [Rubric: 0 = History is unstructured or non-relevant, 1 = Relevant history but frequent clarification needed, 2 = Relevant history with few further questions needed, 3 = Comprehensive focused history]"",
    ""Background (examination)"": ""Gives appropriate examination/observations. [Rubric: 0 = Observations are omitted or irrelevant, 1 = Observations reported but frequent clarification needed, 2 = Observations reported with few further questions needed, 3 = Comprehensive focused examination/observations]"",
    ""Assessment"": ""Makes logical assessment (correlates problem, history, exam, context). [Rubric: 0 = No logical assessment, 1 = Assessment only after extended questioning, 2 = Assessment after minimal questioning, 3 = Comprehensive logical assessment without questioning]"",
    ""Recommendation (clear recommendation)"": ""Makes a clear recommendation. [Rubric: 0 = No recommendation, 1 = Clear recommendation only after extended questioning, 2 = Clear recommendation after minimal questioning, 3 = Clear comprehensive recommendation without questioning]"",
    ""Recommendation (global rating scale)"": ""Global Rating Scale (GRS) - How confident am I that I received an accurate picture of the patient? [Rubric: 0 = Not at all confident, 1 = Confident but required extended questioning, 2 = Confident but required some further questioning, 3 = Confident and required little or no questioning]"",
    ""Comments"": ""Comments on the session. [Open-ended]""
  },
  ""responses"": [
    {
      ""respondent"": ""14"",
      ""answers"": {
        ""Date"": ""2025-05-02"",
        ""SessionName"": ""V (Hypoglycemia)"",
        ""Identification"": 3,
        ""Situation"": 2,
        ""Background (history)"": 2,
        ""Background (examination)"": 2,
        ""Assessment"": 3,
        ""Recommendation (clear recommendation)"": 2,
        ""Recommendation (global rating scale)"": 3,
        ""Comments"": ""Satisfactory""
      }
    },
    {
      ""respondent"": ""17"",
      ""answers"": {
        ""Date"": ""2025-05-04"",
        ""SessionName"": ""IV - VT"",
        ""Identification"": 3,
        ""Situation"": 3,
        ""Background (history)"": 2,
        ""Background (examination)"": 2,
        ""Assessment"": 3,
        ""Recommendation (clear recommendation)"": 2,
        ""Recommendation (global rating scale)"": 2,
        ""Comments"": ""Not very concise or clear communication\nSatisfactory""
      }
    },
    {
      ""respondent"": ""5"",
      ""answers"": {
        ""Date"": ""2025-03-14"",
        ""SessionName"": ""(MI)-VT"",
        ""Identification"": 0,
        ""Situation"": 2,
        ""Background (history)"": 2,
        ""Background (examination)"": 2,
        ""Assessment"": 2,
        ""Recommendation (clear recommendation)"": 2,
        ""Recommendation (global rating scale)"": 2,
        ""Comments"": ""Time: (15:53-16:14)""
      }
    }
  ]
}
</questionnaire>

<role>
You are a meticulous data analyst AI. Your primary function is to accurately analyze structured data and provide precise, verifiable answers.
</role>

<output>
Provide your final answer directly and concisely. Output must be the human-readable value, not an option code.

Rules:
- For MCQ fields, map any letter codes in the Responses (case-insensitive) to the corresponding option text from the Questions schema, and output only that text. Do NOT include the letter or both.
  Example: If the schema is ""[MCQ: A. Abnormal B. Inconclusive C. Normal]"" and the response is ""a"", output ""Abnormal"".
- For open-ended fields, output the exact text value.
- If the question asks for a count, provide only the number (e.g., ""42"").
- If the question asks for a list of names or IDs, provide a simple comma-separated list (e.g., ""17, 21, 23"").
- Preserve capitalization exactly as in the schema (e.g., output ""Abnormal"", not ""abnormal"" or ""A"").
</output>

<task>
What is the identification score for respondent 14?
</task>",,
case_50,answer_lookup,What is the date for respondent 16?,"{
  ""questions"": {
    ""Date"": ""What is the date of the session? [Open-ended]"",
    ""SessionName"": ""What is the name of the session? [Open-ended]"",
    ""Identification"": ""Identification of self, role, and patient. [Rubric: 0 = Requires direct prompting, 1 = Introduces themselves but only after a hint, 2 = Introduces themselves but information is incomplete, 3 = Introduces themselves and information is complete]"",
    ""Situation"": ""Identifies the main problem(s). [Rubric: 0 = Unable to identify the main problem(s), 1 = Identifies the main problem(s) after extended prompting, 2 = Identifies the main problem(s) with fewer prompts needed, 3 = Identifies and prioritizes the main problem(s) unprompted]"",
    ""Background (history)"": ""Gives appropriate history. [Rubric: 0 = History is unstructured or non-relevant, 1 = Relevant history but frequent clarification needed, 2 = Relevant history with few further questions needed, 3 = Comprehensive focused history]"",
    ""Background (examination)"": ""Gives appropriate examination/observations. [Rubric: 0 = Observations are omitted or irrelevant, 1 = Observations reported but frequent clarification needed, 2 = Observations reported with few further questions needed, 3 = Comprehensive focused examination/observations]"",
    ""Assessment"": ""Makes logical assessment (correlates problem, history, exam, context). [Rubric: 0 = No logical assessment, 1 = Assessment only after extended questioning, 2 = Assessment after minimal questioning, 3 = Comprehensive logical assessment without questioning]"",
    ""Recommendation (clear recommendation)"": ""Makes a clear recommendation. [Rubric: 0 = No recommendation, 1 = Clear recommendation only after extended questioning, 2 = Clear recommendation after minimal questioning, 3 = Clear comprehensive recommendation without questioning]"",
    ""Recommendation (global rating scale)"": ""Global Rating Scale (GRS) - How confident am I that I received an accurate picture of the patient? [Rubric: 0 = Not at all confident, 1 = Confident but required extended questioning, 2 = Confident but required some further questioning, 3 = Confident and required little or no questioning]"",
    ""Comments"": ""Comments on the session. [Open-ended]""
  },
  ""responses"": [
    {
      ""respondent"": ""16"",
      ""answers"": {
        ""Date"": ""2025-05-04"",
        ""SessionName"": ""II - Anaphylaxsis"",
        ""Identification"": 3,
        ""Situation"": 3,
        ""Background (history)"": 3,
        ""Background (examination)"": 3,
        ""Assessment"": 3,
        ""Recommendation (clear recommendation)"": 2,
        ""Recommendation (global rating scale)"": 3,
        ""Comments"": ""Good clear and precise clinical handover\nGood""
      }
    },
    {
      ""respondent"": ""17"",
      ""answers"": {
        ""Date"": ""2025-05-04"",
        ""SessionName"": ""IV - VT"",
        ""Identification"": 3,
        ""Situation"": 3,
        ""Background (history)"": 2,
        ""Background (examination)"": 2,
        ""Assessment"": 3,
        ""Recommendation (clear recommendation)"": 2,
        ""Recommendation (global rating scale)"": 2,
        ""Comments"": ""Not very concise or clear communication\nSatisfactory""
      }
    },
    {
      ""respondent"": ""20"",
      ""answers"": {
        ""Date"": ""2025-05-16"",
        ""SessionName"": ""III (Sepsis)"",
        ""Identification"": 3,
        ""Situation"": 3,
        ""Background (history)"": 3,
        ""Background (examination)"": 2,
        ""Assessment"": 2,
        ""Recommendation (clear recommendation)"": 2,
        ""Recommendation (global rating scale)"": 2,
        ""Comments"": ""Clinical handover and communication skills, satisfactory\nNo panic, no arrest team\nSatisfactory""
      }
    }
  ]
}",2025-05-04,"<example>
What is the session name for respondent 21?

DATA:

{
  ""questions"": {
    ""Date"": ""What is the date of the session? [Open-ended]"",
    ""SessionName"": ""What is the name of the session? [Open-ended]"",
    ""Identification"": ""Identification of self, role, and patient. [Rubric: 0 = Requires direct prompting, 1 = Introduces themselves but only after a hint, 2 = Introduces themselves but information is incomplete, 3 = Introduces themselves and information is complete]"",
    ""Situation"": ""Identifies the main problem(s). [Rubric: 0 = Unable to identify the main problem(s), 1 = Identifies the main problem(s) after extended prompting, 2 = Identifies the main problem(s) with fewer prompts needed, 3 = Identifies and prioritizes the main problem(s) unprompted]"",
    ""Background (history)"": ""Gives appropriate history. [Rubric: 0 = History is unstructured or non-relevant, 1 = Relevant history but frequent clarification needed, 2 = Relevant history with few further questions needed, 3 = Comprehensive focused history]"",
    ""Background (examination)"": ""Gives appropriate examination/observations. [Rubric: 0 = Observations are omitted or irrelevant, 1 = Observations reported but frequent clarification needed, 2 = Observations reported with few further questions needed, 3 = Comprehensive focused examination/observations]"",
    ""Assessment"": ""Makes logical assessment (correlates problem, history, exam, context). [Rubric: 0 = No logical assessment, 1 = Assessment only after extended questioning, 2 = Assessment after minimal questioning, 3 = Comprehensive logical assessment without questioning]"",
    ""Recommendation (clear recommendation)"": ""Makes a clear recommendation. [Rubric: 0 = No recommendation, 1 = Clear recommendation only after extended questioning, 2 = Clear recommendation after minimal questioning, 3 = Clear comprehensive recommendation without questioning]"",
    ""Recommendation (global rating scale)"": ""Global Rating Scale (GRS) - How confident am I that I received an accurate picture of the patient? [Rubric: 0 = Not at all confident, 1 = Confident but required extended questioning, 2 = Confident but required some further questioning, 3 = Confident and required little or no questioning]"",
    ""Comments"": ""Comments on the session. [Open-ended]""
  },
  ""responses"": [
    {
      ""respondent"": ""21"",
      ""answers"": {
        ""Date"": ""2025-05-16"",
        ""SessionName"": ""II (Anaphylaxsis)"",
        ""Identification"": 3,
        ""Situation"": 3,
        ""Background (history)"": 2,
        ""Background (examination)"": 2,
        ""Assessment"": 2,
        ""Recommendation (clear recommendation)"": 3,
        ""Recommendation (global rating scale)"": 2,
        ""Comments"": ""Overall a bit unclear communication reflected""
      }
    },
    {
      ""respondent"": ""17"",
      ""answers"": {
        ""Date"": ""2025-05-04"",
        ""SessionName"": ""IV - VT"",
        ""Identification"": 3,
        ""Situation"": 3,
        ""Background (history)"": 2,
        ""Background (examination)"": 2,
        ""Assessment"": 3,
        ""Recommendation (clear recommendation)"": 2,
        ""Recommendation (global rating scale)"": 2,
        ""Comments"": ""Not very concise or clear communication\nSatisfactory""
      }
    },
    {
      ""respondent"": ""23"",
      ""answers"": {
        ""Date"": ""2025-05-16"",
        ""SessionName"": ""I (Myocardial infarction)"",
        ""Identification"": 3,
        ""Situation"": 2,
        ""Background (history)"": 3,
        ""Background (examination)"": 1,
        ""Assessment"": 2,
        ""Recommendation (clear recommendation)"": 3,
        ""Recommendation (global rating scale)"": 3,
        ""Comments"": ""Diagnostic clarity is present\nGood and early assessment of condition is done""
      }
    }
  ]
}

Answer: II (Anaphylaxsis)
</example>

<questionnaire>
{
  ""questions"": {
    ""Date"": ""What is the date of the session? [Open-ended]"",
    ""SessionName"": ""What is the name of the session? [Open-ended]"",
    ""Identification"": ""Identification of self, role, and patient. [Rubric: 0 = Requires direct prompting, 1 = Introduces themselves but only after a hint, 2 = Introduces themselves but information is incomplete, 3 = Introduces themselves and information is complete]"",
    ""Situation"": ""Identifies the main problem(s). [Rubric: 0 = Unable to identify the main problem(s), 1 = Identifies the main problem(s) after extended prompting, 2 = Identifies the main problem(s) with fewer prompts needed, 3 = Identifies and prioritizes the main problem(s) unprompted]"",
    ""Background (history)"": ""Gives appropriate history. [Rubric: 0 = History is unstructured or non-relevant, 1 = Relevant history but frequent clarification needed, 2 = Relevant history with few further questions needed, 3 = Comprehensive focused history]"",
    ""Background (examination)"": ""Gives appropriate examination/observations. [Rubric: 0 = Observations are omitted or irrelevant, 1 = Observations reported but frequent clarification needed, 2 = Observations reported with few further questions needed, 3 = Comprehensive focused examination/observations]"",
    ""Assessment"": ""Makes logical assessment (correlates problem, history, exam, context). [Rubric: 0 = No logical assessment, 1 = Assessment only after extended questioning, 2 = Assessment after minimal questioning, 3 = Comprehensive logical assessment without questioning]"",
    ""Recommendation (clear recommendation)"": ""Makes a clear recommendation. [Rubric: 0 = No recommendation, 1 = Clear recommendation only after extended questioning, 2 = Clear recommendation after minimal questioning, 3 = Clear comprehensive recommendation without questioning]"",
    ""Recommendation (global rating scale)"": ""Global Rating Scale (GRS) - How confident am I that I received an accurate picture of the patient? [Rubric: 0 = Not at all confident, 1 = Confident but required extended questioning, 2 = Confident but required some further questioning, 3 = Confident and required little or no questioning]"",
    ""Comments"": ""Comments on the session. [Open-ended]""
  },
  ""responses"": [
    {
      ""respondent"": ""16"",
      ""answers"": {
        ""Date"": ""2025-05-04"",
        ""SessionName"": ""II - Anaphylaxsis"",
        ""Identification"": 3,
        ""Situation"": 3,
        ""Background (history)"": 3,
        ""Background (examination)"": 3,
        ""Assessment"": 3,
        ""Recommendation (clear recommendation)"": 2,
        ""Recommendation (global rating scale)"": 3,
        ""Comments"": ""Good clear and precise clinical handover\nGood""
      }
    },
    {
      ""respondent"": ""17"",
      ""answers"": {
        ""Date"": ""2025-05-04"",
        ""SessionName"": ""IV - VT"",
        ""Identification"": 3,
        ""Situation"": 3,
        ""Background (history)"": 2,
        ""Background (examination)"": 2,
        ""Assessment"": 3,
        ""Recommendation (clear recommendation)"": 2,
        ""Recommendation (global rating scale)"": 2,
        ""Comments"": ""Not very concise or clear communication\nSatisfactory""
      }
    },
    {
      ""respondent"": ""20"",
      ""answers"": {
        ""Date"": ""2025-05-16"",
        ""SessionName"": ""III (Sepsis)"",
        ""Identification"": 3,
        ""Situation"": 3,
        ""Background (history)"": 3,
        ""Background (examination)"": 2,
        ""Assessment"": 2,
        ""Recommendation (clear recommendation)"": 2,
        ""Recommendation (global rating scale)"": 2,
        ""Comments"": ""Clinical handover and communication skills, satisfactory\nNo panic, no arrest team\nSatisfactory""
      }
    }
  ]
}
</questionnaire>

<role>
You are a meticulous data analyst AI. Your primary function is to accurately analyze structured data and provide precise, verifiable answers.
</role>

<output>
Provide your final answer directly and concisely. Output must be the human-readable value, not an option code.

Rules:
- For MCQ fields, map any letter codes in the Responses (case-insensitive) to the corresponding option text from the Questions schema, and output only that text. Do NOT include the letter or both.
  Example: If the schema is ""[MCQ: A. Abnormal B. Inconclusive C. Normal]"" and the response is ""a"", output ""Abnormal"".
- For open-ended fields, output the exact text value.
- If the question asks for a count, provide only the number (e.g., ""42"").
- If the question asks for a list of names or IDs, provide a simple comma-separated list (e.g., ""17, 21, 23"").
- Preserve capitalization exactly as in the schema (e.g., output ""Abnormal"", not ""abnormal"" or ""A"").
</output>

<task>
What is the date for respondent 16?
</task>",,
